18
-0.5812 0.033741 -0.81063 0.062743 20.755 -2.3645 -0.15487
17.644 -0.96259 0.28335 74 53 24
17.106 -3.1561 -0.18168 50 36 10
19.845 -2.6096 -0.35557 76 54 30
19.85 -2.6323 -0.37744 67 46 27
19.847 -2.6116 -0.36445 77 53 25
19.853 -2.6151 -0.38284 13 7 11
19.842 -2.624 -0.37223 74 54 29
19.845 -2.6255 -0.38089 33 26 10
19.841 -2.6158 -0.37479 45 30 23
19.813 -2.6298 -0.37041 76 53 22
19.838 -2.6023 -0.39041 9 10 5
19.844 -2.6041 -0.36763 66 44 21
19.851 -2.6184 -0.37593 45 28 10
19.852 -2.6132 -0.35791 75 52 21
19.845 -2.6176 -0.3684 71 54 28
19.857 -2.625 -0.37218 75 55 21
19.854 -2.6043 -0.35982 75 57 7
19.829 -2.608 -0.38863 13 13 13
