842
0.028273 0.54535 0.083493 0.83356 13.624 5.5844 -0.32247
16.054 6.2504 -0.052966 67 46 17
16.057 6.2384 -0.079301 65 45 8
17.873 6.0337 0.16538 44 31 12
17.893 5.9602 0.14264 40 22 12
16.03 6.3169 -0.19992 56 40 25
16.065 6.2557 -0.12258 67 43 17
15.941 6.2627 -0.18796 34 21 3
16.096 6.2382 -0.17568 62 36 19
16.096 6.2251 -0.20126 60 38 15
16.037 6.2428 -0.17289 59 37 24
16.066 6.2356 -0.12715 64 40 14
16.107 6.2334 -0.15371 61 39 2
16.003 6.231 -0.107 64 42 19
16.127 6.2256 -0.1788 61 39 16
16.045 6.2375 -0.15089 60 38 1
17.606 6.0299 -0.053068 59 41 19
17.819 6.0658 0.04835 60 39 12
17.857 6.008 -0.0070094 53 37 24
17.626 5.9852 -0.14338 50 35 14
15.308 4.6829 -0.23924 64 44 19
15.488 4.5873 -0.22867 50 30 5
15.455 4.6085 -0.24686 59 42 22
15.447 4.6298 -0.22737 71 51 26
15.998 6.3251 -0.3109 59 43 20
16.009 6.2883 -0.3227 47 37 12
15.994 6.3114 -0.33867 51 35 9
16.051 6.3105 -0.22713 49 36 2
16.047 6.32 -0.31657 52 40 16
15.986 6.2737 -0.30176 41 24 14
15.954 6.2615 -0.23337 34 22 0
15.997 6.3017 -0.24711 53 40 22
15.952 6.2685 -0.25641 34 27 0
16.033 6.2393 -0.29036 47 27 16
16.042 6.2339 -0.26939 52 28 16
16.095 6.2274 -0.27424 54 29 9
15.927 6.2295 -0.28669 41 22 8
16.045 6.2374 -0.34094 52 24 11
15.964 6.2352 -0.33366 40 23 5
15.943 6.2268 -0.26626 47 27 20
16.09 6.2419 -0.31869 54 28 13
16.012 6.2105 -0.22671 51 34 8
16.063 6.2319 -0.24675 54 33 6
16.076 6.2304 -0.29749 49 24 19
16.088 6.2203 -0.32415 52 30 9
16.083 6.2191 -0.32467 52 30 9
16.061 6.2056 -0.30255 55 30 7
16.182 6.2531 -0.34867 51 27 0
17.755 6.099 -0.316 67 42 22
17.735 6.0355 -0.37713 59 42 16
15.763 6.2607 -0.39473 56 41 22
16.038 6.3567 -0.42798 67 45 22
16.029 6.3022 -0.34528 48 36 12
15.975 6.3042 -0.45835 48 36 14
16.109 6.3214 -0.39826 48 32 6
15.932 6.2562 -0.424 45 30 0
16.02 6.3022 -0.41503 49 36 4
16.041 6.3373 -0.43321 60 44 19
16.045 6.3179 -0.43889 51 36 3
15.987 6.3047 -0.38653 50 35 14
15.951 6.3009 -0.40628 53 40 21
15.962 6.2696 -0.37262 41 30 0
15.969 6.2823 -0.46214 48 34 5
16.005 6.3026 -0.36577 53 36 16
15.937 6.2303 -0.40221 37 24 8
16.057 6.2278 -0.36896 51 27 1
15.901 6.2154 -0.44899 37 19 7
16.052 6.2342 -0.39083 53 27 4
15.921 6.2481 -0.46539 38 28 18
16.015 6.227 -0.46237 43 25 1
16.013 6.2596 -0.42783 34 18 1
16.071 6.2841 -0.4531 33 22 0
15.954 6.2378 -0.47342 28 20 7
15.996 6.2673 -0.39978 37 27 18
16.041 6.239 -0.41255 47 28 12
16.107 6.236 -0.42213 49 25 13
16.116 6.2249 -0.45125 45 23 0
16.071 6.2342 -0.44267 48 26 11
16.106 6.2276 -0.39836 47 26 0
16.108 6.2363 -0.42169 49 25 13
16.031 6.2107 -0.4696 48 24 0
16.147 6.2411 -0.47578 48 27 8
17.848 6.365 -0.46171 51 28 10
17.733 5.9104 -0.62398 37 26 6
15.909 6.329 -0.58135 57 44 26
15.925 6.3157 -0.47034 56 44 20
15.924 6.3143 -0.59007 50 37 19
15.98 6.3289 -0.52405 52 41 11
15.923 6.3184 -0.54066 54 41 22
15.962 6.3108 -0.54916 55 40 21
15.991 6.3155 -0.604 46 32 23
16.013 6.319 -0.53196 52 37 14
15.983 6.2972 -0.55713 49 34 15
15.924 6.3186 -0.54055 54 41 22
15.999 6.3102 -0.58244 50 34 17
15.938 6.3113 -0.57037 57 40 22
16.029 6.3365 -0.50511 50 39 20
16.068 6.3152 -0.54315 41 32 1
15.902 6.3192 -0.55952 57 45 23
15.896 6.2095 -0.4975 26 12 0
15.942 6.2252 -0.57247 25 13 0
15.9 6.245 -0.53385 33 27 3
15.96 6.2349 -0.52394 30 16 3
15.907 6.2078 -0.5469 31 12 0
15.963 6.259 -0.59189 22 15 0
16.002 6.2312 -0.48268 46 20 3
15.994 6.2473 -0.59988 28 18 6
16.006 6.2838 -0.56546 39 34 15
16.028 6.2985 -0.59126 35 24 4
15.982 6.2568 -0.57214 37 25 13
15.999 6.2537 -0.5488 26 16 4
16.045 6.2717 -0.50289 27 19 6
16.099 6.2234 -0.52592 48 26 15
16.077 6.2203 -0.60078 49 28 11
16.063 6.2085 -0.5749 45 23 0
16.068 6.2231 -0.54631 49 24 1
16.032 6.2189 -0.49213 49 31 21
16.004 6.2297 -0.60844 28 12 0
16.052 6.2215 -0.61945 45 25 14
16.009 6.2206 -0.51289 42 24 4
16.068 6.2445 -0.54111 37 21 6
16.083 6.2353 -0.57197 44 26 4
16.063 6.1955 -0.60576 47 25 14
16.093 6.2163 -0.57776 45 23 0
16.012 6.2239 -0.58641 41 23 1
15.301 5.9578 -0.53008 57 37 26
15.405 5.9602 -0.53324 61 41 16
17.623 5.9637 -0.68346 50 36 0
17.673 5.9691 -0.81871 46 31 2
15.907 6.336 -0.60258 54 41 22
15.88 6.3304 -0.6687 58 43 20
15.894 6.3427 -0.69224 61 44 26
15.893 6.3002 -0.63483 54 40 11
15.98 6.3154 -0.67464 53 41 3
15.93 6.3241 -0.61218 54 38 21
15.99 6.3231 -0.625 46 38 0
15.947 6.325 -0.66418 57 43 14
15.93 6.3393 -0.65461 59 47 9
15.958 6.3285 -0.6661 57 43 14
15.946 6.3327 -0.68662 61 45 32
15.944 6.3195 -0.71356 57 44 10
16.001 6.3139 -0.65478 50 33 13
15.899 6.3213 -0.62857 57 44 8
15.855 6.3177 -0.7132 58 44 8
15.881 6.3192 -0.69879 57 42 21
15.915 6.3026 -0.68744 56 44 22
15.942 6.311 -0.69123 56 44 22
15.949 6.3211 -0.71445 57 44 10
15.921 6.2419 -0.63619 30 22 1
15.985 6.2931 -0.60732 31 21 11
15.981 6.2627 -0.72055 38 25 7
16.004 6.2582 -0.62421 31 19 3
15.995 6.2741 -0.7423 37 26 0
15.979 6.2382 -0.64967 29 14 9
16.057 6.3102 -0.67004 38 25 7
16.009 6.2993 -0.73971 45 34 15
16.062 6.3073 -0.72606 37 31 9
16.025 6.1962 -0.69981 44 24 0
16.051 6.2319 -0.71871 38 23 2
15.996 6.2253 -0.7351 30 13 5
15.932 6.2178 -0.6235 26 19 3
15.837 6.1862 -0.65611 24 16 0
16.07 6.2158 -0.72937 43 23 12
16.005 6.2485 -0.72884 29 21 10
16.05 6.2183 -0.74926 45 22 4
16.03 6.2316 -0.66354 36 21 2
16.059 6.2262 -0.69734 42 18 4
15.927 6.2188 -0.69314 26 12 0
16.031 6.224 -0.64123 37 20 3
15.236 5.9288 -0.52641 65 37 24
16.12 6.2154 -0.77152 51 18 21
16.109 6.2097 -0.68849 49 24 2
15.812 6.3259 -0.7699 59 42 25
15.83 6.3248 -0.75445 59 45 9
15.94 6.3138 -0.76503 58 43 24
15.874 6.3038 -0.84651 57 44 10
15.877 6.3211 -0.76891 56 40 25
15.942 6.3068 -0.74341 53 38 9
15.859 6.3229 -0.78777 57 40 20
15.896 6.2957 -0.80798 57 40 22
15.873 6.3426 -0.83307 57 44 26
15.898 6.3236 -0.8226 56 41 20
15.858 6.3071 -0.74268 58 42 25
15.925 6.3169 -0.784 59 40 23
15.826 6.3187 -0.7988 59 42 22
15.872 6.303 -0.84538 57 44 10
15.902 6.3324 -0.84489 59 44 11
15.887 6.3359 -0.74027 56 40 17
15.96 6.3238 -0.8441 58 42 9
15.967 6.326 -0.8459 58 42 9
15.909 6.316 -0.73076 56 42 6
15.891 6.3137 -0.80076 59 39 12
15.956 6.2504 -0.76767 37 28 11
15.971 6.303 -0.77603 51 40 12
16.02 6.2974 -0.79316 50 35 2
15.942 6.3018 -0.79279 54 38 13
16.039 6.3162 -0.76775 46 38 2
15.943 6.2897 -0.82243 52 36 1
15.985 6.2823 -0.84103 46 32 5
15.961 6.3034 -0.85065 50 39 7
16.03 6.3035 -0.87242 48 32 19
15.969 6.262 -0.79296 40 24 9
15.937 6.217 -0.74947 26 11 4
16.005 6.2546 -0.8841 37 20 13
16.05 6.2346 -0.79806 34 14 5
15.991 6.2421 -0.85506 31 20 16
16.032 6.2243 -0.84799 30 18 6
16.012 6.2585 -0.7538 37 28 13
15.924 6.2362 -0.81258 37 24 15
15.968 6.2568 -0.84519 37 26 4
16.025 6.2572 -0.80985 34 22 10
15.92 6.2021 -0.84802 29 15 4
15.971 6.234 -0.77585 36 26 1
15.858 6.1898 -0.78126 29 17 5
15.947 6.2224 -0.8241 32 21 0
16.025 6.22 -0.77053 38 21 3
15.935 6.2136 -0.87248 31 24 0
16.034 6.284 -0.88332 44 30 1
16.053 6.2165 -0.88446 32 15 0
16.079 6.2018 -0.89989 41 20 1
17.597 5.8735 -1.19 41 27 0
15.788 6.3212 -0.83581 59 43 28
15.761 6.33 -0.9394 57 44 10
15.777 6.3248 -0.85284 61 46 23
15.755 6.3205 -0.91749 56 43 11
15.883 6.314 -0.86976 60 43 26
15.903 6.3164 -0.92775 52 39 7
15.802 6.322 -0.88782 58 41 23
15.818 6.3157 -0.91965 59 44 13
15.833 6.3251 -0.87404 58 39 22
15.896 6.3262 -0.8957 54 41 22
15.85 6.3068 -0.93497 56 39 29
15.848 6.314 -0.95778 55 42 23
15.827 6.3265 -0.94481 59 42 22
15.827 6.3382 -0.91632 60 43 13
15.857 6.3214 -0.90931 56 41 10
15.836 6.3185 -0.85321 58 46 22
15.799 6.3242 -0.9566 57 42 23
16.001 6.2902 -0.92134 48 37 15
15.967 6.304 -0.98421 58 43 24
15.91 6.2953 -0.86194 54 38 21
16.04 6.2937 -0.9078 42 32 7
15.977 6.312 -0.93218 58 41 13
15.911 6.2988 -0.93705 55 40 21
15.995 6.2961 -0.94283 47 38 0
16.011 6.2963 -1.0032 52 36 21
15.91 6.3063 -0.95915 55 38 20
15.968 6.2912 -1.0134 51 39 13
15.934 6.3181 -0.91097 54 41 7
15.957 6.2898 -0.88038 48 36 20
15.988 6.2943 -0.94167 47 38 0
15.971 6.2978 -0.96374 54 36 22
15.968 6.3011 -0.9066 55 40 21
15.915 6.2956 -0.99104 53 41 17
15.928 6.3088 -0.88923 57 42 19
15.892 6.3084 -0.97759 54 39 20
16.005 6.2439 -0.99275 35 25 0
15.935 6.201 -0.9035 27 15 15
15.993 6.2376 -0.91009 31 18 10
16.028 6.2849 -0.95841 43 29 2
16.018 6.2903 -0.98149 49 34 5
15.959 6.2361 -0.92548 31 26 7
15.943 6.2346 -1 34 27 7
15.939 6.2098 -0.92773 27 14 8
15.975 6.2275 -0.96055 32 21 2
15.936 6.2114 -1.0032 27 22 0
15.946 6.248 -0.96774 42 27 20
15.938 6.2381 -0.94345 40 25 6
15.991 6.2664 -0.92769 46 30 5
16.008 6.2746 -1.0119 44 32 6
15.995 6.2383 -0.91074 31 18 10
16.038 6.2203 -0.90345 27 9 7
16.022 6.211 -0.95637 21 16 0
15.992 6.2113 -0.97339 27 19 0
15.93 6.2027 -0.98187 27 19 6
16.015 6.2117 -1.0354 24 9 4
16.108 6.2113 -0.98638 43 22 3
16.039 6.1995 -0.91373 40 15 8
16.063 6.1919 -0.95124 48 20 9
16.014 6.2088 -0.95441 21 16 0
16.066 6.1866 -1.0076 42 19 3
16.101 6.2043 -1.0456 39 16 8
16.084 6.1894 -0.93366 44 19 0
16.092 6.2098 -1.0659 33 13 4
16.036 6.207 -0.93783 40 20 9
16.042 6.2027 -0.99374 31 14 7
16.039 6.2101 -1.0182 27 14 0
16.498 6.2787 -1.17 40 19 2
15.694 6.3143 -0.94389 55 41 30
15.759 6.3404 -1.0317 59 44 25
15.828 6.3223 -0.99516 57 42 11
15.813 6.3255 -1.0152 53 40 21
15.774 6.3384 -1.0152 57 40 10
15.844 6.3196 -1.1052 58 41 0
15.796 6.3152 -1.0584 56 41 20
15.792 6.3218 -1.0808 57 41 8
15.818 6.3421 -1.0587 60 45 24
15.785 6.3233 -1.0265 55 39 13
15.699 6.3082 -1.0402 58 41 31
15.757 6.3251 -0.99031 56 40 23
15.861 6.3218 -1.0366 56 39 22
15.964 6.3643 -1.093 56 41 22
15.84 6.3071 -1.0067 58 43 14
15.792 6.3293 -0.97731 53 42 22
15.816 6.311 -0.97062 63 41 28
16.01 6.3208 -1.0756 54 35 19
15.915 6.3192 -1.0598 58 43 12
15.992 6.3104 -1.1264 57 44 25
15.976 6.2967 -1.095 52 41 11
15.898 6.3187 -1.0036 54 41 23
15.884 6.3175 -1.0749 55 42 10
15.929 6.303 -1.0721 54 39 8
15.961 6.2975 -1.0366 56 42 3
15.839 6.2792 -0.99093 54 38 23
15.873 6.298 -1.0243 52 41 11
15.883 6.3122 -1.1261 54 39 8
15.831 6.3072 -1.0776 55 44 12
15.908 6.2328 -1.0143 43 31 7
16.005 6.2713 -1.1461 49 33 16
16.019 6.2942 -1.0632 46 36 11
16.073 6.2661 -1.0955 33 23 13
15.915 6.2347 -1.0159 43 31 7
15.956 6.2361 -1.1389 42 30 6
16.111 6.3079 -1.1248 45 36 3
15.967 6.2863 -1.0701 54 38 21
16.04 6.2954 -1.127 52 36 13
15.955 6.2488 -1.106 42 33 16
16.002 6.2805 -1.0321 46 36 11
15.965 6.2464 -1.1641 42 28 0
16 6.2669 -1.0643 41 30 0
16.013 6.2409 -1.0512 34 25 6
15.932 6.2706 -1.1119 54 38 21
15.972 6.2909 -1.1507 56 38 24
16.077 6.1923 -1.0961 45 16 10
16.083 6.202 -1.1229 40 21 15
15.995 6.209 -1.1097 27 18 0
15.983 6.2005 -1.1631 29 16 0
16.049 6.1957 -1.1949 28 19 4
16.029 6.2483 -1.1388 38 24 13
15.926 6.1984 -1.1102 30 22 0
16.039 6.2044 -1.075 18 15 0
16.048 6.2154 -1.1044 24 11 0
15.949 6.2047 -1.1184 30 22 0
15.962 6.2162 -1.1474 33 25 14
16.024 6.2032 -1.1529 27 9 9
15.891 6.1943 -1.0445 32 22 12
15.975 6.2252 -1.0957 34 25 8
16.053 6.2024 -1.1377 33 16 6
16.081 6.1953 -1.1804 38 20 20
16.007 6.1606 -1.1048 41 15 1
16.083 6.1879 -1.1573 38 19 5
16.026 6.1712 -1.0548 38 24 0
15.709 6.3332 -1.1052 59 41 29
15.689 6.3345 -1.1231 70 50 25
15.829 6.3224 -1.1231 54 41 22
15.83 6.3227 -1.1237 54 41 22
15.791 6.332 -1.1738 55 42 10
15.776 6.3122 -1.1265 58 43 22
15.784 6.3107 -1.1803 54 40 11
15.675 6.3258 -1.1663 63 47 24
15.796 6.3231 -1.2097 54 42 20
15.686 6.3218 -1.1481 64 46 26
15.754 6.3239 -1.1114 57 42 13
15.76 6.3145 -1.1428 58 40 16
15.725 6.3172 -1.1717 58 43 22
15.786 6.3158 -1.1303 57 42 21
15.731 6.3306 -1.1445 57 42 23
15.779 6.3248 -1.0974 55 42 23
15.739 6.3254 -1.124 60 45 26
15.744 6.3206 -1.1087 57 42 13
15.721 6.3308 -1.0911 63 43 16
15.725 6.3247 -1.0702 57 42 23
15.893 6.3028 -1.1605 55 41 14
15.831 6.3184 -1.1753 53 40 21
15.918 6.3147 -1.2502 49 36 17
15.935 6.2962 -1.1867 53 39 13
15.863 6.31 -1.1992 56 43 11
15.835 6.3085 -1.2103 55 41 14
15.83 6.2936 -1.2355 56 39 22
15.936 6.3092 -1.1555 55 39 13
15.83 6.3028 -1.13 55 37 23
15.885 6.2867 -1.1852 56 40 14
15.83 6.3107 -1.1536 55 39 13
15.801 6.3048 -1.2188 56 42 15
15.954 6.3264 -1.2652 55 37 15
15.902 6.2975 -1.2783 54 38 23
15.819 6.2868 -1.1554 57 41 15
15.867 6.2905 -1.2063 52 39 23
15.983 6.2541 -1.251 42 29 21
15.977 6.2692 -1.2999 48 32 19
15.999 6.2728 -1.2267 49 34 11
15.926 6.2802 -1.2139 53 37 24
15.993 6.2844 -1.1918 53 39 13
16.005 6.2879 -1.1961 53 39 13
15.968 6.298 -1.1739 54 39 20
15.889 6.2191 -1.1901 45 29 6
16.056 6.2842 -1.3086 49 35 9
15.925 6.2874 -1.2354 48 36 22
16.005 6.2993 -1.3027 53 38 17
15.957 6.2521 -1.1852 44 33 3
15.968 6.25 -1.2458 42 29 21
15.935 6.2457 -1.1768 44 33 3
15.991 6.2786 -1.2486 49 32 22
15.908 6.2903 -1.253 54 41 23
15.961 6.2769 -1.2574 51 36 17
15.995 6.2005 -1.3074 23 14 5
15.977 6.225 -1.3142 33 24 5
16.018 6.243 -1.2769 36 23 14
15.936 6.2251 -1.1864 40 27 8
15.904 6.2191 -1.2552 46 29 9
15.971 6.2001 -1.2418 26 14 14
16.019 6.2046 -1.2353 28 19 2
16.027 6.1985 -1.2129 19 9 0
15.97 6.221 -1.2305 31 19 7
15.905 6.1902 -1.2382 30 18 2
15.951 6.2105 -1.2812 35 18 1
15.982 6.2483 -1.3082 39 26 20
15.806 6.1607 -1.1213 32 20 0
15.921 6.1997 -1.1881 32 19 13
16.098 6.2022 -1.2731 34 14 15
16.095 6.1929 -1.2451 39 25 0
15.91 6.1353 -1.2885 36 13 5
16.028 6.2005 -1.2946 22 14 0
16.104 6.1981 -1.3379 29 11 0
16.079 6.1829 -1.2995 39 20 4
16.104 6.2061 -1.3621 23 15 4
16.025 6.1919 -1.2697 26 13 5
15.716 6.3105 -1.2201 57 42 23
15.687 6.3224 -1.2711 53 43 8
15.703 6.332 -1.228 56 41 18
15.783 6.3297 -1.301 54 41 25
15.755 6.3318 -1.2594 56 42 16
15.754 6.3162 -1.2145 57 42 23
15.734 6.3195 -1.2982 54 39 16
15.793 6.3254 -1.2833 57 44 2
15.726 6.329 -1.2672 56 44 28
15.834 6.3111 -1.2848 54 40 14
15.881 6.3175 -1.2779 56 40 25
15.878 6.3047 -1.3107 51 37 26
15.909 6.3069 -1.3019 50 38 14
15.773 6.3109 -1.2527 53 39 13
15.841 6.2891 -1.3524 51 38 19
15.797 6.3069 -1.293 53 38 15
15.855 6.3058 -1.3259 55 40 17
15.814 6.3208 -1.3243 56 39 19
15.791 6.3088 -1.2355 54 38 23
15.949 6.2852 -1.3598 51 38 4
15.995 6.3051 -1.3255 54 38 25
15.977 6.3026 -1.3991 50 39 19
15.904 6.2842 -1.3074 51 36 17
15.991 6.3068 -1.4054 50 39 19
15.917 6.3055 -1.3645 51 39 17
15.879 6.2802 -1.3776 43 34 19
15.927 6.3005 -1.345 54 37 19
15.912 6.1865 -1.2974 20 11 0
15.869 6.1984 -1.3498 31 26 4
15.904 6.2 -1.3408 28 21 5
15.995 6.2602 -1.3378 44 31 15
15.913 6.195 -1.3233 29 17 3
15.962 6.2019 -1.4001 43 23 12
15.998 6.1953 -1.3671 34 23 4
16.048 6.2007 -1.3667 24 11 5
17.852 6.0566 0.14882 48 32 7
17.787 5.9879 0.085118 51 35 9
17.869 6.0337 0.10252 49 32 15
16.028 6.3101 -0.213 50 37 3
16.048 6.2318 -0.16461 60 38 1
16.003 6.2324 -0.14122 58 33 11
16.156 6.2397 -0.16289 59 37 14
16.018 6.229 -0.11897 62 38 24
16.098 6.2324 -0.18871 58 34 20
17.863 6.109 -0.00021846 59 38 21
17.37 5.9806 -0.055286 47 30 10
15.455 4.6136 -0.22131 70 50 25
15.404 4.6441 -0.23981 66 44 21
16.038 6.3237 -0.3044 52 38 11
16.087 6.315 -0.23936 44 33 1
16.061 6.318 -0.33106 52 36 13
16.044 6.3332 -0.32485 55 39 13
16.066 6.3117 -0.31063 46 34 10
16.036 6.231 -0.23538 56 31 9
16.025 6.2307 -0.30623 50 28 7
16.046 6.2286 -0.28366 53 33 8
16.09 6.2274 -0.31088 51 32 16
16.054 6.2256 -0.33224 53 27 12
15.983 6.2317 -0.27918 52 32 21
16.077 6.2215 -0.23954 55 31 5
16.14 6.2326 -0.2877 53 31 16
17.8 6.1303 -0.33462 72 47 27
17.691 6.1141 -0.21031 80 51 17
17.779 6.0152 -0.3649 52 35 9
17.832 6.0328 -0.27648 48 32 7
17.822 5.9549 -0.16964 33 20 11
17.805 5.9667 -0.33361 51 32 18
16.007 6.3246 -0.39537 56 43 24
16.025 6.3053 -0.45109 49 35 6
15.93 6.3038 -0.4621 56 41 20
16.01 6.2976 -0.37969 51 36 15
15.951 6.315 -0.41547 59 42 12
15.967 6.2771 -0.35777 46 35 7
16.057 6.2915 -0.38904 42 26 11
16.143 6.3459 -0.40492 52 40 18
16.028 6.3158 -0.35505 48 36 12
15.922 6.2545 -0.45145 38 27 7
16.071 6.332 -0.42613 49 37 15
16.031 6.2916 -0.40894 46 28 24
16.069 6.3397 -0.44983 54 39 8
15.919 6.234 -0.45765 33 20 2
15.993 6.2321 -0.39655 45 27 5
15.999 6.2292 -0.44739 48 26 3
15.93 6.2419 -0.41072 35 25 16
16.004 6.2712 -0.43691 35 22 4
15.978 6.2308 -0.46791 34 18 5
16.023 6.2483 -0.41948 38 21 1
15.998 6.2491 -0.44043 29 18 0
16.052 6.233 -0.35489 50 26 0
16.026 6.2287 -0.42637 47 27 2
16.056 6.221 -0.38346 49 27 12
16.013 6.2045 -0.43091 45 23 8
16.034 6.218 -0.45569 48 24 0
16.085 6.2367 -0.40704 50 29 2
16.064 6.2338 -0.47974 52 28 0
15.899 6.3165 -0.52308 54 41 22
15.944 6.3071 -0.58572 50 37 19
16.022 6.3283 -0.51917 50 39 9
16.001 6.317 -0.56719 52 41 13
15.965 6.3181 -0.53671 51 40 12
15.921 6.3191 -0.574 54 42 20
15.952 6.3217 -0.55694 56 41 22
16.004 6.3054 -0.59611 38 28 18
15.961 6.2539 -0.48321 31 23 10
15.952 6.2616 -0.57393 40 29 9
16.011 6.2837 -0.52963 45 33 9
15.958 6.236 -0.56063 28 16 0
15.948 6.2409 -0.58239 34 21 3
15.924 6.2385 -0.52929 34 24 0
15.937 6.2345 -0.50862 26 19 0
15.982 6.2196 -0.4968 42 28 15
16.008 6.2344 -0.52062 36 20 7
16.023 6.2511 -0.49184 28 21 1
16.013 6.2878 -0.60471 30 22 11
15.99 6.2856 -0.55167 35 29 5
15.984 6.2586 -0.60639 24 17 1
16.062 6.2864 -0.56584 34 27 0
16.023 6.2462 -0.54401 24 13 0
16.027 6.3046 -0.57681 47 32 13
15.991 6.2246 -0.56919 37 17 16
16.049 6.2065 -0.61318 46 29 1
16.037 6.2241 -0.60312 43 26 6
16.094 6.2101 -0.59502 46 24 0
15.993 6.2175 -0.54883 40 22 0
16.072 6.2259 -0.58651 49 27 3
15.999 6.2346 -0.59283 23 10 0
16.065 6.2158 -0.56099 45 23 0
16.029 6.2115 -0.50572 49 26 10
16.066 6.2292 -0.53151 46 23 5
15.324 5.9531 -0.53121 64 42 27
17.718 5.9985 -0.70834 49 30 14
17.653 5.9922 -0.82939 58 39 23
15.903 6.3126 -0.69346 56 42 29
15.903 6.3168 -0.64374 53 41 19
16.018 6.3177 -0.62083 48 31 3
15.899 6.3276 -0.61601 57 41 28
15.909 6.3231 -0.595 56 41 10
15.983 6.3305 -0.68411 53 41 19
15.887 6.304 -0.61935 46 43 12
15.97 6.3229 -0.60855 49 38 18
15.874 6.3299 -0.70266 60 43 25
15.931 6.3292 -0.7187 58 44 8
15.877 6.3234 -0.68277 58 45 26
15.922 6.3307 -0.66779 57 46 18
15.939 6.3007 -0.63266 50 42 4
15.907 6.3015 -0.72077 56 41 10
15.983 6.3226 -0.6608 52 40 2
15.991 6.24 -0.61353 29 13 0
15.934 6.2348 -0.70283 32 18 17
15.951 6.2677 -0.72239 40 27 9
15.913 6.226 -0.62823 23 13 1
15.969 6.2527 -0.73265 38 24 13
16.059 6.2249 -0.659 44 20 6
15.965 6.2128 -0.61888 39 22 5
16.043 6.2153 -0.71006 39 24 3
16.023 6.2179 -0.73009 38 19 13
15.981 6.2119 -0.6709 35 20 1
15.993 6.2386 -0.74144 30 22 11
16.071 6.2146 -0.69032 46 26 2
16.021 6.2357 -0.64713 36 18 6
15.989 6.2218 -0.69495 28 19 4
16.052 6.2521 -0.67427 27 13 2
16.078 6.2113 -0.74765 45 22 4
17.598 5.8499 -0.91429 38 18 9
15.903 6.3117 -0.81775 57 44 10
15.915 6.3077 -0.79682 60 42 22
15.83 6.3141 -0.81343 58 43 10
15.872 6.3136 -0.78346 57 42 21
15.887 6.3032 -0.74311 58 44 8
15.901 6.3183 -0.83769 55 43 19
15.816 6.3066 -0.74261 58 42 19
15.82 6.3156 -0.76588 59 41 29
15.849 6.3288 -0.84209 59 40 23
15.971 6.3171 -0.78389 56 39 19
15.867 6.3196 -0.80288 57 42 23
15.912 6.3187 -0.76751 59 40 23
15.834 6.3272 -0.78636 57 40 20
15.963 6.2897 -0.84312 53 36 28
16.027 6.2804 -0.84316 40 27 8
15.999 6.3105 -0.74655 52 38 12
15.949 6.3028 -0.75918 51 40 12
15.946 6.2488 -0.80249 38 25 16
15.933 6.3089 -0.85284 56 41 10
15.939 6.3027 -0.83036 55 39 13
15.99 6.2949 -0.7732 51 36 3
15.974 6.3054 -0.81395 57 41 16
15.958 6.2961 -0.86435 53 38 17
16.07 6.2982 -0.79861 42 30 6
16.003 6.2809 -0.8581 44 31 15
16.104 6.3196 -0.90777 47 34 16
15.981 6.215 -0.74793 33 16 0
16.066 6.2161 -0.76816 44 23 4
15.999 6.2091 -0.85703 33 16 0
15.905 6.217 -0.80048 29 20 5
16.03 6.236 -0.78035 30 17 0
16.047 6.2484 -0.80507 30 14 1
15.923 6.2169 -0.85563 33 26 0
15.974 6.2103 -0.87483 27 18 0
15.899 6.2203 -0.74943 30 22 0
15.941 6.2397 -0.77921 38 25 9
16.022 6.2363 -0.85378 28 17 0
15.916 6.2279 -0.8263 40 25 2
15.985 6.2182 -0.82293 32 13 6
16.054 6.2104 -0.90186 37 22 3
17.644 6.0805 -1.1093 33 21 9
15.868 6.3231 -0.87444 59 44 25
15.867 6.3149 -0.85125 55 41 28
15.889 6.3103 -0.88737 55 42 23
15.875 6.3206 -0.92572 56 39 29
15.841 6.3258 -0.83896 59 40 23
15.847 6.2887 -0.85325 55 42 24
15.794 6.3284 -0.94202 58 44 8
15.885 6.3205 -0.98485 57 43 7
15.816 6.3252 -0.85686 59 40 23
15.888 6.31 -0.88693 55 42 23
15.782 6.321 -0.86856 58 43 10
15.876 6.3289 -0.94929 53 43 8
15.888 6.318 -0.91012 59 39 12
15.864 6.333 -0.96993 60 38 25
15.857 6.3425 -0.93882 58 43 24
15.869 6.3314 -0.89868 59 42 25
15.821 6.3225 -0.90612 56 39 21
15.889 6.3136 -0.96156 57 40 22
15.946 6.3081 -0.90684 55 39 22
15.927 6.3055 -0.97861 58 43 14
15.921 6.3081 -0.92429 57 44 12
15.913 6.27 -0.88436 51 38 19
15.977 6.2975 -0.9239 51 36 17
15.936 6.293 -0.93745 56 42 13
15.991 6.3145 -0.89693 61 41 14
15.964 6.3089 -0.96453 56 41 8
16.018 6.2886 -0.94052 47 33 6
15.991 6.2889 -0.95878 50 33 15
16.037 6.3112 -0.99652 53 37 22
15.879 6.2702 -0.97275 52 38 25
15.88 6.3028 -0.93621 56 39 22
16.019 6.23 -0.90749 23 13 3
16.023 6.2314 -0.9093 23 13 3
15.879 6.2023 -0.97178 31 22 5
15.98 6.2141 -0.95269 30 17 0
15.961 6.2225 -0.91835 29 24 5
15.994 6.2261 -0.98106 31 22 3
16.001 6.2627 -0.94527 43 27 1
15.922 6.2193 -0.93141 33 23 13
16.007 6.289 -1.0203 50 35 4
15.972 6.2575 -1.0174 43 31 5
15.989 6.2539 -0.99566 37 25 3
16.013 6.2822 -0.99573 46 33 14
15.927 6.2289 -0.9573 33 23 0
15.967 6.2603 -0.95737 44 30 3
15.902 6.2188 -0.87387 36 22 11
15.935 6.2359 -0.90519 35 26 7
16.089 6.1978 -0.91969 40 19 0
16.006 6.1946 -1.0241 31 16 11
15.986 6.2005 -0.90909 32 14 10
16.002 6.2078 -0.995 21 12 0
16.025 6.2048 -0.97224 33 12 7
16.097 6.2074 -0.94325 42 26 1
16.006 6.2136 -0.93759 21 12 5
16.1 6.197 -1.0626 39 22 2
15.963 6.2046 -1.0042 28 18 9
16.074 6.2044 -1.0217 36 19 2
16.048 6.189 -0.98643 43 21 8
16.061 6.2065 -0.95947 35 15 8
16.261 6.2278 -1.0804 44 21 5
15.772 6.3363 -0.98115 58 43 12
15.768 6.3348 -0.97935 58 43 12
15.797 6.3212 -1.0438 57 41 15
15.743 6.3106 -1.0489 56 40 23
15.859 6.3193 -0.9982 53 40 21
15.82 6.3098 -1.0598 55 44 12
15.843 6.3218 -1.0161 58 43 14
15.74 6.3061 -0.9778 56 43 9
15.831 6.3293 -0.98168 55 42 10
15.746 6.3157 -1.0009 57 40 10
15.686 6.2988 -0.93455 55 44 24
15.786 6.3446 -1.0557 57 40 30
15.803 6.3117 -1.0757 58 41 24
15.764 6.3292 -1.0266 59 42 24
15.851 6.3321 -1.0396 56 42 13
15.887 6.3041 -1.0672 56 41 12
15.949 6.2996 -1.0155 54 43 13
15.955 6.2807 -1.0248 50 38 12
15.986 6.2988 -1.0608 52 36 13
15.914 6.3331 -1.0683 53 40 8
15.979 6.3176 -1.0507 57 38 22
15.877 6.2975 -0.98784 56 41 10
15.934 6.2907 -1.067 55 39 13
15.824 6.299 -1.0904 56 38 26
15.945 6.2973 -1.1497 55 40 11
15.878 6.3134 -1.0333 55 39 24
15.855 6.2982 -1.0036 54 41 23
15.965 6.3005 -1.0779 55 39 13
15.953 6.3171 -1.0645 55 40 9
15.989 6.3158 -1.1091 54 40 13
15.934 6.2257 -1.0133 33 27 5
15.995 6.2615 -1.1585 46 32 21
15.973 6.2519 -1.0688 42 29 11
15.991 6.2657 -1.101 43 32 2
15.921 6.2086 -1.0377 28 20 9
16.01 6.2849 -1.0774 49 34 11
16.041 6.2641 -1.0702 41 27 14
16.013 6.2592 -1.1428 43 31 7
15.923 6.2506 -1.0235 47 37 12
16.043 6.2894 -1.1437 50 35 2
15.947 6.232 -1.0954 38 27 5
16.035 6.2953 -1.1664 50 36 25
15.914 6.2148 -1.0601 36 27 10
16.018 6.2952 -1.1025 51 35 12
16.005 6.2982 -1.1178 54 36 16
15.995 6.2 -1.0461 29 15 2
15.996 6.2187 -1.1753 30 22 11
16.02 6.2011 -1.1116 28 16 0
16.093 6.2057 -1.1681 33 16 0
16.011 6.2284 -1.1238 30 19 0
15.997 6.2324 -1.143 35 23 7
15.996 6.2106 -1.151 26 16 4
16.007 6.2244 -1.0411 33 18 0
16.003 6.2043 -1.128 21 12 0
16.016 6.1942 -1.1671 25 9 10
15.984 6.2048 -1.066 18 15 0
15.983 6.2123 -1.0892 33 17 2
16.097 6.2043 -1.0853 37 18 2
16.083 6.209 -1.1065 37 20 2
16.084 6.1869 -1.1147 39 21 0
16.067 6.1908 -1.1346 39 20 14
15.73 6.3137 -1.067 55 39 6
15.652 6.2965 -1.127 56 43 9
15.766 6.3144 -1.107 57 40 12
15.802 6.3227 -1.1725 52 41 21
15.737 6.3303 -1.1091 61 44 16
15.701 6.3221 -1.1699 61 50 22
15.801 6.3068 -1.1271 54 41 9
15.808 6.3171 -1.1531 57 44 25
15.771 6.3085 -1.2145 52 41 19
15.709 6.3283 -1.1221 64 46 24
15.816 6.324 -1.1036 53 40 21
15.726 6.3036 -1.1627 56 38 16
15.764 6.3327 -1.0989 57 41 24
15.741 6.3208 -1.1408 59 42 25
15.736 6.3459 -1.1544 63 48 7
15.828 6.3036 -1.1669 58 41 23
15.84 6.3162 -1.1968 56 43 11
15.823 6.3069 -1.114 56 42 13
15.887 6.2902 -1.2295 53 39 13
15.886 6.3146 -1.1647 56 38 24
15.822 6.2979 -1.2195 55 41 14
15.77 6.3003 -1.1908 58 42 25
15.833 6.2937 -1.2011 55 41 14
15.874 6.2983 -1.1915 54 38 12
15.882 6.2927 -1.1703 55 39 13
15.862 6.2992 -1.134 56 40 14
15.88 6.2959 -1.2493 55 37 15
16.035 6.2765 -1.257 46 33 25
15.91 6.2739 -1.1695 54 40 14
15.991 6.2791 -1.2855 50 36 9
15.967 6.2829 -1.1651 54 38 12
15.956 6.2994 -1.2914 52 43 14
15.899 6.2282 -1.1768 45 31 5
15.943 6.2868 -1.26 52 38 12
16.028 6.2796 -1.1962 52 36 3
15.953 6.2814 -1.2387 51 39 15
15.983 6.2451 -1.188 41 28 9
15.959 6.2917 -1.2666 52 38 12
16.032 6.2783 -1.3381 47 34 2
15.932 6.2968 -1.2252 51 39 25
15.981 6.2034 -1.2841 33 16 0
16.003 6.215 -1.2352 33 23 0
15.993 6.2204 -1.2563 27 15 15
15.904 6.2017 -1.1666 38 23 4
15.932 6.2241 -1.2203 42 26 3
15.979 6.2031 -1.284 33 16 0
15.907 6.2125 -1.2688 35 25 13
15.972 6.1909 -1.1757 23 16 0
15.989 6.1974 -1.2624 27 13 2
16.005 6.2545 -1.2801 44 31 12
15.902 6.2041 -1.2466 34 19 12
16.009 6.2193 -1.3218 30 16 5
15.905 6.2121 -1.2686 35 25 13
15.908 6.2102 -1.1902 36 28 7
15.973 6.1989 -1.1996 27 16 0
16.044 6.189 -1.2917 26 13 5
16.026 6.1936 -1.3138 26 9 0
16.058 6.1994 -1.2412 25 9 0
16.089 6.1987 -1.2266 39 20 3
16.083 6.2058 -1.2506 25 9 0
16.027 6.2021 -1.3396 18 9 2
16.084 6.1937 -1.3714 23 14 0
16.107 6.1913 -1.3563 32 14 2
15.999 6.1705 -1.2524 35 13 0
15.762 6.3209 -1.2552 54 42 28
15.697 6.3128 -1.2683 55 40 17
15.677 6.3169 -1.2305 57 42 19
15.759 6.3121 -1.2319 57 43 14
15.681 6.3072 -1.2614 55 40 17
15.763 6.3329 -1.226 59 44 25
15.735 6.3336 -1.307 53 39 28
15.824 6.3062 -1.2425 53 40 22
15.81 6.3053 -1.3147 59 43 30
15.792 6.311 -1.2741 53 39 13
15.804 6.3233 -1.3037 54 41 25
15.801 6.2942 -1.2861 52 35 15
15.847 6.3214 -1.2742 52 40 14
15.899 6.3057 -1.3381 53 38 15
15.873 6.3087 -1.2906 48 36 20
15.902 6.3152 -1.3654 51 38 19
15.73 6.3051 -1.2908 54 41 25
15.959 6.3032 -1.3728 49 36 2
15.903 6.299 -1.3167 51 37 26
15.908 6.296 -1.3758 51 33 21
15.933 6.3006 -1.307 50 37 21
15.956 6.2339 -1.3123 39 27 11
15.878 6.1868 -1.3481 33 27 3
15.941 6.2091 -1.3176 26 19 1
15.953 6.191 -1.3332 26 11 4
16.081 6.202 -1.399 29 19 10
