1868
0.0013037 0.49868 -0.031759 0.8662 5.9408 -1.4201 -0.35859
8.8815 0.23485 -0.46776 82 63 31
8.8982 0.20413 -0.44591 80 60 36
8.8295 0.24501 -0.48894 81 60 31
8.8377 0.22033 -0.49407 79 58 37
8.8442 0.24311 -0.46103 81 62 32
8.7815 0.19699 -0.43174 83 64 34
8.9652 0.25165 -0.47654 80 61 31
9.0448 0.23337 -0.49153 82 62 38
8.9915 0.24505 -0.41923 84 62 41
8.9783 0.22835 -0.48339 84 62 41
9.0198 0.2094 -0.46081 81 61 37
9.0635 0.21195 -0.49743 81 61 37
8.9693 0.21291 -0.45375 81 62 30
8.9932 0.21538 -0.4252 83 63 38
9.0517 0.21575 -0.43188 83 63 38
9.1681 0.19134 -0.48352 82 63 33
9.1176 0.19774 -0.47475 81 61 36
9.0759 0.19716 -0.43757 84 62 38
9.1313 0.19402 -0.44474 81 61 36
9.1969 0.19494 -0.45377 83 63 38
9.1178 0.22966 -0.46944 82 61 32
9.2594 0.21512 -0.42405 85 62 44
9.1882 0.19056 -0.45455 83 63 38
9.3292 0.15964 -0.47476 82 63 33
9.2776 0.17963 -0.49922 84 63 32
9.1859 0.16784 -0.49016 82 62 35
9.2559 0.18043 -0.42973 84 62 41
9.2378 0.18247 -0.46043 83 61 40
9.3438 0.18924 -0.43655 82 62 35
9.2883 0.15139 -0.50585 80 62 38
9.2848 0.17212 -0.46739 84 63 36
9.4462 0.14473 -0.48974 82 63 31
9.3711 0.14521 -0.48519 82 63 31
9.3953 0.14522 -0.45173 84 64 37
9.4492 0.15863 -0.41921 85 65 40
9.4854 0.15118 -0.45975 85 65 38
9.5379 0.16316 -0.42568 86 65 38
9.5212 0.14286 -0.49887 81 62 32
9.5882 0.13603 -0.50777 83 64 34
9.6892 0.15599 -0.44027 88 63 40
9.5953 0.16393 -0.46951 84 64 37
9.5486 0.10779 -0.47218 85 64 37
9.7008 0.13545 -0.48487 83 64 34
9.5835 0.14734 -0.43229 86 65 36
9.6491 0.10251 -0.4481 84 65 35
9.8527 0.097607 -0.4301 86 64 40
9.6913 0.082933 -0.45585 86 61 38
9.7534 0.070304 -0.46296 84 63 36
9.7705 0.050771 -0.50837 84 63 36
9.6556 0.079866 -0.48982 84 62 38
9.753 0.081696 -0.49967 82 62 35
9.872 0.066392 -0.4352 87 62 39
9.7135 0.080444 -0.4214 86 64 41
9.8491 0.069366 -0.47329 83 63 36
9.9718 0.064683 -0.44412 84 63 36
9.9567 0.070979 -0.48323 83 61 37
9.9846 0.029652 -0.45294 87 63 35
9.9818 0.092331 -0.52173 83 63 29
10.015 0.028598 -0.41696 86 63 29
9.7839 -0.12945 -0.42309 21 2 0
8.7592 0.22672 -0.62985 79 59 34
8.8194 0.24948 -0.5162 84 62 39
8.8275 0.2647 -0.54563 80 60 35
8.9153 0.22526 -0.56656 79 59 32
8.8862 0.21962 -0.59447 80 60 33
8.7955 0.21673 -0.54757 78 58 31
8.8789 0.22448 -0.53116 83 63 39
8.8293 0.23826 -0.64285 81 60 41
8.9022 0.24812 -0.561 80 60 35
8.9058 0.22911 -0.50399 80 59 32
8.8641 0.22833 -0.6509 79 58 39
8.8919 0.23341 -0.62398 81 60 31
8.7906 0.23466 -0.60403 81 58 40
8.7852 0.22119 -0.57617 79 62 34
8.9719 0.21541 -0.54764 80 58 34
8.9674 0.20357 -0.61255 81 59 35
9.0006 0.23222 -0.64496 80 58 34
8.9272 0.23359 -0.66319 81 60 33
8.9697 0.20363 -0.51717 83 64 32
8.9189 0.19853 -0.66769 78 60 38
9.0388 0.20965 -0.52678 82 61 30
8.9045 0.21023 -0.63041 78 58 34
8.9596 0.21939 -0.5781 79 58 27
8.9336 0.2249 -0.53939 79 62 34
8.8822 0.18616 -0.50764 81 63 39
8.919 0.2077 -0.60311 79 58 37
8.9922 0.20622 -0.58444 83 59 33
9.0647 0.23416 -0.55904 82 62 37
9.0072 0.20462 -0.65184 81 60 39
9.1105 0.19457 -0.57334 78 61 35
9.1764 0.1848 -0.55247 84 62 39
9.1027 0.17978 -0.54136 79 62 36
9.0679 0.20515 -0.66336 79 62 36
9.1236 0.21157 -0.50603 83 61 37
9.1393 0.17754 -0.68221 80 60 35
9.0924 0.22794 -0.5967 79 59 35
9.1438 0.18991 -0.51387 81 61 36
9.1072 0.20366 -0.60298 81 59 36
9.0795 0.20033 -0.63342 81 61 36
9.1156 0.18691 -0.64225 81 62 30
9.1236 0.22243 -0.53643 81 61 36
9.1036 0.19174 -0.67299 79 61 37
9.1412 0.16747 -0.64935 80 62 26
9.0694 0.20513 -0.56623 78 61 35
9.1559 0.18544 -0.58261 79 60 30
9.1479 0.18141 -0.58187 79 60 30
9.1717 0.16086 -0.58942 80 60 33
9.2294 0.17823 -0.66403 80 60 35
9.268 0.16374 -0.56967 80 62 38
9.2805 0.15824 -0.64044 81 61 37
9.266 0.16257 -0.67388 81 60 33
9.3346 0.21819 -0.63963 82 60 39
9.3579 0.17247 -0.58142 85 63 40
9.3309 0.17093 -0.61126 79 58 37
9.2774 0.22397 -0.52522 82 61 32
9.3077 0.17161 -0.53948 82 61 32
9.2578 0.18099 -0.52964 85 62 28
9.268 0.19709 -0.56442 81 64 36
9.2965 0.18855 -0.60536 80 59 38
9.1763 0.17408 -0.6217 80 60 33
9.3957 0.13324 -0.52348 83 61 38
9.4787 0.14682 -0.56671 83 63 38
9.5429 0.16251 -0.6473 84 63 34
9.402 0.16981 -0.62431 80 60 36
9.5429 0.1742 -0.68307 82 62 37
9.4708 0.18998 -0.59437 83 63 36
9.3034 0.13594 -0.54468 86 64 27
9.5005 0.14508 -0.53261 83 62 31
9.3696 0.15558 -0.51671 83 61 37
9.419 0.18904 -0.65907 79 55 41
9.3931 0.15362 -0.69809 82 63 33
9.455 0.14758 -0.59942 83 64 34
9.4276 0.15792 -0.66591 82 62 38
9.3124 0.15065 -0.68357 81 61 34
9.4498 0.16901 -0.56026 80 62 38
9.3915 0.13035 -0.63061 82 61 32
9.5595 0.13522 -0.54297 84 63 42
9.6254 0.15027 -0.62503 81 62 30
9.7301 0.14518 -0.59989 85 63 39
9.6875 0.13942 -0.63704 83 63 29
9.5819 0.07018 -0.6705 82 62 37
9.5325 0.13498 -0.5774 85 65 38
9.5485 0.12887 -0.65563 82 63 31
9.4855 0.11302 -0.68501 81 61 36
9.586 0.12184 -0.58656 84 62 39
9.624 0.11491 -0.51688 84 64 30
9.6351 0.094393 -0.56108 83 61 37
9.6474 0.087931 -0.52495 85 64 33
9.5464 0.15245 -0.61222 82 62 38
9.6092 0.12985 -0.70217 83 61 37
9.6226 0.1239 -0.66823 82 62 28
9.6588 0.11357 -0.71378 81 61 36
9.6757 0.14814 -0.55387 83 63 39
9.6678 0.05658 -0.64748 82 61 34
9.7343 0.085873 -0.53584 85 65 31
9.7595 0.10769 -0.57471 81 61 34
9.7527 0.063973 -0.69847 84 62 41
9.841 0.074667 -0.63012 84 63 36
9.717 0.10222 -0.60757 84 64 39
9.8293 0.10896 -0.62352 84 63 36
9.8708 0.074214 -0.59637 85 64 35
9.7127 0.11222 -0.64487 81 60 33
9.7964 0.069193 -0.66337 80 59 32
9.8537 0.094602 -0.54631 84 63 36
9.7929 0.082782 -0.58385 84 62 38
9.781 0.11347 -0.69241 82 62 35
9.9385 0.048318 -0.56517 85 61 35
9.9635 0.053595 -0.69204 83 62 31
9.9045 0.071513 -0.67918 84 61 28
9.8825 0.075296 -0.71916 84 62 39
9.9124 0.02693 -0.5285 83 61 24
9.8502 0.023715 -0.72257 82 61 34
9.9351 0.086761 -0.55919 83 63 36
9.9433 0.018092 -0.73802 81 61 36
9.9743 0.073521 -0.60483 85 64 37
9.9546 0.078279 -0.64335 86 62 34
9.9615 0.012609 -0.69941 82 61 34
9.9073 -0.092866 -0.54564 85 61 33
9.926 -0.080008 -0.71134 87 63 35
8.7128 0.23318 -0.80074 73 52 23
8.7574 0.23617 -0.65929 77 58 28
8.7071 0.21917 -0.77067 75 54 35
8.8579 0.22684 -0.74447 80 60 25
8.8457 0.22851 -0.67807 79 59 34
8.84 0.22736 -0.77194 78 58 34
8.8107 0.232 -0.82722 76 57 25
8.7703 0.22503 -0.69366 79 57 34
8.7854 0.23631 -0.78846 74 53 34
8.8175 0.2444 -0.76442 79 58 37
8.7732 0.23735 -0.72348 78 57 28
8.8496 0.23288 -0.77394 78 58 34
8.8858 0.22118 -0.68856 79 58 39
8.8598 0.21727 -0.71573 78 58 33
8.7875 0.22449 -0.66605 78 58 34
8.7793 0.24344 -0.81685 75 56 26
8.8198 0.23496 -0.73431 81 60 31
8.7801 0.25208 -0.75362 75 58 32
9.0188 0.22172 -0.68445 80 59 38
9.0222 0.22494 -0.78431 77 60 30
8.9266 0.21348 -0.70003 78 56 32
8.8985 0.21053 -0.82272 80 57 26
8.9393 0.19115 -0.80291 79 58 37
8.9576 0.22118 -0.7686 80 58 34
8.8737 0.19492 -0.72257 79 57 33
8.9098 0.20588 -0.79307 79 57 34
8.851 0.2143 -0.80954 80 56 28
8.9652 0.20373 -0.70927 77 57 30
9.009 0.20692 -0.7523 77 55 31
8.9591 0.21281 -0.83751 79 59 24
8.9042 0.22254 -0.75628 80 58 37
8.8809 0.22029 -0.78311 77 61 26
8.9974 0.232 -0.74341 80 58 34
8.9548 0.21049 -0.83672 79 59 24
8.9882 0.18614 -0.81561 74 57 31
9.1169 0.17796 -0.81575 79 59 35
9.1028 0.17012 -0.7103 78 61 35
9.0846 0.21487 -0.7651 79 58 31
9.0798 0.16941 -0.74052 77 58 28
9.0717 0.19711 -0.73204 75 57 33
9.071 0.18676 -0.8021 80 58 37
8.9696 0.1872 -0.84439 74 57 27
9.0205 0.19229 -0.78888 78 61 35
9.1168 0.17786 -0.81501 79 59 35
9.0888 0.20705 -0.8365 78 58 31
9.0153 0.17996 -0.85903 77 56 35
9.0778 0.17928 -0.77136 78 57 30
9.0814 0.17022 -0.74031 77 58 28
9.1624 0.23302 -0.71063 78 58 34
9.0867 0.17366 -0.84299 77 58 28
9.0171 0.20027 -0.72061 78 58 34
8.9888 0.17449 -0.6856 80 61 29
9.2938 0.18722 -0.81887 81 61 27
9.196 0.151 -0.73168 79 59 35
9.1996 0.16391 -0.76631 77 57 33
9.1532 0.17456 -0.85955 76 57 27
9.1723 0.16123 -0.69 81 59 36
9.2705 0.14204 -0.71195 78 61 33
9.1291 0.17301 -0.78442 79 59 35
9.1978 0.15192 -0.83687 78 60 36
9.2943 0.17596 -0.78313 78 55 37
9.2108 0.18052 -0.79961 80 58 35
9.2152 0.19363 -0.72881 81 60 29
9.2225 0.19767 -0.83593 78 60 36
9.2156 0.17195 -0.87425 77 58 28
9.2712 0.15362 -0.74619 80 60 33
9.3385 0.1972 -0.90079 78 59 27
9.1612 0.17797 -0.75557 77 56 27
9.2472 0.16461 -0.70437 81 61 36
9.4251 0.15609 -0.77796 79 59 34
9.4135 0.12801 -0.70998 82 61 32
9.4349 0.14824 -0.85809 80 60 35
9.3372 0.12743 -0.8025 78 58 33
9.3454 0.15389 -0.87178 81 59 36
9.3829 0.10198 -0.7792 80 60 25
9.3377 0.15032 -0.87073 81 59 36
9.3917 0.11724 -0.81514 80 60 33
9.3245 0.15596 -0.79351 80 60 26
9.4012 0.13382 -0.74079 82 60 37
9.2669 0.14013 -0.81929 81 61 36
9.3926 0.14053 -0.88553 76 58 36
9.3931 0.1646 -0.84507 80 60 35
9.3385 0.13987 -0.72701 78 60 36
9.3033 0.16879 -0.85973 76 60 34
9.3078 0.13691 -0.75803 81 60 39
9.2646 0.11678 -0.75213 81 60 39
9.5427 0.11314 -0.73204 84 63 36
9.4773 0.12087 -0.71941 83 62 33
9.4614 0.12532 -0.7528 81 62 32
9.4716 0.11713 -0.83226 81 59 35
9.6165 0.10569 -0.86442 81 62 30
9.4608 0.10094 -0.79563 83 59 33
9.6194 0.11886 -0.90425 81 61 34
9.7289 0.16685 -0.79863 81 62 32
9.4772 0.13106 -0.8677 80 61 31
9.5491 0.13785 -0.92297 79 60 28
9.5346 0.10802 -0.84592 81 60 33
9.538 0.097792 -0.80934 79 58 31
9.5043 0.10679 -0.88 80 59 38
9.4714 0.14025 -0.90439 77 55 32
9.5525 0.12885 -0.7675 83 62 33
9.6378 0.11652 -0.7478 82 61 32
9.531 0.093375 -0.92876 80 58 37
9.83 0.091199 -0.8284 81 60 31
9.6642 0.040861 -0.72749 82 60 36
9.82 0.075173 -0.78718 85 60 37
9.7235 0.085366 -0.93247 79 59 35
9.6429 0.067306 -0.83766 82 58 32
9.6496 0.084145 -0.75786 85 60 38
9.7639 0.089416 -0.89908 78 61 35
9.8314 0.067673 -0.75125 83 61 37
9.6845 0.095945 -0.88052 81 61 37
9.8325 0.08904 -0.95431 81 60 33
9.8954 0.12917 -0.87712 81 60 31
9.7841 0.10015 -0.77798 82 60 36
9.6276 0.09845 -0.82786 80 59 32
9.6287 0.087171 -0.79065 81 59 38
9.5988 0.072822 -0.90734 80 60 36
9.735 0.092536 -0.81119 82 60 37
9.8452 0.033504 -0.75727 82 61 34
9.9162 0.044194 -0.85177 81 61 27
9.868 0.038609 -0.88824 82 61 32
9.7848 0.046573 -0.86979 83 60 29
9.7981 0.027814 -0.79325 80 60 35
9.8145 0.069979 -0.91264 81 61 36
9.9121 0.030739 -0.81299 83 61 37
9.8695 0.063531 -0.96978 79 58 29
9.6542 -0.18782 -0.7638 83 60 26
8.7113 0.23515 -0.89345 74 58 25
8.7185 0.2502 -0.92418 73 54 37
8.7672 0.20937 -0.91583 76 57 27
8.7526 0.2384 -0.84208 79 58 31
8.7976 0.23523 -0.85535 78 57 36
8.7708 0.2221 -0.94579 76 56 29
8.7104 0.22389 -0.86346 77 58 28
8.8126 0.22482 -0.89443 78 58 33
8.7995 0.26923 -0.94842 77 56 37
8.7828 0.24015 -0.98007 76 56 21
8.7915 0.21513 -0.98684 78 56 32
8.8752 0.23892 -0.84448 74 58 25
8.7057 0.22414 -0.95797 75 55 31
8.7849 0.23867 -0.88395 79 58 39
8.7061 0.23512 -0.98779 72 55 29
8.8214 0.21903 -0.86543 75 57 33
8.7604 0.23515 -0.90992 76 56 32
8.8268 0.22459 -0.96453 77 59 37
9.0059 0.24946 -0.87692 78 58 33
8.8721 0.19992 -1.017 75 57 35
8.8647 0.21321 -0.87732 78 58 33
8.8824 0.22553 -0.98166 78 57 36
8.9858 0.22912 -0.94376 74 57 31
8.8879 0.23731 -0.91326 79 57 34
8.8995 0.2041 -0.991 79 59 32
8.8466 0.22494 -0.93702 74 56 32
8.9306 0.21922 -0.89582 78 58 34
8.9656 0.20708 -0.90827 78 58 34
8.8896 0.21853 -0.95135 77 58 24
8.9681 0.2307 -0.97291 77 57 32
8.8406 0.21291 -1.0036 77 58 26
9.1071 0.18491 -0.95094 77 55 34
9.0409 0.16222 -0.97165 77 56 37
8.9512 0.20104 -1.0077 76 56 31
9.0658 0.17396 -0.87144 76 56 29
9.0446 0.18532 -0.93434 75 58 32
9.0349 0.20269 -0.9988 75 57 33
9.0247 0.18615 -0.96411 74 57 29
9.0116 0.21125 -0.95549 77 58 28
9.0569 0.18064 -0.90438 79 58 37
8.9699 0.14766 -1.0232 78 58 34
9.0695 0.18824 -1.0118 75 58 30
9.0208 0.19367 -0.89 79 59 32
9.0171 0.22363 -0.88419 79 57 36
8.9316 0.17938 -0.97098 76 59 33
8.9898 0.18848 -0.91841 76 59 33
8.9795 0.15256 -1.0245 78 58 34
8.9559 0.17187 -1.0137 78 58 33
9.1129 0.13324 -0.99812 77 58 26
9.2757 0.1788 -1.0379 78 58 34
9.1325 0.17542 -0.89006 78 57 38
9.2385 0.16069 -0.91965 78 58 34
9.2233 0.17625 -0.98712 76 58 34
9.1469 0.16127 -1.0395 80 58 37
9.28 0.19253 -1.0749 79 58 29
9.1494 0.16191 -0.9312 78 59 29
9.0624 0.16308 -1.0491 78 58 31
9.1077 0.17491 -1.0257 78 57 38
9.1431 0.14759 -0.89583 78 57 26
9.1462 0.1723 -1.0739 78 58 33
9.2625 0.18369 -0.95788 80 60 36
9.072 0.15594 -0.91158 79 57 33
9.1752 0.1975 -1.0045 78 54 28
9.3127 0.12697 -0.94439 80 58 37
9.3392 0.1042 -0.95517 80 60 35
9.2933 0.14106 -0.89879 76 56 31
9.3446 0.15312 -0.98437 79 60 30
9.3984 0.16604 -1.0758 79 58 31
9.2547 0.15715 -0.99826 77 57 33
9.3137 0.13856 -1.0945 77 59 35
9.2655 0.15079 -1.0775 78 58 34
9.3895 0.15003 -1.0356 78 58 34
9.3656 0.13982 -0.91768 81 61 27
9.3151 0.16273 -1.0525 77 58 28
9.2892 0.13891 -1.0104 78 57 28
9.2768 0.14476 -0.93192 78 58 34
9.3546 0.12197 -1.1102 79 59 34
9.5693 0.11974 -1.0932 79 58 31
9.5504 0.11319 -0.96709 82 59 26
9.5234 0.11357 -1.0019 81 61 34
9.478 0.13014 -0.98398 79 59 34
9.4414 0.13866 -0.93733 81 57 29
9.4687 0.12512 -1.1034 79 58 27
9.4757 0.14117 -1.0229 79 59 34
9.5523 0.088582 -1.0112 81 61 34
9.5986 0.12016 -1.06 76 59 33
9.5935 0.1421 -1.1367 77 60 34
9.4512 0.14196 -1.0549 79 58 27
9.3454 0.10612 -1.0702 77 57 33
9.524 0.12562 -1.0389 79 60 28
9.5018 0.12789 -1.0732 78 58 33
9.456 0.1441 -1.0557 79 58 27
9.4338 0.099315 -0.94131 79 58 31
9.5839 0.13802 -1.1353 77 60 34
9.5526 0.051508 -1.0181 79 62 34
9.6978 0.086999 -0.96728 79 59 32
9.6566 0.092061 -1.1658 80 59 38
9.5791 0.074259 -1.0624 78 59 29
9.7011 0.061751 -1.0141 79 62 32
9.7811 0.078247 -1.1157 78 58 31
9.6656 0.1122 -0.95569 77 56 35
9.7242 0.068019 -1.1449 78 58 34
9.7347 0.087185 -1.0602 79 59 32
9.6212 0.1057 -0.98656 79 59 35
9.7134 0.093241 -0.96918 79 59 32
9.6069 0.062179 -0.99218 77 60 34
9.6724 0.086332 -1.1279 77 55 31
9.6056 0.097101 -1.1061 79 59 34
9.7539 0.070572 -0.9833 82 58 30
9.7567 0.093233 -1.194 77 57 32
9.5967 0.10556 -1.1451 78 58 33
9.7409 0.10187 -1.1014 78 56 32
9.8091 0.052582 -0.99913 82 58 32
9.8327 0.073948 -1.0455 79 59 35
9.8013 0.058395 -1.1682 75 57 33
9.6985 0.034013 -1.0612 80 59 32
9.7947 -0.13956 -1.0719 80 60 33
8.6431 0.20778 -1.0027 75 55 28
8.6786 0.24025 -1.0421 72 54 30
8.6483 0.2324 -1.0637 73 54 37
8.7848 0.25236 -1.0117 75 53 29
8.7052 0.20816 -1.0896 73 55 35
8.6717 0.2285 -1.1066 74 53 22
8.7566 0.21948 -1.1401 75 55 28
8.7575 0.19805 -1.0773 74 56 36
8.7035 0.21802 -1.12 72 51 20
8.7082 0.23954 -1.0848 71 53 29
8.7979 0.23259 -1.1203 77 57 30
8.6975 0.22549 -1.1504 75 54 33
8.6711 0.23913 -1.1376 74 56 32
8.7685 0.23457 -1.0747 76 56 31
8.7306 0.23112 -1.0294 74 54 27
8.7087 0.22897 -1.0546 72 54 32
8.7431 0.22289 -1.1702 74 57 31
8.7201 0.18466 -1.0021 75 54 27
8.7798 0.23028 -1.0472 74 54 20
8.8611 0.20699 -1.1483 77 53 27
8.8406 0.20668 -1.1759 73 56 28
8.8431 0.23643 -1.0676 78 55 39
8.9786 0.22718 -1.0471 78 59 27
8.8427 0.22514 -1.0362 76 55 24
8.8134 0.22214 -1.1632 71 54 26
8.8047 0.20594 -1.1273 73 58 29
8.8146 0.16995 -1.1035 74 57 27
8.9028 0.1969 -1.0624 74 53 26
8.932 0.22408 -1.1016 75 55 31
8.8531 0.23105 -1.0381 76 55 24
8.8948 0.19438 -1.1632 73 52 25
8.8639 0.18847 -1.1876 76 55 36
8.8306 0.18766 -1.0386 77 51 24
8.7625 0.20377 -1.1801 75 54 33
8.8449 0.21774 -1.1058 75 57 35
8.8398 0.20397 -1.0741 72 54 30
8.9813 0.18848 -1.2331 74 58 25
9.015 0.14993 -1.0717 78 57 26
9.005 0.22236 -1.1998 73 53 26
9.0126 0.15997 -1.1057 74 53 32
9.0354 0.18304 -1.1454 76 55 34
8.9688 0.19156 -1.156 75 54 33
9.0436 0.19735 -1.0734 75 54 23
8.9385 0.18478 -1.0757 76 55 26
8.9881 0.22282 -1.1213 76 54 30
8.9383 0.17353 -1.0425 75 55 31
9.0189 0.19563 -1.1011 76 55 24
8.9381 0.20688 -1.1418 76 55 34
8.9127 0.18395 -1.209 74 53 32
8.9361 0.16284 -1.1133 77 58 26
8.9645 0.1683 -1.1942 77 57 23
9.0206 0.18659 -1.1755 76 56 32
9.1368 0.16814 -1.1822 76 56 31
9.1215 0.12708 -1.1857 76 55 34
9.1904 0.16051 -1.0911 79 58 29
9.0467 0.1788 -1.224 75 54 33
9.132 0.17733 -1.2173 74 57 31
9.0797 0.16253 -1.2397 73 57 31
9.1674 0.16045 -1.1194 78 58 24
9.1251 0.18471 -1.1403 72 54 30
9.1886 0.17151 -1.2397 74 54 30
9.0245 0.15596 -1.1825 73 55 33
9.1736 0.19764 -1.1163 75 55 30
9.1961 0.18704 -1.2797 74 54 30
9.0891 0.17765 -1.1646 75 55 31
9.0909 0.13406 -1.1365 75 57 35
9.3002 0.15521 -1.2821 77 56 29
9.2756 0.14378 -1.1577 76 55 36
9.2613 0.17201 -1.2649 76 56 22
9.2591 0.18274 -1.1857 77 57 32
9.4126 0.1602 -1.1606 77 58 26
9.4361 0.18308 -1.2055 74 55 25
9.2054 0.12208 -1.1768 78 58 34
9.2907 0.16268 -1.3185 74 54 29
9.3412 0.12675 -1.2621 77 57 33
9.3001 0.14382 -1.1282 77 54 36
9.1921 0.15022 -1.2825 75 55 30
9.2189 0.14011 -1.1032 77 57 32
9.3578 0.17055 -1.2609 76 56 31
9.3295 0.13324 -1.298 75 54 33
9.2652 0.16239 -1.2309 72 54 30
9.2592 0.17106 -1.149 79 57 33
9.3252 0.14344 -1.214 79 59 34
9.4166 0.13734 -1.205 78 57 30
9.4567 0.10674 -1.1837 78 57 26
9.4914 0.13399 -1.2319 77 56 29
9.453 0.10378 -1.3064 77 57 32
9.5568 0.12464 -1.2535 77 57 33
9.5585 0.11332 -1.2143 76 55 28
9.4917 0.10873 -1.278 75 57 33
9.5089 0.10237 -1.368 75 54 33
9.4344 0.12082 -1.2574 76 56 29
9.4828 0.14335 -1.1458 78 56 32
9.4701 0.12325 -1.3508 76 57 27
9.4011 0.1297 -1.3259 78 57 36
9.4242 0.12911 -1.1704 78 57 28
9.3207 0.10577 -1.2196 78 57 36
9.4998 0.11373 -1.1558 79 58 31
9.3874 0.11155 -1.2818 76 56 31
9.6576 0.08993 -1.2936 79 54 34
9.5777 0.095265 -1.2646 77 55 34
9.6989 0.13387 -1.2552 80 56 28
9.6708 0.080356 -1.3866 75 56 24
9.6209 0.099066 -1.3652 76 55 28
9.5846 0.11237 -1.1809 77 55 32
9.6347 0.13163 -1.3213 78 58 34
9.4862 0.080712 -1.3217 77 53 25
9.775 0.11295 -1.2395 77 56 37
9.6422 0.098159 -1.2017 79 57 34
9.5602 0.061971 -1.3088 76 53 35
9.7717 0.059309 -1.2044 79 57 33
9.7213 0.036366 -1.324 75 54 25
9.6285 0.01222 -1.3408 76 56 32
9.702 0.044234 -1.2296 77 56 25
9.7362 0.029958 -1.2856 75 54 23
8.6084 0.22224 -1.1794 73 52 35
8.6753 0.25266 -1.1696 71 53 29
8.6406 0.24557 -1.2869 72 52 25
8.6123 0.23931 -1.3096 71 50 33
8.7401 0.21267 -1.2364 75 52 21
8.717 0.24814 -1.1865 73 55 31
8.6726 0.2137 -1.2418 71 53 29
8.6404 0.2272 -1.3255 70 48 24
8.7271 0.23519 -1.2265 69 50 18
8.6995 0.22176 -1.3187 70 52 30
8.6426 0.23615 -1.2584 75 50 27
8.6697 0.21516 -1.3413 71 51 24
8.7692 0.24101 -1.2785 73 52 31
8.7184 0.22231 -1.2952 72 53 23
8.6711 0.23497 -1.305 76 51 28
8.664 0.21949 -1.2703 75 56 26
8.7132 0.21601 -1.1914 75 56 22
8.6671 0.2291 -1.2035 71 52 22
8.6599 0.23586 -1.2334 72 51 22
8.8283 0.21085 -1.2051 75 54 33
8.781 0.20839 -1.3587 70 52 32
8.8575 0.20946 -1.3584 75 55 30
8.8335 0.21638 -1.3122 73 52 31
8.7205 0.18182 -1.2666 71 55 22
8.7421 0.19439 -1.2742 71 55 22
8.7993 0.23636 -1.2237 75 55 31
8.8544 0.19645 -1.3236 71 53 33
8.788 0.20113 -1.3274 73 53 26
8.8373 0.20734 -1.2807 74 54 30
8.8087 0.19348 -1.3764 72 53 19
8.8435 0.18821 -1.2144 76 55 36
8.7728 0.19008 -1.2194 72 53 36
8.7352 0.2016 -1.3052 74 52 29
8.7921 0.21222 -1.2579 72 52 25
8.867 0.21259 -1.255 70 53 27
8.7193 0.20359 -1.3334 70 52 28
8.9008 0.19041 -1.3457 73 56 28
8.8955 0.19877 -1.3779 72 51 30
8.9279 0.17143 -1.2529 75 55 28
8.9982 0.18753 -1.3135 73 53 26
9.0625 0.19845 -1.2632 74 58 25
8.914 0.19584 -1.2426 75 55 28
8.9982 0.19894 -1.3481 73 54 24
8.9018 0.2022 -1.3796 72 51 30
8.9183 0.22086 -1.3116 71 52 18
8.9173 0.18799 -1.316 74 52 28
8.9053 0.2022 -1.2728 71 55 32
8.9533 0.19616 -1.2934 75 52 36
8.9356 0.18654 -1.2873 75 52 36
9.003 0.19161 -1.4281 73 53 26
8.9908 0.18359 -1.3111 74 55 25
8.9189 0.17924 -1.3916 72 51 30
8.8576 0.18936 -1.4001 72 51 22
8.9635 0.19187 -1.3719 74 54 29
9.0454 0.20113 -1.2943 77 57 33
9.0395 0.1993 -1.405 74 54 27
9.0309 0.14988 -1.3721 73 54 24
9.0595 0.17599 -1.4175 75 55 31
9.1234 0.16228 -1.2934 74 55 23
9.1256 0.15249 -1.3742 71 51 24
9.0575 0.17389 -1.3026 73 56 36
9.1572 0.15654 -1.3474 75 55 30
9.0824 0.17508 -1.2737 73 57 31
9.0769 0.19562 -1.3453 71 54 26
9.1036 0.16366 -1.3223 75 53 32
9.1288 0.17721 -1.4477 75 53 32
9.1351 0.19149 -1.3706 72 51 32
9.0916 0.14649 -1.396 75 54 27
8.9965 0.16513 -1.354 74 53 32
9.0976 0.17319 -1.4746 73 52 31
9.0417 0.20047 -1.4057 74 54 27
9.0141 0.16394 -1.4373 74 54 20
8.9919 0.15251 -1.4299 74 54 20
9.2189 0.15149 -1.3702 71 53 31
9.292 0.12676 -1.4449 75 53 14
9.1596 0.13441 -1.3886 73 52 25
9.2938 0.12836 -1.3249 76 55 34
9.1396 0.14791 -1.4572 73 52 25
9.2536 0.15686 -1.3463 74 55 25
9.2682 0.10462 -1.4037 74 50 22
9.2269 0.15541 -1.494 75 55 31
9.3023 0.14422 -1.3666 75 53 32
9.2815 0.16993 -1.4751 74 53 34
9.2609 0.14794 -1.4278 72 54 30
9.2188 0.10453 -1.4604 74 52 29
9.2545 0.13322 -1.5126 74 53 34
9.2645 0.1382 -1.3929 73 54 24
9.18 0.15608 -1.3171 75 54 33
9.063 0.098772 -1.3941 73 52 25
9.5375 0.12693 -1.4179 73 55 31
9.3305 0.096671 -1.4264 75 50 30
9.3948 0.11374 -1.4079 76 56 22
9.3579 0.12208 -1.3527 74 57 29
9.3785 0.14301 -1.3948 74 57 31
9.3902 0.098215 -1.4906 75 55 30
9.4192 0.11262 -1.3748 74 57 29
9.3294 0.10795 -1.4655 73 53 29
9.4518 0.10138 -1.4298 72 55 29
9.3941 0.14963 -1.5294 75 55 31
9.5805 0.067475 -1.4415 76 55 36
9.5921 0.084988 -1.4912 75 55 28
9.4627 0.080675 -1.4823 73 55 19
9.6274 0.047898 -1.466 75 57 35
9.5925 0.060669 -1.406 76 55 34
9.5002 0.072718 -1.4125 73 56 30
9.5034 0.086171 -1.4551 72 55 27
9.5874 0.097203 -1.3963 75 54 33
9.555 0.081796 -1.523 73 53 26
9.6745 0.054462 -1.4371 76 56 32
8.5624 0.223 -1.4224 70 50 26
8.5994 0.25792 -1.4714 71 49 28
8.571 0.21759 -1.3955 64 47 27
8.6233 0.22059 -1.4223 71 50 31
8.6005 0.21386 -1.3435 69 51 27
8.6797 0.20562 -1.489 70 53 27
8.6276 0.21574 -1.4951 71 51 27
8.6459 0.18212 -1.3706 73 48 25
8.6731 0.20953 -1.4139 70 52 32
8.5643 0.19486 -1.4284 69 48 29
8.7429 0.2287 -1.3744 70 47 31
8.6667 0.21693 -1.4447 70 50 23
8.6735 0.21253 -1.5168 69 51 29
8.6453 0.223 -1.3989 72 52 27
8.6816 0.23358 -1.3783 70 50 25
8.5658 0.20696 -1.4616 69 51 27
8.6096 0.23048 -1.378 73 53 26
8.6301 0.20593 -1.4624 67 48 34
8.8273 0.20652 -1.4926 70 52 30
8.7338 0.19266 -1.377 68 51 23
8.8212 0.21457 -1.525 72 51 24
8.7498 0.1935 -1.4554 73 53 26
8.7464 0.21111 -1.4142 71 51 27
8.7299 0.19341 -1.4825 72 51 24
8.798 0.17853 -1.4461 75 54 25
8.7 0.19505 -1.4295 73 53 29
8.7312 0.22487 -1.4759 70 50 25
8.8202 0.191 -1.4544 75 54 25
8.7291 0.20406 -1.515 68 52 29
8.8371 0.221 -1.421 68 50 28
8.7507 0.18265 -1.4213 70 54 21
8.9585 0.20259 -1.52 72 55 29
8.8465 0.19444 -1.4301 67 49 25
8.9071 0.16288 -1.462 76 53 22
8.9629 0.2263 -1.4787 72 54 18
8.8632 0.18306 -1.4767 71 53 31
8.9027 0.18184 -1.4208 73 55 19
8.9904 0.19624 -1.4583 68 51 23
8.8692 0.19811 -1.516 71 53 29
9.1285 0.15405 -1.4906 70 53 27
9.0519 0.16148 -1.4946 71 51 24
9.0007 0.18035 -1.5072 72 51 22
9.0042 0.17042 -1.4706 71 51 26
9.1453 0.17417 -1.5346 71 51 26
9.0221 0.15754 -1.5191 74 52 28
9.2365 0.17237 -1.539 71 50 33
8.5774 0.226 -1.5024 65 48 22
8.575 0.1939 -1.502 36 20 7
8.6875 -1.0756 -1.6323 51 32 15
8.7422 -1.1006 -1.6616 49 33 18
8.8512 -1.2604 -1.7055 44 26 16
8.7754 -1.2325 -1.6647 44 27 10
8.4467 -0.30807 -1.7343 40 17 11
8.3741 -0.35954 -1.7335 39 20 14
8.4314 -0.5818 -1.7404 39 24 17
8.4627 -0.59982 -1.7668 38 25 9
8.4783 -0.59466 -1.7758 38 22 0
8.4819 -0.72668 -1.7324 42 24 10
8.4001 -0.74195 -1.7198 40 27 8
8.2601 -0.75406 -1.6386 42 26 9
8.3517 -0.73472 -1.6577 39 21 7
8.4282 -0.79945 -1.7108 43 26 6
8.4824 -0.77056 -1.6745 38 23 4
8.4441 -0.7739 -1.6813 43 26 0
8.3827 -0.84581 -1.6623 44 26 6
8.4342 -0.76888 -1.7101 41 22 8
8.5451 -0.84405 -1.7255 43 28 7
8.4734 -0.84578 -1.7575 42 25 17
8.5731 -0.86819 -1.7446 39 25 14
8.6347 -0.79297 -1.7658 44 25 8
8.4501 -0.99454 -1.6325 47 29 9
8.5624 -0.95183 -1.6533 44 26 2
8.5248 -0.98855 -1.6352 44 28 13
8.3874 -1.0145 -1.6984 56 34 13
8.4168 -1.0159 -1.6851 52 26 9
8.4362 -0.99029 -1.6605 43 30 14
8.6074 -0.93665 -1.7073 44 26 12
8.3757 -0.99474 -1.6548 49 27 12
8.3999 -0.9837 -1.7019 53 34 18
8.702 -0.89485 -1.7194 45 28 11
8.4063 -1.0176 -1.6792 52 26 9
8.3791 -1.107 -1.6799 55 29 12
8.6051 -1.0358 -1.6956 47 30 12
8.3557 -1.0823 -1.6589 55 33 22
8.7654 -0.97967 -1.7649 39 32 3
8.4686 -1.0432 -1.6829 44 30 3
8.5187 -1.0056 -1.7058 43 27 10
8.4694 -1.0722 -1.6902 44 26 12
8.4941 -1.0164 -1.6594 44 26 12
8.6644 -1.0517 -1.7564 43 28 9
8.379 -1.0506 -1.6674 52 28 2
8.4854 -1.1412 -1.6504 44 27 17
8.5347 -1.1294 -1.7104 45 27 15
8.647 -1.0984 -1.6889 48 30 10
8.4975 -1.1273 -1.7186 51 29 14
8.5323 -1.1421 -1.6378 47 31 8
8.5288 -1.0832 -1.6286 50 28 13
8.6566 -1.0906 -1.7277 44 30 17
8.4434 -1.105 -1.6798 51 28 12
8.364 -1.137 -1.679 56 32 22
8.735 -1.0946 -1.6953 49 30 13
8.4061 -1.1606 -1.7075 56 32 20
8.477 -1.2589 -1.6644 43 24 17
8.3559 -1.2279 -1.6577 44 29 10
8.3743 -1.2547 -1.6715 44 26 14
8.493 -1.252 -1.7067 43 25 11
8.0439 -1.2783 -1.3538 45 27 17
8.512 -1.233 -1.642 44 28 11
8.3493 -1.2342 -1.6268 42 26 11
8.2669 -1.2084 -1.6073 50 29 10
8.5114 -1.292 -1.6557 43 27 12
8.5274 -1.2615 -1.6554 40 27 18
8.3691 -1.2831 -1.6754 41 26 19
8.3181 -1.3138 -1.6526 42 27 4
8.7182 -1.2617 -1.683 39 25 16
8.3503 -1.3455 -1.6469 43 25 21
8.539 -1.2666 -1.6284 46 32 19
8.4386 -1.3135 -1.6851 43 25 3
8.402 -1.2923 -1.6297 43 27 4
8.7928 -1.2642 -1.8715 44 26 4
8.4679 -1.3122 -1.7017 41 23 11
8.5589 -1.3196 -1.6837 42 24 12
8.4802 -1.2822 -1.7037 41 25 0
8.4746 -1.3704 -1.7179 39 25 12
8.1534 -0.43265 -1.6942 44 25 18
8.2377 -0.40318 -1.7143 40 21 14
8.2427 -0.43598 -1.6918 32 19 1
8.1933 -0.48356 -1.6673 41 25 2
8.3385 -0.43135 -1.7187 37 18 11
8.1977 -0.44713 -1.6968 35 23 1
8.2324 -0.48551 -1.7269 41 21 14
8.2029 -0.55833 -1.6882 43 22 1
8.166 -0.54685 -1.6604 42 24 12
8.0577 -0.61682 -1.6957 42 22 13
8.159 -0.54157 -1.6883 47 28 21
8.1831 -0.53187 -1.7031 47 28 21
8.1053 -0.63184 -1.6983 43 19 5
8.1165 -0.60221 -1.7001 34 24 0
8.19 -0.58157 -1.7177 42 22 23
8.176 -0.56124 -1.7011 41 23 13
8.2383 -0.6244 -1.7297 45 27 15
8.2228 -0.66388 -1.6951 40 24 9
8.1547 -0.67261 -1.7114 42 24 2
8.1819 -0.65183 -1.6628 38 21 13
8.1934 -0.66668 -1.7053 40 26 13
8.0881 -0.68846 -1.6983 40 26 0
8.117 -0.63449 -1.6787 43 25 1
8.0384 -0.68782 -1.6351 50 22 18
8.1395 -0.64494 -1.7251 36 20 0
8.0486 -0.6953 -1.7011 43 25 13
8.3189 -0.61218 -1.7105 43 27 2
8.134 -0.74479 -1.6524 40 21 7
8.1163 -0.76262 -1.7004 38 24 0
8.3158 -0.64069 -1.7146 38 22 0
8.2292 -0.72255 -1.6753 39 24 1
8.1118 -0.73199 -1.7195 35 25 0
8.1675 -0.72761 -1.6989 44 24 17
8.1351 -0.70517 -1.7034 39 21 9
8.187 -0.6953 -1.7049 40 24 11
8.1435 -0.69534 -1.7377 32 22 12
8.3948 -0.6428 -1.7666 42 22 13
8.1155 -0.73717 -1.696 39 25 0
8.138 -0.73 -1.71 39 25 0
8.1731 -0.70645 -1.6723 40 24 11
8.0478 -0.86418 -1.6456 39 21 0
8.2243 -0.77036 -1.7121 43 26 9
8.1951 -0.75932 -1.6605 38 24 0
8.1783 -0.81002 -1.6881 41 25 8
8.3002 -0.75561 -1.7263 38 27 0
8.2763 -0.79005 -1.7148 38 22 9
8.0985 -0.81848 -1.7023 39 21 11
8.028 -0.8635 -1.6591 42 16 15
8.1361 -0.84723 -1.669 39 23 8
8.179 -0.77632 -1.7171 42 24 12
8.1962 -0.75899 -1.6612 38 24 0
8.2905 -0.72362 -1.7477 44 25 11
8.1778 -0.7695 -1.7496 43 20 14
8.021 -0.94452 -1.6471 41 26 7
8.0528 -0.90628 -1.687 34 22 10
8.5806 -0.74455 -1.871 36 29 3
8.0225 -0.93849 -1.6717 35 17 13
8.2985 -0.87962 -1.6853 41 24 16
8.3175 -0.86815 -1.7309 42 27 8
8.0504 -0.88189 -1.6814 37 17 10
8.1016 -0.93199 -1.6681 41 28 12
8.3245 -0.84591 -1.6944 41 29 7
8.376 -0.80484 -1.72 38 20 6
8.1239 -0.90815 -1.6412 38 25 9
8.2382 -0.86024 -1.6773 44 28 2
8.2842 -0.91021 -1.6826 41 24 14
8.2344 -0.94129 -1.6949 42 30 8
8.344 -0.92477 -1.7243 42 26 3
8.0173 -0.99467 -1.6503 41 26 5
8.1645 -0.97613 -1.685 43 29 16
8.294 -0.908 -1.6886 41 24 14
8.268 -0.90698 -1.7079 41 27 18
8.0658 -0.96538 -1.6484 44 25 8
8.2473 -0.93857 -1.7013 42 30 8
8.0276 -0.96774 -1.6537 42 24 0
8.1819 -0.96645 -1.7239 44 26 6
8.0673 -1.0093 -1.687 41 24 0
8.4559 -0.99602 -1.7732 45 25 14
8.2645 -0.99568 -1.6892 44 27 7
8.2675 -1.0014 -1.6604 42 28 17
8.4757 -0.96321 -1.7761 42 28 17
8.3316 -0.9554 -1.7203 42 27 8
8.2566 -1.0181 -1.7182 39 27 11
8.1062 -1.0076 -1.6823 38 22 5
8.2528 -1.046 -1.72 45 28 10
8.0373 -1.04 -1.673 42 25 8
8.1654 -1.0282 -1.6954 45 30 9
8.1081 -1.0326 -1.6917 41 24 0
8.281 -1.0413 -1.7371 45 28 10
8.1089 -1.064 -1.6652 44 28 5
7.9848 -1.074 -1.643 40 23 15
8.245 -1.0264 -1.681 45 29 4
8.0692 -1.0649 -1.6703 44 22 9
8.0189 -1.0361 -1.5722 45 27 17
8.1343 -1.0081 -1.6708 41 31 19
8.2645 -1.0716 -1.7298 45 26 19
8.2235 -1.1045 -1.7117 45 29 14
8.1865 -1.0773 -1.7175 41 23 11
8.0993 -1.1473 -1.6488 39 25 12
8.2686 -1.098 -1.7402 45 29 14
8.0723 -1.1399 -1.6863 43 31 19
8.2885 -1.0462 -1.7109 40 26 15
8.0751 -1.0891 -1.6796 40 23 6
8.0737 -1.1452 -1.66 42 21 0
8.2185 -1.0842 -1.6767 44 28 5
8.099 -1.1981 -1.6576 40 26 13
8.3544 -1.1943 -1.6842 42 26 13
8.0903 -1.1937 -1.6782 43 27 4
8.0706 -1.1708 -1.6614 45 27 13
8.1793 -1.1632 -1.7036 47 31 5
8.134 -1.2201 -1.6838 41 29 7
8.2459 -1.1993 -1.6536 38 26 12
8.0694 -1.2211 -1.6706 44 25 8
8.1 -1.2181 -1.6907 44 25 8
8.1001 -1.2436 -1.6941 45 24 3
8.193 -1.2781 -1.6666 39 23 8
8.0984 -1.3048 -1.6436 45 29 14
8.0954 -1.2999 -1.6744 41 26 5
8.0404 -1.2785 -1.632 42 24 2
8.2942 -1.2276 -1.6531 40 25 18
8.3158 -1.2257 -1.6652 39 25 16
8.1312 -1.3591 -1.6462 43 26 16
8.2378 -1.3073 -1.6679 40 28 6
8.354 -1.3413 -1.8439 43 23 16
8.0481 -1.3276 -1.6493 42 26 0
8.2137 -1.3299 -1.69 39 24 21
8.2023 -1.3619 -1.6585 38 25 7
8.2264 -1.3027 -1.6905 42 26 13
8.2261 -1.3345 -1.6665 42 24 10
8.38 -1.3673 -1.699 38 26 2
8.1979 -1.3884 -1.6628 42 26 13
8.3579 -1.3679 -1.6878 38 26 2
8.3238 -1.419 -1.709 40 27 9
8.1946 -1.4147 -1.6627 44 26 6
8.3054 -1.3641 -1.6892 41 26 7
8.2584 -1.3925 -1.67 44 26 4
8.3008 -1.3642 -1.686 41 26 7
8.1673 -1.384 -1.6712 43 26 18
7.9449 -0.61538 -1.7013 32 19 11
7.9953 -0.65117 -1.7148 43 19 15
7.9965 -0.62614 -1.7122 37 18 12
7.9464 -0.63856 -1.7075 38 24 15
7.8492 -0.67016 -1.6681 40 19 16
7.8653 -0.70345 -1.7127 37 22 0
8.0204 -0.62414 -1.6988 41 21 12
7.889 -0.67764 -1.6999 42 23 19
7.8535 -0.71475 -1.6764 42 25 17
7.8318 -0.76775 -1.6726 36 22 13
7.9223 -0.7492 -1.6822 37 22 0
7.8584 -0.73519 -1.6889 41 22 18
7.817 -0.77284 -1.663 39 22 14
7.9043 -0.77341 -1.695 39 20 14
7.9709 -0.72574 -1.7428 41 20 15
7.9238 -0.71934 -1.7002 36 24 12
7.9484 -0.79511 -1.6772 39 23 10
7.9962 -0.76148 -1.6826 34 27 11
8.0103 -0.80652 -1.6955 41 23 11
7.9175 -0.82764 -1.6674 39 25 0
8.0434 -0.77114 -1.7166 41 23 11
7.941 -0.7667 -1.6984 39 25 12
7.4179 -1.0059 -1.3802 35 22 14
7.9865 -0.86243 -1.6878 37 20 10
7.9619 -0.83876 -1.6961 39 23 8
7.904 -0.89647 -1.6934 34 25 18
7.9362 -0.89376 -1.6885 38 20 0
7.9915 -0.83656 -1.6874 37 17 6
7.9746 -0.88912 -1.6913 32 17 10
7.9468 -0.86653 -1.6953 39 23 0
7.9663 -0.89129 -1.6866 32 17 10
7.9594 -0.94144 -1.6875 34 17 9
8.0231 -0.90735 -1.6978 38 19 5
7.8915 -0.97513 -1.6769 39 19 12
7.8936 -0.92839 -1.6652 37 20 12
7.9965 -0.90784 -1.7093 37 20 3
8.0319 -0.93 -1.7077 33 19 8
8.0717 -0.86979 -1.7261 36 19 12
8.0697 -0.95281 -1.7042 39 26 8
7.9141 -1.0413 -1.6998 37 23 10
7.9922 -1.0127 -1.6944 39 23 8
7.9169 -1.0457 -1.6808 41 21 10
7.9216 -1.0215 -1.6756 40 26 0
8.0138 -0.98967 -1.675 39 21 7
7.8531 -1.0251 -1.6786 32 24 11
7.9881 -0.9891 -1.6883 38 20 10
7.9506 -0.99141 -1.6912 36 24 0
7.9144 -1.0173 -1.6979 40 24 11
7.9809 -0.99657 -1.6548 39 21 7
8.0084 -0.99071 -1.6725 39 21 7
7.9074 -1.0188 -1.6933 40 24 11
7.8818 -1.0007 -1.6734 36 24 10
8.0228 -1.0673 -1.6683 42 25 8
7.8903 -1.0976 -1.6692 40 22 8
7.8516 -1.1219 -1.6746 39 23 0
7.9594 -1.0433 -1.6782 40 24 7
7.8315 -1.0798 -1.6515 36 21 16
8.0477 -1.0324 -1.7067 36 21 14
7.842 -1.0778 -1.6589 36 21 16
7.8904 -1.1211 -1.6723 40 24 7
7.9689 -1.0655 -1.6915 39 23 6
7.9161 -1.0695 -1.6842 38 22 7
7.9502 -1.0982 -1.6586 40 24 9
8.0302 -1.1402 -1.6886 51 24 17
7.9538 -1.1215 -1.6644 41 26 19
7.883 -1.1453 -1.6738 39 22 5
7.9258 -1.1208 -1.6681 40 25 6
8.0569 -1.1617 -1.7105 48 22 8
7.964 -1.1388 -1.7009 41 24 7
7.9559 -1.1452 -1.6693 40 24 11
8.0266 -1.1902 -1.6956 49 27 14
8.0525 -1.1676 -1.6798 52 27 4
8.0314 -1.2396 -1.7039 44 30 4
8.0073 -1.2221 -1.6597 46 28 14
8.0466 -1.1932 -1.6812 45 21 17
8.0084 -1.2169 -1.6871 50 28 17
7.9358 -1.2193 -1.6687 41 26 5
7.8925 -1.289 -1.6797 44 29 6
7.9324 -1.3146 -1.6845 46 30 13
7.855 -1.3146 -1.6587 39 27 5
8.017 -1.2457 -1.671 49 24 17
7.8986 -1.3212 -1.6393 44 27 7
7.8855 -1.2941 -1.649 45 27 7
7.8691 -1.2676 -1.6595 44 27 9
8.0248 -1.3239 -1.6646 45 27 17
8.1378 -1.3442 -1.7399 43 30 14
8.0467 -1.3429 -1.7088 47 28 14
7.9854 -1.3211 -1.6652 43 27 10
7.8977 -1.3445 -1.6387 42 23 7
7.908 -1.3395 -1.672 46 27 23
8.826 0.24214 -0.44414 81 62 32
8.9589 0.24752 -0.42919 84 62 38
8.908 0.22967 -0.45739 81 62 32
8.9713 0.24505 -0.49398 82 62 38
8.8735 0.25037 -0.47992 84 63 34
8.9368 0.25631 -0.48726 83 62 35
9.0562 0.23903 -0.4447 83 63 39
8.9373 0.20543 -0.43736 82 63 31
8.9822 0.20988 -0.47294 81 59 38
8.9598 0.22813 -0.46392 80 60 36
9.0907 0.22594 -0.45075 82 62 37
8.9948 0.22724 -0.50113 82 62 37
9.062 0.22144 -0.47863 83 63 38
9.1457 0.20153 -0.49522 81 61 36
9.1738 0.19414 -0.43351 86 63 32
9.1921 0.17096 -0.44173 85 64 37
9.2779 0.22422 -0.47495 82 59 41
9.1397 0.21963 -0.45682 83 62 33
9.0977 0.20871 -0.48785 84 59 39
9.1829 0.18796 -0.50239 79 59 32
9.3327 0.14992 -0.4944 82 60 39
9.2658 0.18506 -0.48068 82 60 39
9.3045 0.15931 -0.45452 83 62 33
9.324 0.17956 -0.48786 82 61 30
9.3414 0.21058 -0.45011 84 64 37
9.3767 0.11427 -0.43636 84 64 37
9.4717 0.19191 -0.43373 86 66 41
9.3998 0.16998 -0.46444 82 62 38
9.508 0.14914 -0.47895 84 62 38
9.4631 0.17552 -0.50482 82 62 28
9.6253 0.18945 -0.45077 85 63 39
9.495 0.1787 -0.47295 82 63 31
9.4619 0.13996 -0.51083 84 62 39
9.6892 0.14338 -0.46378 84 64 37
9.665 0.14476 -0.49757 84 63 36
9.7621 0.16215 -0.42844 85 65 40
9.6453 0.16154 -0.45476 84 64 37
9.6328 0.094584 -0.50353 82 61 30
9.5417 0.12838 -0.48789 84 63 36
9.6686 0.097838 -0.46839 82 63 33
9.6125 0.063666 -0.43303 84 64 37
9.7123 0.041114 -0.4816 85 64 37
9.8224 0.072469 -0.45027 85 65 38
9.862 0.076091 -0.41406 84 62 38
9.762 0.11 -0.51441 83 63 29
9.7656 0.099824 -0.48042 84 62 41
9.7703 0.090096 -0.44344 87 66 39
9.9948 0.0074931 -0.43928 88 67 40
10.02 0.12075 -0.50346 86 63 29
10.02 0.080349 -0.50857 82 60 36
10.012 0.065514 -0.47035 84 64 37
9.9192 0.058818 -0.41974 84 64 37
9.9184 0.070377 -0.45939 85 64 37
9.9934 0.070702 -0.50852 82 60 36
9.8781 -0.010916 -0.5101 83 61 38
10.017 -0.013129 -0.48391 92 67 37
8.8257 0.20405 -0.51094 83 62 43
8.9597 0.2493 -0.52392 82 63 33
8.8081 0.24392 -0.56156 78 58 33
8.7337 0.20258 -0.64443 79 59 34
8.8218 0.24343 -0.62435 80 59 40
8.8937 0.22473 -0.6421 83 61 38
8.8392 0.22205 -0.54027 79 61 41
8.8626 0.23715 -0.63302 80 60 35
8.9327 0.24487 -0.55092 81 61 37
8.8274 0.22763 -0.65956 79 57 36
8.8096 0.23435 -0.53213 79 63 40
8.8682 0.2193 -0.57726 80 60 33
9.0607 0.21092 -0.54693 80 63 37
9.0155 0.19875 -0.66979 81 61 37
9.0182 0.21959 -0.53777 82 62 38
8.9158 0.21578 -0.58441 80 59 38
9.0335 0.23858 -0.56991 81 57 31
9.0241 0.20235 -0.57588 80 60 36
8.9646 0.23201 -0.55845 80 63 35
8.9273 0.19186 -0.59279 81 62 30
9.0074 0.21496 -0.63397 77 57 33
9.0055 0.20308 -0.60218 82 60 36
8.9458 0.2124 -0.62177 80 60 36
9.0818 0.24276 -0.51095 81 61 37
8.9908 0.21683 -0.66358 81 60 39
8.9647 0.22153 -0.53041 83 64 32
9.186 0.2004 -0.53418 82 62 38
9.1205 0.16786 -0.63015 79 61 25
9.0924 0.19651 -0.65293 80 61 29
9.0842 0.20231 -0.58365 77 60 30
9.0723 0.20616 -0.51537 83 61 37
9.1395 0.20918 -0.52585 81 61 34
9.1382 0.21935 -0.55605 80 63 37
9.0502 0.18553 -0.67966 79 60 30
9.0947 0.16518 -0.55906 80 63 35
9.0486 0.19461 -0.61224 80 58 35
9.1332 0.19556 -0.59389 79 58 31
9.0941 0.18648 -0.62154 74 57 31
9.0593 0.21108 -0.64487 80 60 35
9.1907 0.21421 -0.66743 80 60 35
9.1842 0.18882 -0.60373 78 58 31
9.2532 0.1899 -0.51149 85 62 28
9.2341 0.18052 -0.61318 81 60 33
9.3748 0.19197 -0.56385 85 65 40
9.1853 0.16757 -0.64072 81 63 27
9.2687 0.17512 -0.54906 81 61 34
9.3363 0.16265 -0.52711 83 62 33
9.2579 0.13638 -0.65901 80 61 31
9.2475 0.17604 -0.5834 80 63 35
9.2708 0.15353 -0.69308 81 61 34
9.2821 0.15922 -0.58933 85 63 40
9.3315 0.19391 -0.62514 80 60 35
9.2696 0.16464 -0.51937 85 61 35
9.2821 0.1928 -0.6893 82 60 37
9.2495 0.16585 -0.65408 82 61 34
9.2065 0.17793 -0.54081 82 60 37
9.2084 0.18982 -0.57223 83 61 37
9.5171 0.14037 -0.55537 84 64 37
9.3902 0.15353 -0.53756 83 61 38
9.3827 0.10352 -0.61601 83 62 33
9.5451 0.16418 -0.59196 83 63 39
9.426 0.18113 -0.57001 87 65 28
9.4209 0.15536 -0.61157 80 61 31
9.4729 0.15497 -0.65507 82 61 32
9.3633 0.15159 -0.67514 81 61 37
9.4877 0.17426 -0.58171 82 63 33
9.4131 0.13957 -0.68522 82 61 30
9.4572 0.12413 -0.69753 79 62 36
9.3297 0.14783 -0.59884 81 61 37
9.4202 0.16647 -0.64659 81 62 32
9.4812 0.15994 -0.54735 84 63 32
9.5328 0.13432 -0.63287 83 61 37
9.5503 0.10748 -0.52666 83 64 34
9.6109 0.10636 -0.68854 84 63 36
9.5393 0.1487 -0.66879 83 62 33
9.4805 0.098678 -0.70446 82 61 32
9.6761 0.12398 -0.54031 84 64 37
9.5545 0.11909 -0.67736 82 60 36
9.6045 0.14212 -0.56515 84 62 39
9.6747 0.18416 -0.60773 85 64 45
9.5305 0.13485 -0.52108 82 63 33
9.6223 0.11312 -0.57325 83 64 34
9.5833 0.10632 -0.72107 81 61 37
9.7101 0.12409 -0.62268 83 63 38
9.6969 0.13046 -0.65928 83 63 29
9.5401 0.10139 -0.63887 81 62 30
9.6262 0.064175 -0.6598 83 63 36
9.7172 0.054546 -0.51977 83 62 35
9.8718 0.10008 -0.60846 85 64 37
9.8147 0.10465 -0.56147 84 62 41
9.7274 0.1194 -0.58636 85 65 40
9.8588 0.091926 -0.73183 80 58 37
9.7939 0.08163 -0.64225 82 61 34
9.808 0.12568 -0.63435 83 63 38
9.6999 0.10573 -0.70146 84 64 39
9.9601 0.11005 -0.53589 83 63 29
9.6568 0.079099 -0.54815 84 63 36
9.8586 0.079806 -0.69535 79 61 39
9.7678 0.097812 -0.59598 85 63 39
9.8663 0.08609 -0.57294 85 64 37
9.7883 0.091254 -0.67869 83 62 33
9.7986 0.10733 -0.71866 82 62 35
9.9747 0.087738 -0.58271 86 62 36
9.9097 0.019842 -0.71036 83 61 37
9.9435 0.088056 -0.62 84 64 40
9.8763 0.074521 -0.65382 81 62 30
9.9221 0.056115 -0.54309 83 63 29
9.8958 0.066477 -0.74113 82 60 36
9.8835 0.049833 -0.70109 81 61 34
9.9927 -0.02634 -0.60827 89 64 41
10 -0.0071301 -0.52127 90 63 42
8.8488 0.21007 -0.66689 81 60 33
8.8266 0.22087 -0.81803 74 58 25
8.7699 0.23669 -0.76967 75 57 33
8.8803 0.23846 -0.69927 76 56 31
8.842 0.23812 -0.75455 79 58 37
8.7479 0.23426 -0.79453 76 57 17
8.8188 0.21412 -0.72124 79 59 24
8.8736 0.23684 -0.79542 77 57 33
8.8156 0.25279 -0.74612 81 61 37
8.8219 0.24811 -0.81146 76 57 25
8.9067 0.24459 -0.76834 79 57 36
8.7989 0.22405 -0.7785 76 56 32
8.7938 0.24002 -0.743 81 61 37
8.7752 0.23734 -0.67775 77 57 30
8.7441 0.24267 -0.82324 78 59 29
8.9953 0.22071 -0.76191 81 59 35
8.9946 0.19857 -0.7003 80 60 33
8.9373 0.18001 -0.8205 77 57 22
9.0245 0.22531 -0.73312 77 57 30
8.8823 0.2005 -0.77059 81 60 31
8.9523 0.2068 -0.69006 82 57 35
8.8494 0.19301 -0.79714 78 54 26
8.9604 0.22195 -0.72039 79 57 33
8.862 0.20875 -0.73318 77 57 22
8.9076 0.20566 -0.84319 77 58 24
8.9349 0.21875 -0.74735 79 59 32
8.9553 0.22084 -0.81826 76 56 21
8.949 0.23579 -0.68401 80 61 31
8.9813 0.22405 -0.79089 79 57 33
8.8625 0.21102 -0.82911 79 57 34
8.8982 0.21829 -0.70759 78 58 33
9.0489 0.20796 -0.84497 77 58 28
9.0661 0.21574 -0.74465 77 58 28
9.0556 0.1992 -0.71164 80 60 36
9.1091 0.19494 -0.72495 78 56 33
9.116 0.1881 -0.79448 80 60 36
9.1487 0.20399 -0.69526 80 60 36
9.0394 0.2127 -0.77343 79 59 32
9.0975 0.15685 -0.72955 76 59 33
9.1593 0.22158 -0.83543 79 59 35
9.0899 0.20714 -0.78572 80 60 35
9.054 0.17844 -0.85037 77 58 28
9.0782 0.18991 -0.75107 76 57 27
8.9974 0.20139 -0.7994 77 60 34
9.2385 0.1493 -0.72316 81 61 36
9.2282 0.17786 -0.8215 81 59 35
9.196 0.17349 -0.85199 78 59 27
9.1496 0.16133 -0.77289 78 57 28
9.2385 0.19403 -0.75094 80 60 36
9.2883 0.17318 -0.838 80 60 26
9.1416 0.16801 -0.70248 81 61 37
9.3005 0.19051 -0.87432 80 57 26
9.3058 0.17004 -0.80492 79 60 28
9.1786 0.15341 -0.70972 78 61 33
9.2096 0.14656 -0.75351 79 56 38
9.1287 0.1843 -0.86907 77 58 28
9.2787 0.1912 -0.79507 80 58 19
9.1299 0.15196 -0.87427 77 56 29
9.1613 0.17829 -0.80773 79 58 39
9.1876 0.20279 -0.8462 78 58 31
9.3306 0.1135 -0.71313 81 61 34
9.3564 0.14781 -0.7831 80 60 35
9.388 0.16193 -0.90013 77 56 25
9.3764 0.16867 -0.82219 81 61 27
9.4718 0.15357 -0.76831 81 60 31
9.3889 0.15077 -0.86448 78 61 33
9.3722 0.16702 -0.70935 81 61 34
9.2879 0.14999 -0.87762 77 58 26
9.3947 0.13044 -0.79472 79 60 30
9.3566 0.1124 -0.9011 80 58 34
9.3734 0.13204 -0.82538 78 58 33
9.3339 0.12619 -0.74685 80 60 33
9.4503 0.13251 -0.73285 81 62 32
9.466 0.15006 -0.88267 78 60 38
9.3545 0.17018 -0.74198 80 59 38
9.3211 0.15421 -0.84757 79 59 35
9.3209 0.16586 -0.77373 80 59 28
9.5001 0.11853 -0.74116 81 62 32
9.4933 0.091305 -0.78557 80 59 32
9.4912 0.14952 -0.84886 83 64 34
9.5028 0.11975 -0.74165 81 62 32
9.4511 0.095932 -0.84947 82 60 37
9.6632 0.11436 -0.77392 85 60 38
9.5121 0.13421 -0.8959 82 57 37
9.7047 0.14358 -0.81711 79 57 34
9.3755 0.075603 -0.76318 80 59 30
9.5147 0.11191 -0.82229 81 60 33
9.5612 0.11872 -0.91055 79 58 37
9.6207 0.13213 -0.88043 79 60 28
9.507 0.097096 -0.78588 80 59 32
9.4124 0.10319 -0.80429 81 61 26
9.6502 0.14643 -0.76538 83 64 34
9.5814 0.10366 -0.83717 81 59 38
9.7007 0.053816 -0.79056 84 60 32
9.796 0.088528 -0.92632 81 60 33
9.6716 0.11575 -0.8953 80 60 35
9.7196 0.073232 -0.83428 80 59 30
9.6649 0.10089 -0.85452 82 61 32
9.681 0.072197 -0.74592 83 61 38
9.6834 0.094372 -0.94197 80 59 32
9.773 0.12118 -0.79362 81 59 36
9.8934 0.10207 -0.8595 83 62 33
9.7509 0.061793 -0.75859 85 60 37
9.7125 0.10859 -0.82407 81 61 24
9.7131 0.08241 -0.8683 83 59 33
9.8304 0.089859 -0.89153 81 61 36
9.5875 0.071345 -0.72766 84 63 36
9.6233 0.10763 -0.92704 79 57 36
9.6957 0.087432 -0.90546 80 59 38
9.8423 0.058174 -0.77452 83 61 37
9.8448 0.055811 -0.90137 78 61 31
9.9237 0.036932 -0.75026 81 59 36
9.8588 0.036898 -0.82259 80 60 33
9.8686 0.012743 -0.87016 81 57 29
9.8794 0.084578 -0.82014 80 60 35
8.7588 0.21402 -0.89699 76 56 31
8.8062 0.21991 -0.84471 77 56 35
8.7926 0.23628 -1.0001 78 56 32
8.7538 0.20289 -0.96096 74 56 34
8.7544 0.22215 -0.92593 74 53 32
8.6923 0.22526 -0.93686 75 58 38
8.8081 0.23182 -0.87538 74 57 29
8.7637 0.23553 -0.86119 79 57 34
8.7157 0.21787 -0.88253 75 58 30
8.8069 0.21199 -0.91132 74 56 32
8.7734 0.23057 -0.83389 75 57 35
8.8376 0.24045 -0.94795 76 55 26
8.763 0.23812 -0.95873 75 59 36
8.8523 0.22695 -0.88841 77 59 35
8.7496 0.24883 -0.91883 78 57 30
8.7269 0.22738 -0.97956 75 55 30
8.9622 0.23763 -0.9523 77 57 32
8.8534 0.23006 -0.98875 76 58 36
8.9768 0.21216 -0.85817 74 57 31
8.9151 0.24275 -0.93742 76 56 31
8.9167 0.2035 -1.014 77 58 26
8.8209 0.20068 -0.95065 77 58 28
8.9291 0.23049 -0.97811 75 58 32
8.9337 0.21079 -0.91457 75 58 32
8.916 0.22125 -0.87565 79 58 27
8.8556 0.21803 -0.8593 78 55 37
8.9459 0.20652 -0.88578 78 58 33
8.8009 0.21079 -1.0068 75 54 23
8.9574 0.21449 -0.98879 76 56 31
8.9643 0.20712 -0.95814 76 56 31
8.8852 0.21722 -1.0019 74 56 34
9.0083 0.20863 -0.90244 75 58 32
9.0494 0.18722 -0.88275 77 56 35
8.9576 0.19423 -1.0284 74 57 31
9.0724 0.16697 -0.89453 77 55 31
9.0857 0.19596 -0.961 77 56 37
8.9849 0.20722 -0.93049 80 58 34
9.0144 0.18006 -0.90935 79 60 30
8.996 0.20209 -0.90034 75 58 32
9.0116 0.19103 -1.046 76 56 32
9.0075 0.19714 -0.87003 74 57 27
9.0692 0.17737 -1.0315 78 58 34
9.0173 0.18278 -1.0135 80 58 34
9.0827 0.18331 -0.92837 80 58 35
9.019 0.17258 -0.98131 75 57 33
9.0199 0.194 -0.94278 75 58 32
9.0456 0.23014 -1.0142 79 59 34
8.9233 0.15388 -0.95608 75 56 26
9.1844 0.15679 -0.92254 79 57 34
9.0554 0.12656 -0.99983 74 57 29
9.088 0.15403 -1.0407 77 56 37
9.2485 0.17676 -0.90025 77 58 26
9.21 0.15838 -1.0038 78 57 28
9.2608 0.15995 -0.94257 81 61 37
9.0992 0.17022 -0.97057 78 56 35
9.1927 0.1613 -1.0347 78 57 36
9.2172 0.15058 -0.97133 78 60 36
9.0898 0.15414 -0.93353 79 60 30
9.2171 0.1843 -0.96379 75 58 30
9.1655 0.15941 -1.0641 79 57 36
9.1798 0.17722 -0.99053 77 58 26
9.1007 0.18219 -1.0039 76 55 36
9.1271 0.16183 -0.90811 78 57 36
9.4101 0.14744 -1.0621 79 60 30
9.2791 0.1457 -0.98747 79 58 37
9.328 0.15715 -0.96055 80 59 38
9.3636 0.13858 -0.97372 80 59 38
9.3501 0.16723 -1.0799 77 59 35
9.2002 0.1198 -0.8982 79 58 27
9.2324 0.15796 -1.0852 78 57 28
9.2983 0.12003 -0.99729 79 59 32
9.4102 0.1357 -1.0244 77 57 30
9.3712 0.13062 -0.94072 79 59 32
9.3302 0.14642 -1.0405 78 58 34
9.3043 0.13476 -0.92327 81 57 29
9.304 0.16913 -1.0291 78 56 35
9.3484 0.20205 -1.0745 81 60 33
9.3156 0.16285 -1.1099 79 57 36
9.2934 0.10589 -1.0749 78 60 36
9.498 0.12552 -1.1324 80 58 35
9.6135 0.11538 -0.96249 78 59 27
9.5142 0.12065 -1.0976 79 59 34
9.5575 0.12726 -1.0663 79 58 31
9.4328 0.086668 -0.96238 79 59 34
9.5042 0.12946 -1.0125 80 58 35
9.4658 0.12553 -0.92485 81 59 36
9.4262 0.1303 -1.1092 76 58 34
9.4559 0.12021 -1.043 78 59 27
9.5452 0.11038 -1.029 81 61 34
9.5194 0.097583 -1.144 78 58 33
9.4968 0.10278 -0.93703 81 58 25
9.5412 0.096782 -0.98889 77 59 35
9.5745 0.10902 -1.1164 77 57 32
9.4727 0.14029 -0.96292 79 59 34
9.418 0.11495 -1.0701 76 57 27
9.6936 0.084036 -1.0285 79 58 39
9.6913 0.095145 -1.0674 79 59 32
9.71 0.075951 -1.1188 79 57 33
9.6594 0.0966 -0.97768 80 58 37
9.5588 0.078637 -1.0357 78 59 29
9.5967 0.10657 -1.0837 80 59 28
9.8388 0.10247 -1.0625 80 58 37
9.7548 0.084432 -0.96081 79 58 29
9.5068 0.045322 -0.98764 81 61 37
9.6437 0.061372 -1.1448 80 60 35
9.6846 0.11693 -1.1487 78 58 33
9.7192 0.067565 -1.081 76 58 34
9.6918 0.10762 -1.1091 78 59 29
9.7359 0.089011 -0.99696 79 59 32
9.8056 0.061738 -1.1039 78 58 33
9.7947 0.072841 -1.0128 83 59 31
9.7965 0.061243 -0.97145 82 61 32
9.7956 0.042253 -1.1912 78 57 38
9.7679 0.059426 -1.1385 78 56 32
9.844 0.064376 -1.0719 80 61 31
9.7373 0.059447 -1.1708 79 59 35
8.6804 0.24283 -1.0897 73 52 31
8.73 0.23224 -1.0776 72 54 32
8.735 0.22733 -1.1474 71 56 27
8.8017 0.23336 -1.0703 75 55 30
8.6931 0.2212 -1.0993 72 51 20
8.7647 0.22287 -1.093 75 55 28
8.7811 0.24066 -1.0294 74 55 25
8.7182 0.23311 -1.0087 74 54 27
8.7806 0.21019 -1.0342 75 58 15
8.705 0.20659 -1.041 73 56 30
8.6589 0.21907 -1.0548 72 54 32
8.79 0.22904 -1.1668 74 54 27
8.724 0.24758 -1.041 75 56 22
8.6724 0.23079 -1.1571 74 56 32
8.6776 0.22269 -1.1254 72 54 32
8.7384 0.21826 -1.1164 74 54 19
8.8849 0.21929 -1.1035 74 57 27
8.7891 0.21791 -1.1377 73 51 27
8.8421 0.21498 -1.0548 76 55 28
8.908 0.20983 -1.0443 75 52 34
8.8187 0.19078 -1.0173 79 57 20
8.8362 0.19424 -1.1939 76 55 36
8.7899 0.19618 -1.0727 78 55 39
8.9017 0.19729 -1.1137 76 56 31
8.8697 0.19064 -1.137 71 54 34
8.8179 0.22316 -1.1114 72 57 28
8.887 0.2093 -1.0715 79 53 26
8.8595 0.19621 -1.1683 76 52 26
8.8172 0.21443 -1.1827 74 53 32
8.8367 0.20337 -1.1239 73 55 35
8.8056 0.19657 -1.1461 73 53 28
8.9699 0.18161 -1.1755 76 56 29
8.9563 0.21591 -1.0937 76 55 26
8.987 0.17956 -1.1472 76 56 31
8.9275 0.20219 -1.1929 73 52 31
9.0119 0.15891 -1.0514 78 56 33
9.0187 0.17503 -1.1959 74 53 26
8.9525 0.17084 -1.0652 75 55 31
9.0278 0.16842 -1.1636 76 55 34
8.976 0.20585 -1.1382 77 57 32
8.9487 0.17985 -1.0966 76 57 25
9.0145 0.18416 -1.2293 75 54 23
8.9318 0.17263 -1.1998 74 53 24
9.0336 0.19273 -1.1247 75 55 30
8.9858 0.22257 -1.1751 75 54 33
8.9239 0.18717 -1.0534 76 54 33
9.0206 0.17476 -1.0882 77 56 35
9.1302 0.1534 -1.092 76 56 22
9.2489 0.17759 -1.1251 76 56 29
9.1747 0.16436 -1.1781 77 57 32
9.1993 0.19923 -1.1429 76 54 31
9.0893 0.18862 -1.1436 75 57 33
9.0573 0.17334 -1.2469 72 56 30
9.009 0.13728 -1.1985 73 54 22
9.1052 0.1414 -1.1956 77 56 37
9.1829 0.15719 -1.2584 76 53 22
9.0786 0.16129 -1.1816 75 57 35
9.1462 0.18425 -1.1657 76 55 38
9.1701 0.15062 -1.1415 76 54 30
9.07 0.16766 -1.1068 76 55 24
9.0915 0.1672 -1.0767 76 56 22
9.1141 0.16889 -1.2705 75 56 24
9.1249 0.16273 -1.2372 74 55 21
9.2933 0.16393 -1.259 76 56 31
9.2638 0.16157 -1.171 76 56 29
9.2507 0.16707 -1.2055 78 56 33
9.3189 0.12844 -1.2335 76 55 34
9.2408 0.15057 -1.2818 76 56 31
9.2638 0.13803 -1.2124 78 58 33
9.3246 0.14296 -1.2738 76 55 34
9.3216 0.15374 -1.1917 77 57 33
9.3674 0.1634 -1.1662 78 57 30
9.3166 0.12807 -1.1163 78 58 31
9.4211 0.16375 -1.2231 76 56 32
9.1949 0.11722 -1.1184 77 57 30
9.1435 0.12661 -1.2124 76 56 32
9.2506 0.11996 -1.2895 76 56 31
9.3884 0.099637 -1.3046 77 54 21
9.6499 0.16567 -1.2138 76 54 33
9.4743 0.10175 -1.2096 76 55 26
9.5199 0.12003 -1.3478 75 53 29
9.4799 0.12946 -1.1669 76 55 24
9.5108 0.14186 -1.2991 76 56 31
9.4059 0.11926 -1.3485 75 54 33
9.5401 0.11666 -1.313 75 54 33
9.4281 0.14212 -1.2694 78 58 31
9.3844 0.11091 -1.2221 78 59 29
9.5075 0.12836 -1.2591 77 56 29
9.4601 0.15754 -1.1558 77 57 32
9.361 0.1356 -1.3294 75 55 31
9.4504 0.1283 -1.1983 77 56 29
9.4783 0.078349 -1.2578 77 57 33
9.373 0.13004 -1.1743 76 56 29
9.3373 0.11307 -1.2854 77 53 25
9.6809 0.12749 -1.1862 80 58 35
9.7581 0.080031 -1.2183 79 57 33
9.7667 0.095839 -1.2627 76 55 36
9.6624 0.051315 -1.3684 76 57 25
9.3704 -0.0039698 -1.2349 77 56 37
9.5581 0.059843 -1.3719 75 54 33
9.7039 0.095235 -1.3302 76 55 34
9.6118 0.069839 -1.3458 77 54 36
9.5633 0.088353 -1.3261 77 56 35
9.5778 0.070452 -1.2498 77 55 34
9.4319 0.045023 -1.3306 78 54 26
9.5721 0.106 -1.2399 78 57 30
9.6891 0.077095 -1.2856 76 56 32
9.7731 0.13852 -1.2573 78 58 33
9.6126 0.043543 -1.3965 75 53 30
9.6623 0.081014 -1.1902 79 57 34
9.5671 0.091971 -1.1997 79 54 32
9.7478 0.036196 -1.2232 77 57 30
9.7169 0.048587 -1.2999 76 56 32
9.7431 0.030895 -1.3546 76 55 34
9.7418 0.070463 -1.3467 77 56 39
9.7399 0.041786 -1.3956 77 55 32
8.6175 0.21903 -1.2016 69 51 29
8.7162 0.22724 -1.1739 75 54 33
8.728 0.21839 -1.3174 70 50 25
8.7238 0.2125 -1.2116 74 54 30
8.7067 0.21697 -1.3429 73 51 28
8.6696 0.23246 -1.255 73 52 23
8.7641 0.2255 -1.1943 73 53 29
8.7334 0.21028 -1.2858 74 54 29
8.681 0.23142 -1.3265 71 50 29
8.7014 0.21045 -1.2374 72 53 21
8.6619 0.23868 -1.283 73 50 32
8.6719 0.21485 -1.2914 73 54 24
8.6626 0.23544 -1.1829 71 52 22
8.6732 0.22348 -1.224 71 52 18
8.6838 0.2188 -1.1952 70 54 31
8.6919 0.21547 -1.2646 72 53 23
8.6494 0.24224 -1.3111 72 52 27
8.8962 0.20714 -1.2485 77 57 30
8.8238 0.18064 -1.3675 74 55 21
8.752 0.1905 -1.2968 77 51 34
8.7349 0.16993 -1.2603 72 52 28
8.8742 0.20657 -1.2774 71 54 26
8.869 0.21498 -1.3096 74 54 27
8.8373 0.20602 -1.2272 76 54 30
8.8117 0.22215 -1.2118 76 56 29
8.7752 0.21257 -1.2356 75 54 23
8.7945 0.19551 -1.3524 72 53 21
8.7704 0.1788 -1.237 71 52 35
8.7591 0.21702 -1.3659 72 49 33
8.7467 0.19849 -1.3278 72 54 30
8.7741 0.22273 -1.2655 74 51 20
8.8627 0.22281 -1.3414 71 53 33
8.9604 0.19919 -1.2412 71 55 22
8.931 0.1948 -1.2681 72 56 23
8.9136 0.1756 -1.3353 74 54 17
8.9788 0.19927 -1.3215 75 53 30
8.9798 0.1773 -1.254 73 55 31
8.8832 0.17973 -1.2852 72 52 15
8.8839 0.18223 -1.395 74 54 29
8.8907 0.1953 -1.3229 72 52 27
8.8399 0.16551 -1.2029 73 55 31
8.8736 0.19676 -1.3489 74 54 30
8.9343 0.17712 -1.4181 71 50 29
8.9662 0.17122 -1.3581 75 54 25
8.952 0.17515 -1.3891 75 55 28
8.9022 0.18071 -1.3658 73 53 28
8.9784 0.16622 -1.3265 72 52 25
8.9866 0.19202 -1.2892 75 52 36
9.1444 0.15016 -1.287 75 55 31
9.0471 0.14712 -1.3988 75 53 30
9.0159 0.12011 -1.3533 72 51 32
9.088 0.16688 -1.2965 73 51 27
9.1466 0.17475 -1.4761 74 57 31
9.0702 0.17038 -1.443 74 54 30
9.1596 0.16941 -1.4426 75 53 29
9.1447 0.15029 -1.3999 75 54 27
9.1381 0.17009 -1.357 74 54 29
9.04 0.18852 -1.4261 74 53 34
9.1507 0.16428 -1.3208 76 54 31
9.0458 0.17885 -1.2786 72 54 30
9.0804 0.1864 -1.3682 75 56 26
9.0844 0.17648 -1.3306 74 53 32
9.035 0.18489 -1.3123 75 54 33
9.0588 0.18666 -1.3958 72 52 25
9.2001 0.14228 -1.4231 74 54 30
9.1893 0.14919 -1.3421 76 55 34
9.2725 0.12971 -1.4159 76 52 24
9.158 0.13366 -1.4473 75 54 27
9.2287 0.15652 -1.316 74 53 24
9.2295 0.14467 -1.3946 75 53 32
9.2214 0.11748 -1.4379 72 54 30
9.1858 0.1586 -1.4931 69 52 24
9.1823 0.15683 -1.3731 75 54 27
9.2884 0.16134 -1.377 73 54 24
9.2811 0.12225 -1.3819 72 54 30
9.2309 0.098002 -1.4853 75 55 30
9.2835 0.14734 -1.3385 75 54 35
9.2036 0.12074 -1.4702 74 54 30
9.3859 0.097302 -1.4285 73 52 33
9.4117 0.083193 -1.4815 76 57 25
9.3607 0.13466 -1.4535 74 52 29
9.4011 0.092205 -1.3936 75 54 35
9.3623 0.1103 -1.4985 75 52 19
9.3885 0.11027 -1.4684 72 51 34
9.4065 0.13145 -1.388 75 55 21
9.461 0.092643 -1.4567 70 53 27
9.1937 0.069586 -1.4366 75 55 31
9.6496 0.18898 -1.4278 73 55 31
9.2358 0.066115 -1.3758 75 54 33
9.6063 0.06489 -1.4757 76 56 29
9.6472 0.069134 -1.4446 75 55 31
9.4698 0.072627 -1.3794 74 56 34
9.4704 0.084994 -1.421 73 56 30
9.5242 0.081832 -1.4856 75 55 21
9.662 0.12736 -1.4855 77 57 23
9.5539 0.069949 -1.4105 77 56 35
8.5677 0.22858 -1.4764 70 48 25
8.6033 0.1953 -1.3309 70 50 23
8.5812 0.20747 -1.4877 73 50 17
8.6614 0.21191 -1.3901 72 52 27
8.6207 0.20979 -1.441 68 51 25
8.631 0.24184 -1.3353 69 51 27
8.666 0.22597 -1.4248 70 53 25
8.5893 0.21962 -1.4203 71 48 17
8.6623 0.20435 -1.4603 70 49 32
8.6387 0.20152 -1.4845 72 52 27
8.6143 0.21315 -1.3672 72 52 27
8.6891 0.21703 -1.3661 70 50 23
8.7057 0.2196 -1.447 74 53 26
8.6037 0.21024 -1.4648 68 53 14
8.6247 0.23083 -1.4042 69 52 32
8.5333 0.19574 -1.4294 68 47 28
8.6719 0.1801 -1.4713 71 52 22
8.7711 0.18444 -1.4491 70 53 27
8.7423 0.21001 -1.4653 69 49 22
8.7977 0.18839 -1.4259 73 52 23
8.7883 0.2031 -1.383 69 50 18
8.7941 0.21761 -1.4183 68 51 23
8.7098 0.19955 -1.3821 72 49 33
8.73 0.19189 -1.4284 72 51 30
8.7761 0.19818 -1.4834 70 52 32
8.7698 0.20645 -1.5176 68 52 29
8.8084 0.18495 -1.5019 69 51 27
8.6817 0.19369 -1.4023 74 54 30
8.8601 0.21233 -1.4151 70 50 26
8.9038 0.1508 -1.4827 73 53 29
8.9007 0.20263 -1.4346 71 50 21
8.9371 0.23427 -1.4833 71 53 29
8.9183 0.17933 -1.4449 74 51 20
8.8246 0.18324 -1.476 70 52 30
8.9485 0.2078 -1.4946 74 55 23
8.8345 0.15651 -1.4838 74 53 34
8.992 0.18663 -1.4825 69 51 27
8.9471 0.12973 -1.4701 68 50 26
9.0454 0.13556 -1.4775 70 49 30
9.0118 0.15148 -1.4561 72 52 27
9.1051 0.17723 -1.5357 70 52 30
8.9592 0.15782 -1.4344 73 53 28
8.7846 0.30252 -1.5875 48 28 1
8.6914 -1.0874 -1.6548 48 32 7
8.8043 -1.0805 -1.6708 49 30 24
8.4322 -1.2676 -1.5243 42 27 8
8.4497 -0.59334 -1.7439 38 25 9
8.4844 -0.74426 -1.7215 41 26 7
8.6097 -0.70235 -1.8279 37 23 14
8.3538 -0.74453 -1.676 38 24 11
8.283 -0.73742 -1.6336 41 25 8
8.2678 -0.82306 -1.6367 44 25 11
8.3978 -0.84599 -1.7203 38 24 15
8.4404 -0.78549 -1.6989 41 24 7
8.4794 -0.79736 -1.7589 37 23 22
8.5096 -0.77513 -1.7031 42 25 7
8.3964 -0.85997 -1.6586 44 25 8
8.6165 -0.92309 -1.6952 45 28 11
8.4334 -1.0019 -1.6788 53 27 10
8.4386 -0.97884 -1.6406 44 28 11
8.5543 -0.98808 -1.7059 42 25 18
8.5863 -0.95921 -1.6829 46 28 4
8.381 -1.0045 -1.6797 56 30 16
8.5803 -0.99083 -1.6819 44 28 11
8.4374 -1.0302 -1.6817 53 29 3
8.5019 -1.0267 -1.6809 44 29 6
8.3585 -1.0366 -1.6694 51 28 22
8.3868 -1.0668 -1.6572 56 30 7
8.6968 -1.003 -1.749 46 29 19
8.3944 -1.0938 -1.6704 53 30 14
8.4242 -1.0963 -1.6503 43 27 12
8.6228 -1.1135 -1.6972 45 27 7
8.5122 -1.1203 -1.6791 47 30 22
8.4809 -1.1179 -1.686 44 26 14
8.4194 -1.1478 -1.6962 55 32 16
8.4105 -1.1202 -1.6846 55 29 14
8.5094 -1.245 -1.6594 45 28 20
8.7449 -1.2151 -1.8553 45 27 15
8.4493 -1.2087 -1.688 43 27 12
8.5164 -1.2503 -1.6321 42 26 11
8.3832 -1.2709 -1.6662 43 30 12
8.501 -1.2337 -1.7215 43 27 10
8.3345 -1.2408 -1.6631 42 28 19
8.5395 -1.2368 -1.7134 43 27 12
8.3468 -1.2119 -1.6643 42 29 13
8.4072 -1.2979 -1.6842 43 27 14
8.4687 -1.2769 -1.6481 41 22 5
8.3569 -1.3566 -1.6691 46 28 24
8.6634 -1.2775 -1.6785 42 25 17
8.466 -1.3061 -1.65 46 28 8
8.4351 -1.2733 -1.6618 44 28 5
8.2854 -1.3316 -1.6214 39 25 12
8.1839 -0.43623 -1.6994 42 25 15
8.2683 -0.40754 -1.718 41 21 12
8.2171 -0.5092 -1.7042 41 23 13
8.2504 -0.44183 -1.7148 42 24 2
8.4257 -0.37554 -1.7869 36 22 19
8.1658 -0.6 -1.72 47 22 17
8.1519 -0.60515 -1.7117 47 22 17
8.0644 -0.61327 -1.6508 40 19 0
8.3403 -0.51493 -1.7909 41 21 22
8.1625 -0.55743 -1.6751 40 24 9
8.0233 -0.69525 -1.6688 40 24 1
8.1408 -0.68661 -1.7207 41 21 0
8.197 -0.6633 -1.6597 36 20 0
8.1223 -0.68548 -1.7412 41 24 14
8.3559 -0.61722 -1.7192 40 23 15
8.1231 -0.64866 -1.6704 43 28 23
8.1377 -0.66231 -1.7105 37 23 14
8.1319 -0.6379 -1.7082 37 21 0
8.1794 -0.65444 -1.7119 40 24 11
8.1677 -0.71792 -1.6828 39 20 6
8.0895 -0.75505 -1.6944 40 26 0
8.2178 -0.66811 -1.7371 37 19 7
8.2157 -0.72934 -1.7151 41 25 12
8.3216 -0.65608 -1.7076 40 24 0
8.2552 -0.6972 -1.7053 32 23 8
8.3364 -0.64362 -1.7477 34 20 11
8.0777 -0.73364 -1.6821 40 24 1
8.1269 -0.72416 -1.6864 43 23 14
8.2929 -0.71271 -1.7321 39 25 0
8.1864 -0.79081 -1.7085 45 26 19
7.9842 -0.86618 -1.6175 36 20 0
8.196 -0.76174 -1.7087 43 22 19
8.1314 -0.79982 -1.704 41 18 12
8.1431 -0.83604 -1.6543 41 25 12
8.1819 -0.81853 -1.7095 42 25 17
8.2702 -0.74728 -1.7199 38 22 7
8.2723 -0.86227 -1.7124 42 23 7
8.0277 -0.9279 -1.6592 41 23 1
8.3454 -0.82323 -1.7201 38 26 10
8.1263 -0.853 -1.7085 39 18 0
8.0266 -0.95265 -1.6648 43 26 0
8.1794 -0.91728 -1.6346 41 24 4
8.1094 -0.99132 -1.6949 36 24 2
8.3607 -0.8686 -1.7754 42 27 6
8.0669 -0.94946 -1.6631 40 22 8
8.2676 -0.92409 -1.692 40 25 6
8.0535 -0.97161 -1.6851 43 26 6
8.0413 -0.98031 -1.648 41 24 7
8.0287 -1.0017 -1.6742 38 25 19
8.2702 -0.95076 -1.698 41 26 7
8.1415 -0.99078 -1.6873 44 25 8
8.2777 -0.90125 -1.6621 41 24 14
8.1167 -1.0212 -1.6794 42 27 8
8.1099 -1.0166 -1.7027 43 26 9
8.2552 -1.0351 -1.704 43 27 2
8.3874 -0.99703 -1.7118 50 28 13
8.1514 -1.0469 -1.6722 38 33 14
8.1666 -1.0321 -1.7427 39 22 14
8.1599 -0.9993 -1.6397 39 25 14
8.3089 -0.97674 -1.6998 42 25 5
8.276 -0.99774 -1.7442 42 27 6
8.1258 -1.0395 -1.716 39 22 14
8.3568 -0.996 -1.7262 45 28 20
8.0311 -1.0812 -1.6602 41 24 17
8.0792 -1.0534 -1.6609 43 24 7
8.2313 -1.006 -1.717 42 27 6
8.1684 -1.0238 -1.6488 44 30 4
8.1948 -1.0272 -1.7587 39 22 14
8.0612 -1.0815 -1.6553 40 25 6
8.1083 -1.1506 -1.6982 52 27 4
8.2549 -1.0893 -1.715 46 28 14
8.1365 -1.147 -1.7156 52 27 4
8.3789 -1.0489 -1.7505 43 33 8
8.1805 -1.0944 -1.7011 40 27 11
8.0622 -1.1373 -1.6313 44 28 13
8.0653 -1.1615 -1.6433 42 32 7
8.0815 -1.0899 -1.6052 42 28 17
8.2148 -1.0627 -1.715 45 31 18
8.0634 -1.2118 -1.65 39 23 0
8.0827 -1.1845 -1.6597 42 28 15
8.01 -1.2122 -1.6449 46 25 4
8.0726 -1.1804 -1.679 46 27 13
8.0581 -1.2373 -1.6543 44 26 6
8.2213 -1.2922 -1.6709 40 28 16
8.1757 -1.2898 -1.6733 45 29 14
8.1322 -1.2823 -1.7118 41 24 6
8.0932 -1.2899 -1.6539 39 27 13
8.1429 -1.3741 -1.6414 43 25 13
8.2136 -1.3193 -1.6683 43 25 11
8.1498 -1.3122 -1.6936 41 25 0
8.1948 -1.3515 -1.6342 42 25 5
8.1875 -1.3467 -1.6621 42 25 15
8.1415 -1.3177 -1.6577 42 25 15
8.2487 -1.4034 -1.6772 41 30 11
8.3577 -1.3793 -1.7045 39 27 3
8.2702 -1.376 -1.6854 42 26 9
8.2292 -1.3987 -1.6975 42 26 11
7.8846 -0.64786 -1.6772 37 20 0
7.8405 -0.70425 -1.6829 38 21 1
7.9045 -0.67053 -1.6657 39 23 0
7.8445 -0.72615 -1.6861 39 22 2
7.8607 -0.72705 -1.6692 38 26 12
7.9607 -0.62479 -1.6988 35 22 13
8.0068 -0.62363 -1.7634 34 21 12
7.7765 -0.80155 -1.6209 42 21 16
8.0503 -0.68208 -1.8092 39 25 16
7.8471 -0.78342 -1.6453 36 26 0
7.9311 -0.83871 -1.6624 43 25 3
8.0697 -0.75394 -1.7145 36 24 12
7.9856 -0.79813 -1.695 41 23 11
7.9272 -0.78638 -1.6773 40 24 0
7.9734 -0.7779 -1.6811 35 28 12
7.9538 -0.87998 -1.6852 39 21 1
7.9682 -0.85183 -1.6912 36 22 11
7.9613 -0.86037 -1.6564 39 23 10
7.9072 -0.91038 -1.6842 35 18 10
7.9702 -0.88126 -1.6737 42 20 7
8.0185 -0.94878 -1.685 39 22 12
7.9943 -0.92997 -1.6656 41 21 12
7.9625 -0.93155 -1.6747 38 21 13
8.0236 -0.89799 -1.6817 28 19 10
7.9281 -0.91629 -1.6492 37 20 13
7.9607 -0.90216 -1.6942 38 21 3
7.8942 -1.0069 -1.6964 36 24 10
7.9579 -0.97494 -1.7072 34 20 9
7.8578 -1.0381 -1.6729 27 19 6
7.8957 -1.0357 -1.6734 38 21 11
8.0314 -1.0202 -1.7079 38 25 9
7.9294 -1.0051 -1.6921 39 23 8
7.9656 -0.98478 -1.6579 39 26 8
8.0082 -1.0002 -1.6873 39 24 17
7.9195 -1.0365 -1.6625 38 25 7
7.9758 -1.0009 -1.6967 40 26 0
7.9566 -1.1066 -1.6743 40 23 13
8.0119 -1.0542 -1.6721 40 25 4
7.9997 -1.0506 -1.695 42 25 0
7.8975 -1.1108 -1.6621 39 26 7
7.8899 -1.1067 -1.6852 38 24 15
7.8735 -1.0862 -1.6713 36 21 16
8.0731 -1.0177 -1.7084 43 28 9
7.9462 -1.0493 -1.7147 42 24 20
7.9547 -1.0533 -1.6941 41 23 0
7.9554 -1.0532 -1.6939 41 23 0
8.0542 -1.1271 -1.6878 42 27 20
7.8704 -1.1331 -1.6748 43 23 24
8.0752 -1.1495 -1.7042 53 26 17
7.9123 -1.1321 -1.6749 40 24 7
7.8635 -1.1722 -1.5983 50 23 16
7.9566 -1.1306 -1.6784 39 24 17
8.0544 -1.1271 -1.6874 42 27 20
8.0641 -1.2012 -1.7073 51 32 15
8.0122 -1.2364 -1.6537 46 21 14
7.9172 -1.2356 -1.6431 40 28 6
8.0281 -1.1803 -1.6794 47 29 7
7.9896 -1.2335 -1.6645 50 28 17
7.8679 -1.2175 -1.6072 35 29 5
7.8972 -1.2746 -1.6931 43 24 8
7.8966 -1.3027 -1.6714 44 26 22
7.8994 -1.2792 -1.6686 41 27 16
7.8716 -1.3089 -1.6318 43 28 5
7.9102 -1.3253 -1.6855 45 30 23
7.8121 -1.3572 -1.5946 46 27 23
8.0047 -1.3252 -1.7207 45 26 22
7.9788 -1.3312 -1.6777 46 28 16
8.1229 -1.3345 -1.7153 42 29 13
8.0809 -1.3313 -1.7146 46 26 17
