2695
-0.50639 0.053027 -0.85279 0.11619 21.033 6.1364 3.3409
18.847 7.7864 3.3448 21 12 5
18.876 7.743 3.2067 17 14 0
18.368 8.7072 3.2607 72 42 18
19.291 7.918 2.9472 57 28 4
19.281 7.9355 3.0093 66 36 20
19.302 7.9113 2.992 62 44 32
19.292 7.9448 2.9404 60 28 3
19.259 7.9535 2.9594 70 39 18
19.34 7.9002 2.9939 56 29 0
19.304 7.9353 2.9653 61 31 13
19.332 7.9078 2.9922 56 29 0
18.721 7.9205 2.7384 22 16 2
19.926 7.2869 3.0603 45 23 0
19.952 7.2247 3.0608 40 22 0
19.315 7.9171 2.9034 39 23 0
19.265 7.9424 2.9182 53 28 0
19.303 7.9221 2.833 28 23 4
19.265 7.9352 2.8506 23 15 13
19.303 7.9206 2.8098 37 20 28
19.294 7.9402 2.9198 52 24 0
19.315 7.9366 2.8067 48 29 15
19.323 7.9296 2.8333 54 34 10
19.323 7.9059 2.8828 41 23 13
19.308 7.9199 2.8563 42 25 5
19.222 7.9842 2.884 27 14 5
19.316 7.9328 2.7847 53 26 9
19.345 7.9268 2.7426 51 28 0
19.346 7.9233 2.7203 51 25 0
19.348 7.9192 2.6984 52 29 0
19.312 7.9345 2.7617 56 30 3
19.321 7.9168 2.6732 56 28 1
19.322 7.9447 2.6641 59 31 4
19.318 7.9243 2.7164 55 27 0
19.35 7.9168 2.6991 52 29 0
19.243 7.9702 2.674 79 50 10
19.25 7.9657 2.7 61 36 13
19.308 7.913 2.7895 70 47 16
19.306 7.9392 2.7358 50 24 0
19.286 7.9334 2.7589 75 55 21
19.308 7.9135 2.7894 70 47 16
19.327 7.9128 2.6965 50 31 0
19.344 7.9293 2.7644 58 30 1
17.425 7.0727 1.981 75 46 22
18.21 6.9616 2.3527 74 47 14
17.676 7.0859 2.0409 76 48 19
17.402 7.2054 2.1086 72 43 22
17.596 7.3753 2.0048 82 50 27
17.518 7.4465 1.9659 79 49 13
17.494 7.3792 2.0281 83 54 22
17.552 7.4765 1.9617 76 48 21
17.562 7.4303 1.9825 79 49 13
17.499 7.4065 2.1497 76 46 8
17.772 7.5645 2.0386 71 43 14
19.368 7.9156 2.584 53 30 0
19.365 7.9206 2.6066 56 30 13
19.346 7.9171 2.6516 58 33 3
19.316 7.9421 2.5697 58 28 2
19.331 7.9239 2.5526 53 31 10
19.336 7.9236 2.601 53 27 10
19.323 7.939 2.6205 55 28 19
19.298 7.9338 2.5931 56 29 12
19.35 7.9335 2.5517 52 26 0
19.35 7.9395 2.6218 49 27 6
19.267 7.9598 2.5051 59 29 3
19.273 7.9554 2.5341 56 33 0
19.297 7.9333 2.5693 58 26 3
19.307 7.9298 2.6431 57 31 8
19.305 7.9291 2.6193 55 30 0
19.398 7.9104 2.5663 53 30 0
19.364 7.926 2.6515 55 30 10
17.545 5.8422 1.9535 82 51 33
17.207 5.849 1.8022 80 48 33
17.308 5.9535 1.8942 81 50 30
17.401 5.9346 1.8579 82 52 34
17.618 5.9606 1.9911 81 51 33
17.455 5.9853 1.9084 80 53 32
17.195 6.0481 1.7697 81 52 31
17.197 6.1368 1.9216 79 51 24
17.497 6.1031 1.9207 79 52 35
17.484 6.149 1.9329 82 53 31
17.309 6.1388 1.8334 81 54 33
17.415 6.186 1.896 83 54 30
17.363 6.1741 1.832 82 53 29
17.53 6.2803 1.8587 85 56 32
17.508 6.2451 1.8654 82 53 29
17.524 6.2328 1.9694 87 56 36
17.384 6.2233 1.8686 86 57 36
17.629 6.2877 1.9385 90 60 34
17.437 6.3076 1.9008 92 60 35
17.348 6.2238 1.852 86 57 36
17.562 6.3743 1.9231 102 69 38
17.517 6.3296 1.8831 95 63 40
17.416 6.347 1.8831 96 65 35
17.702 6.3894 1.9297 98 68 34
17.567 6.4104 1.9105 104 70 41
17.778 6.3496 1.9755 97 66 36
17.703 6.3084 1.9196 91 61 33
17.513 6.5894 1.9182 94 63 35
17.574 6.5695 1.8962 93 62 34
17.398 6.5633 1.8796 95 64 34
17.581 6.6065 1.8855 93 62 32
17.703 6.616 1.8807 89 57 32
17.875 6.5676 2.0122 90 62 33
17.634 6.5891 1.8713 96 63 32
17.597 6.7293 1.887 80 50 16
17.435 6.6764 1.8446 82 50 25
17.732 6.6961 1.9054 82 50 25
17.516 6.654 1.8435 83 52 31
17.432 6.7287 1.8757 79 49 23
17.763 6.6908 1.9186 82 50 25
17.5 6.6561 1.8364 83 52 31
17.534 6.701 1.8753 81 50 22
17.997 6.7557 1.9856 76 47 23
17.633 6.7719 1.9256 79 48 28
17.403 6.8669 1.86 73 42 22
17.47 6.8133 1.9033 79 49 23
17.584 6.8595 1.8786 77 48 14
17.87 6.7446 1.9387 79 48 27
17.8 6.7212 1.9213 79 51 22
17.874 6.7538 1.9789 78 50 23
17.703 6.7968 1.9406 78 48 24
17.571 6.7727 1.8598 79 51 20
17.689 6.8276 1.8844 72 44 15
17.778 6.7251 1.9124 79 51 22
17.658 6.9427 1.9601 76 48 21
17.56 6.9658 1.9191 76 48 21
17.686 6.9157 1.8924 76 45 24
17.573 6.9735 1.9685 75 47 20
17.428 6.9449 1.8442 76 48 21
17.391 6.9642 1.8705 79 48 18
17.864 6.902 1.9188 77 48 24
17.402 6.9194 1.8842 77 47 23
17.724 6.8989 2.0385 77 48 8
17.774 6.8856 1.8958 76 46 22
17.663 6.8819 1.8973 75 48 15
17.794 6.8434 1.9148 76 45 25
17.748 6.9117 1.9614 78 47 26
17.797 6.8424 1.9155 76 45 25
17.545 7.0506 1.8844 76 46 22
17.882 6.9535 1.9847 73 44 13
17.761 6.9751 1.9 75 45 17
17.904 7.0125 1.931 75 46 25
17.814 6.9514 1.8801 76 48 21
17.556 7.0581 1.9276 77 47 21
17.919 6.9713 1.9486 78 48 22
17.783 6.9408 1.9563 77 49 22
17.777 6.971 1.9071 75 45 17
17.647 7.0748 1.9586 77 48 14
17.678 7.0455 1.8845 77 47 23
17.92 7.0459 1.9287 76 48 21
17.54 7.1348 1.8563 77 47 21
17.779 7.1543 1.9643 80 51 20
17.87 7.1074 1.9279 78 49 27
17.984 7.0637 1.9419 77 46 25
17.525 7.1698 1.9666 77 47 19
17.836 7.0795 1.927 77 48 16
17.609 7.1355 1.9651 76 46 22
17.502 7.2081 1.9018 79 50 18
17.695 7.1007 1.9612 79 49 15
17.534 7.2088 1.9608 81 52 18
17.75 7.0653 1.9026 75 46 15
17.825 7.1304 1.9434 77 47 21
17.541 7.1762 1.8403 76 48 21
17.76 7.2396 1.9299 82 51 21
17.598 7.2717 1.9526 86 56 20
17.557 7.2334 1.9126 81 54 21
17.915 7.1315 1.9331 78 48 22
17.794 7.1792 1.9166 80 48 23
17.549 7.2782 1.8985 85 55 19
17.963 7.1915 1.9289 85 54 24
17.921 7.1297 1.9371 78 48 22
17.739 7.2371 1.8809 82 52 26
17.989 7.1453 1.9541 81 51 25
17.801 7.1866 1.9604 81 53 22
17.513 7.4383 1.9178 81 51 15
17.609 7.3934 1.912 82 53 13
17.992 7.2567 1.9146 153 85 22
17.57 7.4601 1.9281 78 47 16
17.572 7.3741 1.9556 83 53 15
17.72 7.3939 1.9471 79 50 16
18.021 7.2922 1.9468 81 52 21
17.869 7.2633 1.877 196 150 98
17.77 7.3659 1.9249 81 52 21
17.87 7.3586 1.9205 80 50 14
18.209 7.292 2.0132 76 48 21
17.727 7.4824 1.9606 73 47 20
17.801 7.435 1.9168 76 48 21
17.997 7.348 1.9655 76 47 15
17.673 7.5557 1.9646 76 47 13
18.081 7.3812 1.936 76 48 21
17.743 7.4261 1.9459 79 49 13
17.825 7.4345 1.9684 74 46 17
17.904 7.4242 1.9052 77 49 22
18.069 7.3113 1.9581 78 48 24
17.669 7.4641 1.9512 76 46 22
18.204 7.2941 2.0117 76 48 21
18.008 7.42 1.942 73 48 16
17.74 7.418 1.9055 77 49 22
18.052 7.4778 1.9313 75 45 21
18.043 7.4982 2.0066 76 46 20
17.805 7.6231 1.9741 77 44 9
17.962 7.4873 1.9443 75 47 16
18.073 7.5066 1.9333 75 46 22
17.788 7.5719 1.9047 73 44 22
17.733 7.605 1.9249 73 44 20
17.918 7.5463 1.9118 75 47 18
17.713 7.656 1.8997 73 48 16
18.026 7.5364 1.9444 77 49 22
18.073 7.5531 1.9543 76 47 25
18 7.5483 1.9324 77 49 22
17.975 7.568 1.9621 77 48 26
17.811 7.653 1.9269 75 46 24
18.065 7.6032 1.9701 78 50 11
18.169 7.5448 1.9887 75 50 20
18.276 7.4493 2.0164 75 47 18
18.141 7.6346 1.9463 71 49 28
18.215 7.6342 1.9629 59 34 12
18.11 7.6195 1.9798 58 32 18
18.18 7.6593 1.9869 57 33 21
18.129 7.7184 1.9079 53 31 18
18.138 7.7205 1.9573 50 33 15
18.186 7.6875 1.9357 53 31 18
18.156 7.8733 1.9506 39 28 9
18.373 7.7 2.0297 68 43 11
18.502 8.5554 1.988 81 56 2
18.39 8.7128 1.9924 84 57 24
18.47 8.6278 1.9557 83 55 6
18.326 8.7714 1.9187 82 54 25
19.373 7.9349 2.5313 58 33 11
19.375 7.931 2.5084 56 33 2
19.32 7.9344 2.522 61 34 0
19.385 7.9171 2.4657 51 28 12
19.322 7.9272 2.4771 59 33 10
19.372 7.9288 2.4359 52 26 11
19.318 7.9295 2.4508 56 31 9
19.33 7.9422 2.3962 52 29 0
19.329 7.9446 2.4213 49 24 20
19.331 7.9448 2.4472 51 28 10
19.293 7.9526 2.4123 56 31 11
19.374 7.9322 2.508 56 33 2
19.387 7.9395 2.409 56 30 3
19.367 7.9377 2.4804 53 35 11
19.379 7.9233 2.4628 51 28 12
19.316 7.9361 2.4971 56 29 8
19.336 7.9442 2.498 55 33 12
19.353 7.9279 2.5293 54 32 11
19.349 7.9513 2.3994 55 27 0
19.287 7.9573 2.3813 55 29 14
19.332 7.9457 2.4737 59 31 2
19.399 7.9284 2.4405 53 27 0
18.147 5.3577 2.1832 66 40 17
18.242 5.3733 2.1925 69 38 28
18.044 5.3552 2.1302 70 42 5
17.568 5.245 1.8829 70 40 24
17.602 5.2845 1.8877 69 39 25
17.562 5.231 1.8463 67 37 21
17.151 5.1342 1.8093 69 38 17
17.605 5.3935 1.8002 71 41 23
17.402 5.3288 1.7562 72 41 23
17.619 5.3965 1.8064 71 41 23
17.904 5.4303 1.9438 70 40 24
17.848 5.4988 1.966 81 51 17
17.54 5.4252 1.8002 77 45 22
17.628 5.4107 1.8457 75 44 24
17.517 5.3999 1.8354 74 46 33
18.053 5.5188 1.9917 73 40 25
17.768 5.5283 1.8659 93 58 29
17.698 5.5458 1.8229 92 54 28
17.568 5.6747 1.7816 78 45 26
17.909 5.7101 1.9022 75 47 20
17.833 5.7726 1.8818 76 46 22
17.682 5.7219 1.8209 77 48 17
17.67 5.7005 1.8646 81 47 18
17.824 5.7818 1.9095 78 50 21
17.481 5.6886 1.8227 76 46 22
17.835 5.7302 1.8564 76 45 25
17.532 5.7153 1.7912 79 48 28
17.579 5.8437 1.8477 77 48 24
17.874 5.8662 1.8546 77 48 27
17.57 5.8874 1.8652 81 51 25
17.852 5.8557 1.9273 78 47 27
17.912 5.9018 1.8667 79 50 29
17.769 5.8687 1.8432 77 48 26
17.724 5.8763 1.859 81 50 22
17.67 5.8832 1.8706 80 49 18
17.394 5.9689 1.8363 78 51 34
17.713 5.9193 1.8787 77 46 25
17.845 5.9594 1.9242 79 50 19
17.7 5.9065 1.8338 79 50 29
17.451 5.9253 1.8388 77 50 29
17.878 5.9695 1.8488 80 49 31
17.878 5.9384 1.8616 78 48 22
17.558 5.9657 1.8705 79 51 24
17.905 5.9817 1.8964 79 48 28
17.706 5.9837 1.8476 78 47 19
17.907 5.9118 1.8978 75 47 20
17.398 5.909 1.7731 80 49 18
17.774 5.9436 1.8541 81 51 25
17.865 6.0221 1.9029 81 50 29
18.064 6.0391 1.9135 81 48 29
17.595 6.0017 1.8744 80 48 33
17.596 5.9892 1.832 80 50 16
17.859 6.0859 1.8762 82 53 21
17.974 6.0781 1.8965 80 50 24
17.772 6.0405 1.813 81 45 29
17.863 6.0111 1.8657 80 49 29
18.046 6.0386 1.9052 81 48 29
17.514 6.009 1.8714 80 50 26
17.592 6.1607 1.8864 80 51 27
17.898 6.1602 1.8997 80 51 27
17.628 6.1849 1.8561 81 51 25
17.707 6.1732 1.8544 81 50 22
17.981 6.1814 1.8935 82 52 28
17.662 6.1495 1.8812 80 50 32
17.734 6.1386 1.8766 79 50 18
18.084 6.1092 1.9297 81 51 27
17.946 6.1177 1.8964 80 51 27
17.599 6.1607 1.889 80 51 27
17.832 6.1718 1.782 85 53 28
17.643 6.1499 1.8749 79 51 24
17.912 6.1494 1.8691 83 51 30
17.931 6.1279 1.924 81 51 27
17.899 6.1392 1.8296 83 53 29
17.756 6.216 1.8921 80 52 25
18.003 6.2745 1.9823 87 55 30
17.948 6.2658 1.9179 90 59 29
17.811 6.2381 1.8716 85 54 24
17.85 6.1945 1.8706 85 51 26
17.726 6.2287 1.9231 84 53 32
17.678 6.2525 1.8454 85 54 23
17.996 6.2434 1.8674 90 56 27
17.691 6.2637 1.8925 86 56 32
17.94 6.2559 1.879 89 54 32
17.943 6.224 1.8964 88 57 29
18.109 6.2001 1.9061 87 53 26
18.062 6.211 1.918 85 53 28
17.415 6.1987 1.8002 80 50 32
18.057 6.2732 1.8876 94 60 33
17.957 6.286 1.9941 88 57 36
17.852 6.2905 1.946 88 57 36
18.116 6.3328 1.892 102 67 37
17.981 6.3086 1.8355 95 61 32
18.007 6.2852 1.897 94 58 36
18.084 6.3451 1.913 127 88 47
18.008 6.3173 1.885 103 69 34
17.842 6.3038 1.8572 100 69 41
18.071 6.3459 1.9063 127 88 47
18.002 6.3929 1.8935 153 104 61
18.033 6.4128 1.8575 128 85 53
18.039 6.4544 1.8806 148 102 59
18.127 6.5191 1.9347 116 77 44
18.092 6.556 1.9003 97 64 33
17.925 6.5747 1.9424 88 57 29
18.139 6.5588 1.9581 97 59 20
18.108 6.5125 1.8922 106 68 32
18.103 6.4804 1.9016 120 76 39
18.162 6.4643 1.8965 109 72 38
17.869 6.562 1.8424 128 83 38
18.089 6.4912 1.9274 145 99 50
18.175 6.5353 1.9076 100 63 31
17.894 6.6492 1.9024 83 51 26
18.145 6.614 1.9033 91 57 30
18.215 6.5614 1.9132 94 58 32
17.877 6.6975 1.9181 78 48 24
17.953 6.6743 1.9144 80 50 22
17.728 6.649 1.877 84 52 27
17.968 6.6274 1.8995 86 53 18
18.097 6.631 1.9128 86 52 25
17.937 6.6772 1.9086 80 50 22
17.865 6.6185 1.9041 84 52 29
18.238 6.6309 1.9368 87 53 24
17.795 6.6185 1.8329 90 55 25
18.211 6.5942 1.9014 91 57 28
18.173 6.577 1.9292 93 58 26
18.035 6.6508 1.9178 83 53 17
18.263 6.6174 1.9145 86 55 25
18.112 6.5955 1.9335 91 57 32
17.835 6.6686 1.9118 81 50 29
18.021 6.7312 1.9174 78 47 26
17.961 6.753 1.9302 78 46 21
17.969 6.7864 1.9182 78 47 17
18.05 6.6822 1.9119 80 48 23
18.183 6.7237 1.947 77 47 21
17.985 6.7034 1.9149 80 48 27
18.272 6.6479 1.9088 84 53 22
18.167 6.6761 1.888 82 51 21
18.028 6.7207 1.8879 80 49 21
18.045 6.674 1.8768 85 51 26
17.873 6.7968 1.8367 76 44 19
17.817 6.8082 1.8089 76 44 19
18.308 6.713 1.9302 81 51 17
17.859 6.7368 1.898 78 48 22
18.137 6.6905 1.9041 84 52 27
17.969 6.8225 1.909 78 49 15
18.399 6.7335 2.0012 78 48 24
18.16 6.8295 1.8987 74 45 21
18.079 6.7795 1.8874 76 45 24
17.809 6.8301 1.8829 78 48 24
18.002 6.8242 1.9581 76 47 23
18.316 6.7431 1.9239 77 47 21
18.192 6.7885 1.93 78 48 24
18.085 6.8219 1.9137 78 49 15
18.349 6.8079 1.9451 77 48 17
18.437 6.7559 2.0109 79 49 23
18.194 6.7882 1.9313 78 48 24
18.338 6.7703 1.9238 75 46 22
18.145 6.7561 1.8833 76 46 20
18.12 6.771 1.9087 76 45 24
17.904 6.8827 1.8994 76 47 25
18.073 6.8593 1.8907 76 46 18
18.169 6.8699 1.9231 77 47 19
18.186 6.8998 1.9188 74 47 14
18.237 6.8444 1.9247 77 48 24
18.024 6.9345 1.9624 76 47 23
18.312 6.8911 1.9403 76 48 21
18.411 6.8558 1.9566 76 44 19
17.9 7.0044 1.8931 76 48 21
17.875 7.0113 1.8811 76 48 21
18.222 6.8481 1.9178 77 48 24
18.134 6.9574 1.9191 75 46 12
18.192 6.8895 1.8866 77 45 22
18.177 6.8847 1.8435 76 48 11
18.149 6.9443 1.8886 77 47 21
18.427 6.883 1.9532 75 45 17
18.098 7.0563 1.9445 80 50 16
18.088 7.0504 1.9024 75 46 14
18.193 6.9752 1.9351 75 47 16
18.071 7.0732 1.9626 79 51 22
18.378 6.978 1.9656 79 49 21
18.092 6.9871 1.9688 76 48 21
18.329 6.985 1.9064 73 43 19
18.214 7.0033 1.9316 76 47 15
18.178 6.9881 1.9598 76 46 20
18.36 6.9426 1.9356 74 45 21
18.094 7.0576 1.9428 80 50 16
18.382 6.9766 1.9668 77 49 22
18.025 6.9971 1.903 76 46 22
18.285 7.0153 1.9516 78 49 18
18.391 6.8931 1.9335 75 45 17
18.351 6.9127 1.9454 76 46 20
18.055 7.0333 1.9366 76 44 21
18.248 6.9845 1.9128 78 48 22
18.214 6.9606 1.9102 76 47 23
18.218 6.9937 1.8972 78 48 22
18.236 7.0738 1.9506 76 46 22
18.103 7.0903 1.9338 76 47 13
18.348 7.0204 1.9353 79 49 23
18.45 7.0116 1.9485 77 46 15
18.079 7.1067 1.9573 81 51 23
18.312 7.0404 1.9509 76 46 20
18.279 7.0933 1.9579 80 49 21
18.142 7.149 1.9214 79 49 23
18.283 7.0241 1.9867 76 49 12
18.424 6.9879 1.9456 72 43 21
18.095 7.1743 1.9397 82 53 22
18.188 7.0981 1.9605 78 48 20
18.304 7.1109 1.9193 79 49 23
18.308 7.0755 1.9396 78 48 22
18.5 7.0267 1.9632 76 44 21
18.095 7.1379 1.955 81 51 23
18.202 7.1634 1.9404 81 51 13
18.294 7.1568 1.9391 81 51 17
18.425 7.1339 1.9573 78 49 17
18.057 7.27 1.9288 82 52 18
18.149 7.1909 1.9505 98 66 25
18.353 7.1767 1.9916 81 52 8
18.387 7.1148 1.9529 80 49 21
18.184 7.2334 1.8681 76 47 23
18.545 7.1126 1.9801 75 49 22
18.141 7.2665 1.9248 80 50 12
18.377 7.1857 1.924 78 46 21
18.212 7.1517 1.9102 81 51 25
18.15 7.2267 1.9392 85 53 15
18.134 7.2245 1.8936 84 52 14
18.409 7.132 1.9183 77 47 21
18.325 7.2909 1.9374 73 45 18
18.195 7.2735 1.895 78 47 17
18.364 7.2403 1.9727 74 46 17
18.136 7.3132 1.9425 76 48 21
18.186 7.3294 1.9472 76 47 13
18.208 7.2764 1.937 74 48 23
18.375 7.228 1.9427 77 47 21
18.426 7.2408 1.9552 76 47 23
18.268 7.3228 1.9448 76 47 16
18.464 7.2178 1.9463 77 46 18
18.23 7.3389 1.9259 76 47 16
18.503 7.2341 1.9521 77 48 24
18.279 7.2827 1.962 77 48 8
18.133 7.2777 1.9526 75 49 24
18.526 7.1522 1.958 75 45 21
18.396 7.186 1.9668 76 48 11
18.518 7.1556 1.9535 75 45 21
18.395 7.2125 1.9239 76 48 19
18.43 7.2392 1.9577 76 47 23
18.114 7.4048 1.9372 76 48 21
18.254 7.3723 1.9573 73 45 16
18.554 7.277 1.9582 74 46 19
18.396 7.3291 1.9506 75 46 25
18.465 7.2913 1.9533 73 46 11
18.447 7.3331 1.9341 75 47 20
18.292 7.4194 1.916 76 47 13
18.312 7.3393 1.9568 74 45 11
18.399 7.2936 1.9628 72 43 19
18.325 7.3688 1.9467 73 45 14
18.089 7.4535 1.9118 76 47 23
18.243 7.4134 1.9413 73 47 7
18.174 7.4527 1.944 73 47 20
18.24 7.3428 1.9663 73 43 15
18.357 7.3047 1.9056 73 46 11
18.558 7.308 1.9494 76 47 16
18.459 7.4437 1.9639 76 48 19
18.429 7.4243 1.9653 77 47 13
18.279 7.4762 1.967 74 46 17
18.276 7.5214 1.986 77 49 9
18.261 7.4412 1.9369 76 48 11
18.465 7.3999 1.9461 76 47 16
18.445 7.444 1.9228 75 45 21
18.6 7.3597 1.9775 77 48 14
18.26 7.449 1.971 74 46 17
18.542 7.4285 1.9676 76 48 21
18.531 7.468 1.9481 77 48 14
18.351 7.5549 2.0016 74 45 23
18.452 7.5165 1.9384 79 52 9
18.405 7.4848 2.0096 74 46 19
18.215 7.5888 1.9458 73 48 18
18.377 7.4919 1.9585 75 45 11
18.467 7.4742 1.9582 75 45 19
18.574 7.4058 1.9513 76 46 22
18.554 7.4156 1.9402 76 46 22
18.403 7.5138 1.9606 75 45 21
18.369 7.5812 1.9944 59 32 15
18.335 7.557 1.9515 78 48 12
18.508 7.4803 1.9349 77 48 14
18.431 7.5346 1.9601 77 46 15
18.458 7.527 2.0065 73 44 10
18.639 7.4049 1.9752 77 47 19
18.617 7.4555 1.9825 74 48 21
18.403 7.6637 1.9371 55 33 12
18.45 7.6429 1.9941 57 34 0
18.57 7.5149 1.9422 75 46 22
18.555 7.5477 2.0683 59 33 6
18.392 7.6337 1.945 56 31 8
18.336 7.7158 1.97 54 32 8
18.62 7.5591 1.9817 59 34 12
18.448 7.6441 1.9926 57 34 0
18.172 7.7256 1.8828 59 33 6
18.621 7.5525 1.9484 71 46 16
18.479 7.5432 1.9717 74 45 11
18.504 7.5576 1.9375 75 47 20
18.405 7.6392 2.0227 53 33 8
18.481 7.5768 1.9599 70 42 15
18.408 7.589 1.9671 66 38 9
18.538 7.6195 1.9996 56 34 11
18.439 7.7139 1.9365 59 34 14
18.638 7.6491 1.9535 62 37 15
18.603 7.6434 1.9743 59 37 16
18.246 7.7995 1.8748 56 33 0
18.594 7.6145 1.9845 57 32 12
18.589 7.6859 1.9572 64 43 16
18.559 7.7112 1.9692 65 40 20
18.596 7.7159 1.9524 65 39 12
18.535 7.7497 1.883 61 41 16
18.539 8.5173 1.9681 80 50 22
19.322 7.9107 2.3074 53 29 3
19.282 7.9607 2.352 50 29 0
19.342 7.9191 2.2797 50 26 16
19.321 7.938 2.2418 48 23 0
19.391 7.931 2.364 53 30 0
19.355 7.9133 2.3866 51 30 0
19.348 7.9403 2.2488 49 28 0
19.409 7.914 2.3984 52 29 0
19.345 7.9517 2.346 55 27 0
19.38 7.9379 2.2837 53 27 2
19.341 7.9237 2.3295 54 28 3
19.354 7.9392 2.3281 53 27 12
19.325 7.9387 2.2951 52 28 2
19.359 7.9075 2.3639 49 28 11
19.363 7.9257 2.2847 47 25 10
19.344 7.9545 2.371 56 28 0
19.392 7.9284 2.34 50 29 0
19.397 7.9494 2.2831 48 29 0
19.373 7.9433 2.2553 46 26 17
19.372 7.948 2.3026 50 27 11
19.368 7.9222 2.3117 57 28 4
19.412 7.934 2.3181 51 35 2
17.795 5.216 1.8257 63 35 21
17.869 5.2631 1.842 66 34 22
17.645 5.1574 1.8067 65 38 1
17.876 5.2496 1.8915 65 38 5
18.402 5.4265 2.0628 67 40 23
18.016 5.3463 1.8584 67 40 23
17.923 5.318 1.8915 67 37 19
18.187 5.3813 1.9138 68 37 7
17.992 5.3124 1.8558 65 38 21
18.105 5.3861 1.8631 67 36 16
17.891 5.2975 1.8431 68 38 22
18.066 5.4872 1.8966 67 36 16
18.472 5.5591 2.0426 68 42 28
18.077 5.4675 1.8376 66 39 18
18.247 5.4705 1.9043 67 36 8
18.064 5.4501 1.8796 68 44 32
17.943 5.4088 1.7813 67 37 19
18.026 5.4013 1.8346 65 40 20
17.934 5.4416 1.8779 69 42 5
18.023 5.4671 1.8454 68 41 24
18.064 5.465 1.8328 66 39 18
17.892 5.5408 1.8906 86 49 13
17.686 5.471 1.8093 78 48 20
18.031 5.5176 1.899 70 43 10
17.903 5.4753 1.8883 72 40 0
17.995 5.4831 1.8963 70 40 14
18.15 5.5477 1.8833 70 41 17
18.233 5.5288 1.9058 67 36 24
18.108 5.5114 1.8701 72 43 19
17.925 5.5078 1.8853 73 42 24
18.207 5.523 1.8926 67 36 24
17.863 5.5236 1.8428 80 48 7
18.257 5.5841 1.8916 68 37 16
17.91 5.5235 1.8376 74 43 22
18.199 5.5577 1.9078 70 41 17
18.107 5.5651 1.8472 70 41 19
18.156 5.5862 1.9073 70 41 20
18.23 5.5539 1.8936 70 39 18
18.102 5.6514 1.921 74 43 13
17.916 5.602 1.8754 80 49 19
17.93 5.6341 1.8729 78 44 15
18.016 5.6084 1.8891 78 46 23
18.002 5.5782 1.8952 77 46 16
17.943 5.6123 1.8049 71 44 7
18.029 5.5724 1.8757 72 42 24
18.287 5.6768 1.9025 71 39 24
18.213 5.6127 1.892 69 42 23
18.168 5.6311 1.8579 71 41 23
18.144 5.6635 1.862 73 42 24
17.915 5.5727 1.8848 87 53 18
17.971 5.5893 1.8341 73 44 13
17.961 5.6951 1.857 76 48 1
18.115 5.725 1.858 74 45 21
18.136 5.7007 1.8812 72 43 21
18.204 5.7544 1.8593 70 43 22
18.141 5.7176 1.8362 74 43 33
18.027 5.6942 1.857 74 44 20
18.115 5.725 1.858 74 45 21
18.284 5.7289 1.8806 75 42 25
18.122 5.6704 1.8829 72 41 21
18.209 5.7014 1.8855 73 43 25
18.143 5.7181 1.838 74 43 33
18.153 5.7029 1.888 72 43 21
18.049 5.7365 1.8891 76 44 19
17.976 5.6692 1.879 74 45 14
18.254 5.752 1.8567 72 43 11
17.944 5.7921 1.8479 77 45 20
18.229 5.8209 1.876 73 44 23
18.126 5.775 1.9164 75 42 25
17.899 5.7265 1.8474 75 45 7
18.166 5.7607 1.8755 75 45 21
17.925 5.7704 1.8819 78 48 24
18.193 5.7798 1.8401 73 43 25
18.155 5.8328 1.9016 72 41 21
18.099 5.76 1.8655 72 43 19
18.082 5.7863 1.846 70 45 13
18.001 5.788 1.8422 75 44 26
18.297 5.8191 1.8811 74 43 22
18.315 5.8475 1.8781 75 45 9
18.187 5.7895 1.8699 76 47 25
17.915 5.7993 1.8666 79 48 17
18.121 5.8187 1.8516 75 48 5
17.887 5.7543 1.8268 74 45 14
18.057 5.8906 1.8616 76 48 11
18.026 5.8771 1.8109 77 48 27
17.912 5.8289 1.8521 78 48 24
18.29 5.8539 1.892 74 44 26
18.223 5.9128 1.8695 77 46 25
18.275 5.8799 1.8757 74 47 30
18.036 5.8781 1.8165 77 48 27
18.172 5.9183 1.8736 78 46 23
17.98 5.8944 1.8561 77 46 18
18.14 5.8598 1.8848 73 44 13
18.276 5.9077 1.8667 76 51 31
18.184 5.8538 1.8736 73 40 23
17.967 5.8639 1.865 78 44 15
18.253 5.8878 1.8966 77 44 25
18.225 5.8852 1.8817 78 45 26
18.103 5.8377 1.9097 76 45 24
18.107 5.8662 1.8981 74 45 13
17.929 5.9316 1.8544 78 49 28
18.276 5.9716 1.8712 76 46 28
18.194 5.9479 1.8711 75 47 20
18.061 5.9301 1.8828 77 47 13
17.979 5.9961 1.8555 79 48 28
18.272 6.0093 1.8912 76 46 12
18.211 5.9872 1.9012 77 47 21
18.117 5.9532 1.8668 77 46 18
18.378 5.9416 1.903 73 44 22
18.267 5.9429 1.8749 77 48 26
18.374 5.9681 1.8908 76 47 26
18.072 5.9898 1.8645 78 45 28
18.211 5.9779 1.8711 76 44 23
18.158 5.9272 1.8984 76 46 10
18.385 5.9957 1.8862 75 46 14
18.084 6.0496 1.8445 80 51 19
17.799 6.0619 1.7698 80 49 29
18.127 6.0807 1.8543 80 48 25
18.395 6.0862 1.8867 77 44 29
18.079 6.0298 1.8885 80 45 26
18.191 6.0435 1.8671 80 49 31
18.395 6.0593 1.8998 79 52 33
18.255 6.0358 1.8663 78 48 24
18.22 6.0255 1.9247 79 48 20
18.408 6.0328 1.9177 77 51 26
18.351 6.0949 1.8955 79 47 22
18.401 6.0862 1.8895 77 44 29
18.215 6.0155 1.89 78 47 27
18.156 6.0906 1.8988 81 49 26
18.029 6.058 1.8504 78 48 24
18.223 6.0256 1.9263 79 48 20
18.002 6.0571 1.8365 78 48 24
18.254 6.064 1.8527 79 49 23
18.256 6.0739 1.888 79 50 18
18.238 6.1021 1.866 81 48 17
18.28 6.1687 1.893 85 51 22
18.26 6.1788 1.917 84 49 27
18.371 6.15 1.8794 79 51 24
18.103 6.1199 1.8615 82 51 23
18.04 6.1298 1.8652 81 51 23
18.197 6.15 1.8969 84 50 21
18.343 6.1218 1.8751 78 49 25
18.23 6.1114 1.8931 81 47 22
18.369 6.1784 1.8684 80 49 31
18.055 6.0987 1.8814 82 49 32
18.454 6.114 1.9061 76 44 29
18.271 6.1404 1.9024 81 50 30
18.335 6.1312 1.904 80 50 26
18.418 6.1135 1.8855 76 44 29
18.15 6.1601 1.9076 83 50 31
18.334 6.1589 1.8882 83 51 28
18.368 6.15 1.8776 79 51 24
18.213 6.2387 1.8682 89 55 28
18.258 6.2372 1.8915 89 55 28
18.414 6.1863 1.9216 85 56 25
18.131 6.2202 1.8702 88 54 29
18.404 6.2329 1.8582 83 52 31
18.126 6.2301 1.9014 92 56 34
18.121 6.19 1.8777 87 55 30
18.226 6.2086 1.8873 87 51 27
18.31 6.1971 1.8968 86 55 27
18.357 6.2245 1.9099 90 56 27
18.354 6.2155 1.8765 86 52 27
18.301 6.2648 1.9017 91 57 32
18.499 6.2572 1.9015 81 50 29
18.407 6.2053 1.8754 82 52 26
18.027 6.2544 1.8031 90 55 26
18.113 6.2611 1.8813 90 59 29
18.385 6.2523 1.9154 88 56 33
18.229 6.3066 1.8795 94 61 30
18.125 6.3225 1.8609 100 64 40
18.484 6.3025 1.9411 89 57 32
18.376 6.318 1.9127 94 60 31
18.12 6.3637 1.8791 109 72 38
18.508 6.3204 1.9145 89 54 34
18.093 6.2831 1.8222 92 58 29
18.501 6.2656 1.9327 86 54 29
18.379 6.3 1.8507 88 54 29
18.328 6.2927 1.9038 89 57 32
18.029 6.2962 1.8256 95 61 34
18.453 6.2773 1.9403 88 56 31
18.334 6.35 1.8781 97 61 35
18.236 6.3364 1.8711 97 63 28
18.259 6.3439 1.9154 102 65 33
18.199 6.3389 1.8512 97 63 28
18.399 6.3363 1.8816 94 58 34
18.307 6.3705 1.9302 104 67 31
18.507 6.3564 1.9312 93 57 33
18.199 6.4196 1.894 106 72 37
18.472 6.3505 1.8788 87 55 30
18.396 6.3744 1.9009 103 65 37
18.401 6.4115 1.9204 99 64 32
18.382 6.4049 1.8798 97 62 33
18.166 6.3912 1.8876 107 72 40
18.287 6.4019 1.9057 104 68 30
18.265 6.4435 1.9135 108 71 37
18.457 6.3888 1.8898 90 60 22
18.277 6.433 1.8847 96 62 25
18.249 6.3663 1.8682 99 64 35
18.527 6.4101 1.917 86 55 27
18.439 6.4283 1.8997 92 57 35
18.323 6.3898 1.8933 102 65 33
18.541 6.3728 1.908 85 54 26
18.487 6.4512 1.9119 92 56 30
18.379 6.5116 1.9044 95 58 26
18.365 6.5047 1.862 88 58 30
18.228 6.5413 1.8535 93 58 28
18.323 6.4585 1.8986 101 63 37
18.265 6.5142 1.9214 103 65 36
18.476 6.4442 1.8758 87 53 26
18.478 6.5103 1.8823 82 52 26
18.244 6.4766 1.8899 104 65 34
18.308 6.4996 1.9106 99 63 25
18.424 6.4383 1.9218 101 63 37
18.456 6.4721 1.9591 98 61 29
18.387 6.472 1.8882 94 59 30
18.575 6.4882 1.9069 82 51 31
18.525 6.4752 1.9234 86 52 27
18.573 6.4607 1.9191 83 52 31
18.463 6.5881 1.9116 82 50 29
18.455 6.5305 1.9336 89 56 25
18.258 6.5462 1.9035 97 62 33
18.405 6.5463 1.9368 93 59 32
18.358 6.5926 1.9304 85 54 26
18.378 6.5504 1.9219 93 59 32
18.479 6.5477 1.9015 84 52 31
18.59 6.5223 1.935 79 51 24
18.312 6.5917 1.874 85 53 30
18.419 6.5656 1.8992 83 52 24
18.566 6.5625 1.9399 79 49 25
18.445 6.5234 1.8949 87 53 24
18.326 6.5671 1.9275 91 57 32
18.618 6.5741 1.9288 79 49 25
18.658 6.5042 1.9462 81 50 29
18.567 6.5543 1.9106 79 48 27
18.423 6.6034 1.9221 84 51 20
18.37 6.6526 1.9158 82 49 16
18.558 6.6216 1.9106 75 46 24
18.39 6.679 1.9095 78 46 25
18.599 6.6344 1.8916 75 46 24
18.277 6.6469 1.9101 84 53 22
18.5 6.6111 1.9196 79 48 28
18.342 6.6262 1.9097 85 54 26
18.586 6.5874 1.938 78 47 26
18.47 6.6549 1.9225 78 47 16
18.237 6.7159 1.7072 75 49 26
18.404 6.6375 1.9004 79 47 22
18.293 6.7077 1.8932 81 51 25
18.321 6.6702 1.919 83 51 26
18.501 6.6407 1.9083 77 48 24
18.511 6.6686 1.9039 74 48 23
18.338 6.6955 1.7686 75 49 26
18.576 6.6102 1.8905 76 47 23
18.516 6.7654 1.898 76 45 24
18.468 6.7076 1.8612 70 42 15
18.474 6.7227 1.9328 75 46 15
18.5 6.7086 1.9135 76 45 24
18.567 6.7153 1.9084 74 47 14
18.396 6.7487 1.9222 77 46 25
18.519 6.7345 1.9121 75 44 23
18.611 6.6975 1.9048 73 47 24
18.467 6.7629 1.9479 79 48 27
18.332 6.8037 1.9057 77 49 20
18.352 6.727 1.9118 76 47 23
18.603 6.7364 1.9189 75 44 23
18.495 6.7482 1.931 76 46 22
18.656 6.7158 1.9194 78 49 18
18.649 6.7829 1.9197 76 48 21
18.459 6.8581 1.9049 77 45 20
18.658 6.7441 1.9078 76 47 23
18.442 6.8707 1.9269 77 47 23
18.34 6.8341 1.8982 77 47 21
18.611 6.8305 1.9171 73 44 12
18.387 6.8136 1.8895 76 46 20
18.484 6.8203 1.9323 77 45 22
18.46 6.8344 1.9505 76 47 23
18.627 6.7965 1.939 74 47 14
18.506 6.7758 1.9232 75 44 26
18.575 6.7729 1.8896 72 46 23
18.517 6.8039 1.9226 74 44 10
18.524 6.794 1.8914 71 42 18
18.714 6.7584 1.9304 76 47 25
18.644 6.8137 1.9059 76 50 23
18.535 6.8291 1.9164 73 44 22
18.608 6.9064 1.9506 76 46 20
18.662 6.8677 1.8912 74 48 23
18.534 6.8986 1.9214 74 45 13
18.496 6.9571 1.9531 74 43 25
18.377 6.9294 1.9098 77 45 24
18.577 6.8478 1.9276 70 44 17
18.494 6.9262 1.9633 77 45 20
18.532 6.8763 1.967 75 47 20
18.654 6.8848 1.9465 75 44 23
18.714 6.8229 1.9355 77 48 27
18.55 6.932 1.9493 76 44 19
18.656 6.8767 1.9199 75 47 16
18.573 6.8793 1.9125 76 43 24
18.665 6.8444 1.9363 74 45 14
18.713 6.8884 1.9414 76 48 21
18.566 6.8584 1.9519 76 45 14
18.756 6.8675 1.9381 72 46 21
18.538 6.9049 1.9544 75 45 11
18.566 6.9964 1.9682 77 47 23
18.688 6.9627 1.9325 72 43 19
18.333 7.0428 1.8491 79 49 25
18.591 6.9803 1.9497 74 44 10
18.556 7.0309 1.9487 75 45 9
18.644 6.9175 1.9308 71 45 20
18.598 7.0084 1.9409 77 45 24
18.666 6.9405 1.9269 73 44 20
18.759 6.931 1.9466 74 46 19
18.617 6.9641 1.9328 74 44 20
18.658 6.9801 1.9437 75 45 21
18.586 6.9438 1.9276 76 46 22
18.736 6.9683 1.9172 74 48 23
18.664 6.9336 1.9 75 45 21
18.55 6.9631 1.9371 74 44 18
18.739 7.0401 1.9584 75 46 22
18.608 7.0668 1.9211 74 46 19
18.762 7.0243 1.9409 75 46 22
18.642 7.0917 1.9618 75 46 12
18.518 7.0445 1.9263 75 45 9
18.62 7.0315 1.9457 76 48 19
18.784 7.0089 1.927 76 47 15
18.657 7.0108 1.9326 74 45 21
18.538 7.0765 1.9575 78 48 24
18.749 6.9704 1.9563 75 47 18
18.641 7.0307 1.9845 76 46 10
18.528 7.1119 1.9408 78 49 17
18.781 6.981 1.9353 75 46 25
18.747 7.0369 1.9634 75 46 22
18.752 6.9986 1.9476 78 47 29
18.496 7.0599 1.9447 81 46 26
18.666 7.0754 1.947 71 46 14
18.675 7.0348 1.9352 74 45 21
18.591 7.0804 1.944 74 44 8
18.694 7.1321 1.9673 74 45 13
18.842 7.0793 1.9547 75 46 22
18.832 7.0837 1.9484 75 46 22
18.706 7.0832 1.9239 74 45 23
18.725 7.1493 1.9733 73 44 13
18.543 7.1775 1.9549 76 48 17
18.725 7.1121 1.9563 74 44 26
18.774 7.1149 1.9435 75 46 24
18.583 7.1468 1.9149 75 48 11
18.531 7.1755 1.9165 72 43 11
18.581 7.123 1.9556 72 48 14
18.835 7.0533 1.9626 75 47 16
18.689 7.0969 1.943 74 46 15
18.783 7.0454 1.9435 74 49 19
18.611 7.1738 1.9489 71 43 6
18.713 7.1476 1.9359 72 45 8
18.801 7.0737 1.9715 75 46 15
18.551 7.2063 1.9491 74 45 21
18.589 7.2542 1.9431 73 44 22
18.726 7.2097 1.9494 73 47 22
18.615 7.2039 1.9377 71 43 16
18.815 7.1265 1.9564 77 49 22
18.744 7.1712 1.973 73 46 13
18.655 7.2493 1.9386 74 45 11
18.849 7.1699 1.9565 78 49 15
18.75 7.1923 1.9346 75 46 14
18.76 7.1575 1.9536 74 47 14
18.845 7.1069 1.9472 74 47 28
18.772 7.2186 1.9662 76 48 11
18.72 7.1885 1.989 71 43 14
18.811 7.1581 1.9438 78 49 27
18.657 7.2551 1.9716 70 42 11
18.658 7.2478 1.9406 73 44 10
18.626 7.2059 1.9779 75 46 24
18.831 7.1844 1.9731 77 48 24
18.822 7.2245 1.9857 75 46 12
18.867 7.1907 1.9528 77 48 24
18.734 7.3049 1.9518 75 48 13
18.801 7.2286 1.9434 79 50 26
18.655 7.3256 1.9777 73 44 20
18.707 7.2874 1.9454 75 46 14
18.879 7.2202 1.9778 75 49 22
18.904 7.2018 1.9663 78 49 27
18.802 7.2648 1.9616 75 48 13
18.694 7.2624 1.9531 74 45 13
18.582 7.329 1.9469 73 47 20
18.663 7.2838 1.9608 74 43 13
18.67 7.344 1.9419 73 44 20
18.643 7.3638 1.9577 76 46 18
18.821 7.2852 1.9615 77 46 18
18.64 7.3264 1.9398 76 47 5
18.859 7.2599 1.9542 77 50 29
18.686 7.406 1.9576 75 43 18
18.755 7.3313 1.9825 74 45 11
18.894 7.2709 1.9676 73 50 16
18.78 7.3803 1.9751 73 46 9
18.778 7.3753 1.9407 69 47 10
18.937 7.3068 1.9708 73 47 20
18.769 7.318 1.9595 74 45 21
18.823 7.3202 1.9801 74 45 21
18.889 7.339 1.9699 72 49 16
18.811 7.321 1.9424 72 44 13
18.617 7.4491 1.949 73 45 16
18.859 7.3256 1.9617 76 48 19
18.737 7.3721 1.9599 75 46 15
18.703 7.4284 1.9571 74 44 6
18.894 7.3013 1.9516 73 47 22
18.667 7.3834 1.96 74 45 14
18.699 7.5012 1.9622 73 44 4
18.765 7.4572 1.9702 74 47 14
18.874 7.4133 1.9659 73 48 16
18.764 7.4204 1.9492 74 45 14
18.823 7.4125 1.9456 74 46 17
18.939 7.3996 1.9672 74 48 25
18.732 7.4442 1.9617 75 46 15
18.933 7.3387 1.9565 74 50 14
18.935 7.3428 1.9865 74 48 23
18.798 7.4638 1.9459 72 46 21
18.886 7.4007 1.9457 76 50 23
18.823 7.4181 1.9754 72 48 14
18.666 7.455 1.9689 74 46 17
18.635 7.5054 1.9342 74 46 17
18.783 7.4785 1.9683 75 46 4
18.808 7.39 1.9494 72 44 13
18.92 7.4417 1.9404 74 49 19
18.765 7.5268 1.9765 73 46 11
18.911 7.4518 1.9668 77 49 20
18.932 7.4692 1.9672 76 50 25
18.787 7.5507 2.0098 60 34 19
18.736 7.5173 2.0044 65 38 17
18.872 7.5181 1.9871 71 45 4
18.891 7.4394 1.9936 70 45 13
18.902 7.4934 1.9782 76 49 6
18.77 7.5184 1.945 73 48 2
18.832 7.5116 1.9764 75 46 15
18.844 7.4992 1.9506 73 47 22
18.974 7.4378 1.9659 77 48 24
18.747 7.5375 1.9658 73 46 11
18.667 7.5922 1.9504 59 35 21
18.724 7.5193 1.9646 75 46 6
18.879 7.4409 1.9565 74 49 26
18.736 7.6157 1.9628 61 37 1
18.828 7.577 1.9497 57 34 18
18.735 7.6816 1.9416 62 39 8
18.746 7.6038 1.938 58 38 3
18.767 7.6224 1.9435 63 38 6
18.952 7.5172 1.9581 77 51 24
18.831 7.5755 1.9525 57 34 18
18.94 7.4944 1.9612 80 52 23
18.942 7.4985 1.9916 76 53 12
18.758 7.6339 1.9648 60 36 8
18.957 7.5192 1.9877 63 42 25
18.854 7.661 1.9588 62 40 17
18.988 7.5587 1.9839 63 43 18
18.957 7.6106 1.9543 64 46 22
18.973 7.5643 1.9453 65 46 16
18.824 7.6872 1.9692 66 38 0
18.963 7.6015 1.9304 67 50 22
18.821 7.6568 1.9811 64 39 19
18.995 7.62 1.9936 70 48 24
18.92 7.6419 1.9608 66 47 15
19.046 7.6387 1.9764 77 56 27
18.951 7.7142 1.9455 78 58 33
18.993 7.6522 1.9805 72 51 22
19.023 7.6865 1.9519 75 51 25
18.994 7.6464 1.9553 76 51 28
19.047 7.6377 1.9772 77 56 27
18.76 7.8674 1.8853 49 33 16
19.016 7.6968 1.9716 79 55 29
18.984 7.7246 1.9869 84 59 27
19.041 7.7078 1.9803 72 49 16
18.87 7.8214 1.9718 56 35 16
20.148 7.0838 2.7141 33 16 0
19.36 7.8957 2.2413 28 13 0
20.19 7.0716 2.7448 21 13 2
20.219 7.0392 2.7512 23 12 6
19.344 7.9421 2.2197 44 27 0
19.426 7.9118 2.2286 39 29 4
19.383 7.961 2.2233 47 24 16
19.407 7.9365 2.2639 48 27 0
19.327 7.9581 2.1836 9 11 6
19.372 7.9421 2.228 45 23 0
19.373 7.9412 2.2287 45 23 0
19.367 7.9468 2.1965 18 8 0
19.369 7.9448 2.1978 18 8 0
18.26 5.2939 1.8912 67 37 9
18.454 5.3992 1.9723 64 36 5
18.224 5.3208 1.8164 63 35 24
18.286 5.3149 1.8628 66 36 12
18.299 5.3787 1.8787 68 40 11
18.168 5.2904 1.8294 63 33 9
18.445 5.4317 1.9144 67 39 12
18.183 5.3932 1.865 66 36 8
18.454 5.4574 1.9082 68 37 9
18.373 5.4225 1.9047 63 38 8
18.27 5.4302 1.8681 64 36 0
19.326 5.7887 2.418 67 38 6
18.333 5.4849 1.8489 64 36 22
18.371 5.5056 1.9033 64 37 4
18.237 5.4941 1.8904 68 38 22
18.504 5.5169 1.9154 71 39 24
18.296 5.4987 1.8947 66 37 3
18.256 5.5225 1.8834 67 38 6
18.431 5.5228 1.8638 67 37 21
18.304 5.4645 1.878 65 38 21
18.431 5.5339 1.8961 66 38 24
18.389 5.6061 1.8636 66 37 16
18.312 5.6116 1.8839 72 42 4
18.202 5.5527 1.8039 66 37 3
18.278 5.579 1.8761 67 39 0
18.407 5.5996 1.8434 69 38 20
18.373 5.6133 1.8861 66 37 16
18.269 5.5406 1.85 64 35 4
18.568 5.6574 1.9287 72 39 22
18.375 5.5541 1.879 67 37 21
18.295 5.5569 1.895 68 38 0
18.489 5.5927 1.9002 68 38 24
18.404 5.5989 1.841 69 38 20
18.323 5.6139 1.8905 70 40 6
18.372 5.6375 1.8724 67 39 2
18.484 5.6967 1.8799 66 40 17
18.464 5.6693 1.8819 66 36 18
18.431 5.6533 1.8333 72 41 20
18.355 5.6436 1.89 66 35 17
18.254 5.6096 1.8802 68 39 15
18.432 5.7073 1.9109 71 35 23
18.472 5.7037 1.9003 68 38 12
18.444 5.675 1.8988 69 37 24
18.187 5.6233 1.8332 67 39 10
18.552 5.6996 1.8917 71 41 23
18.455 5.6442 1.8911 68 37 16
18.402 5.7373 1.9145 67 35 10
20.476 6.1323 3.0111 70 41 19
20.483 6.1305 3.0082 69 40 19
18.389 5.7617 1.8997 69 40 9
20.483 6.1363 3.0056 68 37 19
18.345 5.7432 1.8361 71 40 22
18.467 5.7377 1.9196 71 39 14
20.473 6.1264 3.0118 72 43 11
18.497 5.8408 1.8926 74 43 23
18.538 5.8603 1.8718 70 43 22
18.481 5.8131 1.891 70 42 11
18.382 5.8191 1.8931 68 41 8
18.439 5.8017 1.9392 72 43 22
18.4 5.8477 1.8955 72 41 21
18.355 5.8064 1.8497 66 38 7
20.486 6.1422 3.0056 72 43 12
18.574 5.8403 1.9048 70 39 21
18.526 5.8529 1.9359 73 43 9
18.374 5.783 1.8718 72 41 10
18.366 5.7723 1.8376 71 42 0
18.364 5.9216 1.8338 75 43 20
18.612 5.9498 1.9096 73 41 20
18.402 5.8749 1.8893 72 43 12
18.583 5.9386 1.8633 74 43 22
18.604 5.8927 1.903 73 43 15
18.369 5.8796 1.8959 76 46 22
18.515 5.9261 1.8951 72 41 20
18.513 5.9008 1.9049 73 43 7
18.571 5.8823 1.9501 71 40 19
18.454 5.9385 1.9159 75 42 23
18.605 5.9244 1.914 73 40 21
18.429 5.9106 1.9133 73 45 18
18.486 5.8638 1.8717 72 43 21
18.634 5.9042 1.9478 70 39 21
18.451 5.9036 1.8972 73 43 5
18.521 6.0111 1.8904 74 45 14
18.504 5.9751 1.8605 73 45 16
18.64 6.0009 1.9052 75 44 23
18.502 5.9844 1.8915 74 40 28
18.52 5.9602 1.9133 74 42 19
18.481 5.9574 1.8914 74 42 19
18.375 5.959 1.862 75 47 16
18.51 6.0105 1.8843 74 45 14
18.39 5.9867 1.8584 76 45 25
18.563 5.9548 1.9099 75 46 6
18.564 6.0047 1.8868 73 43 15
18.602 5.9743 1.8956 71 43 16
18.534 6.038 1.8896 74 44 16
18.504 6.0443 1.8946 79 46 15
18.409 6.0503 1.8748 77 48 24
18.574 6.0641 1.8965 74 43 12
18.582 6.0558 1.872 73 44 23
18.565 6.0985 1.9113 79 51 12
18.606 6.0322 1.9012 73 43 19
18.685 6.0515 1.9073 76 47 16
18.44 6.0781 1.8805 77 46 25
18.649 6.0832 1.9021 74 42 17
18.608 6.0231 1.8705 76 46 20
18.506 6.0711 1.8883 80 50 14
18.503 6.0882 1.8433 77 45 32
18.602 6.15 1.9088 76 44 21
18.616 6.1753 1.9034 76 45 27
18.46 6.1412 1.8994 78 48 22
18.616 6.1415 1.8879 76 44 23
18.574 6.1248 1.9069 76 45 24
18.509 6.1328 1.898 77 47 21
18.484 6.1059 1.8951 76 48 21
18.677 6.1338 1.8982 77 47 23
18.69 6.109 1.9169 76 47 16
18.633 6.1162 1.9088 75 46 22
18.653 6.1666 1.8971 75 44 23
18.54 6.1585 1.9005 78 45 28
18.54 6.1585 1.9003 78 45 28
18.521 6.1674 1.9202 80 50 24
18.642 6.2263 1.8956 76 46 22
18.691 6.2165 1.8967 73 44 20
18.56 6.1844 1.8986 78 47 19
18.593 6.2365 1.8967 78 46 7
18.481 6.1948 1.8858 81 49 28
18.593 6.2104 1.9096 81 49 24
18.505 6.2485 1.8755 79 45 18
18.691 6.242 1.8859 78 48 20
18.691 6.2502 1.9152 76 48 19
18.666 6.2 1.9213 82 48 19
18.659 6.1921 1.8901 77 45 22
18.577 6.2196 1.9312 82 51 30
18.568 6.2992 1.8865 80 49 19
18.552 6.3087 1.9076 82 52 24
18.701 6.2756 1.9114 80 46 17
18.661 6.3115 1.9015 77 47 9
18.721 6.2994 1.9084 79 48 18
18.591 6.2712 1.9119 80 49 21
18.733 6.2656 1.9014 77 47 21
18.583 6.2638 1.8814 79 48 27
18.471 6.2861 1.8737 85 52 35
18.628 6.2874 1.8926 77 42 20
18.644 6.3208 1.921 79 49 13
18.744 6.2901 1.895 80 49 28
18.727 6.3842 1.9066 79 49 23
18.546 6.364 1.8809 84 52 27
18.534 6.3566 1.8432 79 47 22
18.593 6.3955 1.928 86 56 30
18.669 6.3982 1.9014 76 46 22
18.715 6.3673 1.9412 76 44 19
18.694 6.3613 1.8991 78 46 23
18.504 6.3396 1.8671 86 54 29
18.765 6.347 1.9139 80 48 23
18.643 6.4088 1.913 81 50 20
18.692 6.3354 1.9096 78 48 24
18.6 6.3865 1.901 86 51 32
18.757 6.3739 1.9009 78 48 24
18.721 6.325 1.8968 81 47 18
18.641 6.4361 1.8998 76 44 23
18.7 6.4824 1.9127 78 46 23
18.759 6.4324 1.9027 79 46 29
18.74 6.4689 1.9082 77 46 25
18.573 6.4246 1.8997 87 55 34
18.58 6.4796 1.8814 83 51 28
18.707 6.4201 1.9096 76 46 18
18.67 6.4594 1.9048 78 45 14
18.616 6.4472 1.9142 86 52 25
18.788 6.4548 1.9115 78 46 25
18.736 6.4431 1.9169 78 47 27
18.738 6.4089 1.9007 78 46 23
18.809 6.3933 1.918 80 50 26
18.824 6.5084 1.9378 78 47 26
18.703 6.5088 1.9022 74 44 18
18.706 6.5163 1.934 79 48 30
18.655 6.5596 1.9185 79 49 23
18.677 6.5479 1.9017 75 46 14
18.782 6.5493 1.9288 74 44 16
18.832 6.5 1.9161 79 48 20
18.773 6.5435 1.8934 76 47 16
18.617 6.5381 1.9085 80 50 22
18.809 6.4778 1.9132 74 45 21
18.818 6.5093 1.9337 78 47 26
18.761 6.4924 1.9099 81 47 20
18.728 6.5318 1.9056 74 44 16
18.859 6.521 1.9204 75 46 22
18.624 6.5015 1.8974 79 49 23
18.653 6.6518 1.9123 76 47 23
18.865 6.6049 1.9193 75 45 21
18.832 6.5996 1.9647 76 48 11
18.747 6.6245 1.9407 73 43 17
18.808 6.5973 1.9212 76 47 5
18.715 6.6038 1.9319 75 46 25
18.753 6.5812 1.897 77 48 17
18.86 6.5797 1.9275 74 43 22
18.739 6.5645 1.9301 75 44 16
18.756 6.5885 1.9311 72 44 17
18.631 6.5922 1.8943 77 49 12
18.867 6.5525 1.9435 74 45 14
18.766 6.7099 1.9457 75 46 24
18.705 6.6686 1.93 70 40 22
18.65 6.7021 1.8539 73 47 20
18.825 6.6542 1.9363 76 46 18
18.887 6.6139 1.9863 76 46 22
18.783 6.6295 1.8923 77 45 20
18.945 6.6386 1.9498 66 39 20
18.671 6.7047 1.898 75 47 20
18.846 6.6688 1.909 74 46 17
18.716 6.6587 1.9053 72 44 17
18.781 6.6916 1.8959 71 41 13
18.827 6.6875 1.9547 73 44 12
18.819 6.6484 1.9038 68 42 19
18.817 6.6418 1.8742 73 44 22
18.797 6.7569 1.9411 75 46 24
18.785 6.7255 1.9158 75 46 6
18.83 6.7411 1.9345 74 44 26
18.923 6.7353 1.9563 74 46 19
18.879 6.7142 1.9108 73 43 7
18.865 6.6908 1.9112 71 41 15
18.922 6.729 1.9289 71 44 9
18.867 6.6974 1.9405 73 43 7
18.87 6.7232 1.9309 75 43 18
18.741 6.7796 1.9357 75 46 22
18.787 6.7803 1.8929 73 41 20
18.742 6.7438 1.9187 71 38 21
18.82 6.8403 1.9509 73 44 20
18.8 6.8396 1.9081 75 45 17
18.933 6.8117 1.9261 71 42 10
18.861 6.8139 1.9173 72 42 14
18.734 6.8383 1.9068 76 47 23
18.861 6.7934 1.9576 74 46 6
18.862 6.7862 1.9308 73 43 19
18.902 6.7946 1.9187 71 43 16
18.767 6.8002 1.9389 75 47 18
18.728 6.8116 1.9134 75 47 18
18.705 6.8109 1.8688 72 43 21
18.839 6.8553 1.9221 76 47 7
18.886 6.7724 1.9183 72 42 18
18.914 6.8245 1.9425 72 43 19
18.918 6.8838 1.9488 72 43 9
18.86 6.8761 1.9242 71 41 13
18.903 6.91 1.9001 69 42 7
18.781 6.8809 1.9137 73 44 22
18.986 6.874 1.9284 70 43 22
18.786 6.908 1.903 72 44 15
18.783 6.8872 1.9438 72 46 21
18.991 6.8457 1.9435 74 43 22
18.888 6.8601 1.9126 72 44 15
18.773 6.9194 1.9248 76 45 24
18.952 6.8655 1.9458 71 43 16
18.796 6.94 1.9276 75 45 21
18.967 6.8274 1.9385 72 45 24
18.903 6.9165 1.928 72 44 7
18.836 6.9192 1.9232 73 42 24
18.914 6.9741 1.9392 74 44 10
18.889 6.9559 1.9363 74 46 7
19.041 6.9387 1.9597 70 47 6
18.835 7.0182 1.9461 76 47 16
18.89 6.9491 1.9059 72 45 8
18.855 6.9471 1.9541 75 47 20
18.938 6.9584 1.9273 73 46 11
18.991 6.9649 1.949 74 46 19
18.813 6.9913 1.9156 75 46 15
18.897 6.925 1.9539 72 44 4
18.865 6.9999 1.9344 73 43 15
19.015 6.9222 1.9531 74 43 22
18.964 6.9151 1.9284 72 43 21
18.924 7.0259 1.9236 74 44 18
18.906 7.0679 1.9289 76 46 18
18.878 7.0227 1.9324 73 45 6
18.892 7.0516 1.9592 74 46 17
18.972 7.0333 1.9454 72 42 18
19.021 7.0061 1.9512 73 46 13
18.808 7.0579 1.9183 75 44 14
18.906 7.005 1.9215 69 44 12
19 7.0426 1.9254 75 46 15
19.002 6.981 1.9211 74 49 19
18.951 7.0083 1.9119 72 45 8
18.913 7.0711 1.9611 68 42 19
18.914 7.0361 1.9455 73 42 14
19.02 7.0667 1.9534 79 52 15
18.936 7.089 1.9657 76 47 13
18.897 7.1353 1.9264 80 51 19
18.984 7.1226 1.9748 80 49 21
18.861 7.1291 1.9458 76 46 18
18.997 7.1109 1.9553 82 53 21
19.049 7.0475 1.9487 77 48 17
19.069 7.0924 1.9405 115 73 31
18.908 7.1361 1.9627 81 49 28
18.996 7.0503 1.9497 76 48 9
18.976 7.0927 1.9517 80 51 20
18.972 7.0668 1.9618 64 37 4
19.036 7.0863 1.9548 95 59 17
19.032 7.0826 1.9258 83 54 30
18.884 7.2412 1.9423 77 49 20
18.973 7.2128 1.933 75 48 11
19.02 7.1826 1.9371 80 51 9
18.976 7.1886 1.9751 78 48 24
18.996 7.1393 1.9408 95 58 24
19.097 7.1376 1.9651 85 50 20
18.988 7.1766 1.9561 78 48 20
19.058 7.1303 1.9479 94 57 23
19.066 7.1319 1.9808 83 50 5
18.945 7.1758 1.9652 78 50 21
18.948 7.1682 1.9384 82 53 13
18.921 7.1585 1.9608 81 51 27
19.022 7.1205 1.9332 112 75 33
18.958 7.2605 1.9676 74 49 19
19.103 7.189 1.9456 74 47 14
19.075 7.2422 1.9691 73 44 10
19.041 7.2279 1.9275 72 45 8
19.007 7.2233 1.943 73 45 8
18.989 7.2383 1.9598 75 48 5
18.952 7.2932 1.9519 75 47 16
19.077 7.1809 1.9649 78 48 14
18.958 7.2606 1.9674 74 49 19
18.986 7.2685 1.9489 74 47 4
19.028 7.2401 1.9472 73 44 20
19.082 7.1728 1.942 80 50 24
18.959 7.2257 1.9502 77 46 18
18.948 7.2369 1.9748 78 48 20
19.138 7.2019 1.988 72 44 7
19.068 7.331 1.9283 70 47 6
18.95 7.3579 1.9588 74 48 23
19.133 7.264 1.9881 71 40 12
19.004 7.3215 1.9639 73 44 10
19.018 7.2796 1.9586 71 42 10
18.995 7.3611 1.9736 72 46 19
19.051 7.2897 1.9647 71 43 14
19.023 7.3394 1.9642 72 46 5
19.033 7.3279 1.9444 71 44 11
19.03 7.3062 1.9827 73 45 8
19.155 7.2462 1.9781 70 44 17
18.979 7.3068 1.9596 72 46 5
19.141 7.2819 1.9533 72 44 17
19.021 7.3116 1.9741 72 46 6
19.113 7.2432 1.9576 73 44 22
19.061 7.278 1.9483 74 45 13
19.028 7.3987 1.9755 71 45 20
19.126 7.3514 1.9492 73 44 20
18.978 7.4648 1.9594 78 48 20
19.023 7.3972 1.9423 72 43 9
19.066 7.3369 1.9575 72 43 11
19.044 7.355 1.9708 71 44 7
19.029 7.4276 1.9662 72 45 10
19.173 7.3489 1.972 72 46 21
19.077 7.3583 1.9529 74 47 12
19.002 7.3856 1.9686 74 48 8
19.137 7.3164 1.9677 75 48 13
19.098 7.3741 1.955 72 49 8
19.076 7.3925 1.9676 73 45 16
19.119 7.3275 1.9542 75 48 13
18.942 7.5187 1.9204 79 52 17
19.17 7.4245 2.0544 75 52 21
19.074 7.4226 1.9568 73 47 7
19.116 7.3907 1.9573 74 46 19
19.155 7.3941 1.9698 74 49 19
19.107 7.4295 1.9663 75 50 2
19.099 7.4401 1.9863 76 48 19
19.052 7.5003 1.9446 79 53 13
19.066 7.4324 1.9774 76 48 17
19.113 7.4543 1.9599 81 52 20
18.923 7.5627 1.8943 75 52 21
19.175 7.4075 1.9768 80 52 23
19.166 7.3815 1.9543 76 46 18
18.975 7.6153 1.8651 76 54 13
18.97 7.5966 1.935 67 50 22
19.124 7.5387 1.9572 83 61 37
19.165 7.4427 1.9607 85 56 32
19.126 7.5032 1.9462 85 57 26
19.136 7.4715 1.994 76 57 17
19.131 7.4748 1.9906 76 57 17
19.113 7.4834 1.9486 81 53 22
18.969 7.6246 1.8874 77 52 4
19.001 7.5703 1.928 68 49 6
19.176 7.4634 1.9558 84 59 27
19.151 7.5762 1.957 106 78 38
19.315 7.4481 2.051 136 107 67
19.08 7.6087 1.9741 80 56 20
19.105 7.6191 1.983 82 59 28
19.141 7.5882 1.9789 86 62 28
19.188 7.5728 1.9493 129 100 58
19.135 7.5889 1.9451 106 78 38
19.184 7.5188 1.9637 102 75 38
19.146 7.5515 1.9622 100 72 35
19.13 7.626 1.9593 89 64 32
19.073 7.5843 1.9785 75 54 23
19.17 7.6542 1.964 76 51 21
19.195 7.6009 1.9655 97 67 39
19.142 7.6733 1.9137 81 60 31
19.164 7.6891 1.9476 80 55 25
19.228 7.6327 1.9664 71 46 23
19.107 7.6524 1.9963 72 50 26
19.235 7.5942 1.9557 89 65 39
19.132 7.6552 1.9449 80 57 13
19.267 7.9585 2.9464 64 34 16
19.291 7.9381 2.9978 59 38 17
19.325 7.9011 2.9829 65 38 3
19.308 7.9139 2.9372 66 37 13
19.916 7.2511 3.0463 21 9 9
19.342 7.8703 2.8596 28 21 3
19.307 7.9336 2.842 51 33 19
19.304 7.9343 2.8184 48 28 3
19.307 7.9085 2.8695 22 16 2
19.286 7.9317 2.8878 29 19 7
19.296 7.9238 2.9121 39 26 17
19.297 7.9391 2.7937 47 28 14
19.307 7.9271 2.7744 49 22 3
19.291 7.9415 2.7463 57 35 0
19.312 7.9501 2.7684 54 28 1
19.324 7.931 2.7046 55 29 12
19.319 7.9408 2.748 58 30 1
19.308 7.9259 2.7749 49 22 3
19.322 7.9354 2.7258 57 29 2
19.305 7.9243 2.7296 57 35 0
19.303 7.922 2.6815 74 46 6
19.29 7.938 2.699 63 34 0
19.31 7.9438 2.6763 52 33 1
17.514 7.0236 1.9986 75 48 13
17.401 7.0948 1.9451 74 45 21
17.531 7.0194 2.0035 75 48 13
17.656 7.1071 2.1855 74 47 14
17.467 7.4151 2.0331 80 50 22
17.628 7.4219 1.9829 78 47 19
19.303 7.9461 2.627 55 28 9
19.352 7.9177 2.5685 55 27 0
19.343 7.9331 2.6344 54 27 10
19.344 7.9282 2.5898 53 28 0
19.342 7.9371 2.6569 54 32 11
19.307 7.9421 2.6286 55 28 9
19.33 7.9454 2.6061 56 30 13
19.303 7.9449 2.603 54 27 18
19.304 7.9477 2.6501 56 31 1
19.343 7.9255 2.5414 61 34 0
19.289 7.9529 2.5239 57 36 9
19.367 7.9307 2.5676 51 27 0
19.336 7.9617 2.5287 53 30 0
19.31 7.9349 2.5813 59 27 4
19.291 7.952 2.551 55 32 0
17.378 5.8647 1.9451 79 50 28
17.154 5.8332 1.811 79 49 31
17.202 5.9252 1.8513 80 51 30
17.27 6.0253 1.7884 82 52 34
17.427 5.9947 1.8661 83 52 32
17.602 6.1501 1.9234 80 51 29
17.442 6.1378 1.949 83 54 30
17.431 6.1622 1.8921 82 55 34
17.348 6.1987 1.8357 84 55 33
17.456 6.1251 1.9081 80 54 31
17.339 6.2367 1.8198 85 56 32
17.302 6.2135 1.8694 83 52 32
17.608 6.3009 1.9055 92 62 36
17.608 6.2653 1.9175 88 57 36
17.522 6.2212 1.8601 83 52 31
17.536 6.3527 1.9037 97 65 42
17.433 6.3206 1.8721 93 63 35
17.5 6.3912 1.8705 102 68 41
17.571 6.4231 1.8878 104 70 41
17.53 6.6276 1.8401 89 58 28
17.977 6.5085 2.0903 100 67 36
17.535 6.5995 1.896 90 62 33
17.818 6.5782 1.9283 92 60 35
17.568 6.7207 1.905 79 49 25
17.669 6.6658 1.955 81 52 21
17.348 6.6634 1.7988 87 57 23
17.456 6.7276 1.8123 80 52 25
17.73 6.7102 1.8825 81 49 24
17.749 6.6694 1.8974 82 51 30
17.379 6.6993 1.794 82 50 27
17.487 6.6717 1.7972 84 54 28
17.98 6.7114 2.0144 79 51 20
17.608 6.8296 1.8758 77 47 21
17.893 6.7632 1.9632 78 50 23
17.655 6.7921 1.9446 79 49 25
17.429 6.7722 1.7844 80 50 26
17.85 6.7262 1.9243 79 48 27
17.719 6.77 1.9381 77 49 22
17.616 6.8385 1.9164 78 48 20
17.812 6.8157 1.9103 77 47 23
17.654 6.7443 1.9271 79 49 25
17.778 6.9185 1.9466 75 47 16
17.819 6.8613 1.9353 77 46 25
17.607 6.9006 1.9767 77 48 17
17.648 6.8892 1.8248 75 47 20
17.845 6.8835 1.9023 77 47 23
17.825 6.8972 1.9269 76 48 21
17.583 6.9354 1.9187 76 48 21
17.578 6.9257 1.8741 77 49 22
17.612 6.8889 1.9363 78 48 20
17.832 6.9427 1.9517 74 45 21
17.733 7.036 2.0148 76 46 22
17.901 6.953 1.9325 75 47 20
17.582 7.0664 1.912 77 47 21
17.5 7.0467 1.8903 76 48 21
17.808 6.9397 1.91 75 45 19
17.858 7.021 1.9782 77 48 27
17.983 6.9679 1.9546 76 47 26
17.697 7.0157 1.8821 78 49 9
17.732 7.0165 1.9352 76 47 13
17.674 7.1219 1.9265 76 48 19
17.972 7.0902 1.9462 77 49 22
17.87 7.1312 1.9395 78 48 22
17.598 7.1639 1.9696 77 48 17
17.802 7.1039 1.8838 77 47 23
17.679 7.13 1.965 77 46 18
17.517 7.1362 1.9158 77 46 15
17.426 7.172 1.9159 79 49 21
17.717 7.0998 1.9062 78 48 22
17.78 7.12 1.9147 76 46 22
17.929 7.0291 1.956 75 46 24
17.6 7.2042 1.9553 79 50 18
17.668 7.0835 1.9374 77 47 23
17.978 7.0059 1.9406 76 46 20
17.861 7.2118 1.9138 84 53 22
17.722 7.2275 1.9013 82 52 26
18.065 7.134 1.964 82 52 26
17.622 7.2383 1.9526 87 57 21
17.626 7.2783 1.9404 86 56 20
18.026 7.1842 1.9331 84 55 24
17.736 7.1924 1.9588 82 50 27
17.797 7.1636 1.944 80 48 23
17.967 7.1384 1.9691 80 50 24
17.926 7.1423 1.9104 80 50 22
17.698 7.4086 1.8684 79 49 21
17.792 7.3421 1.9619 82 53 22
17.747 7.4088 1.9748 78 48 24
17.583 7.4287 1.9161 80 51 20
17.791 7.3826 1.9519 77 48 16
18.032 7.3024 1.9282 80 51 20
18.037 7.2631 1.9442 92 54 17
18.067 7.2975 1.9808 80 51 20
17.765 7.4422 1.9676 75 47 18
18.092 7.325 1.9818 75 49 22
17.624 7.5075 1.9429 77 48 14
17.881 7.4181 1.9202 75 46 22
18.071 7.325 1.9345 78 50 23
17.788 7.4241 1.9385 75 46 22
17.828 7.4661 2.013 72 46 19
17.984 7.3388 1.9891 76 48 21
18.088 7.3635 1.9645 77 47 23
17.992 7.4892 1.9317 72 49 18
17.983 7.5408 1.9576 75 47 16
17.983 7.5014 1.9657 74 46 17
17.96 7.5347 1.8638 75 49 22
18.066 7.4948 1.9506 74 49 19
18.031 7.4337 1.9642 74 48 21
18.079 7.405 1.9487 74 48 23
17.974 7.553 1.9896 73 48 16
17.829 7.5874 1.9785 74 46 7
17.611 7.6763 1.8417 72 47 15
18.242 7.4433 1.9897 77 48 24
18.052 7.5865 1.9549 76 51 21
17.856 7.6484 1.9148 75 47 16
18.129 7.5038 1.9695 77 49 20
18.099 7.6019 1.9605 76 48 19
18.154 7.5295 1.9648 74 49 17
17.662 7.7054 1.8869 76 46 20
17.998 7.573 1.9474 74 46 19
17.595 7.7896 1.8864 56 29 10
18.117 7.6697 1.9445 56 34 19
18.15 7.6071 1.9373 74 48 21
18.089 7.7311 1.955 55 34 17
18.222 7.6526 1.9874 52 35 15
18.27 7.5828 1.986 75 50 20
18.287 7.7289 1.9719 54 34 10
17.831 8.0941 1.8013 41 24 14
18.587 8.4927 2.0088 80 50 22
18.413 8.6635 1.9507 83 54 20
18.277 8.7979 1.9188 81 53 22
19.321 7.9436 2.4832 55 28 11
19.374 7.9417 2.443 55 34 13
19.344 7.951 2.5101 52 30 9
19.349 7.9444 2.4864 58 30 1
19.303 7.9355 2.5071 57 33 7
19.325 7.9419 2.5088 54 29 9
19.326 7.9594 2.3787 55 27 0
19.288 7.9727 2.39 52 29 0
19.373 7.9409 2.4194 54 31 0
19.338 7.9232 2.4698 56 29 12
19.314 7.9468 2.4319 52 29 11
19.361 7.9247 2.422 52 26 0
19.349 7.942 2.4637 48 27 6
19.331 7.9253 2.3891 54 31 0
19.337 7.9523 2.4334 53 27 12
17.458 5.1915 1.9169 67 36 18
18.19 5.3766 2.1813 66 39 2
17.336 5.195 1.7631 70 40 24
17.381 5.3472 1.7607 75 43 30
17.788 5.4246 1.904 75 44 26
17.902 5.5078 1.9365 76 44 21
17.725 5.4992 1.8358 85 51 26
17.617 5.4304 1.8543 77 48 24
17.72 5.4403 1.8653 76 47 25
18.04 5.7767 1.9641 76 45 25
17.981 5.7691 1.9357 76 45 24
17.774 5.7553 1.8768 77 46 26
17.814 5.7174 1.868 75 44 24
17.714 5.7277 1.8957 80 47 16
17.429 5.679 1.7311 77 48 17
17.576 5.8649 1.8533 78 49 25
17.934 5.9036 1.9323 80 50 26
17.669 5.8613 1.8591 77 48 24
17.897 5.9005 1.9145 80 50 26
17.624 5.8575 1.839 77 48 24
17.918 5.8197 1.8774 77 46 26
17.46 5.9371 1.8159 78 49 25
17.987 6.0067 1.9482 80 49 21
17.855 5.9898 1.8522 80 49 28
17.907 5.9215 1.8734 78 50 23
17.687 5.8953 1.8545 79 49 23
17.965 5.9461 1.9668 77 46 25
17.408 5.946 1.8313 77 48 27
18.017 5.9575 1.9065 78 48 22
18.025 5.9396 1.9601 77 48 27
17.876 5.9708 1.9116 81 51 27
17.64 5.9035 1.8712 81 51 27
17.764 5.9431 1.9067 79 50 18
17.913 6.066 1.8903 81 51 27
17.997 6.0573 1.8924 79 48 27
17.693 6.0266 1.8 82 51 31
17.382 5.9804 1.8074 80 50 26
18.065 6.0894 1.913 80 48 33
17.788 6.0193 1.8092 84 48 32
17.65 6.0028 1.831 79 47 26
17.991 6.1387 1.9285 83 53 29
18.021 6.1193 1.8796 82 52 28
17.983 6.1284 1.8899 80 50 24
17.589 6.1724 1.8578 80 51 30
17.699 6.15 1.8354 81 51 27
17.711 6.1612 1.8791 79 49 31
17.907 6.1816 1.9163 81 52 20
17.935 6.1707 1.8928 84 55 34
17.897 6.1605 1.8391 83 51 26
17.917 6.097 1.8768 79 50 26
18.009 6.2428 1.9363 88 57 27
17.714 6.2634 1.8376 87 57 29
17.559 6.2089 1.8367 81 52 21
18.061 6.2523 1.8778 93 59 32
17.901 6.2035 1.8646 84 55 33
17.776 6.2721 1.9037 87 55 30
17.807 6.2368 1.926 83 52 31
18.011 6.2236 1.8732 88 56 31
17.696 6.1947 1.8549 81 50 19
18.022 6.2634 1.8903 93 59 32
17.791 6.2266 1.8822 83 52 24
17.851 6.215 1.8768 85 54 24
17.564 6.291 1.8431 88 57 36
17.826 6.2824 1.8384 91 61 23
17.99 6.3073 1.901 102 71 41
18.041 6.2945 1.8893 95 64 34
17.953 6.3323 1.8373 116 78 41
18.191 6.3486 1.9429 125 85 49
17.875 6.3005 1.9279 91 60 29
18.125 6.281 1.8985 95 59 37
18.129 6.4566 1.9024 112 75 39
18.212 6.4073 1.9216 109 74 42
18.119 6.3842 1.8875 108 74 39
18.201 6.4987 1.9942 144 99 54
18.101 6.5015 1.9106 132 89 45
18.151 6.486 1.9006 107 70 36
18.165 6.5163 1.895 101 67 32
18.104 6.5427 1.9305 109 71 32
18.263 6.5344 1.9306 102 64 28
18.079 6.4715 1.913 144 98 49
17.889 6.6728 1.9129 80 52 15
18.116 6.6399 1.8996 86 55 25
18.184 6.5732 1.9932 91 56 26
18.047 6.627 1.9111 86 52 25
18.187 6.6369 1.9678 83 52 24
17.87 6.6307 1.8829 84 53 22
18.198 6.5846 1.9175 91 57 28
17.785 6.6534 1.8769 82 50 27
18.009 6.6427 1.9294 83 52 24
17.796 6.6159 1.8988 83 54 30
18.063 6.6676 1.9408 82 50 25
17.689 6.6742 1.6995 89 58 30
18.148 6.5694 1.942 94 60 31
18.189 6.5537 1.9233 95 60 28
18.227 6.6123 1.9212 88 54 27
18.209 6.6152 1.9113 88 54 27
17.971 6.7637 1.9098 76 47 23
18.211 6.6475 1.9023 85 53 28
18.036 6.7597 1.9709 77 47 21
18.087 6.7557 1.8776 78 46 21
17.817 6.7681 1.8907 80 50 24
18.154 6.7087 1.9254 82 51 21
18.096 6.6862 1.9117 82 51 23
17.958 6.7307 1.9131 79 47 26
17.965 6.7556 1.8717 79 48 20
17.901 6.7066 1.907 79 49 25
18.217 6.655 1.9366 83 52 21
18.038 6.7063 1.9166 81 50 20
18.263 6.6697 1.9125 83 52 22
18.331 6.688 1.9324 79 49 23
18.165 6.7487 1.9502 74 47 14
17.978 6.8431 1.9249 77 47 23
18.237 6.7905 1.9299 78 49 15
18.189 6.8102 1.9388 74 45 11
18.095 6.7978 1.9074 76 47 16
18.039 6.7939 1.9623 79 48 18
18.202 6.8406 1.9308 76 46 18
18.276 6.8138 1.9314 77 47 21
18.302 6.7671 1.9296 78 48 22
18.41 6.7732 1.9711 76 46 18
17.923 6.8094 1.8737 78 48 24
18.237 6.7574 1.9405 79 48 27
18.244 6.7471 1.9106 81 49 26
17.849 6.919 1.8819 77 47 23
18.208 6.8728 1.9184 76 45 15
17.964 7.0007 1.8982 77 47 19
18.327 6.8664 1.9341 77 45 22
18.288 6.835 1.8914 76 44 21
18.26 6.8507 1.9108 75 45 19
18.059 6.9561 1.87 74 45 23
18.257 6.8935 1.9326 78 47 26
18.355 6.8916 1.94 76 46 22
18.339 6.9777 1.9726 76 47 16
18.239 6.9829 1.9675 76 45 24
18.228 6.9863 1.9612 76 45 24
18.316 6.9682 1.8903 74 43 22
18.218 6.9381 1.9006 78 46 23
18.201 6.9515 1.9279 76 49 16
18.139 7.0568 1.9409 76 47 15
17.895 7.0573 1.8481 75 44 26
18.349 6.9994 1.928 76 46 20
18.355 6.9236 1.9243 74 45 21
18.023 7.0566 1.8953 75 45 21
18.341 6.936 1.951 78 49 17
18.35 6.966 1.9391 79 48 20
18.216 7.0242 1.9424 78 49 9
18.496 6.945 1.9746 74 44 16
18.179 6.9925 1.9033 75 46 15
18.287 7.1118 1.9709 81 50 22
18.277 7.0389 1.9595 76 49 12
18.228 7.0979 1.9579 78 48 20
18.063 7.1259 1.9263 80 50 22
18.226 7.0639 1.9687 78 47 26
18.247 7.1178 1.9171 81 51 15
18.281 7.0719 1.9498 79 49 21
18.343 7.0348 1.9127 75 44 13
18.031 7.0997 1.9215 78 48 22
18.303 7.0224 1.9329 79 50 19
18.113 7.1455 1.9353 79 50 19
18.038 7.2544 1.9078 97 60 24
18.323 7.1673 1.9638 83 51 13
18.334 7.1551 1.9337 79 49 15
18.151 7.2405 1.9152 80 51 17
18.433 7.1027 1.9229 77 45 22
18.107 7.2201 1.9049 87 57 19
18.202 7.1771 1.9167 80 51 19
18.21 7.1471 1.9673 86 52 23
18.116 7.1893 1.9647 108 75 44
18.341 7.1944 1.9614 75 46 22
18.3 7.2104 1.9394 75 46 22
18.32 7.1261 1.9398 79 49 23
18.152 7.2483 1.9512 82 52 14
18.139 7.253 1.9451 82 52 14
18.416 7.1577 1.966 76 47 25
18.431 7.2257 1.9841 74 46 17
18.147 7.36 1.9059 74 45 14
18.479 7.2315 1.9612 75 46 22
18.007 7.3419 1.8666 74 46 15
18.445 7.1796 1.9712 77 49 12
18.24 7.2417 1.9434 78 51 14
18.254 7.2797 1.9709 75 46 12
18.348 7.2336 1.9835 78 49 7
18.497 7.184 1.955 77 49 10
18.285 7.2942 1.9408 76 47 16
18.507 7.2125 1.9446 74 45 21
18.19 7.3499 1.9638 75 47 20
18.423 7.2218 1.947 73 47 22
18.391 7.1935 1.9091 79 48 20
18.386 7.2106 1.9708 75 44 23
18.48 7.2457 2.0297 75 47 10
18.389 7.2775 1.9479 75 46 22
18.309 7.327 1.9792 74 46 17
18.472 7.2677 1.9444 74 46 19
18.211 7.4134 1.9486 71 43 14
18.275 7.3773 1.9441 75 49 9
18.515 7.3148 1.9487 76 46 18
18.444 7.3283 1.9879 70 44 17
18.309 7.4051 1.9801 73 45 14
18.433 7.3262 1.9472 75 46 25
18.347 7.3377 1.9456 74 47 12
18.202 7.3811 1.9545 72 48 12
18.556 7.2238 1.9602 73 45 16
18.357 7.3752 1.9752 74 48 8
18.383 7.3144 1.9318 74 47 12
18.544 7.3746 1.9677 77 48 14
18.238 7.4741 1.9355 74 48 8
18.205 7.4976 1.9542 75 46 22
18.41 7.4128 1.9445 75 46 22
18.408 7.4559 1.9586 77 47 13
18.302 7.5231 1.9785 74 48 8
18.56 7.3996 1.9653 76 48 19
18.526 7.3763 1.9254 77 49 22
18.357 7.5237 1.9614 74 44 10
18.357 7.5662 1.9781 74 45 24
18.636 7.4581 1.972 75 45 17
18.449 7.4975 1.9234 77 49 20
18.47 7.4585 1.9821 74 44 16
18.17 7.6727 1.9245 56 35 18
18.473 7.5262 1.9596 76 46 22
18.413 7.5301 1.9724 75 48 3
18.471 7.4512 1.9501 77 49 22
18.409 7.525 1.9385 76 45 14
18.639 7.4242 1.9863 75 45 17
18.549 7.4787 1.9685 78 48 22
18.372 7.523 1.998 74 47 12
18.563 7.4313 1.9569 76 46 20
18.435 7.6369 2.017 52 32 7
18.438 7.5933 1.9956 60 34 7
18.404 7.6056 1.9423 57 31 4
18.511 7.622 2.0043 56 33 0
18.348 7.6143 1.9917 56 33 17
18.539 7.5247 1.9765 76 47 23
18.529 7.5766 2.0318 57 32 9
18.434 7.6243 1.9461 57 34 3
18.225 7.6742 1.8979 59 33 6
18.507 7.536 1.9267 77 48 16
18.538 7.704 1.9499 65 40 20
18.374 7.7086 1.9647 54 33 6
18.437 7.7007 1.9536 56 31 11
18.556 7.6574 1.9755 60 39 8
18.651 7.6218 1.9489 58 34 20
18.54 7.7316 1.909 60 39 12
18.606 7.6955 1.9774 67 46 19
19.319 7.9289 2.284 46 26 1
19.32 7.9304 2.3091 49 23 0
19.386 7.945 2.2682 46 24 1
19.385 7.9488 2.2923 54 28 3
19.384 7.951 2.3177 50 26 12
19.371 7.9395 2.3687 53 30 0
19.356 7.954 2.3353 54 28 13
19.354 7.9217 2.2958 49 25 11
19.374 7.9304 2.2983 50 26 0
19.368 7.9108 2.3542 53 30 0
19.356 7.9476 2.2616 48 29 0
19.31 7.9702 2.2926 57 28 4
19.323 7.952 2.2512 48 26 11
19.371 7.9348 2.3206 54 29 0
19.382 7.9298 2.4003 52 32 0
19.339 7.9439 2.3602 51 27 13
17.551 5.149 1.7668 67 39 8
17.908 5.2412 1.9023 67 40 7
17.835 5.2463 1.8513 66 39 22
17.899 5.2808 1.8389 67 35 22
17.868 5.2824 1.8511 65 41 5
18.166 5.3787 1.9533 67 39 28
18.198 5.3923 1.9008 63 33 17
18.116 5.4432 1.8935 66 38 25
17.936 5.4622 1.8915 71 41 13
18.088 5.4887 1.8522 69 40 16
17.989 5.4506 1.8478 67 36 16
18.199 5.4774 1.8905 64 34 16
17.999 5.4422 1.8228 67 41 27
18.374 5.5436 1.9724 64 37 16
17.884 5.5096 1.8481 72 41 11
18.189 5.5645 1.8851 71 42 18
18.094 5.5172 1.845 68 42 25
18.249 5.5576 2.0314 74 42 1
18.013 5.4955 1.8839 68 41 8
17.865 5.516 1.8692 75 45 17
18.135 5.5633 1.886 71 44 27
17.751 5.4635 1.8287 69 41 2
17.923 5.6125 1.8574 80 47 16
18.313 5.665 1.9129 73 41 3
17.846 5.5817 1.8687 88 50 24
18.017 5.6006 1.9134 80 48 25
18.02 5.5897 1.8801 77 44 25
17.955 5.5625 1.9009 82 49 16
17.922 5.5658 1.9129 91 56 27
18.158 5.5948 1.8872 74 43 22
18.03 5.6197 1.8749 78 49 18
18.295 5.6358 1.9133 70 42 11
18.123 5.6416 1.8434 72 41 31
18.032 5.5584 1.7855 69 39 15
18.13 5.7085 1.8567 75 44 23
17.792 5.7035 1.8249 75 47 20
17.892 5.665 1.8143 74 43 15
18.201 5.7078 1.8573 72 42 24
18.118 5.7163 1.8796 72 43 21
17.887 5.6243 1.7933 74 44 20
18.193 5.6905 1.8983 76 45 27
17.998 5.7092 1.8513 74 43 23
18.182 5.743 1.87 73 45 16
17.922 5.6404 1.8412 75 43 18
18.275 5.7458 1.8859 73 44 12
17.939 5.7711 1.8338 75 43 18
18.17 5.8333 1.856 75 45 27
18.01 5.7406 1.8493 72 42 16
17.868 5.743 1.8446 78 46 25
17.896 5.7763 1.8444 74 42 17
18.215 5.8104 1.8884 74 44 16
18.281 5.7738 1.8802 70 41 19
18.057 5.7568 1.9027 75 45 19
18.007 5.8078 1.8522 77 46 16
17.968 5.7527 1.7795 74 45 21
18.088 5.7786 1.8735 72 47 15
18.031 5.7997 1.8296 75 47 16
17.908 5.7448 1.7479 74 45 21
18.325 5.8149 1.9201 74 42 27
18.32 5.8401 1.904 72 45 24
18.073 5.8829 1.8935 78 47 19
18.059 5.8708 1.8509 76 45 27
17.994 5.9053 1.8404 77 45 30
18.339 5.8949 1.8902 75 44 24
18.292 5.9001 1.8956 75 49 24
17.715 5.7871 1.746 77 43 16
18.088 5.8346 1.8458 72 44 15
18.062 5.8924 1.922 77 48 24
18.321 5.9301 1.9017 76 47 23
18.211 5.9022 1.8815 76 45 24
17.917 5.849 1.8604 80 48 27
18.132 5.8685 1.8601 78 45 26
18.215 5.8575 1.9393 74 45 14
18.067 5.8534 1.9019 79 45 16
18.1 5.9036 1.8609 75 47 18
18.364 5.9231 1.8893 75 45 21
18.32 5.893 1.8796 75 44 24
18.293 5.8728 1.905 76 47 26
18.334 5.8673 1.8964 74 44 28
18.179 5.9761 1.9072 79 46 29
18.169 5.9657 1.87 77 47 11
18.184 5.9464 1.8107 75 45 29
18.167 5.9267 1.8464 76 45 25
18.227 6.0069 1.919 77 46 26
18.404 5.9882 1.9181 73 46 29
18.205 5.9867 1.8456 79 47 26
18.204 5.9578 1.8549 79 46 29
18.218 5.9971 1.8838 78 48 22
18.092 5.9311 1.8397 77 49 22
17.942 5.9115 1.8472 78 50 21
17.991 6.0164 1.8691 79 48 27
18.167 6.0231 1.844 79 47 24
18.114 6.0704 1.87 79 49 25
18.321 6.0753 1.8679 77 47 21
18.214 6.0529 1.8516 81 48 33
18.099 6.0399 1.873 80 49 19
18.431 6.0428 1.9111 74 48 23
18.364 6.0765 1.8919 77 47 21
18.269 6.0368 1.9282 79 48 20
18.264 6.0928 1.9005 80 49 19
18.204 6.0633 1.8845 79 48 18
18.308 6.0199 1.8874 79 49 25
18.031 6.0779 1.859 82 49 32
18.291 6.0842 1.8847 78 47 27
18.086 6.0491 1.8962 80 50 26
18.371 6.0494 1.9072 80 51 29
18.07 6.1499 1.8896 86 54 31
18.346 6.1498 1.9191 85 51 24
18.255 6.1214 1.8844 81 50 32
17.937 6.1078 1.8023 80 49 21
18.365 6.1133 1.9115 80 53 18
18.066 6.0991 1.8315 83 48 26
18.157 6.1699 1.8873 86 52 23
18.224 6.1594 1.8864 83 52 22
18.4 6.1682 1.9049 80 51 29
18.323 6.1406 1.8753 81 51 27
18.261 6.1308 1.9193 82 50 27
18.12 6.1796 1.8996 82 51 21
18.317 6.1032 1.8534 79 48 27
18.122 6.1299 1.7298 79 50 28
18.29 6.1786 1.8771 82 50 29
18.167 6.1404 1.9059 80 50 22
18.475 6.159 1.9164 79 49 25
18.083 6.2107 1.8684 87 55 30
18.338 6.2062 1.8894 83 53 27
18.238 6.1983 1.9155 86 52 25
18.452 6.2227 1.9114 86 56 28
18.436 6.2599 1.922 88 55 24
18.181 6.2596 1.8612 90 56 27
18.433 6.2408 1.9622 90 55 23
18.191 6.2385 1.9117 93 58 28
18.492 6.2479 1.9163 84 53 32
18.338 6.2354 1.8808 87 52 32
18.412 6.1959 1.9001 82 52 26
18.348 6.1874 1.9415 84 50 21
18.448 6.1867 1.8908 78 47 29
18.231 6.2276 1.8981 89 55 30
18.09 6.2727 1.8463 92 57 25
18.351 6.2149 1.9282 84 54 28
18.152 6.3006 1.8641 97 60 24
18.348 6.2928 1.8615 89 57 32
18.322 6.2829 1.9224 92 59 28
18.274 6.3536 1.9021 102 65 33
18.027 6.3495 1.8209 105 68 36
18.199 6.3283 1.8741 99 64 35
17.926 6.3231 1.7849 99 65 36
18.417 6.3252 1.913 96 57 34
18.297 6.3425 1.8803 96 61 31
18.496 6.3031 1.8982 84 52 31
18.529 6.2735 1.9271 85 53 32
18.378 6.3086 1.9402 94 61 30
18.387 6.2708 1.9258 90 58 35
18.442 6.343 1.8828 84 53 22
18.201 6.3281 1.8751 99 64 35
18.361 6.3008 1.9001 91 56 26
18.442 6.3151 1.8985 91 56 36
18.144 6.4453 1.8746 108 71 39
18.426 6.4193 1.9134 97 63 34
18.279 6.4437 1.8649 97 63 26
18.571 6.4154 1.9228 85 53 30
18.389 6.3942 1.9073 100 65 33
18.288 6.4214 1.9156 102 64 35
18.28 6.3917 1.9218 108 71 39
18.279 6.3836 1.8944 102 65 33
18.502 6.4029 1.9244 94 58 36
18.547 6.3626 1.9321 87 55 32
18.444 6.3801 1.9051 94 61 28
18.481 6.3965 1.8818 87 57 31
18.343 6.407 1.9111 95 62 31
18.273 6.3624 1.9318 108 71 37
18.486 6.357 1.9717 101 64 32
18.357 6.3586 1.869 94 58 34
18.428 6.5154 1.9075 89 54 24
18.531 6.4279 1.9292 91 55 29
18.296 6.4814 1.8959 100 63 29
18.499 6.4601 1.899 85 55 31
18.279 6.5233 1.9057 98 63 34
18.498 6.4969 1.9139 86 55 25
18.339 6.4975 1.8708 95 60 28
18.318 6.5094 1.8955 98 62 24
18.41 6.4588 1.9235 100 62 36
18.579 6.4418 1.9124 83 53 25
18.306 6.4497 1.9116 104 67 31
18.281 6.4615 1.9316 107 70 34
18.387 6.4527 1.8779 92 58 29
18.526 6.4647 1.9426 92 60 22
18.5 6.4884 1.8835 81 51 25
18.191 6.5034 1.8716 101 67 32
18.499 6.5632 1.9232 86 52 23
18.525 6.551 1.9071 82 51 23
18.364 6.6027 1.9117 86 51 22
18.593 6.5681 1.9346 80 51 19
18.533 6.5126 1.893 81 53 26
18.262 6.5658 1.9152 93 59 30
18.368 6.5715 1.9274 89 55 26
18.393 6.5589 1.9076 88 54 25
18.289 6.593 1.9184 87 56 28
18.317 6.5399 1.8792 90 58 33
18.623 6.5551 1.9228 80 49 28
18.282 6.5539 1.8945 93 57 31
18.561 6.5165 1.939 85 53 28
18.588 6.5327 1.9138 80 49 28
18.495 6.5932 1.9072 78 48 14
18.459 6.5406 1.9155 84 53 25
18.45 6.5796 1.9268 84 52 29
18.318 6.619 1.9159 86 55 27
18.354 6.675 1.9144 82 51 23
18.375 6.6231 1.8738 82 49 18
18.415 6.6548 1.9152 80 48 23
18.504 6.6509 1.89 76 46 22
18.501 6.6598 1.9191 75 48 13
18.352 6.636 1.8946 82 49 18
18.544 6.6056 1.8929 78 50 23
18.634 6.5814 1.9165 76 47 25
18.364 6.6422 1.9325 84 53 25
18.456 6.6383 1.9043 76 47 15
18.606 6.6226 1.9163 77 48 24
18.386 6.6998 1.9191 80 50 24
18.548 6.6715 1.9023 76 47 13
18.65 6.6422 1.9306 77 48 24
18.576 6.6075 1.9404 79 48 28
18.473 6.7422 1.9409 78 46 21
18.553 6.7375 1.9098 73 44 20
18.301 6.7262 1.9069 76 48 17
18.736 6.6517 1.9703 76 47 23
18.585 6.7221 1.8982 73 47 22
18.483 6.6932 1.8942 76 47 23
18.378 6.7327 1.9023 78 47 17
18.651 6.6989 1.9055 76 47 16
18.388 6.7935 1.8797 73 43 15
18.612 6.745 1.9014 76 47 23
18.335 6.7509 1.9122 79 49 25
18.532 6.7205 1.9429 74 45 14
18.517 6.7158 1.8994 75 46 24
18.61 6.6871 1.9225 73 44 23
18.477 6.7637 1.8962 74 45 13
18.402 6.7668 1.934 79 48 20
18.537 6.7872 1.9511 75 44 26
18.544 6.7776 1.924 74 47 14
18.529 6.8194 1.9346 73 46 9
18.695 6.7815 1.9273 77 49 18
18.587 6.8262 1.9243 74 45 24
18.357 6.8093 1.8957 78 48 24
18.455 6.8475 1.9265 76 48 11
18.634 6.8056 1.9199 77 46 15
18.673 6.7585 1.927 73 47 22
18.784 6.7851 1.9702 73 47 24
18.377 6.8447 1.9278 74 44 18
18.534 6.8104 1.9066 74 45 23
18.548 6.7688 1.8953 71 45 22
18.586 6.8341 1.9542 74 45 14
18.454 6.8165 1.938 78 48 22
18.572 6.7925 1.8971 73 44 23
18.399 6.8708 1.9273 75 46 22
18.575 6.9052 1.9552 73 42 12
18.676 6.8818 1.9095 74 44 26
18.622 6.846 1.9326 70 41 17
18.541 6.9233 1.9671 77 47 19
18.637 6.9011 1.9174 75 46 14
18.523 6.8826 1.9051 74 44 10
18.474 6.8813 1.957 75 45 17
18.598 6.8906 1.9354 77 44 11
18.375 6.9424 1.886 76 46 20
18.534 6.8872 1.9439 77 47 21
18.602 6.9196 1.9261 75 45 19
18.635 6.8646 1.8962 75 46 22
18.502 6.8654 1.9389 76 48 11
18.671 6.8245 1.9319 75 46 25
18.682 6.8577 1.9549 75 42 23
18.637 6.8638 1.8984 75 46 22
18.513 7.0265 1.9148 75 45 19
18.758 6.9491 1.9538 77 49 22
18.601 6.9886 1.9315 76 46 10
18.571 6.937 1.9402 74 45 11
18.736 6.8918 1.9349 74 48 23
18.605 6.9566 1.9472 75 46 4
18.516 7.0015 1.9623 77 45 24
18.747 6.9171 1.93 72 46 21
18.619 6.9446 1.9241 73 44 22
18.424 6.9923 1.8901 76 46 12
18.423 7.0007 1.9239 76 46 22
18.685 6.9155 1.9326 76 45 14
18.448 7.057 1.9092 79 49 23
18.633 6.9703 1.9202 72 43 19
18.695 6.9787 1.9446 74 44 20
18.588 6.9695 1.9708 75 45 19
18.548 6.983 1.9474 75 45 19
18.702 6.9395 1.9317 76 47 23
18.606 7.0941 1.9617 74 44 20
18.692 7.0166 1.965 74 43 12
18.619 7.0817 1.9387 76 47 13
18.784 7.0268 1.9349 77 48 27
18.527 7.1 1.9608 79 49 21
18.752 7.0464 1.9435 77 48 17
18.477 7.1118 1.9006 79 49 23
18.779 7.0066 1.9738 74 45 21
18.797 6.9929 1.9543 76 45 27
18.735 6.9868 1.9271 75 47 18
18.609 7.0167 1.9264 74 46 19
18.671 7.0175 1.9199 75 46 15
18.531 7.1305 1.9519 76 46 22
18.566 7.0708 1.9194 74 46 17
18.657 7.0063 1.9846 76 46 10
18.63 7.0705 1.9153 74 45 21
18.494 7.1707 1.8833 72 43 11
18.698 7.105 1.9293 74 46 15
18.863 7.0243 1.9751 74 45 24
18.571 7.1784 1.9483 73 44 22
18.623 7.1813 1.9323 73 44 12
18.834 7.1006 1.9599 76 47 25
18.785 7.0987 1.9717 75 46 14
18.691 7.1453 1.9432 73 46 1
18.623 7.1498 1.9494 71 41 13
18.746 7.0917 1.989 71 45 18
18.59 7.1387 1.97 75 47 20
18.801 7.0561 1.9632 76 48 19
18.78 7.094 1.936 74 45 24
18.646 7.1021 1.9426 74 45 11
18.709 7.0703 1.946 71 47 13
18.568 7.2116 1.9355 74 45 23
18.587 7.2355 1.9345 73 43 17
18.797 7.1528 1.9538 72 48 14
18.865 7.1448 1.9565 74 48 25
18.699 7.241 1.9426 73 44 12
18.663 7.2646 1.9551 77 46 16
18.646 7.2406 1.9545 74 43 15
18.765 7.1369 1.9469 76 44 23
18.69 7.2077 1.9179 74 44 20
18.805 7.1425 1.9305 74 48 23
18.581 7.2776 1.9516 72 46 23
18.677 7.22 1.9427 72 46 21
18.809 7.177 1.9506 77 48 26
18.759 7.1461 1.9739 74 48 21
18.862 7.146 1.9537 74 48 25
18.763 7.2044 1.951 72 43 19
18.731 7.1648 1.9861 74 45 14
18.658 7.3052 1.9693 72 46 19
18.783 7.2559 1.9411 75 44 13
18.671 7.2925 1.9444 74 47 2
18.835 7.1945 1.9546 79 49 23
18.628 7.3523 1.9381 74 45 3
18.631 7.3573 1.9724 75 48 13
18.787 7.2906 1.9611 78 48 14
18.737 7.3225 1.9604 76 47 23
18.898 7.2515 1.9609 74 49 17
18.723 7.2982 1.9631 76 48 11
18.868 7.2081 1.9636 79 50 26
18.744 7.2813 1.947 75 48 13
18.895 7.2239 1.9677 76 50 23
18.606 7.2981 1.9513 75 46 22
18.832 7.2616 1.9588 76 49 16
18.687 7.2779 1.9235 76 47 15
18.777 7.2281 1.9487 76 48 11
18.626 7.3855 1.9283 74 45 14
18.856 7.2794 1.9638 72 46 21
18.778 7.3626 1.9631 74 43 22
18.72 7.3685 1.9697 74 45 14
18.818 7.3354 1.9561 74 46 15
18.724 7.3801 1.8641 73 45 16
18.621 7.4601 1.9302 75 47 18
18.682 7.3954 1.9751 76 45 25
18.819 7.3046 1.9696 75 48 15
18.866 7.3399 1.9743 73 45 14
18.882 7.325 1.956 74 46 17
18.903 7.2781 1.9563 73 50 16
18.718 7.4014 1.9575 74 45 14
18.78 7.362 1.9622 74 43 22
18.789 7.3879 1.9599 74 45 14
18.764 7.3393 1.9667 74 45 23
18.761 7.4786 1.9756 74 45 3
18.925 7.3903 1.9508 72 47 17
18.648 7.5117 1.9207 78 45 10
18.655 7.5133 1.959 74 46 17
18.831 7.4257 1.9613 72 48 14
18.894 7.384 1.9689 75 50 27
18.721 7.5077 1.9833 75 47 20
18.731 7.426 1.9518 74 47 14
18.865 7.4372 1.9666 72 47 17
18.777 7.4318 1.9673 71 44 9
18.734 7.4303 1.9845 74 46 7
18.762 7.4722 1.9469 74 47 14
18.61 7.5057 1.9433 75 46 24
18.823 7.3941 1.9356 75 47 18
18.791 7.4179 1.9457 73 48 16
18.882 7.4215 1.9501 76 48 19
18.953 7.3446 1.9788 75 47 20
18.91 7.3393 1.9601 76 50 25
18.909 7.471 1.9735 73 47 22
18.811 7.5483 2.0033 59 35 21
18.894 7.5115 1.9508 77 52 22
18.933 7.4514 1.9566 73 48 28
18.83 7.4999 1.9955 77 47 31
18.901 7.4762 1.9683 73 47 22
18.832 7.4939 1.9616 73 48 16
18.946 7.4133 1.979 73 47 24
18.803 7.5484 1.9672 58 35 1
18.69 7.5584 1.9543 74 47 12
18.8 7.4869 1.9855 74 44 16
18.884 7.4561 1.9692 75 49 8
18.887 7.5157 1.947 77 52 22
18.983 7.4498 1.9807 77 48 26
18.874 7.4981 1.9811 73 47 6
18.785 7.4904 1.9486 74 47 4
18.702 7.5842 1.947 57 32 10
18.708 7.6805 1.9155 63 40 9
18.712 7.6165 1.9755 59 37 16
18.846 7.5582 2.0079 61 36 4
18.932 7.5128 1.9355 77 52 20
18.731 7.6377 1.9736 61 40 21
18.944 7.5096 1.972 74 51 33
18.795 7.5799 1.9218 62 36 21
18.876 7.5338 1.997 56 35 6
18.969 7.6204 1.9709 70 48 24
18.989 7.5711 1.9645 66 40 17
18.94 7.704 1.9307 73 53 28
19.019 7.6769 1.966 71 50 21
18.923 7.754 1.9312 79 51 20
19.064 7.6762 2.0168 77 53 27
19.02 7.7068 1.9575 74 49 19
20.171 7.0843 2.7259 19 14 8
19.32 7.9518 2.1966 20 1 0
19.353 7.9468 2.2091 44 27 0
19.351 7.9509 2.2331 44 24 15
19.33 7.9429 2.2298 50 25 3
19.393 7.902 2.208 22 7 10
19.383 7.9436 2.2191 46 24 3
19.393 7.9354 2.2489 46 24 3
18.172 5.2735 1.8226 65 37 10
18.292 5.3594 1.8664 66 34 13
18.249 5.3213 1.8509 65 35 11
18.305 5.3968 1.8871 66 38 9
18.426 5.4438 1.9146 69 40 16
18.374 5.4058 1.8967 61 33 4
18.298 5.4908 1.9131 66 36 20
18.309 5.4839 1.8916 65 38 5
18.493 5.5407 1.9467 60 29 0
18.287 5.4665 1.8444 66 36 8
18.24 5.5029 1.873 68 39 7
18.398 5.5082 1.8663 64 36 22
18.424 5.5375 1.8661 67 40 3
18.397 5.59 1.8572 67 37 21
18.321 5.5699 1.8885 65 35 17
18.277 5.5962 1.8829 68 37 16
18.369 5.5902 1.9439 70 39 8
18.455 5.6169 1.851 67 38 14
18.374 5.5707 1.8859 64 37 2
18.403 5.6125 1.9245 68 39 5
18.31 5.5524 1.9221 65 36 4
18.264 5.5317 1.8668 65 41 3
18.406 5.6019 1.8919 70 39 8
18.443 5.6248 1.8753 68 39 18
18.495 5.659 1.8933 71 39 24
18.489 5.6813 1.8765 69 39 21
18.389 5.6574 1.888 69 38 20
18.442 5.6577 1.889 69 38 18
18.385 5.6229 1.8715 70 41 20
18.254 5.6176 1.8596 72 42 4
18.447 5.6826 1.8787 66 38 0
18.376 5.6212 1.8668 70 41 20
18.341 5.7098 1.8707 70 38 13
18.409 5.7465 1.8991 71 39 14
18.314 5.7566 1.8278 70 39 8
18.33 5.7446 1.8869 68 43 13
20.483 6.1344 3.0102 70 39 21
18.499 5.7257 1.927 70 38 23
20.476 6.1284 3.0092 72 43 11
18.482 5.8306 1.9021 69 43 20
18.362 5.8254 1.8643 72 43 12
18.559 5.8733 1.9632 71 43 6
18.483 5.8653 1.9222 73 43 7
18.614 5.8527 1.9088 71 41 23
18.18 5.7482 1.7877 72 41 10
18.307 5.8017 1.8742 72 41 21
18.647 5.8748 1.9867 70 42 5
18.562 5.8556 1.9073 71 41 7
18.485 5.8214 1.8732 69 42 23
18.355 5.8344 1.892 73 43 27
18.418 5.8066 1.9062 71 40 12
18.41 5.7961 1.8724 66 36 18
18.454 5.9119 1.8773 74 43 22
18.409 5.8828 1.8683 71 41 25
18.69 5.9088 1.934 73 44 22
18.493 5.8816 1.8839 71 42 20
18.574 5.9389 1.9077 73 45 18
18.374 5.863 1.8923 73 45 18
18.594 5.8835 1.915 70 41 19
18.408 5.8917 1.8961 72 43 12
18.561 5.9134 1.913 73 43 19
18.583 5.9644 1.9018 73 40 5
18.684 6.0198 1.9402 71 41 13
18.43 5.9452 1.8832 73 42 12
18.536 5.9945 1.8888 72 44 15
18.417 5.9346 1.8438 74 44 16
18.441 5.9547 1.9162 75 45 19
18.51 5.9769 1.9181 75 43 18
18.427 5.9804 1.9004 74 45 24
18.583 5.9558 1.8744 71 44 27
18.535 5.986 1.8612 73 43 17
18.603 6.0236 1.9181 73 43 17
18.418 5.9984 1.8589 73 43 9
18.579 5.9726 1.927 73 41 18
18.66 6.0423 1.9111 74 44 20
18.545 6.0466 1.874 76 47 15
18.505 6.0619 1.9051 77 45 24
18.455 6.0876 1.8688 75 47 8
18.646 6.0915 1.8807 79 48 20
18.695 6.0679 1.9203 76 46 20
18.546 6.0548 1.901 74 45 13
18.381 6.0672 1.8664 76 45 24
18.446 6.0961 1.8931 78 48 22
18.606 6.0739 1.8974 78 47 16
18.658 6.1 1.9161 74 43 23
18.62 6.1334 1.9124 75 47 10
18.596 6.1671 1.9138 80 47 30
18.637 6.1584 1.9092 77 47 23
18.535 6.1494 1.916 79 48 27
18.534 6.1414 1.8899 77 47 21
18.428 6.1232 1.873 79 47 32
18.525 6.1161 1.9012 77 47 23
18.493 6.1763 1.8803 77 46 25
18.702 6.1253 1.9313 73 43 15
18.619 6.1501 1.8689 75 44 23
18.532 6.1066 1.8713 74 42 19
18.507 6.2122 1.9107 82 51 30
18.655 6.209 1.8959 80 51 27
18.559 6.2555 1.8861 81 49 26
18.554 6.2023 1.9059 84 50 25
18.558 6.229 1.899 79 51 24
18.733 6.2238 1.9037 78 47 29
18.646 6.2179 1.9212 79 49 25
18.464 6.2406 1.873 82 53 22
18.616 6.2449 1.8919 76 47 23
18.634 6.1838 1.8945 79 52 9
18.683 6.2337 1.9014 75 46 24
18.578 6.1934 1.8914 77 46 18
18.558 6.2555 1.886 81 49 26
18.703 6.2586 1.9038 78 46 23
18.671 6.328 1.9164 76 46 20
18.574 6.3248 1.9281 85 53 28
18.726 6.3157 1.9206 80 48 23
18.589 6.2886 1.9195 82 52 28
18.572 6.2812 1.8791 79 49 25
18.663 6.3022 1.922 82 49 14
18.724 6.316 1.9196 80 48 23
18.643 6.2956 1.882 78 47 19
18.651 6.2693 1.9004 80 46 17
18.51 6.2662 1.8877 83 50 33
18.554 6.318 1.8876 81 50 29
18.759 6.3056 1.9126 78 49 27
18.582 6.3787 1.9113 85 54 24
18.768 6.3635 1.925 79 49 25
18.626 6.4011 1.9235 87 53 24
18.768 6.3301 1.9072 79 48 28
18.512 6.3488 1.8512 82 51 21
18.717 6.3424 1.905 78 48 24
18.657 6.3822 1.8849 75 46 15
18.573 6.3712 1.8757 79 47 22
18.517 6.3567 1.8842 87 56 28
18.724 6.3417 1.9092 78 48 24
18.716 6.3503 1.9321 74 44 18
18.764 6.3562 1.8951 78 50 19
18.697 6.3857 1.9366 81 48 15
18.746 6.399 1.928 80 48 23
18.744 6.3917 1.8984 78 48 24
18.631 6.4549 1.902 79 47 24
18.78 6.4467 1.9254 79 49 25
18.642 6.4614 1.9377 83 51 28
18.695 6.4311 1.8832 78 46 23
18.615 6.4928 1.911 81 49 26
18.644 6.4182 1.8919 77 48 14
18.717 6.4362 1.9254 80 48 27
18.642 6.4614 1.9385 83 51 28
18.699 6.4729 1.9325 77 47 21
18.675 6.4684 1.8876 75 44 24
18.877 6.4514 1.9479 79 48 27
18.635 6.4271 1.9154 82 52 24
18.808 6.4097 1.9242 79 49 21
18.677 6.5032 1.9068 77 46 16
18.721 6.5231 1.9198 76 45 25
18.624 6.5468 1.8903 78 49 17
18.812 6.5196 1.9089 76 47 16
18.841 6.5222 1.9572 77 47 23
18.808 6.4872 1.8932 76 48 21
18.697 6.5621 1.924 74 45 23
18.696 6.5546 1.8936 75 44 24
18.658 6.514 1.9262 80 50 22
18.893 6.5313 1.95 74 45 23
18.751 6.4845 1.9234 75 45 9
18.798 6.5035 1.9415 74 44 18
18.831 6.4907 1.934 77 48 24
18.761 6.4754 1.9025 77 46 15
18.735 6.5824 1.9361 76 46 22
18.85 6.5651 1.9137 77 46 25
18.662 6.6321 1.9085 77 47 23
18.856 6.6042 1.9601 72 42 18
18.735 6.6097 1.9247 74 43 23
18.847 6.599 1.9261 73 43 15
18.798 6.5898 1.9347 76 45 25
18.8 6.5556 1.9213 76 45 15
18.515 6.6323 1.8323 77 48 27
18.804 6.5622 1.9522 77 46 18
18.799 6.5822 1.906 77 48 17
18.758 6.687 1.9015 72 46 19
18.837 6.6879 1.9119 73 43 19
18.817 6.639 1.9228 75 44 16
18.698 6.7088 1.8936 74 43 25
18.873 6.672 1.908 73 44 20
18.864 6.6478 1.9139 70 41 19
18.848 6.6586 1.9301 74 46 17
18.783 6.6392 1.8713 75 45 17
18.851 6.6916 1.9507 75 45 17
18.67 6.6587 1.9018 77 46 18
18.717 6.6761 1.917 75 44 24
18.709 6.7136 1.9299 71 46 26
18.844 6.64 1.9671 76 47 7
18.791 6.7413 1.9289 73 43 17
18.751 6.7873 1.9195 75 46 24
18.68 6.7494 1.9002 74 45 21
18.764 6.7762 1.8988 74 46 9
18.907 6.7497 1.9224 72 42 16
18.875 6.732 1.9148 72 42 18
18.901 6.6984 1.9429 72 42 18
18.757 6.7223 1.9209 75 44 16
18.773 6.7387 1.8875 71 43 16
18.857 6.7029 1.8864 76 45 24
18.856 6.7439 1.9311 72 42 16
18.729 6.765 1.9189 75 46 22
18.842 6.8094 1.9259 71 46 23
18.661 6.8492 1.8811 72 46 21
18.926 6.7774 1.9533 73 45 18
18.748 6.8807 1.9136 75 46 24
18.955 6.8214 1.9496 71 42 10
18.796 6.8304 1.9262 73 44 22
18.943 6.8186 1.9136 74 45 21
18.98 6.7808 1.9514 73 46 11
18.891 6.8148 1.9183 74 44 16
18.835 6.8392 1.9094 72 44 5
18.837 6.8455 1.9417 71 41 13
18.776 6.8435 1.9427 74 45 21
18.818 6.796 1.9498 75 46 15
18.809 6.7846 1.887 72 44 15
18.835 6.7841 1.9323 74 45 23
18.923 6.8654 1.9458 73 45 18
18.842 6.8995 1.9185 72 42 16
18.879 6.9209 1.9618 74 48 25
18.828 6.9327 1.8979 72 44 7
18.876 6.8536 1.9266 72 42 14
18.781 6.892 1.8926 70 42 13
18.824 6.9124 1.9355 74 45 21
18.804 6.8911 1.9369 76 45 25
18.907 6.864 1.9066 71 44 11
18.787 6.9322 1.9414 74 45 23
18.977 6.8936 1.9294 71 44 23
18.981 6.8656 1.9438 73 43 15
18.925 6.8917 1.9325 71 42 18
18.873 7.0076 1.9189 75 45 11
18.935 6.949 1.9444 74 44 10
18.895 6.9708 1.9481 71 43 4
18.815 6.9796 1.9368 68 42 15
18.917 6.9496 1.9046 68 42 19
18.891 6.9316 1.8982 71 43 16
18.956 6.9683 1.9473 71 43 6
18.93 6.9234 1.9523 72 42 8
18.847 6.9608 1.9311 73 45 16
18.805 7.012 1.9185 76 47 16
19 6.9447 1.9503 73 44 10
18.808 6.9535 1.9441 75 47 20
18.922 7.0437 1.9307 73 45 16
19.01 6.9672 1.9465 72 44 17
18.806 7.0699 1.8949 73 45 18
18.84 7.0624 1.9462 73 45 16
19 7.0256 1.9175 77 47 23
19.018 6.9971 1.9675 72 44 17
18.855 7.0849 1.9446 72 47 24
18.996 7.0336 1.9425 73 46 3
18.917 7.018 1.939 75 47 16
18.916 7.0524 1.9568 69 43 18
18.914 7.0129 1.9068 71 44 7
18.804 7.0416 1.9042 73 45 16
19.012 6.9934 1.936 75 45 11
18.996 7.0396 1.969 74 45 14
18.919 7.0793 1.9464 67 40 5
18.866 7.1091 1.9396 74 50 14
19.021 7.0438 1.9204 78 49 9
19.033 7.0442 1.956 75 46 15
18.907 7.1196 1.9534 78 48 22
18.936 7.1343 1.9613 78 48 22
19.046 7.0926 1.942 114 75 44
18.95 7.0937 1.9533 81 51 13
19.036 7.0701 1.9455 81 48 17
19.027 7.0802 1.9674 78 48 20
18.857 7.1776 1.9381 80 52 21
18.963 7.0817 1.934 69 42 5
19.026 7.1078 1.9563 100 64 24
18.935 7.1289 1.9326 82 51 23
19.01 7.1769 1.9509 77 50 13
18.914 7.2083 1.9539 77 48 24
18.998 7.1268 1.9643 82 52 18
18.946 7.215 1.9383 78 47 16
18.956 7.2157 1.9692 76 48 19
19.115 7.1445 1.984 81 50 20
18.95 7.1558 1.961 79 50 19
19.049 7.1511 1.9509 87 54 21
19.007 7.1388 1.9029 109 72 28
19.082 7.1292 1.9455 103 67 25
18.954 7.1824 1.9537 80 48 10
18.914 7.1797 1.9632 79 51 20
19.007 7.1446 1.9312 95 58 24
19.004 7.1519 1.9563 81 54 11
18.982 7.225 1.9463 78 47 19
19.002 7.2428 1.9487 71 40 10
19.105 7.2089 1.983 72 45 8
18.998 7.2504 1.9747 71 44 11
18.954 7.3093 1.9619 72 46 21
18.936 7.255 1.9439 76 49 16
19.047 7.2463 1.9692 71 44 11
19.079 7.1908 1.9473 76 46 8
19.135 7.1878 1.9762 76 47 13
18.964 7.2981 1.9413 73 43 7
18.937 7.2895 1.9608 78 50 21
18.932 7.2574 1.9408 76 49 16
19.062 7.2055 1.9609 75 45 9
19.038 7.1903 1.9579 76 47 13
19.045 7.2474 1.9678 71 44 11
19.109 7.2895 1.9499 71 45 20
19.058 7.2682 1.9659 72 43 12
19.015 7.3272 1.9482 74 45 13
19.026 7.3541 1.976 72 47 17
19.061 7.3281 1.9725 71 44 11
19.12 7.2551 1.9713 73 43 15
19.068 7.3186 1.9515 75 45 17
19.015 7.3326 1.9757 73 48 4
19.015 7.2983 1.9633 71 45 5
19.089 7.2455 1.9606 71 42 8
19.05 7.3013 1.9477 72 43 11
18.969 7.3295 1.9621 75 47 10
19.067 7.3526 1.9666 71 44 9
19.005 7.4307 1.968 74 51 17
19.169 7.3355 1.961 73 48 18
19.119 7.3721 1.9513 74 51 10
19.039 7.3754 1.9737 69 47 6
19.082 7.3722 1.9635 71 42 20
18.915 7.4569 1.9169 78 49 25
19.132 7.3361 1.9726 74 45 23
18.947 7.4074 1.9507 76 47 26
19.073 7.4067 1.9454 76 50 10
19.134 7.3025 1.9565 74 47 14
19.026 7.4122 1.9552 71 42 18
19.008 7.493 1.9724 80 51 27
19.097 7.4535 1.9665 76 48 19
19.049 7.49 1.9612 77 48 14
19.181 7.4155 1.9623 79 54 22
19.158 7.4355 1.9729 80 51 17
19.129 7.3989 1.9733 77 49 20
19.104 7.4438 1.9432 78 50 19
18.904 7.5938 1.8897 64 41 23
18.996 7.4659 1.9497 75 49 22
19.072 7.4461 1.9871 74 46 15
19.059 7.42 1.9653 73 47 7
19.16 7.3738 1.9698 76 50 27
19.147 7.4103 1.9472 78 50 23
19.069 7.4428 1.9586 79 47 9
19.108 7.5035 1.9537 84 60 22
19.052 7.578 1.9263 80 57 26
19.055 7.5157 1.9571 74 49 17
19.056 7.5452 1.9413 72 50 26
19.098 7.4813 1.9566 81 53 14
19.183 7.5076 1.9813 93 70 29
19.09 7.5456 1.9285 81 56 24
19.025 7.5415 1.9607 67 49 27
19.155 7.4664 1.9581 83 58 26
19.172 7.4498 1.9453 86 58 29
19.01 7.6477 1.9458 80 55 23
19.165 7.5498 1.9577 106 78 41
19.086 7.6443 1.9127 100 72 35
19.139 7.5975 1.9339 120 91 49
19.173 7.5515 2.021 83 59 21
19.005 7.6822 1.9323 79 55 29
19.156 7.56 1.9801 90 63 26
19.094 7.6452 1.9823 74 52 28
19.307 7.4389 2.0381 128 92 50
19.255 7.5947 1.9784 82 59 17
19.24 7.6101 1.997 77 52 22
19.197 7.6162 1.9743 85 57 26
19.204 7.5815 1.9893 96 71 25
19.191 7.617 1.9431 99 71 34
19.16 7.7054 1.9251 65 42 9
