2279
-0.31068 0.35184 -0.57945 0.66627 15.458 1.7051 -0.24551
17.974 5.5597 -0.56069 41 20 1
15.504 5.8382 -0.67813 47 23 9
17.446 5.3523 -1.1489 39 25 14
17.966 5.197 -1.1034 45 28 20
14.569 4.222 -0.90794 6 2 0
14.424 4.7044 -1.0396 3 8 2
14.989 5.0081 -1.6897 43 15 12
15.106 5.0843 -1.6756 39 21 0
15.098 4.9519 -1.696 35 11 11
15.117 4.6877 -1.6181 39 16 0
15.144 4.7184 -1.6454 46 21 14
15.187 5.3969 -1.8509 47 26 5
15.305 4.354 -1.4795 49 27 4
15.181 4.7744 -1.6409 37 21 6
15.212 4.9353 -1.6816 41 23 9
15.228 4.9981 -1.6383 36 20 3
15.215 4.7639 -1.6463 43 21 6
16.632 4.6409 -1.565 75 54 27
16.661 4.5387 -1.5449 81 59 22
16.579 4.2864 -1.5039 73 50 16
16.672 4.4938 -1.568 70 49 22
16.778 4.4156 -1.5406 46 25 6
16.81 4.4904 -1.6138 90 67 51
16.903 4.6007 -1.6379 40 20 0
16.743 4.2211 -1.4934 39 23 0
16.75 4.2995 -1.5214 39 21 9
16.742 4.289 -1.5572 49 24 2
14.631 3.9654 -1.4088 26 13 4
14.631 3.9672 -1.4095 26 13 4
14.419 4.6179 -1.7541 34 19 0
14.779 4.4444 -1.5892 43 22 1
14.64 4.7529 -1.725 43 22 3
14.673 4.6778 -1.6513 40 24 0
14.664 4.8247 -1.7315 45 22 4
14.611 4.7539 -1.7085 33 20 14
14.668 4.5243 -1.7167 37 19 0
14.765 4.2743 -1.5899 40 18 3
14.658 4.602 -1.7174 40 17 1
14.718 4.4904 -1.6678 42 20 9
14.666 4.7278 -1.7528 36 21 0
14.703 4.482 -1.6259 35 23 1
14.874 4.2918 -1.6114 41 16 12
14.833 4.6211 -1.6758 37 21 0
14.884 4.4173 -1.6485 42 24 2
14.875 4.5082 -1.6626 41 23 1
14.842 4.7257 -1.7337 43 26 0
14.944 4.5065 -1.6447 42 25 0
15.087 4.444 -1.5992 39 19 0
15.091 4.3592 -1.5792 37 19 0
15.049 4.5146 -1.6202 44 22 9
15.181 4.5735 -1.6147 26 21 0
15.177 4.5088 -1.6276 39 18 1
15.201 4.371 -1.6294 45 19 2
15.156 4.5238 -1.5839 36 19 1
15.169 4.4062 -1.6374 40 16 6
15.169 4.5041 -1.6495 42 21 0
15.174 4.286 -1.6021 45 14 4
15.126 4.5329 -1.5742 38 18 7
15.125 4.3723 -1.6773 40 19 14
15.137 4.3631 -1.6347 32 23 8
15.271 4.4549 -1.6244 49 22 11
15.271 4.4597 -1.627 49 22 11
15.18 4.6764 -1.6355 29 14 9
15.204 4.6539 -1.6687 43 23 0
15.205 4.5341 -1.6454 38 19 2
15.238 4.3817 -1.6112 43 21 6
15.29 4.225 -1.6106 41 23 1
15.201 4.4667 -1.645 47 19 5
15.237 4.512 -1.6435 45 20 13
15.207 4.7249 -1.6674 43 21 10
15.228 4.7496 -1.7239 43 23 0
15.341 4.4281 -1.5962 43 24 8
15.296 4.3879 -1.635 34 21 3
15.338 4.3128 -1.569 40 23 6
15.328 4.3321 -1.6181 39 29 4
15.356 4.3434 -1.633 44 24 0
15.347 4.3496 -1.6718 43 21 8
15.303 4.425 -1.6177 38 16 1
15.322 4.294 -1.625 43 23 0
15.529 4.1394 -1.5812 42 23 9
15.502 4.1972 -1.6096 42 23 9
15.596 4.2303 -1.6223 42 28 1
15.566 4.1994 -1.5908 51 29 5
15.56 4.2281 -1.6372 49 31 11
15.625 4.2188 -1.6272 78 52 35
15.946 4.329 -1.6048 48 30 8
15.921 4.2276 -1.5885 43 27 10
15.974 4.281 -1.5566 47 26 9
15.92 4.2628 -1.6359 58 41 23
15.94 4.1697 -1.5636 40 22 10
15.877 4.0512 -1.5537 41 23 0
16.002 4.0513 -1.527 45 24 5
16 4.2273 -1.5057 48 24 12
15.976 4.037 -1.479 46 25 4
15.986 4.1097 -1.555 43 25 5
16.026 4.2368 -1.5543 48 24 12
16.014 4.3257 -1.5881 48 26 3
16.034 4.0667 -1.5428 79 58 41
16.045 4.137 -1.6174 74 58 32
16.111 4.2094 -1.5698 45 23 10
16.113 4.2426 -1.6217 42 24 4
16.124 4.1439 -1.5413 48 26 3
16.089 4.2422 -1.575 41 24 6
16.096 4.298 -1.6424 38 22 5
16.419 4.3031 -1.7458 66 44 20
16.602 4.2857 -1.5775 72 48 20
16.595 4.1969 -1.5458 67 45 21
16.631 4.3618 -1.6501 117 85 47
16.591 4.0171 -1.5667 48 27 0
16.567 3.9598 -1.5061 49 25 11
16.639 4.1637 -1.5815 48 26 13
16.576 4.0407 -1.5436 55 37 1
16.705 4.103 -1.5449 41 24 0
16.731 4.0886 -1.512 39 22 4
16.635 4.0384 -1.5619 43 26 0
16.757 4.1555 -1.6479 30 24 2
16.792 4.2081 -1.6108 44 21 3
16.727 4.1402 -1.5301 33 21 0
16.585 3.8234 -1.4274 37 24 5
16.646 3.8913 -1.5003 31 25 3
16.736 4.2197 -1.561 35 18 0
16.715 4.0694 -1.5671 39 23 0
16.669 3.937 -1.5615 29 16 0
16.751 3.9691 -1.5393 43 15 1
16.812 4.1186 -1.5102 37 20 3
16.823 4.1957 -1.5461 40 20 11
16.75 3.9637 -1.5005 40 17 1
16.612 3.8175 -1.4023 42 21 0
16.796 4.1512 -1.5558 42 20 7
16.906 4.2989 -1.6745 39 20 3
16.84 4.0714 -1.6068 36 21 2
16.746 3.9109 -1.5478 38 19 3
16.767 3.8946 -1.5112 31 20 0
16.738 3.891 -1.4749 38 21 1
16.923 3.9084 -1.5633 35 14 0
17.191 3.7418 -1.4925 26 20 0
14.376 4.1827 -1.6223 41 19 8
14.444 4.1087 -1.6295 36 16 9
14.458 4.1265 -1.6545 31 15 0
14.545 3.871 -1.4909 36 16 9
14.461 4.0393 -1.5533 30 13 3
14.428 4.0876 -1.6138 33 17 4
14.401 4.1479 -1.5804 39 22 5
14.25 4.4974 -1.8474 36 16 9
14.691 3.7807 -1.3368 35 17 5
14.469 4.3406 -1.6665 36 18 8
14.486 4.2639 -1.6589 34 12 1
14.694 3.6784 -1.3797 41 15 14
14.689 3.7658 -1.4121 38 18 9
14.491 4.1038 -1.6525 41 20 0
14.562 4.2616 -1.6873 42 19 3
14.618 4.0733 -1.6099 38 18 9
14.547 4.2399 -1.7393 33 14 16
14.505 4.3146 -1.6593 33 18 0
14.395 4.5678 -1.7568 36 16 7
14.487 4.3631 -1.6863 33 18 0
14.546 4.1783 -1.6873 28 10 6
14.524 4.2358 -1.6449 32 17 0
14.561 4.1666 -1.6513 29 22 6
14.628 4.1148 -1.6401 35 22 4
14.658 4.1281 -1.6274 39 19 10
14.686 4.1164 -1.6269 38 15 7
14.667 4.1008 -1.6118 39 19 10
14.567 4.3214 -1.7308 43 16 7
14.635 4.1642 -1.679 37 17 6
14.771 4.0765 -1.6312 44 10 19
14.668 4.3573 -1.6803 38 17 0
14.739 4.0973 -1.6394 27 23 20
14.744 4.05 -1.6406 35 15 6
14.695 4.3907 -1.6785 39 19 18
14.719 4.1532 -1.599 38 16 3
14.709 4.0838 -1.654 26 12 11
14.758 4.1383 -1.5697 36 14 1
14.716 4.2111 -1.6717 22 9 3
14.703 4.2895 -1.6875 37 21 4
14.759 4.1512 -1.6464 38 19 3
14.699 4.1482 -1.6629 36 13 5
14.838 4.1168 -1.5836 36 17 1
14.826 4.0844 -1.6291 44 23 6
14.822 4.0986 -1.6387 44 23 6
14.773 4.155 -1.688 40 14 15
14.774 4.1905 -1.6742 44 16 5
14.868 4.0177 -1.5983 42 21 4
14.857 4.3245 -1.6577 41 17 15
14.843 4.2317 -1.6292 37 20 13
14.883 4.1945 -1.6901 43 19 5
14.884 4.0473 -1.6243 38 24 15
14.937 4.0303 -1.6324 41 24 17
14.903 4.0697 -1.6465 39 17 19
14.828 4.3316 -1.6519 38 19 12
14.953 4.2506 -1.6454 38 24 11
14.984 4.1234 -1.6488 38 22 0
14.948 4.2244 -1.6635 40 18 7
14.977 4.1168 -1.6739 40 22 0
14.918 4.201 -1.6686 40 24 9
14.981 4.1907 -1.6547 39 19 8
14.952 4.1581 -1.6607 36 17 0
15.022 3.8522 -1.5445 32 17 12
15.011 3.9037 -1.5769 32 17 12
14.944 4.0413 -1.6088 41 17 5
14.95 4.0795 -1.6762 30 23 3
15.043 4.3031 -1.6367 45 23 0
15.036 4.0372 -1.5748 43 23 0
15.074 4.1022 -1.6324 41 20 1
15.037 4.1166 -1.6602 47 22 15
15.077 3.9831 -1.6193 41 21 12
15.035 3.997 -1.5804 39 21 0
15.051 3.9945 -1.6164 40 15 11
15.077 3.9812 -1.6179 41 21 12
15.052 3.9883 -1.6136 40 15 11
15.144 3.9737 -1.5737 41 17 3
15.105 3.9573 -1.6148 45 25 16
15.12 4.077 -1.6663 42 22 11
15.105 4.1234 -1.628 47 20 1
15.081 4.1708 -1.6123 42 22 0
15.104 4.2623 -1.6366 39 26 18
15.132 4.2461 -1.6402 45 19 2
15.129 3.9651 -1.6272 42 24 12
15.158 4.0499 -1.6314 39 21 1
15.107 4.0013 -1.6108 47 19 16
15.127 4.2244 -1.6575 47 20 11
15.104 4.0221 -1.6231 47 19 16
15.06 4.3661 -1.6856 43 23 12
15.16 3.9734 -1.6149 41 23 1
15.067 4.2037 -1.6584 37 22 15
15.138 4.0748 -1.6049 46 20 3
15.104 4.195 -1.6336 49 22 13
15.125 4.2363 -1.6641 47 20 11
15.092 4.1527 -1.6715 47 21 7
15.167 4.2631 -1.6259 38 19 2
15.217 3.9865 -1.6087 35 17 0
15.211 3.9572 -1.6245 23 13 1
15.16 4.1048 -1.6291 45 19 2
15.197 4.0811 -1.5959 47 16 8
15.216 4.0597 -1.6254 36 12 0
15.235 3.9677 -1.6385 42 19 3
15.22 4.1039 -1.6212 42 21 0
15.162 4.1602 -1.6314 43 17 3
15.197 4.1519 -1.6071 49 18 8
15.173 4.0704 -1.6812 39 22 14
15.24 3.9982 -1.6269 44 18 1
15.203 3.9622 -1.5547 44 18 3
15.25 4.0674 -1.6074 35 18 10
15.276 4.0709 -1.617 45 19 2
15.288 4.1351 -1.5924 42 17 10
15.281 4.097 -1.6066 49 20 16
15.296 3.9282 -1.6031 46 19 12
15.242 4.0607 -1.6357 44 22 7
15.298 4.0128 -1.6238 45 20 0
15.271 4.0266 -1.627 44 19 0
15.254 4.1058 -1.6029 29 18 0
15.265 4.013 -1.6427 45 23 2
15.305 4.138 -1.6371 48 16 11
15.304 4.0408 -1.6102 47 18 12
15.311 4.1872 -1.6316 40 22 0
15.317 4.2321 -1.6248 43 21 10
15.33 4.0482 -1.6237 48 20 9
15.332 4.1617 -1.6569 46 19 10
15.323 4.0365 -1.6455 42 16 0
15.405 3.7999 -1.4389 41 21 10
15.344 3.9588 -1.6429 49 22 3
15.455 3.8619 -1.5905 37 21 0
15.43 3.9199 -1.613 40 23 6
15.41 3.9749 -1.6109 36 24 0
15.45 4.1347 -1.6518 39 22 14
15.404 3.9346 -1.6143 41 22 8
15.43 4.1281 -1.6116 41 23 9
15.455 3.8728 -1.5972 37 21 0
15.463 3.9406 -1.6049 40 17 1
15.424 4.0627 -1.6004 35 25 16
15.437 3.9337 -1.5942 40 22 0
15.458 4.1568 -1.6349 41 22 8
15.522 3.9765 -1.6196 36 24 12
15.477 4.0854 -1.6357 44 19 12
15.531 4.0376 -1.6253 46 23 7
15.541 4.1257 -1.6438 45 21 7
15.52 4.0893 -1.5843 44 22 7
15.486 4.1744 -1.6559 41 22 8
15.511 4.0242 -1.5765 40 23 6
15.545 3.8891 -1.5734 33 23 11
15.487 3.8491 -1.5624 42 26 1
15.493 4.1276 -1.5979 41 22 5
15.502 3.9416 -1.5606 41 22 8
15.495 3.9066 -1.5717 33 21 7
15.514 3.9592 -1.6382 39 20 6
15.589 3.8809 -1.6147 44 23 6
15.588 4.1992 -1.6301 50 27 19
15.573 3.9311 -1.6113 44 22 7
15.58 3.9391 -1.5857 46 26 1
15.616 3.9811 -1.5932 54 33 12
15.603 3.8936 -1.5688 47 25 10
15.556 3.98 -1.5996 35 27 6
15.562 3.9662 -1.5625 34 16 0
15.604 4.1174 -1.6261 57 33 19
15.61 4.1049 -1.5958 72 48 20
15.598 3.911 -1.6062 46 28 4
15.592 4.0439 -1.6194 50 27 21
15.677 3.8487 -1.5665 52 29 13
15.693 3.8242 -1.5904 54 34 25
15.671 3.8549 -1.5987 44 24 13
15.681 3.8297 -1.5293 45 26 9
15.642 3.9747 -1.5961 59 38 17
15.634 3.9626 -1.6196 55 33 18
15.626 3.9418 -1.6371 52 33 17
15.714 3.8991 -1.5813 62 40 27
15.745 3.9354 -1.6098 57 35 14
15.697 3.8017 -1.5449 60 39 12
15.733 4.0096 -1.6148 59 36 20
15.727 3.8352 -1.575 50 28 5
15.781 3.9561 -1.5974 49 31 17
15.722 3.8478 -1.6133 55 34 17
15.769 3.9133 -1.6036 52 30 15
15.756 3.8598 -1.5999 50 29 12
15.873 4.0676 -1.5916 37 18 4
15.781 3.8581 -1.609 47 24 8
15.836 3.8016 -1.5347 27 20 4
15.809 4.0615 -1.6019 53 29 17
15.785 3.7112 -1.5227 50 24 7
15.793 3.9946 -1.5941 51 32 18
15.913 4.0092 -1.6088 46 25 6
15.937 3.9881 -1.604 43 23 16
15.894 3.9416 -1.5993 41 22 5
15.857 3.8861 -1.5595 35 25 13
15.887 3.9357 -1.6268 37 21 0
15.915 3.9119 -1.5878 40 21 7
15.861 3.8299 -1.5883 42 23 7
15.928 3.8696 -1.6032 40 23 5
15.903 3.9095 -1.6468 41 25 0
15.907 3.8995 -1.6083 41 19 0
15.889 3.9994 -1.56 43 25 5
15.876 3.958 -1.5685 44 24 17
15.973 3.9019 -1.5717 41 22 6
15.942 3.909 -1.5982 40 20 0
15.961 3.9463 -1.5577 38 17 14
15.951 3.9239 -1.5773 42 19 1
15.973 3.9279 -1.6196 41 17 13
15.988 3.7876 -1.5776 34 24 0
16.049 3.8606 -1.5474 39 18 13
16.124 4.0969 -1.621 44 24 15
16.073 3.8685 -1.5905 41 23 9
16.026 3.9616 -1.5568 14 0 0
16.015 3.79 -1.5875 42 21 0
16.041 3.9983 -1.5535 42 26 9
16.04 3.8481 -1.5698 40 20 9
16.037 3.775 -1.585 41 20 1
16.056 3.8258 -1.5912 42 23 7
16.033 3.9031 -1.5615 42 18 8
16.03 3.8289 -1.5838 40 22 0
16.091 3.9143 -1.5878 43 21 6
16.053 3.7403 -1.5749 43 21 8
16.002 3.8219 -1.5696 29 19 7
16.074 3.933 -1.5618 43 18 13
16.051 3.9534 -1.5612 40 22 0
16.135 4.0315 -1.5962 44 25 11
16.102 3.8594 -1.558 44 25 8
16.104 3.8806 -1.6063 40 23 6
16.103 3.94 -1.5744 45 24 5
16.113 3.9137 -1.6271 40 23 6
16.073 3.7917 -1.578 37 21 6
16.124 3.859 -1.5985 35 15 4
16.117 3.8362 -1.5838 35 15 4
16.255 3.8182 -1.5574 46 28 14
16.252 3.7507 -1.5561 51 33 21
16.244 3.8609 -1.5782 49 28 9
16.3 3.9271 -1.5946 62 44 24
16.278 3.9308 -1.5638 56 37 3
16.36 3.924 -1.5862 57 36 15
16.35 3.7313 -1.5764 59 33 6
16.352 3.7898 -1.576 65 43 19
16.345 3.7626 -1.5373 76 55 26
16.396 3.8738 -1.5733 64 47 21
16.367 3.8719 -1.5616 64 43 22
16.305 3.6855 -1.5398 57 32 12
16.411 3.791 -1.5642 92 67 37
16.408 3.8394 -1.5588 65 43 22
16.456 3.9375 -1.5883 69 47 23
16.365 3.7572 -1.5647 63 40 9
16.385 3.7412 -1.564 57 34 16
16.437 3.8419 -1.5692 52 33 1
16.439 3.794 -1.5764 58 36 0
16.359 3.692 -1.5599 55 33 12
16.407 3.7314 -1.5668 57 30 11
16.391 3.7038 -1.5781 54 27 20
16.371 3.7631 -1.5386 92 71 28
16.482 3.7619 -1.5444 46 27 20
16.484 3.7171 -1.557 50 27 21
16.527 3.8412 -1.5377 42 23 9
16.536 3.8658 -1.5816 43 25 3
16.462 3.6808 -1.5616 40 24 9
16.549 3.8339 -1.5724 43 21 0
16.475 3.6531 -1.5523 43 25 15
16.63 3.8758 -1.5845 41 19 8
16.577 3.8219 -1.5192 40 19 0
16.565 3.7138 -1.5497 38 15 0
16.559 3.8002 -1.5598 42 19 13
16.549 3.7395 -1.5856 41 12 4
16.59 3.7556 -1.5478 41 17 15
16.527 3.7433 -1.5553 40 22 0
16.594 3.8604 -1.5683 43 24 10
16.59 3.8046 -1.5725 36 18 6
16.582 3.894 -1.5793 42 22 11
16.542 3.7208 -1.5482 40 22 0
16.496 3.6453 -1.5525 41 22 5
16.594 3.8013 -1.5139 35 18 0
16.629 3.8736 -1.5836 41 19 8
16.514 3.7242 -1.5701 43 23 0
16.658 3.8641 -1.5257 39 18 13
16.651 3.8094 -1.5617 28 9 2
16.607 3.6965 -1.5855 37 21 6
16.653 3.7211 -1.5553 40 22 2
16.696 3.8337 -1.5587 39 23 8
16.664 3.8805 -1.5648 29 18 0
16.698 3.8335 -1.5288 39 22 5
16.672 3.7982 -1.5602 41 18 2
16.611 3.7484 -1.5819 42 21 4
16.626 3.6783 -1.5529 24 16 0
16.632 3.7315 -1.5515 23 16 0
16.63 3.7691 -1.5076 41 22 5
16.717 3.6913 -1.5601 32 14 4
16.729 3.7521 -1.5593 38 17 0
16.742 3.8155 -1.5632 40 16 4
16.658 3.6807 -1.5078 39 22 4
16.666 3.6558 -1.5552 36 21 0
16.708 3.8067 -1.5484 39 20 13
16.687 3.6461 -1.5569 34 16 4
16.652 3.6762 -1.5614 36 14 3
16.671 3.7052 -1.5516 37 15 0
16.763 3.7172 -1.5586 40 17 1
16.826 3.7662 -1.5394 33 15 3
16.76 3.7164 -1.5825 36 13 7
16.733 3.7144 -1.546 32 15 0
16.698 3.6205 -1.5521 39 21 17
16.791 3.7154 -1.5357 25 16 0
16.863 3.8196 -1.5413 37 19 7
16.825 3.6844 -1.5639 40 14 0
16.847 3.6733 -1.5394 40 18 7
16.806 3.6976 -1.5642 25 10 5
16.81 3.702 -1.5323 38 13 8
16.773 3.5351 -1.5068 40 18 7
16.898 3.8293 -1.5548 35 17 7
16.88 3.804 -1.5704 34 16 6
16.82 3.6382 -1.5735 33 20 1
16.895 3.8248 -1.5513 35 17 7
16.875 3.7582 -1.6449 18 5 0
16.834 3.6569 -1.5536 38 22 0
16.92 3.6984 -1.5695 44 23 4
16.889 3.6173 -1.5553 37 20 12
16.826 3.6083 -1.5263 33 20 4
17.109 3.8678 -1.6121 41 23 3
16.945 3.6185 -1.5444 30 24 0
16.991 3.6412 -1.5386 39 24 1
16.915 3.5788 -1.5471 39 20 4
17.005 3.6934 -1.5086 38 23 2
17.041 3.7772 -1.5233 41 20 1
16.992 3.6765 -1.4971 43 25 5
16.94 3.609 -1.5148 40 22 0
17.034 3.7318 -1.5622 42 25 0
16.913 3.6142 -1.5579 38 26 4
16.962 3.6034 -1.543 42 18 18
17.001 3.5813 -1.5482 32 14 2
17.008 3.6264 -1.5368 35 18 1
17.021 3.6074 -1.5045 37 22 0
17.013 3.6681 -1.5277 41 23 3
17.073 3.7076 -1.5622 37 20 2
17.039 3.5949 -1.5364 37 17 8
17.007 3.6248 -1.5669 38 21 14
17.055 3.6495 -1.5604 38 23 4
17.183 3.7322 -1.548 34 21 2
17.164 3.7107 -1.5021 34 16 4
17.188 3.7737 -1.5372 34 14 16
17.139 3.6453 -1.5281 40 20 11
17.059 3.5841 -1.5378 37 17 18
17.141 3.7163 -1.5608 40 18 5
17.077 3.5729 -1.5097 23 16 0
17.135 3.606 -1.5689 31 20 14
17.087 3.651 -1.5473 34 12 0
17.108 3.6429 -1.5194 23 15 0
17.13 3.6692 -1.5664 35 19 0
17.147 3.6199 -1.579 31 20 14
17.149 3.7266 -1.5673 35 17 5
17.121 3.5909 -1.5318 37 26 6
17.1 3.5332 -1.5311 23 25 4
17.15 3.5585 -1.5547 41 27 14
17.106 3.5729 -1.5198 37 26 6
14.46 3.9173 -1.692 31 15 0
14.523 3.8261 -1.6369 45 18 11
14.527 3.8909 -1.66 38 12 21
14.522 3.8304 -1.639 45 18 11
14.477 4.1119 -1.6826 36 21 0
14.575 3.8798 -1.6728 37 16 11
14.545 3.9765 -1.7096 27 14 8
14.525 4.0246 -1.6688 36 16 5
14.599 3.9002 -1.6664 34 19 24
14.59 3.8406 -1.6479 37 16 11
14.542 3.9312 -1.6687 32 13 7
14.551 3.9348 -1.6433 36 18 4
14.573 3.832 -1.6311 40 12 24
14.587 4.0382 -1.637 34 18 3
14.618 3.9633 -1.6555 39 19 8
14.6 3.9746 -1.63 39 23 0
14.613 3.9498 -1.6751 37 22 19
14.56 4.0568 -1.7039 35 18 0
14.711 3.9212 -1.6263 26 25 3
14.743 3.8079 -1.6473 32 12 14
14.763 3.84 -1.6496 33 19 8
14.75 3.8166 -1.6228 31 18 12
14.748 3.906 -1.598 31 15 0
14.709 3.9544 -1.6229 28 12 0
14.743 3.746 -1.5978 32 18 5
14.732 3.9275 -1.6388 32 16 3
14.78 3.7601 -1.6256 39 19 10
14.759 3.941 -1.6312 32 16 0
14.751 3.9994 -1.6366 40 19 0
14.797 3.9679 -1.6646 28 15 0
14.787 3.9872 -1.6108 33 13 4
14.793 3.8111 -1.6432 35 17 7
14.756 3.921 -1.6462 38 23 4
14.804 3.976 -1.6417 39 21 0
14.78 3.883 -1.6632 35 15 6
14.789 3.9166 -1.6239 27 19 0
14.779 3.9178 -1.6554 34 22 0
14.701 4.0812 -1.6772 33 22 3
14.846 3.9087 -1.6084 45 21 7
14.819 4.0415 -1.6609 37 18 2
14.832 3.9241 -1.6489 31 24 4
14.869 3.8445 -1.6317 39 20 14
14.843 3.8232 -1.6385 31 17 6
14.877 3.8463 -1.6062 27 16 0
14.907 3.8196 -1.597 51 27 13
14.799 3.9921 -1.6526 39 21 0
14.867 3.785 -1.65 44 27 10
14.808 3.995 -1.6243 37 18 4
14.846 3.8464 -1.6257 34 24 15
14.86 3.9418 -1.6377 43 29 0
14.9 3.7782 -1.6277 37 22 17
14.889 3.918 -1.6358 40 24 0
14.895 3.8313 -1.633 40 21 14
14.857 3.8543 -1.6677 46 22 20
14.898 4.0114 -1.6732 41 24 0
14.95 3.7516 -1.628 47 29 17
14.941 3.8208 -1.646 52 32 21
14.939 3.8693 -1.6471 48 32 7
14.919 3.7902 -1.6433 45 29 4
14.915 3.9813 -1.6238 35 20 17
14.928 3.8577 -1.6033 46 25 4
14.918 3.8576 -1.634 46 30 4
14.927 3.9555 -1.6748 43 22 3
14.918 3.822 -1.6397 51 31 20
14.94 3.9395 -1.635 41 20 0
14.948 3.9477 -1.6081 36 24 2
15.062 3.6529 -1.5048 35 20 0
15.026 3.7825 -1.6181 42 24 14
15.018 3.7787 -1.6443 41 24 30
15.006 3.8852 -1.5948 43 20 4
15.011 3.9771 -1.6599 43 21 0
14.99 3.8435 -1.65 42 23 16
15.045 3.7583 -1.6389 41 20 0
15.053 3.7622 -1.6127 44 26 16
15.072 3.9104 -1.6332 43 22 1
15.07 3.9247 -1.6423 43 22 1
14.982 4.1746 -1.7497 42 27 6
15.074 3.9495 -1.6294 42 24 0
15.039 3.9138 -1.6559 50 38 12
15.07 3.7452 -1.6382 46 23 15
15.022 3.9573 -1.7166 45 23 2
15.073 3.8619 -1.6297 38 21 1
15.045 3.9749 -1.6367 31 18 10
15.097 3.8589 -1.6366 42 24 0
15.077 3.7952 -1.6163 42 21 2
15.064 3.8187 -1.661 41 23 9
15.049 3.9088 -1.6249 34 21 15
15.11 3.8311 -1.591 38 22 0
15.169 3.792 -1.5567 41 22 15
15.18 3.7686 -1.6058 32 10 0
15.168 3.7427 -1.6451 34 24 15
15.091 3.9911 -1.6637 40 20 9
15.123 3.9987 -1.6496 39 20 6
15.181 3.706 -1.5922 36 19 9
15.124 3.8796 -1.6349 43 21 6
15.18 3.8221 -1.6144 34 17 0
15.127 3.9223 -1.6289 41 23 3
15.154 3.959 -1.6338 41 23 13
15.131 3.8852 -1.7069 42 19 13
15.128 3.9146 -1.6236 41 23 3
15.147 3.7307 -1.6302 46 16 14
15.25 3.7566 -1.6273 44 18 3
15.21 3.8963 -1.6175 34 16 12
15.208 3.792 -1.6021 41 25 12
15.225 3.8404 -1.6438 38 16 1
15.242 3.827 -1.5785 40 21 5
15.2 3.7929 -1.6313 44 14 14
15.205 3.8728 -1.626 42 22 0
15.177 3.9046 -1.6387 33 18 0
15.225 3.7741 -1.629 40 20 0
15.254 3.7921 -1.6232 43 15 1
15.18 3.9451 -1.6381 43 18 14
15.198 3.7481 -1.6289 51 19 17
15.226 3.8993 -1.6537 43 15 1
15.206 3.8638 -1.6208 42 22 0
15.242 3.7525 -1.6547 38 13 17
15.315 3.806 -1.5905 42 20 9
15.328 3.6446 -1.5752 38 18 11
15.255 3.9396 -1.6596 42 14 13
15.275 3.9045 -1.6759 43 17 2
15.265 3.9247 -1.618 40 15 10
15.265 3.8384 -1.6913 43 13 11
15.287 3.9549 -1.6479 44 19 15
15.253 4.0552 -1.805 42 21 4
15.32 3.8313 -1.582 39 17 6
15.256 3.8481 -1.6301 44 18 3
15.282 3.917 -1.6534 44 23 6
15.269 3.7192 -1.6375 31 16 11
15.323 3.6133 -1.5799 37 21 6
15.393 3.8281 -1.606 42 17 13
15.371 3.9317 -1.633 34 18 5
15.399 3.8466 -1.5874 44 26 2
15.342 3.8609 -1.6093 48 24 14
15.4 3.6982 -1.613 37 21 0
15.379 3.795 -1.6431 41 24 0
15.384 3.8574 -1.6547 42 19 1
15.364 3.9168 -1.6546 41 22 8
15.374 3.7468 -1.6366 33 14 0
15.353 3.6982 -1.5972 39 22 12
15.371 3.6733 -1.6143 40 21 14
15.347 3.6885 -1.6168 37 19 15
15.395 3.6301 -1.5921 39 19 12
15.361 3.8369 -1.6316 42 21 0
15.421 3.9695 -1.6788 39 20 6
15.448 3.5781 -1.546 42 22 11
15.47 3.6657 -1.6168 41 20 3
15.428 3.7994 -1.6604 38 20 0
15.47 3.675 -1.6231 41 20 3
15.415 3.8954 -1.6592 38 19 13
15.411 3.8187 -1.6345 39 21 0
15.449 3.8316 -1.5977 36 18 4
15.453 3.7201 -1.6176 40 24 1
15.428 3.7808 -1.6491 38 20 0
15.422 3.7441 -1.6531 38 19 12
15.442 3.7935 -1.6012 41 21 12
15.405 3.7405 -1.6135 39 15 1
15.418 3.613 -1.5877 38 19 13
15.537 3.7185 -1.5882 41 20 1
15.48 3.8161 -1.5739 38 21 14
15.499 3.6624 -1.5955 28 24 13
15.477 3.7238 -1.6287 39 18 0
15.531 3.7431 -1.6332 42 21 0
15.507 3.7161 -1.6056 38 22 0
15.522 3.8059 -1.6095 42 17 10
15.524 3.7234 -1.6476 44 21 13
15.514 3.7413 -1.5944 36 25 5
15.514 3.7575 -1.6051 36 25 5
15.483 3.7615 -1.6275 35 22 14
15.493 3.6566 -1.6167 27 19 6
15.585 3.7146 -1.6043 40 22 0
15.623 4.008 -1.7128 41 28 10
15.605 3.8269 -1.6215 47 29 19
15.58 3.8338 -1.6152 41 22 6
15.546 3.7918 -1.6076 41 18 10
15.574 3.8456 -1.6552 42 20 9
15.594 3.7523 -1.6009 41 24 4
15.575 3.6496 -1.5859 43 25 1
15.551 3.6375 -1.5685 42 21 0
15.561 3.7138 -1.5934 38 20 0
15.546 3.6638 -1.6157 43 20 12
15.57 3.6729 -1.6306 45 23 12
15.555 3.847 -1.6151 40 21 15
15.661 3.8201 -1.6058 44 30 17
15.654 3.6813 -1.6068 32 19 1
15.656 3.8287 -1.6403 46 28 14
15.618 3.7554 -1.6123 50 28 5
15.648 3.6809 -1.6344 32 23 6
15.681 3.7011 -1.6306 50 28 5
15.629 3.7309 -1.542 43 26 19
15.626 3.7702 -1.5944 50 32 12
15.678 3.7384 -1.5614 37 26 6
15.673 3.7443 -1.5942 37 28 9
15.671 3.6665 -1.6356 51 29 8
15.731 3.7614 -1.5943 48 26 11
15.718 3.6144 -1.5862 47 26 9
15.696 3.735 -1.5969 51 28 22
15.686 3.6916 -1.5959 76 50 0
15.722 3.7392 -1.6067 51 27 15
15.688 3.6009 -1.5958 48 25 17
15.718 3.7622 -1.6547 51 28 0
15.702 3.6788 -1.6241 47 24 6
15.766 3.7958 -1.5972 47 27 20
15.728 3.6467 -1.5815 47 27 3
15.735 3.6039 -1.6152 45 25 16
15.709 3.791 -1.6051 50 31 17
15.745 3.8258 -1.6092 51 26 19
15.712 3.6107 -1.6109 45 27 7
15.753 3.7441 -1.5918 48 27 6
15.767 3.7967 -1.5976 47 27 20
15.741 3.6042 -1.5874 45 23 8
15.775 3.6038 -1.5457 46 25 8
15.83 3.7235 -1.5789 32 20 4
15.807 3.576 -1.5902 38 21 11
15.798 3.6315 -1.5988 34 17 0
15.833 3.8503 -1.628 39 14 7
15.756 3.555 -1.5613 45 24 7
15.759 3.5405 -1.5243 44 24 0
15.801 3.6843 -1.6623 32 15 5
15.778 3.7413 -1.6018 47 26 0
15.788 3.7687 -1.5902 48 26 13
15.814 3.663 -1.5656 36 17 0
15.805 3.644 -1.5817 34 16 2
15.757 3.6775 -1.6113 45 24 5
15.875 3.6937 -1.5752 45 23 10
15.905 3.8137 -1.6251 41 22 16
15.874 3.624 -1.59 41 23 0
15.846 3.7784 -1.5875 42 28 25
15.856 3.5629 -1.5742 41 19 6
15.869 3.6914 -1.6008 40 18 0
15.87 3.7694 -1.5878 42 22 13
15.836 3.6082 -1.6285 42 24 4
15.853 3.6404 -1.5939 44 24 0
15.891 3.6811 -1.6014 38 18 0
15.867 3.6827 -1.5942 40 18 0
15.843 3.6845 -1.5876 46 24 0
15.836 3.6759 -1.6095 43 24 10
15.863 3.7628 -1.6129 42 24 4
15.843 3.6138 -1.6038 44 20 8
15.897 3.6842 -1.5781 37 18 1
15.93 3.6116 -1.546 42 22 13
16 3.8572 -1.6518 40 27 9
15.93 3.8112 -1.6334 39 21 7
15.904 3.6282 -1.5764 42 21 0
15.924 3.6922 -1.5926 44 16 12
15.885 3.4863 -1.5328 47 22 2
15.945 3.7617 -1.6079 38 18 7
15.892 3.5952 -1.5809 43 23 0
15.923 3.6862 -1.5884 44 16 12
15.895 3.5253 -1.5621 38 22 9
15.93 3.6326 -1.5859 41 20 0
15.921 3.6181 -1.605 46 24 1
15.885 3.5861 -1.5998 44 22 1
15.987 3.7033 -1.5616 37 20 10
16.034 3.6913 -1.5684 41 22 8
16.004 3.6919 -1.5893 44 22 11
15.977 3.5518 -1.5818 41 20 0
16.031 3.6961 -1.6002 37 18 4
15.984 3.7082 -1.5942 34 16 2
16.017 3.5925 -1.5931 46 18 5
15.974 3.613 -1.5885 37 25 1
15.98 3.6197 -1.5706 30 19 0
16 3.5506 -1.5893 39 19 10
16.013 3.7248 -1.6113 44 22 11
16.022 3.7385 -1.5919 44 20 10
16.025 3.6063 -1.5758 40 22 0
15.993 3.5771 -1.5456 32 15 0
15.989 3.5789 -1.5744 45 19 2
16.053 3.5509 -1.5797 39 20 6
16.076 3.7299 -1.5762 40 20 9
16.02 3.5381 -1.5869 41 20 1
16.061 3.6961 -1.5824 41 22 6
16.081 3.5524 -1.5606 42 23 7
16.052 3.6127 -1.5867 44 20 8
16.1 3.6714 -1.6134 41 22 5
16.042 3.5316 -1.5926 38 20 8
16.099 3.6543 -1.5705 45 23 10
16.079 3.5599 -1.5925 40 21 17
16.031 3.5579 -1.5752 40 22 0
16.049 3.6705 -1.5898 41 22 6
16.072 3.5996 -1.5877 41 19 4
16.056 3.5025 -1.578 44 21 15
16.136 3.6781 -1.5682 30 20 8
16.179 3.7148 -1.5728 44 25 8
16.146 3.5759 -1.5417 42 24 10
16.151 3.5888 -1.551 42 24 10
16.18 3.6591 -1.5733 49 26 10
16.126 3.4852 -1.5685 41 26 19
16.155 3.6597 -1.563 40 23 15
16.145 3.6438 -1.5817 38 24 11
16.134 3.5548 -1.5551 36 18 4
16.209 3.6128 -1.5825 43 27 1
16.206 3.7197 -1.5803 43 26 16
16.23 3.5934 -1.5526 52 28 16
16.222 3.6937 -1.5717 51 33 13
16.222 3.6358 -1.5741 49 29 5
16.188 3.5679 -1.5778 42 25 5
16.187 3.5137 -1.5736 41 22 6
16.219 3.5747 -1.5671 47 26 5
16.189 3.626 -1.5838 48 28 4
16.138 3.4582 -1.5534 43 31 9
16.199 3.6409 -1.566 49 28 9
16.156 3.4937 -1.5507 45 22 4
16.248 3.6929 -1.5818 53 33 22
16.201 3.5395 -1.5681 44 27 0
16.165 3.583 -1.6099 45 24 3
16.154 3.5427 -1.5534 43 21 6
16.16 3.5591 -1.5653 43 21 6
16.201 3.3789 -1.5005 46 28 18
16.287 3.5511 -1.5499 45 26 12
16.284 3.5934 -1.5441 48 24 14
16.296 3.6732 -1.5606 40 29 23
16.268 3.6791 -1.58 54 32 19
16.307 3.6402 -1.545 53 31 20
16.277 3.537 -1.5628 44 23 4
16.243 3.5652 -1.5407 49 32 15
16.231 3.4956 -1.5519 45 27 5
16.244 3.5758 -1.5773 48 29 15
16.296 3.6306 -1.5954 38 26 2
16.208 3.393 -1.513 46 28 18
16.23 3.5499 -1.5869 46 25 4
16.313 3.5084 -1.5617 47 26 0
16.336 3.552 -1.5638 52 26 9
16.309 3.5535 -1.5834 49 27 4
16.322 3.6248 -1.5714 49 24 17
16.4 3.6677 -1.5612 49 27 4
16.256 3.4443 -1.5296 33 24 5
16.314 3.5587 -1.5606 48 29 15
16.356 3.6363 -1.5587 46 26 17
16.394 3.6603 -1.5859 47 25 12
16.344 3.523 -1.5799 45 26 9
16.335 3.5108 -1.5975 49 26 10
16.357 3.6944 -1.5909 54 30 16
16.352 3.6328 -1.5835 50 27 11
16.305 3.4979 -1.5793 48 30 10
16.392 3.5143 -1.5617 49 17 2
16.393 3.5591 -1.5621 46 24 11
16.343 3.4764 -1.5795 47 18 12
16.353 3.4921 -1.5643 48 27 10
16.417 3.6017 -1.5609 46 22 12
16.378 3.4927 -1.5734 45 21 9
16.458 3.6264 -1.56 36 19 1
16.383 3.5856 -1.5431 47 23 13
16.443 3.701 -1.5938 44 24 17
16.38 3.5393 -1.5719 51 25 11
16.35 3.4419 -1.5621 46 22 20
16.452 3.5701 -1.5585 44 24 17
16.487 3.5842 -1.5473 39 21 1
16.526 3.6516 -1.5642 40 16 12
16.542 3.6331 -1.5629 40 17 11
16.476 3.5682 -1.5652 38 22 0
16.48 3.4945 -1.5787 30 14 0
16.472 3.5205 -1.5643 39 23 0
16.491 3.5499 -1.5588 33 9 0
16.454 3.4518 -1.5768 37 13 3
16.449 3.5221 -1.5624 39 20 3
16.514 3.5872 -1.5577 40 13 2
16.56 3.5768 -1.5704 30 14 0
16.575 3.6001 -1.5546 33 15 3
16.52 3.5117 -1.5527 35 18 1
16.515 3.548 -1.5661 39 16 0
16.539 3.6277 -1.5586 40 17 11
16.526 3.5626 -1.5486 37 18 14
16.53 3.4858 -1.5397 30 15 0
16.52 3.4709 -1.5587 37 20 0
16.577 3.6476 -1.5805 39 16 8
16.506 3.4916 -1.5633 36 17 1
16.576 3.5599 -1.5644 36 17 3
16.498 3.5207 -1.5734 42 18 4
16.552 3.479 -1.5157 38 21 4
16.537 3.4226 -1.5611 41 13 9
16.625 3.5157 -1.5578 33 20 4
16.611 3.6122 -1.5477 17 6 0
16.636 3.5707 -1.5605 29 12 2
16.604 3.5601 -1.546 22 19 2
16.659 3.6048 -1.5576 32 19 1
16.641 3.6184 -1.5585 39 20 6
16.721 3.6153 -1.5554 34 13 18
16.605 3.4123 -1.5525 34 14 5
16.644 3.504 -1.5592 28 15 0
16.639 3.459 -1.5355 34 19 0
16.592 3.4278 -1.5295 29 15 4
16.673 3.5432 -1.5352 27 12 5
16.579 3.4089 -1.545 20 11 6
16.621 3.3986 -1.5518 33 15 5
16.688 3.4944 -1.5681 35 18 0
16.709 3.5556 -1.527 33 14 16
16.641 3.4264 -1.5446 34 12 0
16.672 3.5441 -1.5643 33 16 0
16.639 3.4608 -1.5643 34 14 7
16.785 3.5906 -1.5644 27 20 12
16.766 3.6041 -1.5914 23 16 0
16.705 3.4426 -1.5228 32 13 0
16.77 3.5332 -1.5593 30 13 0
16.766 3.6052 -1.5928 23 16 0
16.689 3.4551 -1.4955 20 10 0
16.682 3.4496 -1.5694 32 14 4
16.661 3.449 -1.454 34 14 7
16.656 3.4138 -1.5708 33 13 15
16.726 3.4752 -1.5712 36 15 0
16.685 3.4179 -1.5561 36 12 8
16.726 3.4397 -1.5813 31 13 13
16.775 3.5388 -1.536 27 16 10
16.818 3.561 -1.5617 36 21 14
16.827 3.5396 -1.6392 22 21 3
16.848 3.5648 -1.5749 38 22 0
16.787 3.5196 -1.5587 30 14 0
16.827 3.572 -1.5416 37 18 1
16.773 3.4345 -1.5639 35 22 3
16.889 3.5829 -1.5656 36 22 13
16.785 3.5189 -1.586 30 20 0
16.817 3.5241 -1.5715 37 13 0
16.857 3.5771 -1.553 35 19 2
16.688 3.3539 -1.5228 34 19 14
16.84 3.4499 -1.5446 37 25 0
16.971 3.6164 -1.5774 31 22 3
16.861 3.512 -1.5226 33 20 1
16.852 3.4995 -1.5439 36 22 0
16.865 3.4493 -1.523 42 23 7
16.865 3.4498 -1.5524 37 21 0
16.874 3.4933 -1.5495 40 21 4
16.848 3.4955 -1.5677 36 19 0
16.963 3.5699 -1.5589 34 20 9
17.11 3.7177 -1.6987 42 21 0
16.989 3.5358 -1.5458 32 26 2
16.916 3.4478 -1.5395 36 19 1
17.073 3.7081 -1.6859 36 21 0
16.962 3.5353 -1.542 32 22 13
16.945 3.4481 -1.5534 42 19 3
17.067 3.559 -1.6153 54 28 14
17.063 3.5889 -1.5685 36 23 4
16.975 3.4213 -1.5751 54 43 21
16.981 3.3987 -1.5123 54 38 5
16.969 3.4469 -1.5309 48 28 19
17.011 3.4634 -1.5766 49 31 17
16.919 3.3574 -1.5512 27 14 5
16.983 3.4009 -1.5399 55 40 7
16.97 3.4473 -1.558 53 39 3
17.051 3.5101 -1.5564 45 30 0
17.01 3.4631 -1.5489 51 35 0
16.911 3.32 -1.5033 55 36 29
16.932 3.3426 -1.5494 40 23 16
17.054 3.5125 -1.535 44 29 22
17.012 3.4955 -1.5421 43 26 0
16.924 3.334 -1.5147 55 36 29
17.028 3.5157 -1.5263 47 25 10
16.928 3.398 -1.5483 37 18 14
17.056 3.4548 -1.5053 25 18 0
16.979 3.3365 -1.5362 40 28 14
17.032 3.3653 -1.5423 52 36 23
17.094 3.4632 -1.5528 38 22 0
17.134 3.5049 -1.6145 45 27 13
17.044 3.4388 -1.5526 50 34 9
16.978 3.3063 -1.5243 38 26 12
17.013 3.3741 -1.5384 60 44 21
17.078 3.5091 -1.5631 42 25 0
17.007 3.3972 -1.5474 57 41 18
14.501 3.805 -1.6427 40 22 20
14.547 3.8186 -1.6449 41 20 0
14.569 3.7921 -1.6611 46 16 16
14.547 3.82 -1.7096 34 15 21
14.592 3.6722 -1.5947 34 20 7
14.64 3.6306 -1.6086 33 9 0
14.6 3.6758 -1.6338 36 16 7
14.534 3.7548 -1.6463 42 16 19
14.572 3.8114 -1.6452 35 17 0
14.538 3.7714 -1.626 34 13 10
14.69 3.6064 -1.6055 38 21 11
14.672 3.6949 -1.6185 38 21 13
14.619 3.7227 -1.6231 35 17 7
14.663 3.6022 -1.6206 38 24 0
14.668 3.6804 -1.6367 32 14 2
14.589 3.8226 -1.6608 30 13 5
14.605 3.7828 -1.7001 38 17 0
14.602 3.7408 -1.661 38 14 12
14.659 3.6322 -1.6169 24 22 0
14.709 3.6799 -1.6513 38 18 11
14.699 3.7047 -1.6058 34 20 7
14.694 3.6895 -1.6247 38 14 12
14.678 3.7057 -1.6643 40 22 2
14.745 3.6649 -1.622 35 17 5
14.701 3.7777 -1.6374 34 14 5
14.741 3.6499 -1.6385 34 17 0
14.781 3.7579 -1.6235 39 19 10
14.747 3.7671 -1.6503 29 15 4
14.764 3.6906 -1.6266 20 17 0
14.728 3.7638 -1.6347 37 19 0
14.8 3.7055 -1.6539 18 14 5
14.819 3.6245 -1.6185 32 14 10
14.778 3.739 -1.6381 35 12 6
14.863 3.6145 -1.6298 36 18 0
14.848 3.6896 -1.6556 46 21 14
14.836 3.6361 -1.636 36 14 14
14.862 3.592 -1.6347 36 18 0
14.83 3.6272 -1.6554 37 19 0
14.883 3.6454 -1.6306 42 15 8
14.861 3.6133 -1.5662 31 18 9
14.851 3.6438 -1.588 31 18 9
14.847 3.7212 -1.6508 42 16 17
14.886 3.605 -1.6292 40 17 0
14.835 3.6645 -1.6301 44 17 8
14.844 3.6298 -1.545 34 14 5
14.893 3.7405 -1.6547 43 23 14
14.896 3.7621 -1.6412 51 24 17
14.915 3.7406 -1.6639 42 22 13
14.88 3.6822 -1.6318 44 21 5
14.955 3.5752 -1.6349 41 19 4
14.872 3.7386 -1.6464 47 23 13
14.918 3.6666 -1.6649 44 20 16
14.911 3.5863 -1.6286 39 17 6
14.904 3.6702 -1.6354 47 23 9
14.935 3.5746 -1.6239 40 15 8
14.908 3.6263 -1.6304 41 20 17
14.924 3.6727 -1.6442 42 18 4
14.974 3.5825 -1.6449 44 22 0
14.961 3.7606 -1.6691 52 30 15
15.003 3.6766 -1.6192 30 18 4
14.96 3.621 -1.6109 46 23 7
14.99 3.6997 -1.6621 36 23 15
14.975 3.6386 -1.6372 19 6 0
14.995 3.6425 -1.6495 45 21 9
15.046 3.6746 -1.6365 47 23 11
15.053 3.6793 -1.6137 44 22 22
15.004 3.7094 -1.6156 38 19 15
15.049 3.5954 -1.6264 57 33 31
15.019 3.6284 -1.6474 54 22 19
15.073 3.6502 -1.6281 54 34 23
15.029 3.6587 -1.6142 47 24 8
15.005 3.7248 -1.6901 40 23 15
15.068 3.5382 -1.5636 44 30 21
15.024 3.7154 -1.6285 49 33 20
15.073 3.6113 -1.6256 49 29 4
15.09 3.6709 -1.6506 44 15 17
15.072 3.69 -1.6294 43 23 14
15.092 3.7022 -1.6456 41 23 1
15.168 3.5925 -1.619 42 22 15
15.187 3.5653 -1.6314 37 23 12
15.211 3.5865 -1.6339 42 23 7
15.193 3.6695 -1.631 43 19 19
15.213 3.521 -1.6117 34 17 7
15.171 3.5267 -1.5967 46 22 18
15.171 3.664 -1.622 38 25 19
15.193 3.6236 -1.6221 44 21 5
15.194 3.5644 -1.6068 42 21 4
15.164 3.5298 -1.6234 40 19 16
15.213 3.5209 -1.6115 34 17 7
15.169 3.6345 -1.6242 44 24 0
15.264 3.6259 -1.6272 35 19 0
15.238 3.607 -1.6294 38 16 1
15.264 3.443 -1.5651 43 19 19
15.263 3.7001 -1.6547 36 17 3
15.235 3.5717 -1.6285 42 20 0
15.264 3.5643 -1.6058 37 18 4
15.263 3.5076 -1.59 37 18 14
15.218 3.5959 -1.6124 43 19 17
15.283 3.735 -1.6885 40 14 15
15.306 3.5697 -1.6264 24 21 6
15.335 3.5666 -1.6084 38 14 14
15.338 3.6206 -1.622 33 11 0
15.33 3.5478 -1.6174 33 20 2
15.312 3.5788 -1.6097 30 13 5
15.281 3.5999 -1.6432 41 17 3
15.348 3.5027 -1.618 36 14 0
15.316 3.6147 -1.6083 23 10 1
15.367 3.6196 -1.6021 35 14 11
15.401 3.5487 -1.6194 38 19 13
15.406 3.5899 -1.625 40 19 2
15.361 3.6101 -1.622 41 20 1
15.369 3.4981 -1.6243 36 22 9
15.342 3.6574 -1.6209 36 15 12
15.384 3.5887 -1.6151 40 19 2
15.388 3.6546 -1.6361 36 18 8
15.441 3.5899 -1.5806 40 21 14
15.445 3.5269 -1.6213 40 23 15
15.45 3.5877 -1.641 35 16 2
15.439 3.4777 -1.6111 38 20 10
15.473 3.4838 -1.5716 23 13 11
15.412 3.5946 -1.602 36 15 12
15.419 3.4298 -1.5644 43 22 5
15.43 3.5172 -1.5782 44 23 2
15.435 3.5566 -1.5813 39 18 13
15.463 3.6463 -1.6309 38 15 0
15.467 3.5086 -1.6153 33 25 12
15.457 3.6017 -1.6238 40 22 12
15.473 3.4798 -1.5689 23 13 11
15.539 3.6442 -1.6317 39 15 13
15.516 3.5103 -1.6084 36 22 11
15.486 3.6559 -1.6453 37 20 12
15.501 3.5567 -1.6098 37 18 12
15.509 3.6345 -1.6396 35 18 10
15.479 3.5666 -1.6082 24 20 8
15.488 3.4856 -1.6077 40 24 11
15.495 3.5263 -1.6125 38 17 12
15.524 3.5817 -1.6345 39 21 11
15.516 3.5008 -1.6009 36 22 11
15.538 3.5006 -1.6088 37 23 10
15.531 3.6072 -1.6281 38 15 21
15.53 3.458 -1.6031 37 19 7
15.509 3.4765 -1.6079 40 20 13
15.545 3.5209 -1.5987 38 20 0
15.545 3.5329 -1.6081 38 20 0
15.573 3.2871 -1.4372 41 23 11
15.576 3.4087 -1.554 43 23 12
15.56 3.6024 -1.6083 38 22 22
15.601 3.4611 -1.6054 98 81 55
15.554 3.5938 -1.6259 38 21 11
15.556 3.4266 -1.5615 42 22 13
15.551 3.4382 -1.5962 44 25 11
15.568 3.5415 -1.6245 39 23 10
15.644 3.5154 -1.5771 37 25 13
15.659 3.6031 -1.6152 46 24 13
15.615 3.4917 -1.575 28 20 7
15.636 3.4889 -1.5848 54 29 7
15.654 3.5024 -1.631 48 28 3
15.664 3.4356 -1.6088 44 29 10
15.665 3.5023 -1.5768 47 27 16
15.658 3.4893 -1.5939 56 34 13
15.688 3.506 -1.5873 47 26 7
15.721 3.5425 -1.5967 45 24 7
15.711 3.5063 -1.5961 41 20 15
15.681 3.4014 -1.5897 39 23 10
15.676 3.5495 -1.5853 46 27 13
15.702 3.5737 -1.6108 48 30 8
15.673 3.4688 -1.6107 40 19 14
15.679 3.4734 -1.5886 39 25 16
15.695 3.4298 -1.5605 37 23 10
15.691 3.4405 -1.5963 41 23 9
15.702 3.5782 -1.6139 48 30 8
15.754 3.5743 -1.6016 45 23 8
15.787 3.4275 -1.5697 44 22 11
15.93 4.8419 -2.6185 34 17 7
15.748 3.5694 -1.6232 43 25 5
15.746 3.5944 -1.6685 50 26 0
15.796 3.5449 -1.5954 27 18 9
15.784 3.439 -1.6033 41 18 10
15.839 3.5013 -1.5598 41 22 5
15.853 3.4842 -1.5768 37 21 6
15.824 3.4181 -1.6032 38 18 19
15.834 3.4395 -1.5941 42 21 4
15.814 3.4549 -1.5978 41 21 12
15.877 3.5727 -1.6171 40 20 9
15.858 3.4471 -1.6095 41 18 2
15.858 3.4701 -1.6543 44 19 22
15.837 3.5183 -1.594 42 18 8
15.803 3.4859 -1.5886 45 20 13
15.816 3.529 -1.5943 40 17 9
15.808 3.4492 -1.6199 36 16 5
15.831 3.5137 -1.6177 42 21 0
15.84 3.4492 -1.575 42 19 13
15.897 3.4762 -1.588 40 22 10
15.886 3.4495 -1.5914 41 20 0
15.892 3.5328 -1.594 39 17 17
15.874 3.4794 -1.5807 42 19 11
15.86 3.3631 -1.5497 43 20 12
15.855 3.3574 -1.5709 43 20 12
15.863 3.4517 -1.587 42 21 2
15.974 3.4917 -1.5986 43 18 14
15.94 3.3373 -1.5626 40 16 16
16.006 3.5179 -1.6276 39 20 14
15.983 3.5905 -1.6385 39 21 11
15.99 3.5318 -1.6017 41 23 13
15.961 3.3952 -1.5837 44 21 13
15.947 3.4757 -1.5784 30 23 17
15.963 3.3885 -1.5511 37 20 0
15.952 3.4965 -1.5942 30 23 17
15.924 3.3569 -1.5737 22 17 11
15.952 3.429 -1.5769 39 20 3
15.949 3.4329 -1.6093 41 19 8
16.02 3.3687 -1.5885 43 20 14
16.031 3.4486 -1.5919 34 22 0
16.021 3.4758 -1.5779 37 19 9
16.007 3.508 -1.592 39 22 15
15.983 3.393 -1.5885 43 23 0
15.995 3.3609 -1.5746 45 23 2
16.039 3.4141 -1.5997 45 22 14
16.047 3.4275 -1.5822 34 22 0
16.039 3.4605 -1.5746 33 18 13
16.003 3.4339 -1.5723 33 21 7
16.106 3.3912 -1.5535 44 20 20
16.066 3.472 -1.59 41 23 9
16.067 3.4639 -1.5583 41 24 7
16.087 3.4 -1.5525 24 11 2
16.119 3.4797 -1.587 35 28 20
16.097 3.3767 -1.5674 27 15 3
16.173 3.438 -1.5786 43 24 17
16.138 3.3201 -1.5701 46 24 11
16.103 3.3426 -1.5737 43 18 11
16.162 3.4165 -1.5896 45 23 10
16.154 3.4481 -1.578 42 24 10
16.13 3.394 -1.563 41 23 0
16.127 3.3483 -1.5864 41 21 10
16.118 3.3728 -1.5715 41 21 14
16.133 3.4547 -1.5755 43 26 9
16.192 3.474 -1.5782 45 24 19
16.157 3.3576 -1.5768 44 23 18
16.15 3.3967 -1.599 44 25 9
16.21 3.4601 -1.578 45 25 16
16.221 3.3872 -1.5647 44 26 6
16.236 3.4671 -1.5924 43 24 10
16.209 3.3672 -1.5746 47 28 11
16.171 3.3388 -1.5687 51 30 13
16.17 3.3423 -1.5974 50 30 23
16.188 3.3713 -1.5696 45 26 20
16.208 3.4089 -1.5748 44 23 18
16.205 3.3145 -1.566 73 46 35
16.187 3.4137 -1.5694 42 24 20
16.176 3.2996 -1.5448 48 28 17
16.176 3.3948 -1.5802 47 24 18
16.24 3.3722 -1.5348 38 29 20
16.3 3.444 -1.5737 44 25 8
16.273 3.4373 -1.5582 46 25 22
16.271 3.396 -1.5858 47 31 16
16.28 3.4084 -1.5701 44 29 10
16.297 3.3941 -1.5699 45 23 10
16.285 3.5146 -1.6106 35 19 20
16.312 3.4182 -1.5622 48 21 14
16.322 3.3964 -1.5797 40 26 0
16.371 3.4357 -1.5668 43 24 10
16.331 3.3296 -1.5668 45 23 12
16.369 3.394 -1.5652 46 24 13
16.355 3.3712 -1.5718 38 24 15
16.34 3.3816 -1.5485 46 22 12
16.343 3.4334 -1.5826 42 21 18
16.329 3.3659 -1.562 38 21 1
16.376 3.3282 -1.5824 42 19 11
16.406 3.4566 -1.5901 45 22 16
16.339 3.3079 -1.5823 43 22 1
16.409 3.3748 -1.5452 26 20 24
16.348 3.2821 -1.5695 44 24 17
16.411 3.3416 -1.5494 35 27 4
16.381 3.3705 -1.5605 44 21 3
16.352 3.3263 -1.5723 43 21 0
16.445 3.324 -1.5755 39 17 6
16.478 3.3723 -1.5653 36 12 0
16.48 3.3402 -1.5736 36 20 7
16.502 3.4084 -1.5685 35 19 4
16.446 3.2879 -1.5571 42 15 8
16.453 3.3705 -1.5558 30 14 0
16.443 3.3936 -1.5653 37 18 14
16.443 3.3557 -1.5706 42 16 0
16.468 3.4343 -1.5708 37 18 2
16.485 3.4215 -1.57 36 19 2
16.45 3.3297 -1.5572 36 16 7
16.496 3.3981 -1.5622 35 19 4
16.502 3.337 -1.5805 38 22 7
16.518 3.289 -1.5567 33 16 0
16.535 3.3488 -1.5733 35 21 0
16.516 3.3205 -1.5773 35 16 0
16.488 3.2452 -1.5463 37 22 17
16.514 3.3528 -1.5669 34 12 1
16.506 3.3748 -1.5521 29 14 9
16.504 3.3039 -1.59 34 21 3
16.522 3.3636 -1.5496 38 15 7
16.474 3.3272 -1.5385 38 20 0
16.517 3.3227 -1.5793 35 16 0
16.555 3.2712 -1.538 26 23 8
16.603 3.4101 -1.5789 34 14 16
16.607 3.3504 -1.6217 22 9 3
16.588 3.3525 -1.5408 38 18 11
16.573 3.2975 -1.5317 26 19 0
16.58 3.3064 -1.5391 26 19 0
16.532 3.2745 -1.5548 37 19 17
16.608 3.383 -1.5941 21 15 0
16.612 3.352 -1.5495 32 14 4
16.62 3.3632 -1.5582 32 14 4
16.542 3.2218 -1.5296 20 14 16
16.664 3.3232 -1.5509 31 23 2
16.699 3.3705 -1.6172 34 23 4
16.664 3.323 -1.5506 31 23 2
16.613 3.2884 -1.5633 36 20 3
16.622 3.3327 -1.541 31 8 14
16.653 3.3742 -1.549 36 20 7
16.566 3.2238 -1.5365 35 22 16
16.61 3.3173 -1.5533 28 15 0
16.605 3.247 -1.5618 34 20 17
16.654 3.3432 -1.5584 34 21 3
16.629 3.3425 -1.5489 31 16 13
16.613 3.2883 -1.5633 36 20 3
16.59 3.2899 -1.5585 35 16 2
16.677 3.3744 -1.5548 33 10 4
16.62 3.2656 -1.5547 36 20 3
16.643 3.2616 -1.5387 32 19 1
16.711 3.3518 -1.5576 40 21 15
16.676 3.2754 -1.5817 33 13 15
16.691 3.359 -1.5517 31 18 0
16.9 3.3056 -1.5454 41 30 0
16.936 3.3184 -1.5624 44 31 0
16.942 3.3253 -1.5427 41 26 5
16.965 3.3201 -1.5497 39 25 22
15.092 5.4531 -0.56084 68 51 23
17.972 5.5306 -0.66011 42 21 4
17.528 5.4408 -1.0369 59 44 1
17.737 5.3977 -0.88317 48 37 15
17.421 5.3497 -1.1666 43 28 9
14.433 4.6228 -1.0313 4 4 0
15.176 4.6102 -1.5793 40 24 1
15.087 4.7649 -1.6635 41 18 2
15.209 4.5848 -1.5803 41 23 0
15.231 4.7034 -1.6412 44 22 7
15.188 5.22 -1.7482 39 19 0
16.804 4.4391 -1.5699 39 25 0
16.741 4.244 -1.4866 40 15 10
14.694 3.781 -1.2984 40 13 6
14.628 4.7692 -1.7046 40 25 2
14.745 4.3594 -1.5806 37 19 15
14.699 4.4836 -1.6797 38 19 3
14.71 4.6786 -1.6854 42 24 10
14.654 4.6252 -1.6776 37 19 0
14.663 4.7471 -1.7079 42 24 2
14.664 4.6977 -1.722 39 24 3
14.662 4.5628 -1.6733 34 21 2
14.865 4.5126 -1.6436 42 24 2
14.819 4.6764 -1.761 41 23 1
15.06 4.5025 -1.6344 40 22 0
15.085 4.5407 -1.6613 43 16 7
15.183 4.461 -1.6501 45 17 3
15.154 4.7362 -1.6703 36 11 4
15.207 4.4053 -1.5609 39 16 0
15.184 4.3541 -1.6339 42 16 0
15.155 4.2904 -1.6185 42 16 1
15.138 4.592 -1.5974 42 16 1
15.149 4.4206 -1.5432 33 18 0
15.252 4.4395 -1.6324 46 22 8
15.167 4.7066 -1.7454 43 15 1
15.251 4.5914 -1.6696 40 18 0
15.222 4.6744 -1.671 40 21 7
15.22 4.5893 -1.6589 42 20 7
15.197 4.6133 -1.6281 48 17 7
15.218 4.4989 -1.6518 45 23 8
15.217 4.406 -1.634 45 18 1
15.224 4.5427 -1.6363 42 20 7
15.331 4.3046 -1.6529 40 18 7
15.31 4.3164 -1.6188 43 23 0
15.349 4.2867 -1.5823 39 24 1
15.313 4.431 -1.6446 45 22 4
15.303 4.3067 -1.6421 45 19 2
15.322 4.4378 -1.6125 36 24 12
15.608 4.2398 -1.6468 56 33 17
15.969 4.3484 -1.6011 47 24 8
15.978 4.438 -1.6861 46 22 12
15.93 4.2147 -1.5986 44 28 11
16 4.3132 -1.56 48 24 12
16.039 4.3513 -1.5895 50 25 5
16.008 4.2683 -1.6156 40 23 3
16.091 4.2017 -1.5772 44 22 9
16.119 4.1929 -1.5825 43 25 3
16.048 4.0755 -1.5743 38 23 2
16.093 4.2106 -1.5821 44 22 9
16.559 4.1557 -1.5337 75 48 15
16.602 4.0034 -1.5553 46 23 7
16.569 3.9914 -1.506 49 25 11
16.58 4.0214 -1.5499 51 32 15
16.561 4.0352 -1.525 52 34 0
16.7 4.0618 -1.5093 41 23 0
16.827 4.3687 -1.6656 42 24 0
16.598 3.8772 -1.4702 41 23 0
16.688 3.9931 -1.5413 44 24 0
16.706 3.9766 -1.57 36 19 1
16.773 4.0833 -1.5364 34 18 0
16.73 3.9568 -1.5077 39 21 1
16.808 4.1942 -1.5275 41 20 0
16.696 3.9919 -1.449 32 17 10
16.764 4.1241 -1.5507 43 20 4
16.87 4.0941 -1.6036 43 20 2
16.762 3.9137 -1.535 38 23 4
16.823 4.0662 -1.5841 42 19 1
17.105 3.8819 -1.5659 42 24 0
14.392 4.1857 -1.6154 41 24 7
14.385 4.2304 -1.6795 36 20 5
14.363 4.2219 -1.6727 30 23 15
14.511 3.9374 -1.5131 36 20 5
14.451 4.4385 -1.7081 32 12 3
14.602 4.0401 -1.5587 42 18 14
14.619 4.09 -1.6374 32 16 0
14.54 4.1758 -1.668 27 11 14
14.48 4.3972 -1.6494 35 7 6
14.643 4.0504 -1.5854 34 14 5
14.593 4.1262 -1.6178 25 16 9
14.594 4.0956 -1.6299 38 15 7
14.601 4.0376 -1.4899 36 16 7
14.533 4.1879 -1.604 33 18 0
14.631 4.1565 -1.6548 38 16 3
14.666 4.1269 -1.6443 39 12 19
14.632 4.1854 -1.6404 35 15 6
14.72 4.1377 -1.6462 37 11 14
14.753 4.0964 -1.5582 41 20 3
14.713 4.195 -1.6463 38 20 0
14.699 4.315 -1.6456 35 17 5
14.74 4.157 -1.6593 33 20 14
14.745 4.1038 -1.6615 40 10 18
14.775 3.9291 -1.5512 29 15 14
14.725 4.2418 -1.6782 23 20 5
14.781 4.0648 -1.6438 34 14 5
14.769 4.1428 -1.6586 43 17 18
14.698 4.4473 -1.6985 42 17 13
14.827 3.9865 -1.6067 42 19 11
14.891 4.0875 -1.641 26 14 2
14.935 3.9679 -1.6029 35 22 13
14.929 4.0333 -1.6144 43 19 5
14.867 4.2482 -1.5962 37 25 0
14.885 4.0753 -1.6599 32 17 14
14.973 4.1416 -1.6386 44 22 1
14.935 4.2459 -1.6557 38 23 16
14.943 4.0769 -1.6528 39 17 17
14.928 4.2324 -1.6796 42 21 4
15.005 4.0611 -1.6298 41 23 1
14.975 4.1638 -1.7242 46 23 17
14.951 4.0865 -1.6223 42 18 4
14.971 4.0636 -1.6519 40 21 15
15.021 4.0237 -1.5779 47 21 4
15.011 4.1176 -1.7023 43 18 14
15.011 4.1268 -1.6064 46 22 10
15.075 3.9493 -1.5817 36 22 11
15.053 4.1244 -1.6556 35 23 1
15.066 3.9549 -1.6115 35 22 13
15.112 4.1988 -1.6551 46 19 10
15.123 4.2492 -1.624 49 17 12
15.146 4.0787 -1.6266 43 16 0
15.141 4.0481 -1.6409 41 23 1
15.068 4.1988 -1.6063 42 23 9
15.118 4.0908 -1.6259 47 23 9
15.091 4.2218 -1.6263 34 20 7
15.108 4.1045 -1.6629 44 25 19
15.137 3.9084 -1.5452 44 25 19
15.174 3.9357 -1.6078 48 22 21
15.147 4.0686 -1.6215 43 16 0
15.122 3.9585 -1.6031 40 22 10
15.123 4.1853 -1.6193 44 20 8
15.084 4.155 -1.647 41 26 19
15.151 3.9207 -1.5915 41 23 11
15.159 4.0468 -1.5777 43 17 0
15.082 4.0525 -1.6535 46 18 15
15.081 4.224 -1.6605 39 25 16
15.154 4.2215 -1.6158 44 18 1
15.172 4.0792 -1.6363 40 14 0
15.155 4.1392 -1.7045 42 18 14
15.227 4.0481 -1.6359 29 15 2
15.147 4.2032 -1.6347 42 14 10
15.181 4.142 -1.6098 42 19 3
15.233 3.9054 -1.5803 39 18 15
15.212 4.0226 -1.5822 41 15 14
15.178 4.0988 -1.6167 45 19 4
15.232 4.0719 -1.6248 39 17 2
15.317 3.9777 -1.5933 43 21 0
15.259 3.9773 -1.6061 47 22 2
15.28 4.0191 -1.6403 42 20 0
15.257 3.9995 -1.6183 45 20 0
15.275 3.9829 -1.647 43 23 12
15.291 4.0994 -1.6262 43 19 7
15.281 3.9967 -1.5285 41 18 12
15.267 4.0649 -1.597 42 20 5
15.297 4.1256 -1.6098 39 16 8
15.31 3.9675 -1.6184 45 23 0
15.267 4.2812 -1.6536 34 24 0
15.262 4.0299 -1.6059 47 22 0
15.257 3.912 -1.5936 42 16 0
15.289 4.012 -1.6032 48 19 13
15.302 3.964 -1.6456 42 18 8
15.329 4.0413 -1.5684 45 20 13
15.32 4.0449 -1.6044 46 19 12
15.387 3.9513 -1.6346 34 26 5
15.421 3.8948 -1.584 42 22 0
15.468 4.1329 -1.6434 44 22 11
15.414 4.1177 -1.6095 36 26 17
15.44 4.1283 -1.6308 42 20 9
15.446 3.9293 -1.6126 40 23 6
15.414 3.9171 -1.6211 43 24 10
15.504 3.8995 -1.5846 39 23 0
15.502 4.0679 -1.5815 41 24 7
15.53 4.1029 -1.6102 45 23 8
15.521 4.0452 -1.6113 41 19 6
15.537 4.084 -1.5706 45 25 14
15.475 4.1391 -1.6139 43 23 0
15.479 3.9398 -1.6006 36 25 3
15.51 4.114 -1.582 44 22 7
15.512 3.965 -1.5928 42 20 7
15.537 3.913 -1.5687 47 24 8
15.531 3.9398 -1.6158 36 19 2
15.547 3.9962 -1.591 30 17 1
15.494 4.0343 -1.5944 42 23 9
15.497 3.8818 -1.6012 40 22 0
15.625 3.9782 -1.6092 56 34 13
15.581 4.0248 -1.5916 40 31 12
15.613 3.8999 -1.5917 50 28 13
15.587 3.8848 -1.5718 46 23 15
15.576 4.0566 -1.634 46 26 17
15.61 4.0457 -1.6091 57 29 16
15.597 3.9441 -1.58 49 29 4
15.581 3.9118 -1.6164 45 24 7
15.564 3.9522 -1.6036 43 19 5
15.629 3.8566 -1.6037 51 30 9
15.651 3.8119 -1.5789 53 29 19
15.686 3.8473 -1.5837 45 22 6
15.698 3.8949 -1.5855 49 28 1
15.758 3.9061 -1.5796 53 29 15
15.713 3.8575 -1.6013 53 32 15
15.765 3.8543 -1.6152 49 26 10
15.755 3.9284 -1.6237 53 31 16
15.709 3.9409 -1.5868 62 43 27
15.736 3.9433 -1.5961 54 31 15
15.774 3.8795 -1.6044 47 28 11
15.707 3.9199 -1.575 58 46 24
15.737 3.8393 -1.5979 50 28 15
15.73 3.95 -1.6287 55 31 3
15.775 3.7506 -1.5585 50 24 7
15.811 4.0039 -1.5858 52 28 16
15.882 3.9327 -1.5718 42 24 0
15.873 3.8381 -1.6118 41 24 7
15.902 3.9265 -1.6071 40 21 4
15.874 3.711 -1.5381 41 22 8
15.933 3.9186 -1.5812 42 19 13
15.856 3.8572 -1.5858 35 27 4
15.909 4.0469 -1.6075 42 24 4
15.874 3.8416 -1.6151 41 24 7
15.885 3.8693 -1.6035 44 25 8
15.887 4.0488 -1.5705 39 22 4
15.927 3.9165 -1.6082 43 21 6
15.878 3.9442 -1.6127 45 24 7
15.925 4.0151 -1.6319 42 23 9
15.916 4.2488 -1.7179 39 24 5
15.968 3.9259 -1.567 45 22 4
15.96 3.9152 -1.5939 45 17 14
15.951 3.9756 -1.5867 40 23 3
15.95 3.8974 -1.6074 39 23 0
16.048 3.8355 -1.576 40 20 9
16.034 3.8039 -1.585 41 19 8
16.106 3.99 -1.5816 44 25 11
16.078 3.9088 -1.5671 40 24 11
16.061 3.8041 -1.5951 42 21 2
16.049 3.9006 -1.5493 41 22 6
16.072 3.8269 -1.5825 40 18 5
16.07 3.9614 -1.5548 43 25 5
15.998 3.7864 -1.5948 26 17 0
16.033 3.8604 -1.5567 43 16 9
16.078 3.9262 -1.6064 40 23 5
16.043 3.9843 -1.5896 36 24 10
16.009 3.8077 -1.5806 42 21 0
16.1 3.8321 -1.5952 41 22 6
16.098 3.8068 -1.5447 40 21 4
16.098 3.8982 -1.5971 43 21 6
16.106 3.8918 -1.5341 48 26 3
16.108 3.916 -1.5761 45 25 14
16.071 3.7508 -1.5698 37 20 2
16.29 3.9318 -1.5787 59 41 21
16.253 3.8443 -1.5546 57 36 17
16.364 3.8357 -1.5641 59 42 16
16.33 3.7201 -1.5787 57 32 10
16.341 3.7365 -1.5627 60 37 3
16.393 3.8399 -1.5687 62 42 8
16.346 3.8596 -1.5661 58 36 25
16.374 3.8044 -1.577 71 50 7
16.406 3.7034 -1.5663 50 31 1
16.407 3.7556 -1.5647 62 36 22
16.383 3.7642 -1.5578 78 53 23
16.417 3.8221 -1.5426 68 46 25
16.371 3.7437 -1.5756 61 35 8
16.436 3.8138 -1.5692 50 33 7
16.418 3.8899 -1.5695 72 52 17
16.342 3.6862 -1.5656 55 29 12
16.396 3.7409 -1.5828 56 36 0
16.526 3.8192 -1.5731 41 22 8
16.546 3.8536 -1.563 46 21 14
16.519 3.7575 -1.573 40 22 0
16.484 3.6935 -1.5614 45 24 3
16.553 3.7142 -1.5313 42 19 3
16.612 3.8654 -1.5595 40 23 3
16.588 3.8256 -1.5664 41 23 11
16.579 3.8557 -1.548 40 24 9
16.58 3.8704 -1.6151 42 18 8
16.645 3.9221 -1.5638 40 22 12
16.56 3.7318 -1.5706 41 20 3
16.546 3.7108 -1.5857 35 20 0
16.496 3.6666 -1.5502 37 18 1
16.542 3.7438 -1.5432 40 22 0
16.595 3.7871 -1.5492 41 17 13
16.539 3.7425 -1.5719 40 22 0
16.598 3.8985 -1.6041 38 19 5
16.67 3.8623 -1.5439 38 20 0
16.649 3.8758 -1.5463 23 18 0
16.655 3.7897 -1.5393 41 20 1
16.564 3.6863 -1.5219 40 16 14
16.653 3.7907 -1.5666 27 10 0
16.698 3.8151 -1.5654 41 20 3
16.647 3.7314 -1.542 40 23 3
16.686 3.8395 -1.5443 36 20 0
16.699 3.6852 -1.5659 31 14 0
16.695 3.7655 -1.5729 37 20 2
16.669 3.6397 -1.5633 33 20 2
16.657 3.6653 -1.5697 38 16 5
16.665 3.6745 -1.5507 33 15 0
16.725 3.7668 -1.5524 43 16 5
16.718 3.8456 -1.5544 41 20 1
16.669 3.7262 -1.5766 39 17 2
16.699 3.7689 -1.5462 42 21 2
16.721 3.7642 -1.5784 42 16 0
16.724 3.6788 -1.5417 32 13 0
16.815 3.7316 -1.564 33 13 6
16.709 3.6168 -1.5379 34 17 0
16.738 3.6982 -1.5281 31 14 0
16.685 3.6209 -1.5324 35 15 8
16.839 3.6446 -1.5334 35 18 0
16.825 3.6259 -1.5517 31 16 9
16.88 3.8227 -1.531 33 12 0
16.823 3.7031 -1.5871 19 15 4
16.84 3.6861 -1.5532 39 14 9
16.873 3.7332 -1.6174 36 17 3
16.822 3.7014 -1.5507 39 11 7
16.861 3.799 -1.5762 32 12 5
16.872 3.8131 -1.5556 32 13 15
16.924 3.682 -1.5832 34 17 0
16.799 3.5517 -1.5086 40 18 7
16.925 3.6488 -1.5914 38 26 4
16.877 3.6219 -1.5625 33 19 8
17.117 3.8205 -1.6047 44 23 2
16.976 3.6053 -1.5609 42 24 4
17.035 3.7508 -1.5243 45 27 5
16.979 3.6427 -1.5212 41 25 0
17.034 3.7492 -1.556 37 19 0
16.964 3.624 -1.5396 40 16 16
16.935 3.6237 -1.5588 39 20 4
17.074 3.8405 -1.5748 41 23 13
16.924 3.5733 -1.5337 25 14 0
17.036 3.644 -1.5394 36 24 0
16.982 3.6126 -1.5365 35 23 0
17.095 3.6805 -1.5722 34 24 0
17.017 3.6205 -1.5506 36 17 1
17.028 3.6694 -1.5476 42 24 4
17.134 3.6564 -1.5456 28 21 5
17.176 3.7424 -1.5341 35 15 17
17.05 3.557 -1.5364 39 19 20
17.125 3.6806 -1.5254 27 21 0
17.071 3.5831 -1.5245 35 24 2
17.208 3.7432 -1.546 33 7 6
17.153 3.6449 -1.6032 33 22 0
17.098 3.5803 -1.5356 34 16 4
17.407 4.0173 -1.6759 38 22 7
17.039 3.5772 -1.4878 37 15 2
17.127 3.6154 -1.5259 36 24 0
17.06 3.6028 -1.5319 36 18 4
14.477 3.9194 -1.6779 38 16 26
14.543 3.8903 -1.6516 28 11 19
14.562 3.8218 -1.6337 43 17 26
14.483 4.0832 -1.6468 42 16 2
14.609 3.8349 -1.6341 36 15 12
14.583 3.8242 -1.6421 39 19 8
14.624 3.748 -1.5677 31 12 6
14.604 3.9871 -1.6491 36 20 0
14.63 3.8868 -1.619 39 21 7
14.714 3.7821 -1.6329 37 19 0
14.75 3.8303 -1.654 35 15 4
14.737 3.8881 -1.6009 33 21 5
14.753 3.9111 -1.6192 30 17 0
14.739 3.7997 -1.6268 35 15 4
14.66 4.1543 -1.7319 29 14 0
14.769 3.8697 -1.6627 35 16 20
14.748 4.0591 -1.6642 36 16 7
14.764 4.0531 -1.6994 42 18 4
14.791 3.9317 -1.6521 36 16 5
14.762 3.9121 -1.5939 34 18 1
14.75 3.9475 -1.6168 37 21 4
14.796 3.8727 -1.5787 39 15 3
14.779 3.8107 -1.6505 37 17 8
14.769 3.9283 -1.6416 33 18 11
14.786 4.0124 -1.6441 38 20 0
14.736 4.022 -1.6323 36 18 8
14.773 3.8844 -1.6442 28 15 0
14.855 3.8394 -1.6376 34 24 15
14.888 3.832 -1.6144 39 20 4
14.829 3.9453 -1.6149 39 18 0
14.879 3.896 -1.6289 41 25 8
14.889 3.7791 -1.545 38 14 2
14.913 3.7543 -1.6275 42 27 22
14.873 3.8044 -1.5882 37 19 0
14.882 3.792 -1.6414 45 24 21
14.818 4.0705 -1.6978 56 30 5
14.871 3.8599 -1.6619 41 20 15
14.88 3.8936 -1.6274 41 25 8
14.892 3.9692 -1.6563 45 23 2
14.922 3.8354 -1.6665 52 32 21
14.898 4.0827 -1.7047 46 25 6
14.939 3.8381 -1.6094 43 27 4
14.912 3.8539 -1.6135 55 33 12
14.934 3.8948 -1.6167 42 21 0
14.905 3.847 -1.6369 40 24 0
14.945 3.7804 -1.6024 56 34 23
14.984 4.0737 -1.6984 42 18 4
15.011 3.7813 -1.6271 33 18 11
15.037 3.802 -1.6225 31 30 10
15.038 3.7585 -1.6196 48 20 16
15.033 3.7448 -1.6379 48 24 20
15.01 3.7458 -1.633 43 39 30
15.029 3.8849 -1.6474 35 24 0
15.018 3.7891 -1.6044 43 22 1
15.06 3.891 -1.6312 41 24 4
15.087 3.8726 -1.629 40 22 0
15.063 3.8279 -1.6196 44 23 4
15.038 3.9251 -1.6159 39 22 14
15.108 3.8451 -1.554 40 22 12
15.067 3.8977 -1.6087 40 23 6
15.045 3.877 -1.6811 39 21 7
15.084 3.8435 -1.6377 43 26 0
15.028 3.9299 -1.6485 40 18 0
15.055 3.7851 -1.6466 41 23 13
15.079 3.9651 -1.6574 41 24 16
15.072 4.0063 -1.6833 41 24 16
15.197 3.6958 -1.575 33 28 6
15.115 3.8454 -1.6188 36 14 0
15.145 3.8539 -1.6055 39 23 0
15.177 3.8407 -1.5845 37 20 0
15.187 3.7167 -1.6162 42 18 14
15.161 3.7397 -1.6266 41 19 0
15.112 3.9101 -1.6336 44 22 1
15.144 3.9101 -1.6152 42 24 2
15.105 4.0138 -1.6662 43 24 10
15.154 3.8362 -1.6625 40 19 0
15.238 3.7312 -1.6174 46 13 16
15.245 3.8677 -1.6253 42 19 3
15.242 3.8286 -1.6275 42 19 3
15.26 3.7308 -1.6271 44 15 7
15.188 3.8247 -1.6343 41 23 0
15.216 3.8551 -1.6335 40 20 0
15.216 3.9148 -1.6453 43 17 0
15.178 4.0924 -1.7218 31 13 9
15.195 3.8957 -1.6216 29 15 4
15.213 3.7439 -1.6176 43 17 3
15.199 3.8007 -1.5906 29 14 0
15.216 3.7884 -1.6166 45 17 3
15.224 3.915 -1.616 32 19 11
15.24 3.773 -1.6183 41 18 0
15.292 3.8941 -1.6593 42 21 2
15.244 3.9665 -1.6559 39 20 3
15.282 3.8222 -1.572 41 18 2
15.272 3.7665 -1.5953 39 17 0
15.268 3.8882 -1.6466 42 21 2
15.264 3.7712 -1.6257 39 13 0
15.329 3.8214 -1.5936 39 19 12
15.336 3.6366 -1.589 24 15 10
15.271 3.7691 -1.597 39 17 0
15.303 3.8549 -1.6048 48 23 19
15.35 4.0266 -1.7037 30 15 8
15.35 3.8803 -1.6403 39 17 0
15.331 3.9039 -1.6167 44 19 0
15.396 3.781 -1.6227 34 22 0
15.366 3.6141 -1.5554 39 19 10
15.356 3.6703 -1.6213 41 17 17
15.367 3.7299 -1.6104 39 21 1
15.385 3.6991 -1.6221 38 18 11
15.37 3.8118 -1.6364 31 20 0
15.383 3.8495 -1.6008 39 21 7
15.389 3.7563 -1.6354 36 20 0
15.378 3.8099 -1.604 37 18 4
15.456 3.5736 -1.5596 35 16 9
15.462 3.6592 -1.5934 35 18 8
15.408 3.8454 -1.608 39 21 9
15.402 3.8094 -1.6117 39 21 0
15.439 3.8716 -1.6035 43 21 8
15.413 3.7429 -1.6342 41 22 5
15.421 3.745 -1.6059 35 22 4
15.432 3.8571 -1.6245 38 20 6
15.465 3.8121 -1.574 43 20 12
15.426 3.807 -1.6196 39 22 0
15.461 3.6498 -1.588 35 18 8
15.468 3.7283 -1.6139 39 23 0
15.438 3.686 -1.6035 36 19 0
15.432 3.6725 -1.6208 36 17 10
15.409 3.6515 -1.5976 42 19 13
15.522 3.7192 -1.5977 40 20 11
15.523 3.739 -1.6118 40 20 11
15.53 3.7764 -1.608 43 22 3
15.485 3.6899 -1.6231 37 16 0
15.538 3.6739 -1.6038 42 21 2
15.492 3.7214 -1.6177 27 16 0
15.508 3.6653 -1.6125 40 20 11
15.478 3.6881 -1.6504 34 21 12
15.499 3.7654 -1.6196 33 20 4
15.515 3.7143 -1.621 40 24 1
15.502 3.6513 -1.6293 35 22 13
15.601 3.7235 -1.5988 42 25 5
15.557 3.7148 -1.6719 36 20 20
15.594 3.7135 -1.622 43 21 0
15.565 3.8545 -1.6384 36 20 0
15.568 3.6812 -1.5888 41 23 1
15.588 3.813 -1.622 43 24 8
15.561 3.6693 -1.6094 44 23 4
15.617 3.7765 -1.5788 48 35 17
15.572 3.8529 -1.6088 35 18 10
15.61 3.7713 -1.6034 47 28 21
15.552 3.7207 -1.5803 39 19 0
15.58 3.7885 -1.6361 39 20 6
15.547 3.7349 -1.6165 33 16 6
15.681 3.7342 -1.6062 51 27 13
15.678 3.8315 -1.6027 37 26 6
15.674 3.7293 -1.6323 54 28 3
15.664 3.5167 -1.5442 52 30 9
15.667 3.7748 -1.5947 31 23 12
15.661 3.6581 -1.6082 48 27 6
15.65 3.6068 -1.6005 36 32 5
15.636 3.7809 -1.619 48 28 21
15.643 3.7885 -1.5977 50 32 12
15.717 3.6719 -1.6106 48 27 0
15.713 3.7489 -1.5967 48 26 11
15.704 3.614 -1.5966 48 25 7
15.726 3.7016 -1.5996 48 24 10
15.693 3.7837 -1.607 51 27 15
15.703 3.7104 -1.6001 72 46 31
15.697 3.6048 -1.616 47 22 15
15.703 3.8202 -1.6043 52 33 19
15.685 3.6615 -1.6216 43 26 18
15.695 3.6924 -1.6151 50 25 3
15.735 3.7193 -1.5826 46 18 14
15.748 3.7768 -1.596 50 28 17
15.729 3.6279 -1.6139 45 24 7
15.722 3.7677 -1.5809 55 33 18
15.733 3.6163 -1.5783 44 27 0
15.775 3.5816 -1.5711 48 22 8
15.808 3.7981 -1.6 44 22 11
15.781 3.5888 -1.5505 47 26 9
15.807 3.6621 -1.6636 30 21 12
15.745 3.5754 -1.5849 46 24 9
15.78 3.647 -1.6423 45 20 13
15.784 3.7573 -1.658 46 23 5
15.837 3.8157 -1.6199 35 21 18
15.831 3.7328 -1.6601 38 21 1
15.81 3.6471 -1.6267 26 15 0
15.77 3.7549 -1.59 46 25 4
15.75 3.5722 -1.5556 44 23 4
15.862 3.6345 -1.6076 41 22 6
15.857 3.6382 -1.6417 41 21 12
15.863 3.713 -1.5978 42 20 9
15.882 3.6835 -1.5853 39 21 0
15.83 3.6966 -1.6053 38 23 0
15.862 3.5467 -1.5808 47 19 16
15.873 3.6632 -1.5995 42 20 0
15.849 3.6654 -1.5937 41 22 8
15.901 3.7468 -1.601 41 23 1
15.875 3.7422 -1.5894 39 19 12
15.854 3.7688 -1.5988 44 25 21
15.828 3.5885 -1.5666 40 24 0
15.875 3.5831 -1.5787 40 18 0
15.827 3.6064 -1.6071 45 22 4
15.837 3.708 -1.5854 35 28 10
15.969 3.8181 -1.6685 38 20 0
15.904 3.6044 -1.6026 45 20 0
15.971 3.7009 -1.5702 38 25 7
15.921 3.6379 -1.5743 44 22 9
15.891 3.6328 -1.5883 39 18 0
15.917 3.7062 -1.5825 42 18 6
15.881 3.5267 -1.5729 38 22 9
15.909 3.6069 -1.5799 41 20 0
15.904 3.6049 -1.6034 45 20 0
15.902 3.6621 -1.5822 42 22 0
16.015 3.6753 -1.5671 41 22 8
16.021 3.6963 -1.5818 40 21 7
15.975 3.5801 -1.5829 37 25 9
16.005 3.6558 -1.5827 44 22 11
15.984 3.5451 -1.5943 41 20 1
16.015 3.7507 -1.5821 42 20 7
16 3.5824 -1.5959 44 19 0
16.003 3.5281 -1.5888 44 22 11
16 3.7128 -1.5844 40 23 5
16.023 3.6322 -1.5759 36 19 0
16.037 3.7386 -1.5818 41 22 8
15.987 3.6084 -1.5758 43 21 0
16.006 3.5893 -1.5754 40 21 7
16.013 3.7826 -1.6653 42 25 15
16.049 3.7077 -1.5973 44 25 9
16.007 3.527 -1.5629 37 21 8
16.072 3.6299 -1.5905 35 18 0
16.059 3.7255 -1.5837 39 20 6
16.033 3.5855 -1.5482 33 14 0
16.035 3.6047 -1.5921 39 21 0
16.034 3.5374 -1.5795 39 20 6
16.05 3.5135 -1.5693 40 17 11
16.073 3.5704 -1.5838 44 24 0
16.047 3.5641 -1.5704 38 22 0
16.077 3.5706 -1.557 44 22 9
16.155 3.6887 -1.5648 42 27 6
16.144 3.6688 -1.5822 39 22 14
16.177 3.632 -1.5997 44 20 16
16.163 3.653 -1.5757 40 22 8
16.166 3.6489 -1.5507 51 30 11
16.139 3.5408 -1.5613 43 23 0
16.162 3.4852 -1.5625 39 20 16
16.189 3.6423 -1.5498 50 33 7
16.158 3.5265 -1.5578 43 23 0
16.18 3.5737 -1.5655 42 25 0
16.214 3.5351 -1.5574 46 25 4
16.187 3.5391 -1.5749 45 28 0
16.221 3.6619 -1.5701 52 28 14
16.25 3.6689 -1.5841 49 30 14
16.218 3.5985 -1.566 50 28 5
16.208 3.6377 -1.5827 46 30 7
16.202 3.5157 -1.5704 44 25 8
16.214 3.5983 -1.5916 45 24 5
16.19 3.6563 -1.5874 46 23 17
16.147 3.5062 -1.5718 42 30 8
16.312 3.6341 -1.5881 43 28 9
16.219 3.3907 -1.5015 43 25 15
16.264 3.6415 -1.5746 49 28 9
16.3 3.5654 -1.5998 45 28 11
16.245 3.5521 -1.5769 48 27 6
16.285 3.5657 -1.5116 50 29 8
16.287 3.6418 -1.6146 48 25 7
16.255 3.5586 -1.5267 55 34 13
16.235 3.58 -1.5598 51 29 16
16.295 3.4999 -1.5633 48 23 18
16.334 3.6179 -1.557 49 27 6
16.357 3.613 -1.5613 47 23 11
16.305 3.4755 -1.5799 42 21 16
16.364 3.6766 -1.5677 52 28 14
16.393 3.6823 -1.5822 49 30 13
16.339 3.5352 -1.572 50 26 0
16.301 3.5595 -1.5707 49 28 9
16.323 3.4575 -1.5478 40 21 4
16.338 3.5797 -1.563 50 28 13
16.317 3.5873 -1.5629 48 25 7
16.319 3.5455 -1.5667 46 25 4
16.326 3.5128 -1.5819 49 28 0
16.33 3.4719 -1.5589 40 21 4
16.274 3.4607 -1.5594 50 28 17
16.486 3.7037 -1.5934 37 24 15
16.389 3.4858 -1.5614 50 23 6
16.381 3.5574 -1.5439 45 21 7
16.371 3.5003 -1.561 50 27 11
16.376 3.4672 -1.5729 49 21 17
16.404 3.6516 -1.5684 47 27 16
16.412 3.614 -1.5528 46 22 12
16.389 3.5294 -1.5565 49 23 9
16.361 3.4856 -1.5766 48 19 13
16.367 3.5415 -1.5825 49 23 9
16.51 3.6011 -1.5504 42 18 16
16.463 3.609 -1.5388 44 26 12
16.492 3.5274 -1.5325 41 14 3
16.505 3.5962 -1.5746 41 17 5
16.514 3.5697 -1.5912 39 23 0
16.475 3.5466 -1.5671 37 21 0
16.47 3.4965 -1.5641 42 18 4
16.462 3.5687 -1.5751 39 21 0
16.547 3.5303 -1.5294 35 15 6
16.603 3.7149 -1.6107 38 17 12
16.513 3.4789 -1.5475 34 22 0
16.535 3.5147 -1.5436 36 11 4
16.55 3.5826 -1.5849 31 15 0
16.523 3.4533 -1.5058 34 17 0
16.542 3.4862 -1.5583 39 17 4
16.478 3.4704 -1.5776 35 17 3
16.553 3.5818 -1.5248 41 22 8
16.541 3.5679 -1.5737 31 15 0
16.503 3.5103 -1.5805 38 19 3
16.565 3.6059 -1.5713 33 16 0
16.51 3.5197 -1.5608 42 15 4
16.564 3.6507 -1.5916 36 13 5
16.52 3.4904 -1.5551 34 22 0
16.587 3.5561 -1.5521 23 20 3
16.649 3.6119 -1.5722 35 18 1
16.621 3.5688 -1.5712 23 16 0
16.665 3.5905 -1.54 33 12 17
16.717 3.6301 -1.576 28 14 11
16.637 3.4757 -1.5586 32 17 0
16.666 3.4813 -1.5678 37 15 2
16.647 3.5283 -1.5582 38 21 1
16.614 3.443 -1.5585 35 16 0
16.667 3.484 -1.6 37 21 6
16.732 3.5734 -1.5534 35 15 17
16.642 3.4112 -1.5492 34 15 0
16.687 3.4039 -1.5623 35 14 11
16.799 3.6315 -1.6039 32 22 12
16.67 3.4507 -1.5535 33 9 5
16.795 3.5482 -1.5616 35 19 6
16.691 3.4083 -1.5384 34 16 6
16.693 3.3782 -1.5514 30 17 0
16.746 3.5166 -1.532 31 20 14
16.679 3.4284 -1.5726 33 13 15
16.782 3.6037 -1.5571 30 18 6
16.704 3.4625 -1.5697 31 14 7
16.877 3.7005 -1.6324 36 12 8
16.708 3.4279 -1.5045 34 15 1
16.768 3.5144 -1.5922 34 24 0
16.842 3.5796 -1.6802 33 21 0
16.844 3.5786 -1.564 36 17 1
16.852 3.5881 -1.5711 36 17 1
16.806 3.527 -1.5555 35 19 0
16.735 3.3997 -1.5497 24 23 5
16.821 3.5832 -1.5593 42 23 7
16.818 3.507 -1.5214 39 22 4
16.985 3.6534 -1.614 37 20 2
16.855 3.4522 -1.5651 34 21 3
16.869 3.4706 -1.5503 39 20 4
16.866 3.5356 -1.5507 35 18 11
17.005 3.6409 -1.6188 27 19 16
16.882 3.5216 -1.5782 37 18 1
16.934 3.6238 -1.5842 35 10 13
16.937 3.4563 -1.5353 37 20 0
16.979 3.5722 -1.5525 31 15 0
17.028 3.5992 -1.6032 31 21 12
17.004 3.5694 -1.5554 34 23 4
16.97 3.5624 -1.5701 35 19 0
17.007 3.4431 -1.5542 54 39 6
16.965 3.3961 -1.5439 60 39 18
16.971 3.4329 -1.5396 54 38 2
17.028 3.4989 -1.5591 55 29 15
17.026 3.5294 -1.5433 38 31 11
16.928 3.3531 -1.5388 39 27 15
17.055 3.4987 -1.5668 50 34 0
16.904 3.354 -1.5333 34 28 16
17.03 3.5011 -1.5357 36 20 3
16.929 3.3251 -1.5247 49 38 19
16.96 3.4503 -1.5718 35 22 3
17.064 3.5074 -1.6032 54 39 6
16.978 3.4404 -1.5727 53 42 20
16.954 3.4438 -1.5404 49 26 10
17.077 3.4603 -1.5591 43 28 0
17.07 3.4843 -1.5641 44 28 3
16.988 3.3306 -1.5269 56 37 21
17.046 3.4256 -1.561 52 36 10
17.01 3.4159 -1.5426 54 39 6
17.104 3.5234 -1.5362 29 31 10
17.043 3.4213 -1.559 52 36 10
17.015 3.3914 -1.5604 54 39 6
17.061 3.5047 -1.5197 42 27 6
17.11 3.5618 -1.5843 42 25 0
16.981 3.3839 -1.5437 60 45 4
17.1 3.4535 -1.5905 49 37 15
14.49 3.841 -1.6838 37 17 10
14.479 3.8888 -1.6875 41 25 8
14.593 3.6802 -1.6187 37 23 10
14.688 3.5295 -1.5533 25 8 0
14.526 3.8786 -1.7031 40 10 10
14.552 3.7714 -1.6218 35 14 11
14.624 3.6788 -1.6003 27 19 6
14.575 3.7673 -1.6899 38 19 25
14.567 3.717 -1.6087 40 17 11
14.565 3.8404 -1.6818 37 19 0
14.605 3.7493 -1.6821 28 11 3
14.674 3.6114 -1.6166 37 18 1
14.614 3.7498 -1.6585 34 14 7
14.696 3.6485 -1.6041 29 12 4
14.642 3.7097 -1.6642 35 18 8
14.75 3.6659 -1.6383 32 12 1
14.69 3.742 -1.7163 30 13 0
14.694 3.7039 -1.6512 34 8 7
14.708 3.7226 -1.6743 34 11 17
14.678 3.7178 -1.6248 36 14 0
14.764 3.7615 -1.6365 29 16 0
14.717 3.8347 -1.6763 34 17 7
14.817 3.6502 -1.6535 38 15 0
14.724 3.8146 -1.6633 34 17 7
14.778 3.6953 -1.6187 30 11 7
14.798 3.7245 -1.6178 36 17 3
14.825 3.6768 -1.6237 20 6 0
14.85 3.6102 -1.6339 39 14 18
14.87 3.6676 -1.6307 40 14 15
14.875 3.6205 -1.6249 40 13 6
14.85 3.6372 -1.6281 35 13 13
14.853 3.7515 -1.6636 43 22 1
14.827 3.6423 -1.6256 35 17 7
14.863 3.6345 -1.66 36 18 0
14.849 3.6658 -1.6239 40 19 2
14.894 3.7146 -1.6195 46 22 12
14.892 3.6936 -1.6306 43 20 2
14.915 3.6239 -1.6445 44 13 19
14.942 3.6626 -1.6285 44 21 5
14.893 3.6583 -1.6319 43 16 7
14.943 3.595 -1.6333 41 17 7
14.922 3.6264 -1.6218 43 19 17
14.919 3.7166 -1.69 45 20 16
14.921 3.5743 -1.6326 41 15 0
14.9 3.6083 -1.623 38 19 5
14.926 3.6774 -1.6004 50 25 2
14.903 3.7254 -1.664 42 18 4
14.981 3.739 -1.6475 45 20 13
15.004 3.6645 -1.6559 47 15 12
14.989 3.6747 -1.6249 40 23 15
14.99 3.6366 -1.6275 45 24 19
15.063 3.7055 -1.6201 42 21 0
15.06 3.6766 -1.6292 49 28 1
15.06 3.6768 -1.6293 49 28 1
15.064 3.6212 -1.6148 72 48 36
15.039 3.6436 -1.6219 47 22 18
15.009 3.681 -1.6402 45 25 14
15.061 3.5984 -1.6243 57 33 23
15.013 3.6995 -1.6258 51 27 27
15.054 3.5395 -1.5715 51 29 14
15.041 3.6674 -1.6149 47 22 17
15.078 3.8187 -1.7442 45 24 3
15.09 3.6784 -1.6115 37 17 10
15.082 3.6357 -1.6345 47 27 2
15.081 3.6832 -1.641 41 21 12
15.203 3.4963 -1.5983 39 20 14
15.203 3.6511 -1.6337 42 22 13
15.156 3.5808 -1.6198 43 19 15
15.188 3.6526 -1.6014 42 24 12
15.159 3.7001 -1.6299 37 18 2
15.18 3.6088 -1.6219 39 21 0
15.181 3.6493 -1.6255 42 22 0
15.177 3.5314 -1.6173 37 21 0
15.182 3.5472 -1.602 41 22 16
15.204 3.5915 -1.618 37 19 0
15.193 3.6124 -1.6605 41 24 6
15.252 3.6035 -1.6169 40 18 3
15.271 3.5071 -1.6049 44 20 20
15.226 3.5836 -1.6211 39 21 1
15.254 3.7133 -1.6458 40 18 3
15.251 3.5493 -1.6048 37 20 13
15.22 3.5705 -1.6407 36 23 4
15.269 3.6513 -1.661 34 16 4
15.249 3.515 -1.604 42 20 0
15.271 3.5679 -1.6271 40 21 5
15.273 3.766 -1.6883 41 19 6
15.298 3.5845 -1.6203 29 14 9
15.326 3.5909 -1.6073 34 25 8
15.3 3.7143 -1.663 39 14 10
15.299 3.649 -1.6436 37 13 1
15.32 3.5716 -1.6194 31 14 6
15.327 3.6647 -1.6353 28 17 13
15.32 3.5759 -1.6223 31 14 6
15.398 3.604 -1.618 32 15 0
15.381 3.6289 -1.6003 38 19 12
15.347 3.5853 -1.6157 40 19 2
15.393 3.5644 -1.6147 38 21 1
15.375 3.6167 -1.6175 35 13 15
15.352 3.6285 -1.6179 37 19 5
15.403 3.6302 -1.61 38 20 10
15.427 3.5687 -1.5743 37 16 11
15.426 3.4551 -1.6011 38 21 3
15.449 3.5986 -1.6034 38 20 8
15.437 3.5526 -1.6204 33 16 0
15.431 3.491 -1.6032 40 20 11
15.465 3.5423 -1.5978 31 14 0
15.459 3.5063 -1.5971 23 13 11
15.421 3.5748 -1.604 39 18 15
15.443 3.5594 -1.6025 44 18 4
15.453 3.5158 -1.6302 35 14 11
15.471 3.5702 -1.5934 18 14 2
15.495 3.6544 -1.6634 34 13 10
15.539 3.5878 -1.631 39 15 13
15.537 3.4332 -1.5999 41 16 9
15.508 3.5129 -1.5928 37 23 12
15.481 3.5125 -1.6079 44 16 15
15.487 3.5286 -1.5978 35 22 6
15.502 3.487 -1.6005 43 19 15
15.523 3.6184 -1.6183 39 22 2
15.509 3.5318 -1.6067 37 23 12
15.524 3.4919 -1.6114 43 27 4
15.53 3.5043 -1.5943 38 17 12
15.515 3.5253 -1.5762 32 17 10
15.516 3.4208 -1.5823 39 22 12
15.56 3.5495 -1.6122 39 21 11
15.591 3.4371 -1.5674 55 36 29
15.545 3.5729 -1.5939 38 20 8
15.545 3.4756 -1.6092 41 23 9
15.553 3.5347 -1.6274 39 21 1
15.652 3.51 -1.5898 45 23 23
15.663 3.5609 -1.6017 50 32 10
15.667 3.4896 -1.6107 45 29 16
15.642 3.4665 -1.5882 72 53 37
15.631 3.5214 -1.5902 35 23 11
15.66 3.4809 -1.6291 41 26 7
15.673 3.4973 -1.5886 52 29 13
15.739 3.5683 -1.6052 47 26 9
15.718 3.4957 -1.6028 42 21 4
15.714 3.5534 -1.5877 45 25 16
15.685 3.4601 -1.5939 40 26 17
15.676 3.4224 -1.5896 42 25 8
15.729 3.5353 -1.6069 44 25 18
15.685 3.5516 -1.604 45 22 16
15.702 3.5061 -1.5788 44 23 18
15.698 3.5139 -1.6096 47 24 8
15.795 3.4907 -1.575 44 22 7
15.804 3.4459 -1.5739 42 23 9
15.859 3.5548 -1.6123 40 24 7
15.854 3.4686 -1.6088 41 21 10
15.836 3.4087 -1.5873 40 22 0
15.823 3.5195 -1.6048 43 20 14
15.796 3.4276 -1.5853 42 20 9
15.838 3.4782 -1.5809 43 18 21
15.827 3.5134 -1.5738 40 21 4
15.802 3.3755 -1.5794 38 15 9
15.86 3.4758 -1.5883 38 21 11
15.834 3.4853 -1.6134 42 21 0
15.823 3.4519 -1.6123 43 20 12
15.871 3.4268 -1.5582 42 19 11
15.901 3.5334 -1.6131 39 19 8
15.869 3.4365 -1.5912 39 19 10
15.869 3.4937 -1.5747 35 15 4
15.862 3.4284 -1.6124 43 20 12
15.98 3.4777 -1.606 38 15 9
15.985 3.4802 -1.58 45 20 16
15.967 3.3837 -1.5909 43 21 10
15.943 3.3632 -1.543 44 19 12
15.954 3.4667 -1.5882 35 15 6
15.954 3.4183 -1.6143 46 24 13
15.969 3.5053 -1.5918 37 18 11
16.044 3.447 -1.5807 40 22 12
16.024 3.4564 -1.5799 44 20 16
16.029 3.5345 -1.6044 38 18 9
16.036 3.4823 -1.575 38 22 7
16.017 3.3776 -1.5545 35 23 1
16.017 3.5094 -1.6121 37 21 8
15.995 3.3344 -1.5692 43 23 0
16.011 3.372 -1.575 41 23 11
15.986 3.4202 -1.5698 39 17 4
16.113 3.4346 -1.5705 41 21 12
16.119 3.4617 -1.6167 38 12 13
16.127 3.4629 -1.5664 42 21 18
16.157 3.4812 -1.587 45 22 16
16.139 3.3938 -1.5802 42 24 12
16.125 3.3662 -1.5834 43 23 0
16.171 3.415 -1.606 44 25 11
16.187 3.4389 -1.5709 47 27 2
16.174 3.4146 -1.5797 46 23 17
16.106 3.3264 -1.5771 44 21 13
16.174 3.463 -1.5808 42 23 9
16.137 3.4371 -1.5798 42 21 16
16.154 3.4226 -1.5745 42 23 16
16.14 3.3472 -1.5759 45 26 10
16.107 3.3794 -1.5847 41 23 0
16.184 3.4318 -1.5661 47 27 2
16.115 3.391 -1.5694 45 23 0
16.206 3.4272 -1.5722 41 17 15
16.198 3.3702 -1.5858 48 28 19
16.269 3.5087 -1.6166 38 22 23
16.245 3.4634 -1.608 46 27 13
16.244 3.4216 -1.6348 53 35 13
16.213 3.398 -1.5811 46 28 8
16.168 3.3101 -1.5609 51 32 25
16.184 3.3832 -1.5619 45 26 9
16.181 3.3842 -1.5886 49 27 12
16.171 3.3678 -1.6008 48 30 20
16.218 3.4475 -1.5626 46 25 20
16.312 3.4413 -1.562 48 26 11
16.291 3.4031 -1.5609 44 23 20
16.279 3.4284 -1.5668 43 26 6
16.278 3.4318 -1.5975 48 30 8
16.258 3.4331 -1.5656 33 24 15
16.284 3.394 -1.5777 39 23 0
16.354 3.43 -1.5695 42 21 18
16.329 3.3861 -1.562 44 22 11
16.344 3.4561 -1.5822 46 22 12
16.37 3.4149 -1.5663 41 16 11
16.326 3.3398 -1.5589 46 22 12
16.351 3.3838 -1.5667 47 21 24
16.35 3.3421 -1.5665 45 23 0
16.33 3.3099 -1.5677 38 24 11
16.313 3.4005 -1.5671 48 24 14
16.312 3.4027 -1.5966 41 27 1
16.36 3.3235 -1.5862 41 18 10
16.423 3.3811 -1.5659 36 17 1
16.374 3.3776 -1.5456 43 22 3
16.369 3.3728 -1.5667 36 19 1
16.444 3.4146 -1.5658 37 15 15
16.465 3.3688 -1.5452 43 18 11
16.445 3.3391 -1.5481 38 15 0
16.515 3.4113 -1.5896 36 13 5
16.469 3.3439 -1.5825 39 19 10
16.469 3.4169 -1.5746 35 10 3
16.482 3.3604 -1.5748 37 14 6
16.438 3.3265 -1.5377 43 17 0
16.433 3.3211 -1.5594 33 17 0
16.455 3.3951 -1.5849 36 16 17
16.52 3.3438 -1.5803 37 19 5
16.503 3.3528 -1.5509 35 12 4
16.534 3.3645 -1.5666 38 20 0
16.489 3.2975 -1.5685 36 20 3
16.521 3.4177 -1.5678 43 15 11
16.487 3.3325 -1.5857 38 19 5
16.494 3.3423 -1.5671 36 20 7
16.514 3.2992 -1.5493 36 20 3
16.49 3.3373 -1.5894 38 19 5
16.515 3.3028 -1.5788 34 14 5
16.597 3.3827 -1.5767 34 18 21
16.521 3.2778 -1.5641 40 16 16
16.603 3.3912 -1.5529 34 12 15
16.602 3.3563 -1.5613 34 16 12
16.601 3.323 -1.5947 31 18 12
16.638 3.4073 -1.5735 29 5 3
16.639 3.3722 -1.5567 31 15 16
16.599 3.2865 -1.5719 35 20 15
16.603 3.323 -1.5422 31 18 0
16.605 3.2929 -1.551 34 21 2
16.665 3.3399 -1.5475 36 20 3
16.644 3.3824 -1.6182 35 22 3
16.575 3.2536 -1.5708 38 16 19
16.63 3.2627 -1.5441 41 18 10
16.628 3.3247 -1.5501 32 20 0
16.666 3.3768 -1.5636 29 13 0
16.66 3.3348 -1.5694 30 22 1
16.607 3.2646 -1.5629 35 20 17
16.642 3.3119 -1.5717 35 22 4
16.76 3.4347 -1.6008 34 24 0
16.699 3.3535 -1.5672 36 16 18
16.676 3.3229 -1.5684 35 22 4
16.932 3.3279 -1.5542 36 21 14
16.94 3.366 -1.5765 26 13 7
16.942 3.2827 -1.5112 37 25 11
16.962 3.3321 -1.5642 34 23 4
