496
0.10296 0.50706 0.16534 0.83961 14.004 5.4563 -0.30456
16.943 1.711 -0.21052 67 45 21
15.172 4.6259 -0.78539 42 26 11
15.136 4.6363 -0.79171 42 24 10
15.102 4.6664 -0.80973 47 26 7
15.127 4.6604 -0.78413 43 27 12
16.858 3.5234 -1.663 36 23 5
16.586 3.713 -1.5704 40 24 7
16.613 3.6552 -1.5933 39 23 6
16.896 3.4609 -1.7342 39 23 6
16.526 3.6292 -1.539 41 23 13
16.456 4.4939 -1.5824 53 36 16
16.492 4.4477 -1.6153 51 33 23
16.556 4.2979 -1.5948 55 34 15
16.477 4.3812 -1.603 47 31 14
16.429 4.3367 -1.6087 53 39 13
16.468 4.345 -1.5802 57 33 19
16.414 4.2026 -1.622 55 33 20
16.31 4.1161 -1.5876 49 31 11
16.269 4.1064 -1.5775 47 30 10
16.361 3.9748 -1.6179 43 23 12
16.28 3.9497 -1.5682 44 19 15
16.409 3.8952 -1.5962 43 25 15
16.417 3.8086 -1.5979 41 22 8
16.435 3.7836 -1.5375 40 23 5
16.256 3.93 -1.5724 44 20 18
16.371 3.8098 -1.6154 44 22 9
16.231 3.9125 -1.569 44 24 0
16.675 3.5777 -1.673 37 21 8
16.643 3.6822 -1.6291 41 21 14
16.535 3.7356 -1.6944 42 22 0
16.169 3.9205 -1.5466 45 23 10
16.348 3.8187 -1.5722 40 22 0
16.336 3.7777 -1.5175 38 24 11
16.239 3.8357 -1.6006 34 15 1
16.424 3.7089 -1.5254 44 22 9
16.084 3.8741 -1.5054 45 22 14
16.63 5.5584 -1.6308 44 24 0
16.689 5.4965 -1.6342 38 19 12
16.694 5.504 -1.6602 45 23 10
16.723 5.5303 -1.6664 39 24 17
15.257 5.3917 -0.93002 45 25 14
15.256 5.3881 -0.9178 42 24 12
15.264 5.3878 -0.92182 42 24 12
16.569 5.4304 -1.6351 46 26 15
15.66 5.3836 -1.1666 46 24 9
15.244 5.4001 -0.90249 47 25 12
16.474 4.5963 -1.6166 68 42 25
16.679 4.5175 -1.691 61 38 22
16.384 4.5431 -1.634 54 36 14
16.552 4.529 -1.6343 59 37 24
16.466 4.568 -1.6236 61 39 18
16.4 4.5444 -1.6742 53 33 24
16.295 4.6203 -1.6311 60 40 29
16.482 4.5307 -1.6457 58 36 15
16.237 4.6479 -1.6228 54 42 20
16.421 4.5604 -1.6457 55 36 19
16.317 4.5828 -1.6572 54 36 22
16.332 4.4711 -1.6426 46 29 9
16.349 4.5192 -1.5997 44 26 16
16.458 4.4686 -1.6273 56 37 20
16.409 4.4496 -1.5842 53 33 22
16.458 4.4684 -1.6275 56 37 20
16.385 4.4808 -1.664 54 34 10
16.305 4.5202 -1.6471 51 32 26
16.417 4.4824 -1.7454 45 33 9
16.27 4.5639 -1.6181 53 33 22
16.337 4.4862 -1.5767 57 35 22
16.298 4.5598 -1.6626 54 36 24
16.443 4.4355 -1.6054 53 33 22
16.423 4.4579 -1.6534 57 33 23
16.14 4.558 -1.5615 50 31 17
16.463 4.3944 -1.6285 55 34 17
16.512 4.3061 -1.6842 54 32 17
16.579 4.2754 -1.721 55 33 18
16.46 4.4028 -1.6569 53 34 20
16.217 4.4767 -1.5332 53 33 22
16.382 4.3971 -1.5975 55 30 23
16.385 4.4419 -1.6429 57 31 17
16.154 4.4645 -1.6065 45 28 11
16.434 4.4141 -1.6412 53 34 20
16.195 4.433 -1.5794 44 30 19
16.138 4.4127 -1.6262 45 26 12
16.326 4.2871 -1.5849 53 36 26
16.187 4.4133 -1.6139 44 29 6
16.21 4.3583 -1.5809 50 32 10
16.227 4.3878 -1.6071 49 31 11
16.019 4.4419 -1.5624 43 25 13
16.292 4.2069 -1.6073 51 29 16
16.19 4.2557 -1.6813 36 25 6
16.295 4.2314 -1.5695 54 36 22
16.139 4.3083 -1.6065 46 26 17
16.256 4.2651 -1.6079 50 31 17
16.217 4.2535 -1.5937 49 31 11
16.142 4.3002 -1.5811 46 28 4
16.341 4.247 -1.6087 54 32 21
16.059 4.2662 -1.6236 43 24 7
16.267 4.1542 -1.6209 45 27 13
16.126 4.2657 -1.5222 63 42 23
16.319 4.1517 -1.6059 52 30 17
16.05 4.2345 -1.6052 44 26 16
16.12 4.2567 -1.6212 46 24 13
16.175 4.2512 -1.6118 47 26 5
16.365 4.0914 -1.6454 47 27 18
16.059 4.2969 -1.6111 36 28 5
16.106 4.233 -1.6235 48 27 8
16.373 4.156 -1.6231 53 34 18
16.001 4.2353 -1.4343 45 27 13
16.282 4.071 -1.629 41 25 12
16.127 4.1386 -1.5795 45 26 9
16.005 4.2005 -1.6008 44 22 7
16.132 4.1421 -1.6069 42 18 6
16.268 4.0393 -1.6004 44 26 12
16.229 4.0699 -1.6082 42 23 6
16.264 4.0884 -1.6469 47 27 20
16.041 4.2094 -1.6121 41 24 6
16.151 4.0185 -1.6008 43 23 0
16.127 4.0404 -1.6162 37 22 3
16.033 4.0768 -1.5997 27 21 9
15.928 4.1522 -1.5649 36 19 12
16.234 4.0329 -1.6245 42 22 15
16.191 3.8881 -1.6647 41 13 0
16.113 3.9654 -1.5507 43 23 16
15.987 4.0812 -1.6153 30 18 6
15.986 4.045 -1.5938 39 24 1
16.107 3.9871 -1.6318 41 21 14
16.166 3.8944 -1.5887 46 19 12
16.006 3.9926 -1.5937 41 21 14
16.146 3.9143 -1.6088 39 21 9
15.977 4.0828 -1.5802 40 23 16
15.983 4.0139 -1.6112 33 12 7
16.125 3.8947 -1.6065 44 19 14
16.172 3.8133 -1.5899 42 23 9
15.989 3.9341 -1.5777 40 22 10
16.098 3.9194 -1.6267 42 22 13
16.042 3.9221 -1.5703 33 20 11
15.944 3.9735 -1.5797 43 25 3
15.961 3.9882 -1.5482 41 18 10
15.953 3.9724 -1.6119 45 18 11
15.93 3.9512 -1.5853 36 24 10
15.933 3.8731 -1.5565 43 24 8
15.938 3.9127 -1.6015 43 26 8
15.785 3.9409 -1.5366 46 24 0
16 3.7501 -1.6206 43 24 18
15.921 3.7779 -1.5575 45 25 1
15.906 3.7953 -1.5802 40 23 15
15.937 3.8083 -1.6074 41 27 14
16.018 3.7642 -1.5962 42 26 0
15.949 3.8274 -1.5746 47 23 13
15.95 3.831 -1.6092 35 28 22
15.793 3.9028 -1.554 46 22 10
15.96 3.7087 -1.5966 41 23 13
15.956 3.7173 -1.6259 46 28 16
15.849 3.7833 -1.5924 49 22 3
15.884 3.7429 -1.5568 39 21 9
15.937 3.6901 -1.5633 42 22 11
15.863 3.7663 -1.5722 38 26 12
15.841 3.6841 -1.5962 46 20 3
15.768 3.7195 -1.5617 45 23 2
15.767 3.7874 -1.5362 44 22 0
15.845 3.7191 -1.615 39 23 0
15.802 3.6811 -1.5616 45 20 13
15.798 3.7293 -1.5927 45 23 0
15.766 3.6878 -1.5728 47 16 21
16.867 5.5789 -1.787 43 23 16
16.598 5.5431 -1.6599 42 24 0
16.605 5.5517 -1.6914 43 22 17
16.893 5.5451 -1.7853 50 25 2
16.748 5.5145 -1.7198 50 25 3
16.535 5.4387 -1.6458 33 21 7
16.476 5.3999 -1.6665 44 21 15
16.534 5.4387 -1.6447 33 21 7
16.34 5.3569 -1.6128 34 24 15
16.541 5.3411 -1.6973 35 23 1
16.531 5.3829 -1.6409 44 23 0
16.36 5.371 -1.5832 44 22 22
16.613 5.3558 -1.698 44 23 2
16.55 5.3332 -1.6766 32 21 2
16.418 5.3216 -1.637 45 23 0
16.324 5.2814 -1.6149 46 27 13
16.469 5.2552 -1.6382 45 27 7
16.27 5.2688 -1.6179 46 26 1
16.536 5.2577 -1.7027 44 27 1
16.542 5.3078 -1.6802 43 23 12
16.296 5.2601 -1.6103 44 22 7
16.239 5.2021 -1.6363 45 25 14
16.38 5.2212 -1.6417 46 26 0
16.407 5.226 -1.6832 41 21 10
16.346 5.2482 -1.6096 48 26 13
16.265 5.2153 -1.6114 41 28 12
16.363 5.2299 -1.6568 41 21 10
16.393 5.1621 -1.6412 45 28 8
16.374 5.1793 -1.6868 49 29 4
16.125 4.555 -1.6486 39 29 4
16.072 4.5147 -1.6126 45 27 15
15.952 4.5591 -1.6268 49 27 14
16.04 4.535 -1.6205 37 25 3
16.029 4.5461 -1.6419 50 26 22
16.055 4.4878 -1.5883 45 27 7
16.006 4.5839 -1.6076 49 31 21
15.975 4.5431 -1.6163 50 30 6
16.173 4.4393 -1.6913 47 27 18
15.985 4.5324 -1.5944 38 32 10
16.119 4.4869 -1.6157 48 28 17
16.121 4.4861 -1.6174 45 25 14
16.061 4.5541 -1.6217 53 40 31
15.94 4.5375 -1.6308 42 24 14
16.064 4.4316 -1.6467 37 24 5
15.999 4.4413 -1.642 39 26 20
16.012 4.486 -1.5996 42 24 4
16.032 4.4416 -1.5974 44 28 5
15.963 4.4871 -1.6104 46 28 16
15.908 4.5469 -1.5828 48 27 24
15.832 4.5309 -1.5576 44 25 8
15.95 4.46 -1.583 43 27 14
15.989 4.5025 -1.6149 47 27 16
16.061 4.4563 -1.6036 45 29 14
15.925 4.5117 -1.6072 44 24 15
15.908 4.4813 -1.5546 43 27 14
15.944 4.5026 -1.6207 44 24 15
15.909 4.3976 -1.5921 46 26 15
15.929 4.3925 -1.6329 48 27 8
16.061 4.3919 -1.602 43 27 4
15.955 4.4353 -1.6253 44 28 13
15.875 4.4274 -1.6235 43 29 3
16.095 4.3503 -1.6639 38 29 0
16.132 4.3613 -1.6779 33 27 3
16.06 4.3625 -1.6137 45 27 7
15.958 4.4398 -1.6558 37 24 5
15.884 4.4446 -1.5918 50 25 18
15.902 4.4407 -1.6291 33 23 14
15.858 4.3754 -1.6127 43 23 12
16.06 4.2655 -1.6245 43 24 7
15.932 4.3271 -1.6382 43 24 7
15.955 4.3082 -1.6252 46 25 0
15.933 4.3154 -1.5785 39 28 8
15.818 4.3709 -1.5953 42 23 9
16.022 4.2991 -1.6579 48 25 9
16.044 4.2443 -1.6266 46 25 8
16.201 4.1913 -1.7453 42 27 8
15.89 4.3799 -1.5972 47 27 20
15.887 4.3871 -1.6208 44 25 9
15.992 4.245 -1.6058 35 25 0
15.934 4.2908 -1.6248 41 24 7
15.845 4.3212 -1.5998 43 21 8
15.931 4.2867 -1.5972 43 25 15
15.874 4.2982 -1.5932 41 22 8
15.958 4.2352 -1.5976 40 24 9
15.868 4.3076 -1.6154 43 21 8
15.932 4.2573 -1.6069 42 24 10
16.19 4.1247 -1.74 36 26 0
15.84 4.2329 -1.6079 33 22 16
15.898 4.1537 -1.6064 39 18 0
15.75 4.236 -1.5658 46 16 14
15.838 4.258 -1.5658 27 16 0
15.831 4.2039 -1.5898 40 20 13
16 4.1105 -1.6315 34 23 4
15.792 4.2359 -1.587 36 26 17
15.824 4.238 -1.5717 43 19 17
15.893 4.1873 -1.5899 45 15 13
15.813 4.1579 -1.5997 42 22 13
15.811 4.1292 -1.6116 45 18 11
15.844 4.0998 -1.6091 41 21 14
15.908 4.0793 -1.6117 39 18 1
15.892 4.1213 -1.5907 42 20 0
15.829 4.1763 -1.5987 36 16 7
15.935 4.0967 -1.6493 41 20 0
15.877 4.1067 -1.6177 46 20 3
15.876 4.0716 -1.6035 39 20 4
15.895 4.0262 -1.6296 43 17 3
15.939 3.988 -1.6312 44 22 9
15.793 4.1128 -1.6081 37 18 1
15.835 3.9365 -1.5829 51 25 10
15.893 3.9531 -1.6009 52 23 2
15.758 3.9784 -1.5932 46 21 14
15.715 4.0178 -1.5924 47 21 4
15.864 3.9443 -1.5886 46 23 7
15.806 3.996 -1.5785 49 24 2
15.694 4.0701 -1.5892 48 20 16
15.778 3.9922 -1.5996 46 22 12
15.813 3.9589 -1.5957 43 22 1
15.88 3.9687 -1.6164 40 19 0
15.674 4.0568 -1.5839 47 22 17
15.716 4.047 -1.5806 40 22 10
15.783 3.8801 -1.5568 48 22 0
15.791 3.941 -1.5677 46 12 11
15.793 3.9113 -1.6102 42 22 11
15.773 3.9606 -1.5815 43 27 4
15.773 3.8924 -1.5801 46 21 0
15.823 3.8817 -1.6036 43 22 1
15.822 3.8125 -1.599 49 25 0
15.697 3.7976 -1.5617 42 22 0
15.555 3.8856 -1.5587 34 17 0
15.702 3.7964 -1.5941 48 21 10
15.822 3.672 -1.6257 47 18 0
15.659 3.8096 -1.603 37 19 0
15.687 3.7494 -1.6368 23 21 0
15.604 3.8009 -1.5814 33 21 7
15.797 3.6614 -1.621 36 20 3
15.677 3.7549 -1.6021 43 21 8
14.841 4.8307 -0.68869 44 27 9
15.151 4.6333 -0.78645 40 24 9
16.608 3.6752 -1.569 35 22 4
16.515 4.5551 -1.5981 63 40 24
16.479 4.3674 -1.6237 51 33 19
16.331 4.1248 -1.6026 50 28 17
16.301 4.0329 -1.5921 45 26 9
16.501 3.7545 -1.5454 41 23 9
16.486 3.771 -1.5743 37 22 15
16.426 3.7676 -1.5249 42 25 0
16.252 3.8832 -1.6033 41 19 6
16.373 3.8235 -1.5962 41 22 8
16.539 3.7562 -1.7037 45 25 1
16.202 3.9463 -1.5295 42 22 0
16.148 3.9496 -1.5131 44 22 11
16.254 3.7612 -1.5826 44 21 13
16.246 3.773 -1.6136 39 23 8
16.881 5.5529 -1.7555 42 21 0
16.697 5.5215 -1.6737 47 25 4
15.224 5.3969 -0.9024 40 25 22
16.387 4.6073 -1.558 61 42 26
16.488 4.5403 -1.6229 62 44 30
16.426 4.5468 -1.6693 56 38 26
16.499 4.5442 -1.6644 58 36 21
16.39 4.5528 -1.6204 57 35 22
16.191 4.612 -1.5752 54 37 20
16.283 4.6132 -1.6413 57 37 26
16.409 4.4761 -1.6256 59 36 18
16.229 4.5391 -1.6235 50 32 20
16.388 4.4459 -1.597 54 35 19
16.265 4.5546 -1.6335 53 35 23
16.435 4.4404 -1.6811 48 33 10
16.516 4.3996 -1.6953 57 31 17
16.426 4.4618 -1.6009 56 38 24
16.249 4.5243 -1.6049 50 31 17
16.428 4.4928 -1.5898 57 41 28
16.327 4.523 -1.6397 48 29 13
16.45 4.5059 -1.6918 54 36 14
16.297 4.4226 -1.5721 54 30 16
16.249 4.481 -1.5584 54 34 9
16.149 4.4556 -1.6243 45 28 11
16.446 4.3489 -1.6266 57 33 19
16.377 4.4188 -1.6017 53 34 20
16.294 4.3751 -1.6566 42 27 4
16.347 4.1906 -1.6162 55 34 17
16.431 4.2145 -1.6357 58 36 12
16.315 4.2141 -1.6306 55 35 11
16.131 4.2939 -1.5926 41 24 16
16.329 4.2335 -1.5968 57 35 24
16.166 4.2687 -1.5861 47 26 7
16.066 4.2441 -1.6214 43 25 15
16.363 4.0787 -1.6663 43 28 5
16.071 4.2716 -1.6092 44 26 4
16.336 4.1626 -1.6225 50 31 15
16.266 4.2077 -1.6137 53 31 8
16.177 4.2439 -1.6654 44 26 4
16.28 4.1205 -1.5893 52 32 23
16.217 4.196 -1.5695 45 26 10
16.176 4.0893 -1.6 45 25 0
16.243 4.0749 -1.5959 42 23 6
16.069 4.1929 -1.5478 44 25 11
16.278 4.0189 -1.6272 44 20 8
16.205 4.1043 -1.6027 46 23 7
16.029 4.1982 -1.5957 44 22 9
16.003 4.2505 -1.5923 43 24 17
15.999 4.0867 -1.5993 27 18 0
16.181 3.8978 -1.5788 42 20 9
16.06 3.967 -1.609 40 16 2
16.095 4.0154 -1.6323 44 24 0
15.953 4.0862 -1.585 40 20 11
15.935 4.0937 -1.5415 39 19 12
16.09 3.9402 -1.5978 33 20 2
16.041 3.9867 -1.6244 44 25 11
16.161 3.9178 -1.5926 41 21 14
15.953 3.9804 -1.5622 41 21 14
16.044 3.9403 -1.5808 38 18 17
15.977 3.9293 -1.5923 42 18 14
15.904 3.9908 -1.5699 35 16 10
16.018 3.9644 -1.5948 37 17 10
16.031 3.9163 -1.5838 43 20 12
16.146 3.8937 -1.5975 37 19 5
15.97 3.8291 -1.6002 45 21 11
15.911 3.9209 -1.6022 49 21 10
15.927 3.9352 -1.5736 46 24 13
15.934 3.9345 -1.6094 51 22 14
15.955 3.8014 -1.5782 40 24 0
15.975 3.8205 -1.5698 44 24 0
15.949 3.7784 -1.6098 41 24 16
15.857 3.8185 -1.5402 42 22 11
15.946 3.7761 -1.5822 44 22 11
15.88 3.8426 -1.5924 47 23 11
15.852 3.7997 -1.6007 45 23 0
15.927 3.7239 -1.5948 38 20 8
15.866 3.7824 -1.5853 45 23 10
15.834 3.7103 -1.5967 45 24 3
15.825 3.6795 -1.5805 49 19 17
15.765 3.7083 -1.5767 43 22 1
15.825 3.645 -1.5938 42 11 16
16.542 5.5568 -1.6393 38 27 5
16.5 5.5395 -1.6522 42 23 16
16.59 5.5497 -1.6326 44 22 11
16.709 5.5301 -1.7078 42 21 0
16.39 5.3391 -1.6311 38 26 14
16.639 5.3462 -1.7333 44 23 2
16.469 5.3601 -1.6659 35 15 14
16.508 5.3261 -1.6699 37 26 7
16.33 5.2724 -1.6342 42 24 10
16.419 5.3062 -1.6322 48 30 10
16.328 5.2653 -1.6074 46 26 0
16.249 5.2093 -1.6239 46 24 13
16.479 5.2448 -1.6593 47 25 10
16.3 5.2511 -1.6276 37 24 16
16.307 5.2433 -1.6066 45 25 14
16.323 5.218 -1.6265 44 23 20
15.936 4.6241 -1.5455 45 27 13
16.02 4.5335 -1.6263 50 31 24
16.08 4.5347 -1.6565 48 29 22
15.991 4.5525 -1.6351 50 26 22
16.048 4.5427 -1.6046 46 29 12
15.771 4.6461 -1.4617 48 27 22
16.129 4.4713 -1.6438 48 30 6
15.952 4.543 -1.6203 45 25 14
16.163 4.4617 -1.6901 45 25 14
16.053 4.4133 -1.6046 42 23 16
15.89 4.4855 -1.5914 40 25 18
16.065 4.4366 -1.5994 43 26 6
16.002 4.4448 -1.5975 38 25 6
15.902 4.5334 -1.5731 47 27 16
16.149 4.4257 -1.6395 46 25 6
16.015 4.4508 -1.6605 45 27 17
15.925 4.4895 -1.5739 38 25 6
16.099 4.4558 -1.6349 45 27 5
15.948 4.5175 -1.6282 44 26 16
16.077 4.4434 -1.6652 43 28 7
15.988 4.4522 -1.5891 40 23 15
16.015 4.4504 -1.661 45 27 17
15.863 4.4448 -1.5955 47 27 20
16.012 4.4055 -1.5906 50 28 7
15.864 4.4165 -1.6118 43 28 9
15.934 4.4349 -1.6326 53 34 18
16.057 4.3522 -1.633 42 24 12
15.925 4.4055 -1.6139 49 26 8
15.984 4.4315 -1.6228 49 26 18
15.92 4.3058 -1.5658 38 27 7
15.997 4.2655 -1.6471 43 25 5
15.983 4.3392 -1.6411 47 27 20
15.936 4.3364 -1.6217 45 28 8
15.91 4.3567 -1.6304 47 22 18
15.966 4.3134 -1.6115 42 23 6
16.082 4.2408 -1.6577 38 23 4
15.82 4.3808 -1.5793 36 20 7
15.852 4.3569 -1.5761 42 24 12
15.868 4.3866 -1.6263 48 28 19
15.971 4.3516 -1.6599 47 24 8
16.006 4.2182 -1.6098 39 22 14
15.879 4.3015 -1.5538 41 23 9
15.896 4.2965 -1.589 40 23 15
15.927 4.2829 -1.6394 44 25 9
15.815 4.2613 -1.5715 35 19 6
15.803 4.2355 -1.5477 43 18 0
15.852 4.2076 -1.6091 48 21 12
15.85 4.2332 -1.5686 46 24 9
16.022 4.0757 -1.6477 35 23 7
15.853 4.1966 -1.5564 45 23 0
15.835 4.1841 -1.5837 42 17 13
15.777 4.2343 -1.5939 45 18 11
15.853 4.177 -1.6217 34 14 16
15.811 4.1415 -1.5886 41 20 1
15.77 4.2054 -1.5758 44 20 6
15.904 4.1006 -1.6182 43 22 5
15.894 4.1383 -1.5998 39 19 8
15.88 4.0865 -1.6152 41 23 0
15.933 4.0856 -1.6649 40 17 9
15.791 4.1267 -1.5894 31 14 4
15.905 4.0372 -1.6451 44 20 6
15.917 4.023 -1.6257 38 11 2
15.676 4.0676 -1.5689 41 23 11
15.549 4.1681 -1.4484 44 21 13
15.81 3.9433 -1.5871 49 24 1
15.791 4.0043 -1.6428 41 23 11
15.863 3.9637 -1.5977 51 23 10
15.839 3.9558 -1.6214 35 17 5
15.868 3.9598 -1.601 51 23 10
15.755 3.9936 -1.5738 42 21 0
15.859 3.8978 -1.5954 51 22 0
15.806 3.8783 -1.5821 49 25 0
15.834 3.8861 -1.5918 48 27 0
15.774 3.9454 -1.606 44 22 9
15.797 3.8902 -1.6043 39 24 1
15.821 3.7939 -1.5934 53 24 3
15.603 3.8513 -1.5764 25 23 11
15.601 3.8744 -1.4814 37 24 5
15.657 3.7932 -1.5946 38 20 0
15.749 3.7942 -1.5698 35 20 15
15.561 3.8622 -1.557 28 15 0
15.763 3.6762 -1.5909 35 20 1
15.668 3.7496 -1.614 32 14 2
