2313
0.43895 0.32062 0.62929 0.55544 17.915 15.065 -0.09163
18.51 10.86 0.10966 84 57 24
18.505 10.834 0.14382 78 55 21
18.406 10.967 0.17209 72 46 21
18.386 11.402 0.14666 90 65 33
18.447 10.989 0.13407 85 60 30
18.402 10.999 0.16812 72 46 21
16.497 11.493 0.27145 75 54 25
15.547 11.381 0.37629 103 64 21
15.67 11.433 0.34041 113 70 36
19.245 10.71 -0.11372 101 64 20
18.481 10.92 0.028331 79 55 27
18.485 10.947 -0.015491 85 59 36
18.509 11.139 -0.085927 96 68 29
18.55 10.92 -0.12603 94 64 36
18.481 10.795 0.10346 84 60 34
18.468 10.861 -0.055679 76 55 26
18.41 11.021 -0.063647 81 55 30
18.481 10.858 0.064658 82 57 34
18.359 11.481 -0.096817 78 56 32
18.472 10.891 -0.095234 71 47 21
18.397 11.277 0.01195 84 58 31
18.449 10.942 -0.020864 80 54 27
16.445 11.234 0.2212 91 63 34
16.516 11.781 0.065716 88 62 37
16.421 11.475 0.15902 80 54 27
16.473 11.513 0.19604 72 51 30
16.441 11.609 0.10866 86 58 27
16.412 11.268 0.25936 66 45 26
16.42 11.278 0.2175 90 62 33
16.249 11.349 0.079748 93 62 32
15.668 11.427 0.30607 117 76 22
15.611 11.33 0.27429 132 93 60
15.549 11.311 0.34913 113 72 26
18.438 11.433 -0.12471 87 61 34
18.468 11.254 -0.31244 95 66 42
18.44 11.343 -0.23628 78 53 23
18.514 11.076 -0.24257 96 67 36
18.459 11.264 -0.27492 92 64 33
18.468 10.977 -0.13539 80 59 28
18.513 11.133 -0.27645 98 70 43
18.46 11.337 -0.16015 89 61 32
18.449 11.022 -0.25402 85 62 29
18.479 10.864 -0.3032 93 64 43
18.399 11.129 -0.25816 82 56 33
18.42 10.827 -0.1886 81 52 21
18.449 10.903 -0.17934 82 53 31
18.443 10.907 -0.34568 83 58 26
18.428 10.961 -0.30299 81 55 32
16.728 12.015 -0.024222 91 65 25
16.724 11.998 -0.055293 91 64 31
16.464 11.313 -0.086852 90 62 23
16.365 11.383 -0.10962 82 57 27
16.422 11.526 -0.063953 79 56 25
16.475 11.557 -0.05937 82 57 25
16.412 11.307 -0.014216 70 49 22
16.493 11.594 -0.096199 82 59 28
16.417 11.499 -0.14279 83 60 27
16.389 11.24 -0.052204 77 56 27
16.462 11.509 -0.13471 82 56 29
15.54 11.403 -0.059143 104 61 29
19.304 10.763 -0.59767 108 66 26
19.245 10.772 -0.52054 74 41 0
18.973 10.847 -0.59574 90 52 23
18.463 10.999 -0.49495 78 49 17
18.485 11.186 -0.35534 98 69 37
18.471 11.205 -0.47163 98 70 33
18.494 11.097 -0.52175 98 69 37
18.456 11.253 -0.42781 94 64 36
18.516 11.09 -0.44021 97 66 35
18.39 11.032 -0.34331 76 54 30
18.452 10.899 -0.38539 86 57 35
18.393 11.027 -0.54961 79 54 32
18.449 10.988 -0.4213 89 65 31
18.383 11.219 -0.4048 79 54 24
16.419 11.375 -0.25721 82 59 26
16.395 11.306 -0.29836 87 63 27
16.505 11.478 -0.28071 81 59 22
16.406 11.244 -0.21516 82 56 29
16.502 11.479 -0.24699 69 49 15
16.589 11.682 -0.30312 66 46 19
16.396 11.43 -0.21999 81 58 24
16.455 11.673 -0.17955 84 58 35
16.432 11.417 -0.21256 82 57 27
16.454 11.664 -0.21845 84 58 31
16.454 11.648 -0.29198 85 62 28
16.453 11.478 -0.17448 80 55 32
16.591 11.876 -0.30451 75 54 27
16.4 11.505 -0.37694 71 50 21
16.426 11.576 -0.33491 81 55 28
15.737 11.487 -0.23375 99 59 8
15.974 11.871 -0.2878 91 52 11
15.646 11.421 -0.12512 95 56 15
19.283 10.802 -0.72189 102 64 28
19.273 10.804 -0.6799 109 57 16
19.205 10.903 -0.67328 100 54 5
19.123 11.055 -0.65631 80 37 0
18.126 13.616 -0.33549 89 49 22
18.133 13.586 -0.3548 89 51 22
18.104 13.632 -0.30581 91 52 9
18.119 13.58 -0.28205 94 51 6
18.128 13.541 -0.30355 88 48 13
18.106 13.598 -0.29715 94 52 2
18.098 13.619 -0.33889 89 50 19
18.089 13.586 -0.34847 91 53 24
18.097 13.607 -0.32598 92 51 21
18.115 13.597 -0.3398 89 49 21
18.399 11.04 -0.58529 85 61 33
18.372 11.16 -0.69447 87 61 38
16.56 11.785 -0.38234 81 56 33
16.435 11.347 -0.53592 62 46 20
16.402 11.283 -0.45696 78 57 36
16.433 11.466 -0.45027 82 58 32
16.447 11.491 -0.48627 82 59 26
16.422 11.421 -0.53531 80 56 30
16.479 11.449 -0.56244 45 35 0
16.441 11.551 -0.60302 78 57 26
16.349 11.377 -0.42789 82 56 31
16.41 11.503 -0.4899 81 58 24
16.43 11.534 -0.56916 76 53 19
16.369 11.415 -0.45958 82 59 28
16.424 11.616 -0.56232 81 60 29
16.059 12.06 -0.41737 90 51 18
15.647 11.604 -0.4462 99 56 12
19.145 10.953 -0.96466 92 49 15
19.266 10.831 -1.0188 91 57 32
19.071 11.171 -1.0412 95 52 20
18.116 13.653 -0.37492 87 47 20
18.135 13.594 -0.36853 89 51 25
18.14 13.62 -0.40771 85 48 12
18.125 13.611 -0.39724 85 46 13
18.104 13.6 -0.35692 89 52 20
18.121 13.598 -0.37024 87 49 21
18.108 13.614 -0.3837 85 47 11
18.103 13.606 -0.35566 88 51 19
18.106 13.643 -0.3922 81 48 7
18.106 13.604 -0.37173 87 49 13
18.114 13.623 -0.35205 85 51 16
18.49 11.116 -0.88779 95 64 33
18.491 11.02 -1.0396 95 66 35
18.453 11.175 -0.92162 96 69 36
18.473 11.087 -0.98171 92 64 33
18.491 11.166 -0.919 94 66 39
18.488 11.282 -0.96925 96 65 44
18.396 11.437 -0.94667 98 69 38
18.493 11.043 -0.86269 98 63 31
18.501 11.203 -0.9891 96 65 44
18.546 11.1 -0.96589 91 51 23
18.386 11.46 -0.90545 97 70 37
18.49 11.223 -0.94447 95 65 39
18.461 11.208 -0.78952 101 67 38
18.432 10.99 -0.92367 74 48 25
18.405 11.141 -0.85205 77 53 19
18.428 11.08 -0.94426 86 63 22
18.293 11.14 -0.87609 74 49 27
17.411 11.536 -0.87626 92 68 42
17.421 11.651 -0.81176 89 68 41
17.421 11.37 -0.86998 61 42 28
17.408 11.594 -0.78682 91 67 33
17.41 11.236 -0.93867 62 41 20
16.435 11.489 -0.81674 70 50 26
16.517 11.514 -0.67844 45 34 15
16.466 11.591 -0.67176 72 51 24
16.366 11.427 -0.83682 72 51 22
16.559 11.723 -0.6462 67 50 32
16.518 11.711 -0.69893 68 52 19
16.43 11.488 -0.77909 73 51 27
16.352 11.432 -0.67083 92 69 36
16.392 11.586 -0.80866 88 64 36
16.391 11.53 -0.61496 82 56 29
16.574 12.026 -0.6116 80 54 13
16.353 11.414 -0.75584 69 48 19
16.521 11.897 -0.66916 82 62 28
16.416 11.65 -0.75691 86 62 28
16.356 11.43 -0.71221 71 50 19
16.524 12.702 -0.52942 85 52 7
15.593 11.938 -0.638 105 62 30
15.594 11.881 -0.67492 100 51 8
15.913 12.318 -0.6257 103 59 22
15.586 11.931 -0.6012 98 51 8
15.576 11.86 -0.60559 91 49 9
15.535 11.802 -0.65277 93 50 6
15.37 11.761 -0.56375 107 58 16
15.379 11.825 -0.63808 101 58 13
15.455 11.814 -0.58815 101 53 7
15.459 11.817 -0.62728 104 56 16
15.433 11.841 -0.59306 100 52 6
15.455 11.81 -0.66718 103 60 18
15.633 12.044 -0.65733 104 57 23
15.419 11.874 -0.66607 104 60 25
15.398 11.792 -0.67558 106 61 16
15.428 11.832 -0.62886 101 56 11
15.306 11.844 -0.61079 102 55 12
15.337 11.934 -0.64067 115 70 37
15.378 11.88 -0.59792 104 58 19
15.297 11.833 -0.61206 102 55 12
15.336 11.881 -0.64501 104 58 19
15.348 11.788 -0.56501 107 59 11
15.355 11.853 -0.56358 118 69 3
15.341 11.778 -0.60812 103 56 12
15.328 11.762 -0.61104 103 57 8
15.438 11.954 -0.62118 101 57 18
15.312 11.957 -0.6061 102 59 25
15.082 11.679 -0.68927 130 83 40
15.356 11.959 -0.60151 100 56 17
15.246 11.928 -0.65372 135 85 34
15.132 11.848 -0.63925 129 80 37
18.548 11.154 -1.201 97 53 27
18.472 11.167 -1.2168 91 65 42
18.494 11.16 -1.1281 103 64 33
18.483 11.183 -1.0802 92 64 35
18.414 11.264 -1.1554 96 67 43
18.431 11.237 -1.0358 94 71 40
18.455 11.117 -1.105 93 67 44
18.504 11.15 -1.1694 96 61 29
18.526 11.104 -1.2645 93 53 25
18.504 11.148 -1.1695 96 61 29
18.43 11.2 -1.2146 89 64 34
18.514 11.132 -1.2145 94 55 32
18.507 11.212 -1.0239 94 66 37
18.513 11.173 -1.0338 94 66 37
18.476 11.029 -1.1708 91 64 31
18.454 11.122 -1.1035 93 67 44
18.385 11.141 -1.1582 86 58 27
18.399 11.316 -1.1001 96 66 42
18.411 11.057 -1.2629 92 67 37
18.413 11.147 -1.1017 94 66 39
17.414 11.339 -1.1297 65 41 15
17.401 11.422 -0.94388 91 67 39
17.431 11.781 -0.97408 93 64 40
17.41 11.445 -0.97847 75 50 27
17.401 11.536 -1.0846 88 66 45
17.4 11.28 -1.1032 64 40 6
17.423 11.501 -1.0058 65 42 11
16.395 11.557 -0.97683 70 49 22
16.457 11.524 -0.88891 66 48 28
16.391 11.476 -0.86313 74 49 27
16.546 11.827 -0.86445 72 50 26
16.489 11.7 -0.8598 72 52 25
16.558 11.846 -0.8992 74 50 22
16.455 11.771 -1.0065 87 61 34
16.406 11.61 -0.84481 75 54 35
16.404 11.597 -0.88803 78 57 30
16.478 11.839 -0.91094 91 64 27
16.471 11.817 -0.95785 89 63 36
16.381 11.533 -0.94296 69 48 17
16.227 12.52 -0.62278 79 39 11
16.285 12.648 -0.68856 90 49 4
16.29 12.706 -0.62146 78 38 0
16.282 12.601 -0.63421 78 43 0
16.269 12.58 -0.6681 87 47 9
16.336 12.776 -0.58168 76 36 0
16.26 12.66 -0.66239 82 39 4
16.308 12.69 -0.59149 74 37 5
16.256 12.653 -0.69235 103 57 14
16.275 12.636 -0.66211 79 42 0
16.289 12.66 -0.62803 77 40 8
16.246 12.727 -0.68413 84 50 12
16.251 12.69 -0.68821 89 52 18
16.24 12.722 -0.62696 84 42 2
16.254 12.74 -0.65203 78 38 0
16.243 12.764 -0.70895 81 49 26
16.208 12.672 -0.72859 76 46 20
16.262 12.795 -0.61984 83 40 0
16.226 12.743 -0.65612 79 42 0
16.254 12.696 -0.65883 77 41 0
16.227 12.743 -0.68514 83 52 22
16.258 12.704 -0.62713 79 39 3
16.209 12.761 -0.68531 79 43 21
16.199 12.789 -0.68492 85 40 7
16.191 12.817 -0.67961 92 48 9
16.215 12.771 -0.65366 83 42 10
16.177 12.761 -0.66422 84 43 13
16.239 12.883 -0.61044 93 46 12
16.172 12.756 -0.63735 85 42 0
16.198 12.829 -0.65073 93 47 8
15.984 12.59 -0.74641 85 44 22
18.745 11.053 -1.5422 74 44 28
18.426 11.872 -1.137 75 46 24
18.541 11.215 -1.3991 70 42 15
18.431 11.148 -1.4064 43 28 0
18.459 11.164 -1.3499 87 63 37
18.464 11.069 -1.3376 89 63 40
18.459 11.214 -1.3738 83 60 27
18.481 11.158 -1.2613 92 63 42
18.433 11.186 -1.4342 63 41 17
18.511 11.221 -1.451 70 43 22
18.486 11.283 -1.3411 71 42 20
18.441 11.385 -1.3506 67 42 20
18.494 11.178 -1.3388 73 49 15
18.441 11.179 -1.2619 88 63 43
18.482 11.204 -1.2884 103 61 35
18.474 11.22 -1.4601 67 42 19
18.317 11.474 -1.3087 88 61 28
18.39 11.34 -1.2592 94 66 37
18.389 11.348 -1.2564 94 66 37
18.412 11.228 -1.3367 89 61 34
18.384 11.33 -1.2229 93 67 40
18.374 11.108 -1.2964 75 50 28
18.356 11.264 -1.4645 70 41 20
18.366 11.417 -1.3612 57 36 5
17.872 11.306 -1.4348 68 43 13
17.872 11.31 -1.4333 68 43 13
17.581 11.354 -1.3962 65 39 16
17.537 11.38 -1.3471 64 39 17
17.538 11.32 -1.4145 65 38 19
17.485 11.274 -1.3919 60 36 10
17.402 11.375 -1.2913 59 38 21
17.54 12.227 -0.94997 66 41 21
17.403 11.512 -1.1293 82 55 34
17.399 11.436 -1.1935 62 40 19
17.386 11.502 -1.3003 83 57 32
17.401 11.408 -1.2425 52 33 17
17.16 11.378 -1.3857 60 35 12
16.963 11.484 -1.3061 61 35 8
16.918 11.374 -1.21 58 37 16
16.534 11.488 -1.3496 60 36 8
16.176 12.467 -0.95171 91 48 14
16.213 12.572 -0.92422 89 46 14
16.189 12.585 -0.92644 86 47 14
16.098 12.456 -0.93821 116 61 15
16.208 12.759 -0.71629 87 56 26
16.051 12.439 -0.94726 122 68 16
16.062 12.501 -0.96862 89 42 0
16.135 12.561 -0.88142 121 62 5
16.106 12.782 -0.84291 98 51 15
16.205 12.835 -0.70354 95 51 16
16.226 12.894 -0.7971 89 46 4
16.216 12.919 -0.82402 113 60 19
16.191 12.81 -0.85196 92 47 16
16.222 12.818 -0.70426 76 41 12
15.776 12.455 -0.93224 95 57 10
15.88 12.664 -0.90492 98 53 22
15.878 12.622 -0.9169 101 58 23
18.446 11.844 -1.398 67 40 19
18.471 11.74 -1.4787 77 47 23
18.437 11.746 -1.4851 73 46 13
18.407 11.734 -1.4985 76 47 15
18.357 11.856 -1.4537 79 50 19
18.317 11.596 -1.543 76 49 16
18.283 11.531 -1.5411 74 42 27
18.266 11.745 -1.4904 78 46 31
18.323 11.226 -1.4874 70 45 25
18.262 11.782 -1.4744 78 46 31
18.353 11.293 -1.4532 70 41 20
18.302 11.673 -1.477 74 44 26
18.158 11.667 -1.4677 69 42 21
18.144 11.946 -1.3945 75 44 13
18.231 11.633 -1.4725 68 42 19
18.175 11.88 -1.3771 71 44 23
18.178 11.843 -1.3926 71 44 23
18.202 11.646 -1.5105 73 44 23
18.206 11.596 -1.5321 73 44 23
18.095 11.677 -1.522 77 45 22
18.091 11.644 -1.5045 72 43 9
18.051 11.755 -1.4671 74 45 24
18.121 11.814 -1.4576 76 49 12
18.074 11.448 -1.4186 68 42 17
18.121 11.814 -1.4585 75 48 11
18.119 11.741 -1.4449 72 44 13
18.05 11.612 -1.4836 73 45 8
17.979 11.861 -1.4315 77 48 26
17.946 11.843 -1.45 78 47 19
18.012 11.481 -1.5007 73 42 21
17.964 11.337 -1.4848 70 45 25
18.018 11.52 -1.529 76 49 12
18.018 11.716 -1.4877 75 47 20
17.978 11.636 -1.4873 74 42 27
17.971 11.667 -1.4361 72 46 19
18.047 11.516 -1.4782 75 46 24
17.916 11.739 -1.3014 67 41 24
17.925 11.216 -1.5399 66 41 19
17.852 11.689 -1.376 75 46 24
17.936 11.58 -1.4771 74 46 19
17.912 11.852 -1.4546 73 45 6
17.87 11.617 -1.5247 74 44 18
17.887 11.532 -1.4292 70 44 21
17.956 11.393 -1.4243 66 44 23
17.943 11.564 -1.5293 73 45 16
17.803 11.839 -1.4488 71 45 22
17.772 11.918 -1.4199 74 48 25
17.801 11.377 -1.4685 71 44 25
17.751 11.696 -1.441 75 47 16
17.828 11.663 -1.4726 71 43 16
17.796 11.777 -1.437 72 44 15
17.789 11.931 -1.2977 75 48 27
17.833 11.359 -1.4262 69 43 18
17.807 11.33 -1.5243 78 47 29
17.74 11.602 -1.4336 76 49 28
17.739 11.938 -1.4164 75 46 22
17.758 11.282 -1.5107 71 45 22
17.751 11.28 -1.4614 67 40 21
17.76 11.765 -1.4508 77 47 21
17.823 11.707 -1.4173 74 45 23
17.693 11.643 -1.3505 69 42 21
17.679 11.711 -1.4487 72 43 22
17.726 11.455 -1.4512 71 46 14
17.675 11.652 -1.4733 72 43 22
17.689 11.773 -1.4637 74 48 21
17.659 11.607 -1.4122 75 50 27
17.656 11.81 -1.4561 77 47 21
17.723 11.744 -1.4696 72 43 21
17.702 11.585 -1.4528 78 49 28
17.713 11.322 -1.4596 68 44 18
17.71 11.629 -1.4755 72 46 23
17.662 11.557 -1.476 74 49 26
17.689 11.779 -1.4613 74 48 21
17.725 13.748 -0.61318 76 48 21
17.706 13.732 -0.6102 70 44 19
17.559 11.338 -1.534 75 46 24
17.563 11.447 -1.4539 71 42 20
17.715 13.781 -0.6044 77 48 26
17.592 11.89 -1.4367 78 48 24
17.513 11.411 -1.435 67 42 20
17.63 11.927 -1.4134 74 47 28
17.623 11.552 -1.482 75 49 26
17.521 11.428 -1.4651 70 44 19
17.433 11.627 -1.4551 73 46 25
17.486 11.933 -1.4111 73 47 20
17.515 11.884 -1.4225 74 48 25
17.438 11.846 -1.4536 73 44 22
17.459 11.775 -1.4339 73 44 12
17.693 13.736 -0.62576 76 47 26
17.312 11.392 -1.5283 68 43 23
17.379 11.777 -1.4173 68 41 20
17.402 12.098 -1.3254 68 43 20
17.324 11.701 -1.4125 70 44 21
17.386 11.607 -1.4327 73 43 25
17.345 11.794 -1.4126 68 40 26
17.397 11.851 -1.4246 69 42 21
17.349 11.819 -1.4015 68 40 26
17.314 11.887 -1.3109 75 45 19
17.33 12.077 -1.349 70 42 11
17.322 11.754 -1.3188 71 45 22
17.314 11.996 -1.3846 70 42 11
17.27 11.951 -1.4144 74 45 21
17.224 11.463 -1.3901 67 41 18
17.248 11.68 -1.4817 70 44 19
17.3 11.754 -1.4377 70 43 22
17.295 11.756 -1.3965 70 43 22
17.345 11.996 -1.3375 70 43 22
17.213 11.728 -1.4312 71 44 23
17.286 11.644 -1.5271 72 44 13
17.177 11.763 -1.3824 69 43 20
17.126 11.662 -1.5155 71 42 21
17.147 11.604 -1.4926 69 43 18
17.219 11.906 -1.3989 70 41 10
17.14 11.745 -1.4394 68 43 23
16.966 11.456 -1.4065 68 42 17
16.941 11.499 -1.4418 71 46 16
17.184 12.204 -1.2984 73 45 14
17.019 11.871 -1.4184 75 46 22
17.099 12.032 -1.3474 73 44 20
17.061 11.74 -1.46 76 47 23
16.866 11.4 -1.444 67 43 9
17.003 12.084 -1.3059 71 41 25
16.946 11.881 -1.4301 73 46 11
16.9 11.628 -1.4411 71 46 23
16.924 11.585 -1.4148 70 46 18
16.944 11.64 -1.4366 69 43 20
17.005 11.953 -1.3924 73 44 23
16.945 11.765 -1.4326 68 41 20
16.816 11.759 -1.3803 69 43 20
16.838 11.814 -1.399 71 42 18
16.752 11.582 -1.4095 65 40 18
16.801 11.82 -1.398 66 39 18
16.842 11.927 -1.4005 70 42 13
16.884 11.835 -1.3861 67 43 17
16.856 11.854 -1.418 69 45 11
16.706 11.457 -1.4129 63 38 16
16.682 11.733 -1.3752 62 34 20
16.631 11.503 -1.3668 65 40 17
16.706 11.797 -1.3488 62 34 20
16.613 11.441 -1.4371 64 38 11
16.747 11.79 -1.3797 64 42 21
16.664 11.696 -1.3487 66 41 9
16.688 11.531 -1.3957 62 40 19
16.818 11.965 -1.3847 73 45 14
16.827 12.094 -1.3435 72 42 18
16.616 11.578 -1.3493 65 38 17
16.686 12.116 -1.3266 69 41 12
16.484 11.556 -1.4258 63 39 5
16.511 11.538 -1.3381 64 37 20
16.499 11.606 -1.3698 64 38 11
16.636 11.731 -1.3455 65 39 12
16.55 11.517 -1.3766 65 42 11
16.538 11.78 -1.396 54 34 0
16.548 11.623 -1.3573 69 40 18
16.52 11.921 -1.3493 60 37 19
16.424 11.723 -1.3507 68 42 17
16.459 11.794 -1.3661 63 38 16
16.475 11.746 -1.3325 64 39 19
16.49 11.772 -1.3645 60 34 11
16.551 11.895 -1.3933 66 38 11
16.578 11.966 -1.3245 57 34 18
16.581 12.141 -1.2662 62 36 13
16.635 12.08 -1.3501 68 41 8
16.488 11.765 -1.3661 60 34 11
16.322 11.754 -1.4474 62 35 14
16.42 11.95 -1.3991 65 37 6
16.46 11.961 -1.3537 62 37 5
16.42 11.796 -1.3686 61 36 14
16.133 11.567 -1.4079 69 43 18
16.014 11.611 -1.2927 96 64 16
16.135 11.748 -1.2712 95 65 31
16.089 11.812 -1.307 90 62 23
16.211 12.615 -0.94875 98 61 29
16.212 12.66 -0.96754 85 51 22
16.211 12.748 -0.94928 73 43 9
16.121 12.627 -0.92833 88 47 15
16.21 12.788 -0.9695 83 53 19
16.191 12.763 -0.94421 84 43 11
16.22 12.718 -0.9544 64 32 7
16.17 12.695 -0.94111 91 47 10
16.169 12.775 -0.97969 91 49 9
16.221 12.805 -0.9027 84 45 14
16.201 12.693 -0.9319 89 47 5
16.205 12.74 -0.95157 73 43 9
16.193 12.722 -0.98592 79 48 2
16.178 12.706 -0.93808 91 47 10
16.277 12.959 -0.83165 92 46 7
16.144 12.823 -0.97359 76 45 15
16.16 12.844 -0.93376 82 41 11
16.211 12.871 -0.91907 89 41 11
16.216 12.875 -0.97425 86 46 10
16.222 12.887 -0.88514 87 42 19
16.103 12.773 -0.9317 90 45 26
16.191 12.804 -0.93808 84 46 17
16.187 12.801 -0.91134 84 47 1
15.986 12.625 -0.95369 109 57 10
16.187 12.802 -0.8826 94 49 16
16.202 12.858 -0.95323 85 39 13
16.101 12.771 -0.93273 90 45 26
16.211 12.867 -1.0054 86 43 9
15.988 12.753 -0.90149 93 46 2
16.012 12.742 -0.92988 87 45 21
16.038 12.812 -0.93676 61 28 0
16.089 12.836 -0.9252 70 35 5
15.991 12.716 -0.93911 87 45 21
15.989 12.753 -0.92821 83 42 14
16.047 12.821 -0.96376 62 32 8
16.078 12.82 -0.95686 60 28 3
16.101 12.811 -0.92708 80 39 7
16.113 12.824 -0.94851 76 46 10
15.949 12.82 -0.9525 53 31 7
15.972 12.81 -0.92302 59 34 2
15.977 12.815 -0.97708 45 23 8
16.019 12.827 -0.93717 56 27 0
15.925 12.793 -0.90154 78 36 14
15.957 12.831 -0.92004 56 35 4
15.937 12.805 -0.98277 50 31 0
16.022 12.83 -0.96736 49 31 7
15.987 12.791 -0.92542 84 41 22
16.039 12.852 -0.87128 82 44 8
15.992 12.833 -0.9415 50 31 0
15.841 12.739 -0.9037 76 39 7
15.839 12.771 -0.89118 78 38 13
15.903 12.879 -0.89369 76 45 25
15.821 12.675 -0.91505 86 42 13
15.934 12.84 -0.92066 63 38 18
15.938 12.846 -0.88902 77 38 15
15.867 12.801 -0.94061 64 40 4
15.893 12.795 -0.97012 53 27 10
15.885 12.859 -0.92771 69 42 5
15.856 12.896 -0.98103 55 28 9
15.761 12.76 -0.97133 73 38 9
15.804 12.806 -0.98352 80 40 2
15.814 12.817 -1.01 79 40 9
18.664 12.2 -1.4808 71 44 27
18.617 12.139 -1.4962 71 43 14
18.652 11.965 -1.543 70 42 11
18.523 12.126 -1.4621 71 42 18
18.597 12.074 -1.5004 72 43 12
18.548 12.168 -1.464 70 42 11
18.559 11.983 -1.5621 68 41 20
18.604 12.017 -1.4927 71 47 11
18.575 12.198 -1.4732 70 43 10
18.42 12.251 -1.4515 75 47 8
18.475 12.074 -1.4983 70 44 3
18.461 12.184 -1.4815 72 44 7
18.478 12.235 -1.4465 67 40 21
18.484 11.923 -1.468 70 43 22
18.449 12.054 -1.518 75 45 19
18.45 12.051 -1.5189 75 45 19
18.413 12.019 -1.4734 73 50 19
18.61 11.19 -1.7458 78 48 34
18.403 12.04 -1.4261 75 47 20
18.471 11.857 -1.5398 72 46 19
18.372 12.126 -1.4666 78 48 14
18.481 11.72 -1.5269 77 45 33
18.404 12.112 -1.4619 80 49 21
18.329 12.255 -1.4388 76 44 19
18.461 11.876 -1.4938 73 46 25
18.392 12.083 -1.5502 76 47 26
18.383 11.973 -1.4633 78 51 30
18.38 12.036 -1.4733 75 49 24
18.246 12.244 -1.4644 74 45 14
18.297 12.114 -1.3836 80 46 34
18.333 11.891 -1.5193 75 48 27
18.265 12.321 -1.4255 79 50 19
18.282 12.143 -1.4773 76 44 19
18.404 11.792 -1.5076 76 47 25
18.314 12.127 -1.4826 72 46 19
18.339 11.751 -1.5076 78 49 28
18.212 12.128 -1.4277 75 48 29
18.177 12.198 -1.4093 76 47 25
18.265 11.815 -1.4934 80 52 25
18.209 12.325 -1.4352 76 45 24
18.216 12.152 -1.4556 77 49 22
18.199 12.026 -1.5273 77 48 27
18.277 12.041 -1.4222 79 48 28
18.192 12.154 -1.4975 77 46 26
18.215 12.22 -1.4559 73 44 23
18.249 12.178 -1.4701 74 43 23
18.228 11.92 -1.4895 78 46 31
18.153 12.202 -1.4457 77 47 19
18.158 11.995 -1.4768 72 45 26
18.162 11.952 -1.4961 72 45 26
18.123 11.874 -1.467 77 50 31
18.095 12.187 -1.4713 74 45 23
18.192 11.974 -1.4803 76 46 30
18.154 11.978 -1.4475 77 49 22
18.189 11.867 -1.4544 76 48 19
18.167 11.967 -1.5236 78 52 29
18.122 12.22 -1.4465 73 47 24
18.156 12.231 -1.4684 74 45 14
18.116 12.062 -1.4165 77 45 24
18.131 11.933 -1.5074 77 52 29
18.156 11.869 -1.4605 78 50 13
18.128 12.066 -1.4851 74 45 23
18.035 12.198 -1.4819 74 48 23
18.027 11.962 -1.4898 74 50 24
18.056 11.779 -1.4882 75 46 6
18.007 12.112 -1.5305 76 45 24
18.09 12.077 -1.4506 77 50 31
18.094 12.109 -1.4711 74 49 29
18.083 12.1 -1.4167 79 50 28
18.056 11.919 -1.4703 79 48 27
18.02 11.998 -1.4388 79 48 18
18.061 12.042 -1.4784 74 44 26
18.058 11.999 -1.4693 75 45 31
18.064 12.096 -1.4879 76 48 8
18.03 12.033 -1.4926 76 52 24
18.068 12.14 -1.5001 76 47 13
17.952 12.189 -1.3631 77 47 23
17.961 12.026 -1.4759 76 50 27
17.973 12.233 -1.4765 79 49 21
18 12.151 -1.4777 76 48 21
17.986 11.856 -1.4715 79 47 22
17.938 12.217 -1.4644 74 44 16
17.987 11.821 -1.4871 73 44 22
17.964 12.179 -1.439 75 45 29
17.929 12.042 -1.4739 75 49 22
18.021 11.792 -1.4908 77 49 10
17.991 11.884 -1.4951 82 50 25
17.969 12.207 -1.4601 77 48 14
17.964 12.182 -1.4363 75 45 29
17.989 12.178 -1.3997 74 47 26
18 11.993 -1.519 74 49 17
17.951 11.911 -1.4545 77 48 17
17.933 12.131 -1.468 72 46 21
17.918 11.835 -1.4983 77 46 25
17.844 11.845 -1.4737 79 49 25
17.877 11.664 -1.5422 73 42 22
17.884 11.887 -1.4847 83 53 29
17.852 11.988 -1.4435 77 50 17
17.918 11.849 -1.4907 77 46 25
17.924 11.951 -1.4845 80 53 34
17.891 11.988 -1.4749 75 48 29
17.877 12.246 -1.4604 75 45 21
17.844 11.841 -1.4755 79 49 25
17.765 12.125 -1.4444 78 46 31
17.779 12.307 -1.3947 76 46 22
17.748 12.205 -1.4781 74 44 20
17.776 12.128 -1.5141 75 43 20
17.817 11.926 -1.4797 76 49 14
17.745 11.944 -1.4585 81 51 23
17.811 12.236 -1.4513 73 43 27
17.757 12.067 -1.4389 75 43 28
17.741 12.172 -1.4614 74 43 22
17.74 12.169 -1.4627 74 43 22
17.796 12.111 -1.4449 74 43 22
17.786 11.978 -1.4708 79 51 24
17.776 11.889 -1.4677 76 49 28
17.741 12.176 -1.4598 74 43 22
17.805 12.195 -1.4401 75 49 24
17.649 12.024 -1.44 76 47 26
17.644 11.895 -1.538 68 41 24
17.657 12.306 -1.4228 74 44 20
17.667 11.893 -1.457 76 47 16
17.71 12.019 -1.3911 75 46 24
17.666 11.868 -1.4672 73 47 24
17.701 12.125 -1.4584 73 47 24
17.716 12.028 -1.426 73 47 24
17.707 12.138 -1.4877 72 44 17
17.663 12.06 -1.4981 72 40 28
17.689 12.03 -1.47 71 44 25
17.685 12.059 -1.4185 77 46 26
17.696 12.344 -1.4317 76 47 25
17.684 12.254 -1.4396 71 45 22
17.734 12.152 -1.435 75 46 24
17.718 11.965 -1.4884 73 47 24
17.636 11.802 -1.5827 68 41 24
17.712 12.142 -1.5181 76 44 23
17.584 12.092 -1.3965 78 47 27
17.58 12.217 -1.4494 73 43 9
17.621 12.083 -1.4249 74 47 26
17.613 11.938 -1.5299 73 44 23
17.591 12.116 -1.423 76 45 24
17.599 11.904 -1.4666 76 45 24
17.558 12.259 -1.4685 72 43 11
17.559 11.912 -1.4399 79 46 11
17.615 12.249 -1.4212 73 44 22
17.624 12.289 -1.441 78 45 26
17.569 11.856 -1.5753 75 44 24
17.594 12.299 -1.4404 74 45 23
17.625 12.386 -1.3276 76 48 21
17.63 11.868 -1.4768 74 48 25
17.639 12.158 -1.4589 72 45 26
17.449 11.892 -1.4642 77 46 28
17.514 12.071 -1.4199 77 46 25
17.536 12.365 -1.3928 74 44 20
17.494 11.953 -1.4361 78 50 23
17.503 12.159 -1.4579 76 45 25
17.446 12 -1.5433 72 43 11
17.533 11.946 -1.467 74 48 21
17.529 11.957 -1.4239 76 44 19
17.491 12.27 -1.4465 72 41 20
17.394 11.992 -1.4419 70 45 25
17.372 12.066 -1.4169 70 45 23
17.368 11.867 -1.4554 72 43 22
17.441 12.066 -1.406 74 45 21
17.405 11.87 -1.4538 73 44 12
17.453 12.259 -1.4295 71 43 6
17.464 12.3 -1.4376 73 43 9
17.365 12.051 -1.3889 71 45 22
17.462 12.284 -1.4454 74 44 10
17.352 12.091 -1.4859 73 47 24
17.373 12.15 -1.5281 71 42 18
17.362 12.116 -1.5096 76 48 8
17.435 12.342 -1.393 70 43 8
17.431 12.291 -1.448 71 41 23
17.312 12.227 -1.4366 74 45 24
17.381 12.412 -1.3405 74 44 28
17.271 11.956 -1.4126 74 45 21
17.256 12.031 -1.4233 71 46 24
17.307 11.929 -1.4507 70 43 24
17.289 12.166 -1.403 75 46 24
17.374 12.353 -1.4048 73 46 27
17.266 12.098 -1.3547 73 44 20
17.355 12.592 -1.2397 74 47 28
17.282 12.241 -1.4384 75 44 24
17.201 11.724 -1.6416 74 47 28
17.303 12.044 -1.4831 74 48 23
17.281 12.239 -1.4391 75 44 24
17.298 12.294 -1.4468 70 45 25
17.219 12.047 -1.3891 73 45 14
17.199 12.088 -1.4105 72 46 23
17.249 12.135 -1.4191 72 46 23
17.251 12.386 -1.3827 77 48 16
17.247 12.213 -1.4931 72 42 18
17.164 12.09 -1.423 71 44 23
17.257 12.299 -1.387 74 45 23
17.162 11.955 -1.4315 74 46 17
17.231 12.205 -1.3884 72 45 24
17.241 12.079 -1.4823 73 47 24
17.19 12.156 -1.4559 74 49 19
17.196 11.925 -1.4758 70 44 21
17.21 12.076 -1.528 74 47 12
17.249 12.138 -1.4175 72 46 23
17.049 11.824 -1.4686 70 43 22
17.143 12.345 -1.4257 74 44 16
17.102 12.123 -1.4211 77 48 26
17.113 12.147 -1.4466 74 46 17
17.182 12.26 -1.42 73 44 22
17.155 12.193 -1.3867 74 48 23
17.014 11.837 -1.4754 75 48 15
17.078 12.129 -1.4987 74 45 21
17.08 12.06 -1.4161 73 47 22
17.128 12.182 -1.4635 76 47 13
17.11 12.342 -1.4325 72 44 17
17.254 12.637 -1.2735 76 49 14
16.95 11.88 -1.4701 74 45 23
17.048 12.289 -1.3703 73 47 22
16.977 11.967 -1.4321 75 46 24
16.985 11.981 -1.4636 72 45 26
17.044 12.262 -1.4132 72 46 23
17.07 12.333 -1.4134 73 46 13
17.02 12.294 -1.406 72 44 13
17.016 12.268 -1.4529 74 46 17
17.067 12.239 -1.3822 72 46 23
17.031 12.01 -1.4375 74 45 23
17.072 12.241 -1.4154 75 46 22
17.09 12.288 -1.4281 77 48 24
16.977 12.172 -1.4301 76 47 23
17.023 11.998 -1.4119 72 47 17
16.967 12.055 -1.4019 74 47 14
16.955 12.018 -1.42 74 47 14
16.862 11.959 -1.4561 68 43 20
16.859 11.964 -1.42 73 45 18
16.951 12.118 -1.384 68 42 15
16.97 12.165 -1.3994 70 45 15
16.895 12.162 -1.3757 73 45 18
16.882 12.111 -1.4373 75 46 22
16.993 12.399 -1.4032 76 47 16
16.977 12.278 -1.388 75 46 25
16.919 12.032 -1.3823 65 39 12
16.976 12.248 -1.4673 75 47 20
16.979 12.27 -1.4257 76 46 22
16.85 12.045 -1.3905 73 48 16
16.941 12.27 -1.3982 72 46 21
16.929 12.335 -1.3786 75 46 25
16.972 12.351 -1.3942 73 45 16
16.925 12.052 -1.3751 65 39 12
17.007 12.38 -1.3071 74 43 23
16.818 12.135 -1.442 77 49 22
16.874 12.365 -1.3793 75 48 11
16.871 12.266 -1.416 73 45 14
16.893 12.246 -1.387 74 49 17
16.817 12.305 -1.4112 73 45 18
16.83 12.092 -1.3833 75 46 24
16.804 12.13 -1.3351 71 43 12
16.911 12.366 -1.4013 74 45 21
16.936 12.546 -1.2253 74 48 23
16.813 12.215 -1.4126 67 42 20
16.862 12.41 -1.3917 73 46 25
16.775 12.041 -1.4107 72 45 24
16.743 12.055 -1.4145 73 45 14
16.755 11.978 -1.4784 74 48 23
16.883 12.378 -1.405 72 43 22
16.682 12.096 -1.3732 67 44 13
16.78 12.239 -1.3388 72 44 17
16.772 12.44 -1.3694 72 43 21
16.705 12.143 -1.3921 68 41 8
16.671 12.151 -1.3981 68 44 16
16.742 12.134 -1.421 70 43 24
16.716 12.092 -1.372 72 44 17
16.685 12.104 -1.3688 67 44 13
16.774 12.367 -1.3975 75 46 15
16.649 12.261 -1.3576 68 42 17
16.685 12.4 -1.3689 74 47 12
16.542 12.268 -1.3475 71 44 25
16.594 12.359 -1.3695 70 41 19
16.416 12.015 -1.4207 68 43 21
16.534 12.315 -1.3658 71 45 18
16.561 12.364 -1.3769 78 45 10
16.548 12.198 -1.406 75 45 21
16.622 12.339 -1.4064 75 45 21
16.659 12.489 -1.3439 73 42 11
16.526 12.226 -1.3986 76 45 24
16.616 12.334 -1.3753 75 44 16
16.567 12.369 -1.407 75 45 11
16.435 12.061 -1.3648 67 40 7
16.575 12.391 -1.362 78 45 10
16.452 12.228 -1.3767 68 42 15
16.39 12.115 -1.3908 70 40 22
16.315 12.05 -1.3881 67 41 16
16.507 12.398 -1.3393 75 45 7
16.441 12.338 -1.377 77 45 20
16.534 12.437 -1.387 73 43 7
16.431 12.316 -1.4238 75 44 26
16.468 12.33 -1.3392 71 45 22
16.477 12.335 -1.4045 73 48 2
16.47 12.193 -1.3837 75 46 24
16.593 12.487 -1.3544 77 47 9
16.409 12.078 -1.3976 72 42 16
16.374 12.014 -1.3878 69 39 21
16.449 12.236 -1.3038 67 41 18
16.599 12.504 -1.3145 72 43 9
16.521 12.424 -1.3286 75 45 7
16.349 11.964 -1.4084 69 39 21
16.54 12.395 -1.335 74 44 16
16.364 12.136 -1.3848 68 39 17
16.451 12.416 -1.38 73 43 17
16.335 12.212 -1.4478 74 45 14
16.35 12.495 -1.2383 70 44 21
16.336 12.515 -1.3338 72 44 4
16.319 12.372 -1.386 69 40 19
16.251 12.266 -1.3687 69 39 15
16.303 12.406 -1.3838 71 42 8
16.309 12.419 -1.3399 74 47 10
16.285 12.262 -1.3645 74 44 26
16.206 12.196 -1.3679 69 41 14
16.35 12.37 -1.3526 72 44 4
16.241 12.244 -1.4152 72 43 12
16.363 12.516 -1.2305 70 44 21
16.126 12.306 -1.3481 88 60 29
16.263 12.512 -1.3193 72 41 11
16.233 12.36 -1.308 68 39 15
16.08 12.052 -1.3977 94 64 28
16.262 12.403 -1.321 65 39 0
16.289 12.496 -1.3542 64 35 11
16.204 12.367 -1.3453 70 40 14
16.122 12.296 -1.3881 93 66 33
16.295 12.455 -1.3367 65 42 0
16.137 12.477 -1.3555 92 63 31
16.065 12.326 -1.3553 86 58 18
16.107 12.386 -1.3633 83 56 19
16.18 12.49 -1.3407 91 62 28
16.155 12.4 -1.3825 69 43 2
16.114 12.337 -1.4114 69 43 2
16.084 12.456 -1.3426 86 57 15
15.989 12.424 -1.3725 77 50 7
16.064 12.478 -1.3406 78 48 22
16.187 12.833 -1.0772 86 47 6
16.186 12.829 -1.1391 76 38 0
16.2 12.848 -1.0999 81 41 3
16.169 12.805 -1.1793 84 42 0
15.638 12.175 -1.3413 78 43 11
15.74 12.302 -1.3202 69 44 22
15.81 12.479 -1.3559 64 41 0
16.237 12.933 -1.1232 70 41 0
16.202 12.854 -1.0401 80 42 14
16.13 12.799 -1.1298 76 49 16
15.836 12.467 -1.3574 66 40 13
15.774 12.391 -1.3602 70 44 17
15.677 12.366 -1.3889 65 40 8
15.812 12.574 -1.2966 63 37 22
15.843 12.524 -1.3069 70 43 24
15.839 12.519 -1.3087 70 43 24
15.746 12.58 -1.3054 62 41 14
15.69 12.472 -1.3501 62 43 3
15.615 12.432 -1.3468 54 35 18
15.893 12.865 -1.1587 63 37 22
15.778 12.777 -1.1785 75 37 11
16.023 13.007 -0.97544 51 28 10
15.781 12.78 -1.1458 73 35 0
15.879 12.851 -1.0772 69 43 26
15.789 12.788 -1.1104 73 38 6
15.78 12.778 -1.2064 77 38 15
15.957 13.002 -1.0197 81 43 7
15.865 12.906 -1.0933 76 42 13
15.8 12.802 -1.0458 70 35 6
15.772 12.771 -1.0889 75 38 19
15.893 12.935 -1.1089 73 46 13
15.821 12.858 -1.176 68 45 12
18.648 12.359 -1.529 67 37 23
18.63 12.401 -1.4758 72 42 18
18.595 12.637 -1.3731 70 41 19
18.674 12.335 -1.5016 73 42 30
18.647 12.287 -1.4712 75 48 13
18.547 12.422 -1.4811 69 42 25
18.585 12.3 -1.4513 69 41 10
18.586 12.369 -1.5028 70 41 17
18.558 12.323 -1.4706 69 42 21
18.613 12.34 -1.4812 73 44 23
18.614 12.311 -1.4657 74 42 29
18.619 12.345 -1.5128 70 44 19
18.561 12.388 -1.5302 72 44 17
18.508 12.701 -1.3543 73 42 30
18.534 12.287 -1.4677 75 44 26
18.542 12.25 -1.4855 75 44 26
18.473 12.347 -1.4804 70 46 20
18.474 12.373 -1.5024 74 45 24
18.482 12.454 -1.4482 70 44 19
18.493 12.351 -1.4404 75 46 25
18.539 12.296 -1.4982 71 45 22
18.504 12.327 -1.4861 72 46 23
18.452 12.508 -1.4602 74 43 25
18.581 12.199 -1.5039 72 42 14
18.513 12.432 -1.4571 69 41 12
18.469 12.34 -1.4554 73 42 22
18.519 12.067 -1.5646 69 42 21
18.414 12.313 -1.4532 73 45 6
18.384 12.453 -1.5032 70 37 20
18.372 12.462 -1.4403 75 47 20
18.425 12.321 -1.514 73 44 22
18.397 12.5 -1.4496 71 42 21
18.384 12.325 -1.45 75 48 27
18.353 12.259 -1.5662 77 47 21
18.36 12.385 -1.4917 76 45 25
18.356 12.443 -1.4929 74 44 20
18.336 12.33 -1.4965 78 46 31
18.355 12.248 -1.5721 77 47 21
18.309 12.358 -1.5152 79 46 31
18.238 12.405 -1.4516 71 50 19
18.337 12.093 -1.598 76 46 28
18.282 12.325 -1.5187 70 44 17
18.248 12.274 -1.4823 71 44 25
18.324 12.187 -1.5506 76 46 28
18.204 12.552 -1.4375 78 50 23
18.304 12.28 -1.4674 78 50 21
18.266 12.399 -1.4492 76 46 18
18.237 12.462 -1.4545 70 44 17
18.197 12.283 -1.5295 70 44 27
18.157 12.34 -1.4782 80 50 26
18.159 12.488 -1.4921 76 46 28
18.221 12.273 -1.4973 73 47 24
18.186 12.439 -1.4802 79 51 24
18.211 12.449 -1.4612 71 45 20
18.216 12.359 -1.4789 75 50 20
18.184 12.3 -1.4601 76 47 26
18.223 12.252 -1.5043 73 47 24
18.174 12.599 -1.4207 78 50 13
18.161 12.42 -1.4971 82 53 31
18.1 12.35 -1.4839 79 49 31
18.159 12.261 -1.4823 75 49 26
18.091 12.324 -1.44 78 49 25
18.094 12.503 -1.4374 76 47 16
18.07 12.385 -1.4773 76 44 31
18.099 12.291 -1.4835 78 48 24
18.061 12.609 -1.3858 79 50 28
18.131 12.323 -1.4926 80 50 12
18.105 12.428 -1.5071 78 48 24
18.12 12.515 -1.4253 79 50 29
18.036 12.275 -1.4761 74 45 24
18.035 12.424 -1.4357 76 50 27
18.049 12.353 -1.5324 83 53 27
18.012 12.433 -1.4638 75 49 24
17.991 12.37 -1.5394 70 45 25
18.006 12.312 -1.4653 78 49 27
18.012 12.553 -1.4315 83 52 22
18.019 12.505 -1.4861 77 51 11
18.043 12.365 -1.4957 80 48 25
17.913 12.292 -1.4683 79 49 25
17.922 12.453 -1.4479 74 48 25
17.943 12.295 -1.4597 76 46 12
17.975 12.365 -1.4436 78 48 30
17.956 12.433 -1.4791 79 49 25
17.946 12.415 -1.4303 74 46 32
17.918 12.399 -1.4467 81 50 29
17.9 12.534 -1.4437 77 45 32
17.979 12.414 -1.4536 79 49 31
17.904 12.454 -1.5156 77 49 22
17.932 12.493 -1.4858 76 46 22
17.95 12.481 -1.4233 76 47 23
17.928 12.344 -1.5335 80 49 31
17.976 12.344 -1.4552 78 48 30
17.958 12.545 -1.4487 71 43 12
17.834 12.479 -1.4227 75 48 27
17.828 12.468 -1.3946 77 49 20
17.894 12.452 -1.4572 76 47 26
17.889 12.365 -1.4697 79 51 20
17.883 12.298 -1.4704 78 50 21
17.837 12.44 -1.4762 73 42 22
17.865 12.394 -1.4925 76 47 26
17.861 12.439 -1.4369 81 52 28
17.745 12.498 -1.4048 77 49 20
17.782 12.494 -1.4608 72 46 23
17.82 12.337 -1.4351 78 48 12
17.753 12.212 -1.5132 76 47 26
17.796 12.379 -1.449 79 48 27
17.774 12.51 -1.392 78 47 19
17.756 12.519 -1.4585 76 47 26
17.75 12.51 -1.4267 75 45 29
17.81 12.472 -1.4642 74 48 23
17.777 12.036 -1.5955 76 47 23
17.796 12.375 -1.4512 79 48 27
17.772 12.472 -1.412 78 47 19
17.774 12.427 -1.4664 73 44 22
17.698 12.316 -1.4733 77 47 29
17.708 12.387 -1.468 73 46 25
17.662 12.247 -1.5185 76 49 28
17.716 12.421 -1.4837 76 46 22
17.704 12.584 -1.4344 70 41 20
17.663 12.322 -1.448 76 46 28
17.663 12.492 -1.4616 74 45 23
17.726 12.28 -1.4841 80 51 27
17.723 12.456 -1.4982 75 47 20
17.643 12.325 -1.519 75 48 29
17.63 12.497 -1.4382 75 46 22
17.596 12.266 -1.493 73 47 24
17.58 12.521 -1.4692 74 45 24
17.579 12.553 -1.4218 74 46 19
17.618 12.426 -1.4428 75 50 20
17.592 12.421 -1.4836 75 45 27
17.575 12.357 -1.4524 74 44 26
17.58 12.525 -1.4665 74 45 24
17.594 12.474 -1.4239 76 47 26
17.64 12.35 -1.4722 75 49 24
17.624 12.236 -1.4995 74 44 18
17.63 12.453 -1.4919 73 48 16
17.522 12.415 -1.4376 71 46 23
17.535 12.477 -1.4376 77 48 26
17.516 12.518 -1.455 72 46 19
17.537 12.627 -1.4258 71 44 27
17.542 12.342 -1.4669 77 47 29
17.558 12.425 -1.4562 69 43 20
17.495 12.408 -1.4828 76 47 26
17.545 12.395 -1.411 75 44 24
17.559 12.579 -1.4452 78 50 23
17.508 12.352 -1.4406 73 44 22
17.517 12.521 -1.4532 72 46 19
17.534 12.436 -1.4898 74 45 23
17.486 12.565 -1.3759 75 46 25
17.432 12.424 -1.4531 74 45 21
17.438 12.435 -1.4853 71 45 18
17.472 12.453 -1.4651 72 43 22
17.457 12.417 -1.4196 73 44 22
17.434 12.594 -1.3724 70 43 22
17.413 12.464 -1.4736 69 43 18
17.486 12.563 -1.3761 75 46 25
17.466 12.568 -1.4425 77 47 19
17.433 12.589 -1.3751 70 43 22
17.379 12.571 -1.462 73 46 25
17.356 12.397 -1.4238 70 42 13
17.352 12.503 -1.4068 72 44 17
17.339 12.542 -1.4556 76 47 26
17.394 12.519 -1.4535 68 41 22
17.297 12.227 -1.5841 70 43 24
17.384 12.612 -1.4101 68 43 21
17.377 12.346 -1.4422 69 42 9
17.329 12.417 -1.4191 69 42 9
17.36 12.617 -1.4418 66 40 15
17.368 12.437 -1.4351 72 45 10
17.327 12.527 -1.4002 71 44 9
17.346 12.59 -1.3982 72 45 24
17.266 12.609 -1.4395 73 43 15
17.233 12.297 -1.4618 73 44 22
17.297 12.613 -1.4267 71 45 22
17.306 12.546 -1.4302 72 43 21
17.269 12.535 -1.4109 72 46 21
17.282 12.349 -1.4589 73 44 23
17.22 12.373 -1.4325 69 43 20
17.25 12.562 -1.4358 72 43 11
17.29 12.601 -1.4057 72 43 19
17.278 12.463 -1.4087 72 43 21
17.26 12.518 -1.3913 72 42 26
17.323 12.599 -1.4299 75 47 18
17.239 12.645 -1.3687 72 46 21
17.19 12.455 -1.5036 78 49 25
17.218 12.486 -1.3821 73 43 19
17.031 12.058 -1.6109 71 42 21
17.198 12.398 -1.4598 70 46 12
17.144 12.433 -1.4535 76 45 24
17.188 12.476 -1.4248 72 43 19
17.245 12.757 -1.343 75 48 27
17.169 12.595 -1.4387 75 46 22
17.18 12.544 -1.4291 75 45 19
17.198 12.381 -1.4985 73 44 22
17.256 12.679 -1.407 72 43 19
17.033 12.41 -1.4232 71 42 18
17.102 12.426 -1.4015 74 46 17
17.04 12.419 -1.4538 77 46 25
17.12 12.547 -1.4412 74 45 13
17.1 12.659 -1.4238 75 47 16
17.137 12.682 -1.4029 75 47 10
17.116 12.556 -1.3711 74 44 8
17.081 12.532 -1.4239 72 46 23
17.034 12.414 -1.421 71 42 18
17.105 12.595 -1.4246 76 45 24
17.161 12.592 -1.3735 74 44 18
17.131 12.482 -1.4683 70 41 17
17.079 12.43 -1.4733 74 48 23
17.125 12.487 -1.401 76 44 21
17.085 12.472 -1.385 72 44 17
17.154 12.644 -1.4144 79 50 18
17.168 12.615 -1.3632 74 44 18
17.134 12.49 -1.4632 70 41 17
17 12.578 -1.3938 72 46 6
17.008 12.501 -1.4556 75 45 19
17.003 12.576 -1.4226 75 46 22
17.065 12.576 -1.4079 76 47 25
17.069 12.579 -1.4385 75 46 24
17.025 12.48 -1.3951 75 49 26
16.983 12.44 -1.4561 74 46 17
16.955 12.465 -1.42 79 48 30
16.963 12.396 -1.4474 72 43 22
16.84 12.062 -1.5843 74 48 21
16.982 12.344 -1.4978 75 47 18
17.05 12.612 -1.4266 73 44 20
16.918 12.452 -1.4322 78 50 23
16.881 12.522 -1.4094 76 45 24
16.892 12.393 -1.4298 73 44 23
16.934 12.558 -1.4463 80 50 22
16.95 12.608 -1.3897 78 49 27
16.917 12.603 -1.4018 78 50 21
16.992 12.638 -1.3675 75 46 25
16.889 12.47 -1.3962 78 51 18
16.882 12.443 -1.4449 74 43 23
16.941 12.653 -1.4042 75 50 20
16.957 12.481 -1.38 73 47 20
17.003 12.658 -1.3889 80 50 26
16.863 12.495 -1.3636 77 47 21
16.856 12.605 -1.4131 73 44 20
16.822 12.597 -1.4248 78 51 16
16.834 12.501 -1.3662 72 44 17
16.915 12.663 -1.4059 76 46 20
16.789 12.472 -1.3868 72 45 10
16.88 12.652 -1.4172 76 48 17
16.829 12.621 -1.3786 79 47 26
16.909 12.672 -1.3084 77 47 23
16.906 12.659 -1.3447 78 48 22
16.823 12.449 -1.4891 77 47 19
16.838 12.569 -1.4006 78 50 19
16.851 12.657 -1.4233 78 50 19
16.743 12.636 -1.3951 75 41 12
16.848 12.789 -1.3331 77 52 22
16.798 12.623 -1.3895 75 43 22
16.792 12.674 -1.365 77 49 22
16.733 12.492 -1.385 74 45 23
16.749 12.643 -1.4223 75 44 23
16.782 12.522 -1.3998 72 45 12
16.697 12.485 -1.3993 73 42 11
16.755 12.601 -1.3725 77 47 13
16.752 12.461 -1.398 74 45 23
16.742 12.439 -1.4085 74 45 23
16.817 12.657 -1.4 75 47 18
16.687 12.593 -1.3933 75 44 23
16.79 12.849 -1.3225 78 48 12
16.703 12.56 -1.4049 70 44 21
16.672 12.621 -1.4174 72 45 24
16.643 12.514 -1.3668 74 45 14
16.727 12.789 -1.3336 74 47 12
16.764 12.742 -1.3417 73 43 15
16.65 12.525 -1.3981 73 44 22
16.645 12.573 -1.4099 78 45 28
16.708 12.57 -1.3988 70 44 21
16.603 12.5 -1.38 77 47 23
16.595 12.543 -1.4002 64 39 19
16.671 12.684 -1.3572 74 44 18
16.659 12.661 -1.3694 74 44 18
16.612 12.69 -1.3669 72 43 19
16.64 12.738 -1.3755 72 47 17
16.511 12.516 -1.3998 76 43 24
16.666 12.727 -1.3707 72 43 12
16.591 12.604 -1.3478 69 40 19
16.561 12.602 -1.3831 73 42 22
16.539 12.512 -1.361 73 45 16
16.626 12.658 -1.3775 73 45 16
16.557 12.652 -1.3626 72 41 20
16.453 12.415 -1.416 73 43 17
16.579 12.688 -1.3788 74 45 23
16.56 12.714 -1.342 72 42 18
16.431 12.496 -1.3879 70 44 19
16.438 12.503 -1.4167 73 45 6
16.503 12.565 -1.3484 73 45 18
16.487 12.636 -1.4182 71 43 14
16.494 12.549 -1.3561 73 45 18
16.569 12.725 -1.3639 75 43 20
16.464 12.491 -1.4181 69 45 19
16.526 12.709 -1.351 73 44 13
16.497 12.774 -1.2374 66 37 6
16.378 12.576 -1.3699 71 41 15
16.358 12.59 -1.4339 69 38 7
16.331 12.449 -1.3965 69 40 9
16.452 12.691 -1.3761 68 38 12
16.456 12.643 -1.3909 71 42 21
16.367 12.609 -1.3945 69 40 9
16.313 12.36 -1.4345 73 43 15
16.417 12.583 -1.3931 66 40 15
16.505 12.773 -1.3612 72 43 11
16.551 12.797 -1.3351 76 44 19
16.55 12.796 -1.3372 76 44 19
16.305 12.516 -1.374 67 37 21
16.406 12.731 -1.245 68 40 13
16.381 12.692 -1.2634 68 40 13
16.249 12.485 -1.4032 66 38 11
16.326 12.598 -1.3679 66 40 13
16.326 12.592 -1.436 64 37 20
16.335 12.665 -1.3474 68 38 14
16.344 12.626 -1.3949 67 36 16
16.377 12.772 -1.3234 66 39 22
16.374 12.718 -1.3797 67 40 5
16.302 12.507 -1.411 64 32 17
16.208 12.474 -1.4139 63 40 0
16.279 12.631 -1.3752 64 34 20
16.301 12.668 -1.2889 62 35 16
16.23 12.56 -1.3783 66 37 16
16.109 12.434 -1.4139 63 36 15
16.27 12.665 -1.3597 66 35 14
16.128 12.512 -1.3777 84 57 24
16.193 12.555 -1.384 58 33 11
16.266 12.614 -1.3516 66 37 16
16.109 12.537 -1.3787 89 61 24
16.072 12.486 -1.4055 89 63 36
16.149 12.685 -1.3484 91 62 31
16.141 12.537 -1.3389 84 56 16
16.121 12.551 -1.4037 59 37 16
16.149 12.596 -1.3167 80 49 21
16.148 12.638 -1.3681 77 47 31
16.044 12.499 -1.373 75 49 24
16.237 12.801 -1.3512 0 0 0
16.186 12.863 -1.2445 69 46 5
16.178 12.813 -1.235 82 44 7
16.191 12.867 -1.2718 72 42 16
16.087 12.69 -1.3942 92 62 24
16.216 12.903 -1.1962 65 39 16
16.219 12.908 -1.1638 68 45 14
16.186 12.861 -1.3083 74 45 11
16.21 12.808 -1.3199 79 51 14
16.165 12.794 -1.2737 70 39 9
16.192 12.786 -1.302 84 52 29
16.104 12.714 -1.3502 76 48 11
15.98 12.728 -1.3385 67 39 12
15.926 12.624 -1.3231 59 39 14
15.935 12.59 -1.3302 62 38 24
16.034 12.753 -1.3189 74 46 17
15.95 12.732 -1.3727 68 43 11
15.909 12.725 -1.3502 73 48 4
15.827 12.548 -1.3372 67 42 12
15.948 12.77 -1.3594 0 0 0
15.893 12.622 -1.3555 64 43 12
15.924 12.705 -1.3306 70 41 9
15.807 12.609 -1.3204 60 36 10
15.875 12.603 -1.3385 66 42 14
15.94 12.72 -1.3484 67 38 17
15.842 12.607 -1.3469 65 42 24
15.802 12.561 -1.3371 63 40 22
15.781 12.66 -1.3375 72 51 24
15.719 12.632 -1.3635 76 48 8
15.689 12.557 -1.3576 70 45 22
15.853 12.82 -1.3361 0 0 0
15.856 12.783 -1.3455 0 0 0
15.798 12.638 -1.3776 73 45 14
15.728 12.559 -1.3485 73 48 25
15.697 12.608 -1.3748 76 48 8
15.807 12.729 -1.344 65 41 3
15.871 12.762 -1.3508 69 43 18
15.832 12.758 -1.3285 65 41 3
15.745 12.739 -1.3221 74 45 21
15.777 12.774 -1.3371 80 53 10
15.823 12.861 -1.2053 75 54 27
15.819 12.857 -1.2709 71 52 10
15.811 12.848 -1.2409 73 41 3
15.755 12.751 -1.2507 51 32 0
15.728 12.722 -1.3008 75 48 11
15.72 12.674 -1.3164 76 50 23
15.836 12.837 -1.3316 0 0 0
15.861 12.829 -1.3014 75 52 10
15.663 12.73 -1.3453 80 37 3
18.486 10.871 0.12266 84 59 36
18.456 10.814 0.12077 83 61 24
18.445 10.832 0.15946 83 60 26
18.461 10.993 0.15377 84 61 27
16.611 11.731 0.23888 86 58 29
18.508 11.053 -0.10864 88 62 37
18.486 10.924 0.080967 81 54 35
18.406 10.866 -0.047668 86 58 27
18.435 10.798 0.032933 86 56 28
18.468 10.781 0.081938 82 58 32
18.454 10.853 -0.079359 80 56 28
18.459 10.97 0.0018978 81 56 34
18.477 10.897 -0.034483 79 58 29
18.431 11.088 -0.1202 79 58 27
18.383 11.119 -0.083269 80 54 29
16.558 11.584 0.21816 87 62 32
16.416 11.209 0.2048 90 62 33
16.46 11.526 0.17536 83 59 31
16.437 11.559 0.13454 80 54 27
16.358 11.451 0.061711 88 62 35
15.554 11.352 0.32312 117 77 28
15.567 11.298 0.29758 135 98 54
15.532 11.31 0.25369 98 59 18
18.462 11.177 -0.15222 89 63 40
18.476 11.315 -0.14221 99 69 41
18.452 11.16 -0.2674 87 59 30
18.501 11.07 -0.26142 91 66 36
18.518 10.841 -0.19417 80 52 21
18.501 10.925 -0.35179 81 57 21
18.488 11.211 -0.29391 97 69 42
18.439 10.988 -0.2777 83 60 27
18.429 11.002 -0.23684 81 56 26
16.508 11.493 -0.033845 89 59 35
16.408 11.228 -0.069251 86 58 31
16.541 11.769 -0.046373 82 58 22
16.439 11.515 -0.07982 82 59 28
16.488 11.527 -0.11403 77 57 23
16.429 11.474 -0.15679 83 58 35
16.437 11.502 -0.12013 83 57 30
16.361 11.23 -0.034288 74 49 27
19.252 10.765 -0.62862 101 53 27
18.476 11.074 -0.50693 97 68 37
18.463 11.349 -0.44194 98 70 33
18.452 11.186 -0.45562 85 57 26
18.538 10.955 -0.55395 102 61 33
18.463 10.928 -0.36096 87 62 30
18.448 10.879 -0.45401 76 55 12
18.433 10.872 -0.37159 83 59 33
16.455 11.408 -0.27022 78 58 24
16.511 11.557 -0.22597 81 59 22
16.476 11.479 -0.18995 81 57 31
16.46 11.41 -0.30627 76 55 28
16.27 11.29 -0.21673 95 67 36
16.379 11.333 -0.23917 81 58 24
16.46 11.636 -0.19717 83 60 26
16.456 11.635 -0.15853 84 61 28
16.364 11.306 -0.20013 83 60 29
16.509 11.72 -0.3377 75 53 29
16.515 11.743 -0.29974 80 57 24
16.366 11.284 -0.32282 82 57 25
18.121 13.609 -0.34423 89 50 27
18.091 13.609 -0.3342 89 49 22
18.102 13.607 -0.31856 91 50 20
18.108 13.607 -0.34648 85 47 19
18.123 13.602 -0.34585 89 50 27
18.112 13.611 -0.3017 90 50 15
18.434 10.95 -0.61408 91 67 31
16.44 11.398 -0.59231 71 57 31
16.454 11.452 -0.50808 80 55 32
16.455 11.445 -0.54992 81 57 31
16.516 11.616 -0.44576 82 58 32
16.468 11.507 -0.42637 79 58 37
16.428 11.51 -0.42788 79 55 29
16.37 11.472 -0.44185 77 54 23
16.36 11.456 -0.40272 82 56 31
16.397 11.425 -0.47636 82 59 28
16.466 11.663 -0.57074 84 61 27
18.135 13.56 -0.38421 88 48 21
18.13 13.63 -0.39913 86 48 12
18.129 13.579 -0.36662 90 52 26
18.094 13.608 -0.34928 91 52 21
18.113 13.593 -0.36506 88 50 14
18.115 13.622 -0.38753 85 47 11
18.111 13.628 -0.37261 85 49 7
18.441 11.252 -0.80229 100 65 45
18.443 11.141 -0.95236 97 66 38
18.471 11.257 -0.95784 93 65 38
18.518 11.134 -0.9409 95 67 38
18.453 11.271 -0.87862 96 68 37
18.431 11.285 -0.96161 99 70 39
18.465 11.247 -0.92484 93 66 29
18.524 11.142 -0.97904 92 62 36
18.418 11.103 -1.0064 91 62 38
18.412 11.096 -0.97167 75 52 18
18.395 11.099 -0.88755 72 51 24
18.316 11.138 -0.89118 73 48 25
18.268 11.534 -0.77569 70 49 28
17.408 11.398 -0.88538 73 49 23
17.374 11.195 -0.8841 92 67 45
16.385 11.425 -0.81333 72 51 24
16.439 11.47 -0.7065 68 47 20
16.428 11.434 -0.75991 70 48 25
16.437 11.559 -0.74726 73 48 25
16.442 11.589 -0.6623 73 49 21
16.473 11.653 -0.68778 72 51 24
16.488 11.758 -0.79037 71 50 23
16.454 11.625 -0.61416 86 61 31
16.471 11.743 -0.67751 71 50 21
16.429 11.628 -0.77776 71 49 25
16.429 11.636 -0.73758 73 49 13
16.446 11.693 -0.64948 81 55 14
15.511 11.741 -0.64137 105 62 18
15.56 11.864 -0.66408 98 51 18
15.524 11.756 -0.67801 99 55 16
15.451 11.718 -0.65373 102 55 1
15.419 11.793 -0.6138 99 52 0
15.381 11.799 -0.65756 103 58 11
15.442 11.826 -0.56962 100 53 1
15.329 11.736 -0.59334 106 59 15
15.324 11.726 -0.62976 103 57 8
15.763 12.243 -0.60831 104 57 23
15.389 11.753 -0.66115 104 60 21
15.494 11.835 -0.63954 102 55 12
15.497 11.84 -0.6005 99 51 5
15.457 11.782 -0.68516 104 59 12
15.348 11.871 -0.58444 128 79 13
15.381 11.856 -0.61661 100 54 15
15.307 11.818 -0.63179 100 56 21
15.429 11.916 -0.64324 101 57 22
15.353 11.929 -0.61921 100 57 13
15.399 11.88 -0.57502 109 59 9
15.289 11.903 -0.63125 114 70 33
15.156 11.796 -0.65231 121 74 31
15.207 11.907 -0.63888 132 83 40
19.149 10.986 -1.1034 96 53 9
18.451 11.25 -1.0471 88 65 34
18.439 11.298 -1.2032 92 64 37
18.469 11.182 -1.105 91 62 40
18.434 11.164 -1.1136 97 67 43
18.496 11.138 -1.0306 94 65 41
18.511 11.057 -1.2654 101 63 35
18.447 11.225 -1.0135 90 66 38
18.432 11.233 -1.1401 92 65 32
18.49 11.087 -1.1735 93 62 41
18.495 11.108 -1.2072 101 62 39
18.544 11.084 -1.242 95 54 22
18.513 11.08 -1.08 96 64 41
18.424 11.237 -1.0955 92 66 41
18.511 11.197 -1.1326 98 53 22
18.435 11.268 -1.1731 89 66 32
18.51 11.254 -1.1579 98 55 21
18.459 11.136 -1.036 90 66 38
18.435 11.038 -1.0676 96 68 41
18.434 11.103 -1.0938 97 69 42
18.426 11.119 -1.2613 94 69 39
18.433 11.062 -1.2791 94 68 41
18.386 11.252 -1.1069 93 66 31
18.4 11.204 -1.1608 94 65 41
18.377 11.197 -1.0353 70 48 27
18.396 11.045 -1.0721 70 48 27
18.421 11.093 -1.2273 95 66 44
18.381 11.115 -1.231 85 59 32
17.429 11.274 -1.1636 62 39 23
17.341 11.246 -1.1879 90 66 30
17.38 11.307 -1.0782 93 64 40
17.359 11.408 -1.1036 92 67 35
17.405 11.445 -1.0845 82 53 29
17.419 11.385 -0.97054 64 41 25
17.41 11.366 -0.93482 73 49 23
17.419 11.508 -1.1053 61 38 20
16.521 11.826 -0.81049 73 53 26
16.452 11.556 -0.90156 74 49 26
16.512 11.787 -0.89731 74 51 20
16.492 11.748 -0.86714 72 50 26
16.331 11.543 -1.0537 90 65 33
16.369 11.549 -0.96279 85 63 22
16.279 12.666 -0.64247 79 39 1
16.267 12.646 -0.67751 88 42 0
16.267 12.695 -0.64378 77 37 0
16.235 12.557 -0.63382 80 43 11
16.284 12.626 -0.64634 79 39 1
16.258 12.679 -0.67422 88 48 10
16.274 12.609 -0.67897 96 51 4
16.327 12.739 -0.59819 75 39 0
16.224 12.759 -0.69745 91 55 33
16.236 12.736 -0.67065 76 42 4
16.253 12.761 -0.63682 84 41 0
16.271 12.701 -0.61156 78 40 3
16.254 12.716 -0.69775 77 49 22
16.254 12.718 -0.66953 78 42 0
16.223 12.715 -0.70402 85 52 19
16.247 12.71 -0.64348 76 39 0
16.227 12.765 -0.66837 82 43 10
16.214 12.749 -0.64425 81 42 0
16.216 12.833 -0.63501 92 46 7
16.217 12.833 -0.66139 87 42 9
16.18 12.743 -0.68002 87 44 10
16.132 12.761 -0.68336 97 52 7
16.2 12.768 -0.69999 83 43 18
16.216 12.793 -0.64062 87 44 2
16.237 12.858 -0.6819 89 52 34
18.542 11.295 -1.3471 73 44 22
18.477 11.138 -1.3325 92 63 41
18.42 11.22 -1.2729 91 63 34
18.445 11.207 -1.4011 59 36 3
18.504 11.157 -1.2769 91 54 22
18.461 11.193 -1.2763 90 64 37
18.415 11.318 -1.2837 88 62 39
18.42 11.437 -1.3572 65 37 23
18.505 11.298 -1.3539 73 45 18
18.48 11.171 -1.3628 86 62 28
18.511 11.161 -1.3167 72 46 23
18.437 11.213 -1.3604 85 61 33
18.414 11.323 -1.2815 88 62 39
18.49 11.158 -1.4066 71 43 16
18.343 11.183 -1.4788 63 40 22
18.404 11.109 -1.3546 95 67 38
18.417 11.138 -1.4317 84 58 35
18.4 11.21 -1.3694 91 63 36
18.334 11.128 -1.4155 47 33 4
18.353 11.404 -1.1859 95 67 38
18.383 11.162 -1.4738 67 42 22
18.353 11.289 -1.3497 88 60 33
18.274 11.258 -1.3332 49 27 3
17.93 11.91 -1.2211 65 40 18
17.85 11.383 -1.3948 66 39 20
17.735 11.441 -1.3899 67 39 8
17.718 11.23 -1.421 65 38 19
17.518 11.356 -1.3821 64 37 16
17.552 11.29 -1.3985 68 40 9
17.564 11.352 -1.4167 66 36 20
17.505 12.06 -1.0193 60 37 19
17.437 11.594 -1.1204 63 41 20
17.394 11.441 -1.2978 59 37 16
16.001 11.63 -1.2703 102 66 28
16.041 12.399 -0.9759 72 30 0
16.116 12.509 -0.90921 121 66 20
16.12 12.463 -0.94959 80 43 1
16.226 12.614 -0.92846 86 48 9
16.129 12.756 -0.71364 97 50 4
15.766 12.42 -0.95746 99 55 29
15.635 12.305 -1.0002 86 45 17
18.45 11.791 -1.4815 77 48 17
18.295 11.608 -1.5224 71 41 23
18.209 11.724 -1.4582 73 43 27
18.164 11.938 -1.4104 75 47 10
18.187 11.569 -1.5264 76 47 15
18.037 11.759 -1.4828 76 46 22
18.104 11.765 -1.4694 77 48 14
18.067 11.835 -1.4421 76 44 23
18.153 11.546 -1.5427 71 47 13
18.037 11.747 -1.4882 76 46 22
18.027 11.668 -1.4405 73 44 20
18 11.341 -1.582 73 48 18
17.963 11.648 -1.5051 75 47 18
17.999 11.866 -1.4464 77 45 20
17.99 11.961 -1.3695 75 45 17
17.956 11.631 -1.469 73 44 20
17.996 11.523 -1.5102 73 48 18
18.036 11.603 -1.511 73 44 20
17.967 11.786 -1.485 72 46 19
17.858 11.472 -1.3974 71 44 23
17.864 11.436 -1.4479 72 46 23
17.857 11.771 -1.4814 74 44 18
17.895 11.308 -1.4552 69 42 21
17.892 11.681 -1.5154 76 48 17
17.744 11.76 -1.4692 74 46 17
17.806 11.658 -1.4576 69 42 21
17.799 11.617 -1.4363 75 46 22
17.833 11.523 -1.4607 76 50 27
17.78 11.428 -1.431 71 45 18
17.826 11.467 -1.4469 73 42 24
17.816 11.779 -1.4487 73 45 16
17.736 11.316 -1.4763 72 47 25
17.742 11.833 -1.4091 73 47 20
17.785 11.375 -1.492 70 43 22
17.752 11.534 -1.438 74 47 26
17.71 11.562 -1.3952 70 43 22
17.699 11.695 -1.4734 79 49 25
17.665 11.884 -1.3269 76 50 27
17.649 11.598 -1.479 68 43 20
17.68 11.864 -1.4501 72 46 19
17.686 11.591 -1.4741 77 48 27
17.721 11.529 -1.4903 74 47 28
17.714 11.531 -1.4476 74 49 17
17.714 11.849 -1.4443 76 44 29
17.694 11.401 -1.4201 68 44 18
17.687 11.596 -1.4729 77 48 27
17.541 11.465 -1.429 70 43 22
17.716 13.748 -0.60893 74 43 23
17.545 11.438 -1.484 73 47 22
17.701 13.743 -0.61474 76 47 26
17.563 11.809 -1.4592 79 49 21
17.498 11.912 -1.399 72 46 21
17.369 11.776 -1.4786 69 44 12
17.343 11.652 -1.4871 70 45 22
17.409 12.085 -1.277 71 44 25
17.333 11.785 -1.4771 73 44 23
17.359 11.542 -1.4808 72 45 26
17.334 11.849 -1.3745 68 43 21
17.316 11.721 -1.4683 72 43 21
17.261 11.829 -1.4462 71 43 14
17.305 11.864 -1.4159 72 44 13
17.264 11.68 -1.4474 70 43 22
17.269 11.552 -1.4149 70 40 14
17.224 11.855 -1.3989 70 43 22
17.246 11.937 -1.4031 73 44 20
17.269 11.871 -1.4279 71 43 14
17.137 11.656 -1.4529 70 44 21
17.184 11.821 -1.4609 73 42 22
17.169 11.623 -1.4605 69 42 21
17.207 12.078 -1.3594 72 43 22
17.177 11.815 -1.4288 73 44 20
17.216 11.816 -1.4144 70 43 22
17.017 11.786 -1.4708 74 45 23
17.127 12.061 -1.3449 70 44 21
16.976 11.691 -1.3901 69 43 20
17.05 12.037 -1.3732 74 44 20
16.884 11.398 -1.416 67 42 22
16.919 11.505 -1.4232 66 44 20
16.963 11.881 -1.4057 75 46 12
17 11.879 -1.3959 73 44 20
16.948 11.73 -1.381 72 43 22
16.888 11.504 -1.5135 70 43 22
16.87 11.845 -1.4018 67 43 9
16.874 11.958 -1.4019 68 42 15
16.838 11.76 -1.3969 67 41 18
16.748 11.638 -1.3706 63 38 16
16.797 11.756 -1.4037 67 43 15
16.78 11.69 -1.4746 67 40 19
16.834 11.951 -1.4096 68 41 4
16.612 11.618 -1.3597 65 43 20
16.605 11.484 -1.398 64 40 14
16.63 11.653 -1.3883 65 41 13
16.666 11.639 -1.384 66 40 13
16.676 11.565 -1.3669 62 37 17
16.529 11.524 -1.3636 66 39 22
16.604 11.611 -1.3265 63 39 11
16.479 11.601 -1.3928 61 35 8
16.55 11.841 -1.43 69 41 12
16.592 11.95 -1.3503 63 39 11
16.523 11.798 -1.3723 61 36 14
16.415 11.651 -1.3936 64 37 16
16.502 11.756 -1.3414 65 39 16
16.389 11.687 -1.3889 65 36 15
16.42 11.745 -1.4011 61 36 14
16.588 12.038 -1.282 63 37 14
16.455 11.995 -1.3248 63 35 21
16.373 11.736 -1.4225 58 36 13
16.378 11.823 -1.4296 61 38 7
16.278 11.702 -1.4932 65 38 5
16.03 11.599 -1.3168 99 70 28
15.983 11.668 -1.3031 100 67 32
16.204 12.672 -0.94992 92 50 8
16.203 12.8 -0.92096 80 43 0
16.214 12.776 -0.92997 87 46 14
16.227 12.751 -0.90044 86 46 21
16.226 12.749 -0.93213 79 45 7
16.162 12.706 -0.9212 73 34 3
16.176 12.721 -0.97352 79 49 15
16.21 12.811 -0.8903 71 33 0
16.157 12.654 -0.93396 86 46 21
16.179 12.681 -0.98525 75 49 8
16.195 12.833 -0.88926 93 48 15
16.133 12.831 -0.93 81 44 0
16.175 12.844 -0.94624 81 48 5
16.18 12.851 -0.91238 81 38 6
16.173 12.839 -0.97705 80 52 2
16.187 12.82 -0.92138 93 47 6
16.188 12.825 -0.86402 92 48 19
16.264 12.961 -0.81814 108 63 14
16.192 12.867 -0.8782 86 41 18
16.194 12.828 -0.94673 91 43 13
16.126 12.82 -0.96104 76 46 10
16.195 12.828 -0.97582 91 43 7
16.032 12.824 -0.95125 55 32 16
16.104 12.835 -0.90697 83 42 10
15.844 12.559 -0.98451 83 42 12
16.103 12.834 -0.93675 62 25 0
16.044 12.799 -0.92435 84 43 11
16.053 12.81 -0.95066 65 29 13
15.908 12.793 -0.98287 47 26 5
15.788 12.534 -0.96549 100 53 17
15.988 12.81 -0.93357 55 30 0
15.969 12.823 -0.96119 49 30 0
15.824 12.658 -0.9308 79 37 15
15.982 12.841 -0.92759 55 34 3
16.001 12.786 -0.93295 81 40 12
15.94 12.792 -0.91477 82 44 15
15.678 12.447 -1.036 82 44 15
15.967 12.821 -0.99114 52 33 0
15.992 12.813 -0.96052 50 29 0
15.932 12.856 -0.90331 67 41 18
15.889 12.845 -0.91599 69 43 20
15.864 12.853 -0.97631 71 37 12
15.962 12.854 -0.89797 71 36 6
15.838 12.715 -0.92116 76 38 2
15.916 12.802 -0.94955 54 32 8
15.902 12.823 -0.94558 56 35 4
15.954 12.845 -0.90135 71 36 6
15.823 12.809 -0.96343 74 34 9
15.846 12.835 -0.92732 72 36 12
15.755 12.772 -1.0164 65 39 0
18.585 12.229 -1.4733 72 47 27
18.597 12.149 -1.4779 70 41 20
18.579 12.108 -1.5051 71 42 21
18.57 12.118 -1.4656 67 43 7
18.622 12.014 -1.5048 69 41 12
18.568 12.183 -1.501 75 46 24
18.473 12.173 -1.4614 72 45 10
18.479 12.178 -1.4951 72 46 19
18.445 12.208 -1.4874 73 44 23
18.452 12.137 -1.4881 71 45 22
18.528 12.044 -1.5169 71 39 27
18.402 12.289 -1.4502 76 47 23
18.402 12.153 -1.3899 71 44 23
18.425 11.743 -1.5062 77 46 26
18.382 12.058 -1.4061 75 46 25
18.407 11.984 -1.5106 79 50 26
18.476 11.864 -1.4811 79 51 24
18.348 12.208 -1.4414 72 41 20
18.362 12.154 -1.5023 75 45 27
18.312 12.055 -1.5359 75 46 15
18.292 12.019 -1.4144 80 50 24
18.406 11.653 -1.5575 76 46 28
18.332 11.942 -1.4394 81 52 30
18.246 12.339 -1.4086 76 47 16
18.216 12.036 -1.5331 75 45 19
18.173 12.17 -1.4781 75 45 17
18.224 12.293 -1.4348 75 48 3
18.232 12.167 -1.4636 75 46 25
18.195 12.187 -1.4301 78 48 30
18.204 12.044 -1.4618 75 49 24
18.167 12.298 -1.446 77 46 26
18.134 12.068 -1.4291 76 50 23
18.09 12.429 -1.3354 79 48 28
18.149 11.785 -1.5188 79 48 28
18.169 11.952 -1.4389 76 47 25
18.135 12.202 -1.4358 78 49 9
18.167 12.111 -1.4382 79 51 22
18.137 11.869 -1.4523 77 47 31
18.154 11.891 -1.5445 78 49 27
18.171 11.992 -1.459 77 50 31
18.113 12.01 -1.4991 75 46 24
18.171 12.129 -1.4575 80 51 29
18.144 12.163 -1.4895 77 45 24
18.069 12.229 -1.4018 71 46 26
18.074 12.236 -1.4357 77 50 15
18.017 12.189 -1.4735 75 46 25
18.071 11.985 -1.4547 78 47 26
18.043 12.157 -1.4447 80 49 29
18.04 11.969 -1.4694 76 45 25
18.043 11.759 -1.526 79 50 29
18.01 12.072 -1.462 75 51 25
18.044 12.024 -1.4787 74 47 26
18.042 12.4 -1.3943 75 46 12
18.015 12.098 -1.4827 74 44 16
18.048 12.164 -1.4789 74 45 24
18.114 11.911 -1.515 76 47 25
18.086 12.138 -1.5172 76 47 25
17.947 12.103 -1.4628 73 47 24
17.937 11.982 -1.4435 74 47 26
18.007 11.82 -1.502 77 48 26
17.977 12.15 -1.4297 74 47 26
17.952 12.113 -1.4917 77 49 18
17.983 12.147 -1.4691 74 46 19
17.932 11.926 -1.4352 77 47 21
17.926 12.126 -1.5272 77 47 19
18.007 11.992 -1.4609 73 46 25
17.986 12.23 -1.4595 77 46 28
17.967 12.097 -1.3868 78 48 32
17.976 11.952 -1.4863 76 51 28
17.986 12.205 -1.4725 79 48 30
17.94 12.122 -1.4133 76 50 25
17.904 11.909 -1.4893 75 49 24
17.898 11.868 -1.467 81 53 14
17.867 12.085 -1.3813 77 47 23
17.872 12.041 -1.4371 75 46 22
17.91 12.102 -1.4373 70 43 24
17.833 11.987 -1.4334 77 48 26
17.762 11.884 -1.5003 78 49 25
17.791 12.178 -1.4684 76 48 11
17.766 12.301 -1.4125 75 45 21
17.762 12.118 -1.5389 76 46 20
17.804 12.37 -1.4083 75 45 9
17.744 12.087 -1.4483 75 43 28
17.789 12.135 -1.4909 76 48 11
17.775 12.055 -1.4598 73 44 23
17.778 12.004 -1.5179 77 46 26
17.74 12.111 -1.4064 79 49 25
17.757 11.902 -1.4481 74 48 25
17.752 12.145 -1.4534 74 42 21
17.751 12.121 -1.4636 74 42 21
17.799 11.967 -1.447 75 49 24
17.803 11.904 -1.5139 74 48 25
17.688 11.892 -1.4712 75 46 22
17.695 12.159 -1.5007 72 43 21
17.684 12.087 -1.5013 71 45 22
17.651 11.871 -1.4868 77 48 26
17.723 12.1 -1.5188 70 44 21
17.64 11.799 -1.4839 72 46 23
17.642 12.047 -1.4931 72 45 28
17.675 12.105 -1.419 78 47 27
17.702 12.021 -1.4492 77 48 24
17.73 12.027 -1.4055 75 45 27
17.677 12.065 -1.4787 73 44 23
17.724 12.193 -1.4381 74 45 24
17.714 12.125 -1.4387 72 45 26
17.621 11.926 -1.4721 74 48 25
17.579 11.913 -1.4488 82 51 30
17.57 12.09 -1.4185 79 49 23
17.558 12.036 -1.4083 77 46 25
17.607 12.127 -1.3936 78 51 30
17.62 11.978 -1.4158 73 44 20
17.647 12.338 -1.4284 74 44 8
17.644 12.35 -1.3876 73 43 19
17.618 12.193 -1.3964 73 46 29
17.626 12.216 -1.4213 74 45 23
17.607 12.247 -1.4794 76 45 17
17.611 12.327 -1.406 74 46 17
17.641 12.099 -1.4263 75 49 22
17.543 12.016 -1.5686 75 45 7
17.503 12.255 -1.4348 75 43 18
17.525 12.379 -1.4097 72 43 21
17.505 11.926 -1.4276 72 45 12
17.47 11.926 -1.4321 75 44 26
17.467 11.905 -1.4409 75 44 26
17.514 11.951 -1.4495 76 50 27
17.471 12.258 -1.444 74 46 9
17.484 11.991 -1.4365 79 49 25
17.455 12.12 -1.5397 74 45 13
17.351 11.856 -1.4896 67 43 17
17.396 12.223 -1.4354 75 45 21
17.447 12.31 -1.424 73 43 25
17.412 11.781 -1.5065 74 46 17
17.398 12.208 -1.4752 73 46 25
17.368 12.148 -1.3669 71 43 16
17.381 12.296 -1.4441 67 40 21
17.395 11.906 -1.4588 74 45 13
17.318 11.907 -1.4396 71 42 18
17.309 12.168 -1.4151 74 45 24
17.338 12.416 -1.3673 72 42 14
17.247 11.842 -1.5949 75 46 25
17.325 12.052 -1.4873 73 46 25
17.306 12.29 -1.3946 69 42 23
17.297 12.248 -1.4153 69 42 23
17.276 11.879 -1.4558 71 43 14
17.25 12.053 -1.4733 77 48 26
17.29 12.028 -1.55 73 44 13
17.358 12.34 -1.4334 70 40 24
17.375 12.285 -1.4139 73 46 11
17.256 11.96 -1.4322 76 47 16
17.21 12.071 -1.3951 69 46 15
17.251 12.228 -1.3626 72 44 13
17.212 12.17 -1.4668 76 47 15
17.245 12.184 -1.4166 74 48 21
17.222 12.193 -1.4936 72 46 21
17.233 12.02 -1.4131 70 45 23
17.224 12.236 -1.3988 73 47 22
17.244 12.048 -1.4367 70 43 24
17.248 12.157 -1.5003 74 45 23
17.181 12.08 -1.4331 72 45 24
17.252 12.216 -1.4027 74 48 21
17.177 12.083 -1.4045 71 46 23
17.169 12.114 -1.5373 68 42 19
17.272 12.28 -1.4053 71 45 22
17.241 12.124 -1.5165 74 45 23
17.13 12.154 -1.4214 71 45 20
17.135 12.154 -1.4564 70 41 20
17.175 12.271 -1.4691 69 43 18
17.107 12.085 -1.4198 71 46 14
17.13 12.291 -1.3277 75 49 24
17.074 12.108 -1.3784 75 46 25
17.128 12.236 -1.4584 72 46 21
17.105 12.171 -1.4594 78 45 26
17.151 12.196 -1.4689 77 50 13
16.986 11.943 -1.4185 72 47 17
16.955 11.822 -1.5104 75 46 25
17.061 12.351 -1.426 73 42 14
16.999 12.107 -1.3558 71 43 14
17.008 12.302 -1.4215 74 45 23
17.006 12.202 -1.4288 72 46 23
17.021 12.236 -1.4483 73 45 14
17.063 12.291 -1.3479 74 47 26
17.009 12.226 -1.3877 78 49 18
17.067 12.277 -1.4206 76 46 20
17.007 12.298 -1.4232 74 46 17
17.048 12.123 -1.4118 74 48 25
17.031 12.359 -1.4275 73 45 6
16.891 12.092 -1.4225 72 45 28
17.014 12.33 -1.3741 75 46 25
16.879 12.16 -1.4002 72 46 23
16.933 12.303 -1.3737 75 46 22
16.83 11.926 -1.4567 71 47 21
16.905 12.04 -1.402 71 45 18
16.962 12.278 -1.4105 72 44 15
16.918 12.066 -1.4282 70 43 24
16.979 12.424 -1.35 75 47 16
16.923 11.982 -1.4206 71 45 5
16.992 12.45 -1.3673 75 48 15
16.966 12.302 -1.3674 71 44 23
16.975 12.226 -1.3928 76 45 27
16.962 12.263 -1.4483 73 45 18
16.806 12.08 -1.3713 74 44 26
16.881 12.354 -1.326 72 46 21
16.824 12.129 -1.3502 74 44 26
16.886 12.376 -1.2831 70 43 22
16.827 12.292 -1.393 73 48 26
16.85 12.19 -1.3622 72 43 21
16.834 12.329 -1.313 73 45 14
16.827 12.2 -1.4332 71 44 23
16.755 12.117 -1.4449 71 45 20
16.842 12.069 -1.4039 75 46 24
16.94 12.481 -1.3644 74 46 15
16.785 11.92 -1.4326 75 46 24
16.882 12.256 -1.4029 73 48 18
16.927 12.368 -1.3819 73 44 10
16.903 12.393 -1.3763 71 46 16
16.878 12.223 -1.4874 74 43 22
16.838 12.31 -1.4217 73 42 21
16.687 12.149 -1.3784 70 43 10
16.707 12.015 -1.4128 75 47 20
16.662 11.997 -1.4351 73 47 22
16.807 12.479 -1.3628 71 43 16
16.646 12.059 -1.3708 68 44 18
16.651 12.369 -1.3715 73 43 19
16.6 12.397 -1.4011 76 46 12
16.566 12.335 -1.4043 71 42 8
16.582 12.374 -1.3503 78 47 26
16.562 12.332 -1.3701 72 42 16
16.569 12.282 -1.3534 71 42 21
16.497 12.207 -1.3919 69 43 18
16.506 12.166 -1.335 64 42 3
16.502 12.224 -1.3505 72 43 21
16.61 12.354 -1.389 74 44 20
16.536 12.344 -1.406 77 47 11
16.503 12.219 -1.3872 69 43 18
16.536 12.207 -1.4213 75 49 26
16.452 12.191 -1.4094 70 40 12
16.487 12.389 -1.3647 76 51 5
16.501 12.299 -1.2842 70 40 22
16.405 12.103 -1.4088 69 43 18
16.54 12.425 -1.3383 74 45 14
16.544 12.428 -1.3737 73 42 11
16.485 12.325 -1.3522 75 48 15
16.376 12.126 -1.3666 68 38 20
16.442 12.309 -1.3664 75 45 29
16.435 12.352 -1.4255 72 45 0
16.411 12.187 -1.3785 69 43 20
16.52 12.446 -1.3702 73 44 12
16.419 12.064 -1.383 68 43 20
16.549 12.376 -1.3575 76 43 8
16.373 12.243 -1.4443 76 45 17
16.413 12.311 -1.4463 72 45 0
16.379 12.255 -1.4403 76 45 17
16.244 12.221 -1.406 78 48 24
16.238 12.278 -1.354 66 39 20
16.196 12.266 -1.4025 69 41 10
16.31 12.385 -1.4059 70 40 12
16.188 12.198 -1.3508 64 34 16
16.256 12.303 -1.3738 72 44 7
16.276 12.333 -1.3971 67 40 3
16.285 12.408 -1.3696 72 44 4
16.272 12.263 -1.4165 72 43 9
16.422 12.627 -1.2933 68 37 17
16.294 12.483 -1.3083 66 43 1
16.149 12.365 -1.3795 67 41 0
16.23 12.486 -1.3544 60 36 8
16.187 12.305 -1.4246 65 37 8
16.274 12.5 -1.3384 70 39 9
16.209 12.289 -1.3508 69 42 21
16.14 12.292 -1.4009 63 36 17
16.212 12.298 -1.3118 68 38 12
16.097 12.447 -1.3601 83 53 15
16.125 12.437 -1.3559 92 64 15
16.084 12.532 -1.3386 81 52 10
16.083 12.478 -1.3528 84 54 20
16.161 12.814 -1.194 73 44 2
16.15 12.802 -1.1695 73 44 10
16.122 12.769 -1.1253 84 47 29
16.177 12.874 -1.1687 68 40 13
16.155 12.809 -1.1366 73 40 9
15.802 12.449 -1.3537 68 41 20
15.715 12.436 -1.341 67 44 10
15.787 12.478 -1.3506 66 43 10
15.693 12.454 -1.3756 63 44 4
15.848 12.595 -1.299 65 39 24
15.619 12.412 -1.364 58 37 8
15.788 12.806 -1.1528 70 36 7
15.784 12.802 -1.1868 63 43 8
15.877 12.866 -1.0901 68 39 18
15.893 12.884 -1.0227 63 33 9
15.858 12.844 -1.0631 70 34 8
15.833 12.816 -1.1982 73 38 9
15.871 12.858 -1.1492 75 36 15
15.761 12.778 -1.0432 53 26 7
15.73 12.745 -1.1195 70 34 8
15.732 12.746 -1.1499 79 42 10
18.628 12.324 -1.4717 73 46 25
18.615 12.395 -1.4677 72 44 13
18.652 12.376 -1.4979 74 44 28
18.656 12.266 -1.5656 70 41 17
18.714 12.25 -1.5573 67 41 24
18.584 12.259 -1.484 73 45 14
18.564 12.393 -1.479 71 41 27
18.643 12.24 -1.4798 72 46 23
18.509 12.641 -1.3771 68 41 20
18.475 12.385 -1.4414 75 46 25
18.494 12.358 -1.5213 74 44 18
18.499 12.424 -1.4494 70 42 15
18.481 12.392 -1.4754 72 45 26
18.559 12.254 -1.501 73 47 24
18.504 12.373 -1.4423 71 41 23
18.46 12.329 -1.475 74 44 26
18.399 12.405 -1.4907 75 44 23
18.375 12.39 -1.5032 76 47 23
18.314 12.403 -1.4779 75 45 27
18.351 12.371 -1.5164 72 43 21
18.223 12.481 -1.4584 78 49 25
18.254 12.411 -1.4622 74 46 32
18.286 12.327 -1.4611 75 47 16
18.264 12.244 -1.4819 77 49 18
18.216 12.456 -1.4108 75 45 27
18.222 12.447 -1.4505 73 47 22
18.199 12.315 -1.4655 73 48 16
18.214 12.225 -1.5368 75 44 32
18.234 12.249 -1.483 75 45 17
18.194 12.511 -1.4501 79 47 24
18.2 12.41 -1.4758 72 46 29
18.174 12.446 -1.4953 75 44 23
18.11 12.511 -1.4439 83 53 27
18.081 12.384 -1.4547 74 44 26
18.08 12.553 -1.4273 82 51 31
18.103 12.536 -1.4004 77 47 21
18.136 12.393 -1.4381 81 51 27
18.155 12.236 -1.5526 82 52 26
18.082 12.454 -1.4501 81 50 29
18.083 12.43 -1.4623 84 53 32
17.995 12.698 -1.3685 80 49 19
18.027 12.467 -1.4598 76 46 12
18.019 12.289 -1.4556 76 50 25
18.001 12.425 -1.4899 74 43 25
17.998 12.199 -1.544 80 49 28
18.053 12.473 -1.4493 82 50 29
18.013 12.543 -1.3612 77 47 23
18.023 12.426 -1.4508 78 52 29
17.929 12.428 -1.4122 79 49 15
17.916 12.461 -1.4965 78 47 29
17.939 12.428 -1.4702 80 48 23
17.911 12.429 -1.4771 77 51 24
17.943 12.501 -1.4617 76 47 23
17.958 12.386 -1.4179 71 41 27
17.991 12.238 -1.4882 79 50 29
17.966 12.471 -1.4408 75 49 26
17.977 12.235 -1.5988 75 47 16
17.851 12.503 -1.4217 77 48 27
17.855 12.473 -1.469 77 48 24
17.825 12.716 -1.2861 76 46 28
17.818 12.37 -1.4967 80 48 33
17.877 12.402 -1.4693 82 54 23
17.901 12.388 -1.4405 79 48 27
17.764 12.045 -1.6117 79 48 20
17.767 12.512 -1.4416 74 48 21
17.744 12.366 -1.4222 77 48 24
17.783 12.342 -1.4931 77 48 26
17.799 12.601 -1.3828 73 47 7
17.746 12.553 -1.4556 77 46 28
17.761 12.485 -1.4231 79 48 27
17.742 12.555 -1.4238 73 46 29
17.812 12.465 -1.3902 80 51 29
17.725 12.45 -1.4187 78 46 25
17.691 12.388 -1.4573 79 49 25
17.677 12.274 -1.4822 76 46 18
17.651 12.323 -1.4662 77 46 26
17.653 12.296 -1.5163 78 49 27
17.72 12.585 -1.4497 76 45 27
17.711 12.322 -1.4511 73 44 22
17.727 12.406 -1.4733 75 45 21
17.595 12.376 -1.456 77 46 28
17.583 12.313 -1.4523 73 43 19
17.596 12.558 -1.4319 74 47 26
17.628 12.357 -1.4904 76 48 19
17.613 12.258 -1.5091 71 46 16
17.571 12.429 -1.437 74 45 21
17.619 12.547 -1.3982 78 49 28
17.583 12.487 -1.4371 75 47 20
17.615 12.466 -1.4727 73 46 11
17.646 12.487 -1.4521 72 45 26
17.55 12.463 -1.4571 76 45 27
17.486 12.431 -1.489 75 46 22
17.504 12.385 -1.4747 72 46 23
17.568 12.438 -1.3997 72 42 24
17.532 12.364 -1.4751 74 46 17
17.549 12.623 -1.4094 75 47 20
17.514 12.417 -1.4879 74 47 26
17.56 12.504 -1.4659 72 46 23
17.571 12.551 -1.4722 79 50 19
17.486 12.463 -1.4426 72 46 23
17.469 12.534 -1.4087 75 46 22
17.455 12.432 -1.4967 76 46 22
17.415 12.254 -1.5198 70 41 20
17.41 12.536 -1.425 72 42 26
17.439 12.535 -1.4174 69 43 16
17.443 12.534 -1.4483 70 43 26
17.35 12.517 -1.48 69 40 16
17.381 12.434 -1.4195 71 44 23
17.346 12.519 -1.4519 69 44 14
17.352 12.444 -1.4169 73 44 22
17.333 12.588 -1.4192 70 41 17
17.329 12.457 -1.4485 72 45 12
17.248 12.604 -1.4305 73 43 25
17.292 12.557 -1.4104 70 41 19
17.272 12.583 -1.4337 77 49 18
17.29 12.459 -1.39 73 43 19
17.31 12.617 -1.4072 69 42 23
17.225 12.447 -1.4174 74 45 21
17.288 12.434 -1.4359 70 45 22
17.262 12.469 -1.3964 72 43 22
17.274 12.606 -1.3918 72 43 21
17.333 12.607 -1.3791 72 42 24
17.172 12.383 -1.4196 75 45 17
17.21 12.59 -1.4169 74 45 11
17.178 12.487 -1.4388 77 48 24
17.163 12.437 -1.4652 77 48 24
17.253 12.638 -1.3816 73 44 22
17.245 12.593 -1.4367 73 43 25
17.199 12.467 -1.411 70 44 21
17.176 12.599 -1.3513 76 45 27
17.142 12.242 -1.562 74 43 23
17.139 12.462 -1.4609 73 44 20
17.226 12.633 -1.4241 73 44 20
17.161 12.442 -1.4298 73 45 18
17.126 12.335 -1.4496 77 44 27
17.15 12.486 -1.4772 71 42 18
17.207 12.667 -1.412 77 47 19
17.065 12.451 -1.4123 75 45 21
17.099 12.435 -1.4787 76 47 23
17.126 12.621 -1.3907 74 48 23
17.084 12.571 -1.4558 74 46 19
17.095 12.617 -1.3982 73 42 21
17.108 12.49 -1.387 75 47 20
17.123 12.598 -1.4324 77 48 24
17.085 12.505 -1.4224 74 45 24
17.117 12.413 -1.4155 74 45 24
17.168 12.648 -1.3954 73 44 20
17.028 12.45 -1.3902 74 43 22
17.047 12.742 -1.3224 79 53 13
17.016 12.574 -1.405 80 50 24
16.966 12.364 -1.4435 77 48 16
16.942 12.296 -1.4781 77 48 16
17.048 12.557 -1.4687 75 47 20
16.981 12.394 -1.4577 78 47 27
17.035 12.46 -1.4194 76 47 23
16.968 12.463 -1.4022 77 49 20
17.011 12.55 -1.4483 71 45 22
17.019 12.482 -1.4783 72 43 19
17.024 12.413 -1.4751 76 45 24
16.981 12.488 -1.4201 79 49 23
17.024 12.507 -1.4333 75 46 22
16.859 12.353 -1.4352 75 47 18
16.956 12.579 -1.4167 83 52 31
16.858 12.426 -1.4362 77 45 30
16.926 12.582 -1.4235 75 45 21
16.906 12.468 -1.4113 75 47 20
16.848 12.393 -1.4903 78 47 27
16.887 12.508 -1.364 78 47 26
16.958 12.594 -1.3774 78 49 15
16.912 12.396 -1.4423 76 48 21
16.921 12.647 -1.3969 76 47 25
16.951 12.491 -1.4266 79 50 18
16.931 12.663 -1.4169 75 45 27
16.912 12.689 -1.4105 73 43 17
16.854 12.506 -1.374 75 46 24
16.909 12.691 -1.3791 72 47 17
16.902 12.689 -1.3178 77 48 26
16.86 12.659 -1.3409 77 49 20
16.837 12.527 -1.4344 82 53 22
16.894 12.588 -1.3981 77 48 24
16.849 12.621 -1.425 71 45 18
16.832 12.587 -1.4087 75 46 22
16.786 12.498 -1.3931 72 47 17
16.844 12.678 -1.3996 75 47 16
16.75 12.49 -1.4018 74 44 20
16.773 12.535 -1.4138 74 45 23
16.74 12.595 -1.4278 76 47 23
16.829 12.714 -1.387 78 48 14
16.776 12.535 -1.4488 74 46 7
16.768 12.466 -1.3796 71 45 4
16.761 12.646 -1.3706 77 43 14
16.773 12.597 -1.4188 70 45 15
16.73 12.518 -1.3967 75 45 11
16.791 12.695 -1.4026 77 47 21
16.571 12.407 -1.4076 76 45 24
16.605 12.528 -1.4184 72 47 27
16.631 12.574 -1.4302 76 46 22
16.643 12.541 -1.4107 73 45 18
16.603 12.448 -1.5271 75 46 12
16.705 12.669 -1.3079 75 48 15
16.764 12.828 -1.3213 77 48 14
16.659 12.565 -1.4295 75 42 23
16.638 12.456 -1.4774 73 48 16
16.74 12.661 -1.3998 72 44 15
16.636 12.46 -1.4454 73 42 21
16.629 12.747 -1.357 73 43 19
16.572 12.474 -1.3792 77 47 13
16.558 12.512 -1.3687 69 41 12
16.716 12.798 -1.3152 73 42 21
16.568 12.587 -1.3751 73 42 22
16.637 12.653 -1.3642 73 45 16
16.576 12.657 -1.3754 72 41 20
16.591 12.624 -1.3838 77 44 25
16.709 12.839 -1.2968 68 43 23
16.673 12.768 -1.3677 75 46 24
16.469 12.476 -1.3708 72 44 13
16.586 12.73 -1.3447 67 40 19
16.425 12.455 -1.4221 72 43 21
16.432 12.569 -1.477 78 51 6
16.499 12.581 -1.392 75 47 18
16.532 12.581 -1.3836 72 39 20
16.531 12.687 -1.3728 68 39 18
16.515 12.671 -1.2846 66 37 15
16.475 12.485 -1.4047 74 41 22
16.514 12.652 -1.4179 74 46 17
16.496 12.681 -1.3799 67 40 21
16.624 12.893 -1.2927 68 41 4
16.398 12.632 -1.3965 63 41 17
16.51 12.76 -1.3519 70 44 17
16.424 12.619 -1.3932 68 40 9
16.396 12.581 -1.3497 68 39 17
16.462 12.731 -1.3726 74 44 18
16.411 12.543 -1.4251 68 41 22
16.374 12.653 -1.2927 69 39 23
16.357 12.622 -1.3785 67 39 12
16.336 12.688 -1.3504 64 34 10
16.267 12.426 -1.4339 63 37 20
16.25 12.513 -1.3722 64 35 13
16.264 12.533 -1.3973 62 36 11
16.31 12.55 -1.3761 68 40 11
16.323 12.621 -1.3847 72 39 22
16.285 12.557 -1.4486 73 43 15
16.253 12.569 -1.3887 66 39 4
16.277 12.606 -1.3331 65 39 12
16.172 12.503 -1.3574 63 41 2
16.249 12.611 -1.3686 67 38 17
16.281 12.655 -1.376 63 39 13
16.154 12.472 -1.4016 59 36 2
16.13 12.49 -1.4053 63 36 15
16.144 12.513 -1.3602 94 63 32
16.067 12.505 -1.3812 76 47 23
16.162 12.724 -1.3476 93 65 28
16.158 12.584 -1.3358 88 60 23
16.158 12.629 -1.3519 94 67 34
16.174 12.602 -1.3508 60 35 12
16.07 12.601 -1.3796 71 45 5
16.177 12.828 -1.3055 77 47 21
16.193 12.848 -1.3259 0 0 0
16.184 12.843 -1.2096 72 33 2
16.166 12.775 -1.2995 64 37 26
16.151 12.753 -1.3389 90 61 29
16.188 12.845 -1.2658 68 44 18
16.173 12.827 -1.246 76 43 10
15.866 12.57 -1.3675 65 43 22
15.893 12.561 -1.3335 63 43 18
16.122 12.803 -1.2672 76 46 20
15.914 12.71 -1.3732 71 42 18
15.968 12.814 -1.3277 0 0 0
15.808 12.542 -1.3851 70 45 15
15.923 12.681 -1.3498 72 45 24
15.919 12.637 -1.3047 67 43 15
15.875 12.669 -1.3036 63 36 15
15.891 12.645 -1.3063 64 37 20
15.898 12.65 -1.3996 69 44 12
15.882 12.673 -1.3597 75 46 24
15.727 12.537 -1.3386 65 41 15
15.831 12.698 -1.2991 71 50 23
15.708 12.558 -1.3358 67 44 28
15.889 12.803 -1.352 0 0 0
15.829 12.735 -1.3539 65 39 0
15.849 12.795 -1.3605 0 0 0
15.797 12.699 -1.3404 66 40 15
15.763 12.661 -1.3263 72 48 20
15.775 12.714 -1.3396 77 53 1
15.866 12.815 -1.32 68 45 4
15.771 12.787 -1.286 76 49 12
15.79 12.807 -1.2432 73 46 9
15.843 12.864 -1.275 79 53 13
15.762 12.739 -1.2706 68 45 37
15.809 12.79 -1.3409 0 0 0
15.812 12.795 -1.2776 74 48 25
15.787 12.769 -1.3246 76 47 23
15.776 12.793 -1.2207 64 30 3
15.69 12.739 -1.3164 73 32 10
15.658 12.705 -1.3692 76 39 7
