3181
-0.49584 0.11324 -0.84551 0.16255 14.995 0.067521 -0.10776
10.549 -0.14051 -0.1696 82 61 30
10.419 -0.099033 -0.14042 84 64 30
13.443 1.2127 -0.072582 76 56 32
13.321 1.3531 -0.060572 8 5 0
13.401 1.337 -0.089391 54 39 10
13.225 1.398 -0.074882 61 49 25
13.355 1.3513 -0.064913 49 37 13
13.329 1.3419 -0.098645 11 12 4
13.355 1.3488 -0.085095 46 39 10
13.217 1.4066 -0.0545 16 0 0
13.333 1.3415 -0.079683 17 14 0
13.518 1.3161 -0.064388 61 41 17
13.462 1.3343 -0.095781 51 34 16
13.494 1.3334 -0.082037 61 40 23
13.401 1.3388 -0.068792 59 44 5
13.481 1.3233 -0.060873 63 43 18
13.503 1.3236 -0.098274 50 31 15
13.469 1.3309 -0.078292 58 39 23
13.429 1.3383 -0.091949 56 37 21
13.386 1.3536 -0.053115 56 40 5
13.547 1.3593 -0.076095 54 42 18
13.535 1.3257 -0.051926 58 38 13
13.525 1.3328 -0.06889 63 42 25
13.529 1.3274 -0.085295 53 36 16
13.548 1.3353 -0.075106 64 43 16
13.648 1.3124 -0.083577 72 53 36
13.616 1.3223 -0.0643 34 27 11
13.668 1.3182 -0.070971 68 51 25
13.653 1.3099 -0.06779 64 49 18
13.671 1.3172 -0.05601 70 53 27
13.674 1.3102 -0.086041 72 52 28
13.623 1.3116 -0.096128 34 22 0
13.629 1.3086 -0.079832 35 23 0
13.582 1.33 -0.060236 58 43 22
13.725 1.3048 -0.09473 70 51 21
13.718 1.3147 -0.063879 60 41 24
13.695 1.3157 -0.05869 58 40 18
13.701 1.308 -0.075366 70 50 25
13.752 1.3015 -0.0812 71 52 18
13.758 1.2967 -0.066521 53 38 9
13.726 1.3057 -0.078609 71 51 26
13.688 1.3191 -0.090807 70 53 27
13.747 1.3048 -0.09696 71 50 31
13.771 1.3063 -0.055378 56 39 19
13.766 1.31 -0.070622 67 47 23
13.822 1.2945 -0.077134 69 49 22
13.804 1.2923 -0.073617 71 47 21
13.805 1.2928 -0.059101 52 35 9
13.774 1.3002 -0.084053 67 47 20
13.795 1.3006 -0.089441 69 51 29
13.824 1.294 -0.063046 59 40 23
13.824 1.2915 -0.09002 66 49 23
13.868 1.3069 -0.085519 66 50 24
13.837 1.3004 -0.066044 66 50 27
13.836 1.2986 -0.094326 70 52 28
13.835 1.302 -0.079376 69 51 29
13.914 1.2791 -0.062179 65 49 24
13.915 1.2767 -0.076062 65 49 24
13.952 1.2748 -0.081487 30 24 0
13.954 1.2717 -0.094517 34 21 2
13.94 1.2674 -0.091564 28 22 0
13.913 1.2781 -0.089643 60 44 21
13.934 1.2761 -0.065405 26 26 0
13.953 1.2745 -0.068178 32 24 3
13.937 1.2721 -0.078675 30 19 0
14.012 1.2629 -0.089504 24 19 0
13.99 1.2696 -0.087258 26 19 0
13.977 1.265 -0.084149 33 19 8
14.008 1.2681 -0.076836 29 22 16
13.969 1.2757 -0.071144 28 19 4
13.977 1.2679 -0.058111 28 22 0
13.991 1.2708 -0.061461 33 15 5
13.999 1.2596 -0.074122 25 20 0
14.013 1.2632 -0.063995 23 13 1
14.026 1.2675 -0.067198 60 43 26
14.049 1.2575 -0.069465 68 48 23
14.06 1.2625 -0.084844 24 10 0
14.043 1.2641 -0.081945 58 40 16
14.033 1.2568 -0.079715 61 44 24
14.028 1.2626 -0.092445 19 9 0
14.058 1.2651 -0.072356 68 54 27
14.068 1.2539 -0.060509 64 52 28
14.093 1.2573 -0.089837 30 16 3
14.075 1.2632 -0.062918 36 18 6
14.108 1.2581 -0.06771 65 49 23
14.112 1.2522 -0.091915 32 16 0
14.101 1.2496 -0.065684 68 53 24
14.094 1.2578 -0.077837 58 46 24
14.114 1.2498 -0.079242 53 37 14
14.083 1.2529 -0.074696 31 20 0
14.08 1.256 -0.087098 29 18 0
14.159 1.2472 -0.063525 68 51 25
14.159 1.2454 -0.075404 44 26 12
14.143 1.249 -0.084707 26 15 0
14.128 1.2505 -0.070443 41 30 8
14.125 1.2543 -0.082467 25 20 0
14.172 1.2458 -0.089109 25 20 0
14.155 1.2505 -0.087089 24 24 0
14.142 1.2514 -0.061365 63 47 24
14.141 1.2522 -0.073345 60 43 25
14.17 1.2498 -0.077848 34 18 5
10.684 0.071702 -0.21066 58 41 11
11.652 1.1614 -0.16668 73 53 29
13.224 1.4071 -0.19814 0 0 0
13.408 1.3407 -0.20463 58 41 13
13.354 1.3466 -0.10233 39 28 8
13.354 1.3392 -0.15893 11 12 4
13.369 1.3468 -0.20059 43 28 5
13.327 1.3403 -0.11685 21 7 0
13.411 1.3214 -0.1422 53 39 26
13.423 1.333 -0.16332 56 39 21
13.261 1.3824 -0.17672 5 0 0
13.389 1.341 -0.12633 51 32 0
13.401 1.3344 -0.10506 53 37 14
13.344 1.3438 -0.17739 7 8 13
13.289 1.3638 -0.15673 14 13 11
13.304 1.3555 -0.13636 16 4 0
13.346 1.3397 -0.197 8 10 0
13.347 1.3494 -0.12146 42 27 8
13.412 1.3396 -0.18088 53 36 19
13.386 1.3382 -0.16098 53 41 15
13.349 1.3648 -0.18232 55 40 17
13.473 1.338 -0.18794 51 33 21
13.496 1.328 -0.11808 60 38 1
13.508 1.3342 -0.17296 47 27 18
13.492 1.3261 -0.15246 61 43 23
13.453 1.333 -0.16716 61 42 12
13.429 1.3331 -0.12877 51 35 0
13.449 1.3427 -0.11404 55 37 13
13.429 1.3358 -0.10892 49 33 7
13.453 1.3306 -0.18221 55 39 24
13.517 1.3284 -0.15461 59 37 22
13.489 1.3266 -0.16957 54 34 10
13.457 1.3341 -0.12871 49 33 10
13.422 1.3368 -0.14563 60 40 13
13.421 1.3609 -0.15185 61 41 14
13.468 1.3396 -0.20534 47 33 4
13.605 1.3187 -0.17944 61 40 23
13.612 1.3143 -0.16236 40 34 12
13.591 1.2903 -0.13856 59 39 15
13.514 1.3353 -0.12063 46 27 11
13.519 1.3332 -0.10319 57 41 6
13.62 1.3089 -0.14534 42 28 15
13.556 1.3179 -0.15649 59 42 12
13.535 1.3325 -0.19313 48 30 10
13.512 1.3349 -0.13689 58 41 13
13.598 1.286 -0.12193 51 30 9
13.626 1.3237 -0.16545 32 14 12
13.68 1.3184 -0.1697 69 51 27
13.667 1.3139 -0.11783 68 52 17
13.629 1.323 -0.14892 37 26 4
13.643 1.3153 -0.099591 70 52 30
13.664 1.3148 -0.13507 66 50 15
13.628 1.3198 -0.18216 35 24 2
13.624 1.3093 -0.11246 30 19 0
13.623 1.308 -0.12954 43 27 12
13.684 1.3163 -0.15317 65 49 24
13.661 1.321 -0.10286 66 50 27
13.659 1.3155 -0.1677 67 51 28
13.657 1.3155 -0.18381 68 52 27
13.663 1.3141 -0.15101 67 51 16
13.641 1.3141 -0.13172 52 45 16
13.68 1.3161 -0.1865 65 48 18
13.695 1.3075 -0.13727 63 45 21
13.638 1.3182 -0.11537 37 35 13
13.766 1.301 -0.16065 66 52 16
13.746 1.3013 -0.14307 66 45 28
13.758 1.3078 -0.17675 69 49 24
13.716 1.3067 -0.15548 68 52 26
13.709 1.3159 -0.14062 68 52 27
13.763 1.3065 -0.12987 67 48 31
13.762 1.306 -0.14602 64 48 25
13.742 1.3065 -0.12719 64 50 21
13.699 1.3071 -0.10562 68 48 24
13.686 1.3172 -0.1224 65 48 20
13.716 1.3073 -0.15495 68 52 26
13.712 1.3095 -0.17118 69 53 18
13.714 1.3058 -0.18727 64 47 21
13.717 1.3098 -0.125 64 49 16
13.735 1.3102 -0.15914 65 49 23
13.75 1.3 -0.11188 68 48 21
13.716 1.3124 -0.10904 68 52 29
13.724 1.3193 -0.17523 67 52 19
13.825 1.3036 -0.16765 70 52 30
13.838 1.2943 -0.12318 67 50 22
13.813 1.2985 -0.13531 67 52 19
13.791 1.2986 -0.14704 69 48 31
13.767 1.3047 -0.11487 68 48 13
13.773 1.2999 -0.09898 66 49 23
13.81 1.3028 -0.12045 65 49 14
13.834 1.297 -0.13793 66 51 32
13.787 1.307 -0.1031 66 46 22
13.838 1.2918 -0.15318 67 49 25
13.792 1.2989 -0.13219 65 48 20
13.807 1.3001 -0.18034 67 46 19
13.82 1.2934 -0.10563 64 47 21
13.835 1.2918 -0.18166 59 43 20
13.814 1.2945 -0.16396 68 50 28
13.794 1.2978 -0.11774 66 48 10
13.784 1.3031 -0.17842 69 49 22
13.786 1.3022 -0.16277 66 49 19
13.811 1.2985 -0.15003 65 47 23
13.86 1.2892 -0.15473 64 48 22
13.859 1.2908 -0.13971 69 47 32
13.895 1.2906 -0.17385 64 48 23
13.915 1.2727 -0.1161 69 49 24
13.903 1.2834 -0.15882 67 50 30
13.829 1.305 -0.10876 64 48 12
13.91 1.2778 -0.13037 64 47 21
13.907 1.2801 -0.1444 67 50 24
13.867 1.2837 -0.12535 64 46 22
13.895 1.2551 -0.11067 62 48 9
13.916 1.2735 -0.1038 69 49 25
13.925 1.2775 -0.17443 31 20 18
13.853 1.2951 -0.16916 69 50 8
13.954 1.2687 -0.12099 28 26 4
13.973 1.268 -0.11058 30 22 1
13.927 1.2771 -0.14699 28 19 12
13.947 1.2762 -0.13504 25 19 0
13.966 1.273 -0.15074 27 19 6
13.967 1.2703 -0.16428 28 16 4
13.952 1.2729 -0.10836 33 23 0
13.933 1.2744 -0.10532 34 24 0
13.931 1.2724 -0.15972 27 20 14
13.976 1.2658 -0.097176 26 17 0
13.982 1.2726 -0.16693 22 18 0
13.934 1.2705 -0.13248 23 14 0
13.946 1.276 -0.14866 29 16 0
13.924 1.2834 -0.1194 35 18 10
13.941 1.2806 -0.16308 26 21 0
13.969 1.2715 -0.12394 29 19 7
13.972 1.2673 -0.13693 33 15 5
14.006 1.2671 -0.12849 27 20 4
14.018 1.271 -0.14387 16 10 0
14.009 1.2638 -0.11526 26 16 4
14.025 1.2653 -0.10512 17 10 0
13.992 1.2644 -0.12564 26 18 5
14.022 1.2657 -0.15653 16 10 0
13.989 1.2699 -0.10053 27 21 0
14.005 1.2654 -0.16794 27 15 1
13.987 1.271 -0.11252 29 21 0
14.01 1.2609 -0.14098 22 10 0
13.984 1.2724 -0.13956 32 18 7
14.024 1.2658 -0.11788 16 6 0
14.039 1.2636 -0.15842 18 5 0
14.012 1.2615 -0.10219 27 19 0
14.017 1.2708 -0.17006 29 9 10
14.004 1.2678 -0.15491 27 19 8
13.984 1.2714 -0.15261 28 18 6
14.029 1.2586 -0.13018 13 11 0
14.078 1.257 -0.11158 23 14 7
14.073 1.2598 -0.16232 20 10 1
14.078 1.2573 -0.099531 26 18 0
14.06 1.2599 -0.12212 28 8 9
14.078 1.254 -0.14902 22 10 0
14.045 1.261 -0.094652 18 10 0
14.045 1.257 -0.14504 26 11 16
14.04 1.2639 -0.13279 23 7 7
14.059 1.2609 -0.10971 25 9 9
14.077 1.2564 -0.12419 28 13 8
14.063 1.2543 -0.13417 12 0 2
14.046 1.2587 -0.10679 18 8 0
14.043 1.2613 -0.11993 21 6 9
14.056 1.2619 -0.16013 23 9 0
14.055 1.2671 -0.097339 20 12 0
14.075 1.2593 -0.13693 20 8 0
14.089 1.2588 -0.1638 21 6 1
14.089 1.2591 -0.15132 25 8 0
14.054 1.2648 -0.14796 19 9 0
14.112 1.2496 -0.11577 29 16 10
14.093 1.2569 -0.10217 23 15 0
14.12 1.257 -0.15515 10 7 0
14.11 1.2512 -0.15265 14 4 0
14.108 1.2547 -0.12836 23 18 0
14.122 1.2569 -0.10658 24 18 2
14.088 1.2632 -0.11458 17 13 4
14.125 1.2499 -0.14223 12 6 6
14.11 1.2542 -0.10392 33 18 11
14.091 1.2576 -0.12609 19 7 9
14.095 1.2513 -0.13845 19 1 1
14.123 1.2554 -0.094318 29 16 0
14.122 1.2562 -0.1185 18 4 3
14.124 1.2525 -0.13027 13 3 0
14.101 1.2632 -0.14118 16 7 0
14.138 1.251 -0.15619 12 1 0
14.151 1.2545 -0.11058 33 14 10
14.14 1.2506 -0.11986 26 13 4
14.171 1.2469 -0.10068 25 18 0
14.137 1.2534 -0.13227 16 4 6
14.14 1.2507 -0.1081 21 14 6
14.167 1.2507 -0.13574 22 9 1
14.151 1.2543 -0.12259 21 11 12
14.171 1.2452 -0.1237 10 4 14
14.169 1.2482 -0.11215 18 9 2
14.145 1.2602 -0.15872 12 12 0
14.164 1.2541 -0.14792 4 4 0
14.184 1.2439 -0.14889 20 0 0
14.155 1.2503 -0.098885 26 18 7
14.132 1.2596 -0.14482 17 7 5
14.153 1.2508 -0.1338 21 6 1
14.17 1.244 -0.15903 23 12 10
14.144 1.2462 -0.096505 29 18 0
14.156 1.2454 -0.14563 23 9 0
14.18 1.2508 -0.13748 14 12 0
13.023 -0.047176 -0.27139 33 20 1
10.616 0.073107 -0.45976 59 42 14
10.626 0.085345 -0.55215 57 42 13
13.278 1.3781 -0.30224 10 5 0
13.326 1.3523 -0.21693 6 3 0
13.442 1.2869 -0.21304 24 21 12
13.362 1.3467 -0.23807 42 25 15
13.385 1.3538 -0.24086 59 39 15
13.384 1.3464 -0.29927 56 40 7
13.366 1.3412 -0.25697 17 16 12
13.337 1.3587 -0.30031 8 11 2
13.415 1.3518 -0.25971 58 41 23
13.403 1.3563 -0.30247 61 42 12
13.404 1.3579 -0.28178 57 40 10
13.321 1.3539 -0.23724 10 10 8
13.34 1.3585 -0.27969 24 23 19
13.377 1.3494 -0.31627 22 14 1
13.384 1.3494 -0.27912 57 39 25
13.394 1.3488 -0.22169 57 40 14
13.393 1.3447 -0.2596 53 39 26
13.286 1.3776 -0.26126 9 10 12
13.492 1.341 -0.2276 58 41 15
13.5 1.3319 -0.2447 59 41 19
13.451 1.3492 -0.24412 58 41 23
13.401 1.368 -0.22519 57 37 13
13.515 1.3408 -0.2657 62 40 25
13.461 1.3433 -0.22667 59 41 21
13.473 1.3504 -0.28418 58 39 22
13.521 1.3336 -0.28291 61 41 14
13.467 1.3526 -0.30447 58 38 11
13.41 1.3805 -0.26776 61 41 16
13.494 1.335 -0.26327 57 41 16
13.436 1.3372 -0.2402 64 42 18
13.455 1.3405 -0.28013 59 39 14
13.528 1.3256 -0.3007 62 45 25
13.457 1.3371 -0.29997 61 42 10
13.497 1.3385 -0.20838 45 28 0
13.513 1.3442 -0.24765 59 43 18
13.64 1.2594 -0.22161 63 46 16
13.521 1.3418 -0.2111 58 40 20
13.507 1.3516 -0.23023 59 42 12
13.594 1.2978 -0.24278 62 44 20
13.648 1.2961 -0.22994 33 22 0
12.868 1.9235 -0.37196 29 22 0
13.566 1.3201 -0.26358 64 45 13
13.567 1.3171 -0.28168 64 44 7
13.676 1.3164 -0.2187 66 50 24
13.692 1.3201 -0.2549 66 49 19
13.677 1.317 -0.20218 65 47 25
13.626 1.3178 -0.21565 37 26 0
13.641 1.3236 -0.25128 63 48 25
13.701 1.3132 -0.23659 68 47 30
13.688 1.3226 -0.27198 67 46 25
13.702 1.3138 -0.21975 68 53 22
13.702 1.3073 -0.2858 52 41 21
13.619 1.326 -0.19894 39 26 0
13.658 1.3128 -0.20039 67 51 25
13.682 1.3094 -0.23467 66 50 24
13.678 1.3092 -0.26773 67 48 16
13.654 1.3147 -0.21729 67 51 28
13.653 1.3313 -0.28906 48 41 13
13.638 1.3281 -0.23565 62 50 28
13.65 1.3112 -0.28431 51 45 21
13.682 1.3077 -0.25059 67 49 25
13.649 1.314 -0.26743 65 49 23
13.729 1.308 -0.23776 66 48 8
13.775 1.3085 -0.21001 66 49 23
13.786 1.3128 -0.27457 55 42 8
13.785 1.2963 -0.23981 65 48 20
13.709 1.3093 -0.20313 67 49 27
13.755 1.3056 -0.2237 65 47 23
13.729 1.3125 -0.19034 64 46 26
13.728 1.3077 -0.25525 66 48 24
13.78 1.2989 -0.25567 66 48 8
13.731 1.308 -0.22181 68 51 21
13.75 1.3093 -0.23988 62 46 21
13.749 1.307 -0.27218 59 45 16
13.74 1.3175 -0.25714 66 49 23
13.762 1.3019 -0.19167 69 49 25
13.758 1.3041 -0.20819 65 48 18
13.728 1.3055 -0.27 66 48 24
13.771 1.3069 -0.27269 53 38 15
13.78 1.3019 -0.22497 65 48 5
13.727 1.3131 -0.20662 66 48 28
13.73 1.3083 -0.22184 68 51 21
13.801 1.3027 -0.22667 61 45 20
13.789 1.3134 -0.24419 67 51 18
13.84 1.3028 -0.24497 66 49 21
13.827 1.2938 -0.25796 65 48 22
13.848 1.298 -0.19948 68 51 25
13.831 1.2935 -0.2116 68 50 26
13.778 1.3076 -0.19416 68 48 23
13.838 1.3035 -0.26056 66 49 21
13.888 1.2704 -0.25665 64 47 21
13.843 1.3018 -0.21439 66 48 24
13.784 1.317 -0.25972 67 50 24
13.828 1.2958 -0.22723 67 47 23
13.813 1.2931 -0.1943 66 49 23
13.843 1.3008 -0.22957 67 48 16
13.829 1.2932 -0.24246 67 50 20
13.825 1.301 -0.19746 68 51 23
13.911 1.247 -0.23899 66 49 21
13.806 1.2986 -0.21031 68 53 24
13.925 1.2762 -0.18848 27 15 3
13.918 1.2829 -0.20342 25 10 0
13.921 1.2775 -0.23148 30 18 0
13.849 1.2976 -0.18457 63 49 10
13.93 1.2864 -0.24849 24 16 3
13.92 1.2801 -0.21737 32 17 0
13.956 1.2805 -0.20671 21 6 13
13.981 1.2721 -0.19355 26 16 4
13.986 1.2673 -0.17943 26 16 4
13.981 1.269 -0.23472 27 18 0
13.947 1.2722 -0.17623 25 18 0
13.973 1.2781 -0.24999 22 16 0
13.958 1.2772 -0.22016 26 16 4
13.966 1.2653 -0.24668 21 11 1
13.985 1.2665 -0.20669 28 21 5
13.958 1.2787 -0.19212 33 15 5
13.996 1.2707 -0.24999 32 16 17
13.936 1.2807 -0.23382 26 16 4
13.964 1.2736 -0.17773 26 16 4
13.957 1.2775 -0.23427 28 17 0
13.941 1.276 -0.21815 26 16 4
13.996 1.2711 -0.23593 35 10 6
13.943 1.2766 -0.19023 30 14 15
13.943 1.275 -0.20427 28 18 6
13.982 1.2694 -0.22108 22 14 1
13.997 1.2725 -0.20915 27 20 12
14.018 1.2673 -0.19653 38 19 3
14.033 1.2673 -0.22478 25 11 0
14.02 1.2639 -0.20954 37 15 4
14.035 1.2674 -0.18502 25 17 6
14.04 1.262 -0.17101 21 11 10
14.015 1.268 -0.23648 34 10 6
14.032 1.2673 -0.23818 31 16 9
13.996 1.2729 -0.22255 29 12 5
14.053 1.2619 -0.22491 50 34 11
14 1.2708 -0.18172 29 19 7
14.033 1.2681 -0.21169 45 35 25
14.052 1.2617 -0.23861 40 24 11
14.019 1.2639 -0.22271 30 17 0
14.035 1.2656 -0.19818 27 17 5
13.997 1.2727 -0.19526 29 19 7
14.02 1.2653 -0.18309 44 20 8
14.086 1.2581 -0.22715 60 45 12
14.067 1.2647 -0.20094 25 14 18
14.066 1.2649 -0.2138 64 50 23
14.052 1.2657 -0.17378 24 17 9
14.066 1.2643 -0.22705 51 38 20
14.068 1.2615 -0.23975 63 51 35
14.057 1.258 -0.21187 49 38 8
14.088 1.2569 -0.21421 52 40 0
14.073 1.259 -0.17472 21 12 0
14.083 1.2614 -0.24063 59 41 29
14.068 1.2651 -0.18788 27 22 0
14.086 1.262 -0.1768 27 13 12
14.052 1.2646 -0.19933 28 18 6
14.083 1.2639 -0.20221 32 22 0
14.056 1.2604 -0.18592 17 10 2
14.097 1.2639 -0.21679 55 38 21
14.088 1.2584 -0.18943 27 18 9
14.096 1.2644 -0.22944 56 41 18
14.128 1.2615 -0.23149 20 7 0
14.148 1.2541 -0.20669 52 41 21
14.12 1.2536 -0.21643 55 43 1
14.13 1.259 -0.21871 48 32 6
14.12 1.2539 -0.19166 20 14 0
14.104 1.2574 -0.16557 13 13 5
14.1 1.2614 -0.20365 47 34 16
14.132 1.2567 -0.19333 27 19 0
14.118 1.2565 -0.20442 55 39 24
14.133 1.2554 -0.20559 42 26 1
14.116 1.2573 -0.22925 56 36 29
14.15 1.2509 -0.21845 49 38 19
14.121 1.2536 -0.16688 24 15 8
14.136 1.2535 -0.16861 27 11 12
14.118 1.2571 -0.17992 24 11 18
14.102 1.2597 -0.19062 31 18 12
14.139 1.2487 -0.18033 22 19 2
14.107 1.2536 -0.17734 23 10 2
14.148 1.2526 -0.23119 49 44 23
14.168 1.2469 -0.18323 28 22 0
14.18 1.2486 -0.17297 29 11 11
14.177 1.2521 -0.20919 49 35 22
14.178 1.2525 -0.16154 20 11 0
14.151 1.25 -0.19382 28 15 7
14.179 1.2482 -0.2208 38 24 24
14.162 1.2535 -0.19606 24 17 0
14.165 1.2517 -0.17179 24 12 0
14.176 1.2541 -0.18556 27 21 9
14.192 1.2489 -0.21012 57 45 33
14.16 1.256 -0.22054 58 42 25
14.189 1.2528 -0.22283 54 42 30
14.148 1.2552 -0.18269 28 15 7
14.163 1.2523 -0.208 31 21 9
14.18 1.247 -0.19663 52 42 7
14.149 1.2545 -0.17 23 12 8
14.189 1.2534 -0.19873 42 31 9
14.194 1.2466 -0.18651 28 15 0
12.619 -0.022873 -0.41268 49 24 4
10.779 0.08647 -0.78123 53 38 7
11.007 0.82348 -0.77754 36 24 12
13.646 1.3132 -0.30184 21 18 3
13.647 1.3107 -0.3187 24 20 8
12.84 1.9445 -0.40217 28 20 9
13.671 1.3104 -0.31925 51 40 20
13.717 1.3135 -0.30604 49 45 20
13.72 1.3122 -0.28781 47 42 20
13.717 1.3115 -0.31856 51 38 19
13.695 1.3121 -0.3041 48 42 10
13.694 1.3112 -0.31986 42 32 5
13.666 1.317 -0.30403 44 37 17
13.764 1.3107 -0.30604 38 41 12
13.742 1.3093 -0.31976 20 9 0
13.814 1.2787 -0.33176 0 7 0
13.802 1.2946 -0.30413 47 41 17
14.371 0.78379 -0.24174 5 6 0
13.764 1.3121 -0.28945 39 34 15
13.751 1.3039 -0.28733 42 40 18
13.749 1.3039 -0.30452 44 39 20
13.788 1.3098 -0.29051 37 37 9
14.373 0.78109 -0.23051 8 6 9
13.817 1.3025 -0.27564 49 40 21
13.847 1.2916 -0.29016 46 39 19
13.813 1.3053 -0.29056 48 44 7
13.847 1.2901 -0.30608 46 33 14
14.354 0.81498 -0.24597 12 8 0
13.873 1.2857 -0.2738 46 41 12
13.842 1.2973 -0.2752 48 43 21
13.828 1.2887 -0.3037 48 43 11
13.924 1.2879 -0.32278 2 5 0
13.931 1.2832 -0.2772 20 16 4
13.907 1.2882 -0.29154 36 34 0
13.893 1.301 -0.33973 0 4 0
13.921 1.2907 -0.33812 3 5 0
13.928 1.2884 -0.26342 24 16 3
13.903 1.2918 -0.30711 35 29 7
13.917 1.279 -0.27523 24 5 9
13.937 1.2759 -0.29012 3 4 0
13.94 1.2713 -0.30436 0 7 0
13.954 1.275 -0.32025 5 7 2
13.954 1.274 -0.33467 14 9 3
13.892 1.3028 -0.3249 1 7 0
13.957 1.2746 -0.26223 19 12 0
13.98 1.2671 -0.29053 9 2 10
13.965 1.2815 -0.33688 1 9 0
14 1.2647 -0.26276 26 11 6
13.985 1.2804 -0.30808 14 5 0
13.989 1.2747 -0.32093 17 5 7
13.976 1.2708 -0.30568 4 5 10
13.964 1.2831 -0.32251 13 4 0
13.944 1.2868 -0.30791 12 3 0
13.977 1.2715 -0.27733 22 10 0
14.015 1.2645 -0.30549 30 5 11
13.995 1.2694 -0.27745 18 9 4
13.985 1.2804 -0.29387 11 8 0
14.016 1.2635 -0.29118 33 2 10
13.952 1.2799 -0.27745 22 9 0
13.944 1.2877 -0.29349 12 6 10
13.971 1.2789 -0.26428 21 12 3
13.992 1.2693 -0.33444 8 5 0
14 1.2818 -0.32339 32 5 0
14.066 1.2618 -0.27962 27 6 3
14.046 1.2687 -0.25292 57 34 3
14.044 1.2712 -0.26714 59 30 0
14.011 1.2718 -0.25115 25 9 9
14.034 1.2624 -0.27797 15 12 7
14.028 1.2675 -0.32045 36 19 11
14.049 1.264 -0.27944 60 30 12
14.058 1.2712 -0.29502 47 19 15
14.049 1.2631 -0.29252 56 25 0
14.008 1.2746 -0.27957 33 3 1
14.05 1.2609 -0.30596 58 33 10
14.037 1.2596 -0.26415 32 7 3
14.063 1.264 -0.32068 51 35 9
14.061 1.2669 -0.30795 36 3 0
14.038 1.259 -0.25059 22 11 17
14.045 1.2667 -0.32101 32 24 1
14.009 1.2739 -0.26562 30 15 8
14.028 1.2693 -0.29336 17 6 2
14.022 1.2761 -0.3085 11 2 0
14.049 1.2624 -0.29242 56 25 0
14.116 1.256 -0.28105 42 12 0
14.105 1.2517 -0.25354 53 26 19
14.075 1.2704 -0.26877 51 18 1
14.094 1.2635 -0.30821 55 25 1
14.101 1.2578 -0.24154 53 37 22
14.085 1.256 -0.30609 61 30 10
14.097 1.2606 -0.29426 49 30 13
14.077 1.267 -0.28129 35 7 0
14.118 1.2528 -0.29316 46 17 9
14.115 1.2556 -0.30698 40 15 8
14.079 1.2662 -0.25491 43 24 0
14.104 1.2524 -0.26642 53 28 21
14.087 1.254 -0.29229 55 25 1
14.071 1.2564 -0.25244 41 17 5
14.071 1.2566 -0.26548 36 12 0
14.101 1.2558 -0.27992 54 31 23
14.129 1.258 -0.25629 65 35 9
14.139 1.2648 -0.25826 58 30 0
14.149 1.2495 -0.29394 17 8 1
14.146 1.2544 -0.24408 46 29 12
14.157 1.2572 -0.28277 57 27 3
14.116 1.2575 -0.24271 49 33 20
14.161 1.2529 -0.26976 60 32 5
14.134 1.2509 -0.26799 49 27 12
14.129 1.259 -0.24383 35 17 3
14.147 1.2509 -0.30694 48 26 15
14.126 1.2602 -0.30841 41 11 0
14.153 1.2627 -0.29636 54 29 0
14.138 1.2645 -0.28407 31 7 3
14.141 1.2611 -0.27062 54 22 7
14.131 1.2543 -0.28108 63 30 13
14.122 1.2662 -0.29641 60 29 8
14.11 1.2643 -0.25622 58 26 1
14.112 1.2612 -0.26896 64 31 16
14.19 1.2507 -0.2465 55 23 11
14.2 1.2544 -0.25999 51 31 7
14.171 1.2589 -0.25904 57 28 30
14.189 1.2527 -0.23465 51 33 19
14.183 1.2596 -0.29608 33 20 11
14.168 1.2625 -0.27206 53 29 19
14.199 1.256 -0.28482 52 22 0
14.159 1.2569 -0.23322 48 31 11
14.168 1.2612 -0.29604 41 11 0
14.161 1.2535 -0.24503 41 16 0
14.199 1.2566 -0.27254 44 22 1
14.188 1.2524 -0.27104 37 7 0
14.181 1.2625 -0.28589 39 18 1
14.191 1.249 -0.25832 52 21 1
14.202 1.2504 -0.29648 56 24 11
14.177 1.2505 -0.24598 32 21 1
14.178 1.2494 -0.23304 64 46 36
14.162 1.2512 -0.25697 61 31 5
14.164 1.2667 -0.28505 54 25 0
14.202 1.2521 -0.24752 57 27 13
13.943 1.2814 -0.39663 17 7 5
13.938 1.2861 -0.41348 16 14 0
13.945 1.2814 -0.36693 15 0 4
13.944 1.2834 -0.35179 17 11 0
13.919 1.2862 -0.42994 6 5 3
13.854 1.3431 -0.36466 0 6 0
13.929 1.2786 -0.38118 10 5 1
13.964 1.279 -0.38098 10 0 0
13.928 1.2808 -0.3657 6 1 7
13.959 1.284 -0.39742 20 7 0
13.94 1.2864 -0.38306 12 6 0
13.923 1.2838 -0.39773 9 9 1
13.935 1.2734 -0.34935 4 9 3
13.942 1.2811 -0.42746 15 15 17
13.956 1.286 -0.4288 12 3 6
13.957 1.2851 -0.41282 12 4 2
13.883 1.3093 -0.37321 9 9 1
13.922 1.2834 -0.41329 5 7 0
14.007 1.2706 -0.3493 25 7 5
13.998 1.279 -0.3951 37 11 14
13.983 1.2756 -0.40962 11 5 9
13.986 1.275 -0.36508 9 9 0
14.024 1.2698 -0.36353 17 6 4
14.016 1.2785 -0.38042 19 4 0
13.983 1.2797 -0.3512 8 8 0
13.972 1.2717 -0.34916 18 8 6
13.964 1.2798 -0.36596 11 8 0
13.996 1.2807 -0.41048 11 5 9
14.004 1.2738 -0.36452 32 7 2
14.003 1.2738 -0.37923 34 7 0
13.984 1.2761 -0.39481 20 5 0
14.004 1.2758 -0.33633 26 8 0
13.98 1.2811 -0.38088 20 10 0
14.022 1.2707 -0.39271 33 5 19
14.016 1.277 -0.40903 22 7 2
14.057 1.268 -0.39149 14 20 8
14.064 1.2617 -0.33406 54 37 30
14.056 1.2717 -0.35019 54 42 26
14.058 1.2678 -0.3632 19 10 0
14.041 1.2705 -0.3356 59 44 25
14.054 1.2721 -0.37878 14 8 0
14.055 1.2698 -0.40636 20 10 8
14.075 1.2655 -0.37667 24 19 0
14.04 1.27 -0.36357 21 3 0
14.041 1.2679 -0.37756 8 3 7
14.034 1.2765 -0.39402 11 4 12
14.07 1.2718 -0.3923 20 8 8
14.047 1.2628 -0.34771 50 34 19
14.029 1.2654 -0.3342 11 2 7
14.075 1.2659 -0.36241 22 14 0
14.035 1.2742 -0.4078 21 2 6
14.022 1.2731 -0.3501 11 1 2
14.08 1.26 -0.34774 46 34 20
14.124 1.2614 -0.36195 18 3 0
14.103 1.2679 -0.39073 9 3 7
14.108 1.2623 -0.37542 17 4 22
14.085 1.2722 -0.37826 10 4 8
14.098 1.2571 -0.3335 47 31 16
14.111 1.2592 -0.34766 61 43 23
14.091 1.2654 -0.34894 61 48 14
14.08 1.2613 -0.32071 34 11 3
14.091 1.265 -0.36234 20 0 0
14.092 1.2629 -0.38951 17 4 13
14.123 1.2623 -0.34849 34 20 0
14.109 1.2609 -0.36164 16 8 0
14.111 1.2598 -0.32112 55 42 26
14.107 1.2651 -0.33565 50 34 21
14.097 1.2598 -0.3205 38 25 9
14.127 1.2573 -0.33393 55 44 25
14.12 1.2657 -0.37607 16 10 10
14.076 1.2667 -0.33533 34 19 0
14.122 1.2621 -0.38871 10 2 0
14.16 1.2519 -0.32015 44 31 12
14.153 1.2627 -0.30926 41 14 5
14.173 1.2529 -0.3465 59 44 1
14.145 1.2526 -0.34627 61 46 15
14.17 1.2565 -0.36023 5 6 24
14.16 1.2522 -0.33343 51 38 4
14.171 1.2542 -0.3728 15 12 7
14.175 1.2498 -0.31941 43 29 20
14.169 1.2578 -0.33451 50 36 9
14.153 1.2612 -0.34835 34 18 0
14.128 1.2576 -0.32082 40 24 11
14.14 1.2579 -0.37407 19 11 8
14.14 1.2588 -0.36077 11 9 10
14.155 1.2581 -0.36055 14 3 9
14.152 1.2621 -0.37472 27 12 9
14.14 1.2594 -0.33461 25 11 0
14.142 1.258 -0.3213 60 43 35
14.217 1.2475 -0.33266 46 36 0
14.208 1.2602 -0.3481 45 33 19
14.191 1.2469 -0.30636 18 15 8
14.199 1.2537 -0.35918 20 5 8
14.206 1.2454 -0.30806 32 12 0
14.18 1.2609 -0.37411 10 4 0
14.204 1.2473 -0.32053 56 44 28
14.212 1.2546 -0.35949 12 10 11
14.191 1.2462 -0.33237 47 35 9
14.193 1.2441 -0.31959 43 23 14
14.201 1.2504 -0.3458 52 39 30
14.213 1.2531 -0.32161 52 41 11
14.178 1.2468 -0.30617 45 18 11
14.195 1.2598 -0.33534 58 38 13
14.184 1.2556 -0.36 10 0 5
14.185 1.2554 -0.34711 45 32 26
14.21 1.2583 -0.31024 56 42 33
14.227 1.2506 -0.35849 18 1 9
11.476 1.476 -1.1076 68 51 25
13.906 1.2967 -0.48048 4 3 0
13.896 1.3056 -0.51682 5 5 5
13.882 1.3222 -0.50599 7 7 0
13.953 1.284 -0.50654 16 1 0
13.948 1.2904 -0.49259 21 6 9
13.934 1.2842 -0.50772 6 13 5
13.938 1.2786 -0.52206 6 2 0
13.941 1.2812 -0.44312 11 5 5
13.971 1.2865 -0.47445 17 2 5
13.95 1.2864 -0.52375 15 8 0
13.954 1.2867 -0.44449 19 6 0
13.929 1.292 -0.47841 15 4 0
13.981 1.2736 -0.48544 18 6 8
13.972 1.2825 -0.50442 16 6 0
13.956 1.2827 -0.47414 20 5 0
13.936 1.2855 -0.46024 19 9 0
13.937 1.2826 -0.49126 12 12 4
13.916 1.287 -0.46234 5 7 2
13.913 1.2921 -0.44731 4 7 0
13.956 1.2832 -0.45855 13 7 7
13.977 1.2805 -0.45693 19 9 8
14.014 1.2749 -0.48344 15 2 9
13.98 1.2785 -0.42523 11 1 9
14.033 1.2744 -0.45192 13 9 0
13.993 1.2826 -0.44118 15 4 0
14.019 1.2727 -0.42252 11 7 4
13.995 1.2799 -0.45542 19 8 14
14.016 1.2761 -0.43836 11 6 0
13.993 1.2792 -0.50135 8 1 8
13.996 1.2803 -0.42556 22 3 0
14.032 1.2748 -0.46687 12 1 9
14.013 1.2756 -0.49889 15 6 0
14.015 1.2758 -0.45344 19 9 0
14.01 1.2811 -0.47041 16 6 0
14.026 1.2815 -0.48419 15 9 0
13.987 1.2877 -0.4889 14 7 0
14.03 1.2786 -0.43845 18 8 0
13.998 1.2749 -0.46929 13 7 9
13.978 1.2797 -0.44083 15 8 0
14.032 1.2736 -0.49711 18 9 0
14.051 1.2723 -0.45059 18 3 6
14.054 1.2698 -0.43486 15 6 1
14.068 1.2701 -0.46341 14 6 3
14.032 1.2769 -0.42358 17 8 3
14.063 1.2767 -0.48019 21 6 9
14.054 1.2665 -0.4779 15 4 0
14.066 1.275 -0.42152 16 6 4
14.087 1.2676 -0.4327 11 6 10
14.044 1.2801 -0.46781 25 8 16
14.085 1.2699 -0.44803 20 0 8
14.055 1.2691 -0.42054 14 3 0
14.066 1.2742 -0.43572 10 7 0
14.072 1.2686 -0.40557 15 2 11
14.07 1.2688 -0.44833 13 2 10
14.091 1.263 -0.41742 12 5 0
14.08 1.275 -0.46403 17 7 5
14.07 1.2703 -0.40595 15 2 11
14.083 1.271 -0.47713 14 10 0
14.099 1.2721 -0.4338 20 4 4
14.121 1.2636 -0.40287 16 5 3
14.101 1.2693 -0.41863 8 6 0
14.114 1.2709 -0.46065 11 3 0
14.121 1.2632 -0.41641 16 3 0
14.087 1.2683 -0.40481 3 4 0
14.101 1.268 -0.44625 10 7 0
14.095 1.2749 -0.47727 22 7 2
14.103 1.2683 -0.40455 14 5 0
14.135 1.2646 -0.40254 10 8 0
14.123 1.2576 -0.47014 8 6 0
14.137 1.2607 -0.44274 24 4 15
14.119 1.2653 -0.4449 20 13 3
14.133 1.2672 -0.41714 12 3 0
14.14 1.2561 -0.45479 14 5 0
14.119 1.2648 -0.43047 15 5 6
14.129 1.2714 -0.43187 11 6 3
14.102 1.2661 -0.46001 17 7 0
14.134 1.2669 -0.38967 12 1 7
14.165 1.2628 -0.38762 7 4 0
14.148 1.2641 -0.45643 21 2 0
14.181 1.2577 -0.43924 17 7 0
14.154 1.2573 -0.41333 7 9 0
14.183 1.2562 -0.38597 7 2 0
14.182 1.2578 -0.42549 18 3 0
14.179 1.2615 -0.45376 17 8 1
14.167 1.2591 -0.40022 9 5 2
14.167 1.2574 -0.45319 6 2 0
14.166 1.2603 -0.44045 10 6 0
14.15 1.2618 -0.44205 16 5 11
14.154 1.2569 -0.42677 14 3 9
14.152 1.2607 -0.401 13 6 0
14.155 1.2573 -0.38694 12 1 0
14.184 1.2553 -0.39882 14 5 0
14.184 1.2539 -0.41135 15 4 0
14.163 1.2645 -0.42866 14 2 12
14.164 1.2634 -0.41476 23 3 12
14.211 1.2537 -0.42287 10 5 1
14.223 1.2565 -0.42347 21 3 0
14.223 1.2563 -0.41059 16 9 3
14.214 1.2509 -0.38394 16 1 0
14.227 1.2504 -0.37091 17 11 13
14.199 1.2533 -0.37229 12 3 0
14.195 1.258 -0.39911 11 8 1
14.211 1.2555 -0.37231 20 7 0
14.194 1.2596 -0.41254 12 8 0
14.224 1.2536 -0.43492 10 7 2
14.195 1.2586 -0.42509 20 12 0
14.223 1.2565 -0.3851 13 0 0
14.196 1.2561 -0.43773 15 11 0
14.226 1.2517 -0.39637 10 3 11
14.214 1.2505 -0.40931 17 2 7
14.211 1.2545 -0.43639 19 4 0
14.239 1.251 -0.43375 17 10 4
14.214 1.2507 -0.39628 13 8 2
14.196 1.2577 -0.38596 19 4 0
14.223 1.2575 -0.38516 13 0 0
14.24 1.2504 -0.42059 14 3 0
11.483 0.077504 -1.2673 26 20 4
13.294 1.4024 -0.83069 67 51 25
13.257 1.4066 -0.81332 65 48 28
13.287 1.4111 -0.81023 23 20 5
13.232 1.4223 -0.84922 69 52 24
13.32 1.4065 -0.8524 68 53 12
13.313 1.4159 -0.83199 64 48 22
13.288 1.4041 -0.85755 68 51 25
13.241 1.412 -0.87065 66 53 21
13.451 1.3837 -0.7961 15 11 0
13.366 1.4001 -0.81561 60 45 24
13.385 1.4124 -0.81666 46 30 5
13.344 1.3942 -0.79599 23 10 0
13.37 1.3942 -0.8382 66 49 19
13.508 1.3613 -0.78038 14 11 4
13.888 1.3128 -0.55354 8 8 8
13.929 1.2857 -0.57446 14 3 9
13.927 1.2861 -0.5918 19 6 13
13.925 1.2909 -0.55963 8 10 0
13.99 1.2784 -0.56436 25 10 13
13.983 1.2887 -0.55278 15 11 0
14.001 1.2843 -0.59656 9 4 0
13.951 1.2837 -0.53824 9 5 4
13.947 1.2879 -0.55613 21 6 9
13.973 1.281 -0.5194 17 10 4
13.964 1.2869 -0.58693 20 7 0
13.966 1.2878 -0.5382 13 4 5
13.976 1.2931 -0.60038 17 3 0
13.99 1.2804 -0.53323 15 0 0
13.949 1.2839 -0.57083 16 5 11
13.93 1.2871 -0.54174 17 9 0
13.95 1.2819 -0.58734 19 3 4
13.963 1.2906 -0.5555 18 11 1
13.986 1.2822 -0.58194 4 3 1
13.962 1.2901 -0.57154 20 5 8
13.953 1.2984 -0.60572 17 4 0
14.026 1.2775 -0.5594 19 0 8
14.048 1.2719 -0.54004 13 6 0
14.061 1.2741 -0.56911 13 2 0
14.027 1.2788 -0.5142 30 13 5
14.027 1.2746 -0.5742 14 1 0
14.042 1.2779 -0.55779 21 3 0
14.009 1.2783 -0.53074 7 2 0
13.991 1.281 -0.5182 9 6 0
14.029 1.2745 -0.52716 17 9 0
14.028 1.276 -0.54313 17 5 7
14.002 1.2864 -0.54957 7 0 8
14.051 1.2692 -0.50857 35 13 0
14.044 1.2774 -0.52726 32 12 3
14.012 1.2763 -0.51419 21 11 1
14.019 1.2846 -0.59412 8 4 0
14.043 1.2767 -0.55728 21 3 0
14.04 1.2804 -0.57431 22 5 0
14.005 1.2817 -0.56374 20 4 7
13.999 1.2881 -0.58229 16 5 1
14.002 1.285 -0.56509 20 4 7
14.078 1.2741 -0.55217 15 4 0
14.102 1.2652 -0.48878 30 12 0
14.085 1.2661 -0.5045 33 14 7
14.065 1.2716 -0.52296 27 5 17
14.1 1.2663 -0.51731 26 5 0
14.083 1.2704 -0.49134 28 14 3
14.063 1.2749 -0.50939 35 12 6
14.048 1.2734 -0.49554 26 10 0
14.097 1.2706 -0.53366 13 6 0
14.066 1.2718 -0.49318 25 4 0
14.076 1.2763 -0.56804 16 2 0
14.065 1.2697 -0.55244 22 7 14
14.101 1.2649 -0.54633 19 6 0
14.08 1.2721 -0.52156 28 18 8
14.067 1.2683 -0.53671 26 16 15
14.112 1.2707 -0.54699 16 1 0
14.098 1.2682 -0.56273 16 7 0
14.082 1.2699 -0.53547 20 2 0
14.1 1.2677 -0.50396 27 11 11
14.133 1.2639 -0.48528 17 6 2
14.116 1.266 -0.51618 32 10 0
14.147 1.2646 -0.51229 13 2 10
14.139 1.2747 -0.53026 22 0 0
14.118 1.2637 -0.50073 24 7 0
14.15 1.2621 -0.4694 19 1 0
14.163 1.2611 -0.53704 12 4 1
14.129 1.268 -0.52938 13 4 0
14.131 1.2673 -0.47248 16 10 0
14.133 1.2625 -0.54184 8 5 0
14.13 1.2677 -0.5009 9 2 10
14.116 1.2654 -0.53036 24 8 11
14.145 1.2666 -0.54172 17 10 4
14.152 1.2581 -0.49584 17 1 11
14.133 1.2628 -0.51325 23 3 12
14.149 1.2627 -0.48339 17 4 0
14.166 1.2581 -0.52224 14 5 0
14.119 1.2637 -0.48666 23 9 0
14.185 1.2515 -0.46386 9 4 1
14.181 1.2571 -0.47944 23 4 0
14.192 1.2612 -0.46586 12 10 0
14.18 1.2572 -0.52043 13 4 0
14.198 1.253 -0.45 19 2 0
14.164 1.2603 -0.50867 20 5 0
14.164 1.2616 -0.4959 6 5 3
14.166 1.2586 -0.48065 7 3 0
14.196 1.2544 -0.50392 15 4 0
14.196 1.2556 -0.51795 11 1 0
14.195 1.2564 -0.47768 6 6 8
14.162 1.2654 -0.46953 13 4 0
14.181 1.2564 -0.49239 24 7 13
14.176 1.2639 -0.50912 15 7 0
14.203 1.265 -0.52006 16 1 0
14.194 1.2591 -0.49248 13 4 0
14.225 1.252 -0.50021 16 4 4
14.222 1.2577 -0.46262 15 5 4
14.237 1.255 -0.44791 11 8 0
14.21 1.2552 -0.47607 10 3 11
14.226 1.2506 -0.51299 16 13 4
14.24 1.249 -0.48444 10 8 0
14.238 1.2522 -0.47293 22 10 10
14.223 1.255 -0.47508 21 9 11
14.236 1.2561 -0.50048 17 2 0
14.212 1.2521 -0.46174 13 2 8
14.253 1.2486 -0.49627 54 38 21
14.241 1.2476 -0.45823 7 2 9
14.211 1.2541 -0.4891 14 3 7
14.208 1.2578 -0.45061 12 8 0
14.226 1.2506 -0.44723 14 3 0
14.222 1.2565 -0.48877 18 5 12
14.236 1.2558 -0.51375 12 3 0
14.207 1.2595 -0.50446 15 5 0
14.251 1.2534 -0.48523 47 37 12
14.252 1.2514 -0.4714 52 40 28
13.231 1.0368 -0.94769 60 48 26
13.114 1.1325 -0.99121 43 32 10
13.31 1.0186 -0.92147 71 55 30
13.192 1.0536 -0.98838 36 15 12
13.213 1.0815 -0.91972 34 23 1
13.18 1.1573 -0.92844 39 19 20
13.182 1.1298 -0.92015 27 8 10
13.18 1.1845 -0.93963 54 41 23
13.172 1.1849 -0.96499 35 26 7
13.209 1.158 -0.97253 36 29 11
13.149 1.1899 -1.0267 32 25 9
13.175 1.1294 -0.94726 49 36 17
13.57 0.97993 -0.83264 31 22 7
13.161 1.1328 -0.97763 35 27 16
13.181 1.1836 -0.93842 54 41 23
13.18 1.1485 -0.97776 32 26 14
13.177 1.1549 -0.95449 39 28 9
13.172 1.1576 -0.95662 39 28 9
13.176 1.2735 -0.94287 54 37 27
13.142 1.2677 -0.94854 41 22 24
13.184 1.2089 -0.94622 52 41 11
13.178 1.2405 -0.95952 37 28 0
13.592 0.99061 -0.8098 38 26 12
13.239 1.2238 -0.9609 36 27 8
13.609 0.97635 -0.81958 29 19 10
13.203 1.193 -0.9599 38 27 8
13.122 1.2718 -1.0084 35 25 16
13.18 1.2156 -0.92319 34 20 11
13.173 1.2714 -0.96847 36 28 15
13.187 1.1986 -0.99289 35 26 9
13.168 1.2988 -1.0065 29 23 9
13.16 1.3122 -0.95697 49 40 23
13.154 1.3126 -0.98826 38 29 10
13.124 1.3124 -0.94296 18 15 10
13.581 1.1591 -0.84689 38 25 7
13.272 1.4128 -0.88898 69 52 24
13.589 1.2029 -0.83979 37 25 11
13.344 1.3507 -0.90496 59 45 18
13.228 1.4143 -0.9234 68 51 31
13.595 1.1719 -0.84836 22 8 0
13.617 1.2041 -0.83302 27 13 2
13.265 1.4153 -0.91706 68 52 27
13.245 1.405 -0.89188 68 55 19
13.319 1.4041 -0.87547 68 52 26
13.309 1.4091 -0.90449 67 51 28
13.378 1.4052 -0.91181 65 47 23
13.387 1.4071 -0.83923 66 53 11
13.644 1.2284 -0.83456 31 17 6
13.386 1.4053 -0.86219 67 52 21
13.339 1.4125 -0.89838 69 51 27
13.607 1.2152 -0.81852 58 44 18
13.391 1.398 -0.88277 69 53 20
13.36 1.3989 -0.86562 68 52 26
13.411 1.4088 -0.88298 67 51 18
13.646 1.2298 -0.81484 36 17 13
13.653 1.1977 -0.82309 33 11 14
13.432 1.3936 -0.84941 67 53 27
13.614 1.2325 -0.82294 36 17 11
13.443 1.3877 -0.82147 66 50 24
13.345 1.4045 -0.91937 62 47 14
13.696 1.2072 -0.81419 38 25 7
13.573 1.3699 -0.85402 64 46 24
13.548 1.369 -0.83882 63 46 20
13.461 1.3987 -0.82138 63 49 22
13.684 1.2458 -0.79162 62 47 18
13.46 1.3966 -0.84393 67 51 25
13.716 1.238 -0.79933 30 17 0
13.509 1.3828 -0.80585 53 40 24
13.527 1.3931 -0.80638 24 16 5
13.562 1.3826 -0.84003 64 47 21
13.546 1.3739 -0.81798 63 48 25
13.495 1.3906 -0.85868 65 49 16
13.682 1.2452 -0.80953 33 24 5
13.502 1.387 -0.83245 67 51 25
13.462 1.3918 -0.86471 67 47 20
13.661 1.3637 -0.83309 57 44 12
13.624 1.3757 -0.82399 64 48 15
13.609 1.3649 -0.82382 62 47 16
13.606 1.365 -0.84648 63 48 17
13.684 1.3456 -0.78073 4 7 0
13.561 1.3858 -0.81942 62 44 20
13.623 1.3793 -0.80385 39 27 11
13.639 1.3596 -0.83694 62 46 20
13.602 1.3506 -0.77904 20 14 0
13.59 1.3844 -0.81171 56 42 31
13.668 1.3591 -0.80853 60 47 13
13.655 1.3669 -0.85501 49 37 11
13.745 1.354 -0.81021 57 40 12
13.694 1.3555 -0.82196 59 45 19
13.726 1.3508 -0.79273 46 35 13
13.713 1.3612 -0.81987 60 43 25
13.493 1.5317 -0.85491 0 4 15
13.749 1.3516 -0.78938 17 13 10
13.687 1.3651 -0.80585 59 47 25
13.765 1.3573 -0.80648 59 44 3
14.059 1.2768 -0.58687 13 9 6
14.044 1.2748 -0.5885 11 6 2
14.092 1.2746 -0.58049 17 11 15
14.112 1.27 -0.56146 14 4 12
14.066 1.2878 -0.60212 10 0 15
14.113 1.2683 -0.57558 17 12 16
14.088 1.2802 -0.59707 11 4 0
14.115 1.2654 -0.58969 2 2 0
14.079 1.272 -0.58195 16 1 4
14.177 1.2598 -0.59136 1 4 0
14.144 1.2677 -0.55622 12 3 8
14.146 1.2636 -0.58424 12 5 0
14.126 1.2714 -0.59018 2 5 0
14.142 1.2889 -0.60548 5 8 0
14.146 1.2646 -0.56962 7 2 9
14.162 1.262 -0.55179 13 5 26
14.159 1.2663 -0.56813 11 4 0
14.159 1.266 -0.58296 8 6 7
14.129 1.2672 -0.57337 4 8 11
14.131 1.2645 -0.55694 17 9 7
14.195 1.2566 -0.54595 9 0 8
14.211 1.2526 -0.57042 1 8 0
14.192 1.2604 -0.56218 16 3 0
14.205 1.2612 -0.53257 12 10 0
14.177 1.2621 -0.53637 6 4 7
14.21 1.2545 -0.58565 3 4 0
14.187 1.2668 -0.59298 0 1 0
14.189 1.2644 -0.57734 14 5 0
14.184 1.2715 -0.59512 0 1 0
14.176 1.2627 -0.56452 7 4 13
14.205 1.2612 -0.54594 2 5 0
14.22 1.2598 -0.57138 12 5 0
14.195 1.2556 -0.53176 11 0 0
14.178 1.2591 -0.57739 9 4 0
14.209 1.2558 -0.55798 17 8 1
14.175 1.2649 -0.55143 7 3 2
14.221 1.2576 -0.58485 9 5 2
14.239 1.2509 -0.57937 8 5 0
14.252 1.2501 -0.5228 17 10 0
14.235 1.2567 -0.54049 18 11 5
14.247 1.259 -0.56694 9 3 13
14.25 1.2542 -0.51123 52 40 18
14.248 1.258 -0.58021 13 6 0
14.236 1.2548 -0.55342 16 2 0
14.224 1.2537 -0.52751 6 3 14
14.268 1.2463 -0.55965 12 5 0
14.234 1.2584 -0.52799 9 2 10
14.22 1.2592 -0.55704 14 5 0
14.252 1.2508 -0.53638 22 6 6
14.267 1.2477 -0.57351 11 2 0
14.238 1.2516 -0.56584 22 8 0
14.252 1.2512 -0.55009 8 1 0
14.225 1.252 -0.54068 20 13 7
14.264 1.2527 -0.54882 15 2 9
14.262 1.255 -0.53652 17 10 0
13.578 0.96445 -0.88692 56 44 18
13.547 0.98038 -0.92426 34 12 1
13.467 1.0104 -0.93823 63 51 25
13.555 0.98591 -0.85839 32 23 14
13.614 0.95676 -0.91263 38 12 11
13.631 0.94913 -0.88415 30 4 5
13.666 0.91993 -0.90008 47 38 19
13.676 0.96483 -0.85586 33 8 11
13.607 0.97106 -0.85998 36 15 10
13.58 0.98496 -0.89487 30 7 0
13.669 0.97893 -0.80364 35 18 1
13.716 0.9525 -0.87671 30 4 13
13.648 0.95589 -0.90229 33 8 11
13.682 0.9579 -0.87064 31 5 4
13.629 0.98174 -0.83712 34 17 0
13.642 0.96963 -0.84941 31 14 7
13.682 0.96719 -0.81528 42 14 11
13.609 0.97315 -0.83886 40 14 13
13.676 0.96769 -0.83648 39 12 17
13.674 0.96919 -0.83773 39 12 17
13.701 0.97144 -0.82858 42 23 19
13.649 0.96175 -0.86269 35 11 11
13.677 0.97034 -0.81792 42 14 11
13.613 0.98235 -0.90384 31 6 0
13.707 0.96171 -0.86365 34 10 0
13.72 0.95573 -0.83735 37 13 11
13.613 0.99528 -0.82588 36 10 9
13.682 0.95446 -0.88939 28 3 7
13.735 0.97114 -0.80052 37 13 11
13.775 0.95742 -0.82028 39 18 1
13.685 0.98541 -0.81975 41 16 19
13.719 1.0038 -0.81763 45 33 17
13.795 0.96562 -0.79933 37 13 11
13.814 0.9459 -0.82221 34 11 3
13.767 0.96559 -0.80767 41 21 10
13.743 0.9574 -0.85011 37 12 8
13.792 0.96476 -0.81835 39 17 6
13.74 0.96497 -0.81569 37 19 15
13.613 1.0616 -0.8511 42 23 9
13.765 0.96192 -0.84512 36 12 10
13.68 0.99252 -0.806 48 31 11
13.732 0.96789 -0.83863 38 12 11
13.825 0.9794 -0.8124 30 10 11
13.814 0.96817 -0.81127 37 17 10
13.837 0.98994 -0.81163 29 6 0
13.651 1.122 -0.85814 19 3 4
13.821 0.96045 -0.82521 37 18 12
13.815 0.96484 -0.82879 37 18 12
13.851 0.957 -0.81323 38 15 9
13.836 0.97394 -0.79091 40 24 7
13.667 1.1582 -0.84675 35 10 14
13.681 1.144 -0.85813 34 4 12
13.823 1.0442 -0.81874 25 7 5
13.839 1.0086 -0.81871 26 2 0
13.66 1.1381 -0.86127 35 8 15
13.63 1.1905 -0.84413 35 19 6
13.675 1.1716 -0.86844 32 13 7
13.842 1.0485 -0.81428 26 7 9
13.634 1.1646 -0.83684 26 9 1
13.611 1.1567 -0.86159 21 6 0
13.721 1.1303 -0.85874 32 10 13
13.846 1.0427 -0.82773 25 3 6
13.816 1.0295 -0.81502 31 18 0
13.632 1.1628 -0.8577 31 10 7
13.741 1.0926 -0.8418 28 6 6
13.851 1.0182 -0.81746 24 4 0
13.664 1.186 -0.83572 41 28 10
13.737 1.1421 -0.83973 36 12 12
13.722 1.1801 -0.83812 38 20 20
13.694 1.2061 -0.83404 33 13 2
13.747 1.1562 -0.84346 34 11 3
13.786 1.1416 -0.84466 34 12 1
13.694 1.1583 -0.83839 33 13 4
13.746 1.1324 -0.85422 37 12 5
13.687 1.1891 -0.83033 34 23 4
13.761 1.1416 -0.85358 35 12 4
13.7 1.1755 -0.84219 39 23 6
13.751 1.1764 -0.82874 39 29 20
13.771 1.1573 -0.83681 31 17 4
13.706 1.2214 -0.81503 32 19 3
13.708 1.2194 -0.81377 32 19 3
13.77 1.1802 -0.84391 38 20 8
13.749 1.2282 -0.80646 38 25 16
13.751 1.1995 -0.83612 34 12 12
13.733 1.2201 -0.80936 30 16 3
13.816 1.1821 -0.8305 36 24 10
13.809 1.1688 -0.80985 38 13 19
13.814 1.1855 -0.81385 33 13 15
13.761 1.2151 -0.81843 36 28 5
13.737 1.1916 -0.8177 37 12 7
13.753 1.2248 -0.80483 38 25 16
13.738 1.2132 -0.82506 31 11 2
13.813 1.1626 -0.82567 37 23 14
13.799 1.1515 -0.84416 33 15 3
13.881 1.1848 -0.81262 25 4 0
13.78 1.2218 -0.7969 36 24 0
13.791 1.2347 -0.80054 28 11 1
13.822 1.2249 -0.80721 25 15 6
13.815 1.2335 -0.79382 31 10 7
13.932 1.133 -0.80019 42 22 13
13.827 1.1957 -0.81473 32 9 1
13.776 1.2236 -0.81862 36 23 7
13.859 1.1629 -0.81359 35 10 6
13.846 1.1992 -0.80999 30 11 4
13.869 1.1748 -0.8145 29 11 0
13.836 1.187 -0.80883 38 15 7
13.86 1.2076 -0.80902 29 11 0
13.941 1.1444 -0.80072 66 38 0
13.805 1.2183 -0.8082 40 29 7
13.743 1.3537 -0.83094 51 36 15
13.771 1.3492 -0.82272 54 39 8
13.877 1.2116 -0.80519 24 4 0
13.889 1.2241 -0.78981 15 4 2
13.767 1.3519 -0.8454 49 36 20
13.716 1.3572 -0.83917 49 38 6
13.855 1.2369 -0.80287 26 1 5
13.897 1.2156 -0.78422 25 9 0
13.689 1.3593 -0.84625 52 37 14
13.838 1.2305 -0.80332 30 8 18
13.739 1.356 -0.85142 45 32 16
13.874 1.2374 -0.81524 22 8 0
13.795 1.3466 -0.83552 48 35 16
13.793 1.3497 -0.8167 59 43 18
13.818 1.3436 -0.84794 46 36 0
13.8 1.3444 -0.79347 53 37 12
13.82 1.3463 -0.79033 42 29 10
13.789 1.3509 -0.85869 45 29 3
13.953 1.2173 -0.80428 64 35 3
13.844 1.3414 -0.82114 56 41 18
13.817 1.3479 -0.81029 59 44 23
13.811 1.3531 -0.83343 50 39 11
13.834 1.3507 -0.84662 50 35 12
13.955 1.2388 -0.79468 64 37 2
13.843 1.3442 -0.80316 62 48 21
13.953 1.1955 -0.79704 63 38 8
13.961 1.2298 -0.80567 59 34 11
13.863 1.3448 -0.79785 60 48 22
13.952 1.2638 -0.80374 67 40 3
13.906 1.3419 -0.80565 61 46 3
13.995 1.258 -0.79021 73 45 8
13.878 1.3483 -0.83055 54 37 11
13.893 1.3329 -0.80617 58 43 14
13.988 1.2443 -0.78603 71 44 1
13.892 1.3358 -0.78849 50 39 20
13.859 1.3483 -0.81971 56 43 9
13.924 1.3232 -0.77943 53 37 4
13.864 1.341 -0.83419 53 35 0
13.925 1.3405 -0.81715 60 40 13
13.986 1.3156 -0.77798 54 39 18
13.959 1.3239 -0.80436 60 44 19
13.948 1.3379 -0.79342 59 43 20
13.996 1.3245 -0.79423 59 44 15
13.934 1.3324 -0.79506 60 45 14
14.035 1.2323 -0.76983 73 48 2
13.972 1.3318 -0.80364 64 46 6
14.008 1.332 -0.79379 62 45 19
14.039 1.3158 -0.78103 60 44 18
14.262 1.2558 -0.59063 0 5 8
14.25 1.2537 -0.59113 3 6 0
13.626 0.96012 -0.97124 55 44 24
13.746 0.94659 -0.90251 26 6 0
13.713 0.95174 -0.89803 30 4 5
13.682 0.95161 -0.9074 33 7 16
13.686 0.9394 -0.96446 51 38 19
13.758 0.94077 -0.87711 25 6 2
13.732 0.93547 -0.90285 34 12 0
13.677 0.97018 -0.95995 23 8 3
13.644 0.95527 -0.92304 26 6 8
13.755 0.93689 -0.91494 29 5 5
13.684 0.93777 -0.98403 54 42 20
13.669 0.95739 -0.93696 30 7 0
13.722 0.93674 -0.94934 52 36 19
13.818 0.93222 -0.8881 29 10 6
13.774 0.94953 -0.87503 29 7 0
13.836 0.94121 -0.86733 29 3 4
13.814 0.93257 -0.90891 31 5 6
13.83 0.94296 -0.88951 28 5 0
13.812 0.94517 -0.84102 32 12 5
13.849 0.92329 -0.90843 27 5 0
13.748 0.95072 -0.86552 30 6 4
13.818 0.9348 -0.87213 31 11 2
13.848 0.92691 -0.89367 28 6 16
13.784 0.94535 -0.85095 33 11 11
13.783 0.94057 -0.88564 27 7 0
13.852 0.94348 -0.89824 24 4 0
13.813 0.94105 -0.85647 34 9 5
13.8 0.92258 -0.91055 27 8 4
13.797 0.9273 -0.89424 31 10 5
13.831 0.94994 -0.83529 44 19 22
13.838 0.94293 -0.84982 28 9 3
13.869 0.97677 -0.84999 20 0 0
13.889 0.97316 -0.89502 38 27 21
13.848 0.97652 -0.83991 26 6 5
13.841 0.9844 -0.82721 25 5 4
13.869 0.97686 -0.84996 20 0 0
13.872 0.97239 -0.86547 14 2 4
13.85 0.95058 -0.86633 23 2 0
13.864 0.94479 -0.8238 45 21 17
13.867 0.95165 -0.89511 24 7 0
13.866 0.95492 -0.8795 22 3 0
13.877 0.96604 -0.87941 18 0 5
13.86 0.96185 -0.86558 24 7 0
13.854 0.96902 -0.8532 20 5 0
13.852 0.95118 -0.84456 35 10 6
13.874 0.9656 -0.89947 25 4 1
13.843 0.95289 -0.88803 20 6 6
13.854 0.99125 -0.84325 27 2 6
13.952 0.96626 -0.8171 79 50 18
13.987 0.95102 -0.83235 62 39 0
13.936 0.95878 -0.83722 66 40 0
13.937 0.96246 -0.80417 73 46 3
13.961 0.95405 -0.84274 60 36 0
13.947 0.97299 -0.80469 58 31 0
13.908 0.98873 -0.80633 40 22 8
13.965 0.95311 -0.8244 62 39 0
13.898 0.97538 -0.82255 49 28 23
13.919 0.99878 -0.80719 57 37 13
13.842 1.0238 -0.84136 26 6 0
13.983 0.95594 -0.81856 72 45 0
13.946 0.95277 -0.81383 70 38 0
13.858 0.99066 -0.82341 30 3 10
13.902 0.96761 -0.85317 62 34 5
13.94 0.95292 -0.85019 62 38 4
13.888 0.98156 -0.84674 64 36 23
13.932 0.95728 -0.87268 63 40 7
13.925 1.0104 -0.82562 57 34 0
14.008 0.95109 -0.82423 65 37 0
13.938 1.036 -0.84744 60 36 0
13.932 1.0239 -0.82863 63 34 3
13.927 1.0305 -0.81539 62 35 0
13.93 1.0084 -0.80579 57 41 8
14.007 0.95344 -0.80831 81 52 10
14.059 0.94316 -0.78741 69 44 0
13.934 1.0421 -0.83552 61 36 4
14.025 0.95365 -0.81862 64 40 4
13.875 1.0591 -0.82601 35 22 16
14.025 0.9553 -0.80328 68 45 1
13.989 0.95282 -0.79938 77 50 3
13.933 1.0649 -0.82652 61 34 0
13.936 1.0598 -0.84034 61 33 2
13.965 1.0722 -0.83516 69 41 10
13.969 1.047 -0.84154 68 41 6
13.953 1.0426 -0.84619 69 43 2
13.948 1.0701 -0.82226 60 33 0
13.934 1.0862 -0.8165 61 33 4
14 1.0351 -0.84299 69 44 0
13.95 1.0671 -0.8389 67 39 10
13.977 1.0377 -0.85229 67 39 0
13.979 1.0571 -0.8421 63 37 12
13.927 1.0521 -0.80598 63 39 3
13.932 1.0461 -0.81961 60 32 0
13.934 1.0881 -0.80029 60 38 14
13.936 1.0638 -0.8066 63 39 3
13.939 1.1028 -0.80279 60 40 6
14.009 1.0672 -0.83524 66 34 11
13.97 1.111 -0.81367 72 45 0
14.028 1.0672 -0.82881 71 44 0
13.942 1.1405 -0.81368 61 37 1
13.942 1.1204 -0.80823 63 37 0
14.011 1.0866 -0.82494 70 48 0
13.983 1.0752 -0.83075 71 46 2
14.001 1.0976 -0.81517 71 49 2
13.996 1.0819 -0.82839 73 46 1
13.97 1.0893 -0.82259 72 47 0
13.98 1.0996 -0.82349 72 45 10
13.947 1.1138 -0.82201 63 39 1
14.007 1.0478 -0.84534 58 23 4
13.997 1.059 -0.83629 47 15 0
13.944 1.0961 -0.81619 62 35 0
13.948 1.0913 -0.83161 69 42 7
13.95 1.1555 -0.80065 65 39 0
14.011 1.1078 -0.8161 72 43 9
13.991 1.13 -0.81328 65 42 1
13.954 1.1497 -0.81481 62 33 2
13.991 1.1509 -0.8217 62 40 0
14.056 1.0773 -0.82231 75 49 9
14.051 1.103 -0.81708 72 43 0
13.978 1.1659 -0.81398 60 38 0
13.968 1.1561 -0.81391 64 38 0
14.031 1.107 -0.80899 63 45 9
14.04 1.0958 -0.81869 72 45 2
14.025 1.0919 -0.82214 71 46 0
14.039 1.1187 -0.81246 58 37 8
13.947 1.1792 -0.80918 60 37 0
14.009 1.1102 -0.81771 72 43 9
14.067 1.0846 -0.82127 76 47 3
13.98 1.1216 -0.81465 63 39 5
14.039 1.0756 -0.8281 74 45 1
14.072 1.1022 -0.79408 48 26 0
13.962 1.2061 -0.81664 61 37 1
13.951 1.1958 -0.81315 58 35 2
13.993 1.1709 -0.81085 53 30 0
14.067 1.1063 -0.81333 71 46 0
13.98 1.2077 -0.81157 55 35 0
14.083 1.1085 -0.80976 71 45 4
14.013 1.1481 -0.8132 63 44 2
13.995 1.213 -0.80954 58 36 0
14.087 1.1425 -0.81798 25 9 0
13.982 1.2721 -0.81463 64 36 0
13.979 1.2534 -0.80987 62 36 9
14.092 1.1563 -0.82108 45 25 0
13.977 1.2557 -0.8112 62 36 9
13.997 1.2314 -0.81333 48 28 0
14.073 1.1609 -0.81546 56 38 0
13.961 1.2517 -0.81351 61 39 0
13.989 1.3318 -0.81616 49 35 9
14.029 1.2593 -0.7975 69 40 0
14.067 1.255 -0.802 68 41 0
14.048 1.257 -0.80722 68 40 0
14.013 1.2574 -0.80112 67 41 0
14.059 1.2438 -0.78343 70 44 4
14.03 1.2568 -0.8122 65 41 15
14.035 1.3195 -0.80014 57 44 2
14.105 1.2478 -0.80344 63 36 0
14.072 1.2713 -0.78989 56 41 10
14.026 1.3291 -0.8211 54 39 8
14.073 1.2483 -0.78308 70 43 0
14.131 1.2361 -0.77687 71 44 9
14.015 1.3227 -0.80674 51 35 0
14.092 1.2439 -0.79013 71 43 3
14.109 1.2443 -0.78655 71 42 0
14.096 1.2384 -0.80363 57 33 7
14.125 1.2427 -0.81304 39 21 9
14.047 1.3261 -0.79817 55 39 6
14.047 1.3256 -0.81489 57 36 7
14.126 1.2413 -0.79548 66 38 1
14.129 1.2822 -0.76135 53 44 25
14.105 1.3142 -0.81068 51 34 17
14.179 1.2344 -0.7794 70 43 8
14.091 1.3125 -0.79915 58 37 20
14.078 1.307 -0.80034 52 36 13
14.09 1.3136 -0.78296 60 45 12
14.144 1.2387 -0.80463 59 37 0
14.159 1.2393 -0.78512 72 43 11
14.126 1.3081 -0.80416 52 34 0
14.157 1.2413 -0.80169 64 37 4
14.143 1.241 -0.79059 64 37 0
14.071 1.3177 -0.789 59 42 22
14.11 1.3084 -0.7916 58 38 14
14.156 1.3095 -0.79496 55 37 0
14.144 1.3041 -0.79659 53 39 3
14.174 1.305 -0.78744 54 38 23
14.144 1.3047 -0.78048 59 42 12
14.156 1.3092 -0.80936 56 31 0
14.176 1.3021 -0.80258 48 34 0
14.12 1.3161 -0.79069 57 39 17
14.182 1.25 -0.78249 68 43 11
14.188 1.3072 -0.7851 55 44 24
14.213 1.2919 -0.7735 59 42 24
13.858 0.93651 -0.91214 28 6 6
13.858 0.93417 -0.9289 39 25 16
13.872 0.96491 -0.91749 22 4 2
13.901 0.93972 -0.91363 28 22 0
13.951 0.93488 -0.90827 62 38 0
13.864 0.94882 -0.93082 31 20 14
13.918 0.94756 -0.89357 74 46 19
13.876 0.97697 -0.95841 62 38 0
13.875 0.94265 -0.90699 26 8 6
13.96 0.95311 -0.85966 63 38 6
13.992 0.95689 -0.90026 70 45 1
13.986 0.94338 -0.8967 72 44 5
13.993 0.93529 -0.9074 67 39 12
13.935 0.95056 -0.90399 74 47 0
13.928 0.95858 -0.89236 66 42 6
13.979 0.95537 -0.85362 66 40 0
13.957 0.95358 -0.87835 67 40 7
13.976 0.95395 -0.88808 64 38 0
13.954 0.95382 -0.8984 73 44 0
13.954 0.94889 -0.93056 64 41 10
13.949 0.95589 -0.91764 73 45 0
13.974 0.95775 -0.87333 65 39 0
14.004 0.94429 -0.9065 72 45 8
14.028 0.94909 -0.83196 69 43 3
14.07 0.94446 -0.82933 64 36 0
14.042 0.94866 -0.87483 65 41 7
14.026 0.95096 -0.83365 69 43 3
14.049 0.94975 -0.80741 78 53 5
13.998 0.9531 -0.87822 65 37 0
14.07 0.94332 -0.84492 66 40 0
14.006 0.94786 -0.85571 64 39 7
14.022 0.95244 -0.8519 65 37 0
14.057 0.94081 -0.81725 65 39 0
14.069 0.94258 -0.86108 65 42 1
14.048 0.94551 -0.85504 67 39 2
14.026 0.94719 -0.86457 65 37 0
14.053 0.94257 -0.83512 66 38 0
14.009 0.94795 -0.83864 66 38 0
14.027 0.94416 -0.8792 67 40 7
14.016 1.0377 -0.85557 70 44 4
14.092 0.94323 -0.80388 81 52 8
14.114 0.93629 -0.82379 65 37 8
14.131 0.93923 -0.80263 80 52 2
14.115 0.93385 -0.83756 65 42 0
14.106 0.94621 -0.81552 72 43 0
14.095 0.93875 -0.81655 65 38 5
14.106 0.94803 -0.80134 76 47 5
14.136 0.93595 -0.78656 72 44 4
14.091 0.94099 -0.83524 66 38 0
14.084 0.94601 -0.85617 68 41 8
14.066 0.95026 -0.81729 65 39 0
14.074 0.94424 -0.79619 74 49 5
14.13 0.93778 -0.81684 69 40 0
14.067 1.0231 -0.8462 69 44 0
14.053 1.0384 -0.84132 63 32 4
14.067 1.0435 -0.83772 60 28 13
14.145 0.94246 -0.79889 69 44 0
14.027 1.0469 -0.83759 68 38 10
14.148 0.93727 -0.80974 76 49 4
14.087 1.0213 -0.83769 68 41 6
14.039 1.0546 -0.83616 63 38 6
14.037 1.0353 -0.84623 68 45 3
14.094 1.0528 -0.83157 66 38 0
14.109 1.0357 -0.8348 52 22 8
14.13 1.03 -0.83989 68 43 13
14.09 1.0777 -0.82652 73 48 0
14.052 1.0601 -0.83312 54 25 4
14.092 1.0342 -0.8404 66 39 6
14.147 1.0303 -0.83366 74 47 2
14.062 1.0694 -0.83365 76 49 6
14.104 1.0205 -0.84647 69 42 7
14.082 1.0675 -0.82569 73 45 14
14.078 1.0509 -0.83666 54 21 2
14.12 1.0219 -0.84037 70 46 8
14.108 1.0565 -0.82763 69 41 4
14.115 1.0474 -0.83715 55 25 0
14.129 1.0716 -0.82589 70 45 0
14.117 1.0862 -0.81963 72 45 2
14.131 1.0489 -0.83132 61 29 16
14.164 1.0477 -0.83219 71 44 0
14.09 1.0982 -0.81827 73 49 11
14.14 1.0572 -0.83136 72 43 9
14.134 1.0862 -0.81402 71 45 0
14.084 1.0857 -0.8156 71 47 13
14.118 1.0648 -0.82683 72 43 1
14.109 1.0965 -0.81048 73 47 6
14.16 1.0539 -0.82244 67 43 5
14.106 1.0789 -0.82057 76 47 7
14.152 1.0426 -0.83607 72 43 0
14.141 1.0764 -0.82286 73 44 0
14.159 1.0943 -0.80786 69 44 0
14.167 1.1043 -0.80911 67 41 0
14.14 1.0995 -0.80262 66 45 2
14.182 1.0845 -0.81076 68 43 0
14.119 1.1046 -0.81084 73 46 0
14.134 1.1262 -0.81416 65 44 0
14.166 1.0655 -0.82471 70 47 3
14.17 1.0809 -0.81411 69 45 7
14.154 1.081 -0.82018 69 42 5
14.141 1.0963 -0.81475 73 46 1
14.183 1.0638 -0.81626 69 42 7
14.137 1.1843 -0.80305 54 33 6
14.213 1.0832 -0.79834 64 37 0
14.187 1.1172 -0.80648 65 39 0
14.155 1.139 -0.81108 62 38 0
14.154 1.1208 -0.80383 63 42 0
14.192 1.0906 -0.80887 68 43 11
14.173 1.1371 -0.80444 61 37 0
14.189 1.1364 -0.79976 61 38 4
14.181 1.1055 -0.80437 65 43 0
14.195 1.1261 -0.8061 67 39 0
14.168 1.1839 -0.8068 56 36 2
14.162 1.1737 -0.79339 56 37 5
14.183 1.1836 -0.80273 58 38 3
14.242 1.1222 -0.78899 50 30 5
14.216 1.159 -0.79653 62 39 0
14.241 1.1057 -0.78424 54 30 2
14.199 1.1615 -0.80421 63 39 5
14.242 1.102 -0.79481 45 25 0
14.209 1.1281 -0.80291 57 32 0
14.193 1.1501 -0.80196 63 38 6
14.238 1.0894 -0.79214 49 25 0
14.249 1.1327 -0.79014 48 26 2
14.184 1.2248 -0.80288 58 34 0
14.251 1.1486 -0.79573 37 21 0
14.191 1.2365 -0.78969 63 39 1
14.194 1.1898 -0.80177 59 39 2
14.199 1.2253 -0.79841 55 35 0
14.205 1.1951 -0.8002 65 37 0
14.253 1.1665 -0.78787 47 26 0
14.251 1.1497 -0.78262 48 27 10
14.189 1.1977 -0.79237 58 38 1
14.199 1.2248 -0.79821 55 35 0
14.239 1.1471 -0.78583 55 33 0
14.178 1.2333 -0.79198 66 36 0
14.215 1.2014 -0.79909 61 37 0
14.255 1.1635 -0.8002 42 26 0
14.227 1.2252 -0.78842 59 37 0
14.26 1.1972 -0.79739 40 28 6
14.253 1.1875 -0.7821 48 27 0
14.239 1.1882 -0.78643 58 29 0
14.212 1.2274 -0.77985 69 37 0
14.249 1.2143 -0.76393 52 32 0
14.202 1.242 -0.80346 60 33 0
14.218 1.2397 -0.78321 59 35 0
14.256 1.2031 -0.78622 45 28 0
14.257 1.1805 -0.79139 45 20 0
14.241 1.2259 -0.78451 50 30 0
14.207 1.2996 -0.79251 54 35 18
14.261 1.2169 -0.78969 38 21 11
14.244 1.2873 -0.80711 46 33 14
14.202 1.3071 -0.81194 41 27 1
14.193 1.2988 -0.7964 48 40 4
14.265 1.2114 -0.80154 38 30 7
14.24 1.2944 -0.82693 45 33 17
14.262 1.236 -0.79622 25 12 3
14.265 1.2326 -0.80974 42 30 14
14.227 1.2911 -0.79876 51 32 0
14.222 1.2989 -0.78703 63 42 21
14.196 1.2949 -0.79486 48 40 4
14.257 1.2226 -0.77846 49 27 3
14.256 1.2899 -0.77549 58 43 22
14.27 1.2889 -0.79935 46 38 17
14.268 1.2941 -0.81779 40 27 18
14.253 1.295 -0.82236 41 32 15
14.237 1.2975 -0.7822 56 42 16
14.239 1.2954 -0.79682 54 38 21
14.263 1.3005 -0.79098 57 41 24
14.28 1.2959 -0.79942 44 37 11
14.283 1.2912 -0.81164 44 31 15
14.255 1.2917 -0.79014 53 37 14
14.253 1.2955 -0.80753 47 35 11
14.281 1.2923 -0.78145 60 42 28
10.433 -0.074535 -0.12288 84 64 30
13.409 1.2503 -0.065026 75 54 25
13.34 1.2985 -0.083157 77 54 23
13.279 1.3738 -0.048368 17 14 5
13.295 1.3589 -0.067518 12 0 0
13.34 1.3497 -0.072954 37 25 1
13.327 1.3569 -0.089428 13 10 0
13.418 1.315 -0.056443 62 41 14
13.373 1.3483 -0.077336 61 46 7
13.403 1.2753 -0.087799 60 46 19
13.386 1.3354 -0.09396 49 42 13
13.487 1.3269 -0.088183 57 38 22
13.512 1.3102 -0.05237 57 37 12
13.447 1.3363 -0.083292 60 43 17
13.419 1.3352 -0.080697 59 40 24
13.495 1.3226 -0.072531 62 45 15
13.399 1.349 -0.09922 51 32 18
13.525 1.3226 -0.058251 61 41 16
13.522 1.3223 -0.074781 62 42 18
13.582 1.3183 -0.067349 64 44 17
13.492 1.3737 -0.061926 64 43 16
13.517 1.3245 -0.092098 57 38 22
13.62 1.3279 -0.0736 30 23 7
13.616 1.3297 -0.089878 36 27 20
13.617 1.3332 -0.057877 63 45 31
13.652 1.3192 -0.092794 71 53 31
13.603 1.3237 -0.053361 32 17 0
13.662 1.3114 -0.076938 68 49 32
13.601 1.323 -0.069697 37 23 0
13.67 1.3058 -0.061561 67 52 21
13.682 1.3128 -0.095471 69 51 27
13.599 1.3229 -0.086371 52 40 16
13.678 1.3184 -0.081672 72 52 27
13.675 1.3229 -0.065363 69 51 29
13.733 1.3086 -0.087735 70 49 30
13.709 1.3103 -0.084711 71 51 26
13.733 1.3105 -0.073249 68 49 15
13.727 1.2952 -0.069264 68 47 30
13.768 1.295 -0.089653 70 50 25
13.738 1.307 -0.057579 53 34 18
13.825 1.2801 -0.082729 73 49 23
13.826 1.3002 -0.086139 69 51 27
13.784 1.303 -0.064404 58 38 14
13.776 1.3082 -0.092745 69 48 29
13.755 1.3108 -0.060272 56 41 12
13.824 1.2826 -0.068311 65 48 30
13.767 1.2982 -0.074875 68 50 28
13.777 1.3084 -0.079971 67 47 20
13.768 1.3833 -0.069567 65 48 22
13.834 1.2925 -0.071459 67 49 27
13.91 1.2722 -0.081304 68 50 10
13.833 1.2955 -0.057243 51 32 25
13.927 1.2524 -0.095092 68 48 24
13.906 1.2775 -0.067612 67 50 24
13.944 1.2733 -0.086687 32 26 4
13.918 1.2842 -0.070203 37 21 0
13.919 1.2846 -0.056855 25 25 0
13.957 1.2613 -0.059995 29 22 2
13.959 1.2772 -0.07632 31 22 7
13.945 1.2729 -0.073698 33 25 4
13.923 1.2768 -0.083937 27 11 0
13.964 1.2702 -0.089295 26 20 0
13.988 1.2642 -0.065594 31 22 3
13.997 1.2726 -0.069322 28 21 0
14.023 1.2607 -0.07143 29 17 5
13.96 1.2773 -0.063139 30 24 0
13.996 1.2721 -0.082007 29 21 0
13.984 1.2667 -0.092417 27 21 0
14.026 1.2562 -0.084485 25 18 12
13.988 1.2623 -0.079368 30 23 3
14.071 1.2585 -0.066993 64 46 34
14.033 1.2678 -0.074828 66 49 29
14.065 1.2651 -0.079889 50 39 17
14.038 1.2622 -0.061304 66 52 15
14.06 1.2525 -0.076896 65 47 23
14.055 1.2582 -0.089795 28 20 0
14.054 1.2608 -0.065334 40 26 0
14.02 1.2645 -0.059756 22 12 0
14.031 1.2687 -0.087184 31 21 12
14.064 1.2665 -0.092504 31 20 0
14.105 1.2533 -0.072273 70 54 31
14.098 1.2616 -0.084834 34 23 3
14.117 1.2562 -0.062956 59 43 17
14.119 1.2533 -0.075377 36 17 10
14.091 1.2513 -0.081898 50 38 16
14.09 1.2539 -0.070607 61 46 17
14.124 1.2458 -0.086762 21 17 0
14.108 1.2494 -0.060784 54 37 11
14.165 1.2466 -0.082174 30 15 10
14.15 1.2491 -0.068186 41 24 6
14.131 1.2551 -0.089501 22 20 0
14.149 1.2496 -0.080414 33 22 3
14.138 1.2474 -0.065888 62 53 20
14.134 1.2514 -0.077715 50 39 17
14.152 1.245 -0.091596 25 14 0
14.168 1.2425 -0.070544 68 50 36
10.893 -0.13571 -0.36887 82 62 35
10.598 0.095222 -0.19917 57 39 3
13.405 1.2815 -0.19992 0 0 0
13.402 1.3371 -0.17143 53 36 19
13.24 1.415 -0.14949 8 15 7
13.387 1.3267 -0.14891 43 29 16
13.312 1.3576 -0.16704 5 6 0
13.366 1.3481 -0.11546 55 40 21
13.327 1.354 -0.11035 9 10 2
13.353 1.3507 -0.17147 42 30 4
13.333 1.3612 -0.2089 24 21 12
13.443 1.309 -0.13518 59 40 6
13.32 1.3566 -0.12737 15 13 0
13.381 1.3509 -0.19321 56 41 20
13.324 1.346 -0.18512 13 13 13
13.414 1.3294 -0.15217 58 41 23
13.337 1.3608 -0.19078 42 27 4
13.318 1.3832 -0.13494 56 37 30
13.494 1.3145 -0.14038 60 40 13
13.507 1.3263 -0.14375 59 42 14
13.52 1.3176 -0.12721 47 34 2
13.473 1.3366 -0.10797 59 37 0
13.493 1.3362 -0.16336 58 40 20
13.403 1.3435 -0.1162 51 37 10
13.455 1.3275 -0.10317 54 37 19
13.459 1.336 -0.19438 54 37 20
13.533 1.3088 -0.1098 55 38 12
13.424 1.3458 -0.15707 59 42 12
13.53 1.3234 -0.1997 51 34 4
13.476 1.3265 -0.15917 61 42 12
13.427 1.3405 -0.17327 50 34 19
13.438 1.3393 -0.11851 48 30 6
13.397 1.3699 -0.14084 60 40 13
13.464 1.3562 -0.19786 54 36 14
13.443 1.3251 -0.19208 56 41 22
13.466 1.333 -0.17742 41 26 3
13.577 1.2898 -0.14583 62 42 18
13.544 1.3162 -0.16362 58 41 11
13.608 1.3264 -0.18953 44 31 0
13.491 1.3681 -0.11294 47 28 12
13.535 1.328 -0.12979 54 33 12
13.646 1.3206 -0.12467 67 51 16
13.683 1.3084 -0.12734 68 51 21
13.623 1.3215 -0.10628 32 30 8
13.641 1.318 -0.1909 64 54 27
13.625 1.3184 -0.12241 34 29 0
13.659 1.3261 -0.17763 64 48 23
13.617 1.3232 -0.13938 31 24 0
13.611 1.3268 -0.156 40 26 0
13.603 1.3326 -0.1735 32 26 4
13.674 1.3189 -0.11251 67 51 28
13.653 1.313 -0.1412 67 51 16
13.649 1.3143 -0.15796 64 46 44
13.659 1.3111 -0.10883 72 53 21
13.671 1.3129 -0.1929 65 44 23
13.649 1.3129 -0.17446 66 55 33
13.699 1.31 -0.17831 68 52 17
13.674 1.3157 -0.1442 66 50 25
13.665 1.3216 -0.16068 64 48 25
13.769 1.308 -0.17007 69 51 27
13.747 1.3073 -0.183 67 48 18
13.729 1.3074 -0.13355 65 49 14
13.71 1.3066 -0.11541 68 51 23
13.709 1.3093 -0.10003 68 51 25
13.718 1.3132 -0.18098 70 52 32
13.751 1.3048 -0.16755 70 51 19
13.758 1.3016 -0.12058 68 48 13
13.757 1.3043 -0.10621 65 48 22
13.763 1.3128 -0.18627 67 47 22
13.726 1.3089 -0.1501 62 46 21
13.698 1.3164 -0.13172 65 49 26
13.747 1.3119 -0.13638 63 49 20
13.699 1.312 -0.16224 68 52 26
13.721 1.312 -0.16567 69 52 24
13.751 1.3061 -0.15179 64 48 22
13.729 1.3092 -0.1187 66 51 18
13.737 1.3036 -0.10305 69 49 22
13.702 1.3108 -0.14585 68 52 27
13.824 1.2988 -0.11432 63 47 12
13.851 1.2877 -0.16044 67 50 24
13.806 1.2989 -0.09709 67 47 23
13.825 1.2972 -0.12949 64 46 24
13.782 1.3008 -0.10885 65 48 22
13.814 1.3041 -0.17359 66 50 27
13.779 1.3009 -0.13832 67 46 29
13.826 1.2934 -0.15833 68 50 26
13.824 1.3003 -0.10014 66 49 23
13.775 1.303 -0.15418 65 51 15
13.853 1.2844 -0.1749 69 50 8
13.827 1.2936 -0.14357 69 51 11
13.804 1.2952 -0.15531 67 49 25
13.804 1.2975 -0.12637 65 45 21
13.801 1.2966 -0.171 69 52 22
13.797 1.3038 -0.1414 66 51 18
13.778 1.3037 -0.12388 65 48 20
13.806 1.2915 -0.17051 69 52 22
13.805 1.2984 -0.11223 65 46 14
13.851 1.2928 -0.10221 69 49 12
13.919 1.2764 -0.15205 47 30 10
13.85 1.2896 -0.14597 65 49 23
13.912 1.2828 -0.16656 44 28 3
13.872 1.269 -0.11687 64 48 12
13.859 1.2817 -0.13119 63 46 18
13.957 1.2723 -0.15601 26 18 5
13.98 1.2672 -0.14455 28 16 4
13.956 1.2724 -0.17053 29 17 5
13.956 1.2769 -0.11627 28 16 2
13.954 1.2776 -0.14324 32 14 4
13.943 1.2715 -0.12712 28 22 0
13.941 1.2718 -0.14064 32 19 3
13.963 1.2685 -0.12893 28 14 3
13.912 1.2867 -0.11152 49 33 0
13.918 1.2791 -0.12437 37 20 12
13.946 1.2688 -0.11317 32 22 0
13.978 1.2697 -0.13164 25 17 4
13.908 1.289 -0.13929 26 17 0
13.948 1.2672 -0.099228 31 23 2
13.968 1.2798 -0.15933 28 24 0
13.934 1.2783 -0.16793 27 16 14
13.924 1.2754 -0.098139 30 16 0
13.931 1.282 -0.15499 26 19 1
13.959 1.275 -0.10308 32 22 0
13.974 1.2722 -0.17216 25 15 3
14 1.2669 -0.094986 25 20 0
14.008 1.2719 -0.1628 21 8 0
14.018 1.2606 -0.14829 20 12 1
14.033 1.2633 -0.13773 21 5 5
14.022 1.2585 -0.10973 18 8 0
14.019 1.2617 -0.12252 13 11 0
14 1.2642 -0.13336 27 19 6
13.993 1.2709 -0.14728 28 18 6
13.997 1.2651 -0.15999 29 25 0
13.988 1.2601 -0.10508 31 23 2
13.993 1.2741 -0.10814 27 19 0
13.993 1.2736 -0.12116 27 17 5
14.029 1.2673 -0.15155 21 15 3
14.029 1.2684 -0.12556 19 4 7
14.015 1.265 -0.136 30 18 6
13.982 1.267 -0.11794 28 18 6
14.018 1.2646 -0.097093 22 12 3
14.031 1.263 -0.16362 15 9 0
14.049 1.2623 -0.14007 20 10 0
14.084 1.2558 -0.14407 21 13 2
14.085 1.2558 -0.13123 21 9 0
14.062 1.2638 -0.15518 18 6 0
14.065 1.2627 -0.11729 29 9 10
14.037 1.2604 -0.099751 27 15 3
14.066 1.2626 -0.10479 28 20 7
14.085 1.2543 -0.15596 19 5 0
14.064 1.2639 -0.12963 17 7 6
14.053 1.2602 -0.1014 25 15 3
14.067 1.2584 -0.14169 22 8 8
14.051 1.2585 -0.15272 22 8 0
14.055 1.2558 -0.12689 19 3 6
14.031 1.2666 -0.11297 10 9 7
14.045 1.2659 -0.166 13 3 2
14.088 1.253 -0.11873 26 11 6
14.055 1.2561 -0.11435 16 10 0
14.119 1.2512 -0.098915 27 14 0
14.095 1.262 -0.13412 19 7 9
14.116 1.2517 -0.15977 12 12 4
14.101 1.2533 -0.14543 23 5 5
14.117 1.2515 -0.14771 22 12 2
14.12 1.2492 -0.12257 20 10 0
14.118 1.2521 -0.11113 24 18 2
14.1 1.2557 -0.12198 16 12 3
14.117 1.2524 -0.13507 19 10 1
14.093 1.2479 -0.094517 29 21 0
14.126 1.2576 -0.16211 16 13 4
14.087 1.2542 -0.10703 24 15 8
14.1 1.257 -0.1091 27 12 5
14.126 1.2593 -0.13769 19 7 9
14.097 1.2611 -0.096933 31 15 0
14.13 1.2521 -0.14934 17 3 0
14.095 1.261 -0.15871 23 8 1
14.128 1.2573 -0.12573 20 8 8
14.156 1.2555 -0.14116 18 12 0
14.178 1.2442 -0.13037 16 2 1
14.145 1.2516 -0.13866 18 3 0
14.129 1.2569 -0.10142 21 14 6
14.156 1.2545 -0.15283 7 7 0
14.142 1.2555 -0.15154 10 10 0
14.156 1.2589 -0.094105 20 20 0
14.147 1.251 -0.11481 28 8 10
14.174 1.2493 -0.14218 17 7 0
14.171 1.2523 -0.15474 18 0 0
14.16 1.2518 -0.1057 24 16 5
14.151 1.2455 -0.10344 24 14 13
14.13 1.2545 -0.11326 22 9 0
14.158 1.2535 -0.12949 15 2 0
14.16 1.2514 -0.1173 25 6 2
14.149 1.247 -0.12642 11 7 0
10.918 -0.12538 -0.56695 78 56 33
10.705 0.0965 -0.43941 56 39 13
13.292 1.3844 -0.27329 9 8 4
13.4 1.3336 -0.21158 54 38 15
13.381 1.3458 -0.2277 53 39 13
13.365 1.3554 -0.24987 55 38 28
13.381 1.3652 -0.27177 60 42 22
13.398 1.3489 -0.28988 61 40 19
13.414 1.3437 -0.22976 58 41 15
13.31 1.3762 -0.23094 17 20 13
13.358 1.3536 -0.30946 26 29 20
13.416 1.3448 -0.21444 45 30 9
13.329 1.3586 -0.2484 8 7 5
13.38 1.3413 -0.26753 44 26 12
13.311 1.3668 -0.28996 11 10 6
13.355 1.3585 -0.28975 52 34 20
13.408 1.3386 -0.30781 62 43 13
13.413 1.3419 -0.25001 57 39 19
13.477 1.3406 -0.23502 57 40 14
13.44 1.3425 -0.26983 63 42 21
13.504 1.3372 -0.27374 58 39 22
13.494 1.3429 -0.29324 60 40 13
13.525 1.3259 -0.21742 61 42 10
13.425 1.3572 -0.25333 59 42 24
13.511 1.3352 -0.23688 62 41 20
13.481 1.3348 -0.25274 53 36 8
13.44 1.3496 -0.21577 56 38 18
13.467 1.3421 -0.29127 59 40 10
13.432 1.3462 -0.29077 59 42 12
13.479 1.3413 -0.21693 54 40 14
13.463 1.3479 -0.27346 62 42 17
13.45 1.3387 -0.23259 59 42 24
13.5 1.3423 -0.25575 60 38 23
13.558 1.3121 -0.28903 62 42 17
13.564 1.3113 -0.25304 61 43 21
13.534 1.3415 -0.22067 58 40 20
13.548 1.3273 -0.23688 63 45 21
13.542 1.3283 -0.2734 62 43 11
13.682 1.3174 -0.2612 65 48 18
13.69 1.308 -0.27698 50 43 15
13.64 1.318 -0.20853 42 27 4
13.692 1.3131 -0.21106 66 50 24
13.686 1.3155 -0.24484 66 45 28
13.64 1.3156 -0.2249 54 38 15
13.656 1.3253 -0.21068 66 50 24
13.693 1.3139 -0.19527 65 47 25
13.691 1.3122 -0.22696 67 51 26
13.712 1.3109 -0.26205 67 49 25
13.658 1.3212 -0.22681 66 50 24
13.654 1.3193 -0.27784 58 41 13
13.65 1.3271 -0.24445 62 42 15
13.669 1.3075 -0.25803 65 49 23
13.618 1.3322 -0.26042 36 22 13
13.693 1.3275 -0.28171 51 45 21
13.721 1.3089 -0.19698 63 46 18
13.74 1.3039 -0.27881 52 38 9
13.787 1.3041 -0.24888 64 47 19
13.769 1.305 -0.20096 68 47 28
13.794 1.2981 -0.23287 64 48 23
13.77 1.2989 -0.24703 68 48 21
13.76 1.3122 -0.21767 68 51 8
13.766 1.3017 -0.26352 65 48 22
13.703 1.3212 -0.2471 60 42 18
13.711 1.3169 -0.21336 67 52 21
13.772 1.3175 -0.26645 59 44 21
13.744 1.3048 -0.22988 66 49 19
13.747 1.304 -0.21515 67 49 29
13.753 1.3128 -0.2818 44 39 20
13.706 1.3206 -0.23057 62 45 17
13.745 1.3069 -0.1991 66 46 22
13.766 1.3047 -0.23207 64 48 23
13.742 1.3052 -0.24669 66 52 16
13.724 1.3218 -0.26548 63 48 17
13.818 1.2975 -0.20284 67 47 23
13.81 1.3039 -0.21954 65 48 18
13.826 1.3045 -0.26829 63 46 18
13.852 1.2844 -0.18955 68 50 10
13.805 1.2916 -0.18586 67 47 22
13.811 1.3017 -0.23527 67 47 23
13.81 1.2996 -0.26573 63 50 16
13.837 1.2942 -0.25095 67 50 22
13.846 1.2892 -0.20484 65 48 20
13.86 1.2928 -0.23676 65 47 23
13.795 1.2997 -0.20193 66 51 22
13.81 1.3071 -0.18982 64 47 21
13.842 1.2907 -0.23492 67 48 8
13.879 1.2705 -0.24906 64 47 19
13.868 1.2817 -0.26543 64 47 21
13.795 1.2987 -0.2175 67 51 25
13.846 1.2877 -0.21947 60 44 19
13.81 1.3012 -0.25058 65 48 22
13.929 1.2797 -0.2253 27 20 4
13.927 1.28 -0.23966 26 16 4
13.929 1.2805 -0.21108 24 14 2
13.899 1.2962 -0.18218 28 17 0
13.973 1.2685 -0.24069 26 20 4
13.984 1.2763 -0.22946 29 11 7
13.99 1.2696 -0.2145 23 15 2
13.948 1.2789 -0.21261 31 14 4
13.977 1.2675 -0.18534 33 15 5
13.949 1.2798 -0.18456 35 19 20
13.974 1.2697 -0.19914 20 10 0
13.983 1.2768 -0.24335 29 16 8
13.971 1.2726 -0.21366 24 9 16
13.972 1.2701 -0.22703 27 17 5
13.936 1.2748 -0.18197 27 22 1
13.943 1.2821 -0.25567 27 20 4
13.945 1.2838 -0.19913 28 18 6
13.944 1.2827 -0.2269 30 16 5
13.94 1.2857 -0.2418 28 17 0
13.986 1.2762 -0.20193 24 14 2
13.934 1.2757 -0.19621 26 14 2
14.023 1.2715 -0.19102 29 15 15
14.021 1.2704 -0.24478 28 12 12
14.022 1.2705 -0.23113 25 11 0
14.013 1.2637 -0.20195 39 17 6
14.044 1.264 -0.2183 64 48 25
14.044 1.2629 -0.23159 53 41 17
13.988 1.2745 -0.18781 26 16 4
14.007 1.2689 -0.21597 39 14 7
14.028 1.2667 -0.17776 29 8 3
13.993 1.2694 -0.17387 26 14 0
14.047 1.2588 -0.24411 22 11 17
14.009 1.265 -0.24229 38 13 9
14.046 1.2619 -0.20483 30 20 8
14.01 1.2688 -0.17524 31 17 6
14.048 1.2605 -0.19177 15 14 10
14.022 1.2718 -0.20471 31 12 5
14.011 1.2662 -0.18868 38 19 3
14.007 1.2687 -0.22944 36 17 1
14.028 1.264 -0.21702 24 14 4
14.08 1.2584 -0.19443 27 16 20
14.061 1.2639 -0.18093 23 16 8
14.046 1.2636 -0.17898 24 16 5
14.056 1.2696 -0.19412 26 16 4
14.078 1.2617 -0.18188 23 14 5
14.058 1.2664 -0.20709 46 34 12
14.079 1.2584 -0.2072 43 29 2
14.065 1.2592 -0.16729 21 11 2
14.077 1.2608 -0.22042 55 41 14
14.077 1.2606 -0.23369 57 44 26
14.057 1.2662 -0.23336 61 46 27
14.06 1.2632 -0.21926 54 37 19
14.076 1.2646 -0.16965 23 9 8
14.088 1.267 -0.21006 48 35 17
14.091 1.2616 -0.22217 51 36 3
14.088 1.2651 -0.23522 53 35 23
14.095 1.2588 -0.18342 28 15 7
14.088 1.2668 -0.19697 24 11 5
14.13 1.251 -0.17341 23 10 17
14.14 1.2572 -0.17599 20 17 0
14.126 1.2565 -0.18671 22 14 1
14.125 1.2561 -0.22386 54 38 12
14.099 1.2547 -0.17038 24 11 18
14.109 1.2576 -0.23561 51 36 17
14.109 1.2599 -0.17287 30 9 14
14.112 1.2561 -0.18494 24 13 7
14.123 1.2601 -0.19926 26 19 3
14.112 1.2547 -0.19716 34 18 3
14.139 1.2559 -0.22484 33 28 7
14.12 1.2625 -0.21243 57 41 16
14.142 1.253 -0.18742 22 14 0
14.107 1.261 -0.22322 56 40 4
14.142 1.2521 -0.212 29 13 0
14.113 1.2532 -0.20958 54 42 0
14.144 1.2497 -0.1996 21 16 0
14.172 1.2482 -0.21408 55 40 21
14.18 1.2568 -0.20438 43 32 10
14.176 1.2449 -0.16572 24 15 0
14.17 1.2539 -0.17878 27 21 9
14.146 1.2493 -0.16288 25 9 10
14.181 1.2548 -0.21661 28 14 14
14.169 1.253 -0.22691 65 49 32
14.154 1.2578 -0.16543 27 16 14
14.172 1.2495 -0.20221 38 28 16
14.171 1.2511 -0.1901 27 12 7
14.188 1.2459 -0.17926 32 15 8
14.185 1.2508 -0.19216 30 17 0
14.156 1.253 -0.1892 27 14 6
14.16 1.2482 -0.17634 22 13 6
14.152 1.2572 -0.21419 56 41 8
14.183 1.2515 -0.22801 48 30 20
14.153 1.257 -0.2015 44 33 13
14.153 1.2552 -0.22623 65 49 24
10.84 -0.13169 -0.81982 69 53 30
13.677 1.3171 -0.31225 52 41 13
13.65 1.3213 -0.29548 47 41 17
13.659 1.311 -0.30986 56 45 25
13.685 1.3113 -0.29486 47 40 20
13.705 1.3129 -0.31185 51 45 13
13.707 1.3127 -0.29578 46 40 14
13.777 1.3106 -0.28221 47 42 20
13.735 1.3078 -0.29592 38 36 14
13.726 1.3148 -0.31358 53 40 21
13.753 1.3102 -0.31324 49 42 16
13.753 1.3115 -0.2974 35 38 9
13.772 1.3146 -0.29898 34 35 19
13.809 1.2986 -0.29712 39 39 11
13.832 1.2954 -0.29722 43 37 13
14.202 0.96574 -0.28153 18 11 3
13.809 1.3001 -0.28151 45 43 18
14.376 0.78369 -0.23602 2 4 0
13.835 1.2943 -0.28148 49 40 21
13.916 1.2908 -0.2702 21 10 8
13.921 1.2844 -0.28387 7 8 3
13.944 1.277 -0.29815 3 7 10
13.946 1.2743 -0.31249 3 3 3
13.902 1.3012 -0.34744 0 8 0
13.915 1.287 -0.3296 1 4 0
13.93 1.2909 -0.33101 9 4 0
13.93 1.2902 -0.346 12 3 0
13.934 1.2897 -0.2861 7 2 0
13.914 1.2908 -0.29968 0 8 5
13.906 1.2982 -0.31592 0 6 0
14.004 1.2677 -0.2988 12 5 13
13.991 1.2827 -0.3159 20 8 10
13.971 1.2679 -0.2833 13 0 0
13.957 1.2827 -0.30022 14 5 0
13.96 1.2818 -0.27122 26 17 8
13.945 1.2784 -0.2694 20 16 4
14.006 1.266 -0.2843 31 1 0
13.989 1.2677 -0.26986 29 14 9
13.977 1.2812 -0.28647 11 8 0
13.981 1.2773 -0.25739 27 10 18
14.001 1.2701 -0.32763 27 8 4
13.965 1.2762 -0.25598 28 20 0
13.983 1.2716 -0.31299 8 3 10
13.971 1.2846 -0.33024 18 9 4
14.015 1.2732 -0.32889 22 2 0
13.954 1.2854 -0.31528 2 5 0
13.963 1.2743 -0.32758 12 4 0
13.985 1.2705 -0.29853 5 6 11
13.999 1.2757 -0.27215 37 16 0
14.055 1.2643 -0.29994 50 33 13
14.004 1.2702 -0.2573 38 15 9
14.033 1.2712 -0.31456 35 10 0
14.057 1.261 -0.31288 58 28 0
14.054 1.2689 -0.26022 52 28 2
14.023 1.2647 -0.29893 14 5 0
14.012 1.2792 -0.28785 11 8 3
14.022 1.265 -0.31272 31 4 0
14.041 1.2644 -0.25843 48 29 25
14.035 1.2717 -0.27346 55 30 26
14.061 1.2589 -0.27209 38 8 0
14.049 1.2727 -0.28809 68 37 6
14.026 1.2623 -0.27064 22 8 0
14.044 1.2597 -0.28492 12 5 0
14.031 1.2746 -0.3013 17 11 0
14.026 1.2632 -0.25728 25 10 3
14.04 1.2616 -0.32669 38 21 13
14.111 1.2536 -0.24767 30 14 0
14.109 1.2543 -0.28675 48 18 0
14.054 1.2685 -0.24687 27 15 0
14.099 1.2672 -0.30223 36 7 0
14.076 1.2584 -0.28606 49 28 25
14.068 1.2693 -0.27461 63 30 13
14.095 1.2553 -0.26007 42 15 8
14.092 1.2565 -0.31305 60 29 21
14.104 1.2626 -0.26202 49 20 0
14.12 1.2586 -0.30102 57 27 3
14.091 1.2581 -0.29991 43 12 0
14.101 1.2661 -0.2758 57 28 6
14.094 1.2551 -0.2731 42 17 10
14.088 1.2645 -0.24841 47 28 14
14.085 1.2671 -0.28849 40 21 4
14.076 1.26 -0.24635 49 30 0
14.072 1.2651 -0.26093 65 33 12
14.075 1.2595 -0.29978 59 26 21
14.064 1.2728 -0.31594 20 11 0
14.102 1.2633 -0.3148 38 25 9
14.139 1.2541 -0.24961 50 33 16
14.136 1.2587 -0.26337 55 34 17
14.155 1.2514 -0.27554 33 9 5
14.147 1.2621 -0.29031 23 14 7
14.119 1.2632 -0.23766 61 43 29
14.138 1.2541 -0.30089 60 25 3
14.132 1.2627 -0.27681 53 20 3
14.15 1.259 -0.26412 66 38 11
14.151 1.2578 -0.23894 29 12 0
14.152 1.2542 -0.30139 22 1 0
14.16 1.2621 -0.30235 57 30 21
14.125 1.2532 -0.27424 66 35 7
14.119 1.2627 -0.25009 65 33 8
14.117 1.2643 -0.26312 64 31 16
14.139 1.2554 -0.23756 48 36 22
14.151 1.258 -0.25128 59 34 12
14.138 1.2539 -0.28779 47 16 0
14.117 1.2639 -0.28933 60 31 0
14.189 1.2609 -0.27931 56 25 15
14.196 1.2505 -0.28864 59 29 5
14.18 1.2552 -0.2528 59 27 12
14.17 1.2513 -0.2391 37 26 6
14.178 1.2568 -0.28926 21 8 0
14.165 1.2562 -0.26435 41 12 14
14.198 1.2483 -0.24054 42 30 6
14.182 1.2532 -0.24073 51 30 1
14.197 1.2492 -0.25232 63 31 19
14.193 1.2549 -0.26566 60 31 7
14.182 1.2525 -0.26477 62 31 11
14.176 1.2594 -0.27806 37 16 0
14.162 1.2612 -0.27736 46 22 12
14.162 1.2602 -0.28943 61 31 7
14.171 1.2484 -0.25088 33 13 4
14.182 1.2502 -0.30063 31 4 0
10.793 0.11105 -0.89155 53 34 20
13.93 1.2891 -0.3605 11 11 0
13.937 1.2804 -0.37312 8 3 9
13.954 1.2795 -0.40365 9 9 0
13.924 1.291 -0.42278 9 7 0
13.926 1.2906 -0.40723 14 4 2
13.959 1.277 -0.34244 2 10 0
13.949 1.2857 -0.39012 20 2 0
13.967 1.2838 -0.41983 15 9 9
13.952 1.2806 -0.41956 13 4 7
13.919 1.2805 -0.35872 4 4 0
13.926 1.2879 -0.43765 5 8 0
13.931 1.2855 -0.3903 12 11 6
13.959 1.2761 -0.35768 20 3 9
13.95 1.2859 -0.37474 16 10 0
14.01 1.276 -0.38676 23 8 3
13.998 1.2721 -0.34212 21 11 2
13.972 1.2801 -0.38869 17 7 6
13.997 1.2726 -0.35703 32 5 12
13.977 1.2752 -0.37212 5 5 5
13.992 1.2753 -0.4166 14 8 8
13.993 1.2741 -0.40127 16 10 14
14.013 1.2747 -0.34336 25 7 0
13.967 1.2848 -0.40473 15 7 5
13.991 1.2793 -0.37288 32 7 2
13.971 1.2825 -0.35915 22 8 7
14.004 1.2813 -0.41783 18 0 0
14.031 1.2696 -0.39935 22 3 7
14.005 1.2804 -0.40291 33 5 19
13.99 1.2789 -0.38795 27 7 0
13.978 1.2755 -0.34335 8 8 0
14.015 1.2701 -0.37126 24 7 0
14.011 1.2755 -0.35775 16 3 0
14.051 1.2672 -0.34227 48 31 24
14.035 1.2669 -0.35572 46 35 33
14.064 1.2697 -0.37036 18 12 0
14.063 1.2704 -0.38514 17 8 9
14.05 1.2694 -0.32853 51 36 15
14.047 1.2714 -0.35643 37 25 0
14.051 1.2665 -0.36993 19 1 0
14.066 1.2658 -0.39768 2 8 0
14.07 1.2639 -0.34135 47 32 13
14.069 1.2642 -0.35543 43 35 12
14.047 1.271 -0.38492 17 9 7
14.072 1.2612 -0.32728 59 47 23
14.036 1.2666 -0.34124 50 40 41
14.041 1.2773 -0.40134 23 16 6
14.028 1.2749 -0.37178 14 5 0
14.077 1.2714 -0.39912 17 4 13
14.028 1.274 -0.38628 16 2 0
14.081 1.2677 -0.38376 10 5 0
14.105 1.2587 -0.32724 50 34 19
14.115 1.2645 -0.32869 61 45 32
14.122 1.2557 -0.31362 30 10 3
14.103 1.26 -0.3407 49 36 20
14.096 1.2676 -0.38384 15 9 9
14.085 1.2645 -0.32814 66 43 35
14.081 1.2684 -0.3563 46 33 14
14.085 1.2635 -0.34163 61 48 14
14.113 1.2646 -0.38243 22 5 13
14.117 1.2601 -0.36794 17 1 11
14.116 1.2632 -0.34211 47 31 18
14.097 1.2667 -0.36952 16 3 21
14.102 1.2612 -0.35462 44 30 1
14.129 1.2645 -0.36882 9 5 6
14.084 1.264 -0.3689 19 0 0
14.129 1.2632 -0.38228 12 5 13
14.113 1.2656 -0.35614 28 15 6
14.159 1.2616 -0.36782 12 10 11
14.163 1.2559 -0.35346 0 0 18
14.175 1.2593 -0.35441 17 11 0
14.136 1.2557 -0.34008 55 41 12
14.134 1.2573 -0.35399 18 3 0
14.145 1.2616 -0.38134 11 0 6
14.163 1.2565 -0.34049 57 45 7
14.17 1.247 -0.3254 52 35 18
14.16 1.262 -0.31502 42 30 14
14.179 1.2533 -0.36592 15 4 10
14.153 1.2523 -0.31375 64 51 32
14.161 1.2584 -0.38042 12 10 13
14.136 1.2557 -0.32716 50 33 25
14.134 1.2589 -0.31478 51 29 18
14.149 1.2573 -0.34097 50 37 3
14.149 1.2565 -0.36652 10 2 0
14.149 1.2581 -0.32803 52 41 21
14.146 1.2606 -0.35464 48 32 0
14.203 1.2584 -0.35395 21 6 9
14.208 1.2508 -0.31478 36 22 13
14.197 1.2472 -0.32671 50 38 12
14.208 1.2521 -0.30289 21 5 6
14.179 1.2535 -0.34045 53 38 5
14.195 1.2511 -0.30101 58 26 13
14.202 1.2592 -0.32905 42 31 1
14.202 1.2595 -0.34159 56 36 11
14.19 1.2572 -0.36646 12 3 0
14.192 1.2536 -0.35291 28 15 9
14.198 1.2458 -0.31241 36 33 26
14.222 1.2495 -0.35183 8 8 0
14.195 1.2503 -0.33935 56 37 3
14.218 1.2553 -0.36578 7 5 6
14.187 1.2427 -0.31175 56 39 32
14.18 1.2531 -0.32716 53 39 30
14.207 1.2515 -0.36483 13 6 0
13.924 1.2845 -0.51652 0 6 0
13.952 1.2784 -0.44961 14 3 0
13.917 1.2965 -0.47224 11 8 1
13.915 1.2971 -0.4883 6 6 0
13.967 1.2834 -0.43501 8 5 0
13.946 1.2838 -0.46691 15 5 0
13.942 1.2872 -0.48434 13 7 7
13.965 1.2825 -0.48126 18 4 0
13.961 1.2863 -0.49852 20 5 8
13.949 1.2832 -0.43594 10 0 8
13.977 1.2874 -0.51306 15 4 2
13.963 1.2864 -0.45154 10 0 0
13.962 1.2831 -0.51308 22 5 0
13.96 1.2888 -0.46801 12 10 0
13.922 1.2911 -0.45491 4 6 1
13.946 1.2825 -0.49842 19 9 0
13.916 1.2944 -0.50411 2 6 7
13.937 1.2908 -0.51791 18 3 0
13.985 1.2783 -0.49419 16 6 0
14.005 1.279 -0.43222 18 7 1
14.001 1.2832 -0.44871 14 6 0
14.029 1.2711 -0.41466 19 9 7
13.99 1.2756 -0.4467 10 5 0
14.036 1.2789 -0.49039 22 6 9
13.985 1.2803 -0.46359 16 5 11
14.021 1.2779 -0.47635 13 8 2
13.999 1.2829 -0.49442 13 0 7
14.024 1.2752 -0.46005 11 0 6
14.024 1.2734 -0.48978 15 9 0
14.023 1.2772 -0.43044 13 4 0
14.001 1.2809 -0.47815 15 4 10
14.027 1.2714 -0.44398 16 11 5
14.038 1.2772 -0.47459 17 6 14
14 1.2829 -0.46369 14 7 0
13.987 1.2795 -0.43274 18 1 0
13.984 1.2803 -0.47972 15 9 11
14.002 1.2778 -0.50776 15 8 15
14.072 1.2746 -0.47147 12 2 0
14.06 1.269 -0.48556 21 8 0
14.056 1.2755 -0.47318 13 2 0
14.06 1.2725 -0.42824 2 1 7
14.038 1.2782 -0.44558 13 9 0
14.037 1.2798 -0.46099 11 3 0
14.041 1.2754 -0.42977 13 4 0
14.041 1.2766 -0.41551 15 5 3
14.063 1.2669 -0.44066 9 6 0
14.058 1.2729 -0.45732 14 0 2
14.073 1.2748 -0.45715 13 2 10
14.093 1.2684 -0.45389 14 2 4
14.064 1.2679 -0.41268 13 2 0
14.071 1.2758 -0.48661 21 6 9
14.075 1.2737 -0.41361 18 8 6
14.089 1.2738 -0.47031 19 4 0
14.077 1.2709 -0.42712 11 6 3
14.075 1.2728 -0.44233 23 1 11
14.099 1.2637 -0.39634 15 8 0
14.108 1.2688 -0.46736 9 2 10
14.129 1.262 -0.43604 11 4 0
14.142 1.264 -0.43655 16 1 0
14.109 1.2698 -0.4116 12 3 0
14.11 1.2674 -0.42483 19 3 3
14.127 1.2632 -0.45051 14 6 0
14.099 1.2626 -0.41015 6 7 1
14.093 1.2693 -0.42552 15 5 0
14.097 1.2644 -0.43861 16 5 0
14.106 1.2715 -0.4544 13 4 7
14.107 1.2713 -0.44014 9 7 0
14.14 1.2661 -0.45056 11 8 0
14.126 1.2658 -0.42364 14 5 0
14.11 1.2692 -0.39763 14 6 3
14.131 1.26 -0.39444 11 1 9
14.13 1.2613 -0.40869 11 9 0
14.126 1.2646 -0.46529 15 6 7
14.139 1.2673 -0.46461 17 11 0
14.142 1.2646 -0.42269 16 5 11
14.158 1.2608 -0.44777 5 1 0
14.189 1.2566 -0.41807 16 1 0
14.172 1.2621 -0.39428 8 4 1
14.174 1.2593 -0.40664 13 10 1
14.174 1.2594 -0.38022 8 3 0
14.171 1.2636 -0.43463 15 5 3
14.17 1.2638 -0.44836 18 5 0
14.141 1.2666 -0.39629 9 6 0
14.161 1.2576 -0.40661 12 8 0
14.173 1.2606 -0.42042 21 1 10
14.159 1.2608 -0.42042 9 4 0
14.191 1.2539 -0.4305 5 11 1
14.141 1.2661 -0.40941 9 9 1
14.161 1.2577 -0.4334 15 6 11
14.189 1.2562 -0.44476 14 4 0
14.162 1.2561 -0.39294 15 4 2
14.193 1.2519 -0.40395 13 4 0
14.203 1.2566 -0.39202 9 4 0
14.219 1.2534 -0.37806 18 3 0
14.19 1.2564 -0.37945 10 7 0
14.201 1.2596 -0.44512 25 8 0
14.23 1.2562 -0.42931 16 5 1
14.205 1.2541 -0.3785 19 11 0
14.222 1.2483 -0.40209 14 1 0
14.218 1.2531 -0.44191 9 3 7
14.222 1.2487 -0.38938 8 0 0
14.201 1.259 -0.43173 13 5 0
14.201 1.2596 -0.40558 15 2 12
14.217 1.2549 -0.41631 17 10 4
14.193 1.2517 -0.39087 16 1 0
14.221 1.2499 -0.42801 11 13 0
14.232 1.2533 -0.41577 15 0 9
14.203 1.2564 -0.41783 18 3 8
13.307 1.4045 -0.84161 67 50 24
13.309 1.4068 -0.81837 63 50 34
13.279 1.4023 -0.82172 70 53 25
13.249 1.4181 -0.88259 69 52 24
13.265 1.4093 -0.85123 66 50 24
13.384 1.3974 -0.82443 64 49 18
13.424 1.392 -0.81545 60 44 19
13.346 1.4016 -0.83317 65 50 21
13.36 1.3932 -0.80402 22 22 24
13.923 1.2848 -0.53361 5 7 0
13.933 1.2721 -0.54531 9 6 0
13.979 1.2836 -0.52754 10 3 0
13.958 1.2867 -0.53046 16 9 3
13.986 1.2927 -0.59272 13 2 0
13.976 1.2866 -0.54463 15 0 5
13.953 1.2899 -0.58102 21 5 6
13.951 1.2943 -0.54965 15 6 7
13.94 1.2845 -0.564 16 9 0
13.975 1.2857 -0.57652 18 3 6
13.981 1.2788 -0.55769 13 9 0
13.936 1.2897 -0.54974 9 11 0
13.939 1.2876 -0.53261 13 9 8
13.994 1.2843 -0.5737 15 4 0
13.932 1.2918 -0.58374 26 14 14
13.953 1.2888 -0.59846 11 1 0
13.973 1.2866 -0.59307 21 8 2
13.951 1.293 -0.56578 13 2 8
14.018 1.2787 -0.52225 8 10 0
14.02 1.2767 -0.52156 8 10 0
14.032 1.2804 -0.56828 14 3 0
14.041 1.2715 -0.50271 33 17 2
14.05 1.2771 -0.57962 10 3 0
14.057 1.2707 -0.53112 28 6 18
14.027 1.2864 -0.55452 21 1 10
14.018 1.2795 -0.50745 21 8 0
14.035 1.2782 -0.52047 36 14 1
14.027 1.2849 -0.58499 12 3 0
14.051 1.2771 -0.56399 21 4 0
14.059 1.2675 -0.54503 17 10 4
14.013 1.2816 -0.57014 13 2 0
13.994 1.2862 -0.54267 15 5 6
14.022 1.2724 -0.53542 10 5 1
13.99 1.2896 -0.5601 8 7 12
14.032 1.2817 -0.53714 20 8 10
14.014 1.2804 -0.58557 18 5 0
14.019 1.2752 -0.5518 7 0 7
13.997 1.2829 -0.52552 13 4 0
14.102 1.2741 -0.52728 16 7 2
14.073 1.2721 -0.49972 29 12 2
14.067 1.2773 -0.56186 16 5 0
14.09 1.2685 -0.54127 17 7 8
14.073 1.2724 -0.51517 39 14 7
14.094 1.2664 -0.48209 23 9 0
14.09 1.2709 -0.49862 26 9 2
14.093 1.2658 -0.52583 36 22 19
14.053 1.2781 -0.50369 25 2 8
14.068 1.2777 -0.53225 19 12 0
14.089 1.2711 -0.51271 37 18 11
14.066 1.2789 -0.54771 13 6 0
14.056 1.2731 -0.51698 41 16 9
14.101 1.2755 -0.54258 13 6 0
14.104 1.2707 -0.55564 7 7 0
14.086 1.2734 -0.55826 17 4 0
14.138 1.2678 -0.4789 13 2 0
14.133 1.2729 -0.52344 19 6 0
14.107 1.2684 -0.51032 33 12 7
14.134 1.2714 -0.53735 21 0 0
14.121 1.2689 -0.55261 11 6 2
14.122 1.269 -0.49487 14 7 0
14.126 1.2618 -0.53515 20 5 0
14.155 1.2635 -0.50386 17 8 11
14.142 1.2616 -0.49054 10 1 0
14.14 1.2642 -0.5061 12 1 9
14.107 1.2692 -0.48196 13 11 0
14.111 1.2637 -0.49431 23 9 0
14.158 1.2596 -0.51671 7 1 1
14.126 1.2626 -0.52112 29 7 0
14.123 1.2675 -0.50868 12 5 13
14.128 1.2616 -0.478 19 1 0
14.137 1.2664 -0.54961 10 7 2
14.159 1.2577 -0.52996 19 10 3
14.171 1.262 -0.47474 22 3 0
14.19 1.2542 -0.51153 17 8 1
14.188 1.2575 -0.4989 19 11 0
14.188 1.2576 -0.45881 13 11 0
14.175 1.2552 -0.48576 5 4 2
14.203 1.2559 -0.48344 18 7 11
14.201 1.2581 -0.49811 9 4 0
14.159 1.2582 -0.47427 17 4 0
14.154 1.2652 -0.49076 11 2 7
14.156 1.2627 -0.46227 20 5 0
14.165 1.269 -0.53272 11 4 0
14.19 1.2551 -0.47122 19 11 0
14.172 1.2606 -0.46058 12 3 0
14.19 1.2541 -0.52527 10 7 0
14.166 1.2678 -0.51813 15 6 0
14.196 1.2653 -0.52807 19 4 0
14.198 1.2627 -0.51314 16 6 0
14.17 1.263 -0.50238 14 7 15
14.183 1.2638 -0.48781 5 5 7
14.246 1.2508 -0.49138 24 16 3
14.229 1.2565 -0.49448 18 11 5
14.243 1.2553 -0.47973 11 9 0
14.219 1.2518 -0.46774 8 5 12
14.214 1.259 -0.48351 13 6 0
14.226 1.2609 -0.50949 15 8 2
14.215 1.2571 -0.49599 13 6 0
14.232 1.2524 -0.45365 11 1 0
14.23 1.2561 -0.44228 11 4 0
14.248 1.2466 -0.46402 14 9 16
14.219 1.2516 -0.5076 10 7 0
14.217 1.2551 -0.45584 13 9 0
14.23 1.2556 -0.46791 8 7 2
14.232 1.2524 -0.47988 16 4 6
14.245 1.2522 -0.50483 36 21 18
14.203 1.2553 -0.45677 15 6 0
14.2 1.2594 -0.47146 5 8 1
13.211 1.093 -0.93693 41 30 8
13.167 1.1139 -0.98284 41 29 17
13.116 1.1156 -0.99436 38 31 3
13.233 1.0465 -0.96614 69 55 29
13.182 1.1143 -0.92956 47 30 13
13.201 1.1515 -0.9593 35 26 7
13.206 1.1443 -0.98186 36 28 17
13.174 1.1454 -0.93973 49 37 23
13.181 1.1367 -0.9603 38 27 8
13.183 1.1898 -0.97807 33 27 15
13.109 1.2304 -1.0398 35 26 9
13.174 1.172 -0.94758 43 31 17
13.575 0.98894 -0.82345 30 20 11
13.169 1.2346 -0.9453 51 37 28
13.134 1.2481 -1.0142 36 27 8
13.146 1.2811 -0.9387 27 17 8
13.21 1.2042 -0.95057 36 27 8
13.195 1.1913 -0.92723 46 33 27
13.62 0.98152 -0.80871 39 21 9
13.157 1.2653 -0.98323 38 26 10
13.18 1.255 -0.94995 46 36 11
13.166 1.2043 -0.96008 40 29 0
13.184 1.2843 -0.93273 47 35 23
13.205 1.2624 -0.97084 36 29 13
13.176 1.2856 -0.95919 40 34 10
13.258 1.4079 -0.90259 70 53 25
13.346 1.3949 -0.87895 69 53 27
13.32 1.4126 -0.91502 68 51 21
13.311 1.3981 -0.86316 66 50 17
13.299 1.4013 -0.91826 64 49 16
13.589 1.2166 -0.83361 46 29 19
13.283 1.417 -0.90025 70 53 27
13.623 1.1858 -0.83621 31 13 9
13.297 1.3744 -0.90892 59 47 23
13.399 1.4094 -0.84905 67 52 23
13.4 1.4025 -0.89406 66 48 24
13.381 1.3972 -0.84858 65 52 10
13.36 1.4109 -0.88156 69 51 27
13.655 1.2324 -0.82297 38 24 13
13.658 1.207 -0.81565 36 15 12
13.435 1.4034 -0.86301 70 50 23
13.414 1.3937 -0.86439 67 53 27
13.365 1.4042 -0.90247 65 49 23
13.333 1.4082 -0.86189 68 52 17
13.641 1.1944 -0.83431 34 20 9
13.619 1.2153 -0.82548 28 11 1
13.463 1.3824 -0.82714 65 49 23
13.651 1.3103 -0.82837 65 47 25
13.567 1.3659 -0.82203 63 48 25
13.484 1.3874 -0.84723 67 52 23
13.483 1.3919 -0.82664 65 51 24
13.467 1.4081 -0.80976 19 21 10
13.543 1.385 -0.85548 63 47 21
13.699 1.2398 -0.81343 42 29 10
13.463 1.385 -0.80597 48 33 10
13.537 1.3703 -0.80813 66 50 24
13.507 1.3937 -0.84421 64 48 15
13.551 1.3838 -0.81024 49 43 27
13.553 1.3767 -0.85073 63 47 21
13.728 1.2368 -0.80437 41 27 16
13.594 1.3151 -0.82349 62 47 18
13.627 1.3613 -0.80806 61 47 20
13.619 1.3669 -0.83226 62 46 13
13.629 1.3865 -0.79286 2 8 0
13.644 1.3708 -0.80778 46 34 18
13.672 1.3634 -0.83994 54 39 16
13.598 1.3657 -0.79403 26 20 22
13.684 1.3548 -0.81385 60 45 22
13.651 1.3639 -0.8038 46 34 18
13.575 1.3818 -0.84744 63 47 12
13.576 1.3833 -0.82652 62 46 13
13.638 1.3715 -0.85142 54 41 9
13.647 1.3656 -0.82636 62 46 20
13.707 1.3564 -0.80984 59 44 25
13.737 1.3511 -0.80128 59 42 24
13.76 1.3512 -0.79653 48 41 15
13.688 1.3528 -0.79141 45 33 0
13.694 1.3675 -0.83692 52 40 16
14.083 1.2756 -0.58884 10 0 15
14.065 1.28 -0.57853 18 7 3
14.101 1.2745 -0.57186 13 3 11
14.065 1.2784 -0.59394 3 4 6
14.123 1.265 -0.58044 3 2 8
14.087 1.272 -0.57308 13 6 0
14.099 1.2764 -0.58754 6 1 5
14.166 1.2666 -0.5602 3 0 9
14.165 1.2683 -0.57519 9 7 8
14.133 1.2722 -0.58127 13 2 0
14.122 1.2666 -0.56629 14 0 5
14.154 1.2632 -0.575 6 1 8
14.156 1.2607 -0.5894 5 5 13
14.135 1.2695 -0.56559 12 5 12
14.155 1.2623 -0.56061 11 1 12
14.165 1.2674 -0.58904 12 3 0
14.152 1.2661 -0.54742 10 7 0
14.185 1.2601 -0.55554 10 0 0
14.213 1.2587 -0.57866 15 6 7
14.217 1.2539 -0.5628 12 5 0
14.2 1.259 -0.58134 6 3 14
14.186 1.2587 -0.56889 17 4 0
14.198 1.2624 -0.55483 7 6 1
14.198 1.2619 -0.54048 14 8 10
14.184 1.2614 -0.54189 13 3 12
14.197 1.2626 -0.56866 0 7 0
14.192 1.2705 -0.58587 6 3 14
14.168 1.2644 -0.54541 8 6 9
14.182 1.2643 -0.58518 13 7 9
14.216 1.255 -0.54971 9 6 0
14.227 1.2592 -0.54942 10 3 0
14.225 1.2615 -0.56426 13 4 0
14.243 1.2552 -0.57293 6 7 1
14.255 1.2567 -0.55812 14 1 8
14.253 1.2591 -0.57256 14 5 0
14.245 1.2522 -0.51795 8 1 19
14.237 1.264 -0.59034 5 2 0
14.242 1.2565 -0.53293 12 5 0
14.256 1.2549 -0.54436 14 5 0
14.258 1.252 -0.52957 25 11 10
14.226 1.2616 -0.52336 15 6 0
14.219 1.2511 -0.52083 6 4 0
14.245 1.252 -0.5446 14 0 0
14.245 1.252 -0.558 22 8 0
14.231 1.2531 -0.53363 14 5 0
14.258 1.2517 -0.58281 7 10 0
14.213 1.2596 -0.53755 8 0 23
14.229 1.256 -0.5756 9 1 0
13.637 0.95085 -0.91471 36 15 10
13.559 0.96357 -0.90269 52 40 24
13.562 0.98387 -0.90961 29 8 5
13.581 0.97874 -0.86006 26 15 9
13.596 0.95896 -0.91074 30 4 3
13.587 0.97167 -0.87836 35 13 15
13.622 0.97348 -0.84555 37 13 11
13.662 0.95934 -0.88897 26 4 4
13.652 0.97836 -0.81903 43 15 12
13.616 0.9674 -0.90482 27 0 5
13.686 0.9732 -0.82492 39 17 19
13.723 0.95937 -0.86758 35 9 18
13.701 0.9596 -0.83467 36 17 13
13.65 0.97683 -0.83901 38 15 9
13.57 0.98901 -0.84597 35 21 8
13.635 0.96208 -0.85722 33 14 0
13.702 0.95617 -0.85378 35 12 4
13.611 0.97427 -0.89093 31 8 0
13.676 0.9531 -0.86112 35 10 3
13.607 0.98701 -0.83432 37 11 10
13.653 0.97137 -0.85599 39 12 17
13.669 0.95133 -0.90319 32 6 15
13.709 0.94813 -0.86742 31 5 4
13.686 0.97618 -0.80711 37 15 0
13.777 0.96725 -0.81521 39 14 10
13.766 0.97775 -0.80326 32 18 5
13.681 1.0002 -0.81616 39 24 1
13.751 0.96288 -0.84053 39 15 13
13.721 0.96357 -0.8497 38 12 11
13.724 0.96447 -0.83009 37 17 10
13.82 0.95274 -0.81386 38 14 2
13.759 0.96042 -0.81744 40 15 10
13.706 0.98028 -0.82245 42 23 17
13.792 0.95119 -0.84132 39 16 8
13.797 0.95011 -0.82032 37 13 3
13.815 0.95902 -0.79922 38 16 5
13.749 0.97039 -0.80603 34 16 12
13.768 0.94797 -0.84721 33 9 0
13.849 0.98905 -0.81678 26 6 0
13.819 0.97535 -0.8036 32 16 0
13.831 0.9862 -0.80301 35 18 8
13.587 1.1652 -0.86096 28 8 0
13.833 0.96234 -0.81234 34 14 7
13.838 0.97863 -0.81745 27 8 4
13.669 1.1688 -0.83856 34 17 0
13.761 1.1076 -0.85123 29 7 0
13.719 1.123 -0.84975 36 11 14
13.835 1.043 -0.82211 25 7 5
13.651 1.1608 -0.83981 24 10 0
13.65 1.1587 -0.86159 34 7 14
13.755 1.09 -0.84375 27 11 0
13.844 1.0158 -0.80972 24 11 0
13.652 1.1348 -0.85313 32 11 8
13.646 1.1646 -0.84218 24 10 0
13.825 1.011 -0.81349 27 7 9
13.693 1.1215 -0.85624 33 8 11
13.681 1.1569 -0.85243 31 11 2
13.629 1.1552 -0.84419 23 3 2
13.746 1.1465 -0.82955 36 14 14
13.659 1.2025 -0.83208 35 12 4
13.686 1.2034 -0.82571 34 14 3
13.745 1.1451 -0.84931 38 10 7
13.706 1.2088 -0.82084 37 24 6
13.765 1.15 -0.84497 36 14 3
13.749 1.1664 -0.83634 37 24 18
13.723 1.141 -0.85356 30 8 11
13.692 1.1727 -0.83429 31 17 4
13.694 1.1683 -0.85086 38 11 4
13.724 1.1908 -0.83123 34 22 10
13.716 1.1747 -0.82745 36 25 6
13.791 1.1037 -0.84144 32 12 1
13.763 1.2253 -0.81216 32 19 0
13.785 1.1782 -0.82916 38 28 16
13.744 1.1951 -0.82639 35 12 4
13.729 1.2117 -0.81838 38 21 13
13.757 1.2066 -0.82766 35 15 6
13.784 1.1555 -0.84083 35 13 2
13.794 1.1946 -0.81245 40 15 21
13.808 1.1559 -0.83487 37 16 0
13.811 1.1762 -0.82032 41 22 6
13.752 1.2129 -0.81161 39 26 17
13.772 1.1681 -0.83035 38 20 8
13.832 1.203 -0.80599 30 19 0
13.832 1.2265 -0.79513 29 12 5
13.71 1.3251 -0.83977 51 36 17
13.868 1.1657 -0.80216 35 10 6
13.838 1.219 -0.81017 31 12 6
13.862 1.1937 -0.81277 31 8 0
13.822 1.1883 -0.8226 34 22 8
13.803 1.2329 -0.80559 41 22 16
13.793 1.2201 -0.80261 36 22 9
13.901 1.1745 -0.81262 34 17 0
13.803 1.2082 -0.81627 41 32 17
13.87 1.1842 -0.82676 28 8 0
13.722 1.3615 -0.84824 49 40 11
13.874 1.227 -0.80352 23 9 0
13.752 1.3577 -0.82027 57 42 11
13.875 1.2026 -0.81311 29 10 3
13.872 1.2067 -0.79548 30 4 5
13.753 1.3543 -0.83808 49 36 20
13.776 1.3289 -0.84409 47 35 11
13.949 1.1893 -0.80497 64 35 3
13.731 1.355 -0.82382 57 41 15
13.726 1.3338 -0.84075 48 35 17
13.788 1.3411 -0.84639 45 34 12
13.8 1.3519 -0.84526 48 37 9
13.827 1.3468 -0.83693 50 35 12
13.961 1.2422 -0.80317 61 33 4
13.786 1.3468 -0.80852 60 43 23
13.953 1.2282 -0.79878 65 38 3
13.775 1.3564 -0.83335 54 38 13
13.806 1.3496 -0.80478 58 44 18
13.826 1.3493 -0.81838 61 48 16
13.848 1.3474 -0.83111 48 37 5
13.807 1.3465 -0.82175 55 40 7
13.836 1.341 -0.79475 58 42 19
13.877 1.3409 -0.80341 61 48 14
13.876 1.3401 -0.82244 54 42 2
13.962 1.2633 -0.81077 67 40 7
13.899 1.3374 -0.81533 58 43 14
13.857 1.3391 -0.80751 61 47 21
13.916 1.3425 -0.79397 55 36 32
13.955 1.294 -0.80249 70 43 6
13.973 1.2292 -0.77571 54 38 2
13.922 1.3336 -0.80781 58 43 14
13.91 1.3266 -0.79121 60 44 11
13.952 1.2745 -0.79636 69 42 0
13.967 1.3268 -0.79485 60 47 5
13.942 1.3337 -0.80265 59 42 16
13.97 1.2987 -0.80173 63 38 0
13.992 1.2959 -0.79657 51 36 5
13.979 1.3337 -0.81141 56 41 8
13.985 1.3272 -0.78985 61 43 3
13.688 0.95982 -0.89862 29 10 6
13.734 0.94263 -0.91564 31 9 22
13.678 0.94271 -0.91818 31 7 3
13.788 0.92295 -0.90623 23 5 5
13.709 0.94224 -0.90408 31 10 5
13.723 0.92392 -0.95311 54 41 23
13.743 0.94235 -0.87321 27 5 5
13.74 0.94167 -0.89352 29 9 0
13.632 0.98744 -0.99246 51 38 20
13.794 0.94681 -0.85663 34 12 1
13.795 0.9434 -0.87504 27 2 0
13.789 0.9418 -0.91328 27 5 5
13.828 0.94446 -0.82633 36 11 14
13.836 0.92728 -0.88896 22 4 2
13.828 0.93599 -0.87698 27 9 9
13.852 0.93227 -0.90277 30 7 0
13.766 0.94079 -0.902 29 9 0
13.763 0.94582 -0.88627 27 7 0
13.836 0.93335 -0.85579 32 12 1
13.789 0.94471 -0.89505 30 11 7
13.835 0.95064 -0.88104 25 3 5
13.846 0.91771 -0.89977 28 6 0
13.816 0.95023 -0.85033 33 10 2
13.848 0.93831 -0.88991 26 6 0
13.766 0.94691 -0.8679 32 8 6
13.864 0.94551 -0.88574 25 6 0
13.861 0.97023 -0.87805 17 7 0
13.862 0.96667 -0.89612 23 4 10
13.866 0.9322 -0.8253 36 12 8
13.855 0.97671 -0.86401 21 6 0
13.845 0.94536 -0.85657 31 5 6
13.866 0.94117 -0.90121 27 8 1
13.884 0.97353 -0.85303 14 2 4
13.846 0.98948 -0.83665 29 4 8
13.854 0.95826 -0.85756 27 10 2
13.854 0.95563 -0.87516 25 8 0
13.849 0.96742 -0.82716 33 10 4
13.84 0.95459 -0.82566 35 14 11
13.844 0.96873 -0.84766 26 9 0
13.853 0.98087 -0.84827 22 8 0
13.885 0.96999 -0.86854 23 2 0
13.882 0.97049 -0.88821 16 5 0
13.873 0.95559 -0.90495 30 3 8
13.949 0.95819 -0.82323 68 39 7
13.98 0.9508 -0.81031 71 44 0
13.949 0.95575 -0.83926 64 40 6
13.949 0.97921 -0.81309 61 39 2
13.969 0.95809 -0.83339 62 38 2
13.934 0.97544 -0.8024 61 33 0
13.832 1.0429 -0.84258 25 10 7
13.951 0.95248 -0.85467 60 37 0
13.875 0.98371 -0.844 29 8 3
13.941 0.96692 -0.81257 77 49 0
13.846 1.0121 -0.82771 27 4 0
13.965 0.95884 -0.85189 65 40 8
13.909 0.96828 -0.87782 65 39 0
13.93 0.95756 -0.81302 70 38 0
13.924 0.9607 -0.83415 61 39 15
13.863 0.99542 -0.83203 27 7 9
13.91 0.96944 -0.86001 63 39 3
13.925 1.0239 -0.80475 57 37 10
13.924 1.0444 -0.81328 63 40 0
13.982 1.0052 -0.83062 60 36 10
13.929 1.0181 -0.81885 61 35 0
13.925 1.0041 -0.79603 36 14 17
13.996 0.95494 -0.80497 78 52 2
13.933 1.0322 -0.83953 60 35 3
14.016 0.95332 -0.81406 68 40 0
13.93 1.0365 -0.82562 60 31 0
13.95 0.99726 -0.82176 59 37 0
14.046 0.94474 -0.79883 80 50 0
13.989 0.97969 -0.81591 65 42 0
14.001 0.94853 -0.8173 65 36 0
13.927 1.0005 -0.81391 63 35 0
13.937 1.0501 -0.82766 61 32 1
13.94 1.0693 -0.81624 61 34 0
13.982 1.0437 -0.84434 66 39 2
13.961 1.0655 -0.84281 69 42 7
13.929 1.0559 -0.85073 62 34 3
14.032 0.97543 -0.81515 61 34 0
13.938 1.0928 -0.8085 68 40 1
13.937 1.0919 -0.82648 59 35 0
13.933 1.056 -0.81472 62 35 0
13.929 1.0814 -0.80786 65 37 8
13.966 1.0391 -0.84804 67 40 5
13.996 1.0493 -0.84149 52 21 0
13.935 1.0717 -0.83718 63 36 1
13.956 1.0721 -0.82987 68 40 11
13.951 1.0551 -0.84219 66 38 7
13.969 1.1016 -0.81923 70 46 8
14.029 1.0563 -0.83279 70 45 13
13.945 1.1267 -0.81844 63 36 0
14.01 1.0762 -0.82945 70 45 0
13.938 1.1154 -0.79906 58 35 2
13.986 1.1041 -0.81396 70 44 4
13.994 1.0942 -0.82509 74 47 2
13.962 1.0868 -0.83353 70 43 10
14.009 1.0564 -0.83911 61 30 9
13.958 1.1342 -0.81718 65 38 1
13.984 1.0847 -0.82482 72 47 0
13.983 1.0642 -0.83459 67 39 8
13.946 1.1279 -0.80154 63 39 1
13.938 1.113 -0.816 61 35 0
13.994 1.0734 -0.83455 69 44 0
13.95 1.1001 -0.82469 65 38 1
14.039 1.065 -0.83194 68 44 6
13.991 1.1196 -0.81865 68 44 10
14.005 1.1243 -0.81484 70 43 10
13.98 1.1528 -0.81706 62 39 8
13.957 1.135 -0.81763 64 37 0
14.047 1.0969 -0.82456 72 43 0
14.016 1.0915 -0.81665 74 45 11
13.953 1.1618 -0.81199 62 38 2
13.956 1.1799 -0.81744 62 38 4
14.022 1.1272 -0.81225 53 32 3
14.024 1.1038 -0.81886 73 45 5
13.998 1.1538 -0.81139 65 43 2
14.045 1.1007 -0.81082 67 44 0
13.979 1.1338 -0.81031 61 38 0
14.066 1.0961 -0.81744 71 47 11
14.041 1.0845 -0.82234 72 43 0
13.946 1.1485 -0.80966 60 31 0
14.02 1.0859 -0.83012 73 45 0
13.961 1.2195 -0.81294 63 39 3
14.035 1.1335 -0.80996 35 18 0
13.977 1.1779 -0.80919 58 36 0
14.079 1.1015 -0.81581 70 46 12
14.051 1.1144 -0.81369 63 41 0
13.956 1.203 -0.80896 62 35 0
14.058 1.1269 -0.81633 55 35 0
13.97 1.2302 -0.81222 56 36 1
13.995 1.2468 -0.79493 67 39 0
13.982 1.2378 -0.81157 58 36 0
13.993 1.2702 -0.8029 72 43 0
13.991 1.2496 -0.8125 51 31 0
14.103 1.1349 -0.80487 54 34 9
14.044 1.2519 -0.79985 67 42 0
14.024 1.2542 -0.80558 63 39 13
14.058 1.2552 -0.79505 73 44 2
14.046 1.2713 -0.78857 54 39 0
14.012 1.2913 -0.80355 65 39 0
14.015 1.2653 -0.79336 72 45 0
14.006 1.3223 -0.79973 57 43 17
14.082 1.2469 -0.80381 60 37 0
14.059 1.3219 -0.80274 55 38 12
14.13 1.2466 -0.78722 70 41 10
14.07 1.2617 -0.79422 73 48 4
14.054 1.3064 -0.78162 59 43 26
14.128 1.207 -0.80739 34 30 18
14.048 1.3135 -0.80267 52 34 14
14.135 1.2201 -0.7949 51 27 0
14.113 1.2489 -0.79435 69 40 0
14.022 1.3257 -0.79743 56 40 14
14.038 1.305 -0.80405 57 35 0
14.106 1.2363 -0.79197 70 41 0
14.08 1.2706 -0.79361 67 42 0
14.138 1.2364 -0.79865 59 37 0
14.097 1.2704 -0.79053 69 44 0
14.098 1.3137 -0.78913 64 43 26
14.088 1.3058 -0.78891 61 41 17
14.116 1.3111 -0.79871 52 35 18
14.131 1.2673 -0.79458 69 42 0
14.148 1.2435 -0.79803 62 39 0
14.152 1.2599 -0.78638 69 41 4
14.1 1.3108 -0.80399 52 34 10
14.167 1.2383 -0.78947 71 42 10
14.109 1.3207 -0.78617 56 40 25
14.173 1.252 -0.79266 71 44 1
14.135 1.3065 -0.7923 52 39 7
14.155 1.3 -0.7998 52 36 19
14.166 1.3064 -0.79953 50 38 14
14.154 1.3014 -0.78524 56 41 20
14.155 1.2783 -0.79367 64 39 7
14.181 1.261 -0.79251 75 46 4
14.186 1.299 -0.79048 54 40 4
14.202 1.2975 -0.78609 58 40 20
13.855 0.92773 -0.91918 33 20 12
13.924 0.9318 -0.89245 26 8 6
13.876 0.97252 -0.90961 46 23 15
13.869 0.93656 -0.91659 29 8 5
13.92 0.95221 -0.92024 62 37 7
13.854 0.96808 -0.93661 27 14 6
13.953 0.9437 -0.90213 70 44 4
13.968 0.95469 -0.86615 67 37 0
13.994 0.94478 -0.90229 74 47 2
13.941 0.95597 -0.89462 69 42 7
13.943 0.94989 -0.9264 61 37 0
13.991 0.95333 -0.85624 68 40 1
13.928 0.95047 -0.88066 62 39 6
13.957 0.95933 -0.90684 72 43 1
13.992 0.95065 -0.87215 62 39 0
13.988 0.95174 -0.89029 69 40 0
13.96 0.95877 -0.88785 66 37 3
13.906 0.9658 -0.9133 74 45 11
13.968 0.94785 -0.91516 68 37 7
13.943 0.95671 -0.87692 66 39 6
14.017 0.94877 -0.8441 65 40 8
14.047 0.94214 -0.8135 63 38 0
14.04 0.94619 -0.83399 67 41 0
14.056 0.94781 -0.84411 64 38 0
13.996 0.95075 -0.83631 64 38 0
14.055 0.94728 -0.86088 62 37 5
14.063 0.9449 -0.80927 71 46 0
14.007 0.95553 -0.86751 67 39 0
14.043 0.94215 -0.84757 65 37 0
14.012 0.94746 -0.89537 71 45 5
14.04 0.94247 -0.86479 64 38 0
14.013 0.95478 -0.83245 64 40 4
14.007 0.95337 -0.88341 68 41 8
14.055 0.94491 -0.87614 67 40 5
14.058 0.94748 -0.82703 66 40 0
14.124 0.935 -0.82668 63 37 10
14.129 0.93123 -0.80793 67 39 0
14.069 0.99405 -0.827 64 39 7
14.142 0.93584 -0.80519 75 46 2
14.084 0.94094 -0.81435 65 38 5
14.017 1.009 -0.83624 64 44 9
14.105 0.93874 -0.80596 82 50 12
14.066 0.97779 -0.81894 67 41 1
14.14 0.93684 -0.82125 62 37 7
14.096 0.94622 -0.82777 65 38 5
14.082 0.94174 -0.83157 67 39 2
14.096 0.94452 -0.84278 65 35 7
14.001 1.0428 -0.85385 71 44 7
14.083 0.94406 -0.80011 79 54 0
14.081 0.94084 -0.84692 63 37 0
14.118 0.94397 -0.80214 81 51 0
14.057 1.045 -0.8339 63 35 4
14.104 0.99449 -0.82991 62 38 0
14.088 1.0288 -0.8472 73 46 3
14.07 1.0296 -0.83859 69 42 5
14.025 1.0388 -0.84331 71 45 5
14.034 1.0486 -0.84372 68 42 2
14.041 1.0406 -0.85495 71 45 5
14.098 0.98127 -0.82311 61 37 0
14.051 1.072 -0.83055 74 47 4
14.104 1.0303 -0.84223 72 43 9
14.103 1.0525 -0.83639 44 16 0
14.089 1.0688 -0.83195 74 46 15
14.083 1.0559 -0.82871 65 38 0
14.065 1.0767 -0.82681 74 47 4
14.117 1.0354 -0.83941 57 27 0
14.099 1.0378 -0.8314 58 28 14
14.13 1.0398 -0.83589 58 29 5
14.063 1.0577 -0.83669 56 22 13
14.12 1.0525 -0.82931 61 27 0
14.077 1.0421 -0.842 68 36 13
14.081 1.0786 -0.82247 76 48 1
14.093 1.085 -0.82013 75 48 13
14.145 1.0423 -0.83186 72 43 19
14.128 1.0626 -0.83079 72 43 9
14.132 1.0784 -0.81948 67 47 0
14.095 1.1028 -0.81001 66 45 14
14.107 1.0887 -0.81687 72 47 3
14.088 1.1307 -0.82163 63 38 0
14.113 1.0803 -0.82698 71 43 3
14.119 1.0939 -0.8141 74 47 0
14.161 1.0606 -0.83236 70 41 10
14.107 1.0683 -0.82486 73 44 4
14.154 1.071 -0.82427 70 44 4
14.154 1.0503 -0.83109 74 47 4
14.146 1.061 -0.82282 70 42 5
14.168 1.0926 -0.81147 69 42 0
14.135 1.0947 -0.80959 71 44 0
14.173 1.067 -0.8147 68 45 1
14.11 1.1251 -0.81358 53 34 2
14.161 1.0821 -0.81007 72 46 6
14.13 1.1213 -0.80531 57 37 13
14.139 1.0891 -0.82102 69 42 0
14.158 1.1064 -0.80618 66 43 1
14.141 1.1067 -0.81134 68 41 0
14.175 1.0834 -0.82149 71 46 0
14.184 1.112 -0.81365 69 43 3
14.205 1.1039 -0.80237 65 38 3
14.146 1.1412 -0.8078 63 39 13
14.185 1.1304 -0.80512 63 39 1
14.166 1.1155 -0.8059 64 35 1
14.176 1.1226 -0.80556 63 39 1
14.179 1.0979 -0.80954 67 39 8
14.217 1.108 -0.79943 60 36 0
14.238 1.0992 -0.78814 59 34 2
14.197 1.1753 -0.80279 64 37 2
14.188 1.1665 -0.80227 63 36 0
14.24 1.1151 -0.79401 50 24 1
14.247 1.1247 -0.79537 44 23 0
14.232 1.1273 -0.78745 53 33 6
14.205 1.1442 -0.80343 63 36 0
14.203 1.1464 -0.80475 63 36 0
14.174 1.1646 -0.80528 57 36 7
14.195 1.1378 -0.80545 64 41 0
14.198 1.2153 -0.80235 60 36 0
14.16 1.2278 -0.80481 56 36 0
14.203 1.1874 -0.80595 60 38 0
14.189 1.2069 -0.80211 58 39 0
14.252 1.1583 -0.79237 41 25 0
14.187 1.2322 -0.79739 62 40 3
14.182 1.1963 -0.80075 60 36 0
14.242 1.132 -0.78441 52 32 7
14.179 1.2228 -0.79707 59 36 2
14.246 1.1674 -0.7833 56 27 0
14.236 1.1606 -0.7838 58 34 6
14.251 1.1401 -0.78601 50 31 1
14.224 1.2209 -0.79663 53 31 0
14.224 1.2424 -0.78982 58 34 0
14.189 1.2725 -0.79575 69 41 1
14.251 1.1793 -0.78517 45 23 0
14.252 1.1989 -0.77836 49 30 0
14.26 1.2084 -0.79427 39 23 0
14.255 1.1949 -0.7908 39 24 5
14.259 1.1886 -0.80132 40 31 0
14.2 1.2776 -0.79507 47 33 0
14.205 1.2266 -0.78945 60 36 0
14.258 1.2116 -0.78141 51 32 2
14.213 1.2358 -0.78965 60 37 6
14.21 1.2198 -0.80025 61 37 0
14.256 1.1731 -0.79711 47 22 2
14.229 1.2998 -0.7937 54 40 14
14.218 1.2937 -0.77945 59 42 22
14.199 1.3019 -0.80389 48 40 4
14.262 1.2266 -0.78601 32 15 5
14.252 1.2632 -0.80368 38 30 19
14.215 1.2987 -0.79703 54 38 3
14.232 1.2953 -0.80633 46 31 12
14.264 1.2232 -0.7989 37 27 0
14.228 1.2564 -0.79191 48 32 0
14.236 1.2669 -0.79515 31 23 2
14.24 1.2816 -0.82868 38 27 8
14.275 1.2918 -0.79189 53 41 29
14.26 1.2947 -0.81263 40 28 14
14.261 1.2929 -0.78204 59 43 18
14.275 1.2927 -0.80674 38 29 14
14.242 1.3019 -0.83641 39 30 11
14.261 1.2932 -0.79643 58 44 7
14.248 1.2917 -0.78493 55 39 16
14.247 1.2939 -0.81618 42 30 6
14.247 1.2934 -0.80099 48 32 17
