2223
-0.019269 0.46972 -0.030299 0.88208 8.3301 -1.4302 -0.40291
10.521 -0.16239 -0.59334 66 44 29
10.436 -0.17224 -0.62264 73 52 33
10.514 -0.16052 -0.66182 59 44 23
10.495 -0.20324 -0.64422 60 44 11
10.484 -0.15569 -0.65399 75 53 32
10.47 -0.17653 -0.6784 77 56 35
10.433 -0.16745 -0.68972 76 57 23
10.501 -0.16459 -0.61319 63 42 25
10.477 -0.17563 -0.72765 75 54 33
10.466 -0.19199 -0.70396 75 55 31
10.473 -0.16571 -0.70061 76 55 34
10.519 -0.17041 -0.68958 63 46 29
10.435 -0.17886 -0.71615 74 54 30
10.445 -0.16937 -0.67123 77 56 39
10.515 -0.16964 -0.64049 62 44 22
10.538 -0.16576 -0.62172 61 44 24
10.458 -0.22741 -0.68655 60 42 22
11.255 0.21846 -0.70725 61 45 10
10.541 -0.17057 -0.71945 64 45 29
10.513 -0.1771 -0.73796 60 41 11
11.67 0.46797 -0.7829 61 42 10
10.384 -0.17167 -0.79398 75 51 25
10.38 -0.1643 -0.8149 74 53 26
10.445 -0.16844 -0.8375 72 51 32
10.433 -0.17057 -0.73739 75 55 28
10.402 -0.17005 -0.77579 74 55 25
10.396 -0.16644 -0.84468 76 56 31
10.425 -0.17799 -0.78446 77 56 37
10.462 -0.17487 -0.74723 70 52 30
10.461 -0.18841 -0.77387 72 52 25
10.466 -0.16598 -0.819 71 52 9
10.442 -0.15818 -0.8096 76 51 28
10.464 -0.1799 -0.84639 71 50 23
10.437 -0.16382 -0.85826 73 52 31
10.416 -0.17099 -0.75611 76 57 27
10.445 -0.1754 -0.76634 77 55 16
10.48 -0.16719 -0.79923 79 57 34
10.528 -0.18843 -0.86926 59 40 23
10.503 -0.16691 -0.83127 72 51 20
10.514 -0.17327 -0.8618 68 50 28
10.521 -0.19245 -0.86801 59 40 23
10.529 -0.18432 -0.81829 58 42 9
10.517 -0.17808 -0.78899 57 41 6
10.579 -0.14548 -0.85203 58 39 5
10.458 -0.23051 -0.73763 62 42 15
10.341 -0.16239 -0.92078 70 50 23
10.367 -0.15528 -0.90518 73 51 27
10.369 -0.17825 -0.95985 73 53 26
10.402 -0.16809 -0.94631 74 55 25
10.382 -0.17758 -0.89116 73 52 31
10.377 -0.17127 -0.91239 73 54 12
10.398 -0.17765 -0.87211 74 53 26
10.375 -0.16967 -0.86258 74 54 30
10.384 -0.15666 -0.9365 75 53 29
10.358 -0.16368 -0.95192 74 52 29
10.444 -0.16239 -0.91042 73 53 26
10.445 -0.17136 -0.88764 75 53 32
10.42 -0.18926 -0.93269 70 51 21
10.436 -0.16952 -0.9597 75 52 34
10.38 -0.15681 -0.88621 73 55 33
10.412 -0.17136 -0.92619 75 53 12
10.424 -0.16696 -0.98046 72 54 32
10.494 -0.2107 -0.91399 2 6 17
10.513 -0.17028 -0.99029 72 52 28
10.511 -0.16797 -0.93715 71 51 24
10.48 -0.18308 -0.87739 73 56 30
10.421 -0.19155 -0.98379 72 52 28
10.465 -0.18494 -0.94929 72 51 24
10.498 -0.18526 -0.91093 72 55 29
10.47 -0.18488 -1.003 77 52 29
10.464 -0.1759 -0.97263 73 52 33
10.457 -0.17708 -0.91838 70 50 13
10.489 -0.19404 -0.96021 72 47 24
10.548 -0.16987 -0.9512 49 34 27
10.459 -0.18556 -0.89586 72 55 37
10.484 -0.21966 -0.96362 18 8 7
10.561 -0.16588 -1.0092 62 42 18
10.332 -0.16017 -0.99042 74 53 24
10.303 -0.1688 -1.0046 70 53 23
10.285 -0.1722 -1.0723 70 53 25
10.339 -0.1694 -1.0722 70 52 28
10.348 -0.16192 -1.0229 71 52 22
10.318 -0.17092 -1.0366 71 51 27
10.376 -0.17632 -1.0128 71 51 27
10.367 -0.17237 -1.0334 73 53 26
10.364 -0.1864 -1.0607 72 52 27
10.324 -0.16935 -1.0901 68 48 23
10.367 -0.16188 -1.0578 69 51 31
10.343 -0.16303 -0.97053 73 52 31
10.369 -0.17334 -1.0861 70 52 32
10.405 -0.17083 -1.0511 69 51 31
10.321 -0.16954 -1.0372 71 51 27
10.381 -0.18293 -0.99193 74 57 14
10.337 -0.183 -1.0996 69 52 24
10.348 -0.17154 -1.0005 69 52 26
10.329 -0.19376 -0.97124 73 53 29
10.307 -0.16829 -1.0562 70 54 28
10.422 -0.18634 -1.1141 70 54 31
10.456 -0.206 -1.0283 74 52 28
10.485 -0.17894 -1.0619 72 51 30
10.426 -0.19115 -1.0379 72 51 30
10.401 -0.19355 -1.0018 74 51 33
10.463 -0.19502 -1.1092 69 52 32
10.438 -0.18675 -1.0946 72 53 23
10.478 -0.1862 -1.1144 69 52 32
10.414 -0.17818 -1.0823 70 52 30
10.459 -0.18458 -1.0778 71 52 22
10.392 -0.18157 -1.0997 71 53 33
10.414 -0.18824 -1.0583 70 53 23
10.41 -0.17798 -1.0285 70 54 21
10.463 -0.17909 -1.0258 74 53 32
10.453 -0.19087 -1.13 70 52 32
10.501 -0.19023 -1.0167 73 56 26
10.487 -0.19443 -1.1471 70 49 28
10.502 -0.19629 -1.1267 71 54 24
10.488 -0.19081 -1.092 73 52 23
10.541 -0.18409 -1.1141 72 52 28
10.513 -0.18664 -1.0743 67 51 18
10.287 -0.16112 -1.096 67 51 25
10.265 -0.16744 -1.1625 72 52 17
10.251 -0.16677 -1.1807 69 48 31
10.279 -0.16967 -1.1977 68 48 24
10.346 -0.1675 -1.1258 68 51 23
10.332 -0.1785 -1.1742 73 53 29
10.276 -0.16998 -1.1431 73 51 28
10.365 -0.17785 -1.1383 68 51 8
10.33 -0.16972 -1.1976 72 52 27
10.334 -0.16525 -1.1461 70 49 30
10.298 -0.16777 -1.1804 70 52 32
10.302 -0.17307 -1.106 70 51 11
10.314 -0.16747 -1.1627 71 51 26
10.296 -0.16736 -1.1266 71 51 26
10.362 -0.16988 -1.1618 71 54 26
10.34 -0.17582 -1.2315 72 52 28
10.306 -0.17508 -1.2124 69 49 25
10.367 -0.18919 -1.1684 69 53 30
10.379 -0.17146 -1.1983 73 52 25
10.427 -0.18899 -1.226 70 53 23
10.416 -0.19276 -1.1668 69 52 26
10.38 -0.17896 -1.1192 69 49 22
10.406 -0.18575 -1.1342 71 50 23
10.397 -0.19389 -1.1846 70 55 26
10.377 -0.18605 -1.2261 68 49 32
10.363 -0.18381 -1.2462 72 51 24
10.397 -0.1839 -1.2092 72 51 30
10.421 -0.18201 -1.2508 68 50 30
10.364 -0.17056 -1.217 68 48 24
10.403 -0.18311 -1.2672 70 47 31
10.403 -0.17717 -1.1579 71 53 29
10.434 -0.19475 -1.2036 69 51 31
10.437 -0.19 -1.1499 72 53 23
10.465 -0.19683 -1.1651 69 50 20
10.526 -0.19937 -1.2236 69 51 29
10.483 -0.19299 -1.2858 71 48 30
10.501 -0.21716 -1.2726 72 51 24
10.438 -0.20581 -1.2356 70 54 31
10.494 -0.19365 -1.206 70 53 25
10.437 -0.1961 -1.2612 67 47 20
10.476 -0.18065 -1.1934 69 51 27
10.491 -0.18522 -1.2309 69 51 29
10.49 -0.19928 -1.2625 69 51 27
10.519 -0.18988 -1.1893 70 48 24
10.552 -0.17799 -1.3185 70 49 28
10.541 -0.18044 -1.2559 73 53 29
11.15 -0.73243 -1.5104 44 26 14
11.228 -2.2004 -1.5474 51 29 14
11.561 -2.2536 -1.6708 46 27 11
11.471 -2.3374 -1.5916 50 28 4
11.612 -2.3397 -1.6729 43 27 10
11.294 -2.2832 -1.5535 45 26 12
11.471 -2.3664 -1.6252 37 22 0
11.543 -2.3234 -1.6005 49 27 14
10.21 -0.17526 -1.2639 69 51 27
10.209 -0.16595 -1.2866 68 47 26
10.261 -0.17514 -1.3211 67 49 11
10.258 -0.17349 -1.2124 71 51 16
10.298 -0.18183 -1.264 68 52 26
10.235 -0.15993 -1.329 68 50 28
10.269 -0.17851 -1.2458 70 48 33
10.264 -0.17134 -1.2687 68 47 30
10.314 -0.18207 -1.2452 70 48 25
10.256 -0.16488 -1.2362 71 51 17
10.266 -0.18204 -1.2988 69 49 15
10.23 -0.17144 -1.2494 73 49 37
10.25 -0.17063 -1.2864 67 50 24
10.24 -0.17886 -1.3357 70 51 34
10.291 -0.17416 -1.2312 69 51 15
10.232 -0.17215 -1.3026 66 48 8
10.281 -0.18427 -1.3359 65 47 23
10.297 -0.17245 -1.2879 70 52 28
10.257 -0.18946 -1.3496 69 52 34
10.375 -0.17917 -1.3077 66 49 31
10.362 -0.18966 -1.3594 66 49 23
10.353 -0.18449 -1.3808 67 50 24
10.319 -0.18301 -1.3585 68 47 26
10.323 -0.17828 -1.3046 67 49 29
10.298 -0.18353 -1.3191 68 47 26
10.392 -0.19181 -1.3206 70 50 25
10.309 -0.1975 -1.2729 69 51 29
10.388 -0.18123 -1.2885 71 50 29
10.354 -0.17945 -1.2684 69 49 25
10.379 -0.18931 -1.3416 69 47 26
10.353 -0.18251 -1.3229 67 50 30
10.332 -0.18494 -1.3397 66 50 25
10.427 -0.19437 -1.3416 69 49 24
10.393 -0.20739 -1.4107 70 52 32
10.472 -0.20613 -1.3991 69 47 23
10.461 -0.20173 -1.4221 67 49 9
10.446 -0.16957 -1.3188 68 49 33
10.434 -0.18763 -1.2868 73 51 14
10.44 -0.20034 -1.3789 66 46 19
10.464 -0.19657 -1.3636 72 51 34
10.413 -0.19225 -1.3618 67 50 24
10.415 -0.19138 -1.3625 67 50 24
10.501 -0.19674 -1.3249 70 52 12
10.484 -0.19583 -1.3455 71 51 27
10.441 -0.1968 -1.321 69 51 29
10.384 -0.19958 -1.3748 69 49 24
10.369 -0.19828 -1.394 69 52 26
10.458 -0.19745 -1.3006 68 50 26
10.42 -0.2019 -1.3972 67 50 24
10.43 -0.20943 -1.4336 68 50 28
10.498 -0.22141 -1.3342 71 52 10
10.438 -0.25997 -1.3615 66 48 28
10.539 -0.19248 -1.4366 67 50 20
10.48 -0.21565 -1.4359 67 47 22
10.517 -0.19036 -1.3934 67 50 22
10.536 -0.19073 -1.3727 67 49 25
10.451 -0.25575 -1.4302 69 48 29
11.206 -0.80961 -1.7035 47 28 21
11.502 -0.73427 -1.88 39 26 10
11.688 -0.66142 -1.7835 45 27 17
11.303 -0.7408 -1.6618 47 30 4
11.145 -0.79086 -1.6735 42 26 13
11.022 -0.86331 -1.6924 41 27 16
9.9447 -1.0991 -1.1541 41 25 10
10.985 -0.84075 -1.6681 42 26 13
11.411 -0.74012 -1.7497 45 27 13
11.024 -0.80132 -1.6776 38 26 2
11.314 -0.81066 -1.7945 45 29 3
11.029 -0.90197 -1.6653 53 37 12
11.07 -0.88439 -1.7237 48 31 13
10.887 -1.0473 -1.6262 58 42 25
11.044 -0.9919 -1.6954 85 59 34
11.05 -1.0926 -1.6855 44 28 2
11.36 -1.0182 -1.8274 43 28 9
10.983 -1.1619 -1.6672 40 26 15
10.85 -1.2979 -1.5999 42 25 7
10.913 -1.2649 -1.6215 42 25 5
10.913 -1.3238 -1.6354 41 24 17
10.939 -1.4244 -1.6001 39 27 11
11.156 -1.4113 -1.5909 40 24 11
11.208 -1.4108 -1.6146 40 24 11
10.896 -1.4186 -1.6154 41 25 10
11.048 -1.4302 -1.6176 41 23 11
11.008 -1.4845 -1.6464 45 26 12
11.138 -1.4364 -1.623 40 24 11
11.196 -1.4363 -1.6484 40 24 11
10.941 -1.4478 -1.6434 37 23 10
10.944 -1.4539 -1.6082 37 25 9
11.181 -1.462 -1.6796 40 24 11
10.95 -2.0813 -1.6166 42 24 2
11.359 -2.1858 -1.7758 38 27 5
10.987 -2.0903 -1.6338 42 24 2
11 -2.0646 -1.6334 44 28 3
11.43 -2.2865 -1.6373 51 27 13
10.989 -2.1199 -1.6424 42 23 16
10.988 -2.1827 -1.5915 41 24 6
11.124 -2.2003 -1.5503 48 27 6
11.25 -2.2678 -1.5702 52 29 11
11.269 -2.2732 -1.5779 52 29 11
11.228 -2.3201 -1.6045 44 26 16
11.143 -2.2592 -1.635 38 24 11
11.279 -2.3014 -1.6556 44 26 16
11.035 -2.2042 -1.5172 45 27 3
10.796 -2.1528 -1.5379 41 24 7
11.174 -2.2733 -1.576 45 27 5
11.18 -2.2423 -1.6079 44 28 5
11.296 -2.2724 -1.6966 39 26 7
11.163 -2.3303 -1.5871 44 27 7
10.179 -0.16688 -1.3748 69 50 20
10.149 -0.17826 -1.4382 70 53 7
10.194 -0.16684 -1.3575 69 48 27
10.256 -0.16954 -1.4 65 49 23
10.26 -0.16847 -1.4594 68 52 19
10.214 -0.17552 -1.3722 70 51 21
10.257 -0.18111 -1.4311 69 46 30
10.197 -0.17468 -1.3356 70 49 28
10.2 -0.17449 -1.3908 71 48 30
10.252 -0.18273 -1.3724 70 48 27
10.212 -0.17797 -1.4274 69 49 22
10.178 -0.1911 -1.4336 68 52 29
10.183 -0.17738 -1.4613 70 51 21
10.23 -0.17813 -1.4684 65 49 14
10.233 -0.17487 -1.4128 67 46 27
10.196 -0.16707 -1.413 69 46 28
10.219 -0.18227 -1.3504 70 51 19
10.189 -0.1611 -1.4352 66 51 18
10.388 -0.17621 -1.4297 71 48 32
10.313 -0.18019 -1.4993 34 22 10
10.295 -0.18814 -1.3726 68 51 25
10.313 -0.18894 -1.4131 66 48 28
10.301 -0.18611 -1.433 67 46 25
10.291 -0.18216 -1.4542 67 49 27
10.347 -0.17824 -1.4041 69 48 29
10.314 -0.18991 -1.4738 64 48 23
10.335 -0.19849 -1.4296 68 48 23
10.265 -0.18856 -1.4661 67 49 25
10.265 -0.17739 -1.4942 58 43 20
10.279 -0.188 -1.3897 68 50 26
10.262 -0.18825 -1.4079 65 46 29
10.228 -0.22538 -1.4734 12 6 0
10.323 -0.19562 -1.4494 69 47 24
10.375 -0.18698 -1.4829 68 50 26
10.345 -0.19426 -1.4949 39 22 14
10.413 -0.19841 -1.4805 68 50 30
10.39 -0.2018 -1.4948 51 33 19
10.418 -0.20635 -1.4549 66 47 30
10.381 -0.20393 -1.4321 69 51 29
10.421 -0.21845 -1.489 48 32 9
10.37 -0.2004 -1.4532 69 51 15
10.529 -0.2019 -1.4945 64 47 27
10.449 -0.23716 -1.4803 56 42 13
10.49 -0.18798 -1.4985 71 51 26
10.48 -0.20473 -1.4644 69 54 25
10.927 -0.87485 -1.6831 42 26 13
10.863 -0.85956 -1.645 35 23 0
10.99 -0.93149 -1.6892 43 30 14
10.77 -1.0141 -1.6628 49 31 21
10.802 -0.98798 -1.6364 44 30 19
10.738 -0.99175 -1.6389 46 28 8
11.079 -1.0491 -1.7296 45 32 16
10.86 -1.0498 -1.7524 44 27 9
10.841 -1.0753 -1.6506 47 29 7
10.823 -1.0204 -1.6292 45 30 7
10.77 -1.0782 -1.6481 52 35 18
10.775 -1.0705 -1.6727 46 27 13
10.778 -1.0984 -1.6815 45 28 20
10.863 -1.0354 -1.6803 54 38 23
10.783 -1.0403 -1.6754 47 31 14
11.078 -0.98381 -1.8667 45 28 10
10.844 -1.0091 -1.6694 56 37 23
10.698 -1.1022 -1.6733 47 28 14
11.007 -1.09 -1.706 47 33 7
10.874 -1.0925 -1.7014 45 34 14
10.843 -1.1694 -1.632 47 28 12
11.014 -1.1433 -1.7533 41 27 14
10.648 -1.1638 -1.6548 41 26 3
10.591 -1.1637 -1.6571 46 28 14
11.13 -1.163 -1.8176 46 29 11
11.044 -1.1865 -1.7074 45 29 12
10.634 -1.2525 -1.6388 42 24 10
10.855 -1.1901 -1.6786 44 27 9
10.627 -1.2799 -1.6411 41 26 3
10.735 -1.195 -1.6502 44 31 13
10.977 -1.2232 -1.6815 44 29 8
10.58 -1.277 -1.6445 46 29 12
11.08 -1.1758 -1.7542 45 29 12
10.728 -1.2305 -1.6172 44 27 10
10.749 -1.2218 -1.6631 46 29 19
10.62 -1.3604 -1.6527 41 25 12
10.868 -1.3195 -1.6423 39 26 8
10.894 -1.3183 -1.6552 39 26 8
10.614 -1.334 -1.6456 39 26 10
10.668 -1.3496 -1.5844 39 26 7
10.462 -1.3105 -1.5838 47 29 19
10.742 -1.2976 -1.5774 44 27 7
10.916 -1.3829 -1.6541 38 26 0
10.814 -1.3726 -1.6634 42 26 13
10.712 -1.3969 -1.6493 45 28 8
10.901 -1.4124 -1.6512 38 23 0
10.69 -1.4245 -1.6459 40 23 16
10.814 -1.4297 -1.6756 42 24 10
10.955 -1.399 -1.7424 39 26 10
10.825 -1.3786 -1.6357 40 26 15
10.82 -1.4644 -1.6596 45 28 11
10.673 -1.4786 -1.6441 43 26 18
10.661 -1.4516 -1.6362 42 24 10
10.692 -1.5115 -1.6313 46 27 20
10.68 -1.4572 -1.6147 41 23 11
10.573 -1.4719 -1.6277 44 27 10
10.61 -1.4985 -1.6461 46 27 20
10.799 -1.4865 -1.6799 41 25 10
10.628 -1.446 -1.6505 46 29 12
10.694 -1.5062 -1.661 44 28 2
10.907 -1.4418 -1.655 41 26 3
10.871 -1.4417 -1.6379 41 26 3
10.67 -1.5376 -1.6263 42 24 14
10.834 -1.5838 -1.6529 46 29 12
10.731 -1.5456 -1.6295 37 27 17
10.642 -1.5893 -1.6192 48 30 8
10.791 -1.5535 -1.6269 44 30 19
10.804 -1.5873 -1.6068 48 34 5
10.708 -1.528 -1.5519 43 27 1
10.596 -1.5244 -1.643 44 27 17
10.848 -1.5615 -1.6218 44 29 0
10.651 -1.5633 -1.6199 41 27 14
10.684 -1.5651 -1.6376 41 27 14
10.644 -1.558 -1.6497 45 25 16
10.541 -1.5784 -1.6038 50 33 16
10.784 -1.5199 -1.6494 39 26 7
9.8218 -1.6039 -1.2012 43 26 16
10.645 -1.6732 -1.6117 49 31 11
10.917 -1.6577 -1.6446 42 24 2
10.682 -1.6503 -1.6249 50 35 14
10.632 -1.6677 -1.6383 55 36 19
10.893 -1.6269 -1.6275 54 32 9
10.578 -1.7131 -1.6148 57 41 18
10.663 -1.7278 -1.6306 48 27 22
10.716 -1.7118 -1.6237 63 48 29
10.67 -1.7022 -1.6274 46 30 13
10.607 -1.6909 -1.6281 64 44 33
10.716 -1.7925 -1.6436 61 44 26
10.655 -1.7571 -1.6011 59 44 21
10.677 -1.756 -1.6442 46 31 12
10.378 -1.7351 -1.5168 60 44 21
10.635 -1.7763 -1.6275 47 29 7
10.634 -1.7762 -1.6267 47 29 7
10.519 -1.8578 -1.5859 42 28 19
10.619 -1.9322 -1.6285 42 23 6
10.888 -2.0072 -1.6063 39 28 0
10.617 -1.9058 -1.6191 43 25 15
10.908 -2.0677 -1.6275 40 21 7
11.003 -2.1172 -1.716 41 24 7
10.677 -2.0288 -1.6156 39 23 6
10.696 -2.0104 -1.5888 40 23 16
10.85 -2.0267 -1.5993 40 23 6
10.817 -2.0426 -1.617 41 24 14
10.649 -2.047 -1.6022 37 21 6
10.753 -2.0506 -1.6218 36 22 9
10.803 -2.1204 -1.6295 39 22 12
10.731 -2.0743 -1.5867 36 19 12
10.495 -2.0525 -1.5657 40 20 11
10.821 -2.1581 -1.5845 42 25 8
10.718 -2.0679 -1.6098 42 24 2
10.776 -2.1432 -1.597 40 24 7
10.826 -2.154 -1.6462 38 19 13
10.583 -2.1018 -1.6148 38 21 11
10.566 -2.0988 -1.5744 39 23 8
10.692 -2.113 -1.6077 34 20 7
10.703 -2.09 -1.6067 39 19 10
10.733 -2.0747 -1.5868 36 19 12
10.795 -2.1211 -1.5966 39 23 8
10.781 -2.2213 -1.6405 36 22 9
10.683 -2.1622 -1.6171 36 21 0
10.644 -2.1479 -1.6256 40 20 11
10.819 -2.2085 -1.6223 39 21 11
10.62 -2.1658 -1.619 37 18 12
10.475 -2.1449 -1.5174 37 23 10
10.558 -2.1705 -1.5897 34 22 0
10.781 -2.1685 -1.6341 36 24 8
10.767 -2.1662 -1.5933 38 21 11
11.008 -2.2405 -1.6742 42 27 8
10.76 -2.1877 -1.6227 38 21 11
10.696 -2.2713 -1.6134 41 20 3
10.706 -2.2472 -1.6431 33 19 8
10.789 -2.2795 -1.6277 39 23 10
10.685 -2.2638 -1.6674 35 15 14
10.589 -2.2055 -1.6116 34 20 11
10.606 -2.2153 -1.5648 34 22 0
10.696 -2.2989 -1.5908 33 19 6
10.759 -2.3501 -1.5988 39 23 8
11.299 -2.5868 -1.8383 37 26 6
10.139 -0.1749 -1.4569 68 50 30
10.119 -0.20104 -1.4732 16 8 0
10.216 -0.17645 -1.4874 36 19 0
10.183 -0.16617 -1.4887 49 32 0
10.268 -0.23698 -1.5967 7 9 4
10.281 -0.2285 -1.6053 4 6 1
10.266 -0.22681 -1.6264 0 4 0
10.116 -0.32085 -1.5305 0 5 11
10.334 -0.21048 -1.6675 2 7 3
10.518 -0.084211 -1.8211 21 15 15
10.419 -0.36937 -1.7404 32 28 1
10.384 -0.43197 -1.6629 36 29 11
10.495 -0.40285 -1.7384 44 26 14
10.378 -0.44463 -1.6297 36 30 8
10.402 -0.48665 -1.7251 41 29 17
10.412 -0.50697 -1.7376 44 29 8
10.414 -0.51597 -1.7071 56 38 16
10.28 -0.59027 -1.6546 50 34 17
10.385 -0.51922 -1.7198 44 29 8
10.366 -0.56152 -1.6822 58 40 18
10.444 -0.47678 -1.7224 45 29 4
10.348 -0.77082 -1.6893 51 35 10
10.407 -0.73432 -1.6938 43 30 12
10.325 -0.80271 -1.6795 48 32 19
10.453 -0.72679 -1.696 39 27 1
10.376 -0.79434 -1.6831 44 26 14
10.381 -0.87387 -1.6761 40 25 6
10.342 -0.85319 -1.6739 39 24 1
10.393 -0.84619 -1.676 39 27 13
10.409 -0.81662 -1.6814 38 25 16
10.347 -0.87604 -1.6817 39 27 5
10.396 -0.8127 -1.7026 43 27 4
10.318 -0.90814 -1.6679 42 25 8
10.386 -0.89763 -1.6813 40 28 6
10.361 -1.0084 -1.6627 39 27 15
10.334 -1.0074 -1.6733 40 22 8
10.393 -1.0087 -1.6527 39 34 13
10.341 -0.98183 -1.6702 34 22 0
10.323 -1.0882 -1.6557 39 24 5
10.311 -1.0361 -1.664 38 24 0
10.335 -1.0382 -1.6495 44 31 13
10.378 -1.0538 -1.685 38 26 4
10.309 -1.1383 -1.6559 42 24 2
10.347 -1.1386 -1.6571 47 34 16
10.114 -1.1578 -1.4786 46 38 17
10.352 -1.1137 -1.6526 47 33 24
10.41 -1.1363 -1.6597 46 34 18
10.328 -1.1115 -1.6618 37 23 0
10.322 -1.1663 -1.6449 40 28 12
10.302 -1.1928 -1.6346 39 26 17
10.336 -1.2125 -1.6641 39 24 3
10.525 -1.275 -1.6424 44 27 20
10.585 -1.2439 -1.6733 40 26 13
10.283 -1.3176 -1.6266 45 32 16
10.531 -1.3577 -1.6347 42 24 10
10.547 -1.3312 -1.6392 42 25 8
10.572 -1.33 -1.6533 45 28 11
10.26 -1.3473 -1.5876 37 31 19
10.335 -1.3623 -1.6668 36 28 7
10.337 -1.3382 -1.6648 39 26 7
10.358 -1.3668 -1.6527 46 32 19
10.528 -1.4349 -1.6513 44 27 20
10.576 -1.4142 -1.6457 42 26 9
10.547 -1.4403 -1.6307 39 26 17
10.512 -1.4858 -1.6518 54 41 22
10.368 -1.4922 -1.6593 45 36 17
10.536 -1.466 -1.6354 46 33 17
10.424 -1.4545 -1.6251 45 28 20
10.496 -1.4855 -1.6425 54 41 22
10.397 -1.4593 -1.5799 46 30 17
10.552 -1.4919 -1.646 44 30 17
10.518 -1.5114 -1.6589 48 29 12
10.491 -1.5657 -1.6305 52 34 24
10.465 -1.5345 -1.6353 48 31 11
10.547 -1.5481 -1.6247 45 29 14
10.586 -1.5761 -1.6542 47 30 13
10.487 -1.5403 -1.6197 49 33 10
10.565 -1.6006 -1.648 46 33 17
10.468 -1.6959 -1.5872 55 40 19
10.539 -1.7252 -1.6557 39 27 15
10.558 -1.732 -1.6412 47 30 12
10.399 -1.6834 -1.5731 58 42 25
10.552 -1.6808 -1.6305 52 35 18
10.426 -1.7591 -1.61 46 31 10
10.53 -1.8033 -1.6413 44 27 19
10.561 -1.7576 -1.6463 61 42 8
10.438 -1.7846 -1.6184 48 31 14
10.541 -1.7801 -1.6434 45 28 11
10.492 -1.7438 -1.6359 43 29 18
10.457 -1.8427 -1.5815 42 29 11
10.452 -1.8628 -1.6156 39 24 3
10.51 -1.8708 -1.6757 44 28 15
10.539 -1.8831 -1.6321 41 25 12
10.393 -1.8679 -1.6399 44 32 18
10.384 -1.8691 -1.6053 41 24 4
10.478 -1.8154 -1.6439 47 30 4
10.442 -1.8332 -1.6289 43 26 18
10.365 -1.914 -1.5765 42 23 7
10.481 -1.8925 -1.6332 41 24 4
10.505 -1.9008 -1.6181 41 24 4
10.408 -1.8976 -1.6233 41 24 6
10.528 -1.9304 -1.6369 39 22 4
10.481 -1.8926 -1.6342 41 24 4
10.423 -1.9042 -1.6083 39 22 15
10.447 -1.9601 -1.6041 41 25 8
10.514 -2.004 -1.6197 39 21 9
10.481 -1.9927 -1.6289 41 25 12
10.653 -1.9882 -1.6875 32 23 4
10.387 -1.9892 -1.608 40 24 1
10.466 -1.9679 -1.5894 35 21 8
10.378 -1.9637 -1.5984 36 20 7
10.523 -2.0306 -1.628 38 22 9
10.559 -2.0183 -1.6159 42 22 15
10.455 -2.0096 -1.618 39 19 12
10.382 -2.0129 -1.5799 34 18 5
10.469 -2.064 -1.6106 38 23 2
10.385 -2.0577 -1.6185 37 24 8
10.583 -2.0491 -1.6313 41 21 12
10.459 -2.0848 -1.6103 38 18 11
10.398 -2.0148 -1.6159 41 17 15
10.551 -2.0902 -1.6268 34 20 9
10.466 -2.0387 -1.5996 39 23 0
10.382 -2.0825 -1.5988 37 20 12
10.463 -2.1571 -1.6259 37 18 14
10.535 -2.1368 -1.6022 37 19 19
10.489 -2.1439 -1.609 37 21 0
10.391 -2.1064 -1.6358 42 27 8
10.49 -2.1401 -1.6641 37 20 13
10.381 -2.0774 -1.6489 42 29 13
10.386 -2.13 -1.6122 36 17 10
10.545 -2.1162 -1.6057 37 18 12
10.461 -2.1325 -1.6185 37 18 4
10.467 -2.2082 -1.6128 37 21 4
10.551 -2.2151 -1.6227 37 20 13
10.401 -2.2057 -1.6062 32 19 0
10.54 -2.2377 -1.5969 37 21 6
10.397 -2.2739 -1.6203 32 21 19
10.572 -2.299 -1.6266 32 19 10
10.586 -2.279 -1.6269 31 16 9
10.43 -2.2177 -1.5944 34 18 3
10.418 -2.2349 -1.6194 34 15 9
10.449 -2.3196 -1.6283 31 18 10
10.375 -2.2879 -1.6128 34 19 14
10.402 -2.3217 -1.6307 34 20 17
10.449 -2.3172 -1.6835 24 22 0
10.401 -2.345 -1.6374 28 21 0
10.474 -2.3535 -1.6458 35 16 9
10.411 -2.3978 -1.6012 33 17 4
10.397 -2.3678 -1.6155 33 17 0
10.276 -2.3566 -1.5519 29 18 0
10.381 -2.3363 -1.5946 33 19 6
10.368 -2.3535 -1.6224 32 25 5
10.332 -2.3818 -1.6085 38 28 16
10.379 -2.3584 -1.6291 32 25 5
10.442 -2.4115 -1.6469 30 18 0
10.448 -2.4376 -1.6224 30 21 4
10.303 -2.3692 -1.5681 29 18 0
10.424 -2.4494 -1.6424 32 21 1
10.126 -0.29614 -1.5841 3 6 0
9.5748 -0.66249 -1.2237 4 7 0
10.231 -0.24333 -1.6836 25 16 19
10.223 -0.27291 -1.7485 26 21 2
10.25 -0.24122 -1.6701 18 20 0
10.401 -0.17074 -1.78 27 16 10
10.248 -0.25325 -1.7092 23 17 0
10.125 -0.36764 -1.7168 34 9 13
10.108 -0.35562 -1.7 20 16 4
10.069 -0.49693 -1.6691 34 16 6
10.111 -0.45195 -1.695 44 16 15
10.271 -0.43585 -1.6732 33 15 3
10.239 -0.4566 -1.7138 30 17 1
10.223 -0.48812 -1.7073 35 22 3
10.24 -0.49881 -1.6601 40 23 15
10.286 -0.41773 -1.7135 33 15 1
10.166 -0.48595 -1.6878 34 14 13
10.247 -0.46228 -1.6901 39 17 2
10.263 -0.45388 -1.7016 39 17 2
10.244 -0.45418 -1.7168 30 17 1
10.17 -0.46118 -1.686 29 14 17
10.287 -0.45133 -1.6876 39 22 14
10.146 -0.51863 -1.6788 37 22 15
10.095 -0.50438 -1.6935 37 15 4
10.126 -0.49688 -1.6892 35 15 6
10.274 -0.47129 -1.7172 36 19 1
10.108 -0.54952 -1.6899 38 19 15
10.234 -0.51471 -1.6941 37 22 1
10.098 -0.59966 -1.6867 38 23 2
10.214 -0.5557 -1.6593 40 24 1
10.233 -0.52397 -1.6652 42 22 15
10.1 -0.59354 -1.6308 41 22 8
10.098 -0.57724 -1.6838 40 21 15
10.143 -0.54231 -1.6822 39 25 16
10.108 -0.57232 -1.6909 40 21 15
10.184 -0.53009 -1.6872 36 24 0
10.153 -0.73148 -1.6821 55 37 25
10.368 -0.7231 -1.7571 59 43 28
10.129 -0.78544 -1.6731 51 35 12
10.187 -0.74898 -1.6834 75 60 31
10.231 -0.74069 -1.6849 96 75 44
10.12 -0.78057 -1.6965 53 35 25
10.188 -0.7868 -1.7195 51 39 27
10.219 -0.76027 -1.7098 60 41 24
10.204 -0.77386 -1.6704 69 50 34
10.201 -0.73574 -1.7218 53 35 25
10.258 -0.81662 -1.6628 51 32 18
10.098 -0.86862 -1.6415 58 39 25
10.143 -0.84685 -1.7008 48 33 14
10.227 -0.81125 -1.6995 51 39 13
10.165 -0.80944 -1.6521 60 43 26
10.179 -0.84975 -1.6714 57 36 19
10.254 -0.78643 -1.6858 54 37 27
10.317 -0.77362 -1.6958 59 44 13
10.106 -0.84437 -1.6416 66 51 28
10.129 -0.83668 -1.6578 76 58 38
10.135 -0.82745 -1.6887 52 36 21
10.23 -0.84141 -1.6765 49 35 6
10.097 -0.88384 -1.6709 43 27 12
10.215 -0.91527 -1.6803 48 26 3
10.243 -0.86051 -1.6905 56 31 8
10.268 -0.88344 -1.6877 40 26 13
10.102 -0.9044 -1.6778 41 26 7
10.08 -0.93909 -1.6428 51 32 18
10.23 -0.88775 -1.6859 52 31 2
10.325 -0.82663 -1.6858 46 29 21
10.291 -0.86053 -1.6704 46 30 15
10.276 -0.88854 -1.6644 47 31 16
10.151 -0.90386 -1.6582 51 29 16
10.188 -0.86978 -1.6814 55 29 12
10.095 -0.91323 -1.6469 54 33 16
10.282 -0.833 -1.6816 45 27 13
10.142 -0.92883 -1.6565 49 28 7
10.144 -0.87618 -1.6781 52 31 12
10.078 -0.93339 -1.6639 41 27 1
10.131 -0.99746 -1.6678 50 27 11
10.119 -0.95642 -1.6513 50 25 18
10.206 -0.94646 -1.6609 47 27 2
10.191 -0.97346 -1.6518 43 28 0
10.185 -0.99114 -1.6779 46 25 8
10.082 -0.98129 -1.6558 42 23 16
10.127 -0.94734 -1.6846 47 28 14
10.101 -0.99818 -1.6743 46 26 15
10.297 -0.90636 -1.6846 42 24 14
10.193 -0.94343 -1.6753 49 28 9
10.196 -0.9653 -1.6824 45 27 5
10.091 -0.97912 -1.6612 42 23 16
10.15 -0.97041 -1.677 47 25 14
10.176 -0.99962 -1.6464 43 23 0
10.117 -1.067 -1.6713 36 22 19
10.307 -0.98248 -1.6787 41 22 16
10.194 -1.0114 -1.6913 47 24 6
10.269 -1.0011 -1.7154 42 25 8
10.298 -0.97749 -1.7016 35 23 7
10.123 -1.0561 -1.6196 39 26 8
10.238 -1.015 -1.6649 36 24 8
10.305 -1.0069 -1.6821 39 22 14
10.196 -0.99491 -1.6599 43 23 0
10.057 -1.0305 -1.6466 45 24 7
10.169 -1.0335 -1.7038 45 22 14
10.146 -1.0161 -1.684 48 27 8
10.182 -1.0598 -1.6912 40 26 13
10.121 -1.11 -1.6865 36 21 16
10.156 -1.0935 -1.6525 33 24 9
10.29 -1.0875 -1.6642 40 24 7
10.259 -1.1102 -1.6743 37 24 6
10.258 -1.0636 -1.6638 38 22 5
10.121 -1.0941 -1.6555 35 22 6
10.188 -1.1161 -1.6574 35 22 3
10.115 -1.1391 -1.6599 39 23 8
10.059 -1.1428 -1.6459 35 23 7
10.31 -1.0599 -1.6712 39 21 17
10.226 -1.0928 -1.6492 40 24 7
10.14 -1.1126 -1.6734 37 23 14
10.18 -1.1117 -1.6738 34 21 5
10.118 -1.0885 -1.6791 37 22 15
10.297 -1.1341 -1.6738 40 20 19
10.203 -1.1532 -1.7016 37 24 6
10.26 -1.1335 -1.6793 40 22 8
10.283 -1.1771 -1.7078 34 24 0
10.104 -1.1625 -1.6588 39 24 19
10.126 -1.2033 -1.6841 35 22 14
10.314 -1.1613 -1.6667 40 24 1
10.289 -1.1587 -1.6776 41 23 13
10.214 -1.1805 -1.6878 39 22 4
10.223 -1.1622 -1.6624 39 23 6
10.153 -1.1387 -1.6603 40 26 0
10.165 -1.1648 -1.6512 40 23 5
10.102 -1.1846 -1.6627 40 27 11
10.232 -1.1316 -1.6913 40 22 8
10.158 -1.1824 -1.6758 42 22 11
10.103 -1.1628 -1.6573 36 21 2
10.297 -1.11 -1.6723 40 23 16
10.172 -1.2312 -1.6681 38 23 4
10.188 -1.2009 -1.7013 42 22 21
10.179 -1.2529 -1.6802 38 23 4
10.239 -1.212 -1.6562 40 23 6
10.206 -1.2103 -1.6589 34 17 0
10.122 -1.2258 -1.6883 36 20 7
10.157 -1.2106 -1.6528 33 23 11
10.175 -1.2031 -1.5816 43 24 7
10.146 -1.2507 -1.6852 38 22 5
10.297 -1.1812 -1.6918 45 23 8
10.128 -1.2143 -1.6319 33 23 11
10.225 -1.2079 -1.6721 34 17 0
10.099 -1.2341 -1.6419 40 21 15
10.215 -1.2832 -1.6592 35 23 0
10.337 -1.3087 -1.6865 37 21 6
10.37 -1.3065 -1.7074 37 21 6
10.229 -1.2875 -1.637 38 21 13
10.056 -1.3235 -1.6316 35 22 16
10.286 -1.2885 -1.6487 36 22 13
10.251 -1.3089 -1.6575 37 24 5
10.118 -1.3244 -1.6508 41 24 17
10.242 -1.2865 -1.6497 38 21 13
10.245 -1.2864 -1.6449 38 21 13
10.217 -1.3058 -1.6629 38 24 0
10.223 -1.3054 -1.6671 38 24 0
10.237 -1.2583 -1.666 39 24 17
10.185 -1.3753 -1.6535 36 21 0
10.243 -1.3836 -1.6405 38 21 13
10.277 -1.3877 -1.6343 38 27 0
10.075 -1.3909 -1.6339 39 26 20
10.243 -1.3607 -1.6335 37 23 14
10.22 -1.3285 -1.6685 34 24 0
10.22 -1.3337 -1.6412 40 22 8
10.126 -1.3458 -1.659 39 21 17
10.189 -1.3702 -1.6847 39 21 9
10.25 -1.3552 -1.6655 37 23 14
10.106 -1.3684 -1.6518 36 24 0
10.241 -1.3836 -1.6388 38 21 13
10.191 -1.3801 -1.6322 38 20 6
10.272 -1.3362 -1.6487 40 20 19
10.064 -1.3441 -1.6429 36 23 4
10.18 -1.3532 -1.6462 31 19 0
10.318 -1.429 -1.6999 39 25 16
10.197 -1.4472 -1.6503 43 24 8
10.122 -1.4114 -1.6724 38 24 13
10.237 -1.4245 -1.6753 33 23 0
10.196 -1.4024 -1.6398 36 21 14
10.245 -1.457 -1.6282 42 24 12
10.134 -1.4596 -1.6662 41 25 12
10.07 -1.4333 -1.6402 38 24 11
10.259 -1.4062 -1.6567 39 24 3
10.209 -1.452 -1.632 44 28 11
10.264 -1.5032 -1.6524 45 24 21
10.211 -1.4969 -1.6446 43 23 12
10.151 -1.5125 -1.6343 45 26 20
10.267 -1.4803 -1.6452 44 25 11
10.122 -1.5028 -1.6668 45 27 25
10.243 -1.5252 -1.643 43 27 14
10.204 -1.4743 -1.6335 46 25 6
10.175 -1.4915 -1.6484 43 25 13
10.094 -1.4804 -1.6409 38 24 13
10.326 -1.51 -1.6669 45 31 22
10.179 -1.518 -1.6264 44 25 18
10.133 -1.4859 -1.645 43 28 9
10.164 -1.5787 -1.6549 47 31 18
10.237 -1.5294 -1.6153 50 34 19
10.109 -1.5706 -1.644 54 38 23
10.205 -1.5414 -1.6486 44 28 11
10.144 -1.5556 -1.6354 49 32 22
10.173 -1.5616 -1.6314 52 37 8
10.188 -1.5667 -1.6146 51 32 18
10.241 -1.5346 -1.7285 40 26 17
10.178 -1.588 -1.6147 53 41 19
10.082 -1.5436 -1.6454 42 24 12
10.163 -1.5828 -1.632 57 40 20
10.272 -1.554 -1.6419 57 43 17
10.213 -1.5462 -1.6286 48 32 15
10.109 -1.5493 -1.6377 46 30 13
10.255 -1.5485 -1.6551 48 32 15
10.191 -1.6111 -1.6289 59 43 17
10.29 -1.6434 -1.6986 57 41 15
10.118 -1.6005 -1.6048 63 46 26
10.087 -1.611 -1.6362 57 37 30
10.075 -1.6308 -1.633 45 28 11
10.111 -1.5921 -1.6472 63 48 27
10.151 -1.7113 -1.6501 48 31 13
10.188 -1.702 -1.618 85 64 33
10.081 -1.677 -1.6255 72 56 31
10.183 -1.7197 -1.6468 52 36 10
10.193 -1.7463 -1.6315 57 41 18
10.157 -1.737 -1.6311 51 35 12
10.204 -1.7701 -1.6435 55 37 15
10.091 -1.723 -1.6114 45 25 14
10.118 -1.7729 -1.6171 47 29 9
10.263 -1.7613 -1.6506 60 45 22
10.135 -1.7546 -1.6215 50 34 17
10.122 -1.7703 -1.642 42 24 12
10.207 -1.7266 -1.6362 63 47 14
10.128 -1.8378 -1.6364 40 18 7
10.166 -1.8063 -1.6282 48 32 7
10.168 -1.7852 -1.6248 51 36 3
10.083 -1.7837 -1.6181 46 24 24
10.137 -1.8215 -1.6125 44 26 12
10.155 -1.8227 -1.652 43 25 15
10.136 -1.7973 -1.6329 48 26 13
10.257 -1.8052 -1.6578 52 33 17
10.199 -1.8622 -1.6091 42 28 15
10.14 -1.8644 -1.6245 45 26 9
10.144 -1.847 -1.5974 43 24 7
10.259 -1.8782 -1.617 44 32 16
10.171 -1.8505 -1.6422 41 24 4
10.282 -1.9059 -1.6367 39 30 13
10.172 -1.9407 -1.6067 40 22 0
10.131 -1.9489 -1.6138 43 23 14
10.139 -1.9296 -1.6118 42 21 0
10.242 -1.9645 -1.5995 43 27 14
10.259 -1.9476 -1.6098 40 27 19
10.126 -1.9237 -1.6273 40 18 7
10.17 -1.9426 -1.5801 38 27 7
10.187 -1.9663 -1.6222 40 22 0
10.102 -1.9377 -1.6132 35 22 6
10.08 -1.9091 -1.62 38 16 18
10.17 -1.9423 -1.5792 38 27 7
10.171 -2.0045 -1.622 41 22 15
10.159 -2.0215 -1.6163 38 19 3
10.108 -1.9607 -1.6265 41 25 12
10.124 -1.9878 -1.6148 40 22 10
10.126 -1.9678 -1.6126 43 18 14
10.179 -1.9856 -1.6223 37 20 0
10.079 -1.9928 -1.6148 35 22 3
10.109 -2.0038 -1.6095 33 15 5
10.093 -1.9766 -1.6194 34 15 8
10.132 -2.0757 -1.6154 40 19 16
10.119 -2.0279 -1.6207 40 20 13
10.197 -2.036 -1.6192 33 22 3
10.089 -2.0388 -1.6079 36 17 21
10.145 -2.0594 -1.6198 38 20 0
10.191 -2.0554 -1.6193 40 19 14
10.156 -2.042 -1.6217 44 18 4
10.198 -2.079 -1.6286 38 17 12
10.114 -2.0676 -1.6274 36 17 11
10.153 -2.1038 -1.6321 41 21 14
10.065 -2.0708 -1.5988 36 14 3
10.197 -2.1002 -1.6327 38 13 8
10.101 -2.1066 -1.5773 37 12 8
10.12 -2.1112 -1.6401 38 9 1
10.146 -2.1024 -1.6004 44 18 1
10.208 -2.1269 -1.6169 33 23 0
10.118 -2.194 -1.6293 36 17 0
10.097 -2.1657 -1.615 33 16 0
10.098 -2.1668 -1.589 40 22 10
10.074 -2.1361 -1.5955 27 17 8
10.146 -2.166 -1.6188 36 21 2
10.122 -2.2181 -1.6143 33 13 12
10.083 -2.2225 -1.5974 27 13 2
10.168 -2.2389 -1.6214 34 12 15
10.139 -2.2042 -1.6204 37 22 17
10.118 -2.2163 -1.6119 33 13 12
10.205 -2.2777 -1.5971 29 22 0
10.305 -2.3468 -1.616 31 26 22
10.149 -2.3161 -1.58 29 20 5
10.125 -2.2815 -1.6304 35 11 0
10.261 -2.3475 -1.646 29 19 9
10.106 -2.2534 -1.564 27 20 0
10.125 -2.3031 -1.6105 22 10 10
10.224 -2.3306 -1.5971 28 28 0
10.124 -2.2815 -1.6041 28 12 15
10.126 -2.2619 -1.6022 33 14 7
10.101 -2.2502 -1.6106 31 20 0
10.234 -2.3353 -1.6034 28 28 0
10.251 -2.3877 -1.5983 36 32 21
10.157 -2.3616 -1.6193 34 20 17
10.138 -2.3517 -1.6307 26 13 0
10.218 -2.3493 -1.5975 38 31 2
10.124 -2.3648 -1.6239 21 12 0
10.235 -2.4022 -1.5958 39 28 8
10.367 -2.4692 -1.6517 46 40 28
10.03 -0.45747 -1.6831 35 22 13
10.009 -0.41959 -1.6796 26 14 16
10.067 -0.39395 -1.6972 28 21 3
10.073 -0.442 -1.6893 29 17 0
10.038 -0.48344 -1.6676 42 10 8
10.084 -0.47969 -1.7061 30 11 15
10.042 -0.47287 -1.6947 36 28 17
10.072 -0.55985 -1.6865 36 17 1
10.072 -0.52912 -1.7095 37 19 17
10.098 -0.4937 -1.7233 34 20 19
10.062 -0.55658 -1.7048 39 21 17
10.072 -0.53746 -1.6847 37 18 4
10.087 -0.6175 -1.7141 36 22 11
10.052 -0.61285 -1.6812 38 21 4
10.051 -0.58307 -1.7032 36 26 14
10.008 -0.62554 -1.6757 36 26 24
10.051 -0.59243 -1.6735 32 22 12
9.9797 -0.63094 -1.6803 33 23 21
9.889 -0.70699 -1.6433 37 27 15
9.9497 -0.67426 -1.6345 37 25 13
9.9355 -0.70618 -1.6815 39 32 16
10.024 -0.68916 -1.6758 33 25 14
9.9797 -0.69371 -1.6917 47 40 24
10.013 -0.70686 -1.7003 36 29 19
9.9096 -0.73806 -1.665 31 24 8
9.8975 -0.75076 -1.631 39 30 23
10.037 -0.75477 -1.675 39 26 10
10.017 -0.75539 -1.6845 37 25 11
10.02 -0.77559 -1.6904 42 25 15
9.9807 -0.74177 -1.6793 54 40 31
9.9928 -0.75734 -1.6943 52 34 30
10.024 -0.78126 -1.6688 44 29 8
10.042 -0.81633 -1.6956 39 29 2
9.9784 -0.85322 -1.6758 37 23 10
10.079 -0.76708 -1.6855 43 32 4
10.001 -0.80362 -1.6825 43 25 21
10.001 -0.8522 -1.6678 43 28 9
10.008 -0.82189 -1.692 40 27 9
10.075 -0.79056 -1.686 47 30 22
9.951 -0.85611 -1.6793 48 38 11
9.9598 -0.81211 -1.6761 45 37 24
9.9827 -0.82394 -1.6995 48 40 29
10.025 -0.89297 -1.6695 40 28 12
9.972 -0.87586 -1.6768 43 27 14
10.005 -0.87152 -1.6758 45 30 9
10.079 -0.8606 -1.6823 47 34 16
10.061 -0.83817 -1.6878 44 28 15
10.097 -0.87665 -1.6978 42 31 3
10.032 -0.86954 -1.6709 42 26 13
9.9122 -0.89052 -1.6501 40 33 15
10.102 -0.83092 -1.6946 44 31 13
9.975 -0.92274 -1.6634 38 29 14
9.9618 -0.90739 -1.6432 45 30 9
9.9934 -0.93774 -1.6826 43 28 9
9.9569 -0.96913 -1.6589 40 27 9
10.073 -0.90588 -1.6859 42 25 5
10.019 -0.95801 -1.6789 39 28 9
9.9255 -0.95184 -1.655 38 26 12
10.004 -0.96901 -1.6407 41 26 7
10.026 -0.9133 -1.6778 43 33 24
10.043 -0.93642 -1.6673 39 28 22
9.948 -0.98581 -1.6806 29 23 1
10.021 -0.936 -1.6786 40 26 13
9.952 -0.99084 -1.66 38 23 4
9.9511 -0.97082 -1.6543 39 26 8
10.108 -0.98975 -1.7083 36 24 8
9.9865 -1.0086 -1.6636 46 29 22
10.041 -1.0009 -1.6793 40 22 18
9.9546 -1.0313 -1.6673 42 27 8
10.057 -1.0181 -1.6973 46 30 13
9.968 -1.0072 -1.6747 46 29 12
10.033 -0.98178 -1.6683 40 27 9
9.9499 -1.0056 -1.6878 31 26 7
10.003 -0.98348 -1.6714 43 26 19
10.075 -1.0136 -1.7117 46 30 13
9.9488 -1.0529 -1.6693 42 28 15
9.9828 -1.0301 -1.6664 38 23 16
10.136 -0.96109 -1.7168 38 23 4
10.051 -1.0899 -1.6815 41 24 6
10.027 -1.0675 -1.6851 39 29 4
10.102 -1.0418 -1.6842 39 24 5
9.9706 -1.0739 -1.6695 41 24 16
9.9623 -1.0557 -1.6546 41 21 22
10.001 -1.0526 -1.6599 40 29 7
9.9514 -1.093 -1.6802 41 24 6
10.045 -1.0698 -1.6725 42 23 19
10.087 -1.0387 -1.7015 41 26 7
9.9734 -1.0998 -1.6486 42 25 17
9.9798 -1.0985 -1.6536 42 25 17
10.105 -1.0631 -1.6912 36 19 11
9.9676 -1.0952 -1.6695 44 20 10
9.953 -1.0723 -1.6769 39 23 8
9.9837 -1.1332 -1.6917 38 25 9
10.048 -1.1391 -1.6613 36 20 7
9.9825 -1.1654 -1.6433 42 24 24
10.071 -1.0921 -1.6688 36 23 7
10.036 -1.1142 -1.6749 43 25 5
10.099 -1.0865 -1.6896 36 23 7
9.9489 -1.1194 -1.6592 49 25 11
10.01 -1.1132 -1.6811 47 29 7
9.9751 -1.1611 -1.6635 40 27 18
9.9326 -1.1628 -1.6555 49 28 9
10.013 -1.202 -1.6771 43 21 21
9.963 -1.2039 -1.6634 44 22 9
9.9413 -1.2272 -1.6494 43 23 14
9.9562 -1.1845 -1.6543 47 24 8
10.003 -1.2243 -1.6739 43 23 16
10.047 -1.1871 -1.6475 39 23 8
9.9452 -1.181 -1.6679 42 23 6
10.086 -1.1596 -1.6727 37 23 0
10.01 -1.2077 -1.6524 41 25 0
10.001 -1.1832 -1.6619 48 26 13
9.9348 -1.2027 -1.6659 42 18 14
10.078 -1.2042 -1.6728 39 22 2
10.04 -1.2301 -1.6546 37 20 12
9.9698 -1.2438 -1.6788 44 25 9
10.042 -1.251 -1.6604 33 19 6
10.054 -1.2231 -1.6895 39 23 6
10.061 -1.249 -1.6744 33 19 6
9.9681 -1.2491 -1.653 45 21 19
9.9582 -1.2705 -1.6498 41 24 6
10.131 -1.2689 -1.7034 32 20 8
9.9271 -1.2887 -1.6542 44 20 8
9.9247 -1.269 -1.648 43 23 16
10.101 -1.25 -1.6781 34 19 12
9.9321 -1.2683 -1.654 43 23 16
9.9593 -1.2907 -1.6543 45 26 9
9.9295 -1.3332 -1.6403 45 23 8
10.044 -1.3356 -1.6752 36 22 9
10.07 -1.2911 -1.6865 34 22 8
9.9627 -1.3357 -1.6404 47 27 18
9.9917 -1.3133 -1.6586 41 24 6
9.923 -1.309 -1.6554 47 20 11
9.973 -1.3099 -1.6691 48 27 10
10.046 -1.3402 -1.6553 35 18 8
9.9885 -1.293 -1.6512 40 21 14
10.064 -1.3392 -1.6693 35 18 8
10.039 -1.3197 -1.6434 37 24 8
9.96 -1.3514 -1.6689 48 26 11
10.063 -1.3131 -1.6849 28 16 2
10.058 -1.2971 -1.6538 35 20 13
9.9955 -1.3131 -1.6608 42 21 16
10.011 -1.3629 -1.6341 35 19 4
10.04 -1.3826 -1.6604 36 19 11
10.035 -1.357 -1.678 42 25 18
10.068 -1.3864 -1.6536 37 21 8
9.9932 -1.3543 -1.6698 45 24 5
9.9471 -1.3967 -1.6421 42 23 9
9.989 -1.4001 -1.6528 30 21 16
10.102 -1.3637 -1.6751 35 23 7
9.9966 -1.4044 -1.6327 37 20 10
10.103 -1.4503 -1.6947 35 22 3
10.069 -1.45 -1.6695 38 25 6
10.124 -1.455 -1.684 40 25 6
10.034 -1.4245 -1.6655 29 15 2
9.9964 -1.4615 -1.6709 39 21 17
10.028 -1.4662 -1.6686 38 26 10
9.9243 -1.4564 -1.6388 42 25 18
9.9759 -1.4207 -1.6478 44 26 16
9.9259 -1.4367 -1.6361 41 22 5
10.048 -1.408 -1.644 40 22 10
9.984 -1.4162 -1.6766 43 23 14
9.9604 -1.4451 -1.6126 39 19 18
10.09 -1.4287 -1.6808 36 22 9
9.9539 -1.4409 -1.6327 37 24 6
9.9777 -1.5017 -1.6616 49 21 20
10.066 -1.4924 -1.6774 45 25 18
9.9419 -1.5201 -1.6375 46 24 11
10.013 -1.4702 -1.632 40 24 0
10.035 -1.4748 -1.6232 39 22 4
10.105 -1.4979 -1.6789 47 26 9
9.954 -1.4768 -1.6659 41 20 17
9.9738 -1.4854 -1.6303 35 20 15
9.9621 -1.481 -1.6478 40 23 6
9.9212 -1.4956 -1.6426 40 21 14
10.061 -1.5841 -1.6407 44 25 8
10.016 -1.5523 -1.6534 43 26 9
10.036 -1.5783 -1.648 40 21 14
10.029 -1.5571 -1.6378 42 22 15
10.024 -1.5529 -1.6595 44 23 20
10.078 -1.5644 -1.6482 46 25 6
9.9886 -1.5874 -1.6688 43 25 13
9.9471 -1.5639 -1.633 41 23 19
10.011 -1.5725 -1.6545 44 25 18
10.028 -1.5365 -1.6332 39 22 5
10.054 -1.5339 -1.6767 42 24 10
9.9821 -1.6103 -1.6417 41 22 16
10.003 -1.6161 -1.6336 40 21 17
10.045 -1.6446 -1.6425 42 24 10
9.9864 -1.6342 -1.6237 40 23 16
9.9902 -1.5909 -1.6426 39 21 21
10.072 -1.6269 -1.6576 42 24 10
10.049 -1.6488 -1.6228 43 25 15
9.9658 -1.6284 -1.6329 38 27 7
10.025 -1.6318 -1.7041 45 26 10
10.042 -1.6031 -1.6308 40 25 2
9.9124 -1.5997 -1.6124 47 23 19
9.9966 -1.5952 -1.6234 44 23 18
9.9913 -1.678 -1.6119 38 22 5
10.051 -1.7103 -1.6338 43 23 12
10.021 -1.7026 -1.6386 39 20 14
9.9734 -1.6887 -1.6485 40 24 9
9.9306 -1.6792 -1.641 43 24 8
9.9687 -1.6485 -1.639 39 26 8
10.007 -1.677 -1.6479 41 24 17
9.9909 -1.6948 -1.6409 38 25 7
10.059 -1.6704 -1.632 44 28 5
10.012 -1.6574 -1.647 43 24 17
10.057 -1.6907 -1.6342 42 25 5
10.081 -1.67 -1.6736 41 24 14
9.9611 -1.6672 -1.6361 38 23 4
9.9635 -1.7101 -1.6236 37 26 7
10.018 -1.7625 -1.648 44 25 11
10.057 -1.7319 -1.644 38 20 6
10 -1.7193 -1.6268 39 19 20
9.963 -1.7068 -1.6433 43 24 18
10.026 -1.8075 -1.6395 35 16 9
10.004 -1.8225 -1.6273 39 22 12
9.9665 -1.7919 -1.619 45 22 14
9.9163 -1.7786 -1.6054 42 22 24
10.05 -1.7745 -1.6212 46 26 15
9.9478 -1.766 -1.6258 37 23 12
10.061 -1.8178 -1.6405 40 20 11
9.9476 -1.8048 -1.6338 37 20 13
9.9996 -1.7791 -1.6395 43 22 5
9.9922 -1.8174 -1.6432 38 22 7
10.025 -1.7871 -1.6345 38 13 6
10.07 -1.8637 -1.6327 40 21 7
9.9915 -1.8591 -1.6261 39 22 12
10.027 -1.8732 -1.6067 45 17 16
9.9778 -1.8754 -1.6218 38 23 20
10.03 -1.8709 -1.6281 38 22 9
10.044 -1.8343 -1.6315 39 19 12
10.048 -1.8553 -1.638 39 18 13
9.9626 -1.83 -1.6247 40 19 16
9.996 -1.8404 -1.6252 46 20 21
9.9673 -1.8702 -1.6365 31 18 2
9.9656 -1.8502 -1.6302 39 18 15
9.9612 -1.8882 -1.6368 35 20 13
10.062 -1.9245 -1.6111 37 21 8
10.009 -1.9076 -1.5993 39 15 1
10.02 -1.9284 -1.6346 37 20 12
10.094 -1.954 -1.6379 37 15 0
9.9292 -1.8984 -1.6167 35 20 13
9.9747 -1.9135 -1.6275 43 17 20
9.9607 -1.9288 -1.6206 38 17 14
9.964 -1.928 -1.6478 36 12 12
10.028 -1.9328 -1.6169 39 20 3
10.024 -1.8897 -1.6305 39 19 12
9.9686 -1.8924 -1.6191 41 17 13
10.06 -1.9018 -1.6329 42 22 11
10.021 -1.9088 -1.6319 40 20 22
10.06 -1.9828 -1.6496 38 15 9
10.021 -1.9505 -1.6156 41 12 14
9.9904 -1.9396 -1.6186 38 17 14
9.9878 -1.978 -1.6257 40 21 14
9.9641 -1.9491 -1.6271 37 16 11
9.9927 -1.96 -1.6252 44 24 15
10.058 -2.0464 -1.6133 32 16 0
10.026 -2.0342 -1.6167 30 12 2
9.9984 -2.0027 -1.613 24 14 2
10.075 -2.0323 -1.6223 34 18 1
10.041 -2.016 -1.6723 28 14 3
9.9856 -2.0359 -1.6362 33 10 16
10.055 -2.0456 -1.6116 32 16 0
9.9496 -2.0215 -1.6327 27 12 5
9.9722 -2.0132 -1.5988 28 19 2
9.9558 -2.0062 -1.6115 29 5 5
9.9908 -2.0021 -1.5864 28 20 7
9.9939 -2.0406 -1.6202 29 15 12
9.9422 -2.078 -1.6185 25 12 4
9.9741 -2.0707 -1.6364 33 14 7
10.004 -2.0638 -1.6311 33 17 17
10.052 -2.1042 -1.6193 31 15 18
9.9753 -2.0923 -1.6204 26 7 0
10.07 -2.0903 -1.6564 27 6 11
10.08 -2.0747 -1.6337 30 14 1
10.086 -2.076 -1.6651 33 14 7
10.023 -2.1121 -1.6301 34 13 18
9.9993 -2.0829 -1.6075 33 11 14
9.9836 -2.076 -1.6217 24 12 0
9.9513 -2.0432 -1.6173 28 16 2
10.06 -2.0874 -1.6224 30 11 13
10.074 -2.1348 -1.6181 21 19 4
9.9487 -2.1392 -1.6132 33 10 18
10.009 -2.1253 -1.6484 29 10 3
10.046 -2.1427 -1.5995 28 15 6
9.9518 -2.1206 -1.6078 32 13 15
10.015 -2.1285 -1.6274 37 17 19
9.9405 -2.116 -1.6005 32 13 15
9.9748 -2.1317 -1.6038 27 12 9
9.9446 -2.0975 -1.6217 31 16 11
10.013 -2.1679 -1.6369 34 17 9
10.07 -2.1738 -1.6252 29 15 6
9.9604 -2.1825 -1.6285 32 9 19
10.038 -2.1801 -1.6064 26 16 4
10.048 -2.2245 -1.6215 31 13 13
9.9683 -2.1678 -1.6085 26 9 0
9.9535 -2.1989 -1.6287 34 15 11
10.078 -2.2387 -1.6174 28 4 2
10.082 -2.1998 -1.6117 32 12 11
9.9755 -2.2095 -1.6209 30 13 6
10.058 -2.2091 -1.6252 25 17 6
9.9966 -2.1812 -1.6064 32 13 15
10.009 -2.2062 -1.6187 28 15 0
9.9637 -2.1847 -1.6081 34 23 21
9.9775 -2.1707 -1.637 31 14 4
10.097 -2.2894 -1.6181 30 6 19
10.049 -2.2458 -1.6034 23 10 4
10.041 -2.2416 -1.6227 30 17 11
10.039 -2.2612 -1.6014 22 7 0
10.093 -2.3488 -1.6269 27 12 7
10.073 -2.3183 -1.6088 29 14 9
10.042 -2.3019 -1.6096 24 6 18
10.491 -0.1736 -0.57879 62 44 24
10.517 -0.17094 -0.60657 61 44 24
10.509 -0.17937 -0.65295 59 44 11
10.522 -0.15909 -0.62819 63 45 23
10.503 -0.18589 -0.70129 61 42 26
10.506 -0.1748 -0.72283 68 47 26
10.483 -0.16245 -0.66718 75 55 28
10.468 -0.1622 -0.68656 74 53 36
10.455 -0.17645 -0.61662 74 53 34
10.497 -0.16376 -0.6469 65 45 20
10.499 -0.17535 -0.67403 56 41 20
10.487 -0.17307 -0.69343 67 50 33
10.468 -0.17468 -0.71334 75 54 35
10.506 -0.19037 -0.63161 60 43 13
10.415 -0.17498 -0.72172 71 53 31
10.451 -0.1782 -0.78073 75 56 26
10.384 -0.17773 -0.80701 74 53 32
10.389 -0.16516 -0.82951 71 52 22
10.422 -0.16409 -0.79296 77 53 27
10.443 -0.18029 -0.73036 74 53 26
10.418 -0.16913 -0.84048 72 49 31
10.452 -0.16541 -0.7537 74 54 30
10.46 -0.17585 -0.8317 72 51 20
10.487 -0.17913 -0.79172 74 52 29
10.49 -0.16778 -0.8154 70 52 32
10.474 -0.17439 -0.76253 71 51 24
10.437 -0.16714 -0.82277 76 57 14
10.481 -0.17959 -0.74144 74 53 26
10.458 -0.16735 -0.85401 71 50 31
10.467 -0.2165 -0.84311 58 39 5
10.443 -0.2302 -0.83763 58 39 5
10.481 -0.17617 -0.86467 73 51 30
10.524 -0.1706 -0.82645 65 47 23
10.51 -0.16884 -0.8476 74 53 22
10.347 -0.16438 -0.93604 72 50 27
10.379 -0.16396 -0.89943 73 52 31
10.41 -0.16674 -0.91102 73 50 32
10.419 -0.17098 -0.89024 71 55 32
10.4 -0.16325 -0.93156 73 51 10
10.402 -0.169 -0.8601 75 55 31
10.38 -0.15565 -0.97233 74 53 34
10.367 -0.17343 -0.94602 72 52 25
10.358 -0.16693 -0.91633 72 50 26
10.425 -0.15999 -0.96641 70 52 28
10.378 -0.17905 -0.97643 75 54 35
10.411 -0.17861 -0.93956 71 48 30
10.45 -0.17509 -0.90252 71 54 36
10.374 -0.16923 -0.94725 72 52 25
10.39 -0.1668 -0.8793 75 54 33
10.426 -0.1768 -0.87012 73 51 30
10.429 -0.17758 -0.92074 70 50 23
10.479 -0.21642 -0.94772 14 0 0
10.466 -0.17537 -0.88366 73 53 28
10.492 -0.18907 -0.99946 70 52 28
10.499 -0.18853 -0.87212 70 53 25
10.469 -0.17923 -0.98789 74 53 34
10.507 -0.18693 -0.92644 73 56 30
10.509 -0.18931 -0.97975 70 52 16
10.464 -0.16889 -0.95869 69 50 18
10.458 -0.18257 -0.93312 70 51 21
10.488 -0.18502 -0.89394 72 52 28
10.422 -0.18451 -0.97023 72 54 30
10.497 -0.18257 -0.94837 72 47 24
10.46 -0.1946 -0.96197 78 54 18
10.485 -0.19291 -0.99806 70 52 28
10.478 -0.18089 -0.91415 74 54 30
10.31 -0.17016 -1.0199 69 51 29
10.338 -0.17645 -1.0854 70 53 25
10.407 -0.17355 -1.0128 71 55 22
10.404 -0.18551 -0.98903 73 55 33
10.348 -0.17796 -1.0138 73 54 24
10.315 -0.16938 -1.0724 70 51 35
10.358 -0.17397 -1.069 70 52 32
10.348 -0.16801 -1.0375 69 52 24
10.366 -0.17655 -0.996 73 53 29
10.379 -0.18097 -1.0283 68 50 30
10.387 -0.17822 -1.0828 70 54 31
10.365 -0.1818 -1.1001 69 51 31
10.341 -0.1705 -0.98399 71 50 29
10.368 -0.17812 -1.0473 70 50 23
10.337 -0.16473 -1.0577 72 52 28
10.326 -0.16967 -1.003 72 53 23
10.448 -0.1871 -1.114 71 54 34
10.457 -0.19202 -1.0925 69 53 28
10.416 -0.17053 -1.0693 73 53 26
10.442 -0.18796 -1.0583 71 50 29
10.462 -0.18604 -1.0398 73 52 23
10.494 -0.19099 -1.0542 71 53 29
10.425 -0.1855 -1.0227 74 55 25
10.485 -0.18279 -1.022 72 54 30
10.418 -0.19244 -1.0735 71 52 22
10.437 -0.18838 -1.003 73 52 31
10.487 -0.18455 -1.0772 70 51 21
10.425 -0.19063 -1.1305 69 50 7
10.409 -0.17756 -1.1199 69 51 31
10.413 -0.18524 -1.0963 72 51 32
10.419 -0.17891 -1.0457 69 50 20
10.41 -0.18744 -1.0949 72 51 32
10.482 -0.20106 -1.1049 71 53 33
10.473 -0.21605 -1.0775 71 51 24
10.471 -0.19712 -1.1269 71 51 27
10.318 -0.16926 -1.1255 71 54 28
10.293 -0.1667 -1.2178 70 50 25
10.286 -0.17934 -1.1378 70 52 32
10.298 -0.17372 -1.1951 68 48 24
10.364 -0.17234 -1.1227 69 52 24
10.299 -0.16923 -1.0906 69 52 26
10.318 -0.17366 -1.2314 72 52 28
10.344 -0.17688 -1.1937 72 51 30
10.338 -0.17883 -1.1377 69 49 24
10.253 -0.17139 -1.1955 69 51 27
10.322 -0.16875 -1.1802 72 52 27
10.326 -0.17427 -1.1048 73 50 16
10.323 -0.18015 -1.2095 69 49 24
10.293 -0.16314 -1.1123 65 49 23
10.264 -0.17376 -1.1766 69 50 34
10.288 -0.16862 -1.1612 73 53 28
10.329 -0.17397 -1.1588 69 52 24
10.268 -0.1714 -1.1782 69 50 34
10.375 -0.19305 -1.2415 73 52 25
10.383 -0.18287 -1.1359 67 50 7
10.441 -0.19401 -1.167 69 50 7
10.405 -0.18515 -1.2279 71 50 23
10.465 -0.19035 -1.1487 68 48 21
10.36 -0.17956 -1.2303 70 50 26
10.403 -0.18348 -1.1728 67 49 25
10.41 -0.18988 -1.1499 69 48 29
10.354 -0.1806 -1.1743 71 55 32
10.392 -0.20358 -1.1973 72 51 24
10.378 -0.17839 -1.2125 71 53 33
10.355 -0.19045 -1.1489 69 50 33
10.4 -0.17527 -1.1955 72 51 30
10.425 -0.18605 -1.2681 70 48 24
10.437 -0.18709 -1.1884 72 52 25
10.441 -0.19751 -1.2217 70 50 26
10.489 -0.20339 -1.2193 72 54 32
10.468 -0.19531 -1.2624 71 48 30
10.435 -0.19063 -1.2453 69 52 22
10.485 -0.20219 -1.1624 69 50 20
10.434 -0.20426 -1.2763 68 50 26
10.468 -0.22921 -1.2428 74 54 30
10.484 -0.18225 -1.2127 69 53 27
10.484 -0.21605 -1.1936 69 51 29
10.49 -0.20646 -1.2777 67 50 20
10.487 -0.19131 -1.1872 69 47 23
10.457 -0.21163 -1.2338 70 53 23
10.476 -0.20374 -1.2988 72 53 23
11.563 -2.3076 -1.6686 47 28 14
11.637 -2.299 -1.6065 45 31 5
11.665 -2.3762 -1.6357 48 29 12
11.405 -2.3326 -1.5844 44 24 15
11.433 -2.3051 -1.6215 46 27 13
10.223 -0.16177 -1.3088 69 50 16
10.233 -0.17751 -1.3177 69 51 11
10.272 -0.18255 -1.2619 73 51 27
10.248 -0.16606 -1.2709 65 50 29
10.297 -0.17859 -1.3026 70 50 16
10.277 -0.18949 -1.2393 67 50 30
10.278 -0.16617 -1.2356 71 49 34
10.253 -0.17435 -1.3026 69 47 26
10.226 -0.17013 -1.2851 67 49 27
10.275 -0.1704 -1.2878 70 50 16
10.23 -0.15686 -1.3124 69 50 16
10.25 -0.17478 -1.248 66 50 27
10.267 -0.17735 -1.3386 66 49 31
10.196 -0.19224 -1.3238 68 49 17
10.305 -0.18329 -1.2821 70 48 35
10.279 -0.17926 -1.3207 66 49 23
10.396 -0.18561 -1.3643 64 47 21
10.336 -0.18877 -1.3568 66 49 23
10.35 -0.17544 -1.2512 69 49 25
10.398 -0.18164 -1.3075 69 48 27
10.333 -0.18855 -1.2984 68 50 26
10.352 -0.18953 -1.3384 69 49 12
10.362 -0.19582 -1.3751 68 48 23
10.338 -0.17722 -1.384 69 52 26
10.293 -0.18288 -1.3566 70 50 26
10.309 -0.18289 -1.3387 68 47 26
10.378 -0.1837 -1.3247 70 50 25
10.335 -0.17741 -1.3243 68 46 23
10.314 -0.18808 -1.2606 70 49 28
10.409 -0.18514 -1.2874 70 50 23
10.355 -0.18973 -1.3974 69 50 33
10.348 -0.18898 -1.2816 67 49 27
10.369 -0.18667 -1.2635 71 51 26
10.435 -0.19998 -1.4192 69 47 24
10.482 -0.21439 -1.333 70 52 30
10.481 -0.20411 -1.3607 69 52 22
10.452 -0.19717 -1.3418 71 52 22
10.433 -0.19754 -1.3599 69 49 24
10.48 -0.19104 -1.3272 69 48 29
10.459 -0.23763 -1.2964 70 49 28
10.459 -0.2101 -1.4373 69 51 29
10.436 -0.19281 -1.303 68 50 26
10.453 -0.21044 -1.3736 68 51 31
10.463 -0.19381 -1.4053 70 50 13
10.419 -0.19534 -1.3805 69 49 22
10.424 -0.18975 -1.3247 69 54 25
10.388 -0.20351 -1.393 67 50 24
10.39 -0.19946 -1.3356 65 50 19
10.476 -0.22085 -1.3913 71 51 24
10.464 -0.21789 -1.4112 66 48 26
10.562 -0.18726 -1.4635 67 50 20
10.477 -0.224 -1.4518 67 49 29
10.515 -0.20988 -1.3794 68 50 30
10.947 -0.79962 -1.6583 40 23 15
11.365 -0.73816 -1.7084 46 29 11
11.106 -0.811 -1.675 46 30 15
11.266 -0.78476 -1.7083 45 30 7
11.046 -0.84713 -1.682 41 28 12
10.879 -0.84549 -1.6334 41 26 5
11.104 -0.86627 -1.7175 44 30 19
10.954 -0.92714 -1.6541 55 37 17
11.143 -1.028 -1.7386 48 35 19
11.113 -1.0643 -1.7351 49 31 9
10.977 -1.4124 -1.5995 39 22 15
11.042 -1.4423 -1.6347 38 26 10
11.151 -1.4743 -1.6892 38 28 3
11.088 -1.4488 -1.6196 40 24 11
11.247 -1.4166 -1.6878 41 23 13
10.83 -1.4363 -1.5671 43 25 11
10.886 -2.0501 -1.6 39 23 0
11.042 -2.0911 -1.6431 39 24 5
10.888 -2.0227 -1.5934 40 26 0
10.984 -2.1056 -1.6206 38 27 5
11.158 -2.1964 -1.5463 45 24 3
11.081 -2.2594 -1.5571 46 28 6
11.263 -2.2833 -1.634 43 27 4
10.882 -2.168 -1.5316 42 25 7
11.423 -2.3262 -1.7376 38 24 11
11.227 -2.2449 -1.5768 46 28 4
10.646 -2.1208 -1.4848 40 23 6
10.233 -0.18037 -1.4283 69 48 29
10.182 -0.18218 -1.4214 68 52 29
10.209 -0.18639 -1.4409 67 51 26
10.186 -0.17812 -1.3685 67 46 25
10.251 -0.19992 -1.3605 69 52 26
10.236 -0.17664 -1.3746 70 49 32
10.176 -0.17629 -1.4426 66 49 19
10.222 -0.17621 -1.392 69 46 28
10.169 -0.17941 -1.3839 68 48 21
10.249 -0.17879 -1.3556 66 50 24
10.246 -0.18234 -1.4103 70 49 20
10.197 -0.20617 -1.4645 62 41 22
10.202 -0.17897 -1.4067 68 50 30
10.245 -0.18123 -1.3537 66 50 24
10.199 -0.17978 -1.3502 65 47 23
10.261 -0.18303 -1.3917 69 47 32
10.203 -0.18021 -1.4624 66 50 15
10.291 -0.18663 -1.4109 66 50 25
10.269 -0.19208 -1.4838 53 37 14
10.332 -0.19401 -1.4121 73 53 19
10.322 -0.18976 -1.4332 67 50 24
10.258 -0.18691 -1.4468 68 50 26
10.336 -0.194 -1.4719 64 48 15
10.273 -0.18724 -1.4296 67 46 15
10.35 -0.19517 -1.4542 66 44 21
10.304 -0.18828 -1.3931 69 51 27
10.297 -0.19506 -1.4466 69 48 27
10.334 -0.18424 -1.5002 49 27 4
10.26 -0.17513 -1.4745 68 50 26
10.281 -0.19476 -1.4647 72 49 18
10.372 -0.20589 -1.4693 64 46 26
10.391 -0.1833 -1.5095 36 21 0
10.425 -0.20874 -1.4757 66 48 26
10.367 -0.19533 -1.4359 69 52 26
10.409 -0.20479 -1.4342 67 49 27
10.389 -0.19259 -1.4192 70 53 27
10.383 -0.20974 -1.4483 65 48 22
10.46 -0.19885 -1.4655 68 48 23
10.463 -0.22181 -1.4722 68 50 30
10.526 -0.17398 -1.5376 49 32 24
11.01 -0.84603 -1.7003 42 27 6
10.921 -0.89565 -1.6635 42 28 1
10.74 -1.0091 -1.6272 49 32 15
10.85 -0.99732 -1.6559 46 31 10
10.797 -1.0276 -1.6619 51 34 14
10.882 -1.0508 -1.6827 50 32 10
10.9 -1.0266 -1.6451 56 40 23
10.78 -1.0874 -1.6657 49 30 16
10.898 -1.0781 -1.6953 44 33 13
10.719 -1.0331 -1.6578 48 30 16
10.751 -1.0637 -1.6424 48 32 15
10.833 -1.0431 -1.7193 44 28 15
10.906 -1.0173 -1.6872 53 35 23
10.803 -1.0771 -1.7058 43 27 12
10.9 -1.1522 -1.6416 46 30 15
10.844 -1.0931 -1.64 42 29 11
10.638 -1.2627 -1.6552 37 25 11
10.939 -1.2079 -1.6719 44 27 9
11.054 -1.1902 -1.7623 44 27 17
10.821 -1.1828 -1.6385 47 31 16
10.73 -1.2129 -1.6348 43 27 12
10.592 -1.2924 -1.6384 41 27 18
10.575 -1.3197 -1.6377 41 27 16
10.827 -1.3103 -1.6051 41 24 6
10.565 -1.3463 -1.636 44 28 11
10.924 -1.3878 -1.7075 41 25 12
10.661 -1.4355 -1.6508 43 25 11
10.856 -1.3953 -1.6411 39 27 1
10.844 -1.3668 -1.6276 42 26 11
10.883 -1.4011 -1.6242 39 23 8
10.741 -1.3854 -1.6467 42 26 11
10.571 -1.43 -1.6283 44 25 11
10.751 -1.4131 -1.6568 41 28 12
10.716 -1.3646 -1.5929 44 27 19
10.687 -1.4951 -1.6395 43 24 17
10.714 -1.4958 -1.6552 43 24 17
10.601 -1.4878 -1.6262 45 28 18
10.787 -1.475 -1.6555 41 25 10
10.609 -1.4619 -1.6286 42 25 8
10.67 -1.4678 -1.6248 42 26 9
11.007 -1.4297 -1.6849 37 25 9
10.756 -1.441 -1.6655 43 26 9
10.864 -1.5051 -1.7011 42 26 9
10.878 -1.4472 -1.6968 44 27 10
10.559 -1.456 -1.6293 40 27 18
10.608 -1.5194 -1.6023 44 26 16
10.627 -1.5727 -1.6245 46 28 6
10.748 -1.5573 -1.654 42 28 15
10.576 -1.5649 -1.6301 45 29 12
10.748 -1.5404 -1.5851 46 29 9
10.626 -1.5464 -1.6217 43 28 9
10.825 -1.5718 -1.6296 43 29 18
10.608 -1.5929 -1.6513 59 43 20
10.678 -1.5271 -1.6104 41 28 9
10.69 -1.6621 -1.649 50 33 13
10.683 -1.7456 -1.6279 57 39 15
10.689 -1.7199 -1.6285 48 32 9
10.613 -1.6807 -1.6111 49 31 11
10.675 -1.6917 -1.6132 56 40 23
10.696 -1.7162 -1.6606 49 28 23
10.599 -1.7008 -1.6417 84 62 38
10.677 -1.7714 -1.6337 48 28 4
10.685 -1.7995 -1.648 46 28 4
10.626 -1.7601 -1.6329 48 31 13
10.791 -1.9973 -1.578 38 27 0
10.846 -2.0678 -1.5842 41 22 8
10.62 -2.0283 -1.5721 37 19 5
10.811 -2.0563 -1.6024 38 24 15
10.665 -2.0171 -1.5602 39 22 12
10.871 -2.0435 -1.6258 39 22 15
10.767 -2.0689 -1.6166 37 23 14
10.655 -2.0346 -1.6197 39 23 6
10.684 -2.0191 -1.6015 41 24 7
10.757 -2.093 -1.6179 40 23 13
10.819 -2.1125 -1.6167 37 21 8
10.711 -2.1331 -1.609 37 17 10
10.763 -2.1244 -1.6 35 24 2
10.742 -2.1154 -1.6169 35 21 8
10.728 -2.1173 -1.5545 41 25 12
10.5 -2.0664 -1.5523 30 18 4
10.866 -2.2104 -1.6271 37 23 10
10.782 -2.1583 -1.5811 41 22 8
10.76 -2.1764 -1.6096 35 15 8
10.62 -2.1266 -1.622 39 19 12
10.594 -2.1442 -1.6174 39 18 13
10.794 -2.162 -1.5878 41 22 8
10.791 -2.1588 -1.6173 38 19 13
10.544 -2.1547 -1.5651 32 18 7
10.742 -2.1967 -1.6025 36 22 13
10.639 -2.1346 -1.605 38 18 9
10.635 -2.235 -1.6261 38 19 13
10.599 -2.1972 -1.5984 37 25 1
10.689 -2.2572 -1.5949 32 20 4
10.942 -2.3432 -1.7572 36 22 11
10.161 -0.19822 -1.4637 41 28 12
10.158 -0.17767 -1.4584 68 49 19
10.133 -0.18473 -1.4688 54 39 8
10.505 -0.098023 -1.7578 0 5 0
10.365 -0.433 -1.6373 33 28 0
10.422 -0.35069 -1.7524 32 25 15
10.411 -0.42584 -1.6985 36 29 11
10.365 -0.4966 -1.6822 49 34 13
10.482 -0.40141 -1.7124 35 29 7
10.307 -0.57133 -1.6547 55 37 15
10.448 -0.48303 -1.7423 49 33 8
10.362 -0.57207 -1.6932 56 38 18
10.485 -0.50224 -1.7387 60 41 25
10.431 -0.50007 -1.7027 50 32 28
10.34 -0.78984 -1.6714 46 30 13
10.335 -0.81563 -1.6732 44 27 7
10.421 -0.81366 -1.7362 46 27 13
10.349 -0.86723 -1.6657 41 26 7
10.299 -0.8739 -1.6628 43 26 8
10.419 -0.79758 -1.6962 41 24 14
10.424 -0.82043 -1.7102 42 28 19
10.359 -0.88869 -1.6773 42 26 9
10.344 -1.0208 -1.668 39 25 0
10.361 -0.99264 -1.6749 37 24 15
10.332 -1.1018 -1.6509 43 29 20
10.323 -1.073 -1.6668 39 26 8
10.344 -1.0454 -1.6704 38 21 4
10.313 -1.1765 -1.6532 42 26 3
10.325 -1.1509 -1.6559 41 25 2
10.447 -1.1401 -1.701 48 36 24
10.313 -1.1765 -1.6535 42 26 3
10.355 -1.1226 -1.6665 44 28 11
10.264 -1.2061 -1.6297 41 25 2
10.637 -1.2562 -1.6878 46 29 12
10.318 -1.3008 -1.66 40 24 9
10.313 -1.3776 -1.6403 45 31 18
10.326 -1.3296 -1.6424 49 42 16
10.32 -1.3536 -1.6413 49 37 21
10.583 -1.4244 -1.6619 43 24 17
10.515 -1.445 -1.6629 43 26 18
10.514 -1.5011 -1.6399 46 27 10
10.579 -1.4822 -1.6453 45 28 20
10.474 -1.4752 -1.6175 55 36 20
10.568 -1.5079 -1.6389 39 26 8
10.469 -1.4699 -1.6387 47 30 22
10.534 -1.4505 -1.6389 43 29 16
10.468 -1.5545 -1.6034 51 35 18
10.485 -1.5802 -1.6171 54 37 20
10.49 -1.5507 -1.6407 49 32 14
10.592 -1.5348 -1.6638 47 31 8
10.54 -1.6895 -1.6351 50 35 14
10.547 -1.741 -1.6506 39 27 15
10.461 -1.7089 -1.5692 81 60 31
10.484 -1.7038 -1.6355 53 38 7
10.478 -1.805 -1.6275 44 29 10
10.55 -1.7707 -1.6287 51 35 10
10.471 -1.7553 -1.6158 41 29 7
10.605 -1.7531 -1.6543 77 61 38
10.471 -1.7796 -1.6209 45 28 11
10.441 -1.8191 -1.638 46 29 3
10.469 -1.8762 -1.6376 40 24 11
10.553 -1.8907 -1.7212 42 30 16
10.493 -1.8601 -1.6189 39 25 16
10.451 -1.8488 -1.6247 44 26 12
10.42 -1.9167 -1.5929 42 25 8
10.408 -1.9109 -1.6131 39 20 4
10.562 -1.8989 -1.6651 42 25 5
10.41 -1.8849 -1.6378 44 30 19
10.407 -1.8901 -1.579 44 22 9
10.4 -1.8856 -1.6029 41 22 16
10.51 -1.9892 -1.628 38 20 6
10.419 -2.0106 -1.6141 35 19 0
10.468 -1.976 -1.6331 39 23 8
10.378 -1.9763 -1.5855 38 20 8
10.475 -1.9831 -1.5807 38 21 13
10.52 -2.0188 -1.61 42 22 13
10.52 -2.0162 -1.6395 38 22 9
10.516 -2.0914 -1.6275 38 17 0
10.493 -2.0331 -1.6277 36 19 1
10.518 -2.0669 -1.6185 36 22 11
10.564 -2.0552 -1.6375 37 23 12
10.539 -2.1008 -1.613 46 21 16
10.362 -2.0198 -1.5573 39 23 0
10.499 -2.1319 -1.653 33 12 7
10.369 -2.1111 -1.6085 36 19 12
10.424 -2.1313 -1.6131 32 15 7
10.51 -2.1335 -1.6898 35 18 0
10.481 -2.1522 -1.62 35 16 12
10.545 -2.2018 -1.6039 31 24 0
10.423 -2.2034 -1.6048 35 17 3
10.554 -2.2295 -1.6143 35 21 12
10.413 -2.2221 -1.6 33 15 1
10.531 -2.2703 -1.6159 31 24 0
10.563 -2.2834 -1.6028 38 16 18
10.409 -2.3369 -1.6245 31 20 1
10.361 -2.2929 -1.6198 33 27 3
10.421 -2.2961 -1.6245 39 20 16
10.445 -2.3046 -1.666 31 23 2
10.39 -2.3062 -1.6107 33 18 13
10.38 -2.3719 -1.5951 33 21 0
10.394 -2.3532 -1.6188 36 20 7
10.366 -2.3646 -1.6116 32 25 5
10.333 -2.3724 -1.5991 37 26 6
10.322 -2.3893 -1.5672 28 13 10
10.405 -2.4283 -1.6414 32 23 6
10.513 -2.4561 -1.674 38 15 7
10.282 -0.2285 -1.7066 21 14 0
10.216 -0.24508 -1.6603 13 18 12
10.384 -0.17541 -1.7478 24 18 18
10.129 -0.42561 -1.7201 25 21 9
10.368 -0.40349 -1.7228 41 20 15
10.177 -0.51398 -1.6308 38 16 1
10.318 -0.41844 -1.7215 32 15 0
10.095 -0.54142 -1.6881 35 19 2
10.259 -0.43906 -1.7116 33 16 0
10.121 -0.506 -1.702 34 14 5
10.234 -0.46638 -1.7256 35 20 13
10.097 -0.49697 -1.6793 36 13 5
10.229 -0.47791 -1.6967 40 23 5
10.26 -0.45359 -1.7425 35 20 13
10.153 -0.55232 -1.6811 36 23 14
10.263 -0.48383 -1.7259 36 24 0
10.308 -0.53669 -1.6844 46 30 17
10.12 -0.55986 -1.6843 39 20 14
10.153 -0.56117 -1.6534 36 17 3
10.255 -0.49673 -1.6945 39 22 4
10.093 -0.56461 -1.691 39 17 4
10.152 -0.79183 -1.6795 54 37 19
10.25 -0.74944 -1.6859 81 60 29
10.207 -0.77965 -1.6919 65 49 26
10.178 -0.76737 -1.6667 80 59 28
10.246 -0.71943 -1.7075 104 77 40
10.145 -0.77207 -1.669 56 38 28
10.156 -0.74558 -1.6728 73 50 16
10.129 -0.79292 -1.688 55 43 31
10.174 -0.75332 -1.7193 63 46 36
10.146 -0.86077 -1.6907 53 37 22
10.345 -0.74763 -1.7292 52 36 21
10.222 -0.8053 -1.6798 53 37 11
10.173 -0.85201 -1.6214 42 27 4
10.09 -0.84962 -1.6737 48 34 23
10.254 -0.81798 -1.7065 56 35 18
10.322 -0.78797 -1.6874 51 35 10
10.217 -0.82243 -1.7085 64 43 22
10.097 -0.86914 -1.6839 47 30 22
10.238 -0.80793 -1.6604 47 34 15
10.248 -0.77323 -1.6923 62 44 24
10.131 -0.81371 -1.6989 55 38 20
10.356 -0.80143 -1.7138 49 31 17
10.232 -0.79416 -1.714 51 36 13
10.241 -0.78335 -1.7491 52 36 23
10.12 -0.84696 -1.6679 55 36 22
10.353 -0.80237 -1.7119 49 31 17
10.162 -0.86285 -1.6756 59 36 18
10.146 -0.91308 -1.67 53 31 18
10.218 -0.90626 -1.6669 46 25 6
10.268 -0.89893 -1.6767 44 28 13
10.279 -0.90341 -1.6538 38 28 3
10.108 -0.94612 -1.6476 53 25 21
10.148 -0.91936 -1.6454 49 25 15
10.291 -0.84482 -1.683 47 29 19
10.259 -0.87138 -1.689 42 29 13
10.286 -0.83953 -1.702 49 33 16
10.083 -0.92424 -1.6537 47 28 14
10.197 -0.88263 -1.6738 50 26 12
10.188 -0.86209 -1.6661 53 31 10
10.125 -0.94802 -1.634 49 27 4
10.083 -0.90257 -1.6492 56 33 25
10.147 -0.89049 -1.6659 53 29 17
10.335 -0.8556 -1.7177 43 27 10
10.079 -0.94701 -1.6563 49 25 15
10.127 -0.98415 -1.6763 47 26 21
10.184 -0.98315 -1.6633 44 24 17
10.252 -0.97322 -1.6818 39 23 10
10.215 -0.95238 -1.68 45 25 0
10.173 -0.95645 -1.6781 48 25 7
10.17 -0.94228 -1.6394 46 26 2
10.173 -0.9791 -1.6824 49 26 10
10.135 -0.95992 -1.6773 48 28 3
10.105 -0.96105 -1.6835 42 25 8
10.12 -0.96392 -1.6665 48 28 3
10.09 -1.0152 -1.6545 45 25 14
10.094 -1.064 -1.6401 38 18 7
10.121 -1.0521 -1.6846 38 21 14
10.185 -1.051 -1.6775 42 20 5
10.157 -1.0056 -1.6754 45 27 7
10.28 -0.99713 -1.6778 40 27 9
10.306 -0.98427 -1.7226 40 23 6
10.122 -1.0298 -1.6806 45 25 16
10.202 -1.0016 -1.6795 44 23 6
10.372 -0.98321 -1.7093 36 24 8
10.162 -1.0334 -1.657 42 25 0
10.308 -1.0215 -1.6724 37 24 5
10.191 -1.0204 -1.7037 48 22 21
10.12 -1.0743 -1.6888 38 25 9
10.155 -1.1079 -1.6417 36 24 10
10.125 -1.0795 -1.6664 33 22 3
10.31 -1.0689 -1.6844 39 23 8
10.155 -1.1017 -1.6683 36 23 4
10.1 -1.1279 -1.6587 36 23 17
10.275 -1.0987 -1.6699 36 19 9
10.109 -1.1043 -1.6621 37 24 8
10.152 -1.1246 -1.6715 41 25 10
10.323 -1.0968 -1.6745 37 20 13
10.211 -1.1208 -1.6836 36 23 5
10.231 -1.1697 -1.6818 40 22 12
10.287 -1.1504 -1.6586 36 21 14
10.191 -1.1694 -1.6824 38 25 7
10.289 -1.1266 -1.6534 38 18 17
10.155 -1.1465 -1.6771 40 25 6
10.186 -1.1534 -1.6482 37 22 0
10.281 -1.1685 -1.6908 42 24 10
10.259 -1.1483 -1.6687 40 25 4
10.133 -1.1997 -1.6479 38 20 8
10.097 -1.1717 -1.669 39 24 19
10.247 -1.127 -1.6549 42 25 7
10.154 -1.1912 -1.689 34 19 12
10.117 -1.1743 -1.6586 41 24 7
10.265 -1.1176 -1.6965 36 25 6
10.129 -1.1448 -1.6856 33 23 13
10.209 -1.2071 -1.6193 42 23 16
10.239 -1.1975 -1.6667 37 20 3
10.145 -1.2426 -1.6647 41 26 7
10.103 -1.2416 -1.6644 39 24 17
10.268 -1.2116 -1.7164 35 22 6
10.099 -1.2203 -1.6574 33 20 12
10.195 -1.2144 -1.694 40 25 6
10.124 -1.2613 -1.6841 33 20 12
10.205 -1.1961 -1.6697 34 24 0
10.237 -1.2956 -1.6605 39 20 13
10.228 -1.2736 -1.6452 40 21 14
10.265 -1.299 -1.6511 38 22 7
10.14 -1.3315 -1.6808 40 27 8
10.254 -1.3229 -1.6488 39 21 7
10.233 -1.3189 -1.6615 40 24 9
10.255 -1.2766 -1.6386 40 22 8
10.226 -1.3752 -1.6122 40 23 6
10.256 -1.346 -1.6528 38 25 7
10.187 -1.389 -1.6428 36 21 0
10.238 -1.3698 -1.645 39 22 14
10.102 -1.3817 -1.6397 38 22 7
10.215 -1.3428 -1.6533 36 23 5
10.127 -1.3541 -1.6776 37 24 15
10.297 -1.3258 -1.6481 41 26 3
10.135 -1.3587 -1.6565 41 25 12
10.211 -1.3933 -1.6357 37 22 15
10.187 -1.3666 -1.6405 37 19 9
10.287 -1.3498 -1.6462 38 26 0
10.303 -1.3491 -1.6561 38 26 0
10.149 -1.3631 -1.641 28 19 4
10.111 -1.3766 -1.6701 37 23 14
10.214 -1.4384 -1.649 39 23 6
10.107 -1.4463 -1.6544 38 23 20
10.209 -1.4609 -1.6477 44 26 4
10.26 -1.4153 -1.6737 43 26 9
10.286 -1.4433 -1.6662 42 30 16
10.237 -1.3977 -1.6288 38 24 15
10.185 -1.5271 -1.6466 47 26 5
10.284 -1.4899 -1.6765 42 24 12
10.084 -1.493 -1.6248 43 25 15
10.119 -1.468 -1.669 41 23 21
10.228 -1.5155 -1.6194 41 27 18
10.297 -1.4949 -1.657 42 28 17
10.129 -1.4987 -1.6311 43 23 16
10.195 -1.483 -1.6442 44 26 6
10.173 -1.5045 -1.6334 43 25 3
10.218 -1.4656 -1.6262 42 24 14
10.226 -1.5109 -1.6426 45 26 19
10.073 -1.4884 -1.641 39 24 17
10.144 -1.4729 -1.6618 39 25 14
10.142 -1.5899 -1.6306 57 41 18
10.251 -1.5619 -1.6414 54 36 22
10.131 -1.5635 -1.6438 48 31 11
10.155 -1.5694 -1.6377 54 37 17
10.193 -1.554 -1.6301 51 32 18
10.118 -1.5586 -1.6622 48 29 22
10.235 -1.5339 -1.6538 44 26 14
10.235 -1.5384 -1.6285 51 35 18
10.12 -1.5413 -1.632 43 28 5
10.212 -1.5775 -1.6479 52 35 5
10.083 -1.5773 -1.6412 43 24 17
10.183 -1.5491 -1.6486 49 34 11
10.233 -1.6281 -1.6441 62 46 23
10.215 -1.6225 -1.6602 58 42 17
10.187 -1.5977 -1.636 54 39 20
10.047 -1.6606 -1.6127 52 34 12
10.199 -1.7128 -1.6421 69 48 21
10.153 -1.7274 -1.6148 58 42 19
10.144 -1.7441 -1.6393 47 31 14
10.191 -1.7586 -1.6203 53 38 15
10.227 -1.7425 -1.6384 60 43 17
10.155 -1.7243 -1.6416 50 33 16
10.157 -1.7709 -1.628 50 34 8
9.954 -1.7475 -1.5401 38 28 19
10.194 -1.7556 -1.6465 54 39 10
10.187 -1.7795 -1.6207 51 36 5
10.153 -1.8343 -1.6396 43 25 15
10.145 -1.7902 -1.6257 50 28 15
10.178 -1.7997 -1.6233 51 35 2
10.129 -1.8081 -1.6186 45 23 23
10.106 -1.8005 -1.6279 41 25 2
10.141 -1.7861 -1.6458 45 25 16
10.121 -1.8483 -1.6218 41 21 20
10.343 -1.9108 -1.6636 40 31 22
10.143 -1.8561 -1.6127 39 22 2
10.183 -1.8703 -1.5846 41 29 17
10.193 -1.9394 -1.5816 39 27 13
10.099 -1.9463 -1.6282 38 20 10
10.111 -1.9313 -1.6073 45 24 3
10.196 -1.9376 -1.6067 38 27 7
10.084 -1.9215 -1.6128 40 23 13
10.313 -1.9496 -1.6567 41 29 13
10.123 -1.9555 -1.621 39 22 12
10.187 -1.9544 -1.631 34 16 0
10.108 -2.0128 -1.6214 39 25 16
10.091 -1.9872 -1.6077 34 20 9
10.124 -1.9767 -1.6272 39 20 3
10.147 -2.0064 -1.6204 42 23 7
10.175 -1.9939 -1.6351 39 21 1
10.098 -1.9664 -1.6311 36 19 2
10.157 -1.9676 -1.6193 40 15 11
10.089 -2.0277 -1.6164 37 23 12
10.275 -2.1172 -1.6668 44 19 14
10.128 -2.0635 -1.6244 40 21 15
10.143 -2.0473 -1.6276 38 20 10
10.155 -2.074 -1.6153 38 21 1
10.153 -2.0316 -1.6064 42 11 1
10.165 -2.057 -1.6203 39 15 1
10.164 -2.033 -1.6362 40 20 13
10.086 -2.0468 -1.6184 38 16 16
10.136 -2.1097 -1.583 39 22 2
10.128 -2.0836 -1.6258 41 24 17
10.183 -2.1051 -1.6389 42 19 3
10.227 -2.1221 -1.6396 40 23 13
10.119 -2.1027 -1.6007 43 25 11
10.126 -2.1037 -1.6278 39 13 12
10.113 -2.1627 -1.612 36 25 5
10.105 -2.1792 -1.6073 28 18 9
10.078 -2.2085 -1.5997 29 15 4
10.12 -2.206 -1.6211 32 17 12
10.166 -2.2272 -1.6302 35 16 9
10.099 -2.2385 -1.619 29 15 4
10.436 -2.3939 -1.7363 31 30 0
10.141 -2.2793 -1.6275 30 14 17
10.109 -2.2847 -1.6087 31 17 6
10.214 -2.3363 -1.6055 34 30 19
10.193 -2.305 -1.586 28 28 0
10.247 -2.3975 -1.5892 34 30 5
10.068 -0.38636 -1.685 32 14 10
10.09 -0.46991 -1.6959 34 15 19
10.113 -0.47947 -1.717 37 14 6
10.011 -0.47515 -1.6819 28 18 9
10.057 -0.45718 -1.693 35 19 4
10.048 -0.48438 -1.6896 35 19 19
10.081 -0.53989 -1.705 33 17 0
10.018 -0.55154 -1.6524 37 14 20
10.047 -0.57958 -1.6813 40 21 5
10.019 -0.63487 -1.6725 40 19 16
10.085 -0.59084 -1.6879 39 23 6
10.033 -0.60699 -1.6782 40 21 5
10.007 -0.6111 -1.6858 32 26 10
9.9835 -0.64331 -1.6738 42 32 23
10.068 -0.62035 -1.681 37 22 1
9.9185 -0.72789 -1.6572 42 35 19
10.005 -0.70375 -1.6783 36 26 16
10.021 -0.71145 -1.7159 46 33 25
9.9749 -0.70992 -1.6782 45 32 23
9.94 -0.69791 -1.6699 41 32 27
10.013 -0.74233 -1.6946 35 23 9
9.9723 -0.8006 -1.671 36 29 3
10.099 -0.74491 -1.7098 42 27 6
10.031 -0.76436 -1.684 38 26 14
9.9952 -0.77099 -1.6831 41 28 20
9.932 -0.87637 -1.6545 43 34 17
10.052 -0.82719 -1.6901 42 29 21
10.064 -0.78706 -1.6652 50 33 25
9.9893 -0.83577 -1.6925 38 29 14
9.9608 -0.81918 -1.6126 45 28 21
10.021 -0.83108 -1.6932 38 25 7
10.024 -0.78757 -1.687 43 25 21
9.9397 -0.83373 -1.6488 41 26 19
10.044 -0.90103 -1.673 43 28 7
10.104 -0.86025 -1.712 39 27 11
10.073 -0.84821 -1.6874 46 29 12
9.982 -0.86586 -1.6675 39 27 15
10.006 -0.90642 -1.6693 41 24 17
10.026 -0.87895 -1.6792 44 32 18
10.045 -0.86495 -1.7239 39 23 8
10.027 -0.85736 -1.6759 45 28 20
10.02 -0.9439 -1.6907 42 28 19
9.9637 -0.97415 -1.6797 37 31 9
9.9585 -0.98207 -1.6495 42 25 18
10.099 -0.91272 -1.6921 40 27 11
10.001 -0.92843 -1.6731 43 30 12
10.045 -0.92194 -1.6789 40 29 23
10.08 -0.89662 -1.6737 43 29 20
9.9696 -0.93171 -1.672 40 26 17
10.016 -0.95144 -1.6631 38 26 2
9.9653 -1.0007 -1.6585 38 24 11
10.039 -1.0086 -1.695 36 26 16
9.9435 -1.0003 -1.6667 39 26 7
10.077 -0.98446 -1.688 37 22 17
10.082 -0.98891 -1.6709 36 23 4
10.017 -0.9935 -1.6709 39 27 15
9.9749 -1.0395 -1.6735 40 26 15
10.05 -0.97011 -1.6642 40 25 6
10.047 -1.0127 -1.6771 39 27 5
9.9523 -1.0388 -1.6821 39 22 15
9.9862 -1.016 -1.678 42 27 8
9.9855 -1.0429 -1.658 40 24 7
10.097 -1.0068 -1.6885 40 23 3
9.9929 -1.0411 -1.6638 40 24 7
9.9557 -1.0643 -1.6649 41 25 8
9.9643 -1.0885 -1.6531 42 27 8
9.9738 -1.1071 -1.6637 44 27 7
10.053 -1.0819 -1.6673 36 24 8
9.9364 -1.1092 -1.6578 46 24 11
10.07 -1.0287 -1.6984 41 23 19
10.012 -1.0845 -1.662 36 17 13
9.9722 -1.081 -1.6836 43 26 8
9.9786 -1.065 -1.6576 41 25 8
10.061 -1.0525 -1.6962 39 24 5
10.103 -1.0997 -1.6815 37 24 8
9.9886 -1.1248 -1.68 45 26 9
10.04 -1.1058 -1.6618 39 25 12
9.9343 -1.1699 -1.671 45 21 11
10.07 -1.1486 -1.6705 31 26 7
9.9485 -1.1729 -1.6583 47 24 8
10.107 -1.1206 -1.6909 35 22 6
9.9812 -1.1471 -1.6771 40 23 13
9.9526 -1.2331 -1.6752 41 19 6
9.9667 -1.2062 -1.6062 37 25 1
9.9622 -1.1911 -1.673 43 21 6
10.093 -1.194 -1.6705 38 21 1
10.027 -1.2187 -1.6545 36 19 11
9.9801 -1.1939 -1.661 43 24 7
10.03 -1.1918 -1.6759 41 19 19
9.999 -1.1702 -1.6717 47 29 17
10.002 -1.2165 -1.6605 39 22 14
9.9568 -1.2175 -1.6484 45 23 10
9.9243 -1.2168 -1.6475 42 23 19
10.143 -1.2539 -1.7235 39 23 10
9.9968 -1.2794 -1.6687 44 27 9
9.9663 -1.257 -1.6659 44 25 9
9.9957 -1.2381 -1.6594 41 23 9
10.09 -1.2377 -1.6802 37 22 15
9.9606 -1.2779 -1.6663 45 26 10
10.125 -1.2115 -1.7014 40 22 12
9.9657 -1.2367 -1.6602 45 23 10
9.9856 -1.3265 -1.6418 43 22 17
9.9364 -1.3003 -1.6513 47 28 11
9.976 -1.3223 -1.6619 41 24 16
10.024 -1.3287 -1.6483 36 19 9
10.004 -1.3143 -1.604 36 23 7
10.065 -1.3047 -1.6734 38 21 11
10.047 -1.3321 -1.6395 41 23 9
9.9457 -1.3444 -1.6432 46 22 8
9.9357 -1.3204 -1.6558 49 22 13
9.951 -1.3039 -1.6378 47 23 11
10.022 -1.3031 -1.6652 36 24 10
10.01 -1.3456 -1.6651 43 22 19
10.012 -1.3708 -1.6502 39 22 14
10.104 -1.3985 -1.6687 36 22 13
10.058 -1.3737 -1.6589 37 21 8
10.017 -1.3612 -1.7047 46 22 8
10.01 -1.355 -1.6185 42 19 11
9.9565 -1.4087 -1.6403 42 23 9
10.023 -1.3496 -1.6536 34 20 7
10.02 -1.3959 -1.6333 40 20 21
9.9513 -1.4044 -1.6609 43 19 5
10.021 -1.3913 -1.6627 28 19 14
9.9405 -1.4487 -1.6369 43 26 9
10.051 -1.4582 -1.6707 42 22 11
9.9053 -1.4249 -1.6297 42 23 9
9.9959 -1.4372 -1.6255 37 23 10
10.146 -1.4418 -1.711 40 25 6
9.9843 -1.4533 -1.6467 34 19 16
10.102 -1.4325 -1.7311 37 23 10
10.043 -1.4625 -1.6396 40 23 5
10.078 -1.4204 -1.6568 41 23 1
10.008 -1.4123 -1.6575 33 20 11
9.961 -1.4287 -1.6487 40 22 12
10.025 -1.412 -1.6708 33 20 11
10.054 -1.4161 -1.6646 40 22 10
9.9704 -1.4691 -1.6648 41 24 7
10.012 -1.4741 -1.6707 41 23 9
9.9995 -1.478 -1.6351 40 24 7
10.056 -1.4836 -1.6532 41 24 6
9.9542 -1.4928 -1.6292 40 23 6
9.9484 -1.5085 -1.6529 49 21 20
9.9111 -1.4875 -1.6227 46 24 11
10.036 -1.566 -1.6575 42 23 6
10.013 -1.5439 -1.6365 45 27 7
10.024 -1.5689 -1.6235 43 23 14
10.008 -1.5879 -1.6164 42 25 7
9.9955 -1.5831 -1.6319 42 21 16
10.013 -1.5812 -1.6728 40 28 12
10.052 -1.5503 -1.6402 48 25 19
9.9558 -1.5565 -1.6253 40 22 18
9.9761 -1.6379 -1.6561 44 25 11
10.02 -1.6298 -1.6354 40 23 16
9.9558 -1.6159 -1.6382 32 23 8
10.039 -1.6113 -1.6447 44 25 9
10.091 -1.5991 -1.651 44 27 20
10.044 -1.6153 -1.6204 44 24 15
10.053 -1.637 -1.6341 46 28 8
9.9941 -1.6032 -1.6357 43 28 23
9.973 -1.6142 -1.6746 31 20 0
9.9673 -1.6203 -1.6195 42 23 16
9.939 -1.5943 -1.6184 43 24 18
10.009 -1.6452 -1.6548 45 27 17
10.023 -1.647 -1.6657 45 27 17
9.9996 -1.6907 -1.607 40 22 18
10.001 -1.6879 -1.6339 37 24 6
10.078 -1.6852 -1.6366 51 35 10
9.9872 -1.6625 -1.6423 42 27 8
10.047 -1.6569 -1.634 43 25 15
9.9752 -1.6974 -1.6634 47 26 21
9.9027 -1.667 -1.6045 42 23 16
9.9965 -1.6638 -1.6494 43 28 9
10.028 -1.651 -1.644 43 26 19
10.055 -1.6785 -1.6434 40 24 7
9.9951 -1.6837 -1.6525 39 26 7
9.9705 -1.6998 -1.6378 35 24 5
10.015 -1.6698 -1.6402 39 22 12
9.9832 -1.7249 -1.6294 40 20 21
10.032 -1.716 -1.6353 41 24 7
10.007 -1.709 -1.643 38 21 13
9.9902 -1.8082 -1.6271 34 22 6
10.039 -1.8217 -1.6387 40 21 14
9.9709 -1.8012 -1.6352 39 18 1
10.017 -1.7943 -1.6439 38 20 16
9.9696 -1.7814 -1.6312 45 23 12
10.046 -1.803 -1.6396 40 21 7
10.026 -1.7758 -1.6446 44 25 11
10.009 -1.7697 -1.6575 43 22 19
9.9683 -1.8423 -1.6186 39 23 10
10.021 -1.8781 -1.6402 39 22 12
9.9354 -1.8702 -1.6257 33 15 15
10.024 -1.8384 -1.6305 39 15 11
10.018 -1.8399 -1.6063 39 23 0
9.9808 -1.865 -1.6321 36 21 16
9.9829 -1.8263 -1.6257 38 22 7
9.974 -1.8218 -1.644 38 19 15
10.029 -1.8622 -1.6155 40 17 9
9.9979 -1.8522 -1.6185 38 20 20
10.032 -1.8832 -1.6242 39 19 12
10.024 -1.9405 -1.6281 40 19 16
10.026 -1.9016 -1.6233 40 16 12
9.9736 -1.9239 -1.6166 44 18 21
9.9637 -1.8997 -1.6297 38 21 13
9.999 -1.9117 -1.6317 29 14 7
10.043 -1.9282 -1.6135 41 17 13
10.015 -1.918 -1.6172 36 17 0
10.085 -1.8992 -1.6355 35 22 6
9.9967 -1.8912 -1.6248 31 16 0
9.9628 -1.88 -1.6241 35 22 6
9.9737 -1.922 -1.6407 45 21 9
10.12 -1.9294 -1.6647 37 21 8
9.9015 -1.8799 -1.6039 30 15 8
9.9959 -1.9919 -1.6249 23 15 12
10.022 -1.9417 -1.6006 42 16 15
9.9599 -1.9585 -1.6149 42 22 15
9.9982 -1.953 -1.6164 41 17 13
9.9702 -1.9423 -1.6182 37 18 4
9.9635 -1.9385 -1.6376 41 17 17
9.9973 -1.9724 -1.6202 42 18 14
10.075 -2.0634 -1.6147 38 16 5
9.9943 -2.0106 -1.626 26 17 10
9.9861 -2.027 -1.6223 32 14 14
9.9907 -2.0482 -1.6301 29 5 18
9.9654 -2.0182 -1.6306 33 20 4
10.015 -2.0188 -1.6145 28 20 7
10.052 -2.0541 -1.6251 32 14 2
10.019 -2.0402 -1.6232 33 14 16
10.031 -2.0267 -1.606 31 15 0
9.942 -2.0291 -1.6175 29 12 5
10.057 -2.0954 -1.6337 28 13 16
9.979 -2.1027 -1.6355 30 18 18
10.049 -2.0918 -1.6556 33 13 4
10.089 -2.0879 -1.6558 33 13 6
10.078 -2.0844 -1.6195 34 10 0
9.9774 -2.0627 -1.6235 29 15 4
9.9818 -2.0854 -1.6096 32 16 0
9.9707 -2.0804 -1.627 25 12 4
10.023 -2.1019 -1.6119 31 15 18
10.027 -2.0636 -1.636 33 14 7
9.942 -2.1454 -1.6216 29 16 0
10.125 -2.1865 -1.6454 33 18 0
9.9874 -2.1459 -1.625 32 13 6
10.086 -2.1501 -1.6155 35 13 13
9.9741 -2.1021 -1.6098 30 19 17
9.9599 -2.1144 -1.6262 28 8 1
10.123 -2.1858 -1.6447 33 18 0
9.9365 -2.1054 -1.5842 33 14 7
9.9806 -2.1832 -1.6074 29 18 16
10.046 -2.2132 -1.6304 33 15 1
10.075 -2.1862 -1.6167 31 14 6
9.9711 -2.159 -1.6203 30 21 6
10.026 -2.2241 -1.6206 29 24 3
10.016 -2.1801 -1.6052 25 12 4
9.9784 -2.1814 -1.6286 30 13 5
10.045 -2.2128 -1.6295 33 15 1
9.9914 -2.1686 -1.6114 33 14 16
9.9689 -2.1972 -1.603 37 13 9
9.9614 -2.1933 -1.6211 31 19 5
10.029 -2.2457 -1.6025 26 13 7
10.052 -2.2365 -1.6136 24 9 14
10.085 -2.2525 -1.6131 27 11 0
10.057 -2.2598 -1.599 29 13 0
10.086 -2.3353 -1.609 31 5 8
10.036 -2.3098 -1.5984 29 11 7
