2388
0.40412 0.24559 0.71329 0.51729 17.23 8.3419 -0.071443
15.848 7.2539 -0.1341 67 48 8
15.84 7.2474 -0.12078 68 46 23
15.851 7.2552 -0.10575 66 49 23
15.864 7.2489 -0.11792 67 47 23
15.859 7.2454 -0.13319 66 49 23
15.946 7.2996 -0.1257 69 50 7
17.344 4.0414 -0.6204 66 48 28
15.771 4.6152 -0.62609 67 49 25
15.921 7.2804 -0.17053 64 47 19
15.915 7.278 -0.22521 63 43 16
15.844 7.252 -0.14893 68 49 9
15.858 7.2483 -0.2039 63 45 21
15.861 7.2486 -0.16097 64 44 17
15.857 7.2447 -0.14685 66 49 5
15.855 7.2617 -0.17591 64 43 22
15.841 7.2686 -0.17897 70 45 23
15.845 7.2546 -0.19199 66 44 23
15.841 7.2528 -0.20697 63 45 21
15.85 7.2767 -0.20634 66 44 23
15.86 7.2491 -0.18988 67 46 19
15.855 7.2469 -0.21917 65 43 22
15.859 7.2478 -0.17531 64 47 21
15.85 7.2603 -0.22068 64 44 10
15.839 7.2692 -0.22263 64 45 11
15.843 7.2706 -0.19304 65 45 18
15.852 7.2584 -0.16199 64 44 20
15.848 7.2724 -0.1487 66 48 10
15.838 7.2648 -0.16385 65 45 10
15.822 7.2729 -0.22413 43 23 0
15.86 7.2531 -0.2633 60 42 18
15.857 7.2496 -0.24913 63 43 19
15.859 7.2507 -0.23334 63 46 16
15.861 7.2543 -0.27593 61 47 21
15.921 7.2845 -0.23898 61 46 3
15.842 7.2741 -0.26578 36 17 1
15.829 7.2801 -0.25245 38 24 0
15.843 7.2732 -0.23662 64 44 17
15.829 7.2481 -0.29886 37 20 0
15.85 7.2608 -0.23498 62 44 6
15.852 7.2631 -0.24951 61 43 19
15.83 7.2816 -0.26762 34 21 2
15.836 7.2695 -0.27943 55 35 11
15.848 7.2616 -0.26506 64 45 13
15.826 7.2444 -0.28306 63 44 10
15.836 7.2682 -0.25224 54 34 7
15.824 7.2755 -0.23948 35 24 0
15.831 7.2564 -0.40575 32 23 4
15.854 7.2567 -0.401 41 20 15
17.777 4.2612 -1.2141 3 5 0
17.588 4.6995 -1.0904 9 11 0
15.852 7.2603 -0.48183 46 27 11
15.841 7.2524 -0.50201 47 28 11
15.848 7.2561 -0.46676 44 26 14
15.831 7.2765 -0.43596 42 15 6
15.834 7.2764 -0.4046 36 17 11
15.833 7.2803 -0.46727 43 22 1
15.849 7.2548 -0.43445 44 24 13
15.83 7.2788 -0.48496 29 16 0
15.857 7.2596 -0.41672 45 26 12
15.841 7.2678 -0.45103 42 23 9
15.829 7.2945 -0.46591 30 19 0
15.835 7.2649 -0.48573 30 17 0
15.849 7.2913 -0.4465 41 22 8
15.804 7.2773 -0.49028 28 8 0
15.828 7.2732 -0.42094 42 18 8
15.848 7.2708 -0.41715 45 28 2
15.856 7.2612 -0.44823 40 24 0
15.848 7.2718 -0.43262 39 21 0
15.84 7.2697 -0.49956 33 18 11
15.843 7.2699 -0.4667 35 19 0
15.856 7.3477 -0.44043 32 38 28
15.857 7.3314 -0.44127 21 11 0
15.877 7.3617 -0.41952 15 5 0
15.848 7.3382 -0.39598 15 4 0
15.873 7.3778 -0.44839 59 39 5
15.871 7.3737 -0.41962 55 36 20
15.863 7.3543 -0.45346 33 18 13
15.882 7.3825 -0.43128 58 39 7
15.821 7.2849 -0.42106 35 19 2
15.853 7.3296 -0.458 18 8 0
15.854 7.3114 -0.42786 39 15 5
15.813 7.2816 -0.45532 31 16 0
15.875 7.3593 -0.40554 14 2 0
15.848 7.3442 -0.47332 46 35 16
15.854 7.3319 -0.47316 20 6 0
15.866 7.3362 -0.40749 27 7 0
15.876 7.3424 -0.39072 28 15 0
15.845 7.3215 -0.42923 31 6 1
15.886 7.3823 -0.38711 55 39 6
15.874 7.3749 -0.40421 55 36 2
15.84 7.2545 -0.55169 45 27 3
15.843 7.2604 -0.60117 44 21 15
15.829 7.2672 -0.58662 34 16 4
15.835 7.2693 -0.54981 35 17 0
15.838 7.2725 -0.56645 32 20 0
15.789 7.1983 -0.62664 47 27 3
15.844 7.2567 -0.53345 40 29 1
15.806 7.2099 -0.5855 41 25 12
15.854 7.2677 -0.57974 44 26 16
15.858 7.2671 -0.51215 39 25 0
15.843 7.2787 -0.59766 34 14 5
15.839 7.2553 -0.56811 47 27 2
15.814 7.2713 -0.55432 33 16 0
15.825 7.2768 -0.50228 36 14 0
15.836 7.3062 -0.54462 26 8 0
15.85 7.3345 -0.55275 16 9 1
15.833 7.2653 -0.51863 33 13 4
15.838 7.2708 -0.53332 35 22 4
15.84 7.3076 -0.52612 25 3 0
15.814 7.2701 -0.53852 30 8 0
15.862 7.3449 -0.56426 14 0 0
15.825 7.2807 -0.56844 36 16 7
15.847 7.3106 -0.49275 29 12 0
15.825 7.2988 -0.56515 31 10 15
15.79 7.2746 -0.59512 21 8 0
15.831 7.2997 -0.5134 26 9 0
15.86 7.3437 -0.56508 14 0 0
15.826 7.2782 -0.51799 32 15 0
15.846 7.3297 -0.52265 19 0 0
15.846 7.3308 -0.53891 13 4 0
15.82 7.2783 -0.58676 33 13 6
15.869 7.3947 -0.49279 59 38 7
15.868 7.3631 -0.52805 58 38 29
15.877 7.3843 -0.49227 52 35 5
15.865 7.3765 -0.51172 55 36 4
15.873 7.3788 -0.46372 57 39 19
15.875 7.4012 -0.5208 59 38 19
15.862 7.3581 -0.51533 54 36 16
15.875 7.3998 -0.50603 57 39 17
15.846 7.3266 -0.49094 19 4 0
15.855 7.3556 -0.54863 58 36 23
15.847 7.3293 -0.50637 17 10 0
15.852 7.3497 -0.50275 51 37 11
15.873 7.4012 -0.53697 58 35 17
15.867 7.3594 -0.48256 57 36 19
15.866 7.3748 -0.48085 56 40 7
15.845 7.35 -0.56848 55 39 24
15.87 7.3818 -0.52544 53 38 17
15.874 7.3854 -0.53992 55 38 20
15.877 7.3988 -0.47505 60 39 20
15.875 7.3961 -0.4617 58 39 22
15.875 7.4184 -0.5336 56 37 21
16.297 5.4204 -1.5264 46 19 8
16.302 5.2142 -1.556 41 23 1
16.359 5.3864 -1.5144 44 26 2
16.317 5.5035 -1.4447 42 23 6
16.279 5.3643 -1.5558 46 19 8
16.289 5.2983 -1.5271 42 24 4
16.303 5.5526 -1.4668 44 23 6
15.724 5.8657 -1.3196 50 24 10
15.791 5.8458 -1.3383 47 25 12
15.623 5.6238 -1.4681 44 26 14
15.643 5.7254 -1.432 44 26 4
15.611 5.5244 -1.5471 49 29 5
15.633 5.7095 -1.4385 44 26 4
15.338 5.3285 -1.4373 47 25 4
15.611 5.8007 -1.412 47 26 5
15.436 5.5477 -1.383 47 25 12
15.393 5.4106 -1.4395 43 27 14
15.591 5.7749 -1.3893 48 24 10
15.407 5.4332 -1.4289 43 27 14
15.675 5.9659 -1.3073 44 22 9
15.551 5.642 -1.4859 50 23 12
15.412 5.6411 -1.3735 46 27 21
15.3 5.4096 -1.4206 44 28 5
15.392 5.5413 -1.446 43 27 4
15.467 5.7079 -1.4501 46 25 6
15.53 5.7474 -1.3815 47 25 2
15.353 5.4864 -1.4356 47 25 12
15.852 7.2739 -0.70103 42 21 2
15.823 7.288 -0.68802 28 6 0
15.826 7.2891 -0.6687 27 11 0
15.841 7.2798 -0.63242 34 18 5
15.827 7.2872 -0.63441 34 14 5
15.837 7.2754 -0.61766 34 14 5
15.843 7.2617 -0.61756 46 24 13
15.844 7.2639 -0.63539 46 21 24
15.833 7.276 -0.67076 37 18 2
15.825 7.287 -0.65235 26 11 0
15.847 7.2666 -0.65033 44 19 0
15.834 7.278 -0.68777 30 18 0
15.846 7.2669 -0.66876 45 25 1
15.855 7.275 -0.68234 36 21 0
15.83 7.2723 -0.6548 34 18 0
15.858 7.3652 -0.64432 54 38 5
15.826 7.3019 -0.59807 25 14 12
15.852 7.3411 -0.61777 56 36 37
15.845 7.3398 -0.66947 56 38 24
15.817 7.3004 -0.66983 13 9 0
15.853 7.3433 -0.63295 46 30 7
15.822 7.2819 -0.61925 32 9 15
15.852 7.3437 -0.65026 54 38 12
15.866 7.3657 -0.57635 52 39 21
15.863 7.365 -0.59388 54 32 17
15.851 7.3377 -0.58505 52 35 17
15.837 7.313 -0.62633 17 7 5
15.867 7.3689 -0.60783 55 32 14
15.825 7.2831 -0.60205 34 16 4
15.806 7.2917 -0.65768 21 7 0
15.818 7.2977 -0.61743 25 4 9
15.815 7.3005 -0.68782 22 5 0
15.854 7.3614 -0.6295 52 36 13
15.852 7.34 -0.60133 22 7 10
15.872 7.4041 -0.58338 57 36 17
15.866 7.4199 -0.62985 62 42 15
15.871 7.4222 -0.61122 57 39 15
15.864 7.3814 -0.57422 59 42 25
15.863 7.4124 -0.56865 57 39 15
15.866 7.385 -0.60519 61 38 4
15.868 7.4176 -0.5816 57 39 1
15.877 7.3889 -0.55361 55 38 18
15.865 7.417 -0.59855 58 38 13
15.874 7.3918 -0.61772 55 39 3
15.879 7.4075 -0.56556 54 37 20
15.877 7.4091 -0.5971 58 37 20
15.868 7.3991 -0.55426 58 38 27
15.869 7.3857 -0.58806 54 37 17
15.879 7.4222 -0.54717 54 37 20
15.865 7.4022 -0.61765 59 38 17
15.868 7.4374 -0.62556 59 40 10
15.86 7.3998 -0.63639 57 39 15
15.87 7.3908 -0.63477 59 38 21
15.857 7.4287 -0.61446 58 38 4
17.093 7.1412 -0.72207 41 23 0
17.023 5.5414 -1.474 37 23 10
17.011 5.5624 -1.5413 44 22 1
16.994 5.5404 -1.4878 39 22 12
17.045 5.637 -1.4908 36 21 16
16.993 5.4261 -1.5816 42 24 2
17.002 5.8011 -1.425 39 23 0
17.03 5.536 -1.5091 40 22 0
16.994 5.6076 -1.5666 37 20 10
16.893 5.3603 -1.6506 44 24 0
16.894 5.5061 -1.506 37 22 15
16.94 5.5148 -1.556 40 22 0
16.95 5.5369 -1.5825 41 21 10
16.833 5.5097 -1.5265 46 27 13
16.852 5.597 -1.517 38 27 0
16.846 5.3706 -1.5908 45 28 2
16.727 5.7157 -1.5439 58 45 37
16.714 5.8369 -1.4508 108 62 19
16.703 5.6274 -1.5612 125 76 33
16.84 7.2048 -0.69251 52 30 9
16.859 7.1809 -0.67938 52 30 17
16.845 7.1904 -0.66576 44 24 13
16.461 5.7218 -1.5648 41 24 7
16.862 7.2267 -0.67549 56 32 22
16.825 7.1764 -0.67725 81 63 53
16.848 7.2364 -0.66067 50 29 12
16.373 5.6216 -1.4958 43 26 9
16.331 5.5103 -1.5174 45 23 10
16.387 5.7379 -1.5152 43 25 5
16.338 5.6206 -1.5066 43 23 12
16.431 5.8569 -1.4822 42 25 0
16.812 7.1449 -0.67575 44 26 2
16.371 5.7886 -1.4968 44 23 6
16.402 5.8673 -1.4888 42 24 4
16.377 5.6167 -1.5348 48 28 19
16.317 5.7127 -1.589 46 22 10
16.276 5.4525 -1.5627 47 18 14
16.342 5.7539 -1.411 43 24 10
16.123 5.1287 -1.6974 36 15 10
16.321 5.8354 -1.4948 42 24 4
16.377 5.9038 -1.4406 42 19 1
16.36 5.7561 -1.5144 44 23 6
16.342 5.7209 -1.4998 42 23 7
16.191 5.7162 -1.4795 47 26 7
16.261 5.8686 -1.4678 44 23 4
16.227 5.8671 -1.4795 44 21 5
16.164 5.5388 -1.6059 44 21 15
16.218 5.7725 -1.4828 44 23 6
16.197 5.8063 -1.4822 45 21 7
16.184 5.8577 -1.4651 51 28 10
16.056 5.6654 -1.5106 48 26 15
16.209 5.9727 -1.4751 39 19 8
16.123 5.8877 -1.4397 50 31 17
16.142 5.9178 -1.4512 37 24 5
16.114 5.7882 -1.4823 33 19 8
16.185 5.8367 -1.5444 44 21 3
15.993 5.6196 -1.5124 53 35 13
16.072 5.8404 -1.5037 47 27 2
16.027 5.8942 -1.5024 47 25 10
16.098 5.9066 -1.4373 48 28 17
16.177 6.1376 -1.347 47 27 2
16.077 5.9159 -1.5111 46 26 2
15.892 5.4835 -1.5935 47 29 5
15.974 5.5654 -1.5776 50 33 15
16.005 5.6336 -1.5391 50 33 15
16.077 5.9893 -1.4814 44 25 9
16.139 5.9771 -1.4637 38 29 12
16.019 6.0973 -1.353 44 27 9
15.957 5.9737 -1.4552 47 27 3
15.986 5.9718 -1.4164 45 28 11
16.013 5.9561 -1.4116 34 24 12
16.008 5.9271 -1.4954 46 28 8
15.897 5.8063 -1.4668 40 26 13
15.958 5.8553 -1.4323 41 28 12
16.024 6.0441 -1.3729 42 24 2
15.958 6.0411 -1.4337 43 24 8
15.898 6.0569 -1.4444 48 30 20
15.961 6.0995 -1.4355 46 24 11
15.898 5.8793 -1.4418 44 25 11
15.896 5.919 -1.5383 48 28 4
15.872 5.8905 -1.4815 48 26 15
15.907 6.0128 -1.4624 42 25 7
15.774 5.9811 -1.4456 47 27 2
15.757 5.9484 -1.502 50 28 13
15.702 5.7514 -1.4373 40 24 11
15.719 5.7754 -1.4636 47 27 18
15.719 5.8408 -1.4438 45 26 9
15.703 5.8699 -1.4744 46 25 4
15.908 6.1335 -1.4117 48 28 3
15.814 5.9795 -1.4656 47 29 5
15.573 5.7354 -1.4839 47 25 12
15.664 5.924 -1.5024 46 25 4
15.743 5.9894 -1.4501 44 27 1
15.593 5.7042 -1.494 42 29 11
15.608 6.0155 -1.4509 46 24 3
15.619 5.9281 -1.4017 46 27 10
15.622 5.9869 -1.424 46 24 11
15.644 5.9612 -1.4219 44 23 2
15.623 6.0901 -1.418 44 23 2
15.608 6.0667 -1.4676 49 27 6
15.621 6.0259 -1.5137 46 27 13
15.561 6.1038 -1.4626 46 25 6
15.687 6.2258 -1.3788 48 25 7
15.567 6.0634 -1.4408 43 23 12
15.423 6.1247 -1.4651 39 22 5
15.406 6.1973 -1.4446 45 23 10
16.238 7.5804 -0.60032 43 20 12
15.839 7.2651 -0.72541 42 16 0
15.781 7.2052 -0.83579 45 22 6
15.83 7.2594 -0.74813 31 21 11
15.846 7.2749 -0.79439 37 22 0
15.755 7.1836 -0.82978 34 22 0
15.838 7.2671 -0.76177 40 17 1
15.824 7.2573 -0.78752 44 18 1
15.806 7.2201 -0.74671 41 21 20
15.836 7.2868 -0.79366 36 16 5
15.849 7.2786 -0.81137 42 19 11
15.838 7.3211 -0.72934 13 6 0
15.84 7.3239 -0.74583 9 6 0
15.821 7.2896 -0.74162 21 7 6
15.826 7.315 -0.76983 51 39 13
15.83 7.3141 -0.71577 10 1 0
15.825 7.2955 -0.77638 27 10 0
15.847 7.349 -0.77174 54 38 2
15.822 7.2919 -0.75948 24 7 0
15.844 7.2892 -0.73517 36 16 7
15.841 7.2878 -0.7552 42 20 5
15.836 7.2817 -0.72247 34 16 6
15.836 7.2804 -0.7041 37 16 0
15.814 7.2837 -0.72819 24 8 8
15.819 7.2927 -0.7967 27 10 0
15.817 7.2843 -0.70795 26 13 0
15.82 7.3114 -0.79098 54 37 17
15.827 7.2786 -0.78053 39 18 0
15.863 7.3707 -0.65848 51 33 13
15.85 7.3448 -0.68461 56 40 17
15.869 7.3981 -0.73463 56 38 14
15.87 7.414 -0.71199 55 34 17
15.865 7.3771 -0.72394 57 38 21
15.857 7.3729 -0.74613 61 40 21
15.858 7.389 -0.72309 58 40 4
15.873 7.3952 -0.66588 56 38 16
15.867 7.3755 -0.68943 55 31 17
15.872 7.3806 -0.70394 54 35 3
15.87 7.3944 -0.68433 56 38 18
15.842 7.342 -0.72269 56 36 1
15.859 7.3684 -0.67678 55 38 18
15.872 7.3935 -0.65019 59 40 23
15.843 7.3413 -0.70501 52 35 15
15.856 7.4058 -0.73562 55 38 20
15.838 7.3405 -0.74189 57 39 3
15.859 7.3887 -0.70529 58 37 18
15.806 7.2953 -0.70964 21 8 0
15.837 7.3409 -0.75927 57 36 17
15.863 7.4047 -0.66706 59 41 21
15.852 7.4498 -0.70808 57 39 19
15.863 7.4037 -0.65038 59 41 19
15.868 7.4448 -0.70403 56 34 19
15.854 7.4164 -0.68298 66 44 5
15.857 7.433 -0.66124 53 36 18
15.843 7.4103 -0.70449 65 44 15
15.862 7.4377 -0.67531 53 32 3
15.866 7.4218 -0.64524 65 44 17
15.856 7.4161 -0.66531 60 42 20
15.855 7.4302 -0.64664 54 30 2
15.862 7.4069 -0.69995 56 35 16
15.866 7.4418 -0.68921 57 38 4
15.845 7.4146 -0.73666 64 43 24
15.863 7.406 -0.68316 56 38 14
15.846 7.4138 -0.71971 67 44 26
15.853 7.4488 -0.69091 58 34 20
17.633 5.8523 -1.4649 40 22 2
17.668 5.5778 -1.582 39 24 3
17.633 5.761 -1.5507 35 23 0
17.641 5.7647 -1.5764 38 23 0
17.413 6.1954 -1.2295 40 18 3
17.436 6.1467 -1.2451 41 24 14
17.39 5.5902 -1.5903 37 18 2
17.388 5.7488 -1.533 34 20 7
17.373 5.8595 -1.5405 44 23 2
17.393 5.8971 -1.5046 44 23 2
17.375 5.6999 -1.6046 24 15 0
17.422 5.7297 -1.5653 33 15 11
17.389 5.7317 -1.5424 34 20 7
17.419 5.657 -1.5717 37 21 4
17.371 5.8997 -1.5167 38 24 0
17.43 5.7234 -1.4957 36 24 0
17.364 5.7393 -1.55 36 18 16
17.396 5.7533 -1.5629 35 20 0
17.412 5.9646 -1.4581 27 21 0
17.406 5.7247 -1.5056 38 21 1
17.288 6.0375 -1.4383 45 25 1
17.343 5.8275 -1.5416 36 22 9
17.344 5.9645 -1.4908 40 26 0
17.324 5.2089 -1.8448 35 19 0
17.326 5.6558 -1.5437 40 23 15
17.339 5.7452 -1.5589 43 20 2
17.302 5.6196 -1.5789 40 22 12
17.324 5.7104 -1.5138 40 23 15
17.337 5.6012 -1.6066 39 24 1
17.262 5.7959 -1.5602 36 19 0
17.292 4.7945 -2.0527 30 17 11
17.198 6.7426 -1.024 45 24 5
17.267 5.9094 -1.5217 38 22 0
17.222 5.7648 -1.5298 41 24 4
17.188 5.9543 -1.5015 44 23 2
17.197 5.8265 -1.505 38 20 8
17.149 5.7124 -1.6192 42 19 13
17.178 5.8167 -1.552 43 23 14
17.163 5.9462 -1.5141 46 25 4
17.203 5.7093 -1.6046 44 23 2
17.096 5.8731 -1.5206 33 18 13
17.078 5.8894 -1.5541 42 19 1
17.089 5.9552 -1.5451 38 26 4
17.057 5.7855 -1.5485 43 23 14
17.066 5.8225 -1.5567 37 17 10
17.03 5.7898 -1.5616 45 24 3
17.018 5.8817 -1.5495 44 22 0
17.011 5.884 -1.518 45 25 16
17.056 5.7712 -1.557 43 23 14
17.031 5.9626 -1.5288 44 24 13
17.048 5.9342 -1.5063 42 24 2
16.969 5.6501 -1.5549 42 28 2
16.984 5.7344 -1.542 43 25 11
17.057 5.9681 -1.5133 41 23 11
17.019 5.7364 -1.5616 43 19 9
16.997 5.802 -1.5318 43 23 12
17.045 5.7184 -1.5584 42 22 13
16.941 5.7972 -1.5581 44 25 9
16.981 5.8493 -1.5443 34 22 0
16.942 5.9768 -1.4955 31 14 0
16.919 5.8397 -1.5463 25 16 0
16.91 5.8281 -1.518 38 29 20
16.98 5.8433 -1.5483 34 22 0
16.887 5.6974 -1.5612 45 25 16
16.885 5.9486 -1.5356 46 25 6
16.908 5.9259 -1.536 45 25 16
16.869 6.0236 -1.5018 49 26 10
16.833 5.8742 -1.5257 48 25 17
16.888 5.8746 -1.5043 45 26 10
16.849 6.0279 -1.5399 51 25 2
16.85 5.7977 -1.564 46 25 8
16.874 5.9226 -1.5197 45 26 10
16.824 5.7186 -1.543 47 24 16
16.853 5.7112 -1.5363 45 25 16
16.9 5.9101 -1.5177 47 28 12
16.775 5.9059 -1.4989 63 36 29
16.757 5.8437 -1.5013 39 28 9
16.792 6.0509 -1.5141 48 27 6
16.784 6.0373 -1.4926 35 24 4
16.729 5.5178 -1.6791 64 41 25
16.809 5.7671 -1.5585 46 27 21
16.834 5.9775 -1.5389 49 26 18
16.763 5.9577 -1.5107 44 34 24
16.793 5.712 -1.5502 51 31 7
16.712 5.9877 -1.5183 62 34 20
16.711 6.0803 -1.5023 59 31 18
16.706 5.9865 -1.4894 54 31 23
16.703 5.866 -1.5143 60 38 14
16.756 6.034 -1.5087 60 34 7
16.741 5.91 -1.4796 63 42 23
16.729 6.0355 -1.5191 58 32 15
16.773 6.0903 -1.5045 58 29 7
16.65 5.7892 -1.5371 68 47 26
16.696 6.0393 -1.4961 62 34 21
16.675 5.6126 -1.6141 67 46 27
16.752 6.0453 -1.4735 61 35 18
16.75 6.1096 -1.503 59 30 6
16.744 5.8949 -1.5146 59 36 20
16.774 6.0926 -1.5024 58 29 7
16.671 6.054 -1.4981 56 33 17
16.617 5.9981 -1.4849 51 33 23
16.595 5.9343 -1.4894 49 34 11
16.673 5.9672 -1.5055 53 31 20
16.673 6.0414 -1.5355 55 30 10
16.569 5.9298 -1.5358 52 30 15
16.544 5.8802 -1.4993 43 22 3
16.52 5.9898 -1.4902 46 26 17
16.599 6.0192 -1.5167 53 27 13
16.571 6.0432 -1.476 48 28 21
16.561 5.9227 -1.5069 53 31 18
16.536 5.9398 -1.5066 45 28 10
16.518 5.8985 -1.5011 49 22 13
16.582 6.1818 -1.4003 48 26 3
16.509 6.2167 -1.4177 32 23 6
16.417 5.7744 -1.5979 47 23 19
16.451 6.0573 -1.4812 38 25 16
16.454 5.9122 -1.4835 29 17 5
16.539 6.149 -1.4055 49 27 12
16.468 6.018 -1.4963 31 13 3
16.501 6.009 -1.5246 48 26 5
16.412 6.1177 -1.466 46 23 17
16.363 6.069 -1.5133 47 24 8
16.44 6.181 -1.4586 44 23 6
16.413 6.1763 -1.5051 46 25 6
16.392 6.1331 -1.5024 46 23 7
16.378 5.9371 -1.5686 40 23 13
16.443 6.1781 -1.4892 45 23 12
16.454 6.1378 -1.4764 48 25 7
16.473 6.1799 -1.4816 43 20 4
16.417 6.1332 -1.4599 46 23 17
16.264 6.0161 -1.4701 45 25 16
16.302 6.0189 -1.4917 30 18 6
16.292 6.0709 -1.4697 47 23 13
16.376 6.1713 -1.4924 43 25 5
16.195 6.0075 -1.5002 49 22 11
16.275 6.2861 -1.4729 49 28 1
16.258 6.1809 -1.5331 45 23 0
16.213 6.16 -1.5263 48 26 5
16.244 6.1078 -1.4723 47 24 18
16.253 6.0666 -1.4531 47 27 18
16.245 6.0368 -1.5052 49 28 7
16.238 6.1553 -1.486 45 18 9
16.126 6.0006 -1.5244 38 24 11
16.124 6.0687 -1.5003 47 29 17
16.113 6.0538 -1.476 45 27 5
16.217 6.1777 -1.4768 44 20 10
16.1 6.0954 -1.4584 45 27 13
16.118 6.1228 -1.4751 50 28 13
16.127 6.0129 -1.4871 44 24 13
16.158 6.1966 -1.4641 46 24 11
16.084 6.063 -1.4781 45 27 13
16.035 5.9729 -1.5014 48 26 13
16.098 6.1482 -1.4689 47 27 18
16.121 6.1998 -1.4069 45 25 14
16.008 5.9892 -1.5067 45 23 10
16.116 6.1749 -1.4867 44 24 13
16.102 6.2173 -1.4373 45 25 14
16.085 6.1859 -1.457 45 25 14
16.058 6.1951 -1.4619 48 27 10
16.087 6.0685 -1.4759 42 24 10
15.903 6.0598 -1.4753 49 28 11
15.95 6.1914 -1.4366 50 29 12
15.903 6.1183 -1.4505 49 28 11
15.897 6.1659 -1.4323 47 23 21
15.778 6.1956 -1.4618 51 29 5
15.799 6.1744 -1.4643 51 29 18
15.805 6.231 -1.4711 46 28 8
15.809 6.1943 -1.4156 47 28 14
15.864 6.2702 -1.4345 49 30 14
15.836 6.1785 -1.4519 50 28 17
15.757 6.0588 -1.4917 45 25 16
15.74 6.1431 -1.4637 50 30 19
15.901 6.371 -1.4084 44 34 7
15.828 6.3599 -1.4385 45 30 7
15.679 6.1623 -1.4421 47 27 20
15.834 6.4114 -1.4436 49 29 5
15.894 6.5407 -1.3344 40 26 13
15.802 6.4129 -1.4578 48 31 3
15.761 6.2227 -1.4578 48 30 16
15.729 6.1798 -1.4529 51 29 14
15.852 6.3475 -1.4404 51 32 15
15.735 6.1884 -1.4477 51 29 14
15.823 6.3497 -1.477 49 28 7
15.772 6.234 -1.4793 49 25 13
15.613 6.2166 -1.4704 43 25 5
15.656 6.2297 -1.4217 50 25 18
15.642 6.2939 -1.5293 28 15 0
15.692 6.2715 -1.4587 48 26 15
15.652 6.2211 -1.4619 40 24 7
15.685 6.3074 -1.4793 51 29 18
15.693 6.315 -1.5085 46 24 9
15.693 6.3202 -1.4386 45 27 7
15.603 6.2067 -1.4461 45 25 16
15.682 6.2161 -1.4191 49 27 16
15.779 6.427 -1.4597 47 29 5
15.659 6.2329 -1.4192 50 25 18
15.549 6.2772 -1.4391 48 26 11
15.492 6.2077 -1.4473 46 23 17
15.664 6.3692 -1.4551 44 24 13
15.54 6.2662 -1.4464 48 26 11
15.52 6.1963 -1.4456 50 30 6
15.584 6.3186 -1.4451 43 24 7
15.608 6.3466 -1.4589 42 25 7
15.58 6.222 -1.4828 45 27 5
15.649 6.3543 -1.4411 47 26 9
15.633 6.3387 -1.3906 40 24 7
15.611 6.3067 -1.4372 46 24 13
15.415 6.2061 -1.4727 46 21 1
15.451 6.2921 -1.4309 47 20 13
15.486 6.2891 -1.4551 43 24 10
15.438 6.1843 -1.543 42 23 7
15.47 6.2704 -1.468 40 21 7
15.613 6.4796 -1.3377 40 21 7
15.535 6.3045 -1.4324 43 20 14
15.479 6.2384 -1.443 41 22 16
15.443 6.4055 -1.489 39 20 6
15.463 6.427 -1.4403 36 22 11
15.468 6.3525 -1.4349 41 25 0
15.46 6.4624 -1.459 35 20 0
15.475 6.3595 -1.4616 35 22 4
15.8 7.2273 -0.94341 39 16 0
15.812 7.2379 -0.95557 35 16 0
15.824 7.2854 -0.9129 27 7 0
15.812 7.2352 -0.91626 29 7 0
15.829 7.2661 -0.86014 37 16 0
15.836 7.272 -0.87493 32 15 0
15.774 7.2037 -0.91842 40 17 9
15.842 7.2936 -0.82752 29 11 7
15.825 7.2847 -0.89362 19 2 0
15.825 7.2649 -0.90003 34 15 0
15.822 7.3011 -0.88844 15 7 0
15.828 7.2856 -0.87253 28 5 0
15.828 7.2639 -0.84144 46 18 5
15.835 7.2898 -0.84945 32 9 3
15.834 7.2731 -0.91379 33 16 0
15.83 7.2832 -0.81604 39 15 5
15.824 7.3043 -0.90613 8 1 0
15.827 7.2642 -0.86149 37 16 0
15.852 7.3604 -0.85754 57 38 8
15.862 7.3833 -0.82862 57 37 2
15.835 7.3281 -0.8558 53 36 18
15.836 7.3066 -0.80612 17 4 0
15.843 7.3324 -0.83303 56 39 9
15.835 7.3099 -0.86158 22 3 0
15.862 7.3616 -0.78093 57 38 21
15.86 7.3835 -0.84665 55 34 3
15.821 7.3139 -0.80788 41 39 42
15.848 7.3541 -0.8243 49 32 22
15.857 7.3623 -0.83679 51 31 4
15.844 7.3365 -0.8694 51 37 10
15.838 7.3276 -0.81738 47 35 19
15.833 7.3055 -0.82621 20 5 0
15.86 7.3611 -0.79912 52 34 14
15.811 7.2907 -0.85699 7 2 0
15.841 7.3355 -0.88991 50 36 7
15.868 7.3991 -0.75202 57 40 23
15.864 7.4203 -0.83324 65 43 22
15.862 7.4131 -0.76591 62 40 19
15.869 7.4188 -0.77938 58 36 12
15.873 7.4042 -0.76617 56 38 16
15.863 7.4346 -0.81109 58 38 1
15.859 7.3972 -0.80706 55 37 17
15.868 7.4024 -0.78558 56 38 18
15.87 7.3843 -0.77128 57 38 24
15.882 7.3945 -0.7833 53 38 17
15.869 7.3869 -0.80777 57 36 17
15.866 7.4187 -0.79757 64 39 16
15.859 7.4155 -0.81868 67 41 14
15.854 7.4301 -0.8324 56 39 9
15.853 7.4053 -0.75414 61 43 19
15.869 7.4051 -0.81881 59 40 6
15.859 7.3749 -0.76015 57 38 24
15.865 7.4039 -0.83849 58 37 20
15.853 7.4359 -0.72771 53 39 3
15.84 7.4677 -0.8071 67 40 19
15.854 7.4222 -0.74833 56 35 16
15.854 7.4431 -0.79316 58 39 5
15.862 7.4609 -0.7513 57 39 17
15.857 7.4259 -0.76353 60 41 9
15.852 7.4566 -0.77291 64 39 19
15.855 7.4424 -0.77619 54 35 19
15.847 7.4406 -0.81392 58 36 23
15.85 7.4231 -0.78415 52 32 5
15.848 7.4343 -0.74697 54 36 14
15.85 7.4245 -0.80091 55 36 2
15.856 7.4625 -0.8038 64 42 21
15.858 7.4553 -0.72142 59 42 22
15.854 7.4589 -0.78785 66 43 1
15.859 7.4574 -0.73679 63 41 30
15.85 7.4375 -0.76252 54 34 23
15.831 7.4604 -0.79494 65 41 3
15.832 7.4593 -0.77819 62 41 14
17.621 6.014 -1.5826 37 21 4
17.587 5.9392 -1.5581 38 23 16
17.559 6.0356 -1.5306 34 16 14
17.608 5.992 -1.542 34 20 7
17.564 5.9415 -1.5622 42 25 18
17.607 5.836 -1.5456 33 13 2
17.573 6.083 -1.4929 40 25 6
17.607 5.9527 -1.5388 35 23 7
17.538 5.91 -1.561 43 24 18
17.516 5.9821 -1.5624 33 23 13
17.533 6.0089 -1.53 40 21 5
17.482 6.0143 -1.5221 34 20 7
17.485 6.0587 -1.5207 39 21 17
17.542 6.0598 -1.5535 40 22 2
17.547 6.0246 -1.5771 40 22 2
17.539 6.0266 -1.5471 38 25 6
17.468 6.0092 -1.5636 34 19 14
17.443 5.9664 -1.5729 34 22 10
17.415 6.1979 -1.487 40 18 3
17.443 6.1156 -1.5318 30 18 6
17.468 6.1553 -1.5228 35 21 10
17.471 6.0641 -1.5577 34 19 0
17.44 6.0685 -1.5327 35 17 13
17.459 5.9579 -1.6371 46 21 1
17.377 6.1391 -1.5475 40 26 0
17.349 5.9913 -1.4977 40 21 5
17.362 6.0309 -1.5327 35 20 1
17.35 6.1094 -1.5479 40 23 3
17.381 5.973 -1.5292 37 22 15
17.382 5.9604 -1.5372 38 23 16
17.405 5.9526 -1.5309 33 22 2
17.406 5.8386 -1.5733 34 20 0
17.371 6.1223 -1.5317 40 23 15
17.375 5.9393 -1.521 38 21 3
17.359 5.9718 -1.5442 40 21 17
17.293 6.0562 -1.5483 39 22 15
17.286 6.0537 -1.5228 34 15 8
17.297 6.1523 -1.5142 40 22 0
17.301 6.2363 -1.4859 44 23 2
17.342 5.9975 -1.566 35 18 11
17.322 6.2136 -1.4878 41 20 0
17.253 6.1951 -1.5107 40 24 1
17.239 6.1167 -1.5023 45 25 16
17.281 5.9845 -1.5359 43 26 0
17.263 6.0668 -1.5259 38 26 4
17.224 6.1799 -1.502 40 22 12
17.246 6.119 -1.5285 39 25 16
17.231 6.1407 -1.5558 44 23 2
17.217 6.0785 -1.5394 44 26 12
17.269 6.0972 -1.5326 44 24 23
17.274 5.9785 -1.5114 38 18 7
17.178 6.0047 -1.5387 46 26 1
17.195 5.9184 -1.5523 42 26 1
17.179 6.162 -1.5355 44 26 14
17.146 6.0816 -1.5701 46 22 18
17.201 6.1569 -1.5244 43 17 16
17.155 6.1353 -1.5652 43 21 0
17.159 6.1783 -1.4362 44 24 17
17.165 6.1677 -1.4736 42 17 13
17.21 6.0289 -1.5437 42 22 11
17.162 6.1609 -1.575 43 25 1
17.193 6.0617 -1.5613 42 23 19
17.172 6.155 -1.5111 44 25 21
17.186 6.1956 -1.5383 32 23 4
17.075 6.0258 -1.54 44 22 0
17.093 6.1145 -1.5431 43 25 13
17.101 6.0553 -1.5103 46 24 1
17.124 6.0359 -1.5158 46 25 4
17.133 6.1936 -1.5321 36 20 7
17.14 6.1059 -1.5233 40 20 11
17.083 6.2324 -1.5002 45 27 15
17.083 6.0478 -1.5551 47 22 0
17.104 6.2027 -1.508 41 25 10
17.108 6.0746 -1.5259 38 29 10
17.133 6.0824 -1.5111 41 18 12
17.113 6.2517 -1.5027 52 27 7
17.061 5.9248 -1.5731 47 23 11
17.032 6.4317 -1.3916 45 25 1
17.065 6.061 -1.5885 46 24 11
17.05 6.0432 -1.5374 48 23 1
17.067 6.2367 -1.5364 42 20 0
17.008 6.1231 -1.5124 47 23 11
17.044 6.0453 -1.5072 49 20 14
17.061 6.2417 -1.5056 44 22 9
16.971 6.2297 -1.4599 28 19 12
16.974 6.2026 -1.5089 44 22 9
16.969 5.9924 -1.6077 42 18 16
16.949 6.1966 -1.5234 47 24 18
16.969 6.2682 -1.5301 41 20 1
16.986 6.2541 -1.5023 45 26 10
16.942 6.1889 -1.4997 50 24 10
16.96 6.2415 -1.5194 38 23 20
16.949 6.1984 -1.5215 47 24 18
16.974 6.2 -1.5112 44 22 9
16.915 6.1781 -1.5173 47 20 9
16.904 6.1838 -1.4518 45 24 0
16.92 6.1677 -1.5548 46 27 13
16.899 6.1084 -1.5331 48 26 3
16.87 6.2102 -1.5186 49 26 10
16.876 6.1226 -1.5365 44 25 11
16.918 6.2836 -1.5164 47 26 9
16.896 6.2148 -1.5042 46 22 8
16.902 6.2129 -1.5356 44 22 11
16.926 6.1192 -1.5138 47 25 1
16.87 6.1231 -1.5099 46 22 10
16.81 6.0835 -1.5511 51 29 8
16.808 6.1003 -1.5154 56 32 6
16.853 6.1407 -1.5377 45 24 7
16.842 6.4255 -1.4282 27 20 0
16.775 6.073 -1.5423 41 29 13
16.849 6.1522 -1.4994 50 25 2
16.852 6.2044 -1.4341 51 27 1
16.844 6.4126 -1.4646 50 24 9
16.818 6.3317 -1.4669 40 27 21
16.755 6.3599 -1.5091 55 25 11
16.767 6.1645 -1.4979 53 27 4
16.779 6.2661 -1.5259 54 29 9
16.739 6.3138 -1.5151 51 27 13
16.729 6.2052 -1.5207 57 26 16
16.772 6.2567 -1.5037 55 27 16
16.717 6.0851 -1.5302 55 29 2
16.741 6.2364 -1.5299 56 30 7
16.762 6.3059 -1.507 59 34 14
16.776 6.3463 -1.5057 52 24 10
16.81 6.3876 -1.4677 51 22 14
16.719 6.1847 -1.5086 43 26 9
16.79 6.2202 -1.5158 53 28 6
16.741 6.1667 -1.5042 54 28 13
16.751 6.1867 -1.5223 55 29 15
16.724 6.2726 -1.5134 55 29 6
16.72 6.3825 -1.421 54 28 14
16.698 6.274 -1.5241 51 24 13
16.722 6.2879 -1.4726 55 27 14
16.702 6.1368 -1.5078 57 29 2
16.735 6.3802 -1.5066 50 25 5
16.706 6.2859 -1.5441 53 26 9
16.596 6.3261 -1.4767 46 23 17
16.635 6.4063 -1.5038 47 21 6
16.612 6.2144 -1.5016 48 25 7
16.624 6.1772 -1.4888 46 28 6
16.641 6.2957 -1.4748 47 25 4
16.622 6.1511 -1.5319 43 24 7
16.668 6.4328 -1.4726 47 23 9
16.574 6.1781 -1.5358 45 23 8
16.565 6.1655 -1.5126 42 22 0
16.611 6.3423 -1.5224 47 24 8
16.604 6.2626 -1.5113 50 24 10
16.641 6.3563 -1.501 49 19 19
16.595 6.3067 -1.5204 45 26 12
16.6 6.5112 -1.3395 47 25 1
16.54 6.3714 -1.5332 46 23 7
16.578 6.3385 -1.5052 48 23 16
16.598 6.3864 -1.5005 47 24 8
16.572 6.3857 -1.5124 47 24 18
16.656 6.6871 -1.1939 47 26 0
16.546 6.3226 -1.5283 55 22 15
16.46 6.2782 -1.4967 47 22 0
16.433 6.2179 -1.5076 41 20 0
16.476 6.4297 -1.4971 43 19 5
16.476 6.2417 -1.5071 31 24 4
16.48 6.3696 -1.5314 42 22 11
16.467 6.3588 -1.4815 49 26 18
16.506 6.3146 -1.4901 44 25 18
16.482 6.3864 -1.4893 47 23 13
16.46 6.3413 -1.4932 49 26 18
16.437 6.2918 -1.4996 49 23 8
16.484 6.3299 -1.491 46 27 13
16.418 6.2552 -1.4915 52 25 16
16.455 6.3888 -1.4997 50 24 9
16.431 6.3983 -1.505 48 25 19
16.372 6.2743 -1.5283 50 26 16
16.415 6.3085 -1.5007 49 24 19
16.388 6.3723 -1.5069 46 22 8
16.449 6.3848 -1.4733 48 24 12
16.416 6.3116 -1.4984 49 24 19
16.432 6.4663 -1.4677 46 24 13
16.454 6.3859 -1.5024 50 24 9
16.374 6.2904 -1.49 50 25 5
16.378 6.2266 -1.5268 49 22 11
16.411 6.3589 -1.5032 46 22 8
16.307 6.2805 -1.4896 46 23 5
16.328 6.4281 -1.4991 47 29 19
16.351 6.5282 -1.4637 47 23 11
16.293 6.3176 -1.4831 47 25 4
16.313 6.4058 -1.491 46 27 13
16.382 6.4129 -1.5162 44 24 15
16.302 6.4842 -1.5109 48 25 7
16.312 6.5607 -1.4626 50 28 5
16.285 6.4074 -1.4992 46 23 5
16.323 6.478 -1.473 47 25 14
16.227 6.4586 -1.524 49 27 12
16.019 6.4819 -1.4692 71 50 29
16.033 6.5489 -1.4294 68 47 20
15.953 6.4793 -1.4644 56 36 25
15.942 6.4632 -1.4773 56 36 25
15.971 6.46 -1.467 58 36 12
15.976 6.5093 -1.4718 63 40 22
16.007 6.5524 -1.4662 64 46 22
16.031 6.5438 -1.4641 85 65 38
15.977 6.5564 -1.4506 57 38 21
15.936 6.4586 -1.451 43 27 14
15.994 6.5773 -1.4628 64 47 27
15.941 6.5918 -1.4433 62 40 17
15.993 6.619 -1.4415 58 38 11
15.829 6.4467 -1.4638 53 29 15
15.876 6.4668 -1.438 49 25 11
15.826 6.4775 -1.5438 44 33 14
15.837 6.3663 -1.4992 47 30 12
15.93 6.6154 -1.4669 56 34 21
15.943 6.5142 -1.4231 53 34 0
15.989 6.6091 -1.4742 59 41 17
15.96 6.614 -1.4529 57 36 17
15.919 6.5183 -1.489 63 43 18
15.88 6.6315 -1.4468 50 26 14
15.895 6.6871 -1.4427 50 29 8
15.855 6.5222 -1.451 53 32 11
15.809 6.5835 -1.4647 54 29 9
15.808 6.5056 -1.4431 45 22 6
15.818 6.5161 -1.4666 48 26 15
15.881 6.6401 -1.3229 43 24 17
15.775 6.4643 -1.4448 44 25 11
15.836 6.5007 -1.4381 46 27 11
15.787 6.5194 -1.4442 44 25 8
15.867 6.6539 -1.4407 48 24 12
15.811 6.5464 -1.4874 53 28 5
15.932 6.6973 -1.4238 66 46 22
15.791 6.6003 -1.4647 48 25 17
15.786 6.5962 -1.4401 43 25 15
15.813 6.6272 -1.4759 50 27 19
15.725 6.5612 -1.475 40 20 0
15.703 6.4964 -1.4811 39 22 12
15.824 6.677 -1.444 43 25 3
15.704 6.5384 -1.4666 45 23 8
15.763 6.5318 -1.4508 42 25 8
15.665 6.4945 -1.4696 43 25 1
15.78 6.6624 -1.4698 41 24 0
15.665 6.6073 -1.4462 36 20 5
15.665 6.5331 -1.4512 40 22 0
15.666 6.5718 -1.4653 40 17 0
15.703 6.6485 -1.4428 38 21 1
15.728 6.6423 -1.4413 40 23 13
15.647 6.5866 -1.5263 47 23 11
15.602 6.5346 -1.6011 24 17 1
15.665 6.6062 -1.5098 30 23 5
15.532 6.5384 -1.4648 36 18 0
15.685 6.6994 -1.457 37 18 2
15.575 6.6201 -1.4463 27 10 0
15.659 6.7411 -1.4475 38 11 2
15.541 6.5488 -1.4284 34 17 0
15.667 6.7143 -1.4545 36 17 1
15.678 6.6581 -1.4499 29 15 6
15.562 6.6415 -1.4402 40 21 4
15.536 6.6494 -1.4429 41 13 2
15.519 6.7331 -1.3862 40 16 4
15.514 6.6964 -1.4346 34 12 0
15.42 6.6382 -1.4315 33 11 13
15.531 6.7129 -1.4502 34 17 0
15.452 6.6688 -1.4665 28 16 4
15.468 6.6512 -1.4397 41 17 5
15.521 6.7341 -1.4668 39 15 1
15.467 6.7788 -1.4407 40 19 0
15.421 6.7678 -1.4327 27 19 6
15.404 6.7848 -1.4352 36 18 0
15.356 6.7725 -1.4522 36 14 0
15.443 6.8193 -1.4338 25 16 0
15.372 6.7852 -1.4137 39 14 10
15.827 7.274 -1.0171 31 17 4
15.802 7.2358 -1.0642 43 10 13
15.835 7.2813 -1.0312 30 11 0
15.811 7.2394 -1.0157 32 13 0
15.805 7.2366 -1.0412 36 12 0
15.827 7.2706 -0.9575 34 14 7
15.819 7.2852 -0.97481 25 7 0
15.819 7.2629 -0.94331 36 17 0
15.818 7.3083 -1.0263 52 34 10
15.805 7.2909 -0.93592 40 31 26
15.841 7.3426 -0.98296 54 34 7
15.799 7.2896 -0.9799 54 37 27
15.819 7.2868 -0.99403 15 0 14
15.836 7.337 -0.96711 51 31 7
15.821 7.2854 -0.95299 16 7 0
15.837 7.3412 -1.0055 49 31 19
15.827 7.2714 -0.97731 29 17 0
15.818 7.2819 -0.93567 22 8 0
15.821 7.2681 -1.0017 35 9 8
15.812 7.3027 -1.0118 48 34 34
15.812 7.2843 -1.0393 7 0 0
15.811 7.2821 -1.0194 9 2 0
15.799 7.2915 -0.99939 51 34 6
15.866 7.4143 -0.94547 53 37 4
15.855 7.3636 -0.87462 52 30 15
15.862 7.3908 -0.91777 54 36 24
15.865 7.3912 -0.89769 54 37 17
15.834 7.3322 -0.91201 53 34 18
15.859 7.3915 -0.95653 55 33 9
15.864 7.4081 -0.89196 60 41 24
15.833 7.3338 -0.95008 50 31 14
15.856 7.4043 -0.91436 55 36 6
15.83 7.352 -0.96416 54 38 5
15.86 7.3867 -0.88287 56 39 19
15.834 7.3336 -0.93074 54 36 16
15.857 7.3827 -0.86694 55 36 4
15.867 7.3953 -0.93261 54 37 7
15.847 7.3654 -0.97141 49 34 1
15.863 7.3917 -0.91703 54 36 24
15.84 7.3574 -0.93905 52 33 17
15.86 7.4088 -0.93097 50 34 17
15.839 7.3534 -0.9026 56 34 10
15.842 7.3576 -0.91884 57 39 25
15.859 7.3919 -0.95635 55 33 9
15.861 7.4201 -0.85224 67 40 19
15.861 7.4243 -0.90536 54 33 14
15.846 7.4278 -0.87203 56 39 19
15.848 7.451 -0.91708 63 43 8
15.847 7.4324 -0.90733 54 34 7
15.847 7.4305 -0.8889 53 36 18
15.864 7.4047 -0.85679 56 40 4
15.861 7.4043 -0.87594 54 36 16
15.863 7.4223 -0.86853 61 37 11
15.846 7.4477 -0.90045 58 41 24
15.855 7.424 -0.94439 49 32 12
15.857 7.423 -0.92492 56 36 11
15.845 7.4319 -0.92602 54 34 7
15.856 7.4329 -0.84872 55 36 20
15.865 7.4255 -0.88479 63 44 2
15.85 7.449 -0.88083 55 39 22
15.85 7.4453 -0.84658 56 34 19
15.85 7.4601 -0.82299 63 44 2
15.814 7.4587 -0.88933 59 42 16
15.846 7.4661 -0.9124 62 40 17
15.846 7.4644 -0.89482 61 39 16
15.821 7.4613 -0.86806 66 43 27
15.832 7.4645 -0.82794 67 43 17
15.85 7.4471 -0.86338 58 40 18
15.853 7.4458 -0.82851 55 39 4
15.859 7.4671 -0.83543 65 40 17
15.853 7.4652 -0.85568 62 41 12
15.817 7.4641 -0.92224 59 42 0
15.824 7.4662 -0.9012 63 41 20
15.848 7.4639 -0.87618 64 44 19
15.829 7.4644 -0.84715 64 43 16
15.782 7.4572 -0.92022 82 57 9
17.567 6.0931 -1.5529 26 13 0
17.58 6.1836 -1.5087 31 25 3
17.473 6.1742 -1.5359 22 16 0
17.404 6.241 -1.5207 42 22 0
17.404 6.2391 -1.5218 42 22 0
17.451 6.1858 -1.5382 34 18 0
17.449 6.1386 -1.5442 39 22 5
17.41 6.2558 -1.5387 38 19 12
17.421 6.2038 -1.51 39 15 3
17.429 6.2032 -1.5379 46 19 12
17.428 6.2855 -1.5089 33 11 14
17.382 6.1756 -1.5502 41 25 2
17.356 6.1373 -1.559 39 20 4
17.358 6.2045 -1.5389 42 16 2
17.364 6.2375 -1.5465 40 21 4
17.401 6.1981 -1.5263 40 22 2
17.384 6.2403 -1.5309 42 20 5
17.276 6.3149 -1.5321 45 22 16
17.298 6.2934 -1.5359 31 27 18
17.302 6.3585 -1.5162 45 24 19
17.317 6.3298 -1.4999 32 21 17
17.323 6.344 -1.5167 36 18 14
17.315 6.2405 -1.5395 42 21 4
17.283 6.3176 -1.5576 43 20 14
17.292 6.2715 -1.525 46 25 6
17.261 6.372 -1.5261 41 22 16
17.234 6.3706 -1.5121 42 24 2
17.27 6.3098 -1.5062 43 20 4
17.237 6.1788 -1.5545 40 24 1
17.26 6.1784 -1.548 29 21 0
17.228 6.3254 -1.5183 42 24 2
17.221 6.2747 -1.5276 46 25 4
17.255 6.3493 -1.5173 46 23 15
17.169 6.2009 -1.5721 44 26 2
17.2 6.3217 -1.5045 44 23 2
17.148 6.2442 -1.554 39 18 0
17.193 6.2376 -1.5399 45 23 0
17.13 6.3364 -1.498 48 27 6
17.137 6.3726 -1.5008 41 24 7
17.099 6.2842 -1.5211 44 19 12
17.101 6.3965 -1.5275 47 25 12
17.125 6.3276 -1.5947 44 19 14
17.142 6.2545 -1.5209 35 12 0
17.11 6.4456 -1.5178 46 21 0
17.116 6.3768 -1.5056 41 26 7
17.12 6.2772 -1.5117 42 25 0
17.12 6.3426 -1.5612 48 19 15
17.085 6.3239 -1.531 41 20 0
17.037 6.3565 -1.4986 49 24 4
17.05 6.3136 -1.4956 44 22 0
17.059 6.4145 -1.5363 44 24 13
17.077 6.2915 -1.5268 44 22 11
17.047 6.3396 -1.5687 43 25 13
17.043 6.3676 -1.5148 45 23 2
17.063 6.3248 -1.5409 46 25 8
17.057 6.3315 -1.5088 46 20 3
17.031 6.356 -1.4773 43 22 1
17.063 6.3243 -1.5415 46 25 8
17.006 6.4322 -1.4932 44 17 10
16.959 6.3273 -1.5266 51 28 12
16.971 6.3807 -1.5152 50 25 3
16.964 6.4561 -1.4959 53 27 10
16.976 6.5066 -1.4832 51 22 14
17.003 6.312 -1.5113 46 24 1
16.983 6.3296 -1.5159 35 15 4
16.991 6.3562 -1.5236 27 22 1
16.98 6.4096 -1.5188 46 27 13
16.933 6.4328 -1.4995 49 28 0
16.936 6.5287 -1.4863 36 21 14
16.937 6.3426 -1.5259 49 25 0
16.911 6.4397 -1.5047 51 25 0
16.953 6.4103 -1.5081 55 24 16
16.94 6.4432 -1.5181 55 25 23
16.933 6.4317 -1.5001 49 28 0
16.949 6.4709 -1.5217 34 25 16
16.896 6.3759 -1.5253 48 23 0
16.919 6.374 -1.5143 52 23 1
16.924 6.4848 -1.4974 51 23 12
16.837 6.4432 -1.5081 29 19 9
16.845 6.3626 -1.5564 49 23 8
16.833 6.4516 -1.4693 32 21 2
16.892 6.4289 -1.5516 40 13 2
16.882 6.4059 -1.5395 50 23 14
16.879 6.4191 -1.5021 53 27 2
16.853 6.152 -1.6635 49 23 0
16.846 6.3954 -1.5034 53 25 14
16.854 6.5052 -1.488 49 23 9
16.859 6.5023 -1.5155 51 29 14
16.796 6.3883 -1.5353 55 25 11
16.788 6.3749 -1.515 48 17 0
16.787 6.4533 -1.4953 53 24 0
16.798 6.4824 -1.499 49 26 10
16.808 6.5058 -1.5087 55 29 12
16.844 6.5425 -1.4944 28 15 9
16.819 6.4694 -1.4991 53 27 0
16.826 6.4806 -1.519 53 24 20
16.816 6.5194 -1.5236 54 26 12
16.777 6.4938 -1.5009 52 26 11
16.766 6.3871 -1.5161 46 18 7
16.787 6.5167 -1.5092 55 26 22
16.808 6.3537 -1.52 51 22 1
16.728 6.508 -1.4865 53 26 9
16.739 6.6 -1.476 50 24 7
16.735 6.5146 -1.5094 52 25 6
16.769 6.5398 -1.504 54 27 8
16.759 6.4406 -1.5155 55 25 11
16.756 6.5054 -1.5027 53 30 0
16.746 6.4832 -1.4949 50 25 5
16.741 6.5233 -1.5272 48 26 11
16.725 6.5663 -1.48 54 26 12
16.667 6.4967 -1.4633 43 19 7
16.645 6.4911 -1.5054 49 22 3
16.692 6.4839 -1.4902 50 24 10
16.672 6.3943 -1.5865 51 25 8
16.625 6.4566 -1.4779 47 24 6
16.68 6.526 -1.4674 37 27 15
16.671 6.478 -1.5318 29 15 6
16.674 6.5064 -1.4826 37 27 15
16.673 6.4335 -1.5003 30 18 0
16.637 6.4809 -1.4867 50 23 12
16.568 6.5129 -1.4709 48 21 0
16.551 6.453 -1.541 46 24 0
16.584 6.4868 -1.4772 43 23 0
16.578 6.3922 -1.5374 46 19 8
16.606 6.5258 -1.5023 43 21 6
16.592 6.4973 -1.4956 46 19 8
16.583 6.5337 -1.5027 35 23 1
16.622 6.5106 -1.4724 48 24 10
16.586 6.4145 -1.5206 46 19 8
16.615 6.5996 -1.5063 44 25 9
16.6 6.5673 -1.5057 48 24 12
16.534 6.5603 -1.4532 27 19 6
16.522 6.5837 -1.4744 41 22 24
16.536 6.6089 -1.4797 22 16 2
16.495 6.4694 -1.4962 41 23 13
16.488 6.5628 -1.5013 48 21 10
16.475 6.5398 -1.493 43 22 5
16.475 6.5847 -1.5231 44 20 8
16.505 6.6455 -1.4968 42 20 9
16.487 6.5153 -1.4733 45 24 0
16.451 6.5556 -1.4636 44 24 0
16.467 6.5825 -1.4682 46 19 12
16.475 6.4849 -1.4962 45 24 0
16.456 6.5583 -1.4883 46 19 12
16.489 6.5558 -1.535 43 19 9
16.439 6.5704 -1.518 42 23 9
16.498 6.5331 -1.4896 46 24 0
16.521 6.6253 -1.5049 39 26 10
16.487 6.671 -1.4613 45 21 11
16.429 6.4393 -1.5434 46 24 9
16.469 6.5788 -1.4999 44 17 10
16.428 6.652 -1.5008 42 20 9
16.367 6.5469 -1.5081 41 27 18
16.439 6.5782 -1.4845 46 21 0
16.319 6.3191 -1.6634 46 22 10
16.366 6.5521 -1.4739 23 21 6
16.479 6.7308 -1.351 46 22 10
16.398 6.5971 -1.5203 46 22 10
16.452 6.6497 -1.491 46 24 0
16.425 6.6065 -1.4762 45 23 0
16.439 6.5781 -1.4846 46 21 0
16.439 6.6284 -1.4822 45 28 0
16.372 6.703 -1.4647 47 24 8
16.386 6.6342 -1.4726 29 21 0
16.321 6.5154 -1.5157 49 24 4
16.313 6.609 -1.4593 49 26 8
16.359 6.7267 -1.4558 49 27 14
16.352 6.6197 -1.4958 49 23 8
16.411 6.7305 -1.4297 33 24 9
16.342 6.6505 -1.482 51 32 15
16.306 6.5424 -1.504 49 25 13
16.333 6.641 -1.4639 51 30 9
16.281 6.554 -1.4774 50 28 5
16.317 6.6545 -1.4915 49 25 13
16.31 6.6424 -1.5019 49 25 13
16.288 6.6927 -1.506 47 27 20
16.298 6.6257 -1.4868 51 29 18
16.251 6.5505 -1.4919 53 29 3
16.287 6.6551 -1.4714 52 28 18
16.256 6.643 -1.5225 52 28 16
16.298 6.6691 -1.4884 52 28 18
16.32 6.7027 -1.4882 52 25 16
15.998 6.7344 -1.4909 60 39 18
15.994 6.7324 -1.4648 61 35 18
16.048 6.763 -1.4522 65 45 21
16.052 6.8036 -1.4554 54 38 5
15.959 6.6871 -1.4724 55 36 4
15.953 6.683 -1.4523 50 33 3
16.115 6.8507 -1.4017 69 46 13
16.017 6.7941 -1.4765 53 33 22
15.906 6.734 -1.4681 42 25 8
15.982 6.7891 -1.4674 52 31 14
15.915 6.7103 -1.4491 53 38 9
15.999 6.7745 -1.4677 55 34 17
15.972 6.741 -1.4686 54 33 16
15.842 6.6966 -1.4545 45 27 7
15.823 6.7119 -1.4595 43 21 0
15.829 6.6445 -1.4909 47 28 0
15.874 6.767 -1.4612 38 24 11
15.908 6.774 -1.449 43 27 1
15.811 6.6956 -1.4998 44 25 0
15.867 6.6884 -1.4789 48 28 3
15.86 6.7162 -1.4681 48 22 8
15.816 6.7017 -1.4951 47 28 0
15.924 6.8576 -1.4522 35 29 7
15.833 6.7242 -1.4491 43 21 0
15.81 6.7653 -1.4614 35 22 4
15.774 6.7614 -1.42 36 15 10
15.78 6.7323 -1.462 43 20 2
15.834 6.826 -1.4514 42 25 8
15.866 6.8277 -1.4377 46 24 11
15.859 6.8517 -1.4543 45 22 14
15.845 6.7713 -1.4174 44 25 9
15.838 6.7631 -1.4527 42 22 0
15.905 6.9032 -1.3222 43 22 1
15.882 6.8445 -1.4468 44 25 21
15.73 6.813 -1.4409 37 18 2
15.748 6.799 -1.4401 44 20 6
15.819 6.9031 -1.4395 39 21 0
15.695 6.744 -1.4608 37 18 1
15.762 6.7819 -1.4151 45 23 2
15.666 6.748 -1.4708 38 14 4
15.737 6.7544 -1.4679 29 16 0
15.765 6.8801 -1.4507 29 14 17
15.719 6.8024 -1.4814 32 23 24
15.622 6.8001 -1.4597 38 12 0
15.701 6.8768 -1.474 33 7 8
15.636 6.7507 -1.451 37 21 0
15.66 6.7747 -1.461 36 18 0
15.667 6.8442 -1.4502 39 13 14
15.689 6.8354 -1.4469 40 15 18
15.623 6.7698 -1.475 40 17 1
15.683 6.8596 -1.463 28 15 0
15.724 6.87 -1.4697 28 20 0
15.712 6.8577 -1.4519 41 15 1
15.729 6.8423 -1.452 41 9 6
15.664 6.842 -1.4519 39 13 14
15.714 6.8289 -1.4396 36 18 4
15.561 6.774 -1.4688 22 10 0
15.491 6.7399 -1.4825 27 14 5
15.637 6.8463 -1.4586 34 15 1
15.625 6.8365 -1.5008 26 11 6
15.494 6.7726 -1.4619 23 9 6
15.612 6.9686 -1.4104 39 18 0
15.542 6.8781 -1.4524 33 13 6
15.602 6.9032 -1.4463 13 12 18
15.544 6.9072 -1.4091 36 16 9
15.512 6.881 -1.4632 31 17 8
15.541 6.8776 -1.4816 38 18 20
15.498 6.869 -1.4731 31 17 8
15.469 6.814 -1.4846 29 9 0
15.604 6.9616 -1.4154 39 18 0
15.532 6.9812 -1.4313 29 4 0
15.425 6.8322 -1.432 33 15 0
15.477 6.909 -1.463 37 19 7
15.487 6.9161 -1.4288 38 20 10
15.57 6.9593 -1.4297 32 14 0
15.43 6.8398 -1.4857 38 14 10
15.542 6.9628 -1.4357 35 17 0
15.502 6.8713 -1.4168 31 13 0
15.512 6.964 -1.4207 34 11 5
15.437 6.8733 -1.44 19 12 0
15.395 6.836 -1.4388 32 10 0
15.542 6.9353 -1.4249 38 12 11
15.535 6.9837 -1.4291 29 4 0
15.81 7.243 -1.0797 26 14 0
15.814 7.2673 -1.0863 18 16 1
15.844 7.2702 -1.0737 24 15 0
15.827 7.2766 -1.0584 33 9 0
15.823 7.276 -1.1017 21 10 4
15.844 7.3507 -1.0593 53 33 22
15.85 7.3725 -1.0268 52 36 13
15.785 7.2852 -1.0699 51 34 4
15.836 7.3434 -1.0448 48 31 23
15.825 7.2954 -1.05 7 0 0
15.819 7.2925 -1.0756 17 12 0
15.841 7.3454 -1.0215 50 32 8
15.855 7.3788 -1.0616 52 35 9
15.814 7.3085 -1.0696 52 35 7
15.849 7.3729 -1.0476 52 35 18
15.787 7.2684 -1.1171 22 16 2
15.854 7.3899 -0.97814 51 34 6
15.856 7.3958 -1.0331 53 35 21
15.855 7.3965 -1.0531 53 34 20
15.839 7.3631 -1.0152 59 34 12
15.853 7.4096 -1.0081 55 40 21
15.849 7.4091 -1.0305 55 37 15
15.862 7.4312 -0.97589 53 33 22
15.865 7.3988 -0.98944 53 35 0
15.846 7.423 -1.0053 54 37 9
15.854 7.3932 -1.0156 54 35 19
15.849 7.3683 -0.98894 55 36 6
15.854 7.4138 -1.0443 53 34 0
15.863 7.4139 -0.96453 60 40 3
15.842 7.4218 -1.0271 54 37 9
15.856 7.4105 -0.98793 59 41 3
15.835 7.4666 -0.98954 61 41 6
15.845 7.4559 -0.99075 61 35 20
15.842 7.4393 -1.0183 53 33 22
15.835 7.4459 -0.96123 62 39 21
15.848 7.4526 -0.93504 61 41 6
15.839 7.4146 -0.97316 57 37 3
15.852 7.4401 -0.95723 54 34 9
15.849 7.4604 -1.0062 58 40 2
15.844 7.454 -0.97297 62 39 21
15.846 7.4344 -0.943 52 33 19
15.839 7.4339 -0.98373 52 36 19
15.825 7.4618 -1.0147 56 40 15
15.849 7.4421 -0.99515 56 38 26
15.78 7.4596 -0.95721 85 59 32
15.841 7.466 -0.94956 65 40 8
15.839 7.4632 -0.93355 62 42 7
15.817 7.4656 -0.9401 80 52 25
15.775 7.4541 -0.94215 85 57 18
15.814 7.4658 -0.95943 69 46 28
15.773 7.4571 -0.97833 83 60 29
15.831 7.462 -0.97363 61 37 25
15.773 7.4604 -1.015 84 55 21
15.82 7.4716 -0.97393 78 53 30
15.814 7.4698 -0.99674 77 53 25
15.776 7.4608 -0.99514 81 58 25
15.75 7.4639 -1.0231 81 58 17
15.894 7.2655 -0.13699 66 47 7
15.833 7.2341 -0.14199 64 47 21
15.859 7.2719 -0.141 64 47 3
15.892 7.2635 -0.12293 67 47 23
15.854 7.2495 -0.11156 65 49 26
15.851 7.2476 -0.1264 69 47 6
15.844 7.2614 -0.1699 67 47 12
15.843 7.2452 -0.19931 67 46 19
15.826 7.2673 -0.2164 47 25 4
15.842 7.2419 -0.15571 67 48 8
15.89 7.264 -0.16656 66 46 21
15.846 7.2489 -0.22822 62 47 6
15.849 7.2677 -0.21415 66 46 12
15.842 7.245 -0.21379 64 46 22
15.851 7.2507 -0.18455 64 46 22
15.85 7.2487 -0.16933 68 48 24
15.849 7.266 -0.18442 70 45 23
15.884 7.2595 -0.17953 68 51 8
15.859 7.2726 -0.15527 62 45 19
15.849 7.267 -0.19883 66 44 23
15.884 7.2633 -0.25148 62 47 4
15.878 7.2579 -0.23798 61 44 14
15.84 7.2465 -0.27351 65 46 14
15.854 7.2584 -0.2869 64 43 24
15.844 7.2658 -0.24363 61 45 10
15.827 7.2704 -0.26054 39 20 4
15.851 7.2531 -0.24169 61 43 7
15.848 7.252 -0.25793 60 42 18
15.853 7.2743 -0.2713 63 47 22
15.825 7.2676 -0.23151 43 23 0
15.853 7.2719 -0.22747 63 45 7
15.846 7.2683 -0.25743 61 45 20
15.822 7.2653 -0.23228 43 23 0
15.831 7.2727 -0.24485 45 25 0
15.85 7.2823 -0.43894 39 22 4
15.839 7.2754 -0.45872 36 23 4
15.829 7.2647 -0.41358 43 19 9
15.812 7.2745 -0.49677 26 13 0
15.818 7.2785 -0.47833 38 20 8
15.843 7.2612 -0.47573 46 30 4
15.844 7.277 -0.42536 38 20 0
15.818 7.2774 -0.4624 40 19 0
15.822 7.2791 -0.44552 37 13 3
15.822 7.2777 -0.42974 38 22 5
15.837 7.2753 -0.47502 35 22 3
15.834 7.2525 -0.44589 47 28 14
15.839 7.2551 -0.42852 43 28 0
15.848 7.2614 -0.41002 40 29 9
15.853 7.3231 -0.48239 24 10 0
15.836 7.2566 -0.49334 45 26 10
15.837 7.2558 -0.46126 43 27 12
15.833 7.2731 -0.49324 35 15 4
15.875 7.3657 -0.38362 47 36 30
15.849 7.3182 -0.45189 26 15 0
15.835 7.3036 -0.40895 19 6 0
15.866 7.365 -0.4586 53 42 23
15.854 7.3399 -0.46417 23 9 0
15.852 7.3338 -0.40307 18 6 0
15.877 7.3684 -0.39551 46 45 17
15.851 7.3342 -0.41943 17 8 9
15.873 7.3861 -0.45488 53 36 16
15.881 7.3722 -0.41096 59 43 7
15.857 7.3225 -0.43368 30 15 0
15.818 7.2741 -0.41505 37 20 3
15.875 7.37 -0.44184 59 37 24
15.876 7.3696 -0.42618 54 35 19
15.845 7.3316 -0.45191 0 6 0
15.855 7.3378 -0.43395 21 11 0
15.848 7.318 -0.46731 29 9 10
15.871 7.3317 -0.41494 25 5 0
15.831 7.2552 -0.52881 37 14 8
15.857 7.2596 -0.55556 43 26 0
15.834 7.2592 -0.54408 42 26 0
15.842 7.268 -0.59102 38 17 0
15.827 7.2514 -0.51342 42 26 13
15.825 7.274 -0.59461 36 18 6
15.827 7.2543 -0.56335 35 23 1
15.846 7.2516 -0.57572 39 23 10
15.85 7.2558 -0.59142 44 24 0
15.829 7.2576 -0.57959 35 15 16
15.836 7.2764 -0.50723 38 16 1
15.856 7.3266 -0.49604 23 16 0
15.812 7.2785 -0.54575 30 12 0
15.854 7.3264 -0.51281 11 4 0
15.852 7.3285 -0.56137 24 7 0
15.813 7.2803 -0.56321 30 7 0
15.841 7.3373 -0.56374 44 42 45
15.808 7.2787 -0.59801 26 6 8
15.83 7.275 -0.55848 33 15 5
15.831 7.2767 -0.57576 35 17 3
15.806 7.2766 -0.58176 31 8 2
15.822 7.2836 -0.51 35 18 0
15.806 7.2729 -0.53132 32 10 0
15.857 7.3308 -0.54348 23 2 7
15.854 7.3269 -0.5287 27 9 0
15.835 7.2772 -0.52495 34 14 5
15.83 7.2735 -0.54227 32 16 0
15.847 7.3359 -0.48163 21 6 0
15.863 7.3678 -0.52111 54 35 18
15.877 7.4111 -0.52638 58 37 20
15.846 7.3363 -0.49796 37 39 26
15.873 7.3711 -0.47248 55 40 7
15.866 7.3885 -0.5488 59 36 18
15.872 7.3863 -0.47055 53 37 4
15.864 7.3832 -0.50332 56 40 4
15.865 7.3831 -0.48811 55 38 8
15.876 7.3779 -0.53163 51 36 15
15.843 7.338 -0.5466 57 37 28
15.841 7.3334 -0.51552 38 20 0
15.876 7.3756 -0.50155 57 37 3
15.876 7.4114 -0.54209 58 37 16
15.871 7.3899 -0.51618 55 37 17
15.869 7.3896 -0.53238 59 38 21
15.875 7.3786 -0.54788 52 36 21
15.854 7.3441 -0.5269 53 37 14
15.877 7.3753 -0.48534 59 38 21
16.317 5.5516 -1.4452 44 20 6
16.378 5.5199 -1.4385 41 22 5
16.324 5.4601 -1.4788 39 21 11
15.688 5.765 -1.4237 46 25 6
15.627 5.6698 -1.4369 48 28 3
15.631 5.5988 -1.4933 47 27 3
15.549 5.7443 -1.3976 44 22 9
15.665 5.9179 -1.339 45 23 10
15.341 5.3654 -1.4464 43 24 17
15.427 5.6296 -1.3896 45 23 10
15.333 5.4925 -1.4194 36 24 10
15.456 5.6099 -1.3898 44 24 13
15.631 5.9294 -1.3116 46 28 6
15.826 7.2428 -0.689 42 22 0
15.807 7.2846 -0.68547 18 8 0
15.836 7.2672 -0.64549 38 18 9
15.826 7.2778 -0.64567 39 21 1
15.827 7.2614 -0.66657 39 20 4
15.825 7.2761 -0.62896 34 18 3
15.828 7.2809 -0.66174 37 16 0
15.828 7.2637 -0.68381 36 18 0
15.838 7.2851 -0.60622 39 19 10
15.821 7.296 -0.69598 23 11 0
15.854 7.2598 -0.60693 40 24 11
15.837 7.271 -0.69659 40 13 6
15.832 7.246 -0.6683 45 25 0
15.839 7.2684 -0.62632 37 20 13
15.834 7.2633 -0.6119 34 18 5
15.823 7.2794 -0.69883 31 18 0
15.827 7.2811 -0.67958 37 12 7
15.861 7.3557 -0.60397 56 35 18
15.85 7.3468 -0.5917 57 41 26
15.84 7.321 -0.58256 16 3 0
15.844 7.3287 -0.64733 15 11 0
15.848 7.3305 -0.62863 24 4 5
15.811 7.2824 -0.61447 19 8 6
15.81 7.2852 -0.66529 26 7 0
15.842 7.3459 -0.66107 57 38 6
15.849 7.3285 -0.59551 22 7 10
15.841 7.3243 -0.61512 5 1 0
15.854 7.3518 -0.62306 57 37 2
15.868 7.3804 -0.6298 56 40 4
15.818 7.2891 -0.62702 18 8 6
15.866 7.3777 -0.61472 54 33 16
15.846 7.3311 -0.66329 17 10 2
15.854 7.3483 -0.57374 55 38 20
15.82 7.292 -0.64448 26 11 0
15.845 7.3472 -0.64338 54 38 15
15.877 7.3879 -0.64182 55 37 17
15.861 7.424 -0.62213 65 45 18
15.874 7.4168 -0.62052 59 38 17
15.877 7.4147 -0.57241 56 38 14
15.871 7.4122 -0.59032 57 36 17
15.86 7.422 -0.6069 68 48 14
15.872 7.3776 -0.5649 48 35 17
15.869 7.3946 -0.59393 59 39 5
15.871 7.3783 -0.58104 49 33 18
15.87 7.3969 -0.60953 60 37 3
15.876 7.4133 -0.55743 57 41 16
15.868 7.4116 -0.60635 57 36 15
15.861 7.393 -0.64562 58 40 16
15.863 7.3931 -0.62864 55 37 15
15.874 7.3957 -0.56099 56 36 25
15.868 7.3924 -0.57924 55 38 18
15.863 7.3739 -0.60009 59 40 8
16.995 5.5933 -1.5153 44 22 1
16.968 5.606 -1.5231 41 23 0
17.035 5.4503 -1.5303 37 19 5
16.978 5.6431 -1.5332 42 24 14
17.003 5.4182 -1.5592 44 24 13
17.028 5.6521 -1.472 44 21 3
16.919 5.4207 -1.6321 43 21 0
16.829 5.6752 -1.543 48 26 15
16.842 5.4267 -1.5869 47 22 17
16.714 5.7471 -1.5153 71 45 31
16.838 7.1979 -0.65605 43 26 6
16.847 7.2087 -0.67661 51 28 20
16.827 7.1564 -0.69148 48 25 7
16.31 5.508 -1.5078 44 24 15
16.394 5.8019 -1.5036 41 24 4
16.373 5.6664 -1.495 44 24 15
16.436 5.9137 -1.4738 43 28 7
16.363 5.7234 -1.5119 42 24 4
16.267 5.6457 -1.5751 43 24 7
16.319 5.6439 -1.4438 43 20 12
16.294 5.5503 -1.5304 42 22 13
16.388 5.8812 -1.4655 39 22 2
16.33 5.8075 -1.5203 37 25 3
16.214 5.7227 -1.4882 37 21 0
16.275 5.953 -1.4033 41 20 3
16.184 5.7372 -1.4957 40 23 15
16.202 5.8542 -1.4747 46 25 6
16.217 5.7163 -1.5307 45 22 16
16.031 5.6559 -1.506 52 35 17
16.155 5.9808 -1.4395 45 26 12
16.106 5.8159 -1.4543 48 30 10
16.113 5.8202 -1.4844 38 19 5
15.977 5.608 -1.5801 53 31 16
16.135 6.0098 -1.4323 47 27 2
16.093 5.854 -1.4779 43 24 10
16.081 5.9664 -1.4664 47 26 9
16.083 5.853 -1.407 51 29 14
15.861 5.7698 -1.5157 46 27 13
16.056 6.0545 -1.4466 48 28 4
16.114 6.1901 -1.268 44 26 2
15.995 5.8611 -1.5467 46 26 17
15.967 5.9638 -1.4436 46 25 4
15.953 6.0576 -1.4398 48 28 4
15.961 6.0091 -1.4536 41 24 0
15.957 6.0091 -1.4238 46 26 2
15.901 5.9142 -1.4439 44 27 10
15.927 6.0748 -1.4464 48 26 11
15.795 5.7815 -1.5694 45 25 18
15.841 6.0576 -1.407 45 26 10
15.753 5.8032 -1.426 43 29 3
15.81 5.9395 -1.502 41 27 14
15.917 6.1782 -1.3687 50 28 4
15.89 6.0696 -1.4594 46 28 18
15.8 5.9785 -1.52 44 25 19
15.745 5.9614 -1.4818 45 28 2
15.732 5.9454 -1.452 38 25 7
15.613 5.7716 -1.4439 47 25 4
15.664 6.1678 -1.4265 47 24 6
15.598 6.0262 -1.467 48 26 5
15.709 6.1808 -1.4061 47 27 2
15.664 6.0212 -1.373 44 22 11
15.648 6.0491 -1.4109 45 26 12
15.583 6.0585 -1.4577 46 25 4
15.579 6.1045 -1.443 45 27 5
15.63 6.1713 -1.4354 45 25 14
15.449 6.1313 -1.471 48 25 7
15.423 6.1466 -1.4732 47 24 6
15.827 7.2468 -0.74222 42 16 0
15.832 7.2734 -0.79016 33 18 0
15.837 7.2757 -0.76884 34 15 0
15.804 7.2336 -0.82972 38 19 15
15.832 7.25 -0.7227 47 26 7
15.812 7.2375 -0.78758 41 18 2
15.837 7.2785 -0.80534 37 18 4
15.814 7.2401 -0.8053 42 19 3
15.836 7.2717 -0.7159 37 15 2
15.816 7.299 -0.78667 16 4 6
15.818 7.2969 -0.73246 19 6 0
15.807 7.2872 -0.71984 20 11 0
15.824 7.3228 -0.77746 54 38 23
15.812 7.2783 -0.8136 30 5 8
15.831 7.3269 -0.75586 51 39 13
15.826 7.2826 -0.71539 33 15 5
15.823 7.2861 -0.78919 27 10 0
15.839 7.3144 -0.75753 16 0 0
15.822 7.2811 -0.73439 32 9 3
15.822 7.2819 -0.75271 30 11 0
15.814 7.2775 -0.77553 31 14 0
15.836 7.3113 -0.74073 24 10 0
15.831 7.269 -0.73621 37 14 6
15.84 7.3324 -0.73458 57 37 2
15.828 7.2683 -0.75526 34 14 5
15.863 7.3807 -0.68093 57 40 20
15.838 7.3266 -0.68357 56 39 32
15.861 7.3646 -0.71965 52 36 1
15.873 7.3892 -0.69254 56 38 16
15.845 7.3526 -0.71055 58 34 20
15.857 7.3586 -0.67135 54 38 15
15.865 7.385 -0.71321 55 39 13
15.87 7.4064 -0.72269 56 36 25
15.851 7.3768 -0.73786 56 38 14
15.856 7.3626 -0.73938 52 31 12
15.846 7.3518 -0.69319 54 33 14
15.84 7.3294 -0.70047 49 32 24
15.868 7.3892 -0.74449 58 39 25
15.86 7.3965 -0.69464 56 38 0
15.861 7.3989 -0.71073 58 39 5
15.863 7.3795 -0.66421 58 41 23
15.863 7.3688 -0.75214 57 36 17
15.845 7.3347 -0.71453 55 38 18
15.851 7.4232 -0.69034 59 40 0
15.87 7.401 -0.65723 57 39 17
15.86 7.4148 -0.70688 59 38 21
15.866 7.3995 -0.6757 58 40 20
15.861 7.4134 -0.68981 63 42 13
15.85 7.4214 -0.67453 55 34 5
15.868 7.4146 -0.63852 58 38 13
15.853 7.4434 -0.71712 56 38 18
15.862 7.4476 -0.69728 59 36 20
15.852 7.4257 -0.70596 52 33 0
15.854 7.4225 -0.65675 63 39 11
15.854 7.4282 -0.72136 55 34 15
15.862 7.4463 -0.68064 56 40 4
15.854 7.4121 -0.72555 66 43 27
15.859 7.4239 -0.63921 67 46 19
15.862 7.4128 -0.67372 55 37 15
15.867 7.415 -0.65494 58 35 17
17.629 5.8325 -1.4931 34 24 0
17.629 5.7433 -1.5806 40 21 7
17.374 5.7174 -1.5418 41 22 6
17.381 5.9637 -1.4851 42 19 3
17.403 5.7688 -1.5321 25 19 0
17.402 5.8903 -1.4925 30 20 8
17.384 5.8143 -1.547 39 24 3
17.423 5.7193 -1.5186 37 21 8
17.379 5.7606 -1.5463 39 22 2
17.359 5.9465 -1.5061 41 22 16
17.273 6.0432 -1.4235 39 23 0
17.344 5.8026 -1.5018 38 20 18
17.279 6.0705 -1.4351 41 21 0
17.349 5.8554 -1.5001 40 24 1
17.318 5.6433 -1.5727 37 22 0
17.366 5.7083 -1.6226 39 25 0
17.213 5.8796 -1.4833 43 25 3
17.273 6.0167 -1.4388 39 23 0
17.17 5.8819 -1.5336 44 23 2
17.186 5.721 -1.5831 39 23 0
17.179 5.9874 -1.4985 48 29 0
17.086 5.8727 -1.54 35 24 20
17.073 5.7724 -1.5656 43 23 14
17.076 6.014 -1.4976 48 21 0
17.064 5.9409 -1.5088 43 25 3
17.044 5.7427 -1.5987 43 25 3
17.042 5.9829 -1.4949 41 21 10
17.018 5.8456 -1.5218 42 22 13
17.001 5.5372 -1.736 38 14 10
17.043 6.0848 -1.4065 44 21 13
17.036 5.7258 -1.5771 42 24 10
16.989 5.82 -1.5443 44 24 13
17.053 6.0463 -1.4852 46 26 1
16.988 5.6698 -1.5533 44 26 12
16.981 5.6647 -1.6639 38 17 0
16.924 5.7983 -1.5508 37 17 8
16.943 5.9071 -1.5165 43 24 8
16.917 5.9085 -1.526 44 27 10
16.849 5.9068 -1.4888 47 30 13
16.854 5.9001 -1.5265 43 24 8
16.89 5.8582 -1.4591 43 27 4
16.854 5.9983 -1.5379 41 23 3
16.883 5.9089 -1.5088 41 22 5
16.885 5.8802 -1.552 45 21 11
16.893 5.8301 -1.5086 34 23 17
16.812 5.7153 -1.566 44 24 13
16.868 5.9484 -1.5244 49 27 12
16.901 5.8428 -1.5315 43 24 8
16.833 6.181 -1.4433 48 30 8
16.768 5.9254 -1.5129 35 21 12
16.771 6.0259 -1.5208 42 32 23
16.768 5.6722 -1.5679 55 36 22
16.785 6.069 -1.5238 33 23 0
16.741 5.6959 -1.5628 46 33 25
16.751 5.8714 -1.5134 41 31 22
16.737 5.9736 -1.4301 61 44 24
16.711 5.8155 -1.5567 62 41 24
16.737 6.0209 -1.5101 59 33 16
16.717 6.0619 -1.4933 59 33 16
16.749 6.053 -1.5192 57 31 4
16.715 6.0514 -1.5001 59 33 16
16.697 6.068 -1.5299 58 31 12
16.708 5.6807 -1.5848 64 42 27
16.761 6.0063 -1.5035 56 29 20
16.731 6.0988 -1.5005 58 29 8
16.699 6.0051 -1.4969 64 42 19
16.691 6.0686 -1.4974 61 30 20
16.601 5.9842 -1.5121 50 38 16
16.666 5.9867 -1.5142 64 39 35
16.566 5.8719 -1.5488 56 34 19
16.502 5.8883 -1.5267 51 24 15
16.542 5.9185 -1.4987 48 32 17
16.565 5.979 -1.4942 53 31 18
16.467 5.6746 -1.6056 46 22 20
16.578 5.9376 -1.4791 47 31 18
16.547 6.0224 -1.4781 50 30 23
16.592 6.0563 -1.4777 52 27 20
16.462 6.0386 -1.5054 28 19 14
16.514 6.0115 -1.4998 51 27 15
16.455 5.8366 -1.5706 46 23 15
16.542 6.2093 -1.3591 47 24 16
16.475 6.1487 -1.4806 30 18 2
16.484 6.0099 -1.5114 46 27 11
16.404 6.1186 -1.5224 46 25 6
16.472 6.2232 -1.4411 45 23 12
16.416 6.2292 -1.4599 46 23 7
16.442 6.0673 -1.4999 47 26 5
16.401 6.1238 -1.4818 44 24 15
16.369 6.0498 -1.5048 44 19 14
16.442 6.155 -1.456 47 24 8
16.447 6.2216 -1.4859 48 27 0
16.261 5.9608 -1.5144 46 21 14
16.376 6.1364 -1.4949 44 24 0
16.259 6.2218 -1.4951 44 23 4
16.204 5.9153 -1.5202 49 27 16
16.261 6.0408 -1.4763 49 25 13
16.248 6.0955 -1.4261 45 25 16
16.199 5.9733 -1.5337 51 25 8
16.069 6.0026 -1.4935 44 25 9
16.025 5.7613 -1.6163 45 25 14
16.129 6.1155 -1.4577 48 26 11
16.094 5.9852 -1.4964 43 22 17
16.093 5.9725 -1.5373 44 25 18
16.07 5.9867 -1.5725 49 26 20
16.044 6.1417 -1.4758 51 30 13
16.11 6.2 -1.4614 46 24 13
16.107 6.129 -1.4943 48 23 19
16.131 6.1852 -1.4283 52 27 22
16.088 6.0921 -1.5154 48 23 19
16.058 6.1055 -1.4885 48 26 2
16.075 6.0815 -1.456 46 28 8
15.952 6.1693 -1.4285 51 30 11
15.885 6.1133 -1.4734 48 28 17
15.846 6.2235 -1.4127 53 31 20
15.821 6.2274 -1.4818 47 27 16
15.814 6.169 -1.4794 53 30 12
15.77 6.1592 -1.4626 50 27 19
15.799 6.2458 -1.4846 50 26 14
15.822 6.234 -1.4471 49 30 14
15.764 6.2029 -1.4467 48 26 11
15.828 6.3781 -1.4775 50 31 0
15.787 6.3727 -1.4682 47 26 5
15.772 6.2103 -1.4722 49 27 3
15.808 6.3056 -1.4863 44 29 6
15.819 6.3688 -1.452 44 28 5
15.65 6.0386 -1.5166 45 29 6
15.77 6.3933 -1.4603 47 29 7
15.636 6.2274 -1.4094 45 21 19
15.731 6.3896 -1.4466 32 18 5
15.673 6.3181 -1.4272 44 25 11
15.66 6.2096 -1.4472 45 20 13
15.643 6.2339 -1.4391 44 26 4
15.716 6.3666 -1.4918 47 26 5
15.634 6.2193 -1.4841 43 26 9
15.607 6.2342 -1.4494 43 25 5
15.789 6.5042 -1.4014 46 26 0
15.737 6.394 -1.4717 47 26 5
15.573 6.2828 -1.4448 44 26 22
15.53 6.2756 -1.4262 46 22 10
15.531 6.2329 -1.4463 47 27 16
15.612 6.327 -1.4788 44 23 6
15.577 6.3329 -1.4257 31 18 2
15.614 6.3762 -1.4283 43 21 6
15.62 6.2953 -1.4586 46 25 6
15.403 6.2147 -1.4558 41 22 8
15.556 6.3507 -1.4246 43 22 17
15.519 6.3072 -1.4189 43 24 17
15.452 6.2711 -1.4524 44 20 10
15.533 6.4068 -1.3756 42 23 9
15.445 6.4275 -1.4636 40 16 2
15.466 6.4492 -1.4783 31 16 0
15.821 7.2517 -0.89653 40 18 5
15.827 7.2748 -0.86752 39 16 0
15.834 7.2791 -0.84446 34 16 6
15.819 7.2487 -0.87796 40 19 2
15.805 7.2357 -0.84812 37 14 6
15.819 7.2522 -0.93748 34 15 0
15.815 7.2483 -0.91917 38 16 3
15.821 7.274 -0.92768 37 14 0
15.819 7.2698 -0.89043 37 18 4
15.832 7.276 -0.82665 38 13 8
15.808 7.2835 -0.92863 12 5 0
15.818 7.2882 -0.88489 26 7 0
15.811 7.2845 -0.90756 15 6 0
15.804 7.2764 -0.8738 21 0 0
15.832 7.281 -0.90239 41 19 4
15.836 7.3346 -0.8062 54 37 19
15.828 7.3286 -0.81019 54 37 19
15.865 7.379 -0.85565 58 37 20
15.851 7.3464 -0.8164 55 37 17
15.831 7.3167 -0.87142 48 36 36
15.829 7.31 -0.79802 6 2 0
15.837 7.3412 -0.87919 54 32 17
15.826 7.3256 -0.79408 55 36 19
15.817 7.2834 -0.82897 31 12 0
15.817 7.2852 -0.84772 25 8 0
15.835 7.3182 -0.84965 27 22 18
15.857 7.3718 -0.84328 55 36 6
15.844 7.3434 -0.83786 53 36 18
15.844 7.322 -0.80812 23 10 1
15.85 7.3318 -0.87807 51 37 10
15.876 7.381 -0.77924 52 33 26
15.821 7.307 -0.83923 12 0 2
15.857 7.369 -0.80857 55 36 22
15.844 7.3445 -0.85697 53 38 0
15.86 7.3729 -0.8239 57 36 17
15.861 7.408 -0.81207 54 31 15
15.867 7.373 -0.76709 51 36 13
15.865 7.3948 -0.83289 57 39 1
15.869 7.4103 -0.77337 56 35 14
15.863 7.4072 -0.79403 53 35 15
15.859 7.4247 -0.82463 60 34 11
15.856 7.3986 -0.74658 57 40 22
15.87 7.3921 -0.7601 59 38 19
15.863 7.4104 -0.82814 56 38 0
15.862 7.3882 -0.78081 56 38 16
15.854 7.4163 -0.77626 64 45 13
15.853 7.3881 -0.85663 60 37 6
15.866 7.4064 -0.75858 58 36 25
15.862 7.391 -0.81666 57 36 19
15.859 7.4227 -0.80724 62 41 14
15.863 7.424 -0.78837 68 43 20
15.875 7.3993 -0.7935 53 35 21
15.852 7.4139 -0.76012 64 43 22
15.853 7.4482 -0.76677 56 37 5
15.86 7.4547 -0.77933 54 39 6
15.844 7.4614 -0.7994 67 44 2
15.846 7.4291 -0.79221 54 35 19
15.845 7.4236 -0.74243 58 36 13
15.848 7.4273 -0.75716 58 37 18
15.855 7.4332 -0.77057 53 36 6
15.857 7.4151 -0.74135 67 46 19
15.846 7.432 -0.82625 58 39 9
15.843 7.4597 -0.78325 68 44 8
15.857 7.4556 -0.81459 62 43 1
15.848 7.4607 -0.76394 66 41 21
15.857 7.454 -0.79723 60 41 0
15.849 7.4327 -0.80793 53 38 0
15.863 7.4517 -0.72888 59 45 9
15.859 7.4507 -0.74696 57 37 26
17.551 6.0422 -1.5465 40 28 6
17.6 5.9538 -1.5567 36 26 17
17.519 6.0066 -1.5244 39 22 2
17.47 6.1249 -1.4978 36 15 10
17.523 6.0348 -1.5349 39 24 5
17.551 5.9869 -1.5537 39 22 15
17.498 6.0097 -1.5351 38 28 18
17.431 6.1682 -1.5145 42 17 0
17.423 6.1826 -1.4778 41 20 3
17.453 6.0928 -1.5295 31 19 7
17.475 6.013 -1.5419 40 23 16
17.457 5.9665 -1.5783 32 13 0
17.409 6.1832 -1.5168 43 25 5
17.468 6.0218 -1.6032 29 20 1
17.365 5.9707 -1.5193 39 22 4
17.374 5.9684 -1.5522 41 22 5
17.36 6.1793 -1.5126 39 20 4
17.345 6.0788 -1.4955 39 24 1
17.354 6.032 -1.5479 37 20 10
17.394 5.9006 -1.5549 42 24 4
17.284 6.1062 -1.5355 28 17 21
17.307 6.2372 -1.4632 46 23 15
17.231 6.1275 -1.5142 44 21 15
17.261 6.1301 -1.5298 45 24 3
17.254 6.1023 -1.5193 43 23 14
17.25 5.88 -1.6353 42 24 12
17.271 6.0631 -1.5057 26 18 15
17.278 6.0545 -1.5417 26 12 11
17.245 6.1729 -1.5408 39 23 0
17.238 6.1573 -1.5251 43 22 1
17.215 6.1962 -1.5059 44 23 2
17.278 6.0454 -1.547 31 17 16
17.245 6.1822 -1.5344 39 23 0
17.171 6.1688 -1.5508 30 24 0
17.209 6.1447 -1.5169 42 24 12
17.145 6.2084 -1.4068 41 20 0
17.149 6.1124 -1.4983 44 24 17
17.147 6.1554 -1.568 37 17 16
17.201 6.041 -1.5539 45 27 17
17.158 6.1763 -1.4891 41 23 9
17.187 6.1778 -1.5064 44 19 12
17.194 6.1921 -1.5249 32 19 10
17.084 6.106 -1.5668 44 24 13
17.079 6.1359 -1.5182 42 24 14
17.091 6.0438 -1.5354 48 26 3
17.102 6.1898 -1.5668 44 19 0
17.096 6.2012 -1.5278 44 22 11
17.124 6.0721 -1.5369 43 23 0
17.12 6.2205 -1.5034 46 21 17
17.101 6.096 -1.5311 40 22 10
17.139 6.1079 -1.5725 33 17 4
17.084 6.0266 -1.5221 43 24 10
17.128 6.2568 -1.5079 38 26 14
17.113 5.9892 -1.5626 36 18 6
17.104 5.9466 -1.5575 27 17 5
17.058 6.3134 -1.4733 45 23 2
17.033 6.2883 -1.5039 43 23 0
17.064 6.1002 -1.4837 47 23 11
17.063 5.988 -1.5835 45 21 11
17.021 6.395 -1.4378 46 24 1
17.07 6.1608 -1.5716 45 23 2
16.982 6.1943 -1.493 44 24 13
16.942 6.2195 -1.5273 49 24 20
16.969 6.2395 -1.5036 30 15 12
16.968 6.1254 -1.5112 51 26 4
16.955 6.1726 -1.5192 40 32 21
16.949 6.1793 -1.4829 51 20 12
16.982 6.2948 -1.4955 35 11 7
16.957 6.2867 -1.5078 47 29 19
16.858 6.1094 -1.5367 45 23 10
16.89 6.111 -1.5525 44 25 11
16.908 6.1488 -1.5914 38 16 5
16.935 6.212 -1.5031 49 24 20
16.917 6.2568 -1.4829 46 19 8
16.868 6.046 -1.5393 45 24 7
16.882 6.0947 -1.5356 43 23 0
16.893 6.2564 -1.4951 48 23 16
16.919 6.1356 -1.5258 48 24 12
16.884 6.2352 -1.4804 46 25 8
16.788 6.0566 -1.5585 29 17 1
16.821 6.3698 -1.4888 32 23 6
16.837 6.1777 -1.4719 53 27 10
16.852 6.109 -1.5081 49 26 10
16.823 6.3789 -1.4828 32 23 6
16.798 6.2838 -1.5195 53 26 19
16.799 6.3801 -1.4914 52 24 10
16.754 6.1503 -1.5262 49 28 7
16.755 6.3199 -1.5177 51 25 8
16.738 6.2019 -1.4994 53 36 8
16.744 6.3136 -1.4673 56 28 15
16.776 6.2292 -1.5009 55 29 14
16.719 6.1421 -1.5134 58 25 16
16.798 6.3982 -1.4518 54 29 9
16.739 6.1093 -1.5239 56 30 15
16.777 6.3923 -1.4927 54 26 12
16.8 6.3203 -1.4664 57 29 0
16.753 6.2432 -1.5045 57 28 7
16.766 6.2785 -1.5083 60 28 16
16.728 6.222 -1.5601 56 30 7
16.738 6.3535 -1.5041 55 28 17
16.723 6.313 -1.5053 53 29 17
16.707 6.1821 -1.5226 49 34 11
16.716 6.3041 -1.4836 52 26 12
16.607 6.2513 -1.4668 45 24 5
16.597 6.2931 -1.4804 47 24 18
16.601 6.2891 -1.5143 45 18 7
16.627 6.4296 -1.4779 46 24 9
16.619 6.3314 -1.5119 47 27 20
16.62 6.406 -1.4957 46 24 9
16.61 6.2461 -1.5002 48 24 10
16.642 6.3934 -1.4936 48 27 10
16.618 6.1937 -1.496 47 24 6
16.621 6.1871 -1.5276 44 31 15
16.604 6.3706 -1.4932 49 26 10
16.52 6.3461 -1.5706 48 21 10
16.563 6.3931 -1.5272 45 23 0
16.578 6.3716 -1.5015 47 24 18
16.581 6.3125 -1.5038 41 18 2
16.577 6.4466 -1.4584 44 23 20
16.59 6.4101 -1.4738 47 24 18
16.59 6.3945 -1.5153 45 24 7
16.461 6.2479 -1.4955 41 21 12
16.422 6.2319 -1.4873 45 25 0
16.485 6.4349 -1.4447 47 24 16
16.487 6.3703 -1.4818 49 23 8
16.438 6.3261 -1.4945 49 24 19
16.5 6.5215 -1.4485 41 23 13
16.475 6.2724 -1.5087 47 20 1
16.447 6.2873 -1.4825 49 23 8
16.473 6.3933 -1.5047 47 27 16
16.46 6.3094 -1.4966 46 23 17
16.42 6.3525 -1.4896 52 25 18
16.411 6.339 -1.4693 50 26 0
16.426 6.4888 -1.4413 47 23 9
16.427 6.4264 -1.4744 46 23 7
16.38 6.1881 -1.5642 50 24 9
16.451 6.4066 -1.5088 47 24 16
16.439 6.3874 -1.4925 50 24 9
16.401 6.3744 -1.4842 46 24 11
16.292 6.2849 -1.4817 46 23 5
16.324 6.4464 -1.5054 44 26 16
16.304 6.4128 -1.5026 47 28 12
16.301 6.4573 -1.5089 48 28 4
16.285 6.5369 -1.4703 48 26 3
16.265 6.5536 -1.4705 51 32 2
16.068 6.5776 -1.4156 72 51 24
15.993 6.5113 -1.4794 67 45 24
15.885 6.4094 -1.4754 43 27 10
15.982 6.5836 -1.4473 57 40 14
15.975 6.5328 -1.4461 60 36 22
15.959 6.4678 -1.4554 56 34 11
15.979 6.4933 -1.4637 55 35 24
15.995 6.5587 -1.457 65 43 22
15.994 6.4693 -1.4685 66 49 29
15.942 6.4885 -1.4487 57 32 12
15.998 6.6025 -1.4598 61 42 12
15.943 6.5379 -1.3949 42 25 7
15.845 6.4478 -1.4426 49 29 5
15.965 6.6024 -1.4443 58 41 24
15.844 6.4874 -1.4558 51 32 16
15.966 6.5634 -1.4346 59 39 15
15.901 6.5563 -1.4913 58 37 18
15.977 6.6157 -1.4603 55 38 12
15.815 6.4917 -1.4633 48 26 3
15.871 6.6781 -1.4425 48 27 8
15.822 6.5419 -1.4338 45 23 12
15.843 6.5325 -1.4063 47 27 16
15.844 6.4907 -1.4261 48 31 11
15.773 6.4815 -1.4516 41 22 15
15.921 6.7027 -1.4097 50 26 14
15.805 6.5581 -1.4975 53 28 8
15.816 6.6491 -1.4454 46 22 8
15.746 6.5681 -1.4491 40 22 12
15.703 6.4354 -1.496 44 22 7
15.707 6.4811 -1.5083 37 25 13
15.836 6.7098 -1.4396 47 25 2
15.869 6.7124 -1.424 47 24 18
15.763 6.5463 -1.52 48 25 17
15.779 6.5679 -1.4713 49 26 8
15.708 6.637 -1.465 35 17 13
15.687 6.6498 -1.467 17 14 0
15.662 6.5095 -1.4795 41 21 12
15.67 6.5945 -1.4655 38 21 11
15.779 6.7495 -1.4071 35 11 0
15.71 6.7089 -1.4581 36 14 1
15.707 6.7403 -1.4426 42 21 0
15.522 6.6533 -1.4645 43 14 8
15.43 6.6311 -1.445 37 15 17
15.507 6.7059 -1.448 38 18 7
15.518 6.7484 -1.4509 34 17 0
15.497 6.6959 -1.4253 36 12 0
15.555 6.7527 -1.4388 38 20 0
15.477 6.7733 -1.4561 24 10 7
15.394 6.82 -1.4339 36 18 0
15.415 6.7801 -1.4477 24 15 0
15.432 6.8237 -1.4211 35 17 0
15.821 7.261 -1.0564 35 16 0
15.824 7.2623 -1.0332 37 13 0
15.818 7.2552 -0.99661 35 16 0
15.827 7.2864 -1.0429 18 10 0
15.82 7.2579 -1.0159 31 18 0
15.818 7.2526 -0.95765 34 22 0
15.822 7.281 -1.0272 21 9 0
15.807 7.2854 -0.96791 17 0 0
15.805 7.2851 -0.99004 7 4 11
15.819 7.2777 -1.009 22 8 0
15.8 7.2785 -0.95195 15 6 0
15.814 7.27 -0.95196 24 6 0
15.799 7.2823 -1.0135 0 0 0
15.799 7.2837 -1.034 44 26 2
15.82 7.313 -0.93399 52 33 17
15.831 7.3266 -1.0043 52 35 9
15.83 7.325 -0.98527 52 35 7
15.813 7.3094 -0.95726 52 35 25
15.818 7.2757 -0.98938 21 3 0
15.827 7.3211 -0.96729 52 37 18
15.818 7.2743 -0.96945 31 13 0
15.843 7.3535 -0.9875 48 31 14
15.858 7.3927 -0.87193 54 37 17
15.863 7.4202 -0.93435 59 42 0
15.837 7.3477 -0.97251 52 37 8
15.868 7.4013 -0.88372 54 39 16
15.847 7.371 -0.9218 53 36 16
15.831 7.3422 -0.95697 54 32 21
15.866 7.4046 -0.93823 54 37 7
15.857 7.3791 -0.93383 53 37 4
15.859 7.3761 -0.8777 55 39 3
15.835 7.3225 -0.90604 55 36 6
15.855 7.3956 -0.92784 56 37 7
15.837 7.3451 -0.93472 55 36 4
15.85 7.371 -0.90196 58 37 18
15.835 7.3414 -0.89921 51 36 5
15.866 7.4017 -0.90258 56 39 21
15.831 7.3395 -0.91969 53 31 7
15.854 7.3804 -0.97267 54 35 19
15.854 7.3788 -0.95438 55 36 4
15.848 7.4369 -0.85868 56 34 19
15.855 7.428 -0.89672 50 32 18
15.835 7.4298 -0.88459 54 37 17
15.863 7.4133 -0.86291 55 37 17
15.868 7.415 -0.84214 59 41 17
15.854 7.4258 -0.87872 57 36 7
15.843 7.4405 -0.93265 55 36 22
15.858 7.415 -0.91882 58 37 16
15.846 7.4238 -0.91887 55 38 10
15.852 7.4211 -0.84546 56 38 0
15.846 7.4403 -0.91317 54 37 20
15.857 7.4111 -0.88401 62 43 26
15.85 7.422 -0.8644 53 36 16
15.845 7.4384 -0.89618 54 36 16
15.855 7.431 -0.9317 49 33 18
15.858 7.4131 -0.90119 63 41 28
15.852 7.4376 -0.83992 53 34 20
15.83 7.4613 -0.89208 62 40 17
15.828 7.4618 -0.91115 60 40 15
15.833 7.4612 -0.87342 65 42 26
15.838 7.4595 -0.81905 67 44 3
15.847 7.4509 -0.83624 64 43 26
15.851 7.4553 -0.85133 63 43 19
15.844 7.465 -0.8323 63 40 24
15.856 7.4596 -0.86547 61 44 18
15.852 7.459 -0.88515 63 40 22
15.843 7.4546 -0.90808 63 44 4
15.797 7.4574 -0.90573 79 57 8
15.839 7.4634 -0.85264 65 40 20
15.8 7.4603 -0.92142 82 56 33
17.459 6.1726 -1.5291 29 20 3
17.418 6.2445 -1.5291 41 22 15
17.441 6.2063 -1.539 42 15 8
17.424 6.2555 -1.545 30 21 6
17.414 6.2164 -1.521 48 16 13
17.437 6.1843 -1.5297 40 15 8
17.367 6.1831 -1.5354 41 22 5
17.392 6.2272 -1.5232 40 22 2
17.398 6.2338 -1.5423 40 22 2
17.372 6.2155 -1.5402 42 26 3
17.391 6.1576 -1.5453 45 24 5
17.283 6.3094 -1.5158 46 23 15
17.305 6.2881 -1.5227 31 17 17
17.29 6.3332 -1.5274 43 20 2
17.311 6.2975 -1.5411 29 20 1
17.311 6.3034 -1.5377 29 20 1
17.242 6.3445 -1.5144 40 22 12
17.268 6.3493 -1.524 45 22 16
17.214 6.2845 -1.5401 40 16 14
17.177 6.1934 -1.5566 47 19 5
17.156 6.2466 -1.5328 41 23 0
17.207 6.2453 -1.5409 45 22 6
17.113 6.2854 -1.524 44 24 0
17.113 6.47 -1.4541 44 24 13
17.114 6.3721 -1.5565 41 25 12
17.131 6.3974 -1.5009 52 22 4
17.093 6.3267 -1.5087 45 20 13
17.122 6.3452 -1.5103 33 18 0
17.081 6.2376 -1.543 47 27 3
17.133 6.223 -1.5587 38 21 1
17.145 6.3628 -1.4909 36 16 7
17.041 6.3185 -1.5057 41 20 0
17.053 6.3831 -1.4883 42 24 0
17.053 6.3089 -1.5722 43 25 13
17.063 6.2999 -1.5118 46 24 3
17.071 6.3259 -1.52 47 25 2
16.987 6.3895 -1.5152 24 15 8
16.975 6.3425 -1.5234 48 26 2
16.981 6.2369 -1.5622 25 13 0
16.956 6.3711 -1.5164 54 25 1
16.966 6.4043 -1.5173 53 22 14
16.977 6.4485 -1.5096 51 22 14
16.967 6.4132 -1.5108 53 22 14
16.916 6.4134 -1.5067 51 27 1
16.924 6.4282 -1.5209 49 23 9
16.92 6.5143 -1.4908 42 14 3
16.961 6.4958 -1.4837 51 23 10
16.932 6.3666 -1.5281 49 25 13
16.947 6.4281 -1.5117 53 23 21
16.904 6.4502 -1.5148 52 24 11
16.935 6.4699 -1.5148 50 18 13
16.862 6.4044 -1.51 52 23 1
16.834 6.4098 -1.4845 25 19 3
16.839 6.4058 -1.5149 49 23 8
16.886 6.4037 -1.4976 52 24 13
16.837 6.4877 -1.4939 30 20 10
16.846 6.418 -1.5351 47 21 0
16.846 6.5087 -1.5037 29 23 9
16.888 6.3896 -1.5322 48 23 0
16.825 6.5199 -1.5055 56 26 12
16.761 6.4086 -1.5187 52 26 9
16.78 6.4664 -1.5026 55 26 2
16.812 6.4828 -1.5064 54 29 9
16.79 6.4882 -1.5133 52 27 7
16.778 6.3722 -1.5374 47 26 7
16.802 6.52 -1.5167 55 25 11
16.821 6.4341 -1.5075 55 25 1
16.806 6.4758 -1.4865 55 25 11
16.758 6.5518 -1.4867 53 26 9
16.692 6.4123 -1.5775 56 24 21
16.766 6.5059 -1.487 51 25 10
16.747 6.5246 -1.4836 55 25 9
16.727 6.5224 -1.5195 58 26 21
16.709 6.4912 -1.4945 51 23 9
16.748 6.3755 -1.5177 49 21 10
16.773 6.5146 -1.5042 55 25 23
16.667 6.4477 -1.5087 28 9 2
16.653 6.4167 -1.5031 44 24 17
16.675 6.4585 -1.5287 40 11 0
16.665 6.5091 -1.497 51 17 15
16.629 6.4194 -1.5145 47 24 8
16.665 6.5238 -1.4604 44 19 0
16.584 6.4427 -1.5187 44 21 5
16.604 6.5509 -1.5018 48 24 12
16.618 6.5303 -1.4793 47 18 10
16.635 6.5058 -1.4858 49 22 11
16.58 6.5056 -1.4814 47 23 9
16.61 6.4437 -1.5036 46 21 0
16.589 6.5188 -1.498 45 26 10
16.508 6.4635 -1.5089 19 9 0
16.496 6.5003 -1.4916 46 24 0
16.524 6.5608 -1.4713 40 19 0
16.544 6.6543 -1.4613 30 20 10
16.479 6.619 -1.5128 45 21 11
16.491 6.5966 -1.4932 45 21 11
16.478 6.5833 -1.4482 47 23 9
16.509 6.5765 -1.4978 44 22 0
16.465 6.6049 -1.4697 44 22 9
16.445 6.5496 -1.5424 43 24 10
16.51 6.6332 -1.4907 42 23 7
16.494 6.5515 -1.4927 45 21 9
16.449 6.576 -1.466 45 23 8
16.461 6.4795 -1.5209 46 25 8
16.511 6.6339 -1.4894 42 23 7
16.483 6.686 -1.4665 45 23 12
16.459 6.5295 -1.5194 44 17 10
16.356 6.4909 -1.5614 46 25 6
16.433 6.5911 -1.4965 43 23 0
16.376 6.5416 -1.4931 44 26 6
16.416 6.6119 -1.4906 48 21 12
16.433 6.5999 -1.4628 45 23 0
16.462 6.6472 -1.4738 45 21 11
16.442 6.6598 -1.4749 43 22 5
16.376 6.6817 -1.4896 31 21 12
16.339 6.5275 -1.4829 52 26 9
16.339 6.6802 -1.4196 44 23 2
16.31 6.5798 -1.464 51 25 0
16.332 6.6099 -1.4971 47 24 16
16.31 6.6188 -1.5016 51 29 18
16.341 6.6727 -1.4832 50 28 5
16.34 6.5855 -1.4514 48 23 3
16.366 6.6697 -1.4736 46 25 6
16.352 6.5476 -1.4994 40 19 0
16.304 6.6586 -1.4788 50 26 16
16.287 6.5882 -1.4686 50 29 2
16.296 6.6378 -1.5253 47 23 11
16.264 6.6355 -1.5098 54 30 18
16.315 6.7209 -1.4641 52 28 16
16.035 6.7628 -1.4736 65 45 21
16.025 6.7879 -1.4633 55 31 17
16.059 6.7933 -1.4734 59 43 10
16.023 6.7503 -1.4601 64 43 12
15.978 6.7288 -1.488 57 35 12
16.014 6.8106 -1.4542 51 34 16
15.967 6.7173 -1.4695 53 35 11
15.88 6.6865 -1.4636 48 26 5
15.919 6.7328 -1.4478 43 22 3
15.955 6.7373 -1.4922 53 32 11
15.847 6.7571 -1.4101 45 23 12
15.897 6.7787 -1.4353 49 23 9
15.837 6.7446 -1.4484 42 23 7
15.901 6.7478 -1.4509 47 28 0
15.858 6.6969 -1.4648 47 28 0
15.853 6.7287 -1.454 45 22 16
15.887 6.766 -1.4454 49 23 9
15.776 6.7451 -1.4412 43 22 1
15.862 6.8383 -1.4735 46 24 0
15.836 6.8427 -1.4822 42 22 0
15.832 6.7732 -1.4331 45 23 12
15.864 6.8408 -1.443 43 21 8
15.801 6.7377 -1.4972 35 27 4
15.838 6.8132 -1.4411 44 25 9
15.812 6.7843 -1.4353 40 17 9
15.726 6.7927 -1.4671 37 18 2
15.685 6.7503 -1.4771 37 19 0
15.73 6.7306 -1.4683 21 14 0
15.731 6.7659 -1.4507 38 14 0
15.72 6.8191 -1.4273 38 14 4
15.728 6.8264 -1.4483 39 20 6
15.716 6.814 -1.489 46 14 11
15.659 6.7239 -1.471 37 20 3
15.683 6.8439 -1.4285 37 12 7
15.667 6.859 -1.427 41 15 16
15.679 6.8722 -1.447 39 17 6
15.683 6.8744 -1.4677 26 9 2
15.637 6.7676 -1.4571 38 21 3
15.716 6.8767 -1.4552 30 10 11
15.677 6.8082 -1.4515 36 20 5
15.664 6.7624 -1.4491 37 19 0
15.72 6.8491 -1.4658 37 19 17
15.68 6.842 -1.4592 40 13 4
15.56 6.7874 -1.4455 32 17 0
15.566 6.8856 -1.4551 39 18 13
15.516 6.868 -1.4225 35 16 0
15.558 6.9058 -1.4197 32 12 5
15.58 6.9248 -1.4013 34 16 2
15.6 6.9445 -1.4389 34 9 4
15.58 6.9562 -1.443 34 18 5
15.515 6.8693 -1.4805 33 13 15
15.548 6.9531 -1.4249 32 14 4
15.368 6.8011 -1.4842 25 12 0
15.552 6.9585 -1.4497 35 22 4
15.453 6.8439 -1.4347 31 20 0
15.486 6.9296 -1.4612 38 22 9
15.447 6.866 -1.4474 34 12 0
15.489 6.8764 -1.4619 26 17 0
15.508 6.8905 -1.4178 36 10 9
15.534 6.9154 -1.4523 39 13 12
15.492 6.9068 -1.4444 37 20 3
15.41 6.8659 -1.4931 30 13 3
15.814 7.2582 -1.1024 22 12 3
15.835 7.2955 -1.0785 28 22 8
15.809 7.2741 -1.0765 30 21 16
15.831 7.2708 -1.0698 26 17 0
15.804 7.2903 -1.0708 37 36 34
15.799 7.285 -1.0548 28 21 15
15.836 7.3343 -1.058 49 33 7
15.833 7.3513 -1.0535 53 33 22
15.846 7.3593 -1.0233 54 38 13
15.829 7.3281 -1.0448 52 35 7
15.838 7.3329 -1.0181 50 34 9
15.794 7.2839 -1.0986 31 21 19
15.843 7.36 -1.0646 50 32 20
15.827 7.3446 -1.018 52 37 4
15.856 7.4057 -1.0383 62 39 8
15.854 7.4182 -0.99467 53 32 11
15.848 7.3984 -1.0254 53 38 19
15.847 7.4155 -1.0177 51 33 23
15.85 7.42 -1.0354 49 28 7
15.85 7.3789 -0.99362 53 36 6
15.855 7.3843 -1.01 53 34 18
15.855 7.4171 -0.97519 60 42 4
15.862 7.4035 -0.95944 55 36 4
15.854 7.3847 -1.029 55 36 20
15.853 7.3855 -1.0495 53 36 10
15.861 7.4059 -0.99726 53 34 27
15.855 7.416 -0.95786 51 34 14
15.861 7.4041 -0.9793 53 36 8
15.838 7.4608 -1.001 58 37 20
15.847 7.4272 -0.95465 53 36 8
15.847 7.4594 -0.92339 62 40 17
15.838 7.4588 -0.98261 61 40 21
15.841 7.4288 -1.0141 48 32 15
15.839 7.4294 -1.0344 55 35 10
15.843 7.4422 -0.95046 60 40 13
15.84 7.4566 -0.9445 63 40 22
15.843 7.4437 -0.96813 58 41 24
15.848 7.4504 -1.0007 61 40 21
15.844 7.4612 -0.96047 66 41 21
15.844 7.4273 -0.97545 54 34 9
15.848 7.4313 -0.9906 54 36 22
15.845 7.4467 -0.98584 60 37 31
15.817 7.4599 -0.97014 61 38 20
15.824 7.4631 -0.94789 63 40 22
15.799 7.4657 -0.97487 82 56 29
15.8 7.468 -0.99273 80 54 29
15.762 7.4618 -1.0097 84 55 21
15.823 7.4656 -0.98491 62 41 20
15.8 7.4623 -0.93864 81 56 26
15.815 7.4626 -1.0074 61 41 6
15.796 7.4675 -1.0128 81 54 19
15.755 7.4593 -1.032 82 55 22
15.799 7.4639 -0.95669 85 57 30
15.829 7.4647 -0.92825 60 38 17
