2992
-0.40931 0.32549 -0.64793 0.55381 12.041 2.38 -0.33308
10.928 6.4226 -0.11189 79 50 18
10.929 6.2725 -0.1131 77 48 24
10.917 6.2752 -0.14969 75 52 18
10.889 6.3323 -0.18203 71 50 23
11.007 6.1962 -0.20581 72 48 10
11.026 6.3624 -0.13774 81 53 22
11.052 6.4193 -0.14704 81 54 11
10.995 6.2813 -0.1693 78 53 21
11.05 6.3129 -0.10644 80 52 23
11.019 6.3869 -0.13644 81 53 22
11.025 6.3219 -0.17764 75 50 18
11.087 6.3225 -0.11447 83 54 20
11.09 6.2236 -0.19057 78 48 20
10.986 6.3581 -0.12692 79 51 22
11.173 6.2968 -0.13261 81 51 23
11.15 6.3506 -0.16895 79 51 22
11.107 6.3621 -0.15621 80 53 20
11.102 6.3344 -0.19457 75 49 8
11.172 6.2042 -0.21145 78 50 21
11.209 6.262 -0.18161 77 49 18
11.217 6.2789 -0.13975 79 54 22
11.127 6.3207 -0.12406 82 54 14
11.342 6.2863 -0.13547 70 48 9
11.292 6.2928 -0.16235 79 50 19
11.262 6.1954 -0.1929 77 52 20
11.302 6.2942 -0.12528 78 54 20
11.324 6.3296 -0.17234 80 52 21
11.276 6.3217 -0.1961 78 50 21
11.254 6.3374 -0.11521 79 51 20
11.258 6.2664 -0.15566 78 55 24
11.341 6.1874 -0.21199 77 49 10
11.309 6.2571 -0.12855 78 54 20
11.412 6.274 -0.1943 76 52 18
11.477 6.1683 -0.1727 81 53 24
11.367 6.3125 -0.18005 64 41 10
11.461 6.207 -0.20579 77 50 29
11.402 6.1638 -0.15055 65 41 7
11.424 6.2584 -0.15945 78 52 29
11.44 6.224 -0.12557 80 53 20
11.551 6.1701 -0.19171 76 52 26
11.481 6.2002 -0.13637 76 53 20
11.505 6.2326 -0.1754 69 48 19
11.516 6.2177 -0.14628 72 49 5
11.568 6.1095 -0.16097 76 55 26
11.506 6.1645 -0.21593 73 48 18
11.628 6.1503 -0.20948 76 51 21
11.596 6.1843 -0.16442 75 52 19
11.607 6.1666 -0.13161 78 54 18
11.663 6.1746 -0.21737 73 49 21
11.667 6.2112 -0.18258 70 49 20
11.643 6.1759 -0.14032 77 53 25
11.58 6.2427 -0.19676 75 52 18
11.631 6.1997 -0.17345 76 50 23
11.677 6.2012 -0.14885 77 53 27
11.784 6.1377 -0.21456 76 51 21
11.763 6.1553 -0.13599 75 51 25
11.72 6.1308 -0.16031 78 52 27
11.701 6.1665 -0.22373 75 52 21
11.755 6.1458 -0.1705 76 50 23
11.715 6.0994 -0.19756 63 39 13
11.75 6.1055 -0.20741 76 50 23
11.791 6.1496 -0.18094 73 51 27
11.799 6.1483 -0.14777 75 51 15
11.872 6.1381 -0.16202 74 50 14
11.919 5.6762 -0.22063 77 51 24
11.822 6.1094 -0.22426 73 47 22
11.824 6.2109 -0.18691 74 53 24
11.859 6.0959 -0.23413 72 48 14
11.864 6.1452 -0.19622 75 51 25
11.837 6.1251 -0.15637 72 51 20
11.925 6.5113 -0.20801 68 44 18
12.447 6.5152 -0.22855 88 64 26
12.386 6.6078 -0.16757 90 68 31
11.554 3.1781 -0.32543 75 55 31
11.558 3.2012 -0.32948 76 56 32
11.557 3.1879 -0.32749 76 54 31
11.558 3.1907 -0.3462 80 58 37
11.56 3.2149 -0.3043 76 59 33
11.561 3.2226 -0.34239 76 56 32
11.561 3.2126 -0.33169 75 52 36
11.562 3.2286 -0.30591 78 57 26
11.561 3.2347 -0.32507 77 57 30
11.567 3.2346 -0.33614 70 43 8
11.563 3.236 -0.34471 80 57 24
10.375 6.093 -0.40425 39 12 1
10.626 6.095 -0.30594 44 24 0
10.941 6.3542 -0.27843 74 50 16
10.91 6.3598 -0.23092 71 46 16
10.888 6.3518 -0.30479 74 49 27
10.914 6.3026 -0.26847 71 49 12
10.888 6.2157 -0.2972 44 25 9
11.031 6.4117 -0.21958 76 48 21
11.064 6.3529 -0.31162 79 50 18
11.035 6.3306 -0.42221 72 46 6
10.974 6.3812 -0.28774 73 49 13
11.057 6.1807 -0.33311 74 48 21
11.039 6.2501 -0.33353 74 48 21
11.005 6.3127 -0.24958 82 54 17
11.038 6.3404 -0.25981 76 50 10
11 6.3534 -0.37488 71 45 22
11.05 6.32 -0.38203 75 47 18
11.016 6.3109 -0.21402 75 49 22
11.087 6.2882 -0.43037 72 46 19
11.014 6.2554 -0.41015 71 44 11
10.998 6.2528 -0.32654 73 47 24
11.088 6.2132 -0.34084 76 47 25
11.149 6.169 -0.32136 73 46 27
11.188 6.2141 -0.29341 74 51 10
11.167 6.2268 -0.21114 78 50 21
11.118 6.2054 -0.39146 76 47 15
11.167 6.355 -0.25201 72 48 20
11.136 6.3139 -0.24552 78 51 18
11.151 6.2816 -0.36686 72 48 10
11.118 6.3466 -0.28313 77 51 11
11.181 6.2002 -0.33012 76 47 25
11.189 6.3085 -0.21562 77 51 26
11.123 6.3555 -0.40503 72 45 24
11.201 6.3357 -0.29943 75 48 13
11.184 6.3675 -0.33727 77 51 24
11.177 6.3484 -0.376 76 48 19
11.101 6.2941 -0.23236 76 52 18
11.179 6.2909 -0.41142 70 45 13
11.131 6.1995 -0.35532 73 46 13
11.253 6.2804 -0.30867 75 49 26
11.286 6.2634 -0.35544 72 47 17
11.338 6.1495 -0.24893 76 51 7
11.239 6.2579 -0.22784 78 50 19
11.388 5.9759 -0.32885 73 47 20
11.216 6.3072 -0.42104 70 46 12
11.34 6.1819 -0.36578 70 46 20
11.332 6.1778 -0.24891 76 51 7
11.344 6.1631 -0.36507 70 46 20
11.254 6.2236 -0.34522 74 51 20
11.224 6.3163 -0.38485 73 46 3
11.27 6.3963 -0.31899 76 49 16
11.276 6.2617 -0.39256 72 48 14
11.314 6.2694 -0.40319 74 48 21
11.26 6.2949 -0.27386 75 49 22
11.302 6.2857 -0.28129 76 50 27
11.228 6.2601 -0.26246 77 50 15
11.268 6.3077 -0.23668 78 51 16
11.263 6.2728 -0.4308 74 49 19
11.375 6.3187 -0.30151 60 39 12
11.429 6.1711 -0.34698 73 50 19
11.459 6.229 -0.35684 69 44 21
11.433 6.331 -0.3978 70 45 13
11.402 6.279 -0.38559 67 46 17
11.354 6.3297 -0.21743 65 42 8
11.404 6.2054 -0.26765 68 46 9
11.402 6.2147 -0.42146 55 35 8
11.443 6.2666 -0.23819 72 48 12
11.348 6.3022 -0.41336 71 47 13
11.427 6.3036 -0.27454 76 49 12
11.42 6.2841 -0.31264 71 47 21
11.37 6.289 -0.33859 61 43 21
11.404 6.266 -0.22982 76 48 19
11.432 6.2723 -0.43107 62 42 7
11.353 6.2776 -0.25668 63 40 0
11.341 6.286 -0.29347 76 50 23
11.369 6.2382 -0.37574 69 43 18
11.577 6.195 -0.23263 77 49 20
11.543 6.1622 -0.22749 69 45 19
11.544 6.171 -0.37681 59 42 16
11.584 6.1526 -0.38546 71 49 12
11.568 6.1896 -0.26944 77 52 4
11.514 6.2437 -0.29508 65 44 15
11.565 6.1464 -0.30575 73 48 25
11.495 6.3086 -0.33183 69 42 25
11.55 6.1208 -0.37563 59 42 16
11.477 6.2949 -0.24998 69 43 18
11.465 6.2514 -0.32034 71 46 24
11.52 6.2763 -0.41564 65 41 3
11.552 6.172 -0.34154 68 47 20
11.499 6.2126 -0.36766 63 41 20
11.478 6.2944 -0.40622 69 43 16
11.577 6.1954 -0.23263 77 49 20
11.577 6.1314 -0.42057 70 45 22
11.482 6.1995 -0.28414 70 45 13
11.524 6.2403 -0.2598 69 43 3
11.694 6.1762 -0.4154 67 44 13
11.655 6.1606 -0.25631 71 48 17
11.619 6.1499 -0.24518 73 51 14
11.623 6.1416 -0.39224 70 45 22
11.654 6.2046 -0.4071 71 43 14
11.611 6.1651 -0.4287 68 43 11
11.692 6.1631 -0.26511 75 48 5
11.681 6.1913 -0.29793 72 46 21
11.636 6.1772 -0.32395 72 47 24
11.645 6.1784 -0.28937 73 46 13
11.652 6.1307 -0.44115 71 46 23
11.595 6.1362 -0.349 72 48 22
11.655 6.3704 -0.33297 71 46 23
11.65 6.3278 -0.37148 70 46 20
11.613 6.1303 -0.27851 75 48 13
11.626 6.189 -0.35636 73 47 24
11.603 6.1416 -0.31544 71 47 19
11.777 6.1313 -0.24877 70 48 9
11.767 6.2002 -0.43433 69 44 12
11.737 6.1661 -0.23643 73 49 21
11.756 6.1894 -0.31687 71 49 10
11.782 6.1189 -0.3963 71 46 14
11.703 6.175 -0.38171 67 41 16
11.804 6.152 -0.29204 74 50 12
11.768 6.1391 -0.28141 74 48 23
11.747 6.1911 -0.35365 69 47 23
11.81 6.129 -0.4401 71 47 13
11.72 6.1693 -0.30707 72 46 21
11.711 6.1836 -0.34537 71 46 23
11.743 6.1442 -0.38827 73 45 6
11.798 6.1111 -0.32761 71 50 19
11.728 6.18 -0.27091 70 45 13
11.736 6.126 -0.42352 69 44 22
11.792 6.0892 -0.36161 72 46 19
11.898 6.0094 -0.2457 73 47 22
11.892 6.1051 -0.42389 67 43 5
11.825 6.1446 -0.37093 72 46 19
11.869 6.1593 -0.3462 72 47 17
11.85 6.1255 -0.26734 73 46 1
11.862 6.1246 -0.38136 70 49 18
11.818 6.1278 -0.40632 71 44 11
11.901 6.2743 -0.35532 70 45 23
11.816 6.1561 -0.40735 71 44 11
11.855 6.1248 -0.41415 69 44 12
11.902 6.0504 -0.3882 71 46 16
11.885 6.1484 -0.27471 71 46 14
11.812 6.1437 -0.25803 77 48 14
11.841 6.1405 -0.29887 74 47 12
11.832 6.1525 -0.33579 72 46 21
11.876 6.1616 -0.31084 70 43 24
11.954 6.26 -0.29672 63 41 2
11.996 6.4463 -0.27051 63 44 4
11.97 6.1858 -0.41165 60 40 13
11.916 6.2766 -0.28353 73 47 7
11.943 6.1064 -0.36073 67 45 8
11.962 6.2344 -0.26251 59 38 11
11.958 6.3507 -0.45325 57 37 10
11.931 6.2564 -0.40614 66 45 14
11.917 6.2451 -0.28517 73 47 7
11.929 6.1485 -0.24962 70 46 8
11.92 6.3424 -0.43831 67 45 8
11.946 6.2657 -0.33148 63 39 13
12.383 6.4392 -0.32885 90 65 35
13.161 6.4199 -0.38434 64 34 16
13.174 6.6393 -0.45482 63 36 0
13.163 6.5759 -0.41372 62 34 5
13.208 6.6451 -0.50151 61 31 17
13.204 6.5935 -0.42245 62 32 4
13.229 6.704 -0.46699 62 37 7
13.226 6.6931 -0.46633 62 37 7
13.191 6.6659 -0.38023 60 35 5
13.201 6.6823 -0.33721 61 34 13
13.14 6.5272 -0.48709 63 33 7
12.974 4.9965 -0.41392 61 27 2
12.951 4.9393 -0.43667 61 34 23
11.551 3.1507 -0.37371 76 54 30
11.551 3.1457 -0.38183 76 56 29
11.55 3.139 -0.37127 76 56 29
11.548 3.1314 -0.38672 77 56 37
11.548 3.1366 -0.37906 79 59 22
11.551 3.1539 -0.39267 77 56 27
11.552 3.1574 -0.38442 79 53 30
11.554 3.1662 -0.36834 77 55 34
11.555 3.1681 -0.38721 77 58 26
11.557 3.1868 -0.35444 78 56 33
11.558 3.1887 -0.3735 79 55 29
11.556 3.1684 -0.36013 74 56 32
11.558 3.1832 -0.38174 78 56 35
11.554 3.1762 -0.35211 79 57 36
11.556 3.1831 -0.36271 77 56 25
11.554 3.1634 -0.39515 79 57 34
11.556 3.1716 -0.37906 80 55 35
11.555 3.1785 -0.37101 75 56 26
11.556 3.1811 -0.39014 78 56 33
11.565 3.2255 -0.35324 79 58 39
11.561 3.2032 -0.39596 79 57 36
11.565 3.2208 -0.36194 78 56 32
11.563 3.2056 -0.38736 81 59 35
11.56 3.2058 -0.36797 77 57 23
11.566 3.2131 -0.37032 79 54 32
11.559 3.198 -0.35687 79 57 33
11.564 3.2136 -0.39904 77 58 28
11.56 3.2027 -0.34853 79 59 35
11.561 3.2162 -0.3509 80 59 30
11.563 3.211 -0.37904 76 56 29
11.559 3.1926 -0.36521 78 57 26
11.559 3.1913 -0.39281 81 60 29
11.563 3.2075 -0.35927 81 58 25
11.561 3.1931 -0.3846 80 60 26
11.57 3.2345 -0.35616 70 42 28
11.563 3.2335 -0.37356 79 59 24
11.565 3.2245 -0.38184 76 56 29
11.569 3.2339 -0.38456 76 53 22
11.565 3.2362 -0.36453 80 56 30
11.566 3.2333 -0.39388 81 58 24
11.565 3.2186 -0.39058 80 60 26
10.207 6.0729 -0.52858 27 14 0
10.917 6.2902 -0.55557 67 41 27
11.029 6.31 -0.45962 70 47 14
11.049 6.3034 -0.54766 69 43 16
11.072 6.2818 -0.63642 68 46 7
11.022 6.2944 -0.49746 68 45 4
11.03 6.288 -0.62662 67 43 15
11.067 6.3217 -0.47224 68 44 18
11.136 6.235 -0.59996 71 48 15
11.12 6.2753 -0.4772 70 46 18
11.099 6.3129 -0.51982 69 45 7
11.168 6.2403 -0.4888 69 44 14
11.191 6.2681 -0.53605 68 42 15
11.078 6.3063 -0.59802 71 47 21
11.21 6.2341 -0.49484 67 42 19
11.174 6.2626 -0.44988 71 49 12
11.165 6.3346 -0.58295 69 48 21
11.126 6.3288 -0.56658 68 43 21
11.136 6.2507 -0.44014 72 50 13
11.136 6.1908 -0.63633 69 44 21
11.15 6.2697 -0.52584 69 43 16
11.166 6.2325 -0.65284 69 45 19
11.18 6.2217 -0.60877 68 44 16
11.305 6.2068 -0.47525 72 48 14
11.311 6.2222 -0.59913 70 47 3
11.305 6.3099 -0.56249 65 46 14
11.248 6.3373 -0.59658 71 45 20
11.249 6.288 -0.4683 71 45 20
11.245 6.2587 -0.50641 68 45 12
11.235 6.254 -0.54286 69 44 21
11.205 6.2917 -0.62444 68 44 16
11.361 6.1171 -0.48172 70 46 20
11.316 6.2064 -0.43971 72 48 22
11.289 6.2802 -0.64383 69 45 9
11.288 6.2426 -0.51477 67 44 13
11.328 6.2412 -0.52593 71 45 4
11.25 6.273 -0.63275 70 47 16
11.271 6.2744 -0.55641 68 44 6
11.211 6.2778 -0.4581 70 45 13
11.23 6.2253 -0.58239 69 47 10
11.368 6.2426 -0.53426 66 45 18
11.374 6.2633 -0.49821 61 39 16
11.426 6.2522 -0.46909 67 46 19
11.433 6.2695 -0.59499 69 45 19
11.447 6.2446 -0.55299 66 42 14
11.33 6.3431 -0.45383 72 46 23
11.344 6.2036 -0.64347 69 45 17
11.385 6.2537 -0.62145 57 36 7
11.42 6.2874 -0.6346 68 43 11
11.405 6.259 -0.54425 59 38 7
11.343 6.3219 -0.57639 68 45 11
11.344 6.2596 -0.61303 69 44 14
11.406 6.3128 -0.50935 66 46 21
11.388 6.2963 -0.58726 59 38 7
11.384 6.2655 -0.45956 60 35 12
11.38 6.2227 -0.65706 58 37 6
11.564 6.1665 -0.45724 72 47 25
11.571 6.1981 -0.58017 67 45 21
11.531 6.2088 -0.56822 62 42 17
11.477 6.2388 -0.44079 70 45 22
11.522 6.1986 -0.60709 58 40 16
11.471 6.2138 -0.63879 68 45 11
11.498 6.2327 -0.52393 65 41 15
11.471 6.2146 -0.47545 68 45 14
11.558 6.0752 -0.52674 58 37 6
11.559 6.2178 -0.61707 68 47 18
11.515 6.1773 -0.48523 65 44 15
11.548 6.2207 -0.49547 67 45 21
11.493 6.1994 -0.55992 67 43 17
11.459 6.2265 -0.51594 67 42 10
11.522 6.1948 -0.44965 67 43 15
11.557 6.158 -0.65028 67 46 17
11.47 6.2883 -0.60349 64 44 9
11.501 6.2807 -0.65215 66 43 12
11.645 6.1391 -0.63284 67 46 17
11.607 6.1382 -0.62108 71 49 25
11.647 6.1079 -0.46991 71 44 23
11.623 6.1552 -0.54935 69 44 12
11.689 6.0566 -0.48198 71 46 26
11.584 6.1635 -0.53916 66 43 10
11.635 6.1334 -0.51049 69 46 15
11.673 6.1231 -0.52045 69 44 21
11.687 6.1953 -0.60812 66 44 20
11.647 6.2041 -0.59949 67 47 10
11.606 6.1344 -0.4639 68 47 4
11.693 6.1001 -0.44893 73 47 20
11.68 6.1788 -0.64404 68 44 18
11.611 6.1878 -0.586 67 48 16
11.658 6.1875 -0.55994 71 47 19
11.598 6.1291 -0.50013 70 46 8
11.768 6.1347 -0.62178 69 46 13
11.732 6.077 -0.45815 71 45 22
11.803 6.1088 -0.47514 70 45 13
11.807 6.1126 -0.63195 63 41 17
11.74 6.123 -0.57312 65 42 9
11.702 6.1257 -0.56568 66 44 23
11.792 6.1533 -0.51431 69 45 17
11.728 6.1627 -0.61467 69 46 13
11.747 6.1452 -0.53975 68 43 11
11.763 6.1543 -0.468 68 47 20
11.781 6.0657 -0.58115 65 44 15
11.768 6.029 -0.64945 66 42 14
11.76 6.0775 -0.49908 68 45 12
11.716 6.1555 -0.49682 68 45 14
11.72 6.1562 -0.65013 69 45 19
11.708 6.1516 -0.53183 69 41 12
11.787 6.1052 -0.54756 69 46 12
11.883 6.1414 -0.46131 69 44 14
11.879 6.152 -0.65215 63 37 12
11.887 6.1707 -0.61615 65 39 12
11.813 6.1435 -0.59558 67 44 13
11.84 6.0959 -0.48519 71 43 14
11.915 6.044 -0.49897 69 45 17
11.843 6.1875 -0.4524 70 44 21
11.861 6.0956 -0.56398 68 45 1
11.863 6.2102 -0.53565 68 41 6
11.914 5.8666 -0.52409 65 40 17
11.898 6.0933 -0.57263 68 42 15
11.874 6.147 -0.49583 67 43 15
11.921 6.021 -0.64908 63 41 17
11.846 6.0821 -0.63454 69 45 19
11.832 6.1087 -0.52078 69 44 14
11.827 6.051 -0.55307 68 44 10
11.854 6.0779 -0.60064 69 42 5
11.928 6.2853 -0.59583 69 40 16
12.012 6.3532 -0.58171 63 39 11
11.91 6.4182 -0.47904 67 46 19
11.909 6.451 -0.47995 67 46 19
11.918 6.3839 -0.63681 70 45 15
12.456 6.4995 -0.62097 81 61 27
12.397 6.5529 -0.53016 88 64 28
12.905 6.6094 -0.66445 73 53 16
12.925 6.5535 -0.70767 84 61 30
12.945 6.6176 -0.67137 77 57 32
13.029 6.657 -0.6981 84 61 30
13.148 6.6725 -0.72626 82 57 27
13.107 6.6198 -0.63714 63 41 18
13.104 6.6518 -0.71893 84 60 26
13.157 6.6895 -0.68663 86 58 29
13.068 6.6365 -0.66518 83 63 26
13.067 6.6544 -0.7093 87 62 30
13.141 6.6085 -0.6424 73 53 19
13.108 6.6469 -0.67536 85 62 31
13.129 6.2594 -0.56419 68 47 20
13.208 6.5787 -0.66324 81 62 20
13.197 6.6231 -0.53925 63 37 14
13.231 6.5279 -0.66479 84 58 31
13.204 6.5467 -0.61937 59 42 16
13.255 6.6302 -0.71423 83 59 25
13.177 6.7088 -0.57435 69 46 4
13.173 6.607 -0.6931 84 58 31
13.19 6.6313 -0.61749 64 44 7
13.231 6.6785 -0.70854 83 60 29
13.209 6.6849 -0.58182 69 48 21
13.171 6.6647 -0.53121 61 35 8
13.161 6.5799 -0.72916 82 58 22
13.254 6.5928 -0.63178 66 43 12
13.316 6.5825 -0.7261 83 59 31
13.332 6.6066 -0.65286 83 60 29
13.343 6.5206 -0.652 84 59 36
13.28 6.5716 -0.67837 83 60 27
13.361 6.5959 -0.69992 81 58 24
13.27 6.5214 -0.63967 82 58 24
13.297 6.6461 -0.72371 83 59 23
13.322 6.5903 -0.6916 85 61 25
13.378 6.5321 -0.70433 81 57 31
13.421 6.5521 -0.71177 81 58 25
13.403 6.5951 -0.66844 83 59 25
13.402 6.5797 -0.62926 82 58 24
13.465 6.5745 -0.72593 80 58 21
13.412 6.5114 -0.67186 83 60 26
13.421 6.5263 -0.63592 82 57 27
13.372 6.6016 -0.62301 70 51 19
13.475 6.5898 -0.69059 82 58 22
13.542 6.5495 -0.62828 83 60 26
13.563 6.527 -0.71208 83 60 16
13.553 6.592 -0.67232 80 60 26
13.472 6.4533 -0.61459 80 60 26
13.487 6.5075 -0.65347 82 59 26
13.461 6.536 -0.64712 84 59 36
13.492 6.5457 -0.73192 82 59 25
13.549 6.5909 -0.70894 82 62 27
13.477 6.4904 -0.68758 84 61 30
11.547 3.1183 -0.41001 74 54 19
11.546 3.1174 -0.43647 75 55 28
11.548 3.1221 -0.40218 74 54 20
11.55 3.1325 -0.40502 79 55 29
11.551 3.138 -0.41596 77 55 31
11.551 3.1341 -0.42385 73 54 37
11.548 3.1194 -0.42852 77 55 31
11.55 3.1371 -0.39724 76 58 20
11.552 3.1452 -0.42724 78 56 33
11.551 3.1434 -0.40816 78 56 35
11.552 3.1471 -0.4003 75 56 26
11.548 3.1292 -0.41303 74 54 27
11.549 3.1261 -0.43956 74 53 26
11.55 3.1297 -0.43171 79 55 27
11.547 3.1258 -0.42089 75 57 35
11.551 3.1416 -0.43528 75 55 31
11.548 3.1266 -0.39455 77 55 31
11.556 3.1695 -0.40631 77 57 22
11.558 3.1731 -0.4457 76 55 26
11.555 3.1694 -0.43431 79 58 29
11.555 3.155 -0.43055 78 58 34
11.553 3.1548 -0.41129 75 56 26
11.557 3.1721 -0.42595 78 58 33
11.557 3.1742 -0.39804 78 56 35
11.554 3.1503 -0.43842 75 54 33
11.553 3.1495 -0.41925 76 53 35
11.556 3.1624 -0.44203 73 57 24
11.558 3.1813 -0.40938 79 56 23
11.555 3.1664 -0.41452 75 53 32
11.554 3.1614 -0.42272 79 59 34
11.558 3.1761 -0.4176 76 54 31
11.554 3.158 -0.40339 77 56 27
11.563 3.2079 -0.43655 77 56 37
11.563 3.2097 -0.40743 79 57 33
11.561 3.1904 -0.44119 77 55 31
11.563 3.2042 -0.41591 76 54 30
11.558 3.19 -0.42124 76 54 31
11.559 3.1847 -0.40098 76 57 23
11.559 3.1831 -0.42939 79 57 34
11.561 3.1918 -0.41253 78 53 30
11.564 3.2008 -0.44472 78 57 38
11.562 3.2003 -0.42428 78 56 35
11.561 3.1951 -0.43287 75 57 35
11.563 3.1941 -0.40381 76 54 31
11.559 3.177 -0.4373 79 57 33
11.565 3.2143 -0.44838 78 58 31
11.578 3.2282 -0.42622 73 52 25
11.567 3.2242 -0.43149 80 59 32
11.564 3.2299 -0.40241 78 56 33
11.567 3.2295 -0.4228 78 58 23
11.567 3.2284 -0.45271 80 55 33
11.564 3.2124 -0.42777 77 55 31
11.566 3.2206 -0.4109 76 55 28
11.568 3.2327 -0.44391 79 60 30
11.567 3.2355 -0.41415 81 57 31
11.566 3.2196 -0.43997 78 58 31
11.566 3.2149 -0.41923 78 57 30
11.572 3.2323 -0.43436 79 59 34
11.576 3.2263 -0.40439 72 51 30
10.83 6.2367 -0.74132 34 15 0
11.057 6.2962 -0.68093 67 44 13
11.082 6.2254 -0.79645 63 42 15
11.135 6.2704 -0.73627 64 40 14
11.171 6.2968 -0.74416 65 42 1
11.146 6.2734 -0.68946 70 42 15
11.208 6.2269 -0.65898 69 45 19
11.188 6.2553 -0.87093 64 40 6
11.123 6.2714 -0.7736 65 44 17
11.186 6.2778 -0.70358 67 44 11
11.304 6.153 -0.66958 64 43 12
11.259 6.2163 -0.79419 64 42 18
11.269 6.2601 -0.8905 63 39 11
11.223 6.243 -0.74909 66 42 4
11.306 6.2407 -0.76533 66 42 4
11.234 6.2315 -0.88089 62 41 12
11.243 6.2417 -0.83701 61 42 12
11.299 6.1774 -0.67193 64 43 12
11.325 6.2504 -0.68802 63 42 13
11.307 6.2872 -0.73214 65 42 9
11.314 6.2432 -0.89499 66 42 4
11.269 6.2202 -0.75601 66 43 12
11.275 6.242 -0.71642 67 43 5
11.238 6.2783 -0.67249 66 41 19
11.243 6.1028 -0.77158 67 44 13
11.199 6.2557 -0.83253 66 42 8
11.314 6.145 -0.79463 63 43 16
11.402 6.2694 -0.71219 55 33 9
11.422 6.214 -0.66694 59 36 3
11.363 6.2056 -0.73099 67 41 14
11.451 6.1542 -0.74433 60 43 17
11.357 6.2963 -0.70183 67 42 12
11.362 6.1557 -0.76827 66 42 14
11.426 6.2462 -0.79672 60 43 17
11.322 6.2562 -0.85748 62 37 14
11.449 6.2323 -0.71617 63 42 13
11.39 6.2834 -0.7516 53 31 7
11.367 6.2944 -0.8328 66 43 9
11.419 6.2293 -0.66844 59 36 3
11.397 6.1809 -0.78022 57 34 0
11.407 6.2372 -0.8755 58 34 8
11.361 6.2665 -0.86923 64 39 16
11.42 6.2198 -0.83378 60 38 14
11.338 6.227 -0.8144 61 40 13
11.555 6.0997 -0.68403 59 39 5
11.557 6.2418 -0.78533 65 42 9
11.557 6.168 -0.81695 60 36 8
11.497 6.248 -0.85604 60 38 14
11.479 6.2287 -0.76494 61 41 4
11.482 6.2779 -0.73171 65 39 14
11.475 6.1234 -0.66719 65 44 17
11.472 6.2095 -0.79998 60 41 11
11.508 6.2403 -0.81479 59 38 17
11.574 6.1858 -0.73971 63 44 12
11.549 6.1575 -0.85071 57 38 6
11.504 6.1947 -0.68117 61 39 18
11.539 6.1489 -0.72713 60 40 5
11.495 6.1926 -0.88652 65 40 17
11.524 6.1905 -0.76917 58 39 7
11.445 6.2535 -0.88684 64 40 12
11.45 6.2895 -0.84948 63 40 7
11.621 6.1186 -0.74213 64 40 12
11.693 6.16 -0.76445 63 38 15
11.635 6.1704 -0.83476 62 40 17
11.669 6.1109 -0.71221 65 42 11
11.685 6.1563 -0.80075 62 40 17
11.63 6.1142 -0.70345 63 43 8
11.672 6.165 -0.67846 65 46 16
11.592 6.1917 -0.6635 67 48 18
11.587 6.1526 -0.69932 65 43 19
11.635 6.1546 -0.66909 66 46 11
11.588 6.1617 -0.86273 57 40 14
11.629 6.1474 -0.86767 62 39 5
11.597 6.1607 -0.82393 62 41 12
11.617 6.0716 -0.77346 65 45 20
11.645 6.1613 -0.79443 62 45 19
11.656 6.1498 -0.75464 62 37 14
11.668 6.1441 -0.87766 64 41 10
11.682 6.096 -0.83201 58 38 13
11.744 6.1202 -0.73235 60 39 8
11.766 6.1026 -0.81381 62 38 10
11.715 6.1122 -0.68463 65 43 6
11.735 6.1201 -0.77227 62 42 5
11.788 6.1507 -0.70677 64 41 8
11.693 6.1613 -0.76448 63 38 15
11.772 6.2471 -0.7556 63 41 2
11.812 6.0972 -0.78472 62 43 13
11.777 6.0697 -0.77298 62 41 14
11.753 6.1522 -0.86028 59 38 11
11.752 6.1205 -0.6933 63 43 6
11.8 6.1464 -0.83054 61 40 13
11.722 6.0688 -0.83996 61 38 7
11.724 6.1442 -0.80936 61 40 19
11.795 6.1082 -0.8624 63 41 2
11.797 6.1429 -0.66883 64 44 7
11.701 6.1725 -0.72943 65 39 12
11.879 6.0978 -0.84049 63 39 13
11.894 6.1257 -0.76993 61 38 7
11.858 6.0906 -0.75529 64 39 19
11.917 5.9474 -0.67684 62 37 14
11.863 6.1571 -0.72494 65 41 3
11.882 6.2114 -0.81895 58 39 7
11.838 6.0736 -0.67167 67 41 14
11.923 5.9177 -0.82262 62 38 10
11.821 6.092 -0.74573 64 41 8
11.903 6.0861 -0.72807 63 40 7
11.873 6.1248 -0.68403 65 42 11
11.836 6.0559 -0.86202 63 38 6
11.85 6.089 -0.79287 61 39 15
11.842 6.0787 -0.82872 61 36 14
11.925 5.8588 -0.81439 62 38 10
11.827 6.1258 -0.71249 64 40 12
11.844 6.0529 -0.82521 61 36 14
11.947 6.346 -0.89364 57 38 8
11.927 6.2741 -0.79622 64 40 12
11.947 6.3558 -0.89606 57 38 8
11.982 6.2179 -0.72263 60 39 8
11.933 6.3193 -0.7618 64 41 8
12.839 6.5843 -0.80941 85 57 30
12.993 6.5899 -0.84754 83 62 33
13.052 6.541 -0.90052 84 60 26
12.967 6.6229 -0.80135 83 58 14
13.037 6.5931 -0.82051 85 61 25
13.053 6.6395 -0.78726 83 59 23
12.989 6.549 -0.80218 86 61 31
13.167 6.6191 -0.76891 83 58 28
13.171 6.6559 -0.81433 82 59 18
13.077 6.5596 -0.74553 83 60 26
13.139 6.5901 -0.92689 82 61 18
13.1 6.545 -0.83229 84 60 34
13.163 6.6428 -0.85532 82 59 25
13.094 6.5817 -0.95885 81 57 31
13.136 6.6474 -0.76451 83 58 26
13.284 6.6347 -0.80308 80 58 21
13.25 6.6647 -0.83519 85 61 35
13.236 6.6323 -0.87418 84 61 28
13.241 6.5986 -0.75144 82 57 27
13.269 6.5993 -0.83547 83 63 29
13.257 6.5735 -0.8745 82 58 30
13.26 6.6005 -0.91856 80 56 18
13.214 6.5688 -0.90361 83 59 23
13.222 6.616 -0.94944 82 60 23
13.199 6.6151 -0.81941 83 58 26
13.196 6.6241 -0.86182 85 59 34
13.249 6.6422 -0.79331 82 59 28
13.356 6.5921 -0.73827 82 56 31
13.383 6.6318 -0.94916 83 56 23
13.36 6.6203 -0.7814 81 58 24
13.364 6.5294 -0.81758 82 61 34
13.335 6.5841 -0.89474 80 57 23
13.342 6.5933 -0.8562 80 61 19
13.378 6.6928 -0.82982 81 59 22
13.309 6.6237 -0.8917 81 59 22
13.303 6.5546 -0.76367 81 57 21
13.383 6.6045 -0.86681 83 59 31
13.335 6.6767 -0.81648 80 60 23
13.381 6.6106 -0.90828 82 58 24
13.282 6.6113 -0.7599 81 59 22
13.301 6.6768 -0.76706 81 59 22
13.354 6.6599 -0.94553 80 57 26
13.299 6.6197 -0.96867 83 54 30
13.298 6.5703 -0.84364 82 59 26
13.445 6.552 -0.84021 80 59 32
13.452 6.587 -0.88169 81 56 24
13.475 6.5558 -0.92853 79 57 20
13.463 6.6306 -0.92891 80 57 24
13.388 6.5181 -0.90251 81 55 30
13.417 6.5795 -0.8348 79 57 33
13.409 6.5667 -0.87235 83 60 16
13.415 6.5468 -0.75184 82 56 31
13.473 6.5373 -0.88672 81 56 24
13.37 6.5345 -0.78091 80 56 30
13.437 6.6273 -0.79989 81 59 10
13.435 6.5617 -0.95619 81 57 23
13.42 6.4519 -0.75099 86 59 24
13.483 6.5794 -0.9312 79 57 20
13.441 6.5264 -0.79788 80 58 21
13.357 6.4793 -0.73681 81 57 29
13.403 6.5751 -0.94989 84 57 24
13.547 6.528 -0.86339 81 58 24
13.53 6.5948 -0.90359 81 58 25
13.549 6.5127 -0.78612 83 61 14
13.511 6.626 -0.82015 83 59 31
13.58 6.6085 -0.83559 81 58 25
13.493 6.586 -0.85554 82 58 30
13.525 6.5366 -0.74342 83 59 33
13.56 6.5749 -0.90806 81 60 17
13.513 6.5138 -0.7767 81 59 20
13.556 6.5763 -0.94845 81 56 24
13.504 6.509 -0.85282 82 56 33
13.515 6.565 -0.93816 80 57 26
13.568 6.5518 -0.75432 82 57 25
13.601 6.5968 -0.96122 81 58 27
13.52 6.5427 -0.81789 84 60 24
13.505 6.5964 -0.77879 83 59 25
13.61 6.6095 -0.92283 81 58 14
13.574 6.5019 -0.86861 80 60 26
11.548 3.1024 -0.47735 71 52 22
11.548 3.11 -0.44349 75 53 29
11.547 3.1095 -0.47034 75 52 18
11.552 3.1346 -0.44286 76 55 28
11.548 3.121 -0.47445 75 55 31
11.548 3.1227 -0.44755 75 54 27
11.551 3.14 -0.46268 80 57 26
11.549 3.1164 -0.45497 75 55 30
11.552 3.1247 -0.45812 75 57 33
11.549 3.1135 -0.48143 75 55 20
11.547 3.1134 -0.46284 73 55 33
11.552 3.1326 -0.46992 74 55 25
11.551 3.132 -0.45074 73 53 26
11.55 3.1253 -0.48569 73 54 24
11.55 3.1306 -0.47824 76 55 34
11.55 3.1227 -0.46637 74 56 34
11.557 3.1694 -0.45385 75 55 21
11.555 3.1508 -0.48591 75 53 32
11.553 3.1406 -0.48216 76 55 28
11.555 3.1477 -0.46607 77 56 35
11.552 3.1357 -0.48997 76 57 23
11.555 3.1529 -0.45804 76 56 22
11.555 3.1581 -0.45012 75 55 31
11.553 3.1425 -0.45427 77 55 34
11.557 3.1619 -0.49036 75 55 30
11.554 3.146 -0.44621 78 54 28
11.558 3.163 -0.46172 74 55 25
11.555 3.1571 -0.47845 74 53 32
11.555 3.1462 -0.49413 77 55 34
11.555 3.1425 -0.47376 74 53 32
11.557 3.1591 -0.47009 75 59 26
11.563 3.1911 -0.46124 78 55 24
11.559 3.1866 -0.44965 74 57 29
11.558 3.1713 -0.47419 77 57 33
11.564 3.1875 -0.49028 78 56 35
11.561 3.1881 -0.46995 80 58 34
11.562 3.1955 -0.48263 78 61 33
11.56 3.1786 -0.48653 78 52 27
11.56 3.184 -0.47843 76 59 33
11.559 3.1738 -0.49463 77 55 31
11.558 3.1774 -0.46612 79 59 32
11.561 3.186 -0.49917 77 55 31
11.558 3.166 -0.48224 74 54 30
11.564 3.199 -0.47384 79 57 34
11.563 3.1966 -0.45317 77 57 23
11.56 3.1806 -0.4578 76 56 31
11.568 3.2131 -0.49968 75 54 25
11.564 3.215 -0.47882 78 58 33
11.565 3.209 -0.45714 78 57 30
11.565 3.2072 -0.48682 81 57 31
11.569 3.2297 -0.47409 81 57 31
11.571 3.2329 -0.46493 74 55 25
11.564 3.1967 -0.50353 77 56 29
11.569 3.2171 -0.49071 79 54 31
11.568 3.2199 -0.46085 76 55 34
11.566 3.2172 -0.46969 77 57 30
11.571 3.2253 -0.504 78 54 28
11.566 3.1998 -0.49461 75 57 33
11.566 3.2012 -0.46508 76 56 29
11.567 3.2261 -0.48274 78 58 33
11.574 3.2317 -0.48571 79 59 35
11.584 3.2192 -0.5045 75 54 27
11.568 3.2356 -0.49651 76 55 28
11.132 6.2168 -0.93594 58 39 7
11.149 6.2268 -1.0324 56 35 8
11.172 6.2254 -0.94803 58 36 13
11.338 6.1082 -1.0435 56 35 4
11.223 6.229 -0.91765 59 41 5
11.305 6.2237 -1.107 56 37 7
11.245 6.2174 -1.0056 58 37 8
11.305 6.2321 -0.93654 61 41 17
11.413 5.9655 -0.98709 59 38 7
11.393 6.1992 -0.95214 59 40 6
11.376 6.1204 -1.0572 54 35 5
11.425 6.1281 -1.0264 51 31 6
11.404 6.1873 -1.08 57 34 18
11.35 6.2091 -0.94189 61 38 7
11.433 6.2655 -0.9294 63 40 9
11.411 6.2714 -1.0109 50 31 17
11.427 6.2376 -0.96835 57 38 8
11.375 6.1284 -0.88993 64 41 10
11.344 6.2394 -1.1191 58 37 8
11.402 6.2042 -0.91406 56 35 4
11.338 6.2219 -0.98303 57 39 17
11.568 6.1673 -0.94134 58 36 12
11.478 6.1706 -0.96275 65 42 9
11.558 6.1662 -0.98472 57 36 15
11.51 6.2257 -0.98224 61 38 7
11.525 6.1906 -0.93517 57 37 13
11.435 6.2481 -1.1002 57 37 10
11.483 6.2069 -0.93106 61 39 16
11.485 6.1938 -1.0959 58 38 14
11.526 6.1879 -1.1053 54 33 12
11.459 6.231 -1.0129 59 37 14
11.502 6.1425 -1.0459 60 37 4
11.503 6.212 -1.0169 59 37 14
11.442 6.273 -1.0635 61 37 9
11.545 6.1916 -1.0282 56 34 10
11.54 6.1536 -0.8946 59 38 7
11.524 6.2752 -1.0835 52 31 0
11.601 6.14 -0.9881 62 40 16
11.625 6.1968 -1.0447 57 35 11
11.615 6.1998 -1.0867 60 36 10
11.572 6.2085 -0.90868 56 35 8
11.669 6.0458 -0.90003 59 37 13
11.666 6.1808 -1.0506 55 38 10
11.635 6.1951 -1.0038 58 39 7
11.663 6.1 -0.90915 59 37 13
11.69 6.1293 -0.95924 60 39 8
11.591 6.1459 -1.0263 57 37 13
11.649 6.1502 -0.95891 59 39 4
11.562 6.2186 -1.122 56 36 12
11.61 6.2243 -0.92033 62 37 17
11.679 6.1462 -1.0073 59 39 5
11.607 6.1715 -0.95464 67 45 4
11.576 6.1892 -1.0765 58 37 8
11.675 6.0037 -1.0562 57 37 10
11.788 6.0838 -0.89698 61 39 2
11.748 6.1531 -1.0624 55 37 1
11.761 6.0947 -1.0148 59 34 12
11.705 6.1583 -0.88858 58 38 13
11.703 6.2088 -1.0671 56 33 17
11.713 6.0054 -1.0644 56 34 11
11.728 6.0369 -0.99302 58 34 8
11.798 6.1159 -1.0253 56 36 9
11.775 6.1851 -1.1213 60 39 12
11.777 6.1189 -0.94149 60 36 8
11.744 6.0455 -0.91957 59 37 14
11.725 6.1694 -0.97881 59 38 21
11.788 6.1306 -1.0701 55 36 6
11.744 6.1562 -0.90076 58 35 19
11.73 6.2556 -1.1258 56 33 0
11.697 6.1432 -0.92685 62 37 14
11.771 6.0833 -0.97334 59 38 17
11.808 6.0948 -0.98631 60 39 12
11.742 6.0693 -0.92278 59 37 14
11.851 6.1573 -0.96435 61 40 9
11.871 6.0886 -0.87962 61 38 7
11.899 6.1282 -0.92991 60 36 8
11.867 6.0952 -1.0791 56 36 1
11.876 6.0899 -1.0376 56 35 6
11.924 6.0242 -0.99895 58 36 12
11.824 6.1042 -0.90856 61 36 6
11.913 6.1067 -1.0526 58 37 10
11.89 6.1339 -0.96814 57 36 17
11.863 6.0813 -0.91277 59 37 13
11.826 6.1421 -1.079 54 35 1
11.885 6.0621 -0.99594 58 37 8
11.912 6.1172 -1.0538 58 37 10
11.846 6.0912 -0.99018 56 36 12
11.907 6.1146 -0.89184 60 37 3
11.816 6.1057 -0.94774 61 40 9
11.906 6.067 -1.081 55 36 4
11.838 6.0857 -1.0307 57 38 8
11.931 6.0439 -0.97109 57 34 16
11.948 6.1901 -1.0787 54 33 12
11.94 6.3014 -0.93372 58 37 10
11.989 6.107 -1.0659 52 36 0
13.162 6.5887 -1.0577 82 59 25
13.256 6.6205 -1.0015 82 58 22
13.23 6.5456 -1.0284 83 60 29
13.282 6.595 -1.0457 81 58 27
13.26 6.5522 -1.1185 80 56 28
13.349 6.5678 -1.0583 81 56 24
13.38 6.6382 -0.99281 81 58 24
13.3 6.5145 -1.0005 86 61 13
13.357 6.6072 -1.1083 81 55 30
13.34 6.581 -1.1835 82 59 25
13.387 6.5809 -1.113 80 53 32
13.313 6.5704 -1.0494 82 58 32
13.387 6.5959 -1.1581 81 56 33
13.405 6.6249 -1.0775 80 57 23
13.337 6.5572 -1.1372 81 58 24
13.384 6.5438 -1.0295 80 60 25
13.44 6.6288 -1.1293 82 58 22
13.509 6.5843 -1.0597 80 57 16
13.464 6.5854 -1.1324 79 59 25
13.453 6.5274 -1.039 81 57 23
13.397 6.4576 -0.97857 84 60 26
13.496 6.6303 -0.98029 78 58 24
13.465 6.5529 -1.0033 82 58 30
13.482 6.627 -1.0981 80 54 29
13.499 6.5679 -1.0966 79 56 25
13.418 6.5753 -1.1611 82 59 28
13.424 6.5662 -1.0796 81 56 24
13.433 6.5796 -1.041 80 57 13
13.406 6.5996 -0.99428 84 60 26
13.513 6.6194 -1.146 81 58 25
13.487 6.3959 -0.95952 84 61 28
13.565 6.6226 -1.0384 81 58 27
13.556 6.517 -1.106 80 54 27
13.519 6.5303 -1.1391 80 57 26
13.596 6.6173 -1.0855 80 55 25
13.545 6.5794 -1.0716 81 58 25
13.494 6.5279 -1.0103 81 58 27
13.571 6.5367 -1.0312 84 57 20
13.542 6.6053 -1.1964 82 59 26
13.553 6.4766 -0.98142 86 60 20
13.575 6.5926 -1.2022 80 57 26
13.599 6.5438 -1.161 80 61 19
13.562 6.4233 -1.0562 77 54 23
13.525 6.5334 -1.1003 80 57 15
13.549 6.5906 -1.0722 81 58 25
13.615 6.5755 -1.124 81 57 29
13.557 6.5315 -1.1477 81 55 30
13.497 6.5246 -0.97037 82 58 30
13.634 6.6075 -1.0497 78 57 28
11.547 3.0973 -0.51194 74 52 28
11.547 3.0926 -0.51935 76 56 31
11.552 3.1032 -0.51508 73 53 26
11.549 3.1023 -0.52356 75 55 30
11.55 3.121 -0.49352 78 55 24
11.549 3.1099 -0.53599 73 55 31
11.55 3.1229 -0.5133 77 52 20
11.549 3.1098 -0.48922 75 54 33
11.548 3.1051 -0.49672 76 55 28
11.547 3.0995 -0.53124 73 52 31
11.55 3.1189 -0.52092 76 56 29
11.549 3.1118 -0.50857 74 55 21
11.552 3.1314 -0.49767 78 56 35
11.552 3.1256 -0.50529 76 55 28
11.549 3.117 -0.50101 78 58 31
11.55 3.1131 -0.52833 74 55 25
11.546 3.1037 -0.50452 74 57 31
11.555 3.138 -0.5298 78 55 37
11.554 3.1369 -0.50985 75 55 31
11.555 3.1328 -0.53758 77 57 33
11.558 3.154 -0.52678 76 55 24
11.556 3.1531 -0.50641 78 56 33
11.554 3.141 -0.50197 77 58 26
11.552 3.1241 -0.53319 74 56 32
11.556 3.1472 -0.51407 76 55 34
11.557 3.1563 -0.49816 76 55 24
11.555 3.1442 -0.52234 76 55 26
11.552 3.134 -0.51795 76 57 17
11.554 3.1533 -0.53601 78 56 35
11.553 3.1272 -0.52489 74 53 32
11.556 3.1455 -0.54294 76 56 32
11.562 3.1675 -0.52299 76 54 31
11.562 3.1769 -0.53641 76 56 29
11.56 3.1755 -0.51544 76 56 32
11.562 3.1716 -0.54439 75 55 30
11.558 3.1566 -0.54796 78 52 35
11.557 3.1599 -0.51883 74 53 32
11.563 3.1778 -0.50687 78 57 28
11.561 3.1669 -0.55266 74 56 32
11.559 3.166 -0.53184 77 57 32
11.559 3.1609 -0.53989 78 57 28
11.563 3.187 -0.52014 77 56 29
11.562 3.1819 -0.52852 75 53 32
11.558 3.1637 -0.51077 77 54 36
11.56 3.1668 -0.50232 75 54 23
11.567 3.2091 -0.50816 77 56 35
11.569 3.2096 -0.52971 78 56 35
11.569 3.1921 -0.55425 78 58 33
11.563 3.1921 -0.51199 78 57 26
11.566 3.1927 -0.53315 78 57 30
11.569 3.2137 -0.5523 78 57 30
11.567 3.2003 -0.54675 75 55 30
11.569 3.2161 -0.52145 80 58 37
11.567 3.2067 -0.53855 78 55 22
11.57 3.2064 -0.56047 79 59 35
11.567 3.203 -0.51635 78 57 36
11.566 3.1985 -0.52491 77 57 30
11.564 3.1833 -0.54963 77 57 33
11.569 3.2226 -0.51307 77 54 36
11.571 3.216 -0.54311 77 57 22
11.564 3.1888 -0.54157 75 54 35
11.577 3.2298 -0.53872 77 57 30
11.571 3.2292 -0.52669 77 57 32
11.571 3.2341 -0.54962 76 56 32
11.571 3.2358 -0.51784 78 57 28
11.571 3.2232 -0.5348 75 57 33
11.571 3.2289 -0.55833 79 59 35
11.582 3.2262 -0.56109 78 57 30
11.573 3.2186 -0.56555 77 55 31
11.193 6.152 -1.2412 55 35 10
11.273 6.1638 -1.2663 55 33 10
11.375 6.2341 -1.1749 55 34 13
11.439 6.1587 -1.1241 50 32 8
11.338 6.2135 -1.1557 58 38 14
11.411 6.2071 -1.2177 53 34 0
11.337 6.1578 -1.1854 58 37 6
11.358 6.2098 -1.2514 53 33 9
11.401 6.0809 -1.3096 53 32 11
11.371 6.2003 -1.2047 58 37 16
11.319 6.1947 -1.237 54 37 9
11.427 6.1698 -1.1674 48 29 12
11.517 6.1828 -1.1458 55 37 15
11.541 6.237 -1.2048 52 34 0
11.562 6.15 -1.3193 45 27 13
11.468 6.2397 -1.1487 58 37 10
11.552 6.2217 -1.1633 51 34 14
11.523 6.2138 -1.2862 50 32 12
11.558 6.1768 -1.153 51 34 14
11.498 6.2406 -1.2009 56 35 16
11.498 6.1707 -1.2271 52 34 10
11.512 6.1468 -1.3564 46 27 11
11.538 6.0345 -1.2836 52 32 8
11.583 6.218 -1.2144 59 38 11
11.669 6.1764 -1.2234 56 36 9
11.652 6.1343 -1.1228 59 37 14
11.647 6.0917 -1.1553 57 35 12
11.573 6.2208 -1.2559 58 39 22
11.603 6.2332 -1.3136 55 38 10
11.664 6.1288 -1.2544 52 35 9
11.647 6.2022 -1.3132 58 37 18
11.616 6.108 -1.1122 55 35 8
11.665 6.2115 -1.2314 56 36 9
11.646 6.1192 -1.3328 51 33 13
11.632 6.1481 -1.2073 54 37 9
11.596 6.1965 -1.169 56 35 8
11.616 6.0374 -1.3019 52 35 15
11.573 6.1378 -1.2792 46 24 11
11.62 6.1677 -1.2544 54 37 20
11.685 6.1132 -1.166 55 35 1
11.76 6.1438 -1.193 58 39 7
11.817 6.0178 -1.1309 55 34 15
11.802 6.1011 -1.1912 55 36 2
11.794 6.0939 -1.2283 58 37 16
11.802 6.1012 -1.1913 55 36 2
11.749 6.1742 -1.2394 53 38 9
11.716 6.2013 -1.1945 57 34 18
11.688 6.1768 -1.1405 55 35 8
11.745 6.1136 -1.2648 54 36 14
11.714 6.1163 -1.2158 54 37 9
11.77 6.1391 -1.1517 54 37 11
11.697 6.2065 -1.2798 53 35 15
11.768 6.1639 -1.157 54 37 11
11.76 6.1439 -1.1927 58 39 7
11.735 6.0847 -1.1299 54 35 18
11.718 6.2021 -1.373 51 32 18
11.732 6.1507 -1.3155 53 33 9
11.687 6.1821 -1.1415 55 35 8
11.779 6.0479 -1.3001 53 36 8
11.916 6.1564 -1.229 55 33 18
11.836 6.1936 -1.2217 55 36 2
11.906 6.1818 -1.2762 56 36 12
11.894 6.064 -1.3261 56 36 11
11.83 6.1417 -1.2519 57 36 15
11.85 6.161 -1.3481 50 33 7
11.871 6.0913 -1.2453 54 37 7
11.815 6.1809 -1.1282 55 34 13
11.862 6.1065 -1.2917 53 35 11
11.813 6.1248 -1.3287 54 35 5
11.811 6.1527 -1.3361 54 35 5
11.892 6.2187 -1.1536 59 38 11
11.847 6.1416 -1.1697 55 36 2
11.89 6.0503 -1.1545 55 35 10
11.897 6.1949 -1.3216 55 35 10
11.882 6.0551 -1.2 57 38 8
11.952 5.5565 -1.0158 56 36 11
11.859 6.0802 -1.1152 57 35 11
11.929 6.0066 -1.1564 56 35 14
11.829 6.0124 -1.2584 56 35 14
11.977 6.294 -1.1514 53 36 10
12 6.2662 -1.2398 53 35 0
11.954 6.1778 -1.2413 54 34 7
11.962 6.2087 -1.2153 53 36 10
13.28 6.5561 -1.295 79 55 29
13.256 6.569 -1.2046 84 59 27
13.321 6.5333 -1.2141 81 59 20
13.387 6.5216 -1.2711 82 56 33
13.396 6.5334 -1.2322 81 60 7
13.481 6.5645 -1.2566 81 56 26
13.474 6.5667 -1.3407 53 33 9
13.399 6.4702 -1.3519 7 16 0
13.479 6.5695 -1.3009 78 57 26
13.458 6.4258 -1.3541 7 9 0
13.461 6.493 -1.2012 79 58 29
13.623 6.6188 -1.2177 77 56 27
13.553 6.5756 -1.3596 15 18 9
13.63 6.5578 -1.2928 77 56 27
13.538 6.5018 -1.2227 78 56 15
13.585 6.5491 -1.3274 57 36 5
13.586 6.5611 -1.3712 6 6 0
13.526 6.5706 -1.2293 83 57 17
13.62 6.5416 -1.3314 57 33 5
13.595 6.553 -1.2445 80 55 23
13.559 6.5712 -1.2784 81 57 29
13.627 6.5709 -1.3816 0 8 0
13.549 6.553 -1.3134 76 56 32
13.609 6.603 -1.2969 81 57 31
13.616 6.5098 -1.2413 81 57 31
11.547 3.0852 -0.5533 71 53 29
11.546 3.0908 -0.54655 71 54 28
11.547 3.0837 -0.58086 73 53 29
11.548 3.0914 -0.56578 72 55 37
11.552 3.119 -0.54053 75 50 28
11.549 3.1029 -0.57117 74 54 30
11.551 3.1048 -0.5631 75 54 33
11.551 3.1071 -0.58396 73 53 28
11.548 3.0969 -0.55887 73 51 28
11.548 3.1009 -0.55112 74 54 27
11.548 3.0863 -0.57309 76 52 26
11.551 3.1151 -0.54848 73 52 23
11.552 3.1118 -0.57607 74 55 25
11.549 3.1043 -0.5435 73 53 28
11.551 3.1103 -0.55601 74 56 34
11.547 3.0944 -0.53873 74 52 31
11.549 3.0972 -0.57855 73 53 28
11.556 3.1384 -0.57977 74 56 36
11.555 3.1361 -0.55845 72 52 25
11.552 3.1218 -0.56122 77 56 27
11.553 3.1234 -0.582 75 53 29
11.553 3.1177 -0.58937 76 53 20
11.552 3.1163 -0.56857 73 52 31
11.556 3.1436 -0.57188 76 56 32
11.554 3.1326 -0.56679 75 55 31
11.553 3.1249 -0.55365 69 51 31
11.555 3.1423 -0.5509 73 53 26
11.555 3.1259 -0.57347 75 57 35
11.553 3.131 -0.54589 74 53 32
11.557 3.1482 -0.56404 76 55 28
11.555 3.1283 -0.59506 76 56 29
11.555 3.1338 -0.58728 77 56 27
11.556 3.158 -0.57846 73 56 30
11.56 3.1609 -0.59086 75 53 32
11.559 3.157 -0.59897 76 55 34
11.558 3.1603 -0.5697 75 53 38
11.562 3.1746 -0.56623 76 54 31
11.558 3.1507 -0.55574 72 51 30
11.557 3.1463 -0.59333 74 51 35
11.56 3.1629 -0.56084 75 54 25
11.564 3.1704 -0.5958 73 54 22
11.56 3.1669 -0.5831 74 57 31
11.561 3.1713 -0.57478 78 56 35
11.564 3.1777 -0.55796 78 56 32
11.563 3.1667 -0.60457 75 54 23
11.558 3.1499 -0.58514 73 55 35
11.565 3.19 -0.59447 78 57 38
11.566 3.1946 -0.58629 77 55 32
11.568 3.1961 -0.60854 76 54 30
11.566 3.191 -0.56365 76 55 28
11.564 3.1803 -0.61086 76 54 30
11.566 3.1827 -0.60206 77 57 32
11.562 3.1788 -0.58908 77 56 35
11.568 3.2042 -0.5696 76 53 35
11.568 3.1977 -0.57765 75 55 28
11.569 3.2065 -0.59202 75 57 37
11.564 3.1827 -0.5806 79 55 29
11.565 3.1867 -0.57191 75 54 35
11.569 3.1999 -0.59984 77 54 36
11.579 3.2289 -0.62608 75 53 32
11.576 3.231 -0.57103 78 56 33
11.572 3.2182 -0.59742 77 55 34
11.574 3.2321 -0.60438 78 57 30
11.573 3.2225 -0.58887 77 55 34
11.571 3.2147 -0.57444 77 56 29
11.583 3.2239 -0.59132 80 58 37
11.57 3.2106 -0.58325 76 54 30
11.572 3.2319 -0.58143 75 56 24
11.572 3.2126 -0.60602 76 56 32
11.575 3.2191 -0.6204 77 56 29
11.572 3.2292 -0.61379 75 54 27
11.572 3.2064 -0.61404 78 56 33
11.154 5.9563 -1.3466 55 32 16
11.435 5.9357 -1.399 53 34 18
11.47 6.0899 -1.3713 46 29 11
11.495 6.1949 -1.4124 49 28 7
11.581 6.1663 -1.4199 46 30 15
11.668 6.1103 -1.4259 54 34 10
11.666 6.2231 -1.4161 55 37 13
11.568 6.1898 -1.4688 45 27 15
11.599 6.094 -1.3576 55 33 9
11.977 3.7173 -0.76737 49 32 14
11.763 6.03 -1.3742 51 34 14
12.005 3.7176 -0.77372 49 31 7
11.791 6.0573 -1.4324 53 36 18
11.808 6.0636 -1.3523 53 34 4
11.741 6.1915 -1.4664 51 35 18
11.759 6.1932 -1.3798 51 32 15
11.701 6.1805 -1.4546 48 30 18
11.792 6.1638 -1.4204 55 36 19
11.988 3.7895 -0.79541 46 32 5
11.884 6.0868 -1.3756 54 37 9
11.863 6.1705 -1.4787 45 31 5
11.84 6.0388 -1.3915 49 32 6
11.872 6.1591 -1.4404 49 33 18
11.822 6.0333 -1.4838 33 21 9
11.924 6.0579 -1.3752 55 36 4
11.913 6.1171 -1.4343 51 34 14
11.838 6.2245 -1.4065 51 34 17
11.893 6.1912 -1.54 36 28 17
11.873 5.7886 -1.408 27 20 4
11.87 5.7039 -1.4158 17 10 0
11.829 6.0718 -1.4428 53 35 11
11.951 6.1641 -1.4568 49 33 10
11.546 3.0724 -0.62301 74 53 36
11.547 3.0779 -0.58781 70 52 28
11.549 3.0905 -0.61374 71 51 27
11.551 3.0909 -0.63433 73 55 35
11.548 3.0891 -0.59374 71 54 28
11.549 3.0851 -0.62124 76 53 37
11.547 3.0758 -0.61542 70 52 30
11.548 3.0839 -0.60083 70 51 34
11.551 3.1034 -0.59158 73 56 30
11.552 3.104 -0.61179 73 52 35
11.548 3.0942 -0.58646 73 53 29
11.55 3.0939 -0.60634 74 52 29
11.548 3.0827 -0.62904 72 54 34
11.55 3.0996 -0.5993 71 54 26
11.548 3.0793 -0.60759 72 54 30
11.55 3.0971 -0.62753 74 53 34
11.551 3.1006 -0.61959 74 52 29
11.554 3.12 -0.61042 74 57 31
11.552 3.1068 -0.63317 73 55 31
11.556 3.1207 -0.63136 73 53 28
11.556 3.1361 -0.60901 73 55 35
11.554 3.1256 -0.60307 73 52 31
11.554 3.1153 -0.61792 71 54 26
11.552 3.1139 -0.59715 76 54 30
11.553 3.1104 -0.62555 73 52 35
11.554 3.1177 -0.63963 76 55 34
11.551 3.111 -0.60519 73 56 30
11.557 3.1297 -0.61604 75 54 35
11.556 3.1252 -0.62393 73 55 33
11.557 3.1278 -0.64601 73 55 35
11.562 3.1597 -0.64299 75 55 31
11.56 3.1545 -0.62921 76 55 34
11.558 3.1416 -0.62219 75 56 26
11.557 3.1377 -0.6304 73 55 33
11.558 3.1403 -0.65287 76 55 34
11.561 3.1584 -0.62087 76 54 33
11.557 3.1399 -0.6009 76 57 27
11.561 3.1563 -0.65163 74 56 32
11.559 3.1438 -0.64436 73 54 40
11.558 3.148 -0.61527 76 55 34
11.561 3.1475 -0.63629 77 55 34
11.561 3.163 -0.61328 77 55 34
11.561 3.1514 -0.65914 74 56 32
11.557 3.1325 -0.63783 77 54 38
11.56 3.1498 -0.60626 77 55 32
11.565 3.1712 -0.64952 75 54 33
11.567 3.1908 -0.61711 74 54 30
11.566 3.1798 -0.66503 78 56 33
11.564 3.1783 -0.64235 73 53 29
11.567 3.1856 -0.62513 73 56 30
11.564 3.1751 -0.61937 76 55 36
11.57 3.1967 -0.63124 77 57 32
11.568 3.1881 -0.64782 76 54 30
11.566 3.1812 -0.63346 76 57 27
11.568 3.1939 -0.64011 76 56 32
11.563 3.164 -0.6348 71 53 29
11.562 3.1716 -0.62774 74 56 34
11.564 3.1666 -0.65756 77 57 33
11.568 3.1832 -0.65646 75 55 31
11.573 3.2158 -0.62974 77 56 29
11.572 3.2104 -0.63842 76 56 31
11.573 3.2139 -0.66208 76 55 36
11.572 3.2054 -0.64652 75 57 35
11.573 3.2202 -0.65376 77 56 35
11.571 3.1946 -0.66299 74 56 34
11.569 3.2032 -0.65592 77 55 32
11.573 3.2076 -0.67026 77 56 37
11.574 3.2317 -0.63714 75 57 33
11.575 3.2242 -0.64548 76 56 32
11.576 3.221 -0.67775 76 56 29
11.57 3.2031 -0.623 76 57 27
11.569 3.1915 -0.67179 76 55 36
11.572 3.2038 -0.67921 76 56 31
11.576 3.2275 -0.66957 77 56 35
11.581 3.2296 -0.68382 76 55 34
11.585 3.2246 -0.6476 77 57 32
11.577 3.2325 -0.66083 76 51 28
11.999 3.8094 -0.82153 17 13 2
11.547 3.064 -0.65738 71 52 36
11.545 3.0615 -0.66539 71 51 27
11.547 3.0666 -0.62953 71 53 31
11.549 3.0878 -0.64224 74 52 29
11.549 3.0856 -0.67092 73 52 31
11.55 3.0893 -0.66317 71 48 30
11.547 3.0688 -0.65041 70 52 32
11.549 3.074 -0.66384 73 53 29
11.548 3.0699 -0.67091 71 50 33
11.549 3.0831 -0.64933 72 51 30
11.55 3.0795 -0.67742 73 51 36
11.548 3.0804 -0.65743 71 50 33
11.55 3.0944 -0.65641 72 51 30
11.548 3.0724 -0.64282 72 51 32
11.549 3.0765 -0.63575 72 53 23
11.546 3.0674 -0.67897 67 48 14
11.557 3.117 -0.66052 72 51 34
11.555 3.1048 -0.68363 76 52 24
11.552 3.1024 -0.64102 73 53 29
11.553 3.1046 -0.66251 73 53 29
11.554 3.1072 -0.65427 75 50 28
11.55 3.0922 -0.68533 70 50 23
11.554 3.1009 -0.69139 72 51 24
11.555 3.1125 -0.69879 73 53 29
11.556 3.1236 -0.65364 70 53 27
11.555 3.1138 -0.66869 76 54 31
11.554 3.1112 -0.67689 75 54 35
11.554 3.1133 -0.64742 75 54 37
11.552 3.0966 -0.64796 74 52 31
11.555 3.1174 -0.69161 72 50 35
11.552 3.0954 -0.67756 71 51 24
11.553 3.0992 -0.66974 74 55 23
11.56 3.1415 -0.67504 74 55 25
11.557 3.1359 -0.66091 75 54 33
11.559 3.1374 -0.68318 73 55 31
11.561 3.1383 -0.70555 74 54 20
11.558 3.1236 -0.67472 75 55 28
11.556 3.1218 -0.68378 73 55 35
11.561 3.1431 -0.69763 76 54 41
11.558 3.1328 -0.69063 79 56 38
11.557 3.1309 -0.66856 74 52 29
11.561 3.1455 -0.66688 77 54 36
11.562 3.1524 -0.68182 75 54 33
11.561 3.1485 -0.68986 74 54 27
11.557 3.1292 -0.69906 76 54 39
11.563 3.1549 -0.70486 71 52 36
11.566 3.1747 -0.67343 77 55 34
11.568 3.1799 -0.72076 75 54 35
11.565 3.1583 -0.69659 75 54 33
11.561 3.16 -0.67521 75 54 25
11.563 3.1629 -0.66633 77 55 40
11.567 3.1703 -0.7038 77 56 35
11.568 3.1759 -0.69629 77 56 25
11.568 3.1814 -0.68837 77 56 25
11.565 3.1687 -0.71357 76 56 29
11.566 3.1618 -0.68802 78 54 28
11.563 3.1491 -0.71241 74 53 26
11.567 3.1883 -0.68108 77 55 34
11.566 3.161 -0.72042 71 49 25
11.565 3.1701 -0.68153 74 52 31
11.57 3.1937 -0.6958 74 54 30
11.573 3.1999 -0.71125 77 54 36
11.575 3.2157 -0.68595 76 55 38
11.571 3.1991 -0.68755 77 55 32
11.574 3.2115 -0.6951 77 55 32
11.572 3.2083 -0.70443 76 56 31
11.572 3.1966 -0.72022 78 58 34
11.568 3.1856 -0.71334 76 56 32
11.575 3.2084 -0.72813 76 54 33
11.574 3.2047 -0.73682 76 52 26
11.57 3.1884 -0.70399 74 58 35
11.577 3.2121 -0.7188 77 55 32
11.571 3.1911 -0.72838 75 53 32
11.592 3.2227 -0.7278 76 58 36
11.577 3.2166 -0.74493 76 55 36
11.577 3.2293 -0.7288 79 57 36
11.587 3.2242 -0.73961 76 55 36
11.578 3.2221 -0.73639 78 55 39
11.576 3.2201 -0.71158 75 55 30
11.588 3.2234 -0.7044 75 53 29
11.578 3.2334 -0.75491 74 54 29
11.577 3.2251 -0.70319 76 54 30
11.58 3.2306 -0.71856 77 56 37
11.577 3.2313 -0.69452 76 56 29
11.628 5.0572 -1.6133 30 16 7
11.647 5.2479 -1.637 31 11 0
11.679 5.2471 -1.6508 42 19 11
11.759 5.4114 -1.7432 33 14 8
11.784 5.0749 -1.6152 35 15 14
11.804 5.2734 -1.6808 41 17 7
11.549 3.0714 -0.69207 72 49 33
11.549 3.0768 -0.68539 68 51 23
11.548 3.0582 -0.71319 68 49 15
11.549 3.0688 -0.72071 70 48 27
11.551 3.0864 -0.69185 68 50 30
11.55 3.0727 -0.71352 70 48 33
11.547 3.0637 -0.70695 70 52 28
11.546 3.0579 -0.69277 72 53 37
11.548 3.068 -0.69938 72 50 35
11.547 3.0616 -0.68526 70 51 17
11.551 3.0815 -0.69914 73 50 34
11.552 3.0875 -0.71318 72 50 35
11.553 3.0898 -0.73582 68 46 25
11.555 3.1017 -0.71296 73 52 35
11.555 3.1046 -0.73628 70 49 32
11.556 3.1092 -0.72821 72 54 32
11.553 3.0965 -0.6987 72 51 32
11.553 3.0914 -0.70605 71 54 26
11.554 3.0978 -0.72077 70 51 34
11.554 3.1086 -0.70662 73 52 33
11.559 3.1242 -0.72837 74 55 38
11.558 3.1215 -0.70532 74 51 33
11.559 3.1221 -0.75949 72 49 31
11.562 3.1395 -0.72786 75 55 31
11.558 3.1195 -0.73617 73 51 38
11.561 3.1352 -0.73621 74 53 36
11.558 3.1114 -0.71984 71 50 29
11.557 3.1184 -0.71343 75 54 35
11.558 3.1142 -0.74326 71 50 31
11.56 3.1278 -0.72003 75 52 36
11.561 3.1341 -0.76816 72 51 30
11.557 3.1108 -0.7513 71 48 32
11.56 3.1315 -0.74419 73 55 33
11.562 3.1314 -0.71165 73 51 28
11.565 3.1548 -0.76071 76 54 30
11.563 3.1371 -0.75975 72 51 30
11.567 3.1756 -0.72959 73 55 33
11.563 3.1424 -0.75196 72 50 27
11.566 3.1587 -0.75223 71 53 31
11.565 3.1561 -0.72801 76 53 35
11.568 3.1604 -0.77634 74 53 36
11.562 3.1459 -0.72131 72 52 27
11.568 3.1654 -0.76882 73 51 27
11.563 3.1541 -0.73747 75 55 30
11.567 3.1634 -0.74417 76 53 35
11.565 3.1457 -0.74349 74 52 29
11.564 3.1503 -0.76896 72 50 29
11.569 3.1661 -0.73532 76 52 38
11.574 3.1921 -0.75257 77 51 36
11.57 3.1814 -0.74489 76 55 28
11.57 3.1732 -0.78566 75 54 35
11.575 3.1946 -0.77746 76 52 26
11.569 3.1766 -0.75287 77 56 35
11.575 3.1962 -0.74372 73 53 29
11.573 3.1866 -0.76025 75 52 36
11.574 3.1836 -0.79342 75 53 38
11.571 3.1777 -0.7768 73 54 24
11.573 3.1814 -0.76847 73 54 37
11.574 3.1899 -0.78584 74 53 34
11.575 3.2006 -0.76971 77 56 37
11.569 3.1701 -0.76034 75 54 33
11.571 3.1854 -0.73639 75 54 33
11.577 3.2035 -0.76004 74 56 36
11.581 3.2157 -0.76855 76 55 38
11.578 3.2137 -0.77872 75 55 31
11.581 3.2217 -0.79627 77 55 34
11.583 3.2302 -0.81395 76 52 40
11.591 3.2223 -0.7635 77 54 38
11.577 3.2087 -0.7872 76 53 35
11.581 3.2143 -0.80363 75 54 37
11.578 3.2087 -0.75219 77 56 25
11.579 3.2248 -0.76207 81 56 34
11.6 3.206 -0.78839 75 53 32
11.586 3.2255 -0.77512 75 54 37
11.578 3.2326 -0.79062 76 56 31
11.578 3.2017 -0.79438 74 53 34
11.427 4.8863 -1.7178 38 16 1
11.473 4.8138 -1.6825 42 21 0
11.526 4.8698 -1.6951 35 17 13
11.523 4.7552 -1.6252 42 19 11
11.536 4.9678 -1.7541 36 19 1
11.585 5.274 -1.7532 39 19 8
11.563 4.9802 -1.767 40 19 0
11.617 4.8502 -1.697 43 20 2
11.575 4.9596 -1.7215 45 18 11
11.704 4.7408 -1.586 46 24 13
11.673 5.1151 -1.6834 41 16 11
11.672 5.0103 -1.7019 41 19 8
11.743 4.8604 -1.6619 39 21 11
11.728 4.9215 -1.5938 42 16 1
11.741 4.8781 -1.6712 39 21 11
11.704 4.8835 -1.7039 44 19 0
11.712 4.8819 -1.6684 32 22 13
11.653 5.0906 -1.6349 42 22 11
11.627 5.2149 -1.7287 43 13 13
11.738 4.8427 -1.6818 42 21 0
11.802 4.8966 -1.661 41 23 11
11.777 5.0012 -1.6473 42 9 10
11.76 4.9569 -1.7158 43 21 10
11.742 4.985 -1.6624 32 22 10
11.777 4.9978 -1.6453 42 9 10
11.802 4.833 -1.6568 39 20 6
11.74 4.9445 -1.6756 41 22 8
11.72 5.3152 -1.7642 37 20 13
11.785 4.9969 -1.6124 43 15 1
11.772 4.9796 -1.6678 41 18 10
11.731 5.1408 -1.7127 43 19 5
11.812 5.0164 -1.6238 42 13 7
11.797 5.102 -1.7039 40 15 8
11.769 4.9405 -1.677 46 21 14
11.803 4.9622 -1.661 46 22 12
11.84 5.1196 -1.65 46 19 12
11.802 5.2127 -1.6899 38 18 9
11.832 4.9545 -1.6706 42 25 8
11.838 5.1428 -1.6611 46 19 12
11.555 3.0949 -0.75044 68 46 33
11.564 3.1429 -0.80843 73 51 30
11.566 3.1579 -0.78557 75 53 38
11.564 3.1449 -0.77642 76 53 37
11.567 3.1493 -0.79124 73 51 38
11.568 3.1526 -0.81646 74 53 32
11.571 3.1773 -0.8116 75 53 29
11.574 3.1768 -0.83515 75 54 37
11.573 3.1801 -0.80213 75 57 33
11.576 3.1918 -0.81106 74 56 32
11.576 3.1859 -0.81861 73 52 33
11.571 3.1699 -0.81815 71 51 26
11.57 3.1652 -0.82597 75 55 31
11.57 3.1681 -0.79344 77 56 35
11.58 3.2019 -0.85468 74 53 36
11.579 3.1982 -0.82786 73 51 27
11.583 3.2102 -0.83722 73 51 27
11.578 3.1943 -0.83684 75 54 37
11.581 3.2194 -0.83104 73 52 31
11.58 3.2031 -0.81945 73 52 35
11.582 3.2249 -0.82318 78 57 38
11.576 3.1985 -0.80408 77 56 35
11.581 3.2064 -0.84628 73 50 34
11.58 3.2092 -0.81198 75 59 26
11.584 3.2275 -0.8494 77 56 37
11.589 3.2257 -0.83666 73 57 32
11.524 4.6847 -1.6444 31 21 12
11.532 4.5351 -1.5549 39 20 3
11.51 4.71 -1.6929 37 14 6
11.561 4.7287 -1.7136 35 21 10
11.573 4.7074 -1.6685 39 21 17
11.524 4.7716 -1.7345 37 17 8
11.538 4.7803 -1.6733 37 21 8
11.602 4.6608 -1.676 37 16 11
11.569 4.6567 -1.7001 37 18 2
11.442 5.0827 -1.8371 36 17 1
11.532 4.7032 -1.7206 39 12 3
11.565 4.7859 -1.6817 41 21 10
11.589 4.8048 -1.6961 39 19 10
11.588 4.7707 -1.708 39 18 1
11.536 4.7502 -1.6907 37 19 15
11.669 4.4456 -1.5515 39 22 12
11.617 4.7637 -1.7105 38 18 11
11.68 4.7608 -1.6884 46 26 19
11.703 4.5324 -1.611 37 20 12
11.615 4.817 -1.708 39 22 5
11.678 4.6388 -1.7073 37 19 0
11.686 4.6779 -1.6713 36 16 5
11.652 4.6386 -1.7007 41 23 3
11.648 4.7464 -1.712 30 16 13
11.662 4.6238 -1.6624 37 20 10
11.705 4.7769 -1.7022 36 20 3
11.737 4.596 -1.6878 41 18 0
11.74 4.6194 -1.6722 38 19 12
11.709 4.7036 -1.6899 36 19 1
11.746 4.7256 -1.648 40 15 10
11.737 4.6454 -1.6869 38 19 12
11.705 4.6827 -1.7054 41 21 10
11.712 4.7758 -1.6728 43 22 1
11.71 4.6066 -1.6895 41 23 1
11.765 4.7936 -1.693 43 23 12
11.763 4.8638 -1.6999 44 18 1
11.775 5.025 -1.7948 44 24 0
11.788 4.8307 -1.7178 43 21 10
10.941 6.2813 -0.13697 75 49 24
10.875 6.3704 -0.12134 74 51 17
10.949 6.3997 -0.13796 78 53 23
11.058 6.3385 -0.12777 79 52 19
11.019 6.2893 -0.15518 79 51 22
10.98 6.3941 -0.18896 75 49 9
11.029 6.294 -0.11708 79 51 22
11.044 6.3038 -0.20033 74 48 21
10.966 6.3783 -0.10028 81 54 21
11.078 6.3736 -0.17024 82 54 15
11.142 6.321 -0.14413 80 51 20
11.11 6.4108 -0.18025 80 50 22
11.199 6.2424 -0.16082 80 53 20
11.198 6.1986 -0.19962 77 49 20
11.222 6.2716 -0.20484 75 47 16
11.113 6.2739 -0.14163 81 54 11
11.281 6.2219 -0.17915 78 50 21
11.304 6.3588 -0.14617 80 52 21
11.284 6.2603 -0.14405 79 50 19
11.321 6.3261 -0.10908 78 54 18
11.238 6.2438 -0.16688 78 53 21
11.239 6.3818 -0.21045 76 49 14
11.228 6.341 -0.12633 79 53 12
11.307 6.2901 -0.18365 79 51 20
11.448 6.2618 -0.14635 77 54 21
11.452 6.1763 -0.1838 77 51 28
11.374 6.2465 -0.12427 62 40 1
11.379 6.1589 -0.1658 69 44 24
11.348 6.2777 -0.19979 72 49 18
11.451 6.2454 -0.14715 77 54 21
11.383 6.3044 -0.20543 73 50 19
11.394 6.2948 -0.1681 74 53 32
11.432 6.2444 -0.21701 77 49 20
11.56 6.2096 -0.21257 75 51 25
11.53 6.2191 -0.168 71 50 21
11.556 6.0985 -0.13765 76 53 9
11.59 6.1171 -0.14659 78 54 20
11.572 6.1922 -0.18162 78 52 29
11.502 6.1503 -0.16216 75 49 24
11.53 6.1581 -0.20661 72 48 22
11.481 6.2332 -0.18994 76 51 21
11.648 6.1735 -0.19566 74 50 24
11.617 6.2017 -0.15224 78 53 21
11.604 6.1583 -0.22341 76 53 19
11.654 6.2062 -0.16107 73 49 21
11.605 6.2318 -0.1844 76 50 23
11.692 6.1934 -0.17062 73 52 23
11.686 6.1639 -0.20702 75 50 28
11.739 6.1787 -0.1463 75 49 22
11.733 6.1459 -0.18398 76 50 27
11.763 6.124 -0.22751 74 49 19
11.775 6.1852 -0.15864 75 50 20
11.727 6.1142 -0.21782 74 51 20
11.708 6.1066 -0.14051 77 52 29
11.772 6.1168 -0.19386 76 51 31
11.805 6.1578 -0.20092 73 51 27
11.799 6.1335 -0.23556 76 47 13
11.858 6.1446 -0.14107 74 49 26
11.856 6.0231 -0.1809 76 52 16
11.915 6.1339 -0.23112 70 46 20
11.882 6.0525 -0.22459 74 49 27
11.813 6.1478 -0.1693 74 50 14
11.846 6.0814 -0.21198 77 51 26
11.879 6.3173 -0.17799 77 51 24
11.558 3.1963 -0.32443 81 59 20
11.561 3.224 -0.30082 80 59 28
11.561 3.211 -0.34541 78 58 34
11.564 3.2292 -0.31167 76 56 29
11.563 3.219 -0.32866 81 56 34
11.564 3.2232 -0.34798 80 58 35
11.564 3.2278 -0.33921 77 57 23
10.725 6.2158 -0.19925 53 28 0
10.852 6.1224 -0.29891 43 24 10
10.885 6.2725 -0.31839 45 21 7
10.916 6.3463 -0.29119 69 46 15
10.887 6.387 -0.20487 70 46 20
10.946 6.345 -0.34111 70 45 15
10.893 6.3053 -0.40385 47 20 9
10.927 6.1721 -0.28369 45 20 0
11.04 6.3431 -0.32604 74 45 23
10.996 6.2919 -0.22701 76 48 11
11.073 6.2873 -0.40762 73 44 12
11.006 6.3626 -0.27257 74 50 24
11.088 6.27 -0.36982 71 45 22
11.123 6.1743 -0.33508 74 48 23
11.058 6.2318 -0.35748 72 44 15
11.001 6.3386 -0.31156 74 49 19
11.063 6.3442 -0.25065 77 53 25
11.176 6.2871 -0.35103 73 47 20
11.15 6.1801 -0.37818 72 46 21
11.144 6.3943 -0.22925 75 51 17
11.144 6.3311 -0.42872 74 45 23
11.103 6.3458 -0.2598 75 49 9
11.142 6.258 -0.34409 74 47 14
11.158 6.3171 -0.39008 72 48 10
11.184 6.2978 -0.31428 75 50 18
11.122 6.3113 -0.22003 77 52 8
11.199 6.277 -0.27652 76 48 21
11.104 6.326 -0.41655 74 48 21
11.213 6.2655 -0.239 75 51 23
11.166 6.2029 -0.30748 75 49 22
11.175 6.2101 -0.27117 75 52 11
11.209 6.2675 -0.39763 71 47 13
11.244 6.3545 -0.21073 76 49 14
11.253 6.2113 -0.28619 76 51 5
11.302 6.2081 -0.26105 78 51 16
11.328 6.1726 -0.34206 73 49 23
11.261 6.2622 -0.36779 71 49 12
11.237 6.3255 -0.40854 72 43 11
11.344 6.2461 -0.23476 82 54 15
11.217 6.3342 -0.322 77 50 15
11.264 6.3497 -0.2957 76 50 27
11.314 6.3483 -0.42954 69 45 11
11.245 6.3011 -0.24931 77 50 17
11.317 6.2836 -0.30464 75 49 22
11.302 6.2028 -0.41521 71 47 11
11.338 6.2263 -0.26858 76 51 7
11.204 6.3437 -0.36092 73 50 16
11.292 6.3127 -0.22235 77 54 13
11.304 6.2471 -0.3778 72 48 14
11.275 6.2428 -0.33216 75 49 26
11.378 6.2727 -0.39887 57 37 12
11.357 6.2222 -0.35351 73 47 22
11.409 6.3245 -0.2508 77 50 13
11.452 6.2397 -0.29759 72 48 22
11.396 6.3452 -0.2869 73 49 23
11.408 6.2124 -0.32542 57 40 22
11.376 6.3451 -0.3627 56 38 16
11.393 6.1862 -0.24375 63 41 18
11.34 6.3767 -0.31557 66 37 13
11.401 6.2548 -0.3258 57 40 22
11.411 6.3131 -0.25137 77 50 13
11.417 6.275 -0.40667 69 44 21
11.382 6.1893 -0.43305 60 35 12
11.349 6.215 -0.38836 73 47 22
11.418 6.3331 -0.37321 70 45 13
11.434 6.2924 -0.33365 73 49 15
11.39 6.1471 -0.28063 60 34 7
11.483 6.2908 -0.30754 70 45 13
11.511 6.1703 -0.42589 68 42 17
11.548 6.1687 -0.28282 74 49 1
11.584 6.1783 -0.29213 74 50 22
11.567 6.1683 -0.36327 68 44 16
11.521 6.155 -0.23983 69 45 19
11.554 6.2026 -0.39871 67 50 24
11.45 6.3129 -0.26066 73 46 9
11.452 6.3051 -0.41863 67 41 14
11.545 6.2589 -0.24486 73 49 23
11.534 6.2046 -0.31854 69 48 21
11.508 6.256 -0.39143 66 41 9
11.481 6.2399 -0.34544 69 44 21
11.529 6.3246 -0.4393 70 46 8
11.503 6.22 -0.27351 72 46 6
11.468 6.2595 -0.22875 74 51 9
11.574 6.187 -0.32715 73 46 11
11.467 6.2722 -0.38093 68 40 13
11.52 6.2352 -0.35591 66 44 23
11.657 6.1963 -0.31016 72 46 21
11.68 6.1741 -0.39306 73 45 16
11.647 6.1377 -0.37762 71 45 22
11.672 6.1412 -0.27838 76 49 6
11.615 6.2349 -0.30203 72 50 13
11.687 6.1847 -0.35659 71 47 21
11.671 6.1805 -0.42902 70 47 14
11.64 6.1671 -0.23215 73 50 19
11.616 6.1499 -0.33643 70 45 22
11.65 6.1044 -0.38323 70 47 16
11.643 6.2573 -0.34355 72 47 24
11.597 6.147 -0.25541 71 46 0
11.608 6.1431 -0.37084 71 45 20
11.685 6.0915 -0.24372 74 51 20
11.633 6.1572 -0.26724 75 48 13
11.64 6.1179 -0.41869 69 45 11
11.601 6.1284 -0.40814 70 45 22
11.715 6.1678 -0.25053 69 47 8
11.722 6.1238 -0.401 72 44 5
11.732 6.1968 -0.32984 71 48 15
11.773 6.1479 -0.33932 72 47 24
11.722 6.2166 -0.36791 67 46 15
11.767 6.1281 -0.37474 69 47 23
11.801 6.1684 -0.38588 70 45 13
11.704 6.1921 -0.285 75 48 13
11.751 6.2186 -0.41173 67 42 10
11.814 6.0925 -0.34797 70 49 18
11.756 6.1153 -0.2591 70 46 18
11.777 6.2148 -0.30431 72 48 10
11.799 6.081 -0.41725 69 44 22
11.686 6.2887 -0.32026 71 46 23
11.716 6.0973 -0.43556 68 45 14
11.745 6.1422 -0.29548 71 45 20
11.791 6.1342 -0.27064 72 48 10
11.924 6.0184 -0.37554 68 46 22
11.912 6.1443 -0.4127 66 43 12
11.887 6.2603 -0.33097 72 47 17
11.887 6.069 -0.36874 70 46 20
11.829 6.1038 -0.27984 74 47 0
11.849 6.1088 -0.35871 71 50 19
11.84 6.1363 -0.39309 70 45 13
11.874 6.0701 -0.25677 72 46 19
11.905 6.1904 -0.26212 69 45 7
11.862 6.1574 -0.28759 75 48 3
11.836 6.1077 -0.24481 75 47 10
11.856 6.1193 -0.32288 77 48 24
11.893 6.2814 -0.29985 68 45 4
11.924 6.0419 -0.37423 68 46 22
11.821 6.1113 -0.3133 75 48 13
11.872 6.0665 -0.43559 69 45 11
11.899 6.295 -0.45269 68 44 18
11.83 6.1664 -0.4293 69 45 11
11.876 6.1434 -0.40178 68 43 13
11.986 6.0788 -0.42894 59 40 0
11.948 6.4721 -0.39294 57 39 17
11.977 6.2259 -0.27982 62 40 1
11.966 6.3876 -0.31742 60 39 20
11.944 6.3369 -0.42605 63 41 4
11.927 6.1607 -0.34024 67 43 17
13.216 6.7168 -0.44192 64 34 6
13.188 6.5929 -0.40165 63 33 15
13.202 6.6269 -0.36251 62 37 5
13.199 6.6728 -0.48032 62 37 7
12.979 5.0464 -0.42829 58 31 20
11.55 3.1387 -0.38427 77 56 37
11.553 3.1529 -0.37917 76 57 27
11.551 3.1503 -0.38696 80 54 31
11.548 3.1325 -0.37398 76 56 19
11.551 3.1318 -0.39184 76 56 29
11.55 3.1478 -0.3685 75 53 29
11.557 3.1747 -0.38465 80 55 35
11.557 3.177 -0.35743 77 56 27
11.555 3.174 -0.36554 76 54 15
11.557 3.1968 -0.35147 79 59 32
11.553 3.1617 -0.38991 77 56 27
11.558 3.1847 -0.36814 77 55 34
11.558 3.1828 -0.39554 77 57 33
11.554 3.1731 -0.39264 77 58 26
11.554 3.1648 -0.38161 77 56 35
11.558 3.1871 -0.38722 79 58 27
11.563 3.2166 -0.38468 79 57 33
11.562 3.2141 -0.36484 77 55 31
11.56 3.2015 -0.36259 79 56 23
11.563 3.2105 -0.39297 78 58 33
11.561 3.198 -0.3903 78 56 35
11.565 3.2192 -0.37617 77 57 30
11.563 3.2069 -0.37333 79 59 25
11.563 3.2187 -0.35643 80 59 30
11.56 3.196 -0.37066 78 57 26
11.568 3.2357 -0.39933 82 59 25
11.569 3.228 -0.37875 79 56 25
11.567 3.2281 -0.35876 80 59 40
11.567 3.2345 -0.35035 76 55 10
11.566 3.2288 -0.38754 77 55 31
11.566 3.2222 -0.39645 79 58 31
11.566 3.2235 -0.3677 78 58 23
10.592 6.0204 -0.42512 43 22 1
10.909 6.2643 -0.52999 42 18 0
11.012 6.319 -0.43624 69 46 13
11.043 6.3576 -0.45014 73 47 7
10.998 6.328 -0.47449 69 43 20
11.08 6.1954 -0.60436 71 47 13
10.999 6.2361 -0.54862 63 43 18
11.075 6.2608 -0.56948 69 46 5
11.042 6.3165 -0.48562 67 43 15
11.034 6.3036 -0.52357 68 42 15
11.204 6.2788 -0.56068 67 45 8
11.102 6.3167 -0.58159 70 47 6
11.097 6.2906 -0.62052 68 43 20
11.187 6.303 -0.60273 69 45 11
11.116 6.2297 -0.45469 71 47 19
11.137 6.3096 -0.46598 72 46 23
11.099 6.2352 -0.65553 65 45 11
11.205 6.2361 -0.43333 70 48 11
11.196 6.3138 -0.562 67 45 8
11.193 6.2304 -0.6338 69 44 21
11.144 6.2346 -0.49842 68 43 13
11.153 6.2251 -0.62553 68 42 17
11.159 6.2498 -0.58344 71 48 15
11.197 6.2262 -0.47042 68 47 20
11.154 6.3197 -0.55316 68 42 15
11.177 6.2661 -0.51173 69 44 14
11.316 6.2831 -0.46477 72 46 21
11.22 6.3051 -0.48298 70 45 13
11.319 6.2564 -0.62451 69 45 9
11.28 6.304 -0.58009 73 49 11
11.301 6.1535 -0.45129 72 49 15
11.268 6.3114 -0.62272 72 46 21
11.318 6.217 -0.50074 70 46 12
11.281 6.2018 -0.48924 69 45 11
11.226 6.3261 -0.44682 73 48 18
11.233 6.1954 -0.51664 68 43 20
11.239 6.2034 -0.64112 71 48 17
11.225 6.3182 -0.61168 71 43 12
11.31 6.2065 -0.53776 69 43 2
11.26 6.2572 -0.53082 67 42 19
11.273 6.2324 -0.65366 67 46 15
11.248 6.2618 -0.56986 69 45 11
11.397 6.277 -0.48489 58 37 10
11.363 6.1878 -0.50747 70 45 13
11.375 6.2252 -0.5939 66 45 16
11.351 6.3064 -0.63992 68 43 21
11.461 6.1848 -0.45285 70 47 14
11.447 6.2085 -0.65251 70 45 13
11.436 6.2214 -0.5277 67 42 10
11.39 6.2563 -0.52071 60 38 15
11.337 6.2731 -0.54925 65 39 14
11.435 6.2841 -0.49389 65 44 15
11.375 6.1774 -0.47066 70 46 20
11.42 6.2558 -0.56743 65 44 13
11.401 6.3074 -0.61223 64 46 8
11.398 6.2694 -0.6451 57 35 11
11.316 6.3288 -0.59249 68 45 11
11.376 6.2789 -0.56015 60 39 12
11.403 6.2972 -0.44691 66 44 23
11.548 6.1912 -0.59146 60 40 15
11.577 6.1814 -0.47975 67 45 22
11.532 6.1592 -0.50631 64 40 14
11.497 6.2047 -0.62312 68 46 9
11.464 6.2932 -0.54272 64 40 14
11.546 6.1204 -0.46984 66 44 20
11.537 6.198 -0.6289 63 40 9
11.567 6.1856 -0.5183 70 46 8
11.497 6.1987 -0.46319 69 44 21
11.479 6.2629 -0.66397 66 44 23
11.466 6.2133 -0.57368 66 44 21
11.45 6.2554 -0.61769 67 47 12
11.487 6.2016 -0.5004 64 43 12
11.558 6.1789 -0.55742 66 43 10
11.533 6.0807 -0.54054 62 39 5
11.499 6.2578 -0.58744 65 41 5
11.664 6.0809 -0.49428 72 45 24
11.616 6.0966 -0.52057 66 39 18
11.602 6.1405 -0.56133 66 47 15
11.641 6.2091 -0.53944 71 46 14
11.62 6.1363 -0.4855 67 47 12
11.622 6.14 -0.64577 68 47 18
11.615 6.2578 -0.4588 72 47 24
11.629 6.1526 -0.61019 70 49 20
11.67 6.1019 -0.46236 72 46 19
11.676 6.154 -0.58103 66 46 21
11.588 6.1639 -0.44277 71 45 20
11.58 6.1697 -0.63733 69 48 19
11.685 6.1507 -0.5437 71 43 12
11.665 6.1775 -0.61944 70 50 13
11.699 6.0923 -0.50547 72 44 15
11.629 6.2332 -0.57801 70 48 9
11.657 6.1669 -0.65616 66 46 9
11.58 6.241 -0.6044 69 47 23
11.778 6.027 -0.51862 68 45 14
11.786 6.0878 -0.64209 67 44 10
11.81 6.101 -0.53332 69 44 14
11.798 6.1488 -0.57418 65 44 15
11.707 6.1064 -0.4712 70 45 13
11.745 6.0907 -0.47797 69 46 15
11.791 6.1273 -0.609 68 45 12
11.726 6.2208 -0.52146 71 44 7
11.774 6.1931 -0.49322 69 44 12
11.748 6.1574 -0.44554 68 47 20
11.759 6.0695 -0.59211 67 44 11
11.706 6.1457 -0.62749 68 44 18
11.723 6.1478 -0.5524 70 47 14
11.786 6.1466 -0.45465 70 47 13
11.744 6.146 -0.63529 64 41 10
11.767 6.0744 -0.55755 71 46 14
11.706 6.2415 -0.5956 68 45 12
11.892 6.2789 -0.48483 67 43 15
11.901 6.1789 -0.63964 63 41 17
11.889 6.1553 -0.51733 70 43 8
11.909 6.18 -0.59994 67 41 14
11.838 6.1077 -0.57877 68 42 15
11.861 6.1321 -0.47481 71 45 22
11.883 6.0975 -0.55082 69 44 14
11.85 6.1902 -0.51222 71 43 6
11.878 6.0425 -0.58372 64 40 12
11.868 6.083 -0.62365 69 43 16
11.849 6.0462 -0.54008 68 45 1
11.833 6.058 -0.61197 66 46 12
11.917 6.162 -0.56605 68 43 21
11.825 6.1216 -0.46276 72 47 17
11.817 6.1162 -0.49785 71 42 20
11.818 6.1716 -0.65637 66 44 20
11.849 6.0481 -0.54019 68 45 1
11.932 6.4654 -0.46384 62 41 14
12.42 6.5567 -0.51731 86 61 38
12.933 6.6422 -0.64947 64 44 19
13.133 6.6786 -0.70233 83 60 27
13.147 6.5879 -0.70412 85 60 30
13.132 6.6547 -0.66189 81 60 33
13.065 6.5806 -0.72398 84 60 26
13.085 6.6407 -0.69206 86 63 32
13.19 6.6546 -0.51546 58 35 4
13.189 6.5865 -0.67847 83 60 29
13.211 6.6483 -0.64319 76 57 15
13.241 6.6561 -0.73089 84 59 29
13.2 6.7112 -0.56085 74 45 13
13.244 6.6309 -0.64917 79 59 25
13.198 6.6375 -0.71978 83 60 29
13.257 6.5652 -0.69076 85 59 32
13.2 6.5896 -0.59961 64 43 16
13.211 6.6121 -0.56192 72 46 23
13.246 6.6565 -0.69223 85 61 23
13.201 6.4596 -0.59561 62 45 19
13.271 6.6286 -0.73872 82 56 31
13.315 6.619 -0.67087 83 59 23
13.349 6.5918 -0.63535 81 58 14
13.251 6.528 -0.65143 83 58 26
13.299 6.5813 -0.70235 82 58 22
13.331 6.5632 -0.71076 82 58 30
13.337 6.5684 -0.6741 84 60 24
13.395 6.5072 -0.64961 84 59 29
13.412 6.7048 -0.73603 82 59 15
13.407 6.6732 -0.69173 82 59 28
13.394 6.5183 -0.68738 83 59 33
13.4 6.5495 -0.72796 81 57 29
13.441 6.539 -0.6631 83 58 28
13.361 6.5166 -0.64304 84 59 36
13.448 6.5709 -0.70405 81 57 21
13.461 6.5841 -0.62714 81 58 25
13.461 6.4892 -0.66589 84 60 26
13.474 6.5168 -0.6347 84 59 36
13.482 6.5626 -0.71088 82 57 25
13.548 6.5434 -0.72955 84 61 17
13.543 6.5186 -0.68663 83 58 35
13.533 6.6035 -0.72538 84 61 27
13.516 6.5433 -0.6772 82 59 26
13.557 6.6372 -0.61101 75 55 18
11.548 3.1213 -0.41529 77 57 22
11.549 3.1291 -0.39974 74 56 18
11.553 3.1432 -0.44068 76 54 30
11.551 3.1456 -0.39504 78 53 30
11.548 3.1245 -0.4341 75 55 28
11.55 3.1263 -0.42607 79 55 27
11.551 3.1404 -0.40289 77 55 14
11.552 3.1513 -0.40579 76 57 27
11.551 3.1372 -0.42941 75 57 33
11.551 3.1422 -0.4217 76 57 40
11.55 3.1311 -0.41828 77 57 33
11.55 3.1362 -0.41052 76 54 33
11.549 3.1249 -0.40773 77 57 23
11.55 3.1344 -0.43738 76 56 32
11.553 3.1454 -0.41382 76 53 35
11.555 3.1642 -0.42833 77 57 33
11.555 3.1592 -0.43625 76 56 32
11.554 3.1628 -0.40892 77 56 25
11.559 3.1753 -0.40348 79 56 23
11.556 3.1684 -0.42039 80 56 30
11.557 3.1729 -0.41189 77 55 34
11.554 3.1576 -0.417 76 55 34
11.555 3.1454 -0.43257 78 56 33
11.554 3.1551 -0.44422 76 55 26
11.558 3.1751 -0.43154 77 57 32
11.556 3.1657 -0.40086 76 56 21
11.557 3.1708 -0.43987 76 55 26
11.554 3.1547 -0.39782 77 56 27
11.553 3.1535 -0.42486 76 56 31
11.559 3.1822 -0.44343 78 58 24
11.563 3.1991 -0.40992 79 56 25
11.564 3.2127 -0.4135 78 56 32
11.562 3.2049 -0.4304 78 57 38
11.562 3.1986 -0.43867 79 57 33
11.564 3.2081 -0.42182 77 57 23
11.562 3.1952 -0.41829 79 54 32
11.559 3.1894 -0.40698 79 58 29
11.558 3.1804 -0.42352 77 55 32
11.559 3.1955 -0.3985 78 59 25
11.563 3.205 -0.4016 78 59 29
11.563 3.1911 -0.44683 78 58 24
11.561 3.1905 -0.42695 75 57 35
11.56 3.186 -0.43505 79 58 31
11.559 3.1849 -0.41544 79 54 31
11.566 3.2145 -0.43389 78 60 36
11.566 3.2437 -0.42049 78 55 22
11.566 3.2196 -0.42523 78 56 32
11.567 3.2222 -0.446 77 57 30
11.564 3.2197 -0.40491 76 55 28
11.571 3.2238 -0.40765 78 56 33
11.569 3.2265 -0.43746 78 58 31
11.57 3.2297 -0.42885 78 57 30
11.568 3.223 -0.41639 78 58 23
11.564 3.2056 -0.45092 76 55 36
11.565 3.2104 -0.4424 78 58 31
11.038 6.27 -0.68659 65 43 4
11.071 6.2131 -0.76868 66 42 8
11.131 6.2748 -0.66647 68 44 8
11.096 6.2279 -0.82139 63 39 11
11.173 6.2694 -0.67875 65 41 15
11.118 6.2808 -0.70906 65 40 10
11.192 6.2682 -0.76605 64 41 7
11.172 6.2596 -0.84544 63 38 15
11.176 6.287 -0.81092 62 40 16
11.329 6.1941 -0.78812 64 44 10
11.262 6.2336 -0.693 68 43 13
11.198 6.2932 -0.72841 67 43 9
11.308 6.2591 -0.6652 67 47 13
11.245 6.2642 -0.7364 66 43 12
11.296 6.2557 -0.87334 62 40 16
11.28 6.2422 -0.78153 66 44 20
11.261 6.2245 -0.85978 62 42 7
11.302 6.2362 -0.70022 67 44 3
11.246 6.2094 -0.76929 65 41 3
11.318 6.1987 -0.8252 65 42 9
11.215 6.2644 -0.68761 66 43 10
11.202 6.2595 -0.89681 64 42 5
11.301 6.1879 -0.73641 64 41 8
11.302 6.1813 -0.73535 64 41 8
11.383 6.2916 -0.85847 59 35 9
11.392 6.2993 -0.81785 57 34 0
11.396 6.1017 -0.74826 67 41 14
11.438 6.2051 -0.69052 63 42 13
11.443 6.2328 -0.81887 61 39 15
11.391 6.1894 -0.71626 65 39 12
11.394 6.2271 -0.68398 59 36 3
11.362 6.1883 -0.66748 68 45 12
11.412 6.2427 -0.77422 54 34 9
11.342 6.2298 -0.87867 64 40 2
11.338 6.2055 -0.74844 64 40 12
11.421 6.2455 -0.73255 63 43 16
11.401 6.1216 -0.87683 59 39 12
11.367 6.2067 -0.79862 62 41 10
11.341 6.2458 -0.71339 64 43 14
11.478 6.2045 -0.86459 63 38 15
11.586 6.0425 -0.6636 64 43 12
11.577 6.0548 -0.86274 56 36 9
11.509 6.1961 -0.7464 64 38 13
11.474 6.2965 -0.83615 65 41 15
11.47 6.2568 -0.70394 66 44 20
11.518 6.2017 -0.70769 60 40 6
11.573 6.0756 -0.7044 65 44 15
11.563 6.2387 -0.84877 65 41 13
11.55 6.179 -0.75354 61 38 5
11.492 6.2463 -0.79245 65 40 18
11.537 6.2051 -0.79455 60 39 18
11.532 6.1734 -0.82952 59 37 14
11.523 6.2294 -0.6719 59 42 16
11.519 6.1972 -0.87337 57 36 15
11.47 6.192 -0.73472 64 44 9
11.468 6.1385 -0.7658 63 41 18
11.613 6.1547 -0.84626 63 40 6
11.654 6.1125 -0.6888 66 43 12
11.663 6.1379 -0.8153 62 40 16
11.648 6.1896 -0.8625 63 40 6
11.605 6.2081 -0.68937 66 47 17
11.646 6.1013 -0.72584 65 41 13
11.67 6.1516 -0.7776 64 39 16
11.68 6.2349 -0.711 66 43 12
11.625 6.1269 -0.80482 61 41 14
11.594 6.1442 -0.75855 63 42 13
11.584 6.1424 -0.79889 63 43 18
11.698 6.0755 -0.85196 62 39 8
11.592 6.2394 -0.73128 63 42 13
11.635 6.1227 -0.76447 64 41 8
11.602 6.1656 -0.88662 60 39 12
11.68 6.1446 -0.7385 66 40 13
11.743 6.0947 -0.82725 62 38 10
11.723 6.0903 -0.74306 61 40 11
11.741 6.0771 -0.66763 65 42 9
11.711 6.1289 -0.7849 63 42 21
11.697 6.1562 -0.66402 65 45 10
11.728 6.1667 -0.87577 62 39 8
11.79 6.0807 -0.79693 62 41 14
11.776 6.1045 -0.68025 65 45 8
11.771 6.117 -0.87838 60 39 8
11.75 6.1099 -0.79253 60 38 15
11.759 6.1099 -0.75398 63 42 15
11.765 6.1374 -0.71918 63 42 11
11.78 6.1128 -0.83679 63 39 13
11.729 6.1164 -0.70838 63 41 4
11.741 6.0855 -0.66743 65 42 9
11.811 6.0151 -0.71425 64 41 7
11.705 6.0984 -0.81662 60 40 15
11.8 6.0594 -0.75768 67 43 9
11.905 6.2195 -0.80415 62 43 11
11.812 6.1285 -0.69007 66 42 14
11.884 6.0272 -0.73506 66 42 4
11.859 6.0447 -0.84683 63 38 6
11.862 6.0549 -0.65613 67 41 14
11.914 6.1966 -0.76322 62 38 10
11.829 6.06 -0.80254 59 38 11
11.818 6.1096 -0.84956 59 40 6
11.865 6.0769 -0.8125 65 40 17
11.903 6.0736 -0.82299 58 40 4
11.833 6.1353 -0.77401 64 39 19
11.874 6.0624 -0.77578 65 43 20
11.89 6.0649 -0.70352 64 40 4
11.898 6.0547 -0.66558 64 41 7
11.895 6.0579 -0.85956 60 36 8
11.85 6.1217 -0.69796 66 40 15
11.839 6.1712 -0.74112 64 40 6
11.925 6.1131 -0.71905 64 41 10
11.931 6.0991 -0.87361 60 37 3
12.003 6.3614 -0.72416 61 40 9
12.936 6.6065 -0.85478 82 59 25
12.936 6.6052 -0.85474 82 59 25
12.969 6.5542 -0.81784 84 60 32
13.014 6.5868 -0.83071 83 59 23
13.012 6.5566 -0.788 88 60 20
13.093 6.6249 -0.89783 83 60 26
13.167 6.6153 -0.91453 83 56 35
13.129 6.5763 -0.82214 83 60 27
13.134 6.6141 -0.86392 83 60 27
13.146 6.6007 -0.74399 86 59 22
13.103 6.6232 -0.8162 86 60 19
13.099 6.5859 -0.77279 84 58 18
13.276 6.5832 -0.89983 81 59 22
13.29 6.6453 -0.94892 80 57 16
13.254 6.6037 -0.8133 81 58 27
13.21 6.5988 -0.84229 85 59 34
13.188 6.6358 -0.79694 83 58 28
13.199 6.5763 -0.88032 82 60 21
13.231 6.6366 -0.76914 81 58 27
13.249 6.6035 -0.85188 80 60 26
13.242 6.6129 -0.93523 80 58 21
13.166 6.5724 -0.83148 84 61 27
13.271 6.647 -0.77936 84 57 22
13.258 6.6495 -0.89946 84 60 22
13.284 6.4693 -0.85494 81 58 25
13.403 6.6271 -0.93302 82 57 25
13.375 6.6305 -0.84665 79 58 31
13.297 6.6227 -0.82554 81 59 22
13.331 6.5801 -0.75286 81 55 30
13.276 6.5331 -0.77608 80 56 28
13.359 6.5947 -0.88132 80 61 19
13.336 6.4789 -0.75136 81 57 31
13.343 6.5569 -0.91459 80 57 26
13.36 6.6909 -0.80424 80 58 21
13.3 6.5061 -0.82196 84 61 28
13.36 6.5671 -0.79911 82 59 25
13.3 6.632 -0.82686 81 59 22
13.331 6.7031 -0.75341 81 59 22
13.278 6.5716 -0.85949 84 60 24
13.306 6.5727 -0.94631 80 57 26
13.401 6.5667 -0.76842 81 58 25
13.512 6.6904 -0.84396 81 57 29
13.484 6.5363 -0.94889 79 58 11
13.442 6.5667 -0.73857 81 59 22
13.481 6.6956 -0.7927 85 58 23
13.457 6.5387 -0.86294 79 59 24
13.415 6.6251 -0.81391 83 63 13
13.429 6.5935 -0.93726 80 56 30
13.449 6.4785 -0.73943 85 61 27
13.465 6.5387 -0.78553 80 56 30
13.383 6.5525 -0.88397 81 55 30
13.441 6.5894 -0.82033 83 61 37
13.416 6.5401 -0.89175 81 57 29
13.444 6.5145 -0.89695 83 58 26
13.439 6.5971 -0.86122 80 59 30
13.364 6.4782 -0.83549 83 58 28
13.551 6.5859 -0.8457 82 61 30
13.518 6.4695 -0.75898 83 59 33
13.537 6.6383 -0.80604 82 59 25
13.6 6.6282 -0.90126 82 57 25
13.475 6.4979 -0.9038 79 56 25
13.605 6.6528 -0.94494 83 58 28
13.551 6.5967 -0.88823 81 57 31
13.504 6.5343 -0.75727 81 58 24
13.55 6.6182 -0.96966 83 58 26
13.511 6.5762 -0.83729 80 61 21
13.518 6.4809 -0.79511 81 59 20
13.58 6.5625 -0.85369 81 58 24
13.496 6.5466 -0.87403 80 57 24
11.551 3.1247 -0.47183 76 56 29
11.548 3.1142 -0.44939 75 54 27
11.548 3.1063 -0.48341 76 56 21
11.55 3.1313 -0.46432 75 57 35
11.551 3.1267 -0.44489 75 54 27
11.55 3.1245 -0.45277 77 56 29
11.552 3.132 -0.48364 74 53 32
11.548 3.1121 -0.47583 74 53 34
11.55 3.1219 -0.48014 73 53 29
11.55 3.1183 -0.46031 74 56 34
11.549 3.1173 -0.44159 70 53 23
11.549 3.1152 -0.46831 71 54 28
11.551 3.1401 -0.44887 76 54 33
11.552 3.1339 -0.45639 78 59 19
11.55 3.1165 -0.48747 72 55 27
11.555 3.1412 -0.48783 75 53 32
11.557 3.1581 -0.48429 75 55 31
11.556 3.1655 -0.47657 76 55 34
11.555 3.1435 -0.45978 77 54 23
11.554 3.1501 -0.45234 75 55 21
11.554 3.1475 -0.4801 76 55 28
11.555 3.1572 -0.46419 76 57 27
11.557 3.1692 -0.46815 81 57 29
11.553 3.1411 -0.4682 78 58 31
11.552 3.1369 -0.47638 74 53 32
11.556 3.1511 -0.47186 77 56 35
11.557 3.1603 -0.45602 77 57 33
11.558 3.1642 -0.44771 75 55 31
11.557 3.1522 -0.49158 75 56 24
11.562 3.1792 -0.49235 77 55 34
11.561 3.1867 -0.48452 77 57 32
11.558 3.1656 -0.49678 81 59 18
11.563 3.196 -0.4678 76 54 31
11.563 3.201 -0.45926 77 57 23
11.56 3.1845 -0.46391 77 57 32
11.56 3.1791 -0.47199 76 58 36
11.558 3.1785 -0.45181 76 59 31
11.561 3.1891 -0.45544 78 58 31
11.56 3.1701 -0.4596 77 55 31
11.563 3.1897 -0.47575 76 59 33
11.561 3.1764 -0.50059 77 55 31
11.558 3.1765 -0.48047 76 50 25
11.564 3.1927 -0.49696 74 53 32
11.559 3.1687 -0.48806 76 56 31
11.567 3.2035 -0.50137 80 55 23
11.568 3.2258 -0.4675 80 59 32
11.569 3.2162 -0.50583 77 56 35
11.569 3.218 -0.47569 78 57 30
11.566 3.2185 -0.45486 80 55 33
11.567 3.2106 -0.46308 79 57 33
11.564 3.2038 -0.48049 76 56 31
11.564 3.1974 -0.48844 77 56 29
11.57 3.2209 -0.49726 80 56 30
11.567 3.2146 -0.48461 81 59 38
11.567 3.2095 -0.49279 79 55 29
11.573 3.2285 -0.47965 82 58 32
11.57 3.2266 -0.48882 77 57 32
11.565 3.2074 -0.4718 80 57 23
11.571 3.2274 -0.45844 77 58 28
11.573 3.2338 -0.50174 78 57 30
11.574 3.2253 -0.51008 78 59 29
10.953 6.1856 -1.044 31 14 0
10.945 6.1748 -1.0803 27 11 0
11.248 6.2229 -1.0771 57 35 11
11.283 6.2675 -0.91632 59 39 15
11.256 6.2407 -1.0356 58 34 8
11.227 6.1821 -1.0156 56 35 6
11.283 6.2704 -0.91648 59 39 15
11.316 6.1986 -0.99521 59 41 19
11.232 6.258 -0.94738 60 38 14
11.293 6.2045 -1.0791 56 36 0
11.277 6.2452 -0.95409 61 39 18
11.225 6.2386 -0.98487 59 39 14
11.307 6.1888 -1.0364 59 38 11
11.386 6.1503 -0.91638 62 39 6
11.318 6.2476 -0.96297 64 44 9
11.378 6.1945 -1.0948 56 33 17
11.402 6.1129 -1.0396 56 35 6
11.398 6.1987 -1.0155 52 33 3
11.404 6.2211 -0.97893 53 33 9
11.42 6.2501 -1.0753 49 30 0
11.43 6.2499 -1.0333 55 33 9
11.424 6.2272 -0.89797 53 29 3
11.363 6.2255 -0.96717 62 39 8
11.415 6.2152 -1.1081 51 29 6
11.328 6.2492 -0.92252 61 40 11
11.337 6.1953 -1.083 59 38 9
11.487 6.1476 -1.0225 60 40 5
11.474 6.1656 -1.0674 54 34 7
11.56 6.196 -1.0509 56 36 11
11.507 6.2161 -1.0865 61 38 7
11.444 6.2305 -0.98922 62 40 16
11.489 6.1974 -0.98944 62 42 15
11.462 6.2408 -0.90867 62 38 10
11.46 6.1908 -1.1119 54 38 3
11.467 6.1469 -0.93467 61 38 5
11.508 6.2072 -0.9127 59 39 15
11.491 6.2509 -0.96094 64 43 0
11.549 6.1973 -0.92253 54 36 0
11.495 6.2324 -1.129 57 36 15
11.558 6.1336 -1.0788 55 34 3
11.553 6.097 -0.94306 60 38 15
11.533 6.1717 -0.99914 57 35 12
11.655 6.0428 -0.87564 59 36 5
11.631 6.1758 -0.93832 63 41 0
11.592 6.2539 -0.90018 60 39 12
11.598 6.2154 -1.064 58 36 12
11.58 6.2793 -1.1205 55 35 11
11.624 6.1561 -0.97499 62 42 18
11.678 6.0967 -0.93268 59 38 7
11.64 6.1122 -1.0937 58 35 2
11.655 6.2368 -0.99705 60 41 9
11.595 6.1446 -0.92427 60 39 10
11.579 6.1207 -0.99995 60 40 16
11.613 6.1675 -1.016 58 36 13
11.652 6.1696 -1.0239 59 36 3
11.639 6.2087 -1.0718 54 34 7
11.686 6.1147 -0.89589 60 39 10
11.587 6.1325 -0.96461 61 39 15
11.666 6.2452 -1.1304 57 37 12
11.681 6.1813 -1.076 55 35 0
11.712 6.1464 -0.94921 57 36 9
11.763 6.1035 -0.91598 61 39 16
11.756 6.0865 -0.95064 57 36 7
11.71 6.0746 -0.97422 59 38 21
11.689 6.1939 -1.0406 54 37 9
11.773 6.1279 -1.0439 59 34 11
11.799 6.1281 -0.92779 60 35 5
11.757 6.2291 -1.1061 57 36 7
11.808 6.13 -0.88811 59 38 9
11.805 6.1064 -1.088 56 36 1
11.791 6.1293 -0.96856 58 37 16
11.727 6.1078 -1.0712 57 37 10
11.747 6.0849 -0.98817 58 33 11
11.727 6.0827 -0.90177 60 38 17
11.789 6.034 -0.98821 58 38 4
11.718 6.1071 -1.1088 55 33 10
11.736 6.1087 -1.0314 56 36 9
11.84 6.1592 -1.1079 55 34 13
11.85 6.1401 -1.0639 55 35 0
11.909 6.0508 -0.97639 58 37 18
11.897 6.1326 -1.0342 57 36 7
11.822 6.1072 -1.0102 56 36 12
11.875 6.1361 -0.94514 59 38 7
11.831 6.1033 -0.9702 60 38 17
11.916 6.0578 -0.94183 59 39 2
11.851 6.0478 -0.88248 59 38 7
11.864 6.0234 -1.0022 56 37 7
11.814 6.0975 -1.0459 55 35 8
11.865 6.1752 -0.98965 56 39 11
11.885 6.1082 -0.90519 61 37 9
11.841 6.0764 -0.92743 60 38 15
11.892 6.0606 -1.0538 54 34 7
11.885 6.0344 -1.0899 55 36 4
11.961 6.3199 -1.1291 52 35 9
12.001 6.2883 -1.1292 58 36 13
11.919 6.2186 -0.92964 57 36 9
11.936 6.1192 -1.0383 58 37 10
11.927 6.14 -1.083 56 37 7
12.884 6.5183 -1.0853 79 56 14
13.027 6.5738 -1.0018 83 60 27
12.965 6.5407 -1.1069 80 57 15
13.274 6.5584 -1.1861 80 59 28
13.273 6.5381 -1.1402 83 59 25
13.27 6.6111 -1.0247 85 58 25
13.224 6.566 -0.96621 84 59 27
13.179 6.5719 -1.0364 86 62 28
13.227 6.5937 -1.0111 85 60 30
13.37 6.5677 -1.0443 81 56 24
13.389 6.5972 -0.9701 81 56 26
13.32 6.6344 -0.99309 82 57 9
13.375 6.611 -1.1339 83 59 25
13.353 6.5564 -1.1642 82 57 34
13.302 6.5887 -1.0277 81 61 26
13.33 6.5423 -0.99272 82 59 25
13.343 6.6157 -1.0817 82 57 25
13.38 6.6127 -1.0906 81 57 23
13.333 6.5686 -1.0332 79 59 25
13.405 6.5851 -1.1394 80 57 23
13.399 6.5269 -1.0093 82 60 21
13.529 6.6159 -1.1708 81 61 27
13.409 6.5459 -0.96943 81 57 23
13.449 6.5924 -1.1059 77 57 23
13.444 6.5909 -1.1489 80 57 26
13.478 6.5667 -1.1122 76 55 24
13.493 6.6219 -1.164 82 59 26
13.455 6.5966 -1.0692 80 56 22
13.422 6.4715 -0.967 82 59 17
13.491 6.5906 -1.0744 83 58 26
13.474 6.5293 -1.0253 81 57 29
13.504 6.6046 -0.99973 80 60 26
13.458 6.594 -1.0255 82 59 28
13.445 6.6052 -1.1917 79 58 27
13.399 6.5533 -1.0917 83 55 26
13.519 6.4275 -0.94844 83 57 17
13.575 6.5147 -1.0888 80 57 16
13.634 6.6634 -1.0745 79 56 25
13.548 6.519 -1.0052 82 59 26
13.501 6.5017 -1.0295 81 58 17
13.541 6.5316 -1.1229 79 56 25
13.596 6.6632 -1.0715 83 56 19
13.595 6.5783 -1.1409 82 58 30
13.547 6.5385 -1.0871 79 54 24
13.526 6.5957 -1.125 82 59 28
13.52 6.5659 -1.0834 78 55 21
13.523 6.5536 -1.0026 82 59 28
13.558 6.5909 -1.1758 82 59 26
13.581 6.5101 -1.0112 81 57 31
13.598 6.5964 -1.1886 76 57 15
11.548 3.0949 -0.52503 74 54 29
11.549 3.1134 -0.49524 76 55 28
11.55 3.1092 -0.5221 76 56 29
11.55 3.1143 -0.51434 74 53 22
11.551 3.1277 -0.49179 74 52 31
11.548 3.1099 -0.50259 76 57 23
11.551 3.1154 -0.53426 75 57 33
11.549 3.1037 -0.51006 72 52 27
11.551 3.1235 -0.49905 78 57 38
11.548 3.099 -0.51769 72 55 27
11.55 3.1051 -0.52934 72 53 37
11.55 3.1189 -0.5071 76 54 30
11.552 3.1195 -0.52655 75 57 33
11.553 3.1227 -0.51854 79 54 22
11.554 3.1249 -0.53896 74 54 30
11.555 3.1283 -0.53084 74 53 32
11.556 3.1463 -0.52839 78 56 35
11.556 3.1485 -0.50009 78 57 28
11.555 3.145 -0.50779 76 57 25
11.555 3.1392 -0.51572 74 54 30
11.558 3.1593 -0.50435 77 56 25
11.554 3.1358 -0.52365 76 55 34
11.552 3.1298 -0.5113 76 56 32
11.555 3.142 -0.53659 73 55 31
11.555 3.1366 -0.54385 72 55 29
11.554 3.138 -0.4958 75 54 33
11.557 3.1555 -0.51252 76 55 34
11.556 3.1513 -0.52031 75 54 23
11.553 3.1333 -0.50383 77 56 29
11.562 3.166 -0.53744 77 57 32
11.56 3.1664 -0.51664 76 54 31
11.561 3.1631 -0.54593 77 59 35
11.564 3.1846 -0.53487 76 55 28
11.563 3.1825 -0.5135 78 58 31
11.563 3.1767 -0.52169 78 53 31
11.56 3.1609 -0.525 75 55 31
11.558 3.1576 -0.53295 79 57 34
11.561 3.1731 -0.5297 77 55 32
11.558 3.1517 -0.54111 77 56 27
11.561 3.1699 -0.50871 77 57 33
11.563 3.1873 -0.5053 76 55 24
11.564 3.1733 -0.5508 75 57 35
11.563 3.1803 -0.54288 77 57 32
11.567 3.2073 -0.52302 78 56 32
11.568 3.2038 -0.55333 79 57 33
11.567 3.2011 -0.53135 75 55 28
11.566 3.199 -0.50947 76 55 28
11.564 3.1905 -0.52644 77 57 23
11.568 3.2126 -0.51506 77 56 37
11.571 3.2176 -0.5278 78 56 35
11.566 3.1846 -0.55594 74 57 27
11.569 3.2141 -0.53634 77 57 22
11.566 3.1966 -0.53974 77 57 32
11.566 3.1918 -0.54828 77 57 33
11.57 3.2072 -0.54484 76 56 29
11.565 3.1942 -0.51821 78 57 30
11.573 3.2365 -0.55651 77 57 30
11.571 3.2233 -0.51902 78 55 37
11.571 3.2216 -0.5502 78 58 34
11.572 3.2141 -0.5585 79 58 31
11.575 3.2283 -0.53259 77 57 32
11.573 3.2249 -0.54154 78 56 35
11.577 3.2235 -0.56295 80 58 34
11.171 6.1327 -1.2523 54 31 13
11.238 6.1516 -1.3174 57 36 5
11.247 6.1626 -1.2808 55 35 11
11.311 6.1027 -1.2332 54 34 9
11.414 6.0385 -1.1927 55 35 10
11.389 6.1208 -1.253 52 35 9
11.333 6.2014 -1.2632 55 33 10
11.356 6.1954 -1.1759 57 36 7
11.363 6.1471 -1.344 53 32 13
11.434 6.0334 -1.2822 49 34 5
11.4 6.1722 -1.3606 53 29 19
11.482 6.2488 -1.1788 53 36 8
11.505 6.2333 -1.2649 53 32 11
11.537 6.2195 -1.137 51 34 14
11.564 6.0219 -1.2621 50 33 13
11.558 6.0665 -1.2735 50 33 13
11.531 6.1936 -1.3501 49 27 14
11.55 6.2018 -1.2677 50 32 12
11.535 6.1609 -1.1662 51 35 12
11.463 6.1036 -1.135 53 33 8
11.439 6.1851 -1.3725 44 25 18
11.477 6.1406 -1.2367 51 33 9
11.456 6.2126 -1.2959 50 32 20
11.638 6.1435 -1.2737 53 37 11
11.628 6.1309 -1.1377 56 36 11
11.615 6.159 -1.1847 56 35 8
11.67 6.1078 -1.1411 59 39 12
11.696 6.049 -1.2179 54 34 7
11.649 6.1289 -1.2293 55 37 17
11.625 6.1724 -1.3215 54 36 16
11.657 6.142 -1.1909 57 40 12
11.678 6.1384 -1.2813 54 38 13
11.572 6.1833 -1.1824 53 32 13
11.577 6.1562 -1.3501 49 31 17
11.607 6.152 -1.2235 56 38 14
11.593 6.1787 -1.2746 52 35 18
11.732 5.9795 -1.2464 55 36 19
11.705 6.1832 -1.3408 51 32 16
11.799 6.114 -1.303 57 38 8
11.801 6.033 -1.1117 55 37 15
11.792 6.0736 -1.3306 56 36 9
11.745 6.1523 -1.1674 57 34 18
11.737 6.1368 -1.2089 55 34 3
11.709 6.1085 -1.1491 57 35 11
11.693 6.1823 -1.2053 58 39 7
11.749 6.2047 -1.1421 53 36 10
11.787 6.1152 -1.1692 56 35 16
11.772 6.0761 -1.2385 56 38 0
11.763 6.0771 -1.2791 54 36 14
11.747 6.1602 -1.3465 52 33 16
11.724 6.1781 -1.2564 55 37 15
11.776 6.1361 -1.2144 54 39 10
11.837 6.1186 -1.3128 52 33 3
11.886 6.0893 -1.2693 57 36 19
11.825 6.1184 -1.1775 56 36 11
11.912 6.0931 -1.1507 58 37 10
11.877 6.0096 -1.124 58 36 12
11.917 6.1972 -1.1297 58 38 4
11.863 6.1303 -1.1906 57 36 5
11.836 6.0764 -1.1308 53 32 15
11.814 6.1593 -1.2301 57 38 8
11.8 6.2268 -1.2886 59 38 21
11.83 6.0884 -1.3422 51 35 12
11.85 6.0522 -1.2532 55 38 8
11.881 6.0295 -1.2948 54 37 11
11.905 6.0368 -1.178 56 36 12
11.86 6.0223 -1.206 57 36 17
11.894 6.1112 -1.2373 57 38 8
11.911 6.1095 -1.1551 58 37 10
11.94 6.1529 -1.2127 57 37 3
12.017 6.1746 -1.2446 54 37 20
11.949 6.0985 -1.1641 57 37 2
11.931 6.1652 -1.2548 54 34 9
13.382 6.571 -1.2996 82 57 27
13.36 6.5918 -1.2124 81 57 29
13.352 6.5812 -1.2503 81 57 23
13.493 6.5497 -1.277 80 57 24
13.489 6.5618 -1.3631 8 13 0
13.417 6.5601 -1.3034 80 55 32
13.526 6.6199 -1.2139 80 57 26
13.475 6.5951 -1.2386 80 55 23
13.433 6.5835 -1.2298 80 57 26
13.467 6.5836 -1.2778 77 57 30
13.548 6.4722 -1.2013 79 57 16
13.551 6.5947 -1.2585 77 55 31
13.566 6.5307 -1.255 79 55 27
13.61 6.5706 -1.3551 16 16 6
13.538 6.4786 -1.3197 56 39 9
13.608 6.5342 -1.2239 79 55 19
13.636 6.6179 -1.2813 80 56 30
13.583 6.5889 -1.3078 78 54 28
11.55 3.1008 -0.58497 74 54 29
11.548 3.0955 -0.57229 72 52 28
11.547 3.0985 -0.54508 72 52 27
11.552 3.1129 -0.56239 74 53 32
11.549 3.1084 -0.55005 70 53 25
11.552 3.1095 -0.54174 74 54 29
11.549 3.089 -0.57937 70 53 27
11.549 3.1041 -0.55747 76 56 29
11.548 3.0923 -0.55208 72 55 29
11.549 3.1009 -0.5372 75 53 29
11.552 3.1177 -0.55451 73 52 23
11.55 3.0971 -0.56433 75 55 31
11.551 3.1045 -0.57736 76 54 30
11.551 3.1094 -0.56982 74 56 32
11.547 3.0884 -0.55961 71 51 27
11.552 3.1155 -0.58273 74 55 25
11.557 3.1424 -0.55666 75 54 33
11.555 3.1293 -0.58032 76 56 31
11.555 3.1322 -0.55203 75 55 28
11.556 3.1398 -0.56492 76 54 31
11.554 3.1255 -0.58839 78 55 22
11.552 3.1221 -0.54695 77 52 30
11.554 3.1287 -0.56008 76 55 34
11.556 3.1499 -0.54962 75 54 33
11.554 3.1181 -0.57485 74 56 34
11.553 3.1245 -0.56755 77 56 37
11.558 3.1402 -0.5859 74 53 26
11.556 3.1377 -0.59412 74 51 35
11.556 3.1342 -0.57281 77 57 33
11.561 3.1716 -0.55935 79 56 23
11.563 3.1617 -0.59696 74 55 23
11.558 3.1483 -0.59984 73 52 33
11.561 3.1665 -0.56772 74 53 24
11.561 3.1696 -0.58971 78 58 33
11.559 3.1597 -0.55444 75 54 33
11.56 3.1514 -0.59148 78 57 28
11.559 3.1634 -0.57618 76 59 33
11.556 3.1478 -0.57882 74 56 36
11.558 3.1509 -0.57045 76 56 32
11.56 3.1601 -0.60583 75 53 32
11.559 3.1577 -0.58425 76 55 38
11.563 3.1733 -0.5815 74 56 36
11.56 3.1532 -0.56213 72 51 30
11.569 3.2066 -0.57624 77 55 31
11.571 3.1968 -0.61514 74 54 27
11.565 3.1788 -0.59489 75 54 33
11.568 3.1981 -0.56196 76 56 32
11.567 3.1862 -0.60934 74 57 31
11.564 3.1865 -0.58739 78 56 33
11.566 3.1953 -0.57081 76 56 32
11.565 3.1818 -0.56466 76 54 30
11.57 3.1997 -0.58416 79 58 31
11.568 3.1903 -0.60055 73 53 28
11.567 3.1882 -0.57844 76 56 22
11.564 3.1766 -0.57297 78 54 28
11.567 3.198 -0.59313 77 55 31
11.571 3.2101 -0.56713 78 57 30
11.565 3.1735 -0.60287 75 53 29
11.574 3.2208 -0.60478 76 56 32
11.575 3.2431 -0.60312 78 58 31
11.577 3.2222 -0.59516 79 58 31
11.574 3.2217 -0.5726 76 55 28
11.572 3.2172 -0.61362 77 57 23
11.571 3.2205 -0.58181 76 56 29
11.579 3.2232 -0.61793 78 57 30
11.574 3.2087 -0.62121 73 55 33
11.578 3.2271 -0.58622 73 54 22
11.57 3.2104 -0.59908 77 56 37
11.57 3.2033 -0.60718 78 58 23
11.572 3.2126 -0.58996 76 54 30
11.443 6.0974 -1.3902 42 25 7
11.431 6.1088 -1.438 50 31 15
11.501 6.0474 -1.3428 49 29 5
11.654 6.1857 -1.3803 50 31 15
11.56 6.2085 -1.4074 47 29 9
11.608 6.1544 -1.3963 55 33 18
11.974 3.6775 -0.74719 51 33 21
11.732 6.1149 -1.4184 50 33 16
11.775 6.1959 -1.406 57 38 8
11.795 6.2083 -1.5076 35 17 0
11.737 6.1673 -1.3916 52 35 15
11.683 6.2029 -1.4358 52 35 17
11.726 6.1836 -1.4384 50 33 16
11.994 3.7922 -0.80639 27 24 5
11.765 6.2008 -1.4452 51 34 14
11.911 6.003 -1.3363 54 35 3
11.86 6.0893 -1.3939 56 33 17
11.869 6.0862 -1.35 53 36 10
11.887 6.1571 -1.4663 50 34 19
11.815 6.06 -1.414 52 34 10
11.869 6.0974 -1.3518 53 36 10
11.88 5.9301 -1.4734 23 12 8
11.902 6.0204 -1.3807 52 34 14
11.855 6.0357 -1.4131 50 34 21
11.852 5.9322 -1.4242 33 18 0
11.826 6.0122 -1.3614 54 38 15
11.856 5.8575 -1.4016 33 18 0
11.834 6.0769 -1.5196 23 17 5
11.933 6.2378 -1.4502 53 32 13
11.55 3.0958 -0.59248 70 54 28
11.551 3.0916 -0.61999 75 52 36
11.55 3.0981 -0.61331 70 49 28
11.548 3.0802 -0.59417 70 51 34
11.548 3.0781 -0.62172 72 55 29
11.552 3.0989 -0.63369 76 55 36
11.55 3.0885 -0.62764 75 53 32
11.547 3.0864 -0.5872 73 53 29
11.55 3.0861 -0.60682 71 52 22
11.547 3.075 -0.62953 71 53 31
11.552 3.1 -0.60505 71 54 28
11.551 3.1063 -0.5979 73 56 28
11.549 3.0914 -0.59993 73 53 29
11.549 3.0821 -0.61455 71 50 29
11.554 3.1131 -0.63208 74 54 30
11.554 3.111 -0.61077 72 55 29
11.553 3.1179 -0.60424 75 54 37
11.556 3.1314 -0.60169 75 55 28
11.553 3.1093 -0.59024 75 53 29
11.557 3.1282 -0.63058 73 55 33
11.555 3.1283 -0.6097 74 53 32
11.555 3.1202 -0.59556 74 53 36
11.553 3.1072 -0.61854 74 53 36
11.553 3.1095 -0.63999 74 53 36
11.556 3.1219 -0.61704 75 54 35
11.553 3.1023 -0.62622 74 53 36
11.556 3.1195 -0.64616 75 53 38
11.556 3.1246 -0.63888 76 55 36
11.555 3.1168 -0.62442 74 54 29
11.56 3.1469 -0.65193 73 55 33
11.562 3.1663 -0.61971 77 56 37
11.558 3.1438 -0.60778 75 54 33
11.559 3.1345 -0.64483 74 56 36
11.559 3.1509 -0.62197 75 53 32
11.561 3.1512 -0.64356 77 57 33
11.56 3.1435 -0.62911 73 54 24
11.557 3.1341 -0.62335 70 52 32
11.561 3.1532 -0.61335 75 54 35
11.558 3.1413 -0.63781 73 54 40
11.563 3.1601 -0.62753 76 56 32
11.562 3.155 -0.63524 75 53 32
11.557 3.1387 -0.61553 75 54 35
11.568 3.1881 -0.66448 76 55 36
11.565 3.1771 -0.62606 75 54 35
11.564 3.1737 -0.63442 75 54 35
11.564 3.1622 -0.65013 77 56 35
11.567 3.1848 -0.6407 77 57 33
11.565 3.1833 -0.61791 78 56 32
11.565 3.1664 -0.64181 76 56 32
11.568 3.1897 -0.63237 76 56 32
11.568 3.1945 -0.62416 74 54 30
11.565 3.1699 -0.66555 75 57 35
11.567 3.1738 -0.65658 77 57 33
11.57 3.1903 -0.65539 76 54 30
11.566 3.1802 -0.64923 76 57 25
11.563 3.1708 -0.61189 76 54 33
11.562 3.1589 -0.65847 74 56 32
11.573 3.2029 -0.66203 76 55 38
11.571 3.208 -0.63081 76 56 31
11.572 3.1999 -0.6386 76 55 36
11.576 3.2219 -0.66098 76 55 34
11.572 3.2104 -0.65469 73 53 28
11.571 3.1992 -0.67104 78 57 40
11.577 3.2213 -0.62756 74 56 32
11.573 3.221 -0.63763 77 56 37
11.574 3.2141 -0.64553 75 55 30
11.576 3.2146 -0.66905 77 54 38
11.575 3.2107 -0.67793 76 56 29
11.577 3.225 -0.65206 76 56 31
11.57 3.1966 -0.6471 71 53 31
11.573 3.2401 -0.64662 78 56 33
11.579 3.222 -0.68451 77 57 30
11.582 3.2216 -0.6736 76 55 34
11.548 3.0804 -0.64268 73 52 33
11.551 3.0797 -0.66264 73 52 33
11.549 3.0777 -0.67089 71 49 34
11.552 3.0908 -0.6696 73 53 28
11.552 3.0936 -0.64098 75 53 32
11.551 3.0829 -0.68484 71 50 23
11.548 3.0621 -0.67102 67 48 14
11.55 3.0863 -0.65644 71 52 36
11.55 3.0837 -0.63477 69 51 31
11.549 3.0723 -0.67781 71 51 26
11.547 3.0701 -0.63624 72 52 25
11.55 3.0736 -0.64903 72 51 32
11.551 3.0899 -0.64844 73 52 21
11.551 3.087 -0.67697 71 52 36
11.547 3.0683 -0.66461 72 53 37
11.548 3.0712 -0.65702 72 51 34
11.555 3.1129 -0.68362 71 53 33
11.555 3.1157 -0.65408 71 53 33
11.555 3.1109 -0.66148 78 53 31
11.554 3.0967 -0.68357 73 53 26
11.552 3.0954 -0.66238 73 52 31
11.557 3.1157 -0.67525 74 52 29
11.555 3.1051 -0.66857 74 53 34
11.553 3.1031 -0.67717 75 55 31
11.554 3.0988 -0.65438 73 51 28
11.553 3.1051 -0.64778 73 54 37
11.555 3.109 -0.69115 72 49 31
11.556 3.122 -0.66837 75 53 30
11.56 3.1293 -0.70478 71 51 27
11.558 3.1312 -0.65287 78 55 37
11.558 3.1336 -0.67529 74 55 25
11.561 3.1435 -0.68156 74 57 27
11.562 3.1468 -0.70523 72 53 37
11.56 3.1354 -0.69799 75 55 30
11.558 3.1281 -0.68293 74 52 28
11.558 3.1253 -0.65988 74 53 34
11.561 3.1495 -0.67463 76 50 33
11.56 3.1369 -0.66713 75 54 35
11.559 3.1429 -0.65961 76 55 34
11.558 3.1229 -0.69011 71 49 34
11.56 3.1396 -0.69018 76 54 41
11.563 3.1395 -0.71175 73 53 19
11.557 3.1193 -0.69809 73 51 28
11.562 3.1537 -0.66624 77 54 36
11.568 3.1681 -0.71952 75 54 27
11.566 3.1677 -0.69666 76 52 38
11.57 3.1834 -0.69531 77 56 25
11.564 3.1656 -0.6735 75 52 34
11.564 3.1492 -0.69645 76 55 34
11.563 3.156 -0.68924 76 55 36
11.564 3.1611 -0.68157 75 53 32
11.567 3.1778 -0.68045 77 55 34
11.568 3.1819 -0.67238 78 58 34
11.567 3.1709 -0.6877 76 55 24
11.565 3.157 -0.71218 76 55 38
11.568 3.1798 -0.70392 75 54 33
11.568 3.1746 -0.71223 76 55 34
11.566 3.1607 -0.70385 77 55 34
11.574 3.204 -0.71924 77 57 33
11.571 3.1866 -0.72 74 56 32
11.569 3.1908 -0.68802 76 56 32
11.571 3.1803 -0.72731 73 54 24
11.574 3.2064 -0.68659 77 56 35
11.575 3.21 -0.71141 77 56 29
11.573 3.2017 -0.69504 75 54 27
11.572 3.1969 -0.70362 79 56 25
11.57 3.1947 -0.67989 77 56 35
11.576 3.2146 -0.70287 75 55 28
11.577 3.2185 -0.69415 77 55 32
11.573 3.1945 -0.73628 75 53 29
11.572 3.1909 -0.71115 72 56 33
11.575 3.1971 -0.72706 74 55 38
11.577 3.2105 -0.7356 76 54 33
11.583 3.2193 -0.74163 76 51 28
11.58 3.2319 -0.70151 77 55 32
11.581 3.2236 -0.70877 77 55 31
11.581 3.2291 -0.73498 78 56 35
11.579 3.2201 -0.71795 77 56 35
11.576 3.2447 -0.73145 78 55 39
11.577 3.2178 -0.7279 77 56 39
11.751 5.294 -1.6965 29 15 2
11.814 5.2979 -1.7128 44 17 10
11.781 5.3098 -1.7139 42 23 17
11.549 3.0652 -0.71292 69 51 27
11.548 3.0691 -0.68517 71 48 32
11.549 3.0631 -0.69175 71 52 36
11.551 3.0779 -0.69182 71 50 29
11.548 3.0599 -0.69899 72 50 35
11.55 3.0739 -0.69878 72 52 27
11.549 3.0699 -0.70638 69 50 33
11.553 3.0926 -0.69138 71 50 31
11.554 3.0941 -0.7131 71 54 26
11.555 3.1007 -0.72767 72 51 32
11.558 3.113 -0.70506 70 48 33
11.557 3.1093 -0.71267 70 51 37
11.555 3.0981 -0.70559 72 51 32
11.556 3.1023 -0.69777 73 53 28
11.553 3.0877 -0.69805 73 50 34
11.552 3.0834 -0.70585 71 52 35
11.556 3.1045 -0.72045 72 52 28
11.559 3.1248 -0.71288 75 52 36
11.558 3.1158 -0.72791 70 49 32
11.557 3.1116 -0.7359 70 52 30
11.561 3.1261 -0.73561 70 51 34
11.561 3.135 -0.75198 73 51 30
11.561 3.1307 -0.72729 73 52 35
11.561 3.1291 -0.75911 71 49 26
11.557 3.1074 -0.7432 70 49 30
11.559 3.1193 -0.72014 74 51 35
11.563 3.1378 -0.74361 70 52 30
11.562 3.1348 -0.71982 73 49 35
11.559 3.1229 -0.74339 73 50 32
11.566 3.1531 -0.77629 71 49 28
11.563 3.1433 -0.7363 75 57 37
11.567 3.1582 -0.73546 75 52 34
11.564 3.1531 -0.72033 73 53 28
11.567 3.1647 -0.72812 75 54 27
11.565 3.1502 -0.75219 76 53 37
11.565 3.1463 -0.72746 71 53 33
11.569 3.1714 -0.744 75 54 33
11.569 3.1653 -0.75169 75 55 31
11.564 3.1458 -0.75958 74 52 29
11.567 3.1563 -0.76766 73 52 35
11.564 3.1399 -0.76748 72 50 29
11.566 3.1542 -0.74333 76 54 39
11.568 3.1617 -0.76005 72 54 32
11.573 3.1877 -0.74367 77 56 29
11.574 3.185 -0.77674 78 54 28
11.572 3.1764 -0.759 74 52 31
11.571 3.1718 -0.76767 73 52 25
11.57 3.1691 -0.77649 75 49 32
11.575 3.201 -0.75226 77 56 27
11.572 3.1824 -0.75196 78 56 41
11.575 3.1936 -0.79414 77 54 36
11.572 3.1817 -0.78536 73 54 24
11.576 3.206 -0.74415 76 56 32
11.576 3.1941 -0.75982 80 54 39
11.569 3.1766 -0.73613 70 52 30
11.574 3.19 -0.76877 77 55 34
11.577 3.1972 -0.78548 76 55 26
11.578 3.2063 -0.8034 72 54 30
11.582 3.2197 -0.77713 76 56 32
11.58 3.2173 -0.75184 74 53 36
11.584 3.2227 -0.76734 76 55 38
11.575 3.246 -0.76742 74 52 28
11.586 3.2243 -0.79243 75 53 32
11.586 3.2187 -0.80148 74 52 31
11.581 3.2088 -0.79402 75 53 32
11.579 3.2133 -0.76065 77 56 25
11.579 3.206 -0.76814 76 55 38
11.581 3.215 -0.78622 78 55 39
11.577 3.2029 -0.77711 77 56 35
11.583 3.2178 -0.81164 77 56 39
11.517 4.9693 -1.765 39 22 4
11.541 4.7158 -1.6201 30 13 0
11.594 4.9162 -1.7146 44 17 0
11.535 5.071 -1.7975 38 20 0
11.625 5.1513 -1.6772 42 19 11
11.693 4.8892 -1.6848 36 22 9
11.695 5.0353 -1.6638 41 16 11
11.65 5.034 -1.721 40 20 9
11.73 4.8223 -1.6543 42 17 10
11.746 4.8655 -1.5831 45 19 4
11.702 4.8724 -1.6474 35 18 1
11.718 4.9738 -1.7046 38 20 10
11.616 5.4371 -1.8259 42 17 12
11.755 4.9662 -1.6734 44 21 13
11.707 5.251 -1.7485 33 15 0
11.754 4.919 -1.6798 37 20 10
11.785 5.028 -1.6753 47 14 15
11.795 5.0818 -1.6362 41 18 12
11.779 5.0194 -1.7064 33 16 0
11.743 4.9456 -1.7261 45 22 4
11.782 5.1355 -1.6997 41 21 0
11.757 5.0116 -1.6669 41 18 0
11.76 5.0515 -1.6541 43 19 5
11.786 4.8222 -1.6624 39 17 6
11.767 5.0602 -1.6219 34 14 13
11.781 5.0015 -1.6977 42 25 8
11.778 4.958 -1.7078 36 18 6
11.821 4.8803 -1.6376 43 24 8
11.816 5.1828 -1.6929 47 18 12
11.813 5.0487 -1.6982 40 15 8
11.817 5.083 -1.6774 45 19 2
11.565 3.1482 -0.7845 76 55 38
11.568 3.16 -0.79287 75 57 37
11.576 3.1864 -0.80152 77 56 37
11.575 3.1813 -0.80917 74 53 34
11.573 3.1731 -0.82585 73 53 28
11.571 3.1704 -0.80122 71 53 29
11.577 3.1887 -0.82696 73 53 28
11.574 3.1772 -0.8181 71 51 24
11.573 3.1745 -0.79251 76 55 38
11.581 3.1999 -0.83569 75 53 29
11.58 3.2088 -0.82923 72 51 30
11.586 3.2236 -0.82882 72 53 37
11.579 3.1974 -0.84518 76 52 38
11.586 3.2178 -0.83702 75 55 31
11.584 3.2144 -0.8465 75 51 41
11.578 3.2007 -0.81132 75 59 26
11.577 3.1955 -0.81981 76 50 36
11.466 4.7697 -1.6707 38 14 10
11.529 4.704 -1.6723 40 15 10
11.458 4.9232 -1.7618 31 18 0
11.566 4.6582 -1.6533 34 20 7
11.534 4.7723 -1.7512 38 20 10
11.56 4.7227 -1.6583 41 20 0
11.621 4.6519 -1.6558 38 20 6
11.498 4.8799 -1.7422 40 21 5
11.581 4.7893 -1.6738 40 23 5
11.582 4.7531 -1.6797 40 19 2
11.581 4.7902 -1.6743 40 23 5
11.601 4.5816 -1.6433 33 19 8
11.577 4.7361 -1.703 37 23 10
11.673 4.6146 -1.673 42 18 14
11.709 4.5529 -1.6397 40 19 2
11.598 4.8546 -1.714 41 24 7
11.642 4.6405 -1.6847 37 20 2
11.64 4.6901 -1.6861 35 20 15
11.606 4.9287 -1.7994 28 14 11
11.666 4.6963 -1.6944 37 20 12
11.717 4.719 -1.7151 36 19 1
11.699 4.7007 -1.6714 40 20 9
11.702 4.921 -1.773 39 19 8
11.686 4.7413 -1.724 35 23 0
11.698 4.7523 -1.6727 43 22 5
11.729 4.585 -1.6647 42 19 3
11.72 4.8419 -1.6974 45 20 0
11.743 4.8842 -1.7233 41 21 12
11.788 4.7407 -1.6479 44 22 11
