2550
0.050089 0.5649 0.053571 0.82189 0.071484 3.6733e-05 -0.010065
3.5741 1.2168 0.46794 84 59 39
3.5836 1.2287 0.44038 80 60 36
3.5854 1.1684 0.42834 82 62 28
3.7378 1.2106 0.48063 79 58 27
3.6121 1.186 0.40103 82 60 36
3.798 1.2072 0.44881 81 58 40
3.6685 1.2362 0.41312 82 60 39
3.5669 1.1842 0.4647 81 55 38
3.5975 1.203 0.43555 80 60 36
3.8816 1.159 0.48011 77 57 33
3.8611 1.2096 0.52386 82 59 15
3.8554 1.1747 0.51519 84 60 32
3.8272 1.1841 0.44861 82 61 30
3.8255 1.2072 0.48665 79 58 31
3.8605 1.1855 0.48375 79 59 25
3.9052 1.157 0.51773 83 60 27
3.9673 1.1946 0.45662 80 57 24
4.1565 1.1361 0.49355 50 31 14
4.0183 1.157 0.52765 83 60 27
4.2369 1.1487 0.54308 51 29 8
4.0663 1.1808 0.49798 79 56 25
4.0632 1.1354 0.52793 82 58 22
4.0336 1.1363 0.48536 75 54 33
3.9074 1.1427 0.44374 79 57 33
4.293 1.1171 0.57978 82 57 27
4.3461 1.1142 0.50604 43 25 11
4.153 1.0994 0.48903 47 30 13
4.2032 1.103 0.53036 61 44 16
4.305 1.0832 0.57733 84 61 30
4.3256 1.0986 0.54013 85 60 37
4.2936 1.1544 0.58951 82 59 43
4.3193 1.0495 0.57261 84 60 34
3.8477 -2.2906 0.63024 94 70 34
3.8267 -2.2723 0.59034 93 70 37
3.8954 -2.2696 0.60518 93 67 40
3.8593 -2.3911 0.65953 74 56 18
3.8932 -2.3679 0.66722 92 68 32
3.7398 -2.3956 0.58608 69 51 31
3.8356 -2.4693 0.67415 71 52 12
3.5721 -2.333 0.58098 67 49 25
3.6559 -2.3467 0.61058 70 51 11
3.717 -2.4234 0.57355 74 53 32
3.8526 -2.4363 0.68536 76 55 34
3.5943 -2.384 0.5511 87 62 32
3.5198 -2.3387 0.56993 84 60 34
3.4103 -2.3495 0.57897 91 68 37
3.3832 -2.3251 0.53674 92 68 34
3.4622 -2.3858 0.58684 91 68 37
3.3478 -2.3397 0.52598 91 69 32
3.4448 -2.3335 0.59056 92 68 30
3.4875 -2.3574 0.56016 90 66 40
3.5326 -2.3532 0.61357 90 64 23
3.2571 -2.2805 0.54772 92 67 37
3.3361 -2.3313 0.5236 91 69 32
3.0926 -2.2728 0.50173 91 68 37
3.166 -2.2525 0.52376 95 70 40
3.1894 -2.3124 0.5575 93 68 38
3.3428 -2.3461 0.58995 93 69 35
3.2066 -2.3198 0.52505 89 69 32
3.2288 -2.3028 0.56624 95 68 33
3.2016 -2.2736 0.49863 92 69 38
3.2074 -2.3155 0.49147 93 70 36
3.0067 -2.3168 0.47041 92 67 37
3.0975 -2.3134 0.49592 92 66 26
3.0585 -2.3298 0.54269 91 68 35
2.971 -2.2574 0.50046 92 69 35
3.0664 -2.3267 0.48648 93 69 31
3.1069 -2.3251 0.52568 95 66 42
2.9987 -2.3151 0.49776 92 67 35
3.553 1.2216 0.30718 80 56 30
3.4534 1.1947 0.26644 84 59 37
3.525 1.1902 0.26648 86 61 29
3.6237 1.1985 0.36992 83 59 33
3.735 1.2133 0.34131 79 59 34
3.5948 1.1972 0.33641 80 58 35
3.9126 1.2539 0.4282 83 58 36
3.6365 1.2424 0.34725 82 60 37
3.4724 1.1803 0.22913 84 61 28
3.6194 1.2008 0.23226 82 58 32
3.6997 1.1877 0.26712 86 61 31
3.5665 1.2046 0.26963 86 61 29
3.5435 1.2013 0.36642 84 58 33
3.7187 1.199 0.37211 80 58 34
3.5561 1.1925 0.29865 84 60 32
3.6015 1.1772 0.29324 83 60 29
3.6392 1.1765 0.2289 81 60 33
3.7433 1.1752 0.36904 81 57 31
3.8136 1.1888 0.41116 82 56 33
3.6854 1.1602 0.22836 82 60 36
3.8833 1.1723 0.30289 78 58 33
3.7638 1.1908 0.33912 83 60 27
3.8549 1.1782 0.37553 82 57 27
3.7095 1.182 0.29939 78 57 30
3.8794 1.1804 0.26447 81 57 29
3.9417 1.1623 0.41143 81 56 33
3.8535 1.154 0.33404 81 60 33
3.8715 1.1502 0.36824 80 59 32
3.8124 1.1831 0.30312 82 58 30
3.8675 1.173 0.41188 83 56 35
3.8557 1.1823 0.23038 83 58 35
4.1004 1.175 0.41947 82 57 35
4.0356 1.1752 0.34125 81 56 34
4.1299 1.1678 0.3435 77 55 31
4.1967 1.1772 0.38794 78 53 30
4.0958 1.164 0.45769 78 54 26
4.0994 1.1334 0.29767 82 58 24
4.1181 1.1841 0.26794 84 60 32
4.0463 1.1688 0.37851 81 56 34
4.2299 1.1767 0.42918 79 54 31
3.9731 1.1071 0.25329 83 60 26
3.9561 1.1609 0.30262 82 58 22
3.9342 1.1637 0.26136 80 56 28
4.1733 1.1444 0.34079 73 51 28
4.0286 1.1481 0.29999 80 55 23
4.0456 1.1145 0.44385 77 57 32
4.1845 1.0487 0.28302 40 20 0
4.1959 1.1345 0.26057 80 55 33
4.2727 1.1078 0.28854 55 30 7
4.2603 1.132 0.34133 48 28 4
4.2826 1.1446 0.46719 48 27 0
4.2029 1.0964 0.41455 56 34 11
4.0908 1.0399 0.34897 55 39 6
4.2486 1.1389 0.30233 53 37 4
4.3217 1.1756 0.39668 64 42 19
4.3606 1.0044 0.48423 41 23 9
3.8037 -2.2097 0.55337 95 70 40
3.7598 -2.3541 0.51609 64 42 19
3.7873 -2.3926 0.36197 97 72 42
3.821 -2.4142 0.36508 97 72 42
3.7885 -2.4045 0.43578 95 71 37
3.8059 -2.3608 0.36775 97 72 42
3.7742 -2.3899 0.40104 96 71 41
3.7821 -2.4384 0.39231 98 69 38
3.8097 -2.4239 0.47929 70 50 16
3.6842 -2.3908 0.49591 54 35 0
3.4462 -2.3085 0.40958 94 69 39
3.5909 -2.3761 0.51217 85 62 21
3.5753 -2.3605 0.47522 86 64 25
3.602 -2.3679 0.40665 94 71 30
3.7244 -2.3799 0.54434 70 48 11
3.7288 -2.3984 0.35249 94 71 38
3.7196 -2.3712 0.50568 62 39 6
3.6313 -2.3612 0.52305 74 52 15
3.7257 -2.439 0.34013 96 72 44
3.5585 -2.3797 0.39072 95 71 33
3.5687 -2.3814 0.35181 95 71 35
3.3401 -2.3197 0.42578 96 68 39
3.4655 -2.3724 0.48036 92 67 37
3.459 -2.398 0.39971 97 71 30
3.4886 -2.3832 0.44548 95 68 33
3.3894 -2.3249 0.508 93 68 38
3.486 -2.3409 0.45566 92 68 34
3.4243 -2.3335 0.40214 94 69 39
3.3556 -2.3157 0.32386 98 71 36
3.3044 -2.3236 0.34751 93 68 36
3.3083 -2.3067 0.48648 92 67 37
3.3915 -2.346 0.36349 96 68 37
3.4486 -2.3255 0.51773 92 64 35
3.4438 -2.342 0.3724 96 69 36
3.3171 -2.3082 0.45538 92 66 39
3.4996 -2.3753 0.33995 99 71 32
3.2969 -2.3229 0.37868 94 70 36
3.5111 -2.3632 0.49366 91 68 26
3.155 -2.3146 0.47882 94 70 36
3.1023 -2.2891 0.3039 93 69 43
3.1517 -2.2933 0.34841 95 70 38
3.3574 -2.371 0.4193 92 71 42
3.2212 -2.283 0.46924 92 69 38
3.1892 -2.2974 0.45582 93 69 33
3.2535 -2.3014 0.44047 91 68 34
3.2023 -2.2879 0.32182 94 70 32
3.1806 -2.3193 0.38261 92 68 32
3.0914 -2.2856 0.33562 94 70 34
3.0658 -2.2708 0.36377 92 66 39
3.1581 -2.2654 0.38888 91 68 37
3.2966 -2.3614 0.36948 93 67 27
3.061 -2.2397 0.43165 92 67 37
3.164 -2.2744 0.4225 93 67 26
3.1159 -2.276 0.40759 92 68 32
3.2006 -2.3247 0.31866 92 68 42
2.973 -2.3085 0.33561 93 65 38
2.9124 -2.2561 0.29761 94 71 40
3.0312 -2.2948 0.44914 95 67 38
3.0029 -2.2551 0.32139 91 66 36
3.132 -2.3254 0.40421 94 69 39
2.9379 -2.2451 0.3386 95 71 35
3.0211 -2.2827 0.41768 90 67 33
3.0016 -2.2901 0.31039 96 69 32
3.042 -2.2942 0.38969 93 69 35
3.1297 -2.3566 0.36525 93 69 31
3.1353 -2.3325 0.4348 90 67 34
3.1543 -2.3521 0.47476 92 66 25
3.0375 -2.2772 0.29418 93 70 39
2.979 -2.2814 0.37085 92 69 36
2.9737 -2.2866 0.4359 96 68 29
2.9649 -2.2572 0.27779 93 68 38
2.9263 -2.2758 0.35941 95 67 38
3.4924 1.2126 0.13897 80 58 34
3.4952 1.2094 0.038038 86 61 38
3.5178 1.2132 0.17031 81 60 43
3.5939 1.1787 0.15698 81 59 36
3.5115 1.1681 0.094162 85 61 33
3.5457 1.2145 0.20204 84 62 38
3.6408 1.2035 0.13061 81 60 33
3.6437 1.1868 0.19533 81 60 31
3.5193 1.1923 0.13148 82 57 37
3.6225 1.1927 0.025253 83 61 38
3.461 1.1887 0.069305 83 58 35
3.663 1.1796 0.12595 79 58 37
3.5695 1.201 0.16349 82 61 34
3.5975 1.2151 0.030236 84 60 32
3.6466 1.1831 0.090899 81 60 33
3.5818 1.1967 0.19882 84 60 34
3.5287 1.1824 0.064996 80 61 31
3.6387 1.1804 0.090501 81 60 33
3.5852 1.1713 0.057271 84 58 41
3.566 1.2172 0.10283 78 61 31
3.896 1.1991 0.085852 82 60 37
3.7704 1.1502 0.11831 81 59 35
3.8103 1.1772 0.19326 79 59 34
3.7508 1.1947 0.052969 80 59 32
3.8394 1.1535 0.18577 81 62 32
3.7278 1.183 0.19443 80 58 34
3.8927 1.1605 0.22465 82 60 36
3.7858 1.1409 0.041665 84 59 36
3.7845 1.1732 0.046945 83 59 33
3.6825 1.1772 0.15792 81 62 32
3.6603 1.1739 0.020598 85 59 32
3.6577 1.1554 0.084804 81 60 31
3.7369 1.172 0.12215 83 59 33
3.8528 1.1669 0.15347 83 59 33
3.7807 1.1301 0.076142 82 62 35
3.7928 1.1807 0.16031 79 61 37
4.0139 1.1226 0.10112 84 59 37
3.9989 1.128 0.065218 82 61 32
3.8919 1.1402 0.033434 83 63 28
3.8791 1.1417 0.14728 84 60 34
3.933 1.124 0.14132 80 58 34
3.9401 1.1696 0.11449 81 59 35
3.9814 1.1285 0.178 82 57 35
4.0925 1.151 0.22242 81 59 36
3.9624 1.1477 0.22162 84 59 37
3.8608 1.1214 0.070168 83 62 35
3.8927 1.1363 0.18077 81 57 29
3.9779 1.1467 0.10716 81 59 35
4.0142 1.0937 0.21371 80 56 28
4.05 1.1231 0.14199 78 56 32
4.049 1.1522 0.02965 85 61 35
4.0489 1.1228 0.14164 78 56 32
4.0801 1.1219 0.17944 77 57 32
4.3402 1.1094 0.21464 66 47 30
4.3026 1.1099 0.17308 58 39 23
4.0297 1.0535 0.24364 52 33 16
4.1666 1.094 0.092151 56 39 11
4.2651 1.1308 0.053739 78 57 40
4.1076 1.1139 0.095872 79 58 29
4.3351 1.1666 0.14441 76 54 31
4.1928 1.1172 0.17869 63 45 21
4.1025 1.0374 0.24022 66 48 26
4.1569 1.0914 0.091221 56 39 11
4.159 1.0981 0.21337 52 29 13
4.0724 1.1139 0.05671 82 58 30
3.7575 -2.4 0.23512 96 71 39
3.618 -2.3149 0.26338 93 70 36
3.6809 -2.3451 0.18605 92 69 36
3.8078 -2.3831 0.20806 94 71 37
3.7975 -2.4149 0.16188 96 68 39
3.6986 -2.3085 0.16559 95 72 38
3.4731 -2.3014 0.24059 92 68 40
3.5467 -2.3404 0.16901 94 72 35
3.5582 -2.369 0.31593 95 73 36
3.7182 -2.4066 0.14766 94 69 37
3.5696 -2.3977 0.16692 94 69 37
3.593 -2.4081 0.12713 92 69 38
3.6915 -2.4322 0.14066 92 66 39
3.8273 -2.4566 0.3165 96 71 41
3.5836 -2.3705 0.2105 93 66 31
3.6513 -2.3574 0.10887 92 69 36
3.5605 -2.3241 0.28966 94 72 35
3.5706 -2.4086 0.2363 97 70 37
3.5606 -2.355 0.20927 93 66 31
3.6289 -2.3533 0.17855 93 69 35
3.6299 -2.4122 0.28748 92 70 33
3.5387 -2.3817 0.20156 95 69 42
3.714 -2.415 0.22711 92 66 39
3.7492 -2.4436 0.26606 96 71 41
3.2736 -2.3255 0.23282 95 67 36
3.3103 -2.3375 0.13095 92 68 34
3.3645 -2.3466 0.21244 91 65 38
3.3492 -2.306 0.2869 97 68 44
3.387 -2.3274 0.25262 94 69 39
3.3896 -2.3494 0.1067 88 67 38
3.4024 -2.3683 0.17603 93 68 38
3.3426 -2.3408 0.28004 94 70 32
3.2838 -2.294 0.23945 92 69 38
3.3142 -2.3502 0.2029 92 67 35
3.5217 -2.3854 0.30403 98 73 43
3.4184 -2.3344 0.14964 93 68 38
3.3769 -2.3155 0.21947 94 71 37
3.3288 -2.3557 0.16676 91 67 39
3.4009 -2.3624 0.14288 90 66 40
3.4106 -2.334 0.18058 94 69 37
3.7221 -2.5179 0.28485 94 71 40
3.5073 -2.391 0.11587 92 66 39
3.3328 -2.378 0.30408 92 71 44
3.2598 -2.3448 0.157 91 68 35
3.2236 -2.3323 0.25539 93 67 42
3.2116 -2.3283 0.28901 93 68 36
3.1039 -2.2721 0.17379 91 67 39
3.2547 -2.3168 0.2669 92 69 38
3.1053 -2.2823 0.23533 92 68 40
3.1613 -2.2819 0.21765 92 66 41
3.0868 -2.301 0.1981 89 65 39
3.2464 -2.3397 0.18989 91 66 36
3.1568 -2.3254 0.27446 93 68 36
3.2794 -2.3543 0.12273 91 65 38
3.2297 -2.3275 0.1894 91 66 36
3.1054 -2.269 0.14478 91 65 38
3.1755 -2.3164 0.1107 90 66 38
3.1165 -2.31 0.10289 90 66 40
3.112 -2.3111 0.13507 90 65 35
3.2782 -2.3336 0.26694 92 69 38
3.1605 -2.3524 0.17007 89 66 35
3.1385 -2.3025 0.2074 91 63 36
2.9375 -2.2633 0.21154 91 67 31
3.0157 -2.3157 0.15003 89 64 34
3.0371 -2.3089 0.2546 92 67 35
3.0421 -2.2951 0.1271 90 64 37
2.8582 -2.2356 0.19502 91 68 34
3.0697 -2.3625 0.18542 90 66 38
2.9622 -2.3144 0.16981 92 67 37
3.11 -2.3277 0.26609 90 67 36
3.1058 -2.3199 0.23166 92 66 39
3.0325 -2.2964 0.18954 92 66 39
2.9247 -2.2616 0.26919 93 68 38
3.0349 -2.3029 0.22367 91 67 39
2.9246 -2.276 0.11101 91 68 37
3.0638 -2.3161 0.15653 91 67 33
3.0577 -2.3026 0.095255 89 64 41
2.9925 -2.2932 0.11823 92 67 35
2.9347 -2.2656 0.24298 93 69 41
2.8725 -2.2388 0.13846 90 67 34
2.9465 -2.3104 0.23077 91 69 30
3.4427 1.2123 -0.1598 79 59 32
3.4355 1.1926 -0.095242 80 59 30
3.4644 1.2115 -0.12806 80 60 35
3.4736 1.2103 0.0039969 81 60 39
3.4355 1.1925 -0.094256 80 59 30
3.6193 1.1783 -0.049509 80 59 38
3.4796 1.1912 -0.033763 83 57 42
3.6275 1.1765 -0.15566 82 59 28
3.5989 1.1935 -0.0091793 84 59 39
3.4291 1.1778 -0.16368 81 54 33
3.4864 1.1808 -0.10319 81 60 33
3.572 1.1625 -0.048627 80 59 38
3.6493 1.1793 -0.013591 82 60 37
3.5446 1.1618 -0.077693 77 56 37
3.6321 1.1826 -0.048723 80 59 38
3.58 1.1827 -0.11448 80 61 27
3.5886 1.1946 -0.14898 78 56 33
3.6023 1.2035 -0.041556 82 57 34
3.4769 1.1989 -0.065482 79 57 33
3.6386 1.2249 -0.074414 80 59 32
3.5515 1.2078 -0.0034636 82 61 34
3.52 1.2013 -0.13708 80 59 28
3.702 1.1512 -0.097512 77 56 29
3.8817 1.1801 0.0045292 81 60 29
3.6366 1.1391 -0.12829 79 60 30
3.7743 1.1601 -0.17577 81 58 24
3.8824 1.1656 -0.073042 80 60 35
3.7176 1.17 -0.022458 79 60 28
3.6625 1.1612 -0.057103 80 59 38
3.7833 1.182 0.011359 79 59 35
3.7311 1.1513 -0.062398 80 58 37
3.5562 1.144 -0.11997 81 59 36
3.5957 1.1571 -0.12209 81 59 36
3.8007 1.1589 -0.13984 81 56 36
3.7962 1.1626 -0.028815 81 60 33
3.8316 1.1687 -0.14213 81 56 36
3.7171 1.1881 -0.091799 79 57 33
3.7103 1.1719 -0.16515 79 58 37
3.8209 1.156 -0.10687 80 58 34
4.1367 1.1419 0.023008 85 60 30
4.0587 1.165 -0.0086133 86 61 31
3.9851 1.1378 -0.12939 84 60 34
3.9713 1.1435 -0.16548 80 58 34
4.0256 1.12 -0.012723 83 62 35
3.9766 1.116 -0.055441 79 59 34
3.7882 1.1037 -0.077293 82 60 36
3.9293 1.0872 -0.13251 82 60 36
4.0229 1.1391 -0.092457 78 57 36
3.9688 1.0984 -0.13428 82 60 36
3.8543 1.1476 -0.038108 83 58 36
3.9 1.1278 -0.045318 80 60 36
3.8498 1.1504 -0.18666 79 57 36
3.8352 1.1366 -0.15025 79 58 27
4.1189 1.151 -0.1772 78 58 33
3.9348 1.1626 -0.0014698 83 61 37
3.8393 1.1285 -0.11608 83 59 31
4.1704 1.1151 0.01015 80 58 34
4.0738 1.0925 -0.1442 81 59 36
4.0244 1.1044 -0.098261 79 57 34
4.1313 1.1245 -0.062832 80 58 37
4.286 1.0923 -0.077841 49 34 13
3.9672 1.0188 -0.11078 50 29 0
4.0706 1.1014 -0.18132 80 59 30
4.1504 1.0934 -0.069063 80 57 39
4.0913 1.0874 -0.10663 76 55 28
4.0622 1.0953 -0.024289 81 59 35
4.0744 1.0569 -0.15174 75 55 30
4.0692 1.0519 0.0062028 54 31 13
4.1485 1.0867 -0.19365 77 55 34
4.1811 1.0487 -0.16847 50 33 15
2.4945 -1.2668 -0.026569 44 25 21
2.2281 -1.1251 -0.048417 38 22 9
3.7263 -2.3789 -0.088435 88 62 37
3.7284 -2.3427 -0.03543 86 65 36
3.5501 -2.3581 -0.024885 84 60 34
3.6852 -2.4117 0.01898 88 63 41
3.6671 -2.4051 0.062787 90 65 35
3.4734 -2.3624 0.076764 90 65 33
3.4723 -2.3566 0.039404 88 64 38
3.4206 -2.3162 0.0094191 87 67 30
3.3113 -2.2653 -0.10501 86 61 29
3.4442 -2.3272 -0.028803 85 62 31
3.5126 -2.3432 0.051472 90 65 33
3.5179 -2.352 0.083334 88 65 32
3.7629 -2.5073 0.015063 86 65 36
3.5855 -2.3767 -0.062698 85 64 33
3.3576 -2.2628 -0.063174 87 63 37
3.5641 -2.399 -0.10819 86 60 33
3.6109 -2.3731 0.10088 93 68 38
3.7741 -2.4596 -0.059466 86 66 29
3.6593 -2.421 -0.10291 87 61 34
3.7491 -2.4374 -0.09584 86 60 33
3.4035 -2.3995 0.097804 89 65 39
3.3816 -2.4095 -0.018791 87 65 28
3.4294 -2.4341 -0.090372 81 60 29
3.5358 -2.4319 -0.038359 88 64 26
3.3089 -2.3615 0.018123 87 64 33
3.3328 -2.3045 0.068258 88 64 38
3.3124 -2.3149 -0.045267 88 62 35
3.3062 -2.3155 -0.006381 85 62 31
3.3321 -2.2991 0.033688 87 63 37
3.5086 -2.418 -0.0012037 89 65 37
3.2741 -2.341 0.052126 88 67 36
3.4161 -2.3432 -0.071842 86 61 31
3.363 -2.3461 -0.081763 87 61 34
3.3714 -2.3667 0.023929 88 63 31
3.3718 -2.3719 0.062331 89 66 35
3.275 -2.3274 -0.052823 86 62 34
3.1475 -2.3199 0.0059115 87 64 33
3.2068 -2.3211 -0.022093 86 64 27
3.3611 -2.4251 -0.096167 84 60 32
3.0259 -2.2564 -0.067417 85 64 37
3.016 -2.2532 -0.034461 88 62 37
3.0825 -2.3127 0.028951 87 63 37
3.1906 -2.3908 -0.0054841 86 63 30
3.2385 -2.3398 -0.056717 83 60 29
3.2167 -2.3625 -0.064199 86 62 36
3.2302 -2.3477 0.044966 87 63 35
3.1994 -2.3203 0.012254 86 66 32
3.0991 -2.2879 0.036624 83 62 33
3.1076 -2.2988 0.069685 89 65 39
3.0113 -2.2496 -0.034529 88 62 37
3.3283 -2.3853 0.089945 88 65 31
3.1941 -2.3256 0.076581 89 65 31
3.0862 -2.2604 -0.094649 84 60 26
3.0712 -2.3746 -0.018074 87 64 33
2.9684 -2.2893 -0.048443 86 62 36
2.9461 -2.2527 0.085307 90 68 31
3.0252 -2.31 0.054977 89 65 39
2.8619 -2.249 0.010326 87 63 37
3.0614 -2.3208 -0.078505 82 61 34
2.9296 -2.2756 0.075954 87 66 35
2.9563 -2.2521 0.021627 86 62 36
2.9052 -2.2712 -0.084584 82 61 30
3.0425 -2.3147 -0.011278 87 63 29
2.8446 -2.2311 -0.019696 89 65 39
2.9635 -2.322 -0.054727 86 65 34
2.9646 -2.2948 0.015725 85 64 37
3.1479 -2.3673 0.064328 89 65 39
3.0409 -2.3092 -0.044104 86 62 28
2.9483 -2.2693 -0.07996 87 63 29
2.9847 -2.315 0.047257 87 62 40
2.8596 -2.2471 0.010307 87 63 37
2.9053 -2.2879 0.039029 89 62 41
2.897 -2.2854 0.069317 89 64 41
3.3901 1.198 -0.29124 78 56 33
3.3656 1.1806 -0.25591 83 60 29
3.6373 1.2068 -0.25902 79 56 38
3.478 1.1911 -0.27058 79 56 23
3.5624 1.1678 -0.32327 77 57 32
3.6159 1.2128 -0.18235 78 57 30
3.4158 1.1817 -0.19607 80 57 41
3.4845 1.2148 -0.23242 81 56 34
3.451 1.1904 -0.30338 78 56 33
3.5383 1.1817 -0.28258 82 57 35
3.5744 1.1765 -0.22063 78 58 31
3.4488 1.1983 -0.33785 73 55 31
3.5639 1.1641 -0.18571 78 56 32
3.4641 1.1649 -0.3091 79 56 25
3.4448 1.1708 -0.2357 79 57 34
3.5182 1.1876 -0.20747 79 57 33
3.477 1.1782 -0.34479 76 53 35
3.6253 1.1489 -0.30621 81 58 27
3.6814 1.1763 -0.34756 80 59 32
3.6948 1.1623 -0.2759 81 57 29
3.6586 1.1369 -0.35624 77 57 33
3.6339 1.1652 -0.232 82 55 34
3.7967 1.1622 -0.29109 81 55 38
3.6232 1.1213 -0.20282 80 55 32
3.6856 1.1731 -0.20031 78 61 35
3.8061 1.1556 -0.25496 79 58 29
3.7287 1.1268 -0.36608 75 58 28
3.5951 1.1613 -0.26273 79 57 34
3.7452 1.1553 -0.32453 77 55 31
3.6615 1.1924 -0.30091 79 58 39
3.5697 1.1484 -0.36784 78 56 33
3.8145 1.1488 -0.21908 78 58 31
3.6852 1.15 -0.23989 81 58 24
3.703 1.1649 -0.27596 78 56 35
3.8546 1.1276 -0.22889 80 58 37
3.9319 1.1608 -0.27497 79 57 34
3.9255 1.1392 -0.19549 82 59 26
4.2278 1.1926 -0.22405 80 55 33
3.9138 1.1154 -0.39739 78 56 35
4.0135 1.1152 -0.29608 78 57 28
3.8902 1.1235 -0.31347 80 59 30
3.8878 1.0981 -0.35631 77 57 33
3.7936 1.128 -0.29753 81 58 25
3.8229 1.1465 -0.33687 79 56 22
3.9729 1.1131 -0.32651 80 58 34
3.9495 1.1218 -0.24499 80 60 36
3.8358 1.0981 -0.2735 78 57 26
4.1344 1.103 -0.27066 80 56 28
4.1854 1.117 -0.27438 80 56 28
4.1076 1.0395 -0.19902 53 30 14
4.2604 1.1209 -0.37152 78 58 23
4.2037 1.0952 -0.32365 78 57 30
4.0495 1.038 -0.39805 79 57 33
4.0182 1.0969 -0.21912 79 55 27
4.1734 1.1445 -0.3982 81 60 33
4.1918 1.1086 -0.23631 78 59 29
4.1313 1.1122 -0.30931 78 57 26
4.1246 1.1207 -0.35187 77 57 32
3.9305 1.0818 -0.25082 81 58 27
3.9585 1.0199 -0.26584 75 54 27
3.6509 -2.3565 -0.21427 83 61 24
3.7075 -2.4044 -0.13487 86 63 22
3.6638 -2.3969 -0.29523 81 59 22
3.6259 -2.3662 -0.33188 87 61 34
3.601 -2.3766 -0.14104 85 63 24
3.6296 -2.3905 -0.18168 84 61 30
3.5527 -2.4281 -0.15172 86 63 32
3.6251 -2.4194 -0.26266 86 60 33
3.4365 -2.3681 -0.30714 85 59 36
3.5605 -2.3809 -0.22423 84 59 36
3.5943 -2.3561 -0.25149 84 60 26
3.5001 -2.3761 -0.26536 81 57 29
3.6035 -2.4527 -0.23132 85 61 35
3.624 -2.4563 -0.31532 86 60 35
3.6197 -2.4264 -0.18581 87 60 27
3.6576 -2.4037 -0.22166 83 60 27
3.5596 -2.3802 -0.22376 84 59 36
3.3503 -2.3721 -0.12336 81 60 31
3.2636 -2.3395 -0.20081 80 59 32
3.2173 -2.3102 -0.16205 85 60 28
3.4897 -2.4105 -0.2734 82 59 25
3.3675 -2.3444 -0.11467 85 61 35
3.1976 -2.3205 -0.27236 86 62 28
3.4316 -2.3799 -0.1956 83 63 29
3.2625 -2.334 -0.2295 86 62 34
3.3978 -2.3915 -0.23425 81 61 26
3.4555 -2.3915 -0.23089 86 60 33
3.5062 -2.4796 -0.17089 85 63 24
3.3347 -2.3768 -0.30766 82 57 25
3.4367 -2.3884 -0.15318 82 60 36
3.2374 -2.3296 -0.1279 82 61 32
3.3714 -2.3677 -0.26751 82 58 32
3.3224 -2.4079 -0.31847 84 61 30
3.4061 -2.3874 -0.30875 84 61 27
3.1373 -2.3185 -0.24036 83 60 29
2.9971 -2.2863 -0.23994 87 65 28
3.1184 -2.3223 -0.10269 81 58 24
3.1506 -2.3378 -0.16919 83 58 35
3.1048 -2.2699 -0.12828 86 62 34
3.1492 -2.3321 -0.20329 84 59 29
3.0598 -2.2975 -0.23996 84 61 28
3.0625 -2.304 -0.20596 85 63 22
3.07 -2.3009 -0.27545 83 57 34
3.1054 -2.3413 -0.17763 82 57 34
3.2339 -2.3567 -0.20414 83 60 27
3.0694 -2.318 -0.14187 83 61 20
3.3593 -2.445 -0.25059 82 59 26
3.0848 -2.3343 -0.10827 86 63 30
3.0021 -2.2902 -0.24076 87 65 28
3.1754 -2.3611 -0.13578 85 62 31
3.0837 -2.3493 -0.28109 79 59 25
3.2698 -2.3881 -0.17089 84 61 27
3.0258 -2.3173 -0.18204 86 63 30
2.9656 -2.3025 -0.21566 82 59 28
2.8894 -2.31 -0.25744 82 59 28
2.994 -2.301 -0.11436 86 61 38
2.8962 -2.2599 -0.11637 87 62 32
2.9388 -2.2896 -0.14842 86 59 38
3.0605 -2.34 -0.21288 84 58 31
2.8907 -2.2872 -0.15243 85 62 31
2.9027 -2.2887 -0.21841 83 60 29
2.9294 -2.3065 -0.25661 82 57 35
2.9896 -2.3258 -0.18545 87 62 30
3.0683 -2.3549 -0.1518 85 59 32
3.0029 -2.3079 -0.11459 86 61 38
2.981 -2.3062 -0.28182 83 59 33
3.0462 -2.362 -0.25313 83 57 30
2.8986 -2.2894 -0.18458 86 60 33
3.0333 -2.3232 -0.18216 86 63 30
2.8612 -2.291 -0.22236 86 63 32
3.3776 1.1897 -0.39176 77 54 36
3.4026 1.2037 -0.53222 74 52 29
3.3355 1.1827 -0.41616 80 56 30
3.4341 1.1973 -0.46685 80 58 21
3.5042 1.1704 -0.52579 77 56 35
3.5179 1.1884 -0.45728 80 53 32
3.4237 1.1767 -0.40322 77 59 37
3.5316 1.2059 -0.38146 82 59 28
3.4586 1.189 -0.40765 77 59 37
3.3798 1.1867 -0.49409 77 56 39
3.4416 1.1918 -0.43988 78 57 28
3.4846 1.2032 -0.55191 75 57 37
3.5751 1.1769 -0.46921 76 55 24
3.4488 1.1468 -0.37884 76 56 32
3.4566 1.1582 -0.41355 75 54 35
3.4972 1.1896 -0.48339 76 56 32
3.5039 1.2009 -0.51851 78 58 34
3.5059 1.1798 -0.56013 75 57 33
3.5612 1.1813 -0.50403 75 53 30
3.3734 1.1797 -0.35916 79 58 27
3.5711 1.1442 -0.47483 75 53 29
3.646 1.1827 -0.40991 78 58 34
3.6302 1.173 -0.52049 73 52 31
3.7351 1.1564 -0.47119 79 57 36
3.6858 1.136 -0.58019 76 54 30
3.5266 1.1517 -0.42955 76 55 34
3.6306 1.1499 -0.55935 74 52 28
3.5819 1.1659 -0.54721 75 54 27
3.7226 1.1379 -0.54568 76 54 31
3.7017 1.1546 -0.49889 78 54 26
3.7733 1.1592 -0.44025 79 55 29
3.6255 1.1444 -0.41651 79 57 34
3.6718 1.1503 -0.38952 76 56 31
3.6791 1.1527 -0.38981 76 56 31
3.6716 1.1542 -0.53093 74 52 29
3.6219 1.152 -0.44832 76 55 36
3.761 1.146 -0.40243 81 56 33
3.9404 1.1275 -0.56229 76 54 30
3.9822 1.1297 -0.52705 77 54 36
3.9635 1.105 -0.45433 78 56 32
3.7432 1.1167 -0.4424 78 58 34
3.848 1.1058 -0.42896 81 57 31
3.8891 1.1712 -0.49835 77 56 25
3.9126 1.1284 -0.59064 77 55 32
3.9301 1.1048 -0.48136 79 58 31
3.8855 1.1263 -0.46888 79 57 36
3.8563 1.1419 -0.41988 79 56 38
3.7242 1.1295 -0.51302 80 53 32
3.8922 1.138 -0.5082 77 57 30
3.855 1.1365 -0.5434 76 55 28
3.7931 1.1365 -0.60486 78 53 30
3.8155 1.1333 -0.56745 77 58 28
4.0889 1.0881 -0.5574 80 57 23
4.1322 1.0696 -0.44378 77 53 27
4.0047 1.1069 -0.41993 76 55 28
4.024 1.126 -0.6184 78 56 35
4.0227 1.0863 -0.46497 80 55 32
4.202 1.1025 -0.66879 74 52 31
4.0899 1.1149 -0.51195 76 55 34
4.1955 1.0899 -0.62121 74 51 33
3.984 1.0794 -0.62505 75 54 23
3.9453 1.0939 -0.56999 78 58 23
4.0415 1.1106 -0.54 78 57 30
4.2188 1.1131 -0.5338 77 55 31
3.5771 0.90211 -0.57179 74 50 24
4.0163 1.0746 -0.42553 76 54 31
4.0122 1.0767 -0.58423 76 55 36
4.241 1.0609 -0.46613 50 28 7
3.7333 -2.4261 -0.4245 82 57 34
3.6772 -2.4158 -0.54954 80 59 30
3.6871 -2.3744 -0.5907 78 56 33
3.6572 -2.397 -0.58808 78 57 28
3.5514 -2.4012 -0.3488 84 58 33
3.4569 -2.3936 -0.54765 82 59 28
3.551 -2.39 -0.42077 84 60 34
3.461 -2.4061 -0.46577 81 58 25
3.4428 -2.3881 -0.50019 80 58 34
3.5888 -2.4052 -0.50805 82 61 34
3.492 -2.3966 -0.38683 79 59 34
3.6378 -2.4439 -0.47137 82 58 32
3.6493 -2.4194 -0.38715 84 60 32
3.5303 -2.3598 -0.53278 82 59 28
3.5805 -2.4157 -0.38877 81 56 34
3.5474 -2.4193 -0.50891 77 57 22
3.5335 -2.4044 -0.54055 80 59 30
3.5023 -2.3986 -0.42054 80 55 32
3.509 -2.398 -0.45934 82 59 28
3.7133 -2.4512 -0.47276 82 59 26
3.7047 -2.4511 -0.43093 82 61 34
3.5297 -2.4282 -0.35254 83 59 33
3.2153 -2.3495 -0.45952 79 59 25
3.2285 -2.3292 -0.37868 81 56 33
3.2418 -2.3247 -0.48713 83 57 34
3.325 -2.3599 -0.3804 82 62 37
3.3053 -2.3808 -0.42546 84 61 28
3.3628 -2.4183 -0.47238 82 56 29
3.2841 -2.3207 -0.45023 82 60 21
3.4016 -2.3793 -0.34305 84 61 30
3.3729 -2.3899 -0.43002 82 57 34
3.226 -2.3322 -0.3454 81 61 24
3.3807 -2.4052 -0.3495 84 61 28
3.418 -2.3859 -0.38363 81 60 31
3.3862 -2.3995 -0.43162 82 57 34
3.4198 -2.3822 -0.42437 84 58 35
3.2791 -2.3919 -0.50028 82 58 22
3.4 -2.3942 -0.54418 80 57 24
3.4161 -2.4105 -0.50564 80 59 30
3.0318 -2.3047 -0.30832 79 58 29
3.1299 -2.3719 -0.3945 84 58 31
3.0663 -2.3516 -0.45944 83 59 25
3.0652 -2.2928 -0.30729 87 61 34
3.2248 -2.3612 -0.41858 83 58 35
3.1461 -2.3409 -0.41845 86 58 31
3.1202 -2.3302 -0.34778 82 61 32
3.1047 -2.3431 -0.45508 85 60 37
3.1636 -2.3588 -0.38964 82 59 28
3.1918 -2.3459 -0.35086 80 59 28
3.0463 -2.3406 -0.42481 81 58 25
3.1006 -2.3361 -0.49504 83 62 31
3.2317 -2.3709 -0.38594 83 61 20
3.1096 -2.3606 -0.357 82 58 30
3.0469 -2.3321 -0.49018 81 60 33
3.1534 -2.3418 -0.45518 80 59 32
3.2295 -2.3788 -0.31929 86 63 30
3.1539 -2.3377 -0.49241 81 57 23
3.1755 -2.3541 -0.49622 81 57 23
2.9642 -2.3259 -0.32319 85 64 37
2.939 -2.338 -0.35493 82 60 37
2.9715 -2.3358 -0.29023 86 62 26
3.0223 -2.3635 -0.39188 82 60 9
2.9982 -2.3113 -0.34948 83 58 36
2.855 -2.2939 -0.45185 82 61 34
2.9514 -2.3036 -0.42232 81 61 34
2.9419 -2.332 -0.42219 82 57 34
2.9014 -2.3033 -0.38124 84 61 30
2.976 -2.298 -0.31286 80 59 28
2.8918 -2.3078 -0.28804 84 60 32
2.968 -2.349 -0.46094 80 59 30
2.8717 -2.2874 -0.31705 81 60 33
2.9493 -2.2968 -0.44686 78 56 32
2.9912 -2.3429 -0.35538 84 59 36
3.1046 -2.3905 -0.39664 84 58 33
2.8551 -2.3061 -0.35701 86 64 23
3.3367 1.1879 -0.55004 75 54 35
3.3028 1.1722 -0.64866 79 54 31
3.3165 1.1854 -0.68124 76 56 22
3.4543 1.1796 -0.6192 77 55 34
3.4214 1.1893 -0.57378 76 56 31
3.3771 1.1698 -0.67241 82 57 25
3.3803 1.1621 -0.6377 74 53 22
3.3709 1.18 -0.59944 74 51 33
3.454 1.1754 -0.72657 74 54 29
3.4909 1.1526 -0.59728 74 52 28
3.3324 1.1746 -0.62446 77 54 23
3.4149 1.1919 -0.71228 77 53 27
3.4413 1.1533 -0.65621 81 54 35
3.5467 1.1803 -0.63977 76 55 26
3.5225 1.1946 -0.59791 75 50 28
3.4257 1.1567 -0.68696 76 55 24
3.6335 1.1601 -0.59571 75 54 23
3.6259 1.1535 -0.71314 77 52 22
3.5342 1.154 -0.68071 79 59 25
3.5406 1.1606 -0.57197 78 56 35
3.6899 1.1557 -0.65251 76 58 34
3.7125 1.1396 -0.70186 75 53 32
3.6186 1.142 -0.67771 75 56 22
3.6821 1.144 -0.61471 76 56 32
3.6945 1.143 -0.73288 76 53 20
3.5824 1.1478 -0.73409 72 52 27
3.5552 1.1437 -0.6199 75 57 37
3.6132 1.1263 -0.752 73 52 25
3.5362 1.1635 -0.71464 74 54 29
3.5556 1.1796 -0.75673 81 56 24
3.4842 1.1244 -0.74912 78 60 24
3.8328 1.1144 -0.61625 76 55 26
3.6948 1.1103 -0.74076 78 54 28
3.7153 1.1259 -0.78115 74 51 20
3.7841 1.0943 -0.72691 74 52 28
3.7259 1.1344 -0.66639 74 53 32
3.8664 1.0905 -0.63391 78 59 27
3.8959 1.1124 -0.83631 75 53 29
3.7714 1.1055 -0.64369 76 55 26
3.878 1.0968 -0.79002 79 53 30
3.7809 1.1029 -0.76417 76 54 31
3.7999 1.133 -0.72246 77 52 29
3.8836 1.1142 -0.70835 75 52 36
3.7745 1.1105 -0.80083 73 51 27
3.7765 1.1406 -0.63741 78 55 37
3.8938 1.1077 -0.67275 77 56 25
3.9548 1.1005 -0.73435 79 53 28
4.0631 1.1214 -0.7152 77 53 25
4.0554 1.0829 -0.7232 77 57 33
4.049 1.0713 -0.68605 74 51 33
4.0383 1.0882 -0.75953 77 52 30
3.999 1.061 -0.8383 75 50 27
4.0188 1.0985 -0.66442 77 57 23
4.0475 1.1105 -0.83825 77 53 27
4.0643 1.0953 -0.76399 77 52 30
4.17 1.0974 -0.83476 76 52 16
4.1407 1.079 -0.78539 75 51 23
4.0215 1.0936 -0.79767 78 57 30
3.9015 1.0945 -0.75918 75 54 27
4.0278 1.1011 -0.66631 77 57 23
4.1 1.0482 -0.69874 73 51 30
1.704 0.19398 -0.29237 67 35 14
1.7414 0.2147 -0.29572 68 41 20
1.707 0.19815 -0.30776 62 32 4
1.7275 0.19292 -0.27881 64 38 11
3.6636 -2.4278 -0.71838 79 54 31
3.3826 -2.3669 -0.65672 81 57 21
3.438 -2.4004 -0.70092 81 57 21
3.5973 -2.4208 -0.7533 83 59 25
3.412 -2.3767 -0.73258 81 55 30
3.5732 -2.4209 -0.62598 79 58 27
3.5733 -2.4422 -0.80013 79 55 27
3.5316 -2.4297 -0.674 82 59 26
3.5849 -2.4556 -0.75937 83 59 25
3.5428 -2.3629 -0.57257 80 58 17
3.4671 -2.395 -0.58411 81 56 34
3.5437 -2.4438 -0.63883 82 59 41
3.4628 -2.4075 -0.78419 84 59 36
3.5446 -2.4066 -0.58263 81 59 35
3.6352 -2.42 -0.62821 81 58 27
3.6434 -2.4468 -0.80651 80 54 29
3.3595 -2.3907 -0.65661 81 57 31
3.2734 -2.4037 -0.69132 80 57 23
3.4111 -2.3919 -0.62203 82 61 32
3.2464 -2.358 -0.56719 83 58 38
3.1886 -2.3451 -0.63732 84 61 27
3.3649 -2.3899 -0.69845 83 59 25
3.2919 -2.3564 -0.53258 79 59 34
3.2463 -2.3387 -0.71433 78 57 30
3.3114 -2.3608 -0.60954 77 56 27
3.2816 -2.3696 -0.68655 87 58 27
3.2917 -2.3818 -0.64943 81 56 24
3.4959 -2.4791 -0.76296 80 54 29
3.2709 -2.4115 -0.61831 81 57 31
3.223 -2.3455 -0.52689 83 61 37
3.2421 -2.3756 -0.72334 86 62 28
3.2766 -2.3404 -0.56708 79 58 31
3.0617 -2.3348 -0.56086 84 60 32
3.0922 -2.3542 -0.60287 81 58 24
3.0613 -2.3641 -0.63965 82 57 35
3.1119 -2.3398 -0.52854 83 57 32
3.042 -2.353 -0.59751 86 62 36
3.1332 -2.3522 -0.57107 79 59 32
3.0176 -2.3296 -0.62964 82 57 35
3.0753 -2.3319 -0.66711 82 58 30
2.9987 -2.3103 -0.65893 85 61 27
3.1028 -2.358 -0.64048 84 61 27
3.1833 -2.3551 -0.52894 83 57 32
3.132 -2.3415 -0.63662 84 56 25
3.1475 -2.3439 -0.70786 85 61 33
3.0436 -2.3253 -0.52527 82 58 32
3.0325 -2.3455 -0.59597 86 62 36
3.1126 -2.3314 -0.59925 81 58 25
3.1058 -2.3169 -0.66495 80 57 23
3.1542 -2.3286 -0.55865 85 60 38
2.9901 -2.325 -0.48701 82 57 34
2.9565 -2.3227 -0.5882 80 60 25
2.8864 -2.2948 -0.64768 84 61 28
2.8767 -2.2995 -0.55183 83 59 33
2.8177 -2.2872 -0.54831 85 63 26
2.8241 -2.2841 -0.61022 82 57 34
2.9367 -2.3152 -0.51811 84 59 36
2.8968 -2.3073 -0.61693 81 58 24
2.9159 -2.286 -0.61381 84 61 28
2.8628 -2.2598 -0.47266 84 60 32
2.9932 -2.3437 -0.66554 83 64 24
2.8315 -2.2985 -0.55005 85 63 26
2.8624 -2.3204 -0.58991 82 57 25
2.9941 -2.3239 -0.52133 81 61 37
2.8885 -2.3172 -0.48828 83 57 30
2.8984 -2.3253 -0.49001 83 57 30
2.8842 -2.3299 -0.65704 84 59 36
2.8946 -2.3181 -0.52206 79 58 31
3.0209 -2.3408 -0.56089 83 59 23
2.8407 -2.3101 -0.51989 85 61 35
2.8428 -2.3119 -0.52024 85 61 35
3.3831 1.2238 -0.86825 75 54 37
3.3566 1.2057 -0.83202 74 54 29
3.4123 1.144 -0.90068 75 53 14
3.3897 1.1787 -0.81052 72 51 30
3.3489 1.1766 -0.72897 75 53 30
3.4817 1.1717 -0.80581 75 50 30
3.3022 1.1683 -0.75171 76 50 25
3.4431 1.1499 -0.76532 77 54 23
3.3275 1.1651 -0.82893 75 52 36
3.4115 1.1689 -0.74872 73 51 30
3.3731 1.1391 -0.92342 78 54 28
3.2841 1.1577 -0.84891 73 51 36
3.3386 1.1568 -0.90603 74 53 34
3.4434 1.1854 -0.90191 74 53 32
3.4285 1.1618 -0.82601 74 52 37
3.4097 1.1645 -0.85741 72 54 30
3.4303 1.1844 -0.78717 75 53 29
3.3108 1.1799 -0.78565 76 54 33
3.2816 1.1653 -0.88063 74 53 24
3.5707 1.1308 -0.81425 76 51 29
3.5191 1.1451 -0.79242 73 51 28
3.592 1.1648 -0.9222 68 51 25
3.5317 1.1356 -0.87088 75 55 28
3.4664 1.1446 -0.84489 74 52 31
3.5685 1.1388 -0.846 77 54 36
3.4727 1.156 -0.88363 71 49 26
3.621 1.1331 -0.90409 75 53 32
3.4679 1.1321 -0.92323 73 51 30
3.6136 1.1354 -0.78633 74 52 29
3.6136 1.1214 -0.86545 76 54 30
3.5225 1.1097 -0.90967 71 50 33
3.5457 1.1264 -0.95176 72 50 29
3.5645 1.169 -0.83552 76 55 24
3.7585 1.0999 -0.91518 77 52 30
3.8032 1.0794 -0.93696 73 49 23
3.756 1.1137 -0.83006 73 51 30
3.7202 1.1504 -1.0111 71 49 28
3.7483 1.1066 -0.95228 73 51 27
3.6428 1.1163 -0.95131 72 54 34
3.8342 1.104 -0.86173 74 52 28
3.7022 1.1071 -0.85766 74 52 29
3.7352 1.1122 -0.98728 74 51 35
3.782 1.0978 -0.88515 74 48 21
3.8539 1.1039 -0.9884 74 52 28
3.6907 1.1222 -0.9282 78 52 37
3.7384 1.1224 -1.024 73 53 29
3.722 1.1465 -0.85421 74 54 20
3.7442 1.1438 -0.82053 74 54 27
3.6901 1.1127 -0.89153 75 53 32
3.8791 1.1211 -1.0342 73 51 36
4.0576 1.0967 -0.92867 74 52 28
4.0242 1.0773 -0.88052 78 53 30
3.9266 1.0894 -1.0147 74 53 26
3.9866 1.0512 -0.96455 75 54 25
3.8169 1.074 -0.9031 77 54 23
3.9286 1.0869 -0.85422 78 54 26
3.8121 1.0663 -1.0227 74 52 29
4.0168 1.0525 -1.1004 73 52 31
3.9746 1.0574 -0.99841 73 53 29
3.9694 1.0758 -1.0772 73 49 21
3.9374 1.0833 -0.98261 75 50 28
3.9482 1.0763 -0.9435 77 52 29
4.1467 1.084 -0.95997 75 50 28
4.1597 1.0806 -1.0985 72 54 34
3.993 1.0718 -1.0402 71 49 25
3.9237 1.0952 -0.89062 76 50 35
3.7964 0.95547 -0.88547 76 53 20
4.0185 1.0228 -0.97812 74 52 29
4.1248 1.0608 -1.0454 73 51 27
4.0587 1.0169 -1.0842 75 52 34
3.7282 -1.8474 -0.98345 30 22 0
1.9949 -0.98286 -0.47453 29 23 0
3.2401 -1.6447 -0.82296 28 21 1
3.2166 -1.6327 -0.81818 28 21 1
3.5151 -2.3687 -1.0259 80 55 23
3.6241 -2.3728 -0.91544 77 56 25
3.5414 -2.3866 -1.0327 80 55 23
3.635 -2.4122 -1.0051 75 56 22
3.5008 -2.4556 -0.96081 77 56 29
3.3919 -2.3937 -0.81631 78 54 28
3.5056 -2.3896 -0.82187 78 58 31
3.5452 -2.4551 -0.88574 82 58 32
3.534 -2.4038 -0.86923 81 55 32
3.6233 -2.4599 -0.93143 80 57 24
3.5522 -2.4656 -0.84761 80 57 23
3.4602 -2.4322 -0.91214 80 56 30
3.3774 -2.3781 -0.84965 79 58 31
3.4927 -2.4443 -0.99623 78 55 24
3.3023 -2.2786 -0.85623 80 57 23
3.5151 -2.4228 -0.95566 77 56 29
3.5924 -2.4714 -1.0187 79 60 30
3.2289 -2.3608 -0.75355 84 59 27
3.1819 -2.3465 -0.90037 79 54 24
3.1809 -2.3504 -0.86247 80 55 32
3.2203 -2.3496 -0.78892 83 59 23
3.3663 -2.4216 -0.77627 81 58 24
3.3227 -2.406 -0.97078 78 57 30
3.3704 -2.3833 -0.77132 79 58 31
3.3235 -2.3803 -0.84543 80 58 34
3.4157 -2.4797 -0.95924 78 58 34
3.3956 -2.4277 -0.90302 80 55 33
3.3523 -2.3909 -0.92532 83 58 36
3.1682 -2.3314 -0.93244 79 56 25
3.1695 -2.3512 -0.78563 83 59 33
3.3415 -2.3781 -0.96423 76 55 28
3.26 -2.4147 -0.84528 80 57 24
3.3086 -2.3745 -0.80441 79 59 24
3.1939 -2.3252 -0.81916 81 57 31
3.3771 -2.456 -0.90639 81 56 33
2.9687 -2.3155 -0.72678 81 58 25
3.1559 -2.3758 -0.82907 81 59 36
3.0865 -2.3318 -0.7414 80 56 30
3.0909 -2.3695 -0.78655 80 56 28
3.1689 -2.3556 -0.75195 81 57 31
3.0351 -2.3121 -0.87156 80 56 18
2.9618 -2.3013 -0.7922 78 57 30
3.1022 -2.3301 -0.85039 81 59 36
3.0405 -2.3593 -0.8486 83 59 33
2.9352 -2.2846 -0.75212 81 61 26
3.0933 -2.3413 -0.70569 83 58 26
3.1514 -2.4122 -0.83834 78 58 23
3.0235 -2.3212 -0.73425 81 56 33
3.148 -2.3744 -0.79068 81 57 31
3.0114 -2.3158 -0.69326 84 58 33
3.082 -2.3532 -0.85194 81 59 35
3.0982 -2.4005 -0.90093 81 56 36
3.1997 -2.3998 -0.91298 78 57 26
2.8842 -2.3218 -0.72374 82 59 26
2.9014 -2.3318 -0.76102 83 58 36
3.0093 -2.352 -0.70104 81 58 25
2.8263 -2.3106 -0.71755 82 58 32
3.0508 -2.4021 -0.89788 85 61 33
2.8593 -2.3299 -0.79019 80 60 36
2.9463 -2.3307 -0.76061 83 57 30
2.8942 -2.3549 -0.83398 82 57 35
2.9155 -2.3144 -0.68974 83 58 28
2.985 -2.3578 -0.80814 82 57 25
2.9136 -2.3088 -0.72349 84 59 39
2.9309 -2.3645 -0.7033 83 60 18
2.8857 -2.3147 -0.78991 83 61 38
2.9889 -2.3955 -0.8558 82 59 28
2.891 -2.3274 -0.72553 82 59 26
2.8597 -2.3346 -0.75964 80 58 34
3.0829 -2.4324 -0.87216 78 58 24
2.7703 -2.2676 -0.67041 85 62 31
2.7731 -2.2736 -0.63674 83 57 30
2.8133 -2.3243 -0.81897 86 61 39
3.2374 1.1715 -1.0703 73 56 38
3.3496 1.1441 -1.0903 74 52 28
3.4649 1.1757 -1.0942 74 52 28
3.2958 1.1672 -0.99173 75 54 33
3.4067 1.177 -1.0328 74 53 34
3.2967 1.1763 -1.0256 73 54 37
3.3131 1.1565 -0.93254 70 52 30
3.3844 1.1606 -0.99435 73 53 28
3.2404 1.1388 -0.94388 75 51 25
3.4303 1.1678 -0.97336 73 50 32
3.3319 1.1205 -1.0178 74 55 25
3.3346 1.1935 -0.92836 71 50 29
3.3001 1.1687 -0.99269 75 54 33
3.2456 1.166 -1.0408 73 53 26
3.2936 1.1454 -1.0306 73 52 35
3.2988 1.1561 -1.0666 71 51 24
3.4653 1.1224 -1.1471 72 50 27
3.5121 1.1515 -1.0831 72 51 32
3.537 1.1644 -0.97724 76 54 31
3.5467 1.1316 -1.106 72 50 26
3.5843 1.12 -1.1582 73 53 29
3.4136 1.1266 -1.084 74 49 26
3.5744 1.1313 -1.0766 75 51 23
3.466 1.1092 -0.96472 75 54 25
3.4762 1.1572 -1.1405 73 48 26
3.4038 1.1278 -0.97196 74 53 26
3.4133 1.1401 -1.01 76 54 13
3.5355 1.141 -1.0188 72 49 33
3.5366 1.151 -1.058 74 53 32
3.5537 1.1425 -1.1397 73 50 34
3.5518 1.1149 -1.0347 75 54 25
3.5235 1.1095 -1.1734 71 50 33
3.5783 1.1144 -1.0073 72 51 24
3.8136 1.0958 -1.1399 71 50 21
3.7889 1.1036 -1.0462 74 53 22
3.6539 1.0762 -1.2007 70 49 30
3.6428 1.1113 -1.0696 70 52 28
3.7917 1.1081 -1.2073 72 50 39
3.666 1.1039 -1.1585 73 50 34
3.7477 1.0853 -1.1548 73 53 29
3.6292 1.0832 -1.1097 73 50 32
3.6883 1.1162 -1.0466 73 53 29
3.5322 1.0946 -1.1078 74 52 28
3.7895 1.1132 -1.0836 73 52 23
3.7166 1.1005 -1.0992 74 50 24
3.7287 1.1042 -1.1028 74 50 24
3.6143 1.0971 -1.1781 71 50 31
3.674 1.1305 -1.1167 71 53 29
3.9993 1.1042 -1.1663 71 50 29
3.8985 1.0692 -1.264 72 50 27
3.83 1.0657 -1.1541 74 52 31
3.9534 1.0282 -1.2096 75 50 30
3.7443 1.0506 -1.1656 71 50 31
4.0107 1.0611 -1.142 75 50 28
3.9879 1.0743 -1.2119 77 52 32
3.971 1.0862 -1.1181 76 51 28
3.8678 1.1014 -1.114 74 50 22
3.9217 1.0663 -1.2346 72 51 30
3.898 1.0787 -1.3023 74 48 31
3.9098 1.0433 -1.1508 74 51 33
3.9601 1.0401 -1.2528 72 46 29
3.7657 1.0756 -1.2474 68 50 28
4.0738 1.0813 -1.3331 71 50 29
3.8183 1.0816 -1.2279 69 48 27
3.8118 1.0758 -1.0611 76 50 25
4.0147 1.0152 -1.1097 72 50 29
4.0691 1.0419 -1.3385 71 50 31
4.0607 1.047 -1.2031 74 52 29
3.828 0.91543 -1.155 71 47 21
3.9226 0.98388 -1.2096 73 51 27
3.6615 0.82391 -1.1931 37 15 15
3.5746 -2.4038 -1.0847 77 56 25
3.6108 -2.3405 -1.0736 76 54 31
3.4145 -2.4045 -1.1839 73 53 29
3.581 -2.4578 -1.0564 77 53 27
3.4122 -2.4239 -1.0227 82 61 34
3.5277 -2.4359 -1.2518 72 52 28
3.4866 -2.3806 -1.1044 76 55 26
3.539 -2.4607 -1.1336 78 54 16
3.3716 -2.3475 -1.0384 78 53 33
3.5839 -2.4424 -1.178 77 55 31
3.3702 -2.3839 -1.0934 77 55 16
3.4412 -2.4293 -1.1549 76 55 28
3.5907 -2.4587 -1.0993 78 55 24
3.4302 -2.4532 -1.2394 76 51 28
3.5486 -2.4676 -1.1377 80 56 18
3.3735 -2.3543 -1.0025 80 60 26
3.4759 -2.4426 -1.2418 76 53 20
3.2798 -2.405 -1.0401 77 54 23
3.192 -2.3795 -1.0209 81 58 27
3.1868 -2.3611 -1.1309 73 54 24
3.2158 -2.3879 -1.1037 77 56 35
3.2772 -2.3981 -1.0779 78 56 32
3.3883 -2.4336 -1.1472 73 52 23
3.2162 -2.3931 -1.0661 78 57 28
3.2325 -2.3749 -0.98989 78 57 26
3.3369 -2.4115 -1.014 78 56 33
3.1943 -2.386 -0.98438 79 56 25
3.172 -2.3739 -0.94186 83 60 29
3.2492 -2.3416 -1.0222 77 56 25
3.4372 -2.4744 -1.1223 76 54 30
3.1771 -2.3778 -0.9434 83 60 29
3.1268 -2.3555 -1.1191 77 54 21
3.2051 -2.3345 -1.1283 78 57 30
3.3237 -2.4277 -1.1322 76 55 28
3.0677 -2.3329 -0.91769 78 57 26
3.0626 -2.359 -0.9985 81 58 27
3.0933 -2.3788 -1.0458 78 56 33
2.9595 -2.3246 -0.90459 82 59 26
3.1208 -2.3603 -1.0436 81 57 29
3.0989 -2.3923 -0.97547 81 56 33
3.1324 -2.3649 -1.0867 78 56 33
3.0268 -2.3562 -1.1011 80 57 39
3.0172 -2.3531 -1.0628 77 55 31
3.1226 -2.3925 -1.1291 77 57 22
2.9787 -2.3355 -0.94415 80 55 33
3.093 -2.3738 -1.0807 80 59 30
2.9607 -2.3464 -1.0514 81 57 23
2.9736 -2.3271 -0.97733 83 60 29
3.1146 -2.3647 -0.96873 82 56 29
3.1526 -2.3902 -1.0223 81 58 27
3.0667 -2.3711 -0.92669 80 56 28
2.9661 -2.3168 -1.0093 77 56 27
2.9071 -2.3491 -0.97323 78 57 30
2.8349 -2.2975 -0.88193 81 61 26
2.8152 -2.3179 -0.88435 82 57 27
2.8658 -2.2778 -0.94896 81 57 31
2.9604 -2.3504 -1.0164 78 56 33
2.8197 -2.2892 -0.84642 81 59 20
2.912 -2.3237 -0.89775 82 58 30
2.8631 -2.3425 -1.0366 82 62 38
2.9184 -2.3498 -1.0425 78 56 32
2.852 -2.3369 -0.99681 80 55 33
2.8465 -2.3034 -0.92063 81 57 29
2.9642 -2.3491 -1.0525 81 57 23
2.872 -2.316 -0.99469 80 59 32
2.8485 -2.2678 -0.90945 80 59 30
2.9346 -2.3464 -0.87111 84 59 36
2.8748 -2.3642 -0.9388 83 59 33
2.8346 -2.3263 -0.95736 79 59 32
2.7975 -2.3239 -1.0176 81 58 40
2.7396 -2.2788 -0.96556 84 58 35
3.2487 1.1844 -1.1069 74 51 33
3.2188 1.1696 -1.2001 74 54 30
3.2386 1.1271 -1.2579 75 53 32
3.2946 1.1718 -1.1304 74 51 35
3.2416 1.1407 -1.1873 73 51 28
3.2497 1.1641 -1.1479 72 54 30
3.2845 1.1593 -1.0934 75 57 33
3.2164 1.1405 -1.2132 74 54 30
3.3573 1.1558 -1.1278 70 52 28
3.3215 1.1488 -1.2623 73 51 30
3.2796 1.1841 -1.1931 76 54 30
3.301 1.1321 -1.2166 71 51 26
3.3912 1.1551 -1.2166 70 50 26
3.4076 1.152 -1.1888 73 55 33
3.3289 1.1542 -1.1498 71 53 33
3.2176 1.1491 -1.2431 76 52 40
3.3194 1.1603 -1.1842 70 52 32
3.5 1.116 -1.3556 73 51 28
3.4345 1.1384 -1.2378 70 50 26
3.3182 1.108 -1.2312 71 51 27
3.4872 1.1159 -1.2322 73 51 27
3.4512 1.113 -1.2539 72 53 23
3.3857 1.1402 -1.2916 74 53 36
3.5644 1.1272 -1.341 73 51 27
3.5547 1.129 -1.2212 71 48 32
3.5582 1.1167 -1.3068 73 53 18
3.4811 1.1367 -1.1875 73 52 25
3.4554 1.137 -1.2127 75 53 29
3.4157 1.1459 -1.1574 72 50 29
3.4297 1.1644 -1.3428 72 51 30
3.4247 1.113 -1.2785 73 50 34
3.4712 1.1378 -1.3322 70 51 35
3.7247 1.1075 -1.2643 74 53 34
3.6051 1.075 -1.3795 71 51 26
3.6641 1.1169 -1.3531 73 53 28
3.5998 1.1106 -1.2443 71 46 23
3.6495 1.0694 -1.32 69 49 24
3.6891 1.1347 -1.4027 72 51 32
3.6643 1.0587 -1.4088 72 50 27
3.5604 1.1081 -1.2712 71 51 26
3.6525 1.1184 -1.2281 72 54 30
3.5276 1.0925 -1.3742 72 51 32
3.6598 1.1011 -1.4378 70 49 32
3.6834 1.0888 -1.3686 72 51 34
3.7139 1.0795 -1.3068 70 51 34
3.6986 1.0654 -1.2629 66 49 29
3.7611 1.0968 -1.4839 71 50 33
3.6581 1.1062 -1.3179 70 52 32
3.624 1.0857 -1.2647 70 47 29
3.6306 1.0876 -1.2661 70 47 29
3.8995 1.0931 -1.5148 70 52 32
4.031 1.0795 -1.3582 76 52 26
3.9208 1.0427 -1.4513 71 50 31
3.8871 1.0498 -1.3491 72 49 31
3.9587 1.0632 -1.5071 71 49 25
3.8928 1.0614 -1.3919 70 52 30
3.8948 1.0877 -1.341 68 49 32
3.7898 1.0673 -1.3433 71 52 22
3.8731 1.0751 -1.4616 69 49 25
3.8201 1.0348 -1.4938 71 50 31
3.804 1.0466 -1.4034 68 51 23
4.0138 1.0581 -1.4459 71 48 32
3.7708 1.0708 -1.3721 70 47 31
4.0823 1.0384 -1.4799 71 50 33
4.0574 1.0495 -1.3792 72 49 31
4.0527 1.0207 -1.4287 72 49 31
3.9769 1.021 -1.4831 70 50 25
3.9191 0.93955 -1.3488 71 49 34
4.0104 1.0406 -1.5423 71 49 25
4.0633 1.0136 -1.3931 73 52 31
3.366 -2.4013 -1.2555 64 50 39
3.5244 -2.4285 -1.2962 19 14 20
3.4544 -2.4223 -1.2793 34 20 9
3.3536 -2.3867 -1.2871 12 12 4
3.1017 -2.3571 -1.2639 20 13 0
3.1517 -2.3609 -1.2423 74 56 20
3.3842 -2.4625 -1.234 77 57 33
3.2048 -2.4109 -1.187 74 53 26
3.3313 -2.4147 -1.2996 6 10 0
3.2967 -2.4395 -1.2126 75 54 33
3.3859 -2.458 -1.2691 75 55 21
3.2356 -2.4297 -1.2374 79 54 32
3.3076 -2.4422 -1.2521 76 55 28
2.9655 -2.3476 -1.0953 77 57 32
2.9681 -2.366 -1.2782 29 14 0
3.0447 -2.3175 -1.2044 76 55 24
3.0948 -2.366 -1.1543 77 58 26
3.0745 -2.3895 -1.1544 79 55 29
3.0227 -2.3442 -1.1719 77 57 32
3.0252 -2.3728 -1.2935 16 12 11
2.9658 -2.3338 -1.1968 77 54 23
2.9901 -2.3613 -1.131 77 55 31
2.9809 -2.2725 -1.1445 76 51 29
2.9764 -2.3465 -1.1646 75 55 30
2.9262 -2.3377 -1.2304 77 56 35
3.0681 -2.3664 -1.2985 18 10 0
2.9092 -2.339 -1.0797 80 59 32
2.8543 -2.3313 -1.0678 77 55 32
2.8375 -2.3506 -1.1035 78 55 24
2.8505 -2.3195 -1.1309 82 60 36
2.8914 -2.3491 -1.1804 77 56 25
2.8757 -2.3324 -1.2112 77 57 33
2.8799 -2.3738 -1.2205 77 55 34
2.825 -2.3434 -1.0619 80 55 32
2.9023 -2.3664 -1.1161 78 56 33
2.9436 -2.3582 -1.1592 77 57 33
2.9932 -2.3946 -1.2159 80 58 35
2.8552 -2.3569 -1.1748 79 58 27
2.9623 -2.3775 -1.13 80 57 26
2.8216 -2.3325 -1.1272 82 57 27
2.9071 -2.3543 -1.2594 62 37 14
3.1629 1.1624 -1.3466 81 55 14
3.1565 1.1522 -1.3152 74 53 36
3.2762 1.1373 -1.383 71 52 18
3.182 1.153 -1.2925 73 51 30
3.285 1.1527 -1.3105 70 51 35
3.2554 1.172 -1.2921 69 51 31
3.2382 1.1625 -1.3932 72 52 28
3.2091 1.1599 -1.4104 68 50 30
3.3723 1.1628 -1.3909 75 52 36
3.3254 1.1767 -1.3636 74 53 34
3.2457 1.1354 -1.4045 66 47 33
3.2975 1.1234 -1.4347 67 50 32
3.1807 1.1325 -1.3348 71 51 24
3.4253 1.1181 -1.4284 73 51 27
3.5728 1.1494 -1.4211 69 50 18
3.4391 1.1324 -1.472 74 53 24
3.5296 1.1211 -1.4846 71 50 33
3.5236 1.1098 -1.4455 73 50 32
3.3758 1.1239 -1.3659 75 50 30
3.4388 1.1134 -1.3986 71 48 32
3.4071 1.1525 -1.447 75 51 25
3.3562 1.1135 -1.4716 74 53 34
3.4068 1.0896 -1.4653 72 49 33
3.4556 1.1152 -1.524 66 44 33
3.3522 1.1248 -1.3907 72 51 22
3.3941 1.1213 -1.3392 71 49 28
3.6046 1.093 -1.4503 69 50 33
3.6123 1.1055 -1.4947 70 50 26
3.5587 1.1115 -1.4221 68 50 26
3.6199 1.0646 -1.4677 66 47 33
3.657 1.1288 -1.5489 70 47 31
3.7677 1.0653 -1.5053 70 49 18
3.72 1.0154 -1.4871 69 48 31
2.9861 -2.3758 -1.32 6 17 13
2.7863 -2.3291 -1.2265 77 56 25
2.8059 -2.3042 -1.2591 18 10 0
2.8338 -2.3651 -1.2789 39 20 13
2.8783 -2.3604 -1.3243 0 2 0
2.8975 -2.3427 -1.292 25 8 0
3.7528 1.204 0.46196 81 58 40
3.8066 1.2128 0.50547 81 60 29
3.6855 1.2133 0.46109 83 63 29
3.5207 1.1958 0.41471 79 57 36
3.674 1.2181 0.42654 77 55 31
3.655 1.1943 0.48829 83 61 22
3.6006 1.2152 0.45446 81 56 36
3.7252 1.2038 0.42624 82 56 29
3.9297 1.238 0.44331 81 57 29
3.8701 1.2003 0.50256 81 61 27
3.8624 1.1742 0.46372 78 58 31
3.806 1.1891 0.46467 83 62 31
3.95 1.1922 0.50974 79 59 35
4.125 1.1757 0.52205 80 57 26
4.1668 1.1423 0.55749 80 59 28
4.0433 1.1423 0.54803 81 57 21
4.11 1.1457 0.47491 75 54 33
3.9708 1.1399 0.46203 81 59 35
4.0563 1.0953 0.45918 49 29 4
4.1758 1.1546 0.52013 69 47 26
3.9544 1.1594 0.49961 78 58 31
4.3441 1.1546 0.57177 84 58 31
4.2202 1.1308 0.51839 49 30 0
4.4048 1.1331 0.57413 85 62 31
4.3901 1.0532 0.55894 83 61 37
3.7561 -2.2114 0.59307 92 69 36
3.8569 -2.2657 0.57743 95 70 40
3.7914 -2.3733 0.66588 79 60 28
3.5265 -2.3255 0.59343 86 62 36
3.5652 -2.3515 0.60073 86 62 36
3.7056 -2.3973 0.59181 67 46 19
3.6181 -2.3815 0.57369 81 60 39
3.6135 -2.3315 0.5445 68 50 30
3.3836 -2.3136 0.59443 93 69 31
3.2632 -2.2678 0.56534 97 68 37
3.3876 -2.3505 0.55078 94 70 36
3.3551 -2.2496 0.56046 90 64 39
3.4573 -2.3594 0.57034 90 67 36
3.5229 -2.3699 0.62797 89 65 27
3.3549 -2.3225 0.51146 89 65 37
3.5704 -2.3909 0.55652 89 65 39
3.4571 -2.3541 0.53507 92 67 37
3.356 -2.3678 0.54249 95 70 40
3.2461 -2.3322 0.55217 91 66 36
3.2787 -2.3125 0.53071 93 71 34
2.9697 -2.1259 0.47518 94 69 39
3.1963 -2.3005 0.57473 94 70 34
3.1244 -2.2802 0.52484 93 70 39
3.2246 -2.3498 0.50835 91 67 33
3.3987 -2.4035 0.5821 91 66 43
3.0589 -2.3094 0.53391 92 69 36
3.0945 -2.3321 0.50884 95 66 42
2.99 -2.2881 0.48758 93 68 36
2.9686 -2.2756 0.50951 93 67 40
3.1051 -2.3028 0.51442 92 68 42
3.0416 -2.2504 0.47454 95 71 37
3.1708 -2.3858 0.48891 92 66 25
3.5155 1.2061 0.25303 81 58 25
3.6018 1.2192 0.32168 80 58 34
3.5196 1.1861 0.2129 85 60 38
3.6118 1.1872 0.21325 85 61 35
3.5583 1.1908 0.24596 82 57 34
3.7427 1.1955 0.35564 85 56 32
3.5714 1.1781 0.31004 81 58 27
3.6109 1.2003 0.28633 83 58 28
3.6305 1.2205 0.35723 80 56 28
3.5541 1.2111 0.28916 83 59 33
3.5849 1.1962 0.38349 80 58 34
3.6614 1.1863 0.28128 81 56 26
3.6535 1.1887 0.38543 80 61 27
3.7545 1.2263 0.25706 79 59 22
3.6848 1.1853 0.31736 79 57 34
3.935 1.1818 0.39707 83 58 35
3.8151 1.1685 0.42463 84 59 37
3.8464 1.149 0.27594 83 60 26
3.7217 1.1657 0.31614 80 56 28
3.8419 1.1952 0.36033 81 57 31
3.8522 1.1839 0.28507 83 58 35
3.7276 1.1765 0.28168 78 56 32
3.7703 1.1955 0.39242 81 61 27
3.8154 1.1776 0.39131 83 57 34
3.6157 1.1489 0.24166 84 61 27
3.9552 1.1728 0.32475 80 58 35
3.993 1.1902 0.43894 83 60 27
3.9101 1.1778 0.24412 83 58 35
3.8434 1.1719 0.32022 78 58 33
3.8785 1.1736 0.35846 81 60 33
4.0591 1.1443 0.28214 85 60 28
4.0392 1.1637 0.32008 79 57 33
3.8355 1.1266 0.33776 81 59 38
3.9208 1.1438 0.38813 80 60 26
4.132 1.1616 0.43881 75 50 27
3.9881 1.1545 0.43212 81 59 35
4.1446 1.1296 0.43572 56 34 13
4.2793 1.2143 0.41749 79 54 31
4.0003 1.1714 0.24578 85 60 38
4.0743 1.1839 0.28668 85 61 25
4.1223 1.1784 0.36408 79 58 31
4.1362 1.1371 0.39581 74 52 29
4.06 1.1349 0.31576 79 60 30
4.1645 1.1387 0.28331 79 54 32
3.9669 1.1272 0.23701 83 61 40
4.1639 1.1548 0.36386 76 56 31
4.3057 1.1303 0.31512 51 32 0
4.2041 1.077 0.26662 68 43 20
4.0941 1.1093 0.31111 72 50 27
4.1647 1.119 0.35768 44 28 3
4.2997 1.1257 0.48462 53 36 19
4.2876 1.1362 0.28047 48 31 3
3.8463 -2.2742 0.37751 99 72 37
3.7903 -2.3811 0.42135 93 69 35
3.7935 -2.3831 0.42188 93 69 35
3.7292 -2.3589 0.52998 72 50 13
3.8368 -2.4051 0.38983 97 70 33
3.6077 -2.3638 0.49979 79 57 20
3.614 -2.3264 0.50796 58 39 0
3.7387 -2.4023 0.48665 61 37 1
3.7727 -2.408 0.37904 98 71 34
3.5085 -2.3584 0.32674 95 71 37
3.53 -2.3424 0.40655 94 67 34
3.669 -2.41 0.54243 81 59 22
3.601 -2.3797 0.34339 96 72 36
3.7432 -2.4319 0.36705 93 70 37
3.7117 -2.4705 0.46388 89 64 32
3.5762 -2.4258 0.47933 93 68 38
3.5438 -2.4088 0.51307 91 66 36
3.4367 -2.3495 0.31408 99 71 40
3.403 -2.3315 0.34967 99 72 39
3.2981 -2.3117 0.4332 93 68 36
3.4123 -2.3426 0.37968 97 70 37
3.2213 -2.2242 0.46358 93 66 31
3.5284 -2.4289 0.43056 97 69 40
3.3656 -2.3201 0.44678 91 65 38
3.3901 -2.3724 0.41177 93 68 36
3.5471 -2.3698 0.51677 92 64 35
3.5643 -2.4123 0.44108 94 69 39
3.4431 -2.4046 0.37933 94 69 37
3.4607 -2.3309 0.35964 95 72 41
3.4984 -2.3618 0.39796 96 72 34
3.0597 -2.2592 0.4437 96 68 37
3.2015 -2.2854 0.44737 91 68 34
3.2587 -2.3459 0.30964 93 67 40
3.1246 -2.2988 0.38976 94 68 41
3.1487 -2.275 0.36977 91 68 37
3.2081 -2.3231 0.40206 93 70 39
3.226 -2.2984 0.41784 89 68 39
3.2092 -2.3143 0.33805 93 69 35
3.3254 -2.3651 0.39378 92 69 36
3.1439 -2.2851 0.4625 93 68 38
3.2098 -2.3484 0.30095 96 71 39
3.2669 -2.2989 0.4929 94 69 39
3.1322 -2.2717 0.42714 92 67 37
3.0927 -2.2703 0.35454 89 64 32
3.2002 -2.2888 0.47597 91 68 37
3.2362 -2.2957 0.3468 98 71 34
3.1103 -2.2789 0.32447 90 66 40
3.0969 -2.2825 0.41583 93 68 38
3.0839 -2.2916 0.28384 93 69 43
3.0615 -2.3204 0.33692 94 67 30
3.0226 -2.2677 0.4347 91 68 35
3.0913 -2.3154 0.41115 91 67 33
2.9488 -2.2736 0.35111 93 69 33
3.046 -2.2719 0.34376 93 69 31
3.003 -2.2934 0.45619 93 65 36
3.0683 -2.2844 0.31525 95 70 40
3.0084 -2.2754 0.30479 91 67 39
2.9973 -2.2758 0.3655 96 68 39
3.0658 -2.2639 0.4453 96 68 37
2.9335 -2.2354 0.4192 92 69 35
3.1324 -2.3423 0.38578 91 68 34
2.9608 -2.2742 0.28895 92 69 38
2.9969 -2.3069 0.32494 94 69 23
3.0557 -2.2794 0.34568 93 69 31
3.6292 1.2018 0.18257 82 61 32
3.4971 1.1824 0.081695 84 60 34
3.5596 1.1867 0.14414 81 59 35
3.5174 1.1593 0.076144 83 59 31
3.5839 1.1906 0.04419 81 60 31
3.5725 1.1693 0.10708 81 59 38
3.5711 1.2299 0.12004 84 58 43
3.555 1.2155 0.15414 84 59 39
3.7105 1.1888 0.21489 83 62 35
3.5896 1.2233 0.04996 85 61 33
3.6387 1.1781 0.03846 83 61 38
3.6127 1.2138 0.1155 80 58 35
3.7031 1.1953 0.17942 81 62 32
3.6377 1.1689 0.069118 80 59 32
3.6432 1.1843 0.14282 83 62 35
3.6177 1.2288 0.18761 81 59 35
3.8373 1.1739 0.17462 79 58 27
3.8063 1.155 0.20733 82 63 33
3.7837 1.1896 0.17837 85 60 37
3.7294 1.1811 0.14029 81 59 36
3.8564 1.2079 0.069239 81 61 37
3.8169 1.1717 0.024229 82 62 28
3.8353 1.1496 0.13179 82 58 32
3.8271 1.1656 0.061961 81 60 31
3.7972 1.1705 0.13846 83 59 31
3.7873 1.1816 0.21157 81 61 36
3.7113 1.1842 0.10739 80 59 38
3.904 1.1613 0.17 79 57 34
3.7742 1.1724 0.10217 80 58 34
3.7746 1.1908 0.033744 81 60 33
4.0366 1.1514 0.088817 85 61 35
3.9276 1.1441 0.1264 82 60 36
3.9884 1.1471 0.049396 84 61 30
3.9211 1.157 0.20311 83 61 37
3.7563 1.111 0.054531 84 59 37
3.9077 1.1287 0.16083 82 58 30
3.9776 1.1399 0.20071 81 59 36
4.2327 1.168 0.24837 81 59 35
4.1467 1.1376 0.1234 82 57 35
4.0919 1.1381 0.20101 80 60 35
4.0934 1.1326 0.081081 84 60 34
4.0602 1.1486 0.12503 80 60 26
4.1015 1.1507 0.16526 78 58 33
4.0922 1.1579 0.12647 80 60 26
3.8807 1.1206 0.15848 82 58 30
4.039 1.1269 0.044051 83 59 31
3.9303 1.1544 0.092817 82 62 35
4.2886 1.1197 0.19638 52 33 17
4.241 1.1006 0.070583 54 36 12
4.2167 1.0904 0.23074 55 33 20
3.9653 1.0581 0.22485 77 55 31
4.1489 1.1282 0.16171 80 58 35
4.1251 1.1118 0.1967 80 56 28
4.1751 1.1295 0.033983 81 59 35
4.0879 1.0955 0.07284 81 60 31
4.1696 1.1079 0.11504 72 56 23
3.7531 -2.3727 0.2192 96 72 36
3.7747 -2.3491 0.26085 96 71 41
3.8329 -2.3477 0.32233 98 73 41
3.6795 -2.3364 0.29043 100 72 45
3.7588 -2.4143 0.16952 93 68 36
3.6789 -2.3784 0.28194 95 70 40
3.615 -2.3732 0.23414 97 72 42
3.5668 -2.3878 0.25572 94 71 40
3.6971 -2.3853 0.25068 93 70 39
3.6227 -2.4312 0.29698 97 69 40
3.4952 -2.2883 0.19135 94 68 41
3.4904 -2.3613 0.13787 91 68 37
3.5345 -2.3091 0.15531 93 71 34
3.5937 -2.3695 0.30609 99 75 47
3.669 -2.3932 0.126 91 65 38
3.6193 -2.4024 0.11521 92 67 37
3.7772 -2.4319 0.21116 93 69 35
3.8108 -2.4538 0.21304 93 69 35
3.5709 -2.3804 0.18999 91 66 36
3.6502 -2.4021 0.27545 94 72 35
3.6785 -2.4476 0.15364 91 67 33
3.7801 -2.4505 0.32987 97 72 42
3.5317 -2.3072 0.15551 93 71 34
3.3581 -2.3894 0.11106 88 67 40
3.3256 -2.3409 0.22265 94 68 41
3.3254 -2.3064 0.26349 95 66 42
3.3843 -2.3531 0.30502 95 72 39
3.3834 -2.3724 0.15352 92 68 40
3.3583 -2.3596 0.19081 90 65 35
3.304 -2.3353 0.29089 91 70 43
3.3385 -2.3356 0.11882 91 67 41
3.2647 -2.3021 0.25196 91 68 37
3.4557 -2.378 0.12842 91 67 41
3.3038 -2.3549 0.14197 90 65 35
3.4697 -2.3526 0.17786 94 68 41
3.3981 -2.3527 0.2331 94 70 44
3.4176 -2.3262 0.24157 95 70 40
3.3982 -2.3478 0.19737 93 70 37
3.3221 -2.3041 0.26359 95 66 42
3.5264 -2.3964 0.21092 92 69 35
3.524 -2.405 0.28457 95 70 40
3.1585 -2.2919 0.16666 91 67 39
3.118 -2.2755 0.26075 94 67 34
3.1013 -2.3001 0.24903 90 66 38
3.1637 -2.3381 0.18788 90 67 36
3.2313 -2.3211 0.27542 92 68 34
3.2797 -2.3425 0.18107 91 66 34
3.1505 -2.2813 0.13197 90 67 36
3.0972 -2.3164 0.11475 89 65 39
3.225 -2.3315 0.10021 91 65 38
3.1401 -2.2827 0.19667 93 69 43
3.1733 -2.3499 0.22243 91 67 39
3.1573 -2.3241 0.1232 89 65 39
3.2753 -2.3438 0.21258 93 67 42
3.0889 -2.2492 0.22449 93 65 38
2.9324 -2.2621 0.097678 88 66 29
3.046 -2.3187 0.13928 92 66 39
3.0633 -2.3084 0.244 91 66 34
3.054 -2.2968 0.2105 90 64 37
3.0337 -2.3226 0.23668 91 67 39
2.9267 -2.266 0.15847 92 67 37
3.1058 -2.3696 0.17444 92 68 40
2.9456 -2.2899 0.22477 93 69 35
3.0627 -2.3124 0.27563 93 68 38
2.968 -2.2943 0.12958 90 67 34
2.8941 -2.2445 0.18823 89 66 32
3.0202 -2.2943 0.1069 88 67 38
3.0751 -2.304 0.14553 87 68 38
2.9778 -2.3195 0.25611 92 67 37
3.0246 -2.3109 0.20251 92 66 39
3.081 -2.313 0.18009 90 66 40
3.5854 1.2087 -0.022718 82 61 34
3.5017 1.2011 0.014717 80 59 38
3.3641 1.1568 -0.11068 77 55 31
3.5659 1.1801 -0.061094 82 62 38
3.6121 1.2047 -0.093746 80 58 37
3.5392 1.2101 -0.085233 79 58 29
3.6165 1.193 -0.16996 78 58 31
3.6672 1.192 -0.10426 84 61 28
3.5752 1.2009 -0.12799 77 55 34
3.5209 1.2165 -0.015116 81 59 35
3.4661 1.2015 -0.14715 80 59 28
3.5661 1.1933 0.010209 80 58 34
3.5259 1.1926 -0.1574 81 60 33
3.6509 1.2 -0.027765 78 60 40
3.6341 1.1853 0.0073865 82 61 32
3.5283 1.1544 -0.13296 79 57 34
3.5078 1.1905 -0.053677 82 61 34
3.7784 1.1687 -0.0080696 81 59 36
3.638 1.1733 -0.072048 82 60 37
3.6781 1.1776 -0.035995 80 59 38
3.7273 1.1386 -0.083983 79 58 29
3.8555 1.16 -0.016792 83 61 37
3.7864 1.1477 -0.048402 79 57 36
3.6546 1.1653 -0.14357 79 58 37
3.7522 1.1788 -0.07783 77 60 34
3.7309 1.1579 -0.1519 81 59 38
3.8342 1.144 0.020054 84 59 36
3.7415 1.1661 -0.042222 79 57 34
3.6204 1.1452 -0.11002 81 59 35
3.8787 1.1714 -0.16603 82 57 37
3.7696 1.1609 -0.11831 84 59 37
3.6844 1.1706 -0.0010825 82 60 39
3.6786 1.1822 -0.17874 80 58 34
3.8579 1.1607 -0.016964 83 61 37
3.9197 1.0968 -0.11115 80 59 30
4.0429 1.1377 0.0086252 83 60 27
3.9822 1.13 -0.031575 82 61 34
3.8348 1.1483 -0.12763 81 61 36
3.9315 1.1248 -0.068076 79 59 35
4.0197 1.1758 -0.023606 84 63 32
3.9911 1.1575 0.013713 82 61 34
4.0611 1.1573 -0.19191 79 59 34
3.9313 1.1097 -0.14814 79 58 29
3.9408 1.1468 -0.1428 81 57 29
3.8105 1.1172 -0.17117 79 57 34
3.7612 1.1166 -0.091112 78 58 33
3.9111 1.1528 -0.058554 84 60 34
3.8869 1.1212 -0.10383 81 57 31
4.096 1.1375 -0.078235 80 58 35
4.0395 1.1115 -0.038382 82 60 36
4.161 1.1033 -0.17031 78 58 33
4.0669 1.1094 -0.002361 81 60 31
4.0363 1.0597 -0.12899 81 61 27
4.087 1.0893 -0.046152 79 57 33
4.0891 1.0998 -0.085476 81 59 38
4.2097 1.0693 -0.14086 56 35 4
4.108 1.1248 -0.16006 80 58 34
4.0059 1.0865 -0.12001 81 57 29
4.2796 1.1316 -0.010108 82 60 36
4.2082 1.079 -0.17911 58 35 19
4.2917 1.1178 -0.094119 55 34 13
3.5822 -2.2888 0.092512 92 69 35
3.7845 -2.3213 0.035382 92 67 37
3.705 -2.3145 0.026184 91 67 39
3.6922 -2.3811 -0.074323 88 62 35
3.4816 -2.3711 -0.049313 88 64 26
3.456 -2.3583 -0.013019 85 61 33
3.4413 -2.3225 0.097329 91 68 37
3.4753 -2.3204 -0.080398 84 63 32
3.7275 -2.4265 0.089623 93 70 37
3.5433 -2.3873 0.064163 91 67 33
3.5047 -2.3817 -0.088551 89 63 36
3.7024 -2.431 -0.08001 85 62 28
3.5405 -2.3699 -0.045249 87 62 32
3.5266 -2.3347 0.076076 89 66 33
3.6169 -2.39 0.035616 86 65 36
3.6425 -2.3965 -0.042665 86 63 30
3.5938 -2.3325 0.045153 92 66 43
3.4613 -2.3263 0.030185 87 67 30
3.4862 -2.338 -0.0082731 88 64 38
3.572 -2.3388 -0.11613 86 60 33
3.3634 -2.3485 0.085041 90 65 42
3.3751 -2.3968 0.075115 90 64 39
3.4168 -2.3664 -0.061524 85 60 37
3.2726 -2.318 0.039258 87 66 35
3.3376 -2.3903 -0.073121 84 63 32
3.3829 -2.3474 -0.023144 87 63 27
3.4039 -2.3319 0.053473 91 65 40
3.3031 -2.3304 -0.033261 88 62 35
3.3334 -2.3425 -0.10329 85 62 31
3.3034 -2.3605 -0.1082 82 61 32
3.3585 -2.3751 0.0025659 85 64 43
3.3194 -2.3818 -0.038408 85 63 26
3.4611 -2.4127 0.048151 89 66 35
3.4789 -2.3791 0.021145 86 65 36
3.3516 -2.3004 0.090542 91 65 38
3.414 -2.3744 0.012477 88 64 38
3.3268 -2.2983 -0.090484 86 60 33
3.2656 -2.2988 -0.065661 83 61 37
3.0686 -2.3053 -0.088805 86 63 30
3.1443 -2.3098 0.090021 90 66 38
3.1969 -2.3445 0.057534 86 62 34
3.2152 -2.3196 0.064915 89 65 37
3.131 -2.3287 0.018743 87 64 33
3.1456 -2.3261 -0.082804 82 61 32
3.0704 -2.3158 -0.027798 89 65 31
3.0529 -2.2738 0.049573 88 64 38
3.2539 -2.3434 0.033362 85 63 39
3.0417 -2.2697 0.082173 88 63 40
3.236 -2.3349 0.065216 89 65 37
3.221 -2.3534 -0.0079629 81 60 31
3.1394 -2.2836 -0.073919 85 61 35
3.1663 -2.3172 0.025302 89 64 41
3.0732 -2.3135 -0.0606 85 64 37
3.0147 -2.2361 -0.014756 86 61 29
3.1013 -2.2971 -0.049526 80 61 31
3.2841 -2.3607 -0.0031352 82 62 28
3.1975 -2.3313 -0.041071 84 63 32
3.0323 -2.2993 0.075127 88 63 40
2.9355 -2.2603 0.066151 89 65 39
3.007 -2.3121 0.034084 86 64 27
2.9862 -2.3196 -0.066276 83 61 37
2.9776 -2.2805 -0.031021 87 63 35
3.0035 -2.2727 0.041673 86 63 29
3.0998 -2.3715 -0.063582 86 62 36
2.9304 -2.2964 0.088554 91 66 36
3.0195 -2.3045 -0.095324 83 60 27
2.8503 -2.2242 0.028668 88 63 41
2.8065 -2.2158 -0.038188 86 62 36
2.942 -2.293 -0.0029855 85 62 31
2.9454 -2.3041 0.057471 85 64 33
3.0351 -2.2927 0.0094179 86 62 36
2.9766 -2.2839 0.0019776 84 59 37
2.981 -2.3197 -0.03582 85 61 35
3.402 1.192 -0.31345 81 59 38
3.4922 1.2196 -0.1816 81 59 36
3.3901 1.1877 -0.31256 81 59 38
3.5521 1.1752 -0.30179 78 58 24
3.4892 1.1626 -0.32971 82 59 28
3.6264 1.1829 -0.24406 80 58 35
3.689 1.2131 -0.28409 81 56 34
3.5069 1.1817 -0.25962 81 56 34
3.4389 1.1707 -0.18396 80 57 41
3.6289 1.2061 -0.20253 81 59 38
3.5463 1.191 -0.3682 79 54 34
3.4684 1.1771 -0.29078 80 55 33
3.4477 1.1528 -0.22542 80 58 34
3.4269 1.1923 -0.28172 80 60 26
3.4473 1.1823 -0.21668 82 57 27
3.4857 1.2045 -0.25164 79 57 34
3.4444 1.1861 -0.35545 81 58 27
3.4799 1.1899 -0.32514 79 57 34
3.6696 1.1565 -0.21972 78 61 35
3.6284 1.1342 -0.18303 82 56 33
3.7417 1.1564 -0.26443 80 58 37
3.7427 1.1385 -0.19591 79 56 22
3.7055 1.1543 -0.29947 83 59 31
3.5913 1.1578 -0.31662 76 55 36
3.607 1.1451 -0.24973 79 58 29
3.5755 1.1303 -0.36283 75 53 29
3.6247 1.1374 -0.33108 79 58 31
3.7524 1.2019 -0.29513 80 59 32
3.637 1.1414 -0.33265 79 58 31
3.7467 1.1534 -0.38092 73 56 26
3.6302 1.1752 -0.21077 79 59 35
3.8199 1.1576 -0.31573 77 55 31
3.5721 1.1515 -0.31676 78 53 31
3.7892 1.1622 -0.23284 78 57 28
3.6975 1.1287 -0.34269 79 57 33
3.8993 1.1629 -0.24711 79 58 29
3.8136 1.1222 -0.32156 78 57 30
3.9315 1.0946 -0.22895 80 60 36
3.862 1.1419 -0.20737 78 57 26
3.968 1.1148 -0.26947 81 57 29
3.8749 1.0974 -0.29892 79 58 29
3.8141 1.1411 -0.39311 76 55 36
3.7947 1.1401 -0.27454 79 57 36
3.8738 1.1214 -0.2543 79 57 33
4.0413 1.1613 -0.227 82 60 36
3.9229 1.1206 -0.3361 82 57 34
3.8331 1.1188 -0.28968 81 59 36
4.0373 1.0992 -0.28022 82 59 28
4.1099 1.1296 -0.32627 79 58 27
4.0475 1.0922 -0.24286 80 58 35
4.0145 1.0871 -0.40495 78 57 30
4.0844 1.0965 -0.37209 78 56 33
4.1504 1.147 -0.20337 81 57 29
4.0065 1.1103 -0.35926 75 55 30
4.1533 1.1052 -0.33655 80 59 30
4.1801 1.0819 -0.21877 63 38 6
4.0024 1.0443 -0.2457 77 58 28
4.0285 1.0772 -0.20479 81 58 25
4.0219 1.1147 -0.36027 75 55 30
4.1955 1.1062 -0.29781 78 57 30
4.1009 1.0747 -0.41881 78 56 35
3.7298 -2.3834 -0.23038 81 60 29
3.7302 -2.4218 -0.27777 84 60 32
3.7242 -2.4234 -0.23751 86 60 33
3.5237 -2.3793 -0.20113 85 61 25
3.4193 -2.3381 -0.28117 81 61 24
3.5676 -2.4041 -0.24753 84 60 32
3.6798 -2.4484 -0.16834 84 60 32
3.6535 -2.4361 -0.12898 87 63 37
3.4702 -2.3839 -0.20563 86 62 36
3.4924 -2.3941 -0.25064 87 62 30
3.5503 -2.408 -0.13148 83 59 31
3.6026 -2.3857 -0.24382 86 62 28
3.6204 -2.3663 -0.16228 86 61 29
3.6565 -2.4598 -0.29474 81 57 29
3.2947 -2.3398 -0.21459 85 61 33
3.4209 -2.3594 -0.12994 83 59 33
3.4005 -2.3759 -0.20872 81 61 27
3.4312 -2.3924 -0.25099 83 60 26
3.3819 -2.3679 -0.18243 83 58 26
3.2776 -2.3717 -0.18557 86 63 30
3.2774 -2.3574 -0.28841 82 58 32
3.4608 -2.3823 -0.1683 84 60 24
3.4842 -2.4197 -0.33074 82 57 27
3.5315 -2.479 -0.14615 84 61 30
3.3257 -2.3576 -0.24816 82 59 26
3.3203 -2.3488 -0.2836 86 63 30
3.4856 -2.4258 -0.2951 83 61 40
3.2918 -2.3473 -0.14476 84 60 34
3.3134 -2.3582 -0.18185 82 61 34
3.2818 -2.3701 -0.22143 83 63 26
3.361 -2.3731 -0.32433 83 60 27
3.1892 -2.3112 -0.1473 85 60 28
3.0523 -2.3127 -0.22436 81 57 19
3.2442 -2.3727 -0.30175 80 60 26
3.0478 -2.3136 -0.19669 85 61 35
3.2141 -2.3639 -0.18681 84 59 36
3.2196 -2.3633 -0.22347 84 61 28
3.1111 -2.2956 -0.1154 85 62 31
3.1364 -2.3146 -0.11684 85 62 31
3.2078 -2.3502 -0.2633 86 60 37
3.1334 -2.3417 -0.18773 83 58 35
3.1411 -2.3137 -0.14853 85 60 28
3.0409 -2.2994 -0.25869 81 61 27
3.1526 -2.2887 -0.1111 81 58 24
3.2107 -2.4049 -0.16142 86 60 37
3.073 -2.3198 -0.294 85 59 32
3.1835 -2.3888 -0.12425 85 64 35
3.1356 -2.3386 -0.22534 83 58 35
3.0922 -2.3012 -0.25761 85 60 37
3.2496 -2.4159 -0.30604 84 60 22
2.9314 -2.2957 -0.20091 83 60 29
2.9184 -2.2895 -0.16571 85 62 31
2.9704 -2.2986 -0.13247 86 60 33
2.9361 -2.2757 -0.098791 86 61 31
2.9479 -2.3455 -0.20854 84 60 32
2.9735 -2.3252 -0.23722 86 61 31
2.9205 -2.3152 -0.27333 86 62 26
3.1075 -2.3643 -0.16649 82 61 34
2.9539 -2.3054 -0.26928 84 60 32
2.8989 -2.2779 -0.13429 86 61 31
2.9977 -2.2835 -0.12932 86 64 23
2.8946 -2.2786 -0.10305 85 60 37
2.8874 -2.2924 -0.23753 85 62 31
3.0442 -2.3525 -0.16928 82 61 30
3.0161 -2.326 -0.19962 86 63 30
3.0345 -2.3363 -0.22974 85 60 37
3.466 1.1897 -0.46136 81 55 28
3.5177 1.1775 -0.47895 79 52 31
3.431 1.1898 -0.38382 74 59 28
3.537 1.1659 -0.40814 76 56 32
3.5571 1.1819 -0.44719 78 56 33
3.4587 1.1744 -0.53306 75 53 30
3.473 1.1922 -0.46243 81 55 28
3.4085 1.1986 -0.44308 75 54 25
3.3762 1.1788 -0.41052 75 55 28
3.4441 1.1993 -0.52405 74 51 17
3.4156 1.1803 -0.48513 74 52 31
3.4651 1.1719 -0.39455 78 58 34
3.4839 1.1873 -0.43154 80 56 28
3.4954 1.1782 -0.50428 76 55 34
3.5934 1.1764 -0.38496 79 58 27
3.5034 1.1589 -0.54444 75 54 27
3.7196 1.154 -0.4133 76 56 32
3.6468 1.1349 -0.5501 77 57 33
3.6106 1.1598 -0.42814 80 60 35
3.5661 1.1719 -0.52634 77 54 36
3.6344 1.1445 -0.46895 77 55 32
3.6462 1.1625 -0.3994 78 58 33
3.5639 1.153 -0.45383 77 55 32
3.5973 1.1508 -0.53616 78 56 35
3.6053 1.176 -0.49531 77 56 25
3.6477 1.158 -0.50652 77 55 32
3.7809 1.1497 -0.46272 78 56 33
3.6979 1.1419 -0.52143 78 56 33
3.7177 1.1482 -0.52451 78 56 33
3.6712 1.1474 -0.43952 80 58 35
3.6645 1.1634 -0.50839 77 55 32
3.701 1.1339 -0.48803 77 55 32
3.8898 1.125 -0.53099 78 53 31
3.8821 1.1323 -0.56787 77 56 29
3.7271 1.1279 -0.57139 78 56 33
3.9824 1.1231 -0.43228 78 56 35
3.8927 1.1407 -0.44628 77 57 32
3.8212 1.1096 -0.4004 76 55 34
3.9548 1.1343 -0.5006 78 55 37
3.9727 1.1496 -0.54297 78 55 24
3.9598 1.1261 -0.46315 77 54 36
3.7572 1.1329 -0.42326 79 55 29
3.9062 1.0952 -0.54076 79 57 33
3.9142 1.1073 -0.58187 78 56 33
3.7483 1.1011 -0.58074 74 53 24
3.9799 1.1416 -0.50271 78 55 37
3.8313 1.1317 -0.47633 76 55 34
3.805 1.1334 -0.51343 78 55 24
4.0477 1.0703 -0.45238 81 57 31
4.0173 1.0659 -0.61579 78 57 26
3.9731 1.0889 -0.59568 76 56 32
4.0797 1.089 -0.49643 80 58 34
4.0518 1.1007 -0.56615 80 55 32
4.0223 1.099 -0.4416 81 56 33
4.0192 1.108 -0.48015 79 56 38
4.0243 1.0572 -0.57069 79 54 31
4.1356 1.1142 -0.54015 81 55 30
4.1933 1.0621 -0.43456 62 40 25
3.6017 -2.3841 -0.55955 82 61 32
3.5611 -2.3676 -0.47701 86 58 29
3.4299 -2.3609 -0.4743 82 59 28
3.4994 -2.3781 -0.40017 82 57 35
3.6273 -2.4071 -0.52878 80 57 23
3.6348 -2.4121 -0.52938 80 57 23
3.5706 -2.4542 -0.5375 83 59 33
3.67 -2.4581 -0.37494 84 58 33
3.4583 -2.3912 -0.40545 83 58 35
3.6059 -2.441 -0.49328 83 60 27
3.5004 -2.4155 -0.44753 80 55 32
3.6283 -2.4131 -0.48724 86 58 29
3.5588 -2.4034 -0.52779 80 59 30
3.6563 -2.443 -0.40992 80 59 32
3.657 -2.438 -0.45029 83 59 33
3.2288 -2.3514 -0.36601 83 58 36
3.4877 -2.417 -0.36946 82 61 32
3.321 -2.4054 -0.48847 80 59 28
3.1736 -2.3307 -0.50435 81 57 21
3.3634 -2.4055 -0.4105 83 58 35
3.3866 -2.4179 -0.45468 82 60 23
3.4234 -2.3929 -0.52554 81 60 31
3.2924 -2.3587 -0.36636 83 62 31
3.3664 -2.4176 -0.33819 84 61 30
3.1994 -2.325 -0.39483 83 60 26
3.2413 -2.3513 -0.4397 83 60 27
3.2637 -2.3679 -0.44326 83 60 27
3.4528 -2.4605 -0.4987 83 60 29
3.4238 -2.4133 -0.36713 81 59 35
3.212 -2.3201 -0.50285 80 59 30
3.3563 -2.3498 -0.47266 79 57 33
3.4588 -2.428 -0.4509 80 58 19
3.4033 -2.3935 -0.4079 78 58 33
3.1449 -2.3958 -0.44649 82 57 34
3.0822 -2.3427 -0.47476 80 59 30
3.0688 -2.3457 -0.37245 82 58 32
3.2544 -2.396 -0.48567 83 61 37
3.0876 -2.3563 -0.4114 85 59 32
3.15 -2.336 -0.33165 81 55 30
3.0835 -2.3234 -0.32977 83 62 33
3.2132 -2.3744 -0.40475 84 61 30
3.1078 -2.3287 -0.43225 80 59 28
3.2053 -2.3638 -0.44051 81 61 27
3.1062 -2.3366 -0.37012 80 58 35
3.14 -2.3487 -0.4744 79 56 22
3.0581 -2.2962 -0.40257 83 60 29
3.252 -2.3736 -0.33613 82 61 30
3.2021 -2.3706 -0.37079 79 58 29
2.953 -2.2962 -0.33226 84 60 24
3.016 -2.3418 -0.36863 81 56 33
2.8743 -2.3054 -0.33496 82 60 37
2.9744 -2.3459 -0.37239 85 58 25
3.086 -2.3634 -0.33664 82 61 34
2.9808 -2.3226 -0.30395 82 61 30
2.9422 -2.3159 -0.40253 80 57 26
2.9899 -2.3127 -0.43583 84 60 34
2.9599 -2.3428 -0.30871 82 63 31
2.8828 -2.3084 -0.3669 85 59 32
2.9372 -2.3202 -0.33688 81 60 33
2.9882 -2.3157 -0.40276 81 58 25
3.0451 -2.3944 -0.45291 80 59 30
3.0583 -2.3461 -0.30142 86 62 36
2.9745 -2.2962 -0.46447 83 59 25
3.3523 1.1836 -0.57515 79 56 38
3.4198 1.1654 -0.66591 74 51 17
3.4967 1.1745 -0.61221 77 56 35
3.5087 1.1746 -0.72545 75 55 21
3.4462 1.1789 -0.56642 76 55 28
3.3808 1.169 -0.7239 77 53 27
3.4451 1.1438 -0.67697 76 51 29
3.3756 1.1711 -0.61905 78 54 28
3.3609 1.1745 -0.64931 77 52 29
3.3996 1.1971 -0.68956 74 52 29
3.544 1.182 -0.58711 75 53 29
3.4387 1.1591 -0.74299 75 53 32
3.4665 1.1729 -0.64055 75 53 32
3.3806 1.1853 -0.54772 78 53 33
3.2965 1.1679 -0.69766 76 55 38
3.4305 1.1819 -0.59508 79 59 32
3.3899 1.1635 -0.6922 75 53 30
3.7079 1.164 -0.59884 77 56 35
3.6231 1.132 -0.69835 76 55 28
3.6032 1.1484 -0.65372 77 58 28
3.5947 1.1406 -0.75928 76 55 24
3.6998 1.1473 -0.67672 76 54 31
3.589 1.1524 -0.68009 74 52 28
3.5133 1.1404 -0.58829 76 54 33
3.6725 1.1568 -0.74111 79 54 24
3.6037 1.1392 -0.61395 75 54 35
3.5388 1.1535 -0.73802 77 54 23
3.6547 1.1236 -0.63073 74 53 26
3.6681 1.1188 -0.59907 77 55 34
3.6871 1.1432 -0.67464 76 54 31
3.6901 1.1384 -0.78522 76 51 28
3.8378 1.1225 -0.71357 75 54 27
3.6186 1.0799 -0.62987 76 55 28
3.6769 1.1258 -0.75129 74 54 20
3.8152 1.0969 -0.6357 76 57 25
3.8246 1.109 -0.67414 78 57 40
3.746 1.138 -0.72755 79 54 31
3.811 1.1242 -0.7473 80 55 32
3.8144 1.1008 -0.79501 76 53 20
3.8023 1.1272 -0.62896 75 53 32
3.8801 1.1008 -0.73117 73 51 30
3.702 1.1149 -0.68217 77 56 27
3.7178 1.1146 -0.80245 82 56 29
3.6952 1.0985 -0.76167 74 54 17
3.8324 1.0962 -0.7588 76 50 27
4.0471 1.0938 -0.69686 78 54 26
4.0585 1.0905 -0.82735 79 53 26
3.9089 1.0807 -0.62729 74 55 25
3.9848 1.1113 -0.67176 77 55 32
3.9507 1.1057 -0.83181 76 53 19
4.0848 1.0774 -0.75 74 54 30
4.0478 1.0777 -0.78639 76 55 26
4.0818 1.0935 -0.66571 77 54 23
3.9787 1.0847 -0.72687 74 54 29
3.9413 1.0677 -0.83967 75 51 25
4.1071 1.0736 -0.71554 74 54 27
4.0152 1.0393 -0.66472 77 57 23
1.7151 0.2052 -0.30023 64 37 16
1.7519 0.20603 -0.29123 65 36 2
3.6462 -2.4084 -0.60888 83 58 35
3.663 -2.4351 -0.82458 81 55 30
3.5948 -2.3948 -0.77058 82 58 24
3.5222 -2.4474 -0.65919 82 58 22
3.4772 -2.4207 -0.61105 80 55 35
3.5823 -2.4084 -0.6039 79 56 25
3.4537 -2.4092 -0.56814 82 59 28
3.6291 -2.4561 -0.82315 83 59 31
3.6106 -2.449 -0.78315 81 55 30
3.519 -2.4074 -0.60237 80 55 33
3.4444 -2.3761 -0.75445 82 56 29
3.6101 -2.4162 -0.69026 82 57 27
3.4308 -2.4084 -0.76112 80 55 32
3.6459 -2.4349 -0.73905 81 55 30
3.3467 -2.318 -0.6608 81 57 21
3.2907 -2.3683 -0.59009 82 61 32
3.4188 -2.4256 -0.56812 82 59 28
3.367 -2.4041 -0.75737 82 61 34
3.2488 -2.3678 -0.66369 83 54 23
3.3968 -2.3901 -0.72158 81 55 30
3.3003 -2.4012 -0.71357 82 58 30
3.2038 -2.3486 -0.54459 81 60 31
3.4047 -2.4006 -0.68375 82 58 32
3.2915 -2.364 -0.62694 80 56 28
3.2456 -2.3256 -0.65547 86 58 29
3.3745 -2.4146 -0.72056 80 59 30
3.3907 -2.4003 -0.60156 77 56 27
3.3889 -2.394 -0.63961 82 59 28
3.1861 -2.3559 -0.69615 81 57 23
3.2909 -2.3733 -0.55433 81 59 35
3.2765 -2.3932 -0.63096 78 54 28
3.3082 -2.4019 -0.74906 82 57 25
3.0465 -2.3265 -0.68202 81 61 24
3.1438 -2.3426 -0.54777 82 57 35
3.1507 -2.3682 -0.69539 83 59 31
3.1265 -2.3729 -0.51953 79 58 31
3.0484 -2.3326 -0.64924 81 58 25
3.0762 -2.3675 -0.55051 78 58 34
3.0944 -2.3433 -0.54618 81 61 34
3.2035 -2.4186 -0.64049 83 56 23
3.1571 -2.3486 -0.58842 83 60 29
3.0877 -2.3341 -0.58288 79 54 32
3.0295 -2.3264 -0.57506 81 57 21
3.0942 -2.3728 -0.62435 80 57 23
2.9898 -2.3039 -0.50107 80 58 34
3.0072 -2.3337 -0.68145 83 57 32
3.1171 -2.3131 -0.61093 80 56 28
3.1156 -2.3262 -0.51139 82 56 31
3.1293 -2.3568 -0.6596 81 57 21
3.1456 -2.3299 -0.64907 89 61 30
2.9908 -2.3335 -0.57436 80 59 14
2.9766 -2.3308 -0.50615 82 57 25
2.8631 -2.2804 -0.46468 80 59 32
2.8456 -2.2942 -0.5337 83 59 33
2.8506 -2.2949 -0.56949 82 57 25
2.9468 -2.3273 -0.64194 82 58 24
2.9219 -2.3443 -0.64485 83 62 35
2.9125 -2.3037 -0.59863 83 61 24
2.8795 -2.326 -0.50703 79 57 33
2.8942 -2.3014 -0.50033 86 61 38
2.8079 -2.2867 -0.62492 84 59 36
2.8881 -2.2926 -0.53448 84 62 25
2.9288 -2.2883 -0.52843 79 58 37
3.0172 -2.3503 -0.61491 81 61 26
3.0495 -2.3717 -0.65794 80 61 21
3.2523 1.1649 -0.85349 75 54 25
3.3705 1.1526 -0.79369 74 52 37
3.4008 1.1722 -0.83532 73 53 28
3.3925 1.1514 -0.76388 73 51 28
3.4158 1.1649 -0.91563 74 53 24
3.4617 1.1539 -0.82262 75 52 36
3.3801 1.1769 -0.75362 73 52 33
3.3535 1.1727 -0.88973 73 52 25
3.3145 1.171 -0.80685 74 53 26
3.3801 1.1435 -0.87094 74 54 29
3.4674 1.1645 -0.8568 74 52 31
3.3629 1.1971 -0.85055 72 52 27
3.3667 1.1812 -0.78592 75 49 24
3.3493 1.1625 -0.85535 75 54 33
3.4637 1.1327 -0.86552 73 54 24
3.4931 1.152 -0.91065 70 52 28
3.5683 1.141 -0.78865 74 54 30
3.4762 1.1235 -0.94499 74 52 29
3.5241 1.1218 -0.89005 74 52 29
3.5287 1.1459 -0.84928 77 54 21
3.4838 1.1574 -0.94047 75 53 14
3.6659 1.1351 -0.93327 72 55 27
3.5499 1.1439 -0.81917 76 53 22
3.4238 1.0975 -0.89763 75 53 30
3.6474 1.1346 -0.81518 74 56 32
3.546 1.1205 -0.86666 74 52 31
3.6379 1.1409 -0.84968 76 52 24
3.4938 1.1478 -0.76672 75 54 35
3.7835 1.0674 -0.83585 75 52 34
3.8158 1.1107 -0.83257 78 54 20
3.8251 1.0923 -1.0417 74 47 30
3.7309 1.0895 -0.97313 76 53 37
3.6922 1.1157 -0.83131 72 50 27
3.7058 1.1295 -0.8729 77 52 32
3.7284 1.0936 -0.84824 77 52 30
3.7496 1.1042 -1.0129 70 50 26
3.7202 1.1098 -0.91992 74 54 29
3.6838 1.1083 -0.95002 76 54 30
3.5848 1.1008 -0.88051 73 53 26
3.7961 1.0897 -0.91209 75 53 29
3.8505 1.1696 -1.033 76 49 32
3.8113 1.0846 -0.87772 72 50 27
3.7431 1.0836 -0.93722 75 53 30
3.766 1.1143 -0.89417 74 54 20
4.0359 1.1039 -0.89931 74 54 27
3.9267 1.067 -1.0011 76 51 31
3.9106 1.0787 -0.91149 77 51 36
4.0163 1.0658 -1.0761 74 52 31
3.8511 1.087 -0.85161 75 52 34
3.9931 1.0395 -0.98827 75 50 27
3.8811 1.045 -0.95306 74 53 24
3.8025 1.0763 -0.99816 76 54 31
3.8447 1.0631 -1.0558 72 51 20
3.892 1.0664 -1.0278 75 55 30
4.0411 1.0688 -0.90912 72 52 27
3.8758 1.0336 -0.91069 75 54 25
4.0057 1.0332 -0.95337 73 53 26
3.8994 1.0849 -0.94525 74 54 27
3.8936 1.0931 -0.98377 76 56 21
4.066 1.0421 -1.0988 71 53 33
3.9833 0.99103 -0.95688 71 51 24
4.1346 1.0218 -1.1247 72 47 24
3.4372 -1.724 -0.89151 25 23 0
2.1941 -1.0731 -0.50645 31 27 2
3.6263 -2.3989 -0.89855 80 54 27
3.5934 -2.5137 -0.88174 79 54 31
3.5851 -2.4582 -0.90777 80 57 24
3.4312 -2.4297 -0.92551 81 58 24
3.4199 -2.3689 -0.99162 77 52 20
3.5113 -2.418 -0.8124 82 58 30
3.342 -2.3192 -0.93093 78 59 29
3.6353 -2.4546 -0.86646 77 56 29
3.507 -2.4576 -0.82025 82 59 25
3.4553 -2.4417 -0.97141 80 55 33
3.4624 -2.3672 -0.9133 81 58 27
3.4121 -2.4054 -0.99916 78 58 24
3.4224 -2.3868 -0.87721 78 57 30
3.5652 -2.4827 -0.95555 80 56 30
3.4803 -2.3428 -0.86964 79 57 20
3.5291 -2.4303 -0.81564 82 58 30
3.5136 -2.3921 -1.0122 79 55 21
3.5174 -2.4166 -0.85158 80 57 23
3.3984 -2.4584 -0.84987 81 57 21
3.149 -2.3441 -0.87875 80 58 35
3.2078 -2.3626 -0.77099 84 59 27
3.3094 -2.434 -0.83634 81 56 24
3.232 -2.3663 -0.89036 78 58 34
3.2863 -2.4021 -0.94588 79 56 23
3.3254 -2.3997 -0.86927 80 55 33
3.1752 -2.3588 -0.91981 78 57 26
3.4157 -2.4342 -0.80566 80 56 30
3.4173 -2.4252 -0.88632 81 56 33
3.2394 -2.3914 -0.74727 81 57 29
3.3643 -2.423 -0.91573 77 56 29
3.4158 -2.4559 -0.97318 79 56 23
3.3119 -2.3997 -0.78814 80 56 28
3.3416 -2.3755 -0.82614 82 56 33
3.0446 -2.3501 -0.79476 77 57 22
3.0303 -2.3727 -0.8312 81 56 34
3.1596 -2.3708 -0.73794 82 58 32
3.1633 -2.369 -0.77452 80 56 30
3.0651 -2.3139 -0.89507 80 60 26
3.1507 -2.3893 -0.84982 80 56 30
3.209 -2.3941 -0.85716 80 55 32
3.0236 -2.3633 -0.86844 82 57 25
3.0223 -2.3411 -0.71756 82 57 27
3.0137 -2.33 -0.75119 80 60 25
3.0855 -2.3732 -0.87613 78 54 16
3.0512 -2.3077 -0.85576 81 60 33
3.0999 -2.3552 -0.80457 79 57 34
3.028 -2.3077 -0.71255 79 59 24
3.0641 -2.3314 -0.7569 82 57 34
3.0571 -2.3555 -0.83294 78 57 30
3.2313 -2.4158 -0.82642 80 59 32
2.9743 -2.3451 -0.68145 84 61 28
2.9155 -2.3224 -0.77519 84 59 27
3.0243 -2.407 -0.8435 82 61 34
2.8999 -2.3226 -0.6754 82 57 27
2.9184 -2.3334 -0.71204 85 57 30
2.9585 -2.3195 -0.77758 81 61 27
2.8826 -2.3246 -0.84281 85 60 30
2.8624 -2.3203 -0.73915 81 58 27
2.9421 -2.3358 -0.85256 81 58 17
2.912 -2.2867 -0.73397 80 59 30
2.8455 -2.3102 -0.70134 83 59 33
2.9795 -2.379 -0.76124 82 57 35
2.8796 -2.3303 -0.77564 81 59 35
2.856 -2.3229 -0.67065 81 58 25
2.9246 -2.3636 -0.82338 82 59 28
2.7846 -2.2836 -0.78788 80 56 28
2.8792 -2.3591 -0.85072 84 58 33
2.9534 -2.324 -0.7093 80 57 24
3.4418 1.1696 -1.031 72 51 32
3.341 1.1767 -0.91821 77 56 37
3.3181 1.1648 -1.0187 72 52 25
3.4323 1.1576 -0.99502 75 54 25
3.3126 1.1372 -0.9194 73 53 29
3.3991 1.1768 -0.97951 74 52 28
3.2763 1.1412 -0.97332 71 53 33
3.3856 1.202 -0.96617 71 53 33
3.3512 1.1554 -1.07 72 54 34
3.3235 1.1757 -1.0546 76 56 29
3.3095 1.1494 -1.0902 74 54 27
3.3878 1.1332 -0.94705 73 51 28
3.3575 1.149 -1.0393 74 51 35
3.2589 1.1608 -1.0671 73 53 29
3.4386 1.1644 -1.1411 76 51 29
3.2933 1.1856 -1.005 71 52 35
3.4844 1.1312 -1.0978 71 48 30
3.4957 1.139 -0.98577 72 52 25
3.5666 1.1356 -1.1684 71 48 32
3.5067 1.1468 -1.1353 71 50 33
3.5445 1.1422 -1.0817 75 51 23
3.4859 1.1445 -1.0165 73 52 25
3.6323 1.129 -1.0804 76 52 24
3.4986 1.1581 -1.0566 75 54 33
3.6207 1.1395 -0.99577 71 50 31
3.5742 1.1198 -1.0998 71 49 25
3.4249 1.1416 -1.067 70 50 23
3.4685 1.166 -1.1181 73 56 28
3.5563 1.1276 -1.0126 74 53 26
3.596 1.1499 -1.0612 74 50 22
3.5281 1.1139 -1.1203 71 53 33
3.6163 1.0438 -1.1747 73 52 31
3.7856 1.0843 -1.1913 70 51 19
3.7067 1.0857 -1.1211 76 52 26
3.7743 1.1211 -1.0568 75 53 32
3.6146 1.0997 -1.119 69 48 29
3.793 1.0923 -1.0701 77 53 25
3.5766 1.097 -1.1434 70 50 23
3.6601 1.114 -1.1337 69 48 29
3.7754 1.0964 -1.1018 72 52 28
3.6531 1.0936 -1.0602 73 52 23
3.6136 1.1143 -1.0421 71 53 29
3.5962 1.1123 -1.1852 73 47 30
3.665 1.082 -1.1428 70 51 17
3.6898 1.1086 -1.227 71 53 33
3.668 1.0925 -1.1826 72 49 33
3.6491 1.1159 -1.0131 77 52 32
3.5141 1.0589 -1.0499 75 52 34
3.8384 1.0704 -1.0902 73 52 33
3.8103 1.0668 -1.2505 73 52 31
3.8901 1.0408 -1.0788 73 51 28
3.8722 1.0553 -1.1529 72 50 29
3.9343 1.0629 -1.132 71 51 27
3.7398 1.0366 -1.1862 70 48 35
4.0734 1.0672 -1.357 68 47 26
3.8835 1.0228 -1.1648 70 49 18
3.9606 1.0537 -1.2293 76 51 31
3.9134 1.0604 -1.2941 70 49 32
4.0048 1.0758 -1.2835 71 48 30
4.1107 1.0745 -1.1956 76 51 29
3.888 1.0598 -1.1581 72 50 29
3.9441 1.0856 -1.2163 75 54 27
3.7408 1.0525 -1.103 71 49 28
3.9134 1.1125 -1.196 76 53 22
4.0638 1.0336 -1.2265 74 50 22
4.1244 1.0297 -1.1651 76 51 31
3.9708 1.0269 -1.1126 72 51 30
3.958 0.97056 -1.2099 74 50 24
3.8919 0.99868 -1.2147 72 50 27
3.9533 1.0248 -1.2748 72 50 35
3.5604 -2.4071 -1.1437 74 53 22
3.5844 -2.3914 -1.0612 79 55 27
3.5911 -2.4724 -1.1628 81 57 19
3.4601 -2.4125 -1.2111 75 55 31
3.4962 -2.4116 -1.0942 78 55 24
3.5518 -2.4127 -1.0621 81 57 31
3.3788 -2.4036 -1.1616 77 53 27
3.5934 -2.4856 -1.0854 79 54 34
3.4172 -2.394 -1.1245 76 55 26
3.3677 -2.4006 -1.1181 74 52 29
3.388 -2.4059 -1.2076 77 52 29
3.5374 -2.3972 -1.0988 78 53 30
3.2569 -2.411 -1.0198 79 57 33
3.383 -2.4265 -1.0005 81 61 27
3.2946 -2.4032 -0.98516 80 55 33
3.2987 -2.3603 -1.016 77 56 25
3.162 -2.3442 -0.95342 78 57 26
3.1935 -2.3841 -1.1577 78 55 22
3.1758 -2.3752 -1.1115 79 55 29
3.3417 -2.4277 -1.0739 78 55 24
3.4175 -2.4415 -1.0929 79 55 27
3.248 -2.3942 -1.0917 78 53 31
3.3647 -2.4297 -1.2032 76 53 19
3.3524 -2.4309 -1.1202 77 50 29
3.1784 -2.337 -1.1036 78 57 30
3.4029 -2.4627 -1.1751 75 54 27
3.2767 -2.4058 -1.1778 75 53 29
3.2366 -2.3905 -1.0489 80 57 26
3.1299 -2.3497 -1.0232 79 57 33
3.2587 -2.3719 -1.0138 81 55 28
3.1291 -2.4029 -0.92518 85 59 32
3.0281 -2.3492 -1.0103 78 54 28
3.233 -2.4384 -0.98338 78 57 26
3.011 -2.3444 -0.93376 80 58 35
3.0868 -2.3565 -1.0221 79 57 20
3.0874 -2.4096 -0.92235 82 59 28
2.9699 -2.3326 -1.0687 78 56 32
2.9768 -2.3423 -1.0346 78 58 31
3.1087 -2.4039 -1.1108 80 57 23
3.0347 -2.3499 -1.0473 77 56 27
3.162 -2.3791 -0.9976 78 52 27
3.1404 -2.3933 -1.0756 77 56 29
3.051 -2.3715 -0.98058 82 57 34
3.059 -2.3434 -0.93849 82 57 34
3.1791 -2.4327 -1.0141 82 58 30
2.9126 -2.299 -0.94245 81 58 27
2.916 -2.2976 -0.97907 79 55 29
3.1137 -2.368 -1.1031 77 56 27
2.945 -2.3339 -0.88718 79 54 34
2.8656 -2.3064 -0.87066 80 59 28
2.9484 -2.3533 -1.0678 81 59 35
2.7998 -2.31 -1.0014 81 58 25
2.9256 -2.3139 -0.91486 77 56 27
2.9444 -2.3501 -1.0673 81 59 35
2.855 -2.3227 -0.97698 78 59 19
2.8994 -2.3556 -1.027 81 56 24
2.8641 -2.3382 -0.91134 84 60 32
2.8943 -2.322 -0.94851 82 58 30
2.8511 -2.3236 -0.94259 80 56 30
2.9136 -2.3331 -0.98448 78 56 33
2.8858 -2.3189 -0.91013 77 55 32
2.9327 -2.3449 -1.0287 78 56 33
2.8292 -2.3385 -0.97749 82 58 32
3.217 1.1506 -1.1901 77 57 33
3.3648 1.153 -1.2978 72 52 18
3.3438 1.1491 -1.1774 74 51 33
3.3794 1.1708 -1.2253 73 52 31
3.216 1.1528 -1.0808 72 51 34
3.2593 1.178 -1.1312 75 55 30
3.2785 1.1463 -1.1101 73 52 25
3.2667 1.1395 -1.2182 76 54 31
3.2869 1.1588 -1.1501 75 53 32
3.2549 1.1438 -1.2459 72 52 28
3.2744 1.1625 -1.1761 74 53 32
3.192 1.1584 -1.2447 72 53 21
3.3735 1.1511 -1.1569 71 53 33
3.3243 1.1298 -1.2473 72 52 28
3.2643 1.1386 -1.2174 76 54 31
3.5263 1.1175 -1.2701 68 48 23
3.442 1.1346 -1.1515 71 53 31
3.3875 1.1208 -1.2787 72 50 27
3.4314 1.1398 -1.182 75 50 28
3.4591 1.1131 -1.3131 73 51 28
3.3876 1.1296 -1.3127 72 51 30
3.4663 1.1109 -1.1661 76 54 31
3.4979 1.1395 -1.2477 71 51 27
3.5683 1.1217 -1.2478 71 52 36
3.4366 1.1284 -1.2624 71 49 26
3.4926 1.1157 -1.2934 73 51 27
3.4027 1.1388 -1.206 71 51 27
3.3683 1.1357 -1.2269 72 51 20
3.5054 1.1332 -1.2164 70 49 22
3.6594 1.0757 -1.2673 72 51 24
3.6508 1.0813 -1.2945 69 50 33
3.6497 1.0762 -1.4185 69 50 34
3.6767 1.0994 -1.345 71 49 26
3.8018 1.1086 -1.2752 73 52 25
3.7389 1.074 -1.3365 69 52 24
3.5623 1.1153 -1.3652 72 49 33
3.6377 1.1016 -1.2449 72 51 32
3.5456 1.0827 -1.2529 69 48 31
3.5931 1.1203 -1.2197 73 52 33
3.7357 1.0926 -1.4136 71 49 34
3.62 1.1245 -1.3511 69 51 15
3.6888 1.0684 -1.3551 68 49 32
3.5344 1.0739 -1.3643 73 51 28
3.6251 1.1169 -1.3172 67 48 31
3.6782 1.1095 -1.3843 71 51 27
3.87 1.0574 -1.315 72 51 30
3.7655 1.0764 -1.4738 73 51 36
4.0264 1.065 -1.384 70 52 32
3.8703 1.0517 -1.4468 71 54 26
3.9311 1.0326 -1.4836 70 47 31
3.8374 1.068 -1.3836 67 50 30
3.9765 1.0613 -1.4062 71 48 30
3.7811 1.0621 -1.4054 72 51 24
3.9923 1.0656 -1.4115 71 48 30
3.8806 1.0642 -1.4895 70 50 23
3.6074 0.95375 -1.3926 68 48 24
3.6815 1.0415 -1.3992 72 51 30
3.8492 1.0364 -1.4016 71 49 25
3.746 1.0673 -1.3053 75 51 25
3.8637 1.0662 -1.3564 71 49 28
3.8564 1.0895 -1.3028 70 52 30
3.9261 1.1098 -1.3271 70 52 30
3.7764 1.0449 -1.4901 68 47 28
4.0332 1.0393 -1.436 71 49 34
4.0183 1.0456 -1.4731 68 45 29
3.9599 0.97392 -1.3853 72 49 31
3.9709 1.0127 -1.3723 72 51 32
3.5027 -2.4374 -1.2698 69 49 25
3.4438 -2.4333 -1.2991 8 12 0
3.4773 -2.4628 -1.27 73 54 37
3.375 -2.4261 -1.2815 62 42 8
3.2721 -2.3558 -1.2013 76 56 31
3.3216 -2.4294 -1.2738 76 56 32
3.3965 -2.4901 -1.2616 73 53 29
3.1772 -2.3621 -1.2266 74 52 28
3.1621 -2.3554 -1.1834 73 52 25
3.1167 -2.356 -1.2116 76 54 31
3.1625 -2.3864 -1.2664 48 35 3
3.0306 -2.3678 -1.1974 79 57 33
3.0758 -2.3687 -1.1703 77 54 36
2.8889 -2.2965 -1.1145 79 56 22
3.1436 -2.3818 -1.188 76 55 26
2.9522 -2.3443 -1.1783 76 56 32
3.0086 -2.3549 -1.1543 78 56 32
3.1573 -2.397 -1.1553 78 58 33
3.0363 -2.3237 -1.2596 16 11 0
3.0506 -2.3925 -1.1313 79 54 31
2.9049 -2.3037 -1.2 76 57 23
3.0298 -2.3717 -1.1617 78 56 32
3.0699 -2.3683 -1.1292 76 59 33
2.9533 -2.3358 -1.2444 73 57 31
2.9862 -2.38 -1.1185 78 56 35
2.8556 -2.3405 -1.1547 77 52 30
2.8928 -2.3421 -1.0937 81 58 27
2.8767 -2.3325 -1.0518 75 55 31
2.9728 -2.4035 -1.1573 78 56 33
2.9547 -2.3767 -1.2599 68 53 34
2.9681 -2.3957 -1.1923 78 57 26
2.8345 -2.3267 -1.1115 78 56 33
2.864 -2.3435 -1.1919 78 57 26
2.9835 -2.4045 -1.2364 82 57 27
2.8305 -2.3115 -1.2119 78 58 34
2.8199 -2.3485 -1.1512 80 59 28
2.8885 -2.3768 -1.1026 79 58 31
2.8518 -2.3493 -1.0507 81 56 33
3.2664 1.1565 -1.2824 72 48 36
3.2739 1.1563 -1.3968 74 55 21
3.1385 1.144 -1.3599 67 48 31
3.1856 1.1443 -1.3154 77 49 35
3.2626 1.1222 -1.3999 75 54 25
3.2734 1.1648 -1.4285 71 52 38
3.2952 1.146 -1.3373 72 53 19
3.2652 1.1258 -1.2878 71 50 29
3.2554 1.161 -1.3099 74 52 31
3.3853 1.1562 -1.4172 72 52 25
3.2663 1.1448 -1.3605 73 52 35
3.2012 1.1593 -1.3575 73 52 23
3.3798 1.0918 -1.4316 68 50 30
3.3541 1.1364 -1.3701 75 51 25
3.4247 1.1204 -1.373 68 50 30
3.4981 1.1211 -1.4434 72 48 22
3.2866 1.1001 -1.4173 70 52 32
3.3395 1.1276 -1.4763 70 52 32
3.5543 1.1221 -1.3989 69 50 33
3.4183 1.1263 -1.4011 72 47 27
3.3565 1.1286 -1.3387 70 49 32
3.4956 1.1125 -1.4129 69 50 18
3.4325 1.1185 -1.4898 71 50 21
3.4512 1.1475 -1.4538 68 46 35
3.5422 1.0947 -1.439 74 51 33
3.5656 1.0695 -1.4602 74 48 33
3.5062 1.0924 -1.4602 71 50 19
3.6601 1.0886 -1.4591 69 48 31
3.5793 1.0965 -1.4147 69 45 31
3.4784 1.093 -1.4859 71 47 19
3.6794 1.0612 -1.4809 68 50 26
4.0786 1.093 -1.6229 43 24 10
3.0802 -2.4341 -1.3383 14 16 3
2.8882 -2.39 -1.3153 27 8 1
2.9091 -2.3731 -1.2821 50 29 12
2.8748 -2.3411 -1.3041 23 14 5
2.7437 -2.2739 -1.2243 43 24 7
2.9364 -2.3568 -1.2839 18 18 18
