2129
-0.55924 0.061276 -0.82393 0.068027 22.734 -2.6289 -0.14837
20.429 -1.7661 0.18661 70 55 26
20.491 -1.7852 0.19988 65 50 29
21.32 -2.0806 0.055937 70 52 28
20.732 -1.7869 0.14794 91 71 36
20.7 -1.7993 0.13628 93 68 36
20.533 -1.7767 0.18876 68 52 27
20.655 -1.7582 0.13699 89 68 37
20.622 -1.7841 0.19175 92 71 42
20.591 -1.7792 0.15567 89 68 37
20.558 -1.7824 0.20639 91 66 43
20.517 -1.7744 0.1706 73 51 30
20.608 -1.7823 0.17518 89 67 43
20.757 -1.8157 0.16767 91 71 44
20.723 -1.8053 0.15194 91 68 35
20.771 -1.778 0.1578 88 69 39
20.775 -1.7832 0.13745 90 69 42
20.766 -1.7571 0.13616 89 65 37
20.783 -1.7428 0.13015 89 65 37
20.762 -1.7707 0.17944 91 67 39
20.76 -1.7953 0.16341 90 71 39
20.835 -1.7811 0.16508 89 67 43
20.777 -1.7587 0.15379 89 68 41
20.902 -1.7697 0.14697 83 61 37
20.939 -1.7696 0.12014 82 60 36
20.886 -1.7654 0.13055 89 68 39
20.999 -1.7788 0.10689 81 61 34
20.808 -1.7509 0.14676 89 65 37
20.94 -1.7672 0.13699 83 63 38
21.017 -1.7845 0.12247 82 62 38
20.808 -1.751 0.14739 89 67 44
20.797 -1.7428 0.1664 89 67 43
20.878 -1.7647 0.11298 88 64 36
21.069 -1.7883 0.12793 85 63 39
21.096 -1.7883 0.087152 87 64 31
21.169 -1.8025 0.10655 86 64 40
21.142 -1.7912 0.093147 84 63 36
21.143 -1.7939 0.077838 84 63 36
21.121 -1.7983 0.10062 86 65 38
21.055 -1.7839 0.11326 85 66 36
21.051 -1.7844 0.097051 85 65 40
21.12 -1.7951 0.11681 84 64 37
21.246 -1.8061 0.10238 87 67 42
21.225 -1.7991 0.075895 86 65 38
21.207 -1.8069 0.081901 85 64 35
21.215 -1.8067 0.11116 89 64 41
21.192 -1.7968 0.098871 87 66 37
21.243 -1.8068 0.089116 87 66 35
21.407 -1.8168 0.065421 95 62 21
21.388 -1.807 0.053963 100 64 24
21.378 -1.7831 0.067991 91 58 15
21.401 -1.7655 0.057869 85 53 12
21.399 -1.8097 0.079774 95 60 28
21.396 -1.7783 0.061458 91 57 2
21.391 -1.789 0.078243 94 62 23
21.397 -1.7772 0.074698 95 59 9
21.382 -1.7717 0.048977 87 52 0
21.425 -1.8139 0.044666 98 63 0
21.391 -1.7225 0.082122 96 60 12
21.402 -1.7503 0.056006 92 57 10
21.39 -1.7385 0.08508 88 55 20
21.38 -1.7501 0.075033 89 53 11
21.401 -1.7334 0.052929 93 57 0
21.394 -1.741 0.085034 88 55 20
21.393 -1.7562 0.086297 98 63 18
21.416 -1.7573 0.06699 87 56 0
21.393 -1.7263 0.065709 95 56 13
21.421 -1.7091 0.085479 87 58 16
21.413 -1.6872 0.087053 95 62 27
21.414 -1.6894 0.073203 93 57 5
21.416 -1.7091 0.058175 85 52 7
21.414 -1.7219 0.07752 89 55 2
21.428 -1.7337 0.060978 94 59 12
21.394 -1.7124 0.052178 87 53 0
21.392 -1.6764 0.062606 90 53 0
21.706 -2.22 -0.022336 81 62 32
20.387 -1.7548 0.16879 74 56 32
20.245 -1.7112 0.13803 79 58 29
20.413 -1.7549 0.069904 79 60 30
21.228 -2.0479 0.055252 77 59 35
21.192 -2.0371 0.042966 76 59 33
21.148 -2.0235 0.032195 80 60 33
20.357 -1.7385 0.049575 61 40 13
20.459 -1.7602 0.13281 78 60 24
20.454 -1.7622 0.11142 77 58 24
20.346 -1.7438 0.14976 79 60 28
21.106 -2.0225 0.055301 80 60 35
20.435 -1.7593 0.08965 80 59 28
20.501 -1.7671 0.03468 61 40 13
20.701 -1.7949 0.030461 101 81 46
20.507 -1.7617 0.078242 83 58 28
20.555 -1.7726 0.11696 93 68 38
20.533 -1.7679 0.097759 94 70 42
20.632 -1.7831 0.083339 94 73 42
20.505 -1.7649 0.055752 86 63 30
20.65 -1.7828 0.12273 92 68 34
20.586 -1.781 0.13528 90 67 34
20.671 -1.7862 0.012634 98 74 46
20.548 -1.7606 0.025251 97 74 41
20.728 -1.7797 0.046846 94 71 37
20.636 -1.7808 0.10301 93 72 41
20.583 -1.7708 0.044448 100 74 47
20.604 -1.7754 0.065232 92 72 35
20.457 -1.7555 0.15559 78 58 24
20.789 -1.7955 0.097211 93 70 37
20.774 -1.7858 0.11928 90 69 42
20.792 -1.7501 0.11176 87 64 30
20.764 -1.7696 0.057004 91 70 43
20.757 -1.7886 0.062167 93 69 41
20.81 -1.7462 0.046172 87 67 33
20.76 -1.7644 0.077521 89 69 35
20.758 -1.7516 0.013275 87 66 35
20.815 -1.7548 0.0061546 86 65 36
20.779 -1.7947 0.079423 91 72 40
20.83 -1.7737 0.066524 87 67 33
20.766 -1.7739 0.036969 90 69 38
20.791 -1.7597 0.050372 85 65 40
20.754 -1.7462 0.034186 89 66 33
20.803 -1.7462 0.026443 86 65 38
20.777 -1.7818 0.015883 93 70 39
20.774 -1.7806 0.01626 93 70 39
20.734 -1.7499 0.10019 89 66 35
20.753 -1.7549 0.11808 90 65 33
20.766 -1.7515 0.032186 89 66 33
20.856 -1.7577 0.096727 91 64 43
21.019 -1.7798 0.031635 79 59 35
20.902 -1.7643 0.050444 81 60 31
20.975 -1.7725 0.076182 81 61 27
21.013 -1.7797 0.015101 82 62 35
20.925 -1.7662 0.10275 83 62 35
20.821 -1.7478 0.062603 88 68 34
20.914 -1.7668 0.068419 78 57 26
20.851 -1.7584 0.079243 90 67 36
20.939 -1.7672 0.0066625 84 64 30
20.883 -1.7613 0.014995 86 65 38
21.025 -1.7799 0.04813 82 62 37
20.941 -1.7589 0.061161 80 60 35
20.899 -1.7659 0.033645 86 67 35
20.921 -1.767 0.086017 82 62 28
20.946 -1.7676 0.024127 83 62 33
20.96 -1.7712 0.041072 83 61 24
20.994 -1.779 0.090944 82 61 32
20.993 -1.7727 -0.0010092 81 59 35
21.19 -1.8029 0.052403 86 65 36
21.138 -1.7964 0.045625 86 63 30
21.193 -1.802 0.06806 84 62 38
21.118 -1.7888 0.031325 83 61 38
21.097 -1.7916 0.071256 84 64 29
21.074 -1.7852 0.039593 84 62 38
21.08 -1.7855 0.055514 85 65 31
21.157 -1.7931 0.007697 86 65 34
21.174 -1.7968 0.038405 87 66 35
21.106 -1.7878 -0.00044238 85 64 35
21.159 -1.7916 0.023622 85 64 37
21.027 -1.7756 0.082798 84 62 21
21.137 -1.7933 0.061449 85 66 34
21.06 -1.7808 0.02401 85 64 33
21.147 -1.7904 -0.0072579 85 65 38
21.199 -1.8 -0.014962 84 63 36
21.048 -1.7802 -0.0091723 82 65 35
21.118 -1.7915 0.015203 83 63 36
21.043 -1.7859 0.064094 86 65 38
21.055 -1.7811 0.0075389 85 64 35
21.242 -1.7982 0.024512 90 67 33
21.225 -1.8064 0.029759 87 67 33
21.215 -1.7907 -0.019813 85 64 33
21.214 -1.798 0.046208 89 66 35
21.263 -1.8079 0.037433 91 69 30
21.387 -1.8445 0.016842 90 67 34
21.204 -1.7977 0.016428 89 66 33
21.283 -1.8163 0.049493 88 67 36
21.226 -1.7921 0.010553 90 69 40
21.206 -1.8009 0.000445 84 64 30
21.223 -1.8009 0.061437 89 66 35
21.223 -1.7925 -0.0050047 92 69 36
21.398 -1.8154 0.039119 99 62 10
21.392 -1.802 -0.0040401 73 45 14
21.417 -1.8504 -0.015605 85 64 35
21.373 -1.7923 -0.016714 75 46 2
21.377 -1.8227 0.015051 88 64 13
21.379 -1.8122 -0.015866 86 58 19
21.38 -1.8225 0.030416 83 60 18
21.438 -1.8697 0.038636 89 67 30
21.384 -1.8087 0.026945 90 56 19
21.421 -1.8547 -0.029873 89 68 37
21.375 -1.8119 -0.029946 73 43 25
21.394 -1.8168 0.011147 80 56 22
21.411 -1.8176 -0.035509 65 41 5
21.405 -1.8531 0.028746 89 66 33
21.381 -1.8213 0.042145 86 62 24
21.384 -1.8288 0.0021327 92 69 28
21.391 -1.8174 -0.002923 77 49 18
21.393 -1.7967 0.035958 97 61 19
21.386 -1.7597 0.03254 85 52 7
21.39 -1.7785 0.034585 87 54 0
21.406 -1.7807 -0.025591 67 39 8
21.396 -1.7846 0.019621 80 54 4
21.387 -1.787 -0.035037 64 39 9
21.383 -1.7946 0.0094348 79 48 0
21.385 -1.7653 -0.0079726 70 41 7
21.351 -1.763 -0.018926 68 41 0
21.403 -1.7746 0.0019952 72 43 1
21.397 -1.765 0.04392 88 54 0
21.396 -1.7565 -0.013186 70 39 9
21.387 -1.7948 0.023292 88 54 3
21.432 -1.7419 0.018298 73 44 13
21.389 -1.7149 0.0087131 68 40 9
21.376 -1.7026 0.040384 81 47 10
21.379 -1.7375 0.045566 90 56 1
21.374 -1.7255 -0.013461 68 40 11
21.402 -1.7584 -0.00074101 72 42 6
21.398 -1.7378 0.010665 71 40 9
21.376 -1.737 0.031133 78 48 12
21.385 -1.731 -0.00019018 67 40 5
21.4 -1.7548 0.012973 76 43 8
21.386 -1.6741 0.048451 88 52 2
20.475 -1.7614 0.012634 63 46 20
20.545 -1.775 -0.06274 79 59 34
20.298 -1.7209 0.027819 68 47 28
20.559 -1.7841 -0.088812 73 53 18
20.362 -1.7352 -0.075305 75 56 26
20.241 -1.7043 0.0083212 70 53 25
20.444 -1.7534 -0.0083163 67 49 13
20.414 -1.7505 -0.053726 76 54 31
20.445 -1.7578 -0.031455 74 54 27
20.613 -1.7703 -0.026072 92 71 44
20.76 -1.8034 -0.017749 94 73 42
20.744 -1.8039 -0.059508 90 70 43
20.603 -1.7699 -0.047349 88 67 36
20.611 -1.7769 -0.069686 84 63 32
20.553 -1.7741 -0.040734 81 61 27
20.783 -1.8161 -0.041091 92 72 38
20.824 -1.8216 -0.105 67 47 23
20.629 -1.773 -0.0053053 95 71 43
20.686 -1.7872 -0.097103 61 41 14
20.577 -1.7762 0.0017495 92 69 36
20.754 -1.782 -0.043333 88 67 36
20.542 -1.766 -0.017932 89 69 42
20.57 -1.7642 -0.093568 75 52 18
20.749 -1.742 -0.092502 85 64 37
20.848 -1.7761 -0.035464 86 65 36
20.788 -1.7899 -0.004511 91 67 41
20.797 -1.7817 -0.069831 85 65 31
20.787 -1.7741 -0.049456 86 64 40
20.751 -1.752 -0.0065936 89 65 39
20.768 -1.7846 -0.024543 91 70 39
20.766 -1.7617 -0.02806 86 65 34
20.752 -1.7466 -0.11292 84 65 35
20.78 -1.7331 -0.097007 85 64 33
20.807 -1.7893 -0.090247 83 61 37
20.761 -1.7439 -0.072603 87 63 35
20.779 -1.7485 -0.051789 86 65 34
20.809 -1.7434 -0.077182 86 63 32
20.806 -1.7386 -0.056477 86 65 36
20.783 -1.7822 -0.1091 79 58 31
20.614 -1.7266 -0.057955 88 64 36
20.845 -1.7468 -0.0016344 86 65 36
20.958 -1.7646 -0.054015 81 60 31
20.957 -1.7671 -0.071563 81 60 33
20.829 -1.7425 -0.019768 89 66 35
20.959 -1.762 -0.035466 81 60 33
20.878 -1.7567 -0.10356 83 63 38
20.899 -1.7573 -0.046383 79 58 29
20.982 -1.7588 -0.077226 82 61 34
21.048 -1.7828 -0.026558 86 62 36
20.879 -1.7537 -0.084756 83 64 32
20.908 -1.7496 -0.10788 80 60 33
20.825 -1.7441 -0.039353 87 66 39
20.945 -1.7642 -0.090028 80 60 26
20.967 -1.7629 -0.017853 81 61 27
21.003 -1.775 -0.11326 80 59 32
21.036 -1.7798 -0.043231 81 60 33
20.998 -1.7693 -0.095671 80 59 28
21.023 -1.776 -0.060384 82 62 35
20.865 -1.7444 -0.064482 83 59 31
20.947 -1.7737 -0.01259 81 60 33
20.923 -1.7655 -0.02921 78 58 21
21.164 -1.791 -0.077599 83 63 28
21.16 -1.7917 -0.093607 84 61 28
21.133 -1.7905 -0.055799 84 63 36
21.143 -1.7932 -0.040014 84 63 36
21.059 -1.7746 -0.066437 85 64 35
21.095 -1.7846 -0.016503 85 64 33
21.168 -1.788 -0.045028 84 65 33
21.081 -1.7719 -0.10578 79 59 32
21.065 -1.7802 -0.083622 83 63 29
21.048 -1.7747 -0.10088 83 61 24
21.158 -1.7855 -0.060918 84 65 35
21.187 -1.7959 -0.030432 83 62 35
21.179 -1.7858 -0.11475 82 61 30
21.118 -1.7858 -0.07188 82 61 34
21.15 -1.7887 -0.11031 80 59 28
21.066 -1.7754 -0.049221 85 64 37
21.084 -1.7708 -0.0885 83 59 33
21.136 -1.7872 -0.023223 84 66 30
21.072 -1.7759 -0.03215 84 64 30
21.186 -1.7871 -0.098631 83 62 35
21.247 -1.8025 -0.10286 82 63 20
21.228 -1.8047 -0.067133 83 64 32
21.259 -1.8 -0.042336 86 65 36
21.241 -1.7969 -0.087369 84 63 34
21.191 -1.7872 -0.082258 82 61 32
21.219 -1.7953 -0.035286 84 63 34
21.219 -1.7979 -0.051319 84 65 35
21.402 -1.8302 -0.044417 79 56 15
21.381 -1.8078 -0.090343 63 36 1
21.397 -1.8113 -0.048474 67 40 5
21.445 -1.829 -0.080357 62 36 11
21.394 -1.7956 -0.063461 62 39 8
21.404 -1.8055 -0.093182 59 32 13
21.394 -1.7792 -0.067504 59 36 2
21.385 -1.776 -0.082755 57 31 4
21.399 -1.7644 -0.054854 58 33 3
21.423 -1.7817 -0.071916 58 31 14
21.401 -1.7977 -0.050506 66 40 0
21.396 -1.7783 -0.054869 57 34 16
20.511 -1.7568 -0.18272 71 54 28
20.5 -1.7607 -0.23004 60 44 19
20.485 -1.7346 -0.11366 70 50 16
20.515 -1.7415 -0.23486 76 56 29
20.712 -1.7626 -0.17176 74 55 21
20.705 -1.7825 -0.16677 68 50 12
20.69 -1.7801 -0.18956 72 53 21
20.761 -1.7986 -0.12528 69 49 25
20.649 -1.7668 -0.21222 75 58 32
20.549 -1.7508 -0.21064 75 55 28
20.657 -1.7739 -0.23374 74 54 27
20.569 -1.7547 -0.18861 74 59 30
20.75 -1.775 -0.14977 73 55 19
20.769 -1.797 -0.23405 74 54 27
20.807 -1.7331 -0.16264 85 65 31
20.764 -1.717 -0.18474 84 63 34
20.839 -1.7666 -0.13775 86 65 36
20.789 -1.7473 -0.15973 83 64 24
20.779 -1.7841 -0.13016 79 58 29
20.777 -1.7521 -0.22141 82 61 32
20.816 -1.7913 -0.21534 79 60 28
20.751 -1.7373 -0.20168 83 62 35
20.775 -1.7635 -0.15443 84 62 21
20.795 -1.7432 -0.11833 85 64 35
20.747 -1.7318 -0.1807 83 63 29
20.89 -1.7811 -0.21985 81 62 30
20.775 -1.7671 -0.17477 77 56 29
20.751 -1.7495 -0.13365 84 63 34
20.811 -1.786 -0.19502 79 60 30
21.012 -1.762 -0.13679 78 59 25
21.038 -1.7722 -0.11877 81 62 32
21.001 -1.7624 -0.17295 78 59 27
20.898 -1.7542 -0.16648 81 57 31
20.863 -1.7529 -0.12266 86 65 34
21.003 -1.7664 -0.19179 78 59 29
20.929 -1.7509 -0.18951 77 58 28
20.998 -1.7754 -0.13168 81 61 27
20.914 -1.7585 -0.14643 81 58 25
20.953 -1.7566 -0.15075 77 56 25
21.041 -1.7683 -0.21291 77 59 23
20.841 -1.7369 -0.22785 79 59 25
20.982 -1.7587 -0.21092 77 58 28
20.901 -1.7493 -0.1276 81 61 27
20.92 -1.7497 -0.20903 79 59 32
20.887 -1.752 -0.18635 80 60 26
20.9 -1.743 -0.22973 77 57 30
21.015 -1.7665 -0.15446 79 59 22
20.946 -1.7558 -0.17003 77 57 33
20.815 -1.7337 -0.14327 82 62 28
20.86 -1.7426 -0.20749 80 61 31
21.13 -1.7809 -0.12707 81 61 27
21.14 -1.7805 -0.21623 78 59 27
21.178 -1.7876 -0.13093 81 60 33
21.137 -1.7763 -0.19957 78 59 27
21.115 -1.7756 -0.14394 79 59 25
21.095 -1.7732 -0.19688 76 59 31
21.155 -1.7831 -0.18198 79 60 28
21.057 -1.7677 -0.15833 77 57 30
21.042 -1.7657 -0.19471 78 56 32
21.056 -1.7702 -0.17602 76 59 31
21.092 -1.7803 -0.12289 81 60 29
21.2 -1.7889 -0.18395 80 59 28
21.123 -1.7828 -0.16099 77 58 26
21.173 -1.7875 -0.14759 80 59 28
21.194 -1.7884 -0.20102 79 58 27
21.074 -1.774 -0.14039 79 59 25
21.079 -1.7681 -0.21474 77 58 26
21.152 -1.7789 -0.16471 78 58 33
21.104 -1.7755 -0.17936 78 59 27
21.238 -1.7998 -0.11898 81 60 29
21.212 -1.7908 -0.15119 83 60 29
21.292 -1.8149 -0.13864 78 58 31
21.334 -1.8283 -0.18721 82 58 30
21.219 -1.7841 -0.20402 78 58 21
21.226 -1.7956 -0.13483 81 61 27
21.3 -1.8117 -0.20393 78 58 21
21.373 -1.8277 -0.14558 78 58 23
21.382 -1.8169 -0.14975 62 39 0
21.406 -1.813 -0.13773 54 30 2
21.367 -1.7917 -0.15259 51 30 3
21.402 -1.8028 -0.19761 49 27 6
21.427 -1.8119 -0.15416 49 28 1
21.385 -1.809 -0.19685 55 35 0
21.38 -1.8176 -0.16231 63 42 15
21.375 -1.7986 -0.16743 55 29 6
21.398 -1.7922 -0.14056 54 29 0
21.405 -1.8006 -0.16767 51 26 4
21.391 -1.8018 -0.12244 56 36 1
21.408 -1.8044 -0.18211 54 31 0
21.426 -1.7795 -0.1589 50 29 0
21.385 -1.7552 -0.17352 50 27 9
21.376 -1.7599 -0.12597 53 28 6
21.396 -1.777 -0.15734 49 28 7
21.422 -1.7809 -0.18891 51 29 8
21.387 -1.769 -0.14313 53 30 0
21.4 -1.7505 -0.19118 47 26 7
21.393 -1.7812 -0.19985 48 27 8
21.399 -1.7807 -0.17178 53 30 0
21.372 -1.7654 -0.18956 50 29 0
21.439 -1.7862 -0.14495 53 30 0
20.557 -1.7701 -0.30207 68 50 28
20.431 -1.7427 -0.28114 54 36 16
20.492 -1.7618 -0.25309 56 41 12
20.489 -1.7474 -0.33272 65 48 22
20.474 -1.7462 -0.35837 47 31 5
20.448 -1.7402 -0.38639 41 28 9
20.865 -1.8295 -0.31256 70 54 21
20.595 -1.7566 -0.28225 74 55 25
20.771 -1.7931 -0.34445 71 54 28
20.558 -1.7454 -0.30865 73 53 26
20.777 -1.7782 -0.23839 75 57 33
20.635 -1.76 -0.35393 69 52 22
20.765 -1.7682 -0.34954 74 52 28
20.521 -1.7477 -0.25961 72 54 32
20.54 -1.7505 -0.38052 69 52 32
20.552 -1.7513 -0.35536 68 54 28
20.676 -1.7692 -0.30462 73 54 22
20.71 -1.7797 -0.27959 76 57 25
20.631 -1.7673 -0.25774 74 54 27
20.744 -1.7673 -0.26034 74 55 25
20.533 -1.7564 -0.28129 68 52 29
20.604 -1.7516 -0.3799 70 50 23
20.706 -1.7549 -0.2856 76 58 20
20.572 -1.7553 -0.33008 72 52 25
20.775 -1.7581 -0.26341 82 60 37
20.843 -1.7629 -0.24273 83 62 33
20.788 -1.7413 -0.2672 82 61 32
20.777 -1.7555 -0.24339 81 61 34
20.815 -1.7346 -0.28917 83 62 31
20.779 -1.7478 -0.3321 81 61 34
20.81 -1.7293 -0.26895 83 62 33
20.831 -1.7488 -0.33155 82 60 36
20.806 -1.7409 -0.35531 81 61 34
20.787 -1.7669 -0.2843 78 59 29
20.819 -1.7301 -0.24817 84 61 28
20.791 -1.7755 -0.32609 74 55 25
20.775 -1.7494 -0.35373 81 61 27
20.817 -1.7836 -0.3025 73 54 24
20.763 -1.7338 -0.29031 82 61 34
20.755 -1.7335 -0.31283 81 61 24
21.003 -1.7578 -0.27002 75 58 28
21.015 -1.7579 -0.23276 78 57 30
20.992 -1.7408 -0.33403 77 57 33
20.942 -1.7548 -0.30935 77 56 25
20.898 -1.7484 -0.26897 81 58 24
20.886 -1.7462 -0.29052 75 55 20
20.896 -1.7359 -0.33452 76 56 31
21.016 -1.7614 -0.25119 79 58 27
20.959 -1.7535 -0.25026 78 58 31
20.938 -1.7463 -0.27096 79 59 32
20.943 -1.7522 -0.29048 78 57 30
20.99 -1.7544 -0.29067 75 56 24
20.981 -1.7612 -0.22997 78 59 27
20.848 -1.7346 -0.3344 78 56 33
20.921 -1.7563 -0.24798 78 58 23
21.037 -1.7579 -0.29076 77 59 23
21.042 -1.763 -0.30898 79 57 33
20.965 -1.7452 -0.31271 79 59 22
20.999 -1.7648 -0.32747 75 56 26
20.838 -1.7264 -0.31556 79 57 18
21.128 -1.777 -0.23444 77 58 26
21.116 -1.7732 -0.25314 79 58 29
21.174 -1.7799 -0.21854 76 60 27
21.213 -1.7878 -0.25366 78 57 28
21.057 -1.7652 -0.27129 77 58 24
21.06 -1.764 -0.25223 78 59 27
21.206 -1.787 -0.27138 76 56 22
21.11 -1.7729 -0.2711 77 55 31
21.173 -1.782 -0.23531 79 59 34
21.163 -1.7792 -0.25395 76 58 22
21.155 -1.7774 -0.27272 77 56 27
21.111 -1.7816 -0.32379 75 56 24
21.083 -1.7729 -0.23274 77 56 25
21.255 -1.791 -0.23817 79 58 29
21.288 -1.7795 -0.27704 77 60 30
21.208 -1.7827 -0.23739 79 58 29
21.226 -1.7901 -0.21966 78 59 29
21.399 -1.8376 -0.2217 79 58 31
21.227 -1.7799 -0.27363 77 57 23
21.374 -1.8249 -0.23834 77 57 30
21.261 -1.7919 -0.22208 77 58 28
21.404 -1.8061 -0.21278 48 29 0
21.393 -1.8018 -0.22834 48 27 8
21.38 -1.7857 -0.29274 43 23 0
21.388 -1.8127 -0.20989 51 27 13
21.392 -1.7848 -0.22945 46 28 8
21.39 -1.8021 -0.24385 49 22 1
21.399 -1.791 -0.24542 44 27 0
21.405 -1.8271 -0.23803 56 35 14
21.401 -1.8266 -0.25287 54 32 0
21.412 -1.8294 -0.22252 59 38 7
21.401 -1.7947 -0.26008 42 24 4
21.388 -1.7886 -0.27666 45 25 0
21.399 -1.7705 -0.21993 46 26 0
21.434 -1.753 -0.28553 42 25 0
21.403 -1.7771 -0.24904 45 23 0
21.392 -1.7723 -0.26491 46 22 10
21.412 -1.7609 -0.20562 45 25 0
21.404 -1.7615 -0.25129 48 23 0
21.384 -1.7629 -0.23733 46 24 0
21.402 -1.7149 -0.28965 43 18 11
21.401 -1.7102 -0.26206 44 24 0
21.418 -1.7033 -0.24805 45 24 0
21.404 -1.7308 -0.27336 44 23 2
21.378 -1.6962 -0.28069 41 20 0
21.448 -1.7382 -0.22731 43 23 0
21.389 -1.685 -0.26567 42 24 2
21.437 -1.7207 -0.27637 40 22 0
21.399 -1.6391 -0.26222 41 20 0
21.412 -1.666 -0.25519 44 24 0
21.404 -1.6893 -0.21914 44 19 0
21.414 -1.6836 -0.25217 40 23 0
21.457 -1.6329 -0.265 39 22 2
21.423 -1.6083 -0.28307 42 24 2
21.445 -1.6585 -0.27398 42 24 2
21.418 -1.6365 -0.26142 49 19 17
21.43 -1.5927 -0.25777 37 19 0
21.373 -1.5304 -0.26231 42 23 6
21.417 -1.5868 -0.28675 46 21 1
21.426 -1.5917 -0.27234 40 26 0
20.498 -1.7466 -0.45841 27 19 8
20.464 -1.7376 -0.48835 36 22 9
20.919 -1.932 -0.39304 21 7 7
20.437 -1.7318 -0.51789 38 22 7
20.503 -1.7402 -0.40952 66 55 27
20.811 -1.8944 -0.4357 37 25 13
20.603 -1.7552 -0.4021 70 53 27
20.713 -1.749 -0.37778 73 53 26
20.729 -1.7516 -0.4918 74 54 27
20.618 -1.7487 -0.47674 70 53 23
20.589 -1.7615 -0.47438 67 51 28
20.632 -1.7503 -0.4513 72 52 27
20.761 -1.7616 -0.4637 72 53 21
20.611 -1.7498 -0.50119 68 51 23
20.564 -1.7434 -0.43113 71 51 26
20.517 -1.7371 -0.51047 67 50 20
20.698 -1.7701 -0.39622 72 52 25
20.752 -1.7891 -0.367 73 54 22
20.727 -1.7587 -0.39776 72 53 19
20.72 -1.771 -0.48756 73 54 24
20.574 -1.7513 -0.45336 70 53 23
20.681 -1.7668 -0.42076 72 55 29
20.787 -1.7958 -0.45403 70 53 23
20.579 -1.7574 -0.47645 67 51 28
20.858 -1.7529 -0.41512 81 62 32
20.779 -1.7323 -0.37961 81 61 26
20.78 -1.7591 -0.39566 73 51 27
20.786 -1.7459 -0.44314 80 60 26
20.822 -1.7259 -0.35794 82 61 30
20.782 -1.7143 -0.40573 83 59 33
20.832 -1.7444 -0.44064 79 60 30
20.856 -1.7332 -0.44105 75 54 23
20.834 -1.7265 -0.46619 80 59 28
20.755 -1.7286 -0.42606 81 62 30
20.788 -1.7588 -0.37401 79 60 30
20.766 -1.7298 -0.40266 80 60 25
20.783 -1.7485 -0.46463 81 57 29
20.798 -1.7323 -0.46774 79 58 29
20.782 -1.7517 -0.48793 79 60 30
20.821 -1.7291 -0.37899 79 60 26
20.785 -1.7646 -0.41723 74 54 27
20.787 -1.7692 -0.4382 72 55 27
20.954 -1.7554 -0.41151 76 57 25
20.905 -1.735 -0.43986 75 56 22
20.962 -1.7496 -0.35163 77 58 28
21.014 -1.7611 -0.38765 74 57 27
21.01 -1.7447 -0.43153 75 55 28
20.961 -1.7526 -0.37165 77 57 22
21.017 -1.7422 -0.39252 76 56 29
20.973 -1.7502 -0.45229 74 55 23
20.887 -1.7413 -0.39651 78 56 32
20.885 -1.7372 -0.37693 76 55 28
21.003 -1.7588 -0.40822 75 56 26
20.989 -1.755 -0.42977 74 56 16
20.905 -1.7435 -0.3535 79 59 25
20.891 -1.7312 -0.46274 76 57 27
20.974 -1.7232 -0.41865 75 57 21
20.92 -1.7355 -0.39671 76 56 29
21.015 -1.7555 -0.34897 76 57 25
20.872 -1.7377 -0.41824 79 54 31
21.002 -1.7519 -0.37033 76 57 27
21.127 -1.7626 -0.40228 72 50 11
20.865 -1.6358 -0.37876 46 26 0
21.055 -1.7584 -0.36793 77 56 29
20.871 -1.6386 -0.37938 46 26 0
21.223 -1.7959 -0.39146 53 29 3
21.062 -1.7592 -0.34849 76 56 22
21.238 -1.7836 -0.37596 51 33 11
21.251 -1.7881 -0.35726 51 32 16
21.294 -1.7996 -0.38657 49 25 15
21.195 -1.7619 -0.40051 52 28 18
21.163 -1.7467 -0.42384 55 26 4
21.386 -1.7777 -0.32444 40 23 6
21.418 -1.8112 -0.30404 39 23 0
21.38 -1.7947 -0.35461 40 23 0
21.384 -1.7826 -0.37092 39 20 6
21.379 -1.8063 -0.3193 52 31 10
21.394 -1.7846 -0.33906 42 23 7
21.397 -1.7744 -0.37316 39 23 0
21.394 -1.7804 -0.30892 43 21 6
21.394 -1.8007 -0.33647 42 21 4
21.409 -1.7794 -0.35787 40 21 7
21.394 -1.7989 -0.32085 45 23 0
21.416 -1.8003 -0.35086 42 21 0
21.396 -1.8064 -0.36681 39 19 8
21.38 -1.8089 -0.33271 52 29 11
21.389 -1.7606 -0.31349 44 21 3
21.382 -1.7578 -0.33065 45 23 2
21.401 -1.7414 -0.36676 37 22 0
21.394 -1.7325 -0.33581 44 22 0
21.403 -1.7507 -0.30033 44 24 0
21.401 -1.7723 -0.34396 44 22 0
21.419 -1.7555 -0.37462 40 19 2
21.416 -1.7429 -0.30212 43 23 0
21.407 -1.7621 -0.35948 40 17 0
21.396 -1.7315 -0.31964 41 23 0
21.42 -1.7372 -0.36594 39 15 1
21.405 -1.7542 -0.31315 43 25 1
21.409 -1.7709 -0.29662 44 20 10
21.391 -1.7537 -0.37672 38 21 1
21.4 -1.6845 -0.32789 40 20 13
21.393 -1.6942 -0.31183 42 22 0
21.402 -1.7067 -0.35667 44 18 1
21.432 -1.723 -0.32268 40 22 0
21.434 -1.7262 -0.33512 40 22 2
21.414 -1.7292 -0.33542 42 22 11
21.403 -1.7201 -0.32031 44 24 0
21.404 -1.7248 -0.35152 44 24 0
21.42 -1.7041 -0.37158 37 19 0
21.413 -1.716 -0.3682 40 21 4
21.392 -1.6593 -0.31911 42 22 11
21.429 -1.6715 -0.3303 40 19 2
21.388 -1.6734 -0.31382 41 23 1
21.426 -1.6917 -0.37364 43 20 4
21.43 -1.6925 -0.35692 41 25 2
21.431 -1.6896 -0.32833 42 21 2
21.422 -1.6852 -0.34403 42 21 2
21.4 -1.6804 -0.29809 38 22 0
21.411 -1.6349 -0.29276 43 23 0
21.059 -1.3829 -0.41077 37 18 1
21.437 -1.6211 -0.29698 47 22 0
21.417 -1.5947 -0.34612 41 19 4
21.432 -1.6193 -0.31231 40 19 0
21.426 -1.6163 -0.32836 40 22 2
21.413 -1.6082 -0.34518 40 24 0
21.438 -1.5913 -0.33334 39 23 0
21.458 -1.606 -0.31497 43 15 14
20.546 -1.7613 -0.57885 44 25 19
20.48 -1.731 -0.56729 61 45 22
20.756 -1.7553 -0.57959 75 55 28
20.716 -1.7413 -0.61326 71 52 20
20.793 -1.7902 -0.54495 72 53 21
20.618 -1.7607 -0.5459 71 51 27
20.665 -1.7518 -0.52069 72 55 25
20.709 -1.7466 -0.51784 74 54 27
20.692 -1.7592 -0.63519 68 51 23
20.645 -1.7558 -0.59356 69 52 26
20.513 -1.7226 -0.59176 69 50 10
20.78 -1.7618 -0.55394 73 53 28
20.729 -1.767 -0.58116 70 53 25
20.682 -1.7508 -0.61519 71 51 26
20.462 -1.7109 -0.65373 71 53 33
20.497 -1.7205 -0.62103 69 52 26
20.635 -1.7433 -0.54929 73 54 24
20.644 -1.751 -0.57142 70 51 19
20.591 -1.7417 -0.65387 70 52 16
20.582 -1.7419 -0.52938 68 51 23
20.632 -1.7546 -0.62009 70 52 28
20.773 -1.7243 -0.4944 80 58 34
20.769 -1.7377 -0.58339 78 59 29
20.777 -1.7376 -0.55974 79 58 31
20.769 -1.7266 -0.51712 80 58 34
20.796 -1.7612 -0.50643 72 52 25
20.783 -1.7013 -0.61263 76 55 24
20.795 -1.753 -0.59964 77 56 27
20.829 -1.7348 -0.53242 79 59 22
20.81 -1.7103 -0.58494 74 54 20
20.8 -1.7671 -0.52782 71 54 26
20.852 -1.7489 -0.54852 78 57 28
20.786 -1.7224 -0.58447 79 59 24
20.818 -1.7103 -0.56157 75 55 28
20.778 -1.722 -0.60948 77 58 28
20.81 -1.719 -0.49134 80 61 27
20.774 -1.7055 -0.52086 79 59 34
20.781 -1.7354 -0.53682 77 57 22
21.007 -1.7461 -0.45167 76 58 20
20.985 -1.7446 -0.51491 71 54 26
21 -1.7491 -0.49181 73 54 12
21.028 -1.7524 -0.54868 72 52 25
20.865 -1.729 -0.5304 74 54 17
20.956 -1.7451 -0.47544 74 54 19
20.879 -1.7326 -0.50609 76 57 25
20.996 -1.744 -0.47308 73 54 20
20.979 -1.745 -0.53612 74 55 25
20.882 -1.7306 -0.48395 77 57 20
20.924 -1.7392 -0.54311 75 55 28
20.939 -1.74 -0.49918 73 53 26
20.95 -1.7339 -0.56332 73 54 22
21.006 -1.7347 -0.51586 73 53 28
20.906 -1.727 -0.5269 74 54 27
21.012 -1.7407 -0.53439 72 56 23
20.896 -1.7326 -0.59108 75 54 23
20.908 -1.7348 -0.56739 77 55 31
21.048 -1.75 -0.46753 72 54 30
21.096 -1.7642 -0.51818 73 54 24
21.067 -1.7566 -0.44473 77 56 29
21.055 -1.7455 -0.54767 71 53 17
21.267 -1.7872 -0.40771 48 19 0
21.26 -1.7856 -0.42629 49 21 17
21.421 -1.7941 -0.39776 38 16 3
21.395 -1.7986 -0.4304 38 18 9
21.386 -1.774 -0.42058 35 16 0
21.408 -1.7782 -0.46679 35 17 0
21.387 -1.7622 -0.45511 30 10 0
21.405 -1.7884 -0.43166 35 23 0
21.43 -1.7973 -0.38022 37 20 0
21.381 -1.8042 -0.41384 42 23 0
21.413 -1.8049 -0.39783 40 18 3
21.401 -1.7461 -0.39401 38 22 0
21.412 -1.7424 -0.44553 34 18 3
21.418 -1.7637 -0.43626 35 15 6
21.393 -1.7612 -0.42568 31 14 0
21.396 -1.7614 -0.40789 37 18 2
21.421 -1.7448 -0.40915 32 17 0
21.431 -1.7534 -0.42134 36 17 3
21.409 -1.732 -0.38161 36 19 0
21.391 -1.7435 -0.42581 35 18 0
21.417 -1.7394 -0.39498 36 17 3
21.419 -1.7662 -0.45154 31 20 0
21.415 -1.7279 -0.44563 37 13 3
21.414 -1.7568 -0.40593 39 23 0
21.382 -1.6712 -0.45877 31 10 5
21.42 -1.7002 -0.46691 27 14 0
21.415 -1.7196 -0.38407 38 21 1
21.412 -1.7096 -0.44826 27 15 0
21.416 -1.7102 -0.43323 31 13 13
20.342 -1.687 -0.81693 49 28 11
20.423 -1.7141 -0.76672 46 30 17
20.432 -1.6997 -0.82391 68 51 31
20.559 -1.7586 -0.67913 58 37 10
20.541 -1.748 -0.81457 50 33 3
20.788 -1.7845 -0.66151 68 53 22
20.739 -1.7671 -0.69914 70 51 21
20.656 -1.7479 -0.66821 71 51 26
20.576 -1.7441 -0.70616 71 54 24
20.618 -1.7405 -0.72584 69 50 20
20.567 -1.7239 -0.76452 69 53 18
20.554 -1.731 -0.6864 67 50 22
20.755 -1.7469 -0.67689 72 52 28
20.715 -1.7609 -0.72844 71 52 20
20.618 -1.7366 -0.70176 70 53 27
20.808 -1.7818 -0.72833 68 51 23
20.646 -1.7359 -0.77224 69 52 26
20.532 -1.731 -0.74313 67 50 24
20.632 -1.7551 -0.76863 71 52 20
20.561 -1.7301 -0.81616 68 48 21
20.474 -1.7122 -0.78488 70 50 16
20.736 -1.7424 -0.70515 68 51 23
20.808 -1.7892 -0.63515 71 54 24
20.783 -1.7399 -0.69693 76 56 22
20.797 -1.7497 -0.71599 78 57 28
20.81 -1.7251 -0.67256 78 59 29
20.87 -1.7496 -0.63442 78 59 25
20.787 -1.7568 -0.64606 73 54 24
20.822 -1.7119 -0.69563 72 53 21
20.76 -1.7178 -0.63632 78 57 26
20.813 -1.7649 -0.6169 70 54 21
20.816 -1.7125 -0.72049 79 58 29
20.829 -1.7111 -0.67283 72 52 27
20.773 -1.7118 -0.70581 78 57 26
20.778 -1.7334 -0.67664 78 56 32
20.756 -1.7078 -0.73425 78 58 21
20.767 -1.7167 -0.75287 76 57 25
20.788 -1.7495 -0.74102 73 53 26
20.772 -1.6956 -0.75693 77 56 29
20.755 -1.7193 -0.66026 79 58 29
20.966 -1.7305 -0.62522 70 53 23
20.988 -1.7303 -0.68557 73 54 22
20.974 -1.738 -0.64331 70 51 19
20.879 -1.7279 -0.61682 74 55 25
20.934 -1.7295 -0.58747 71 52 22
21.032 -1.74 -0.59215 71 55 20
20.839 -1.7124 -0.64881 75 55 30
21.029 -1.7417 -0.61261 71 54 26
20.896 -1.7244 -0.68174 71 55 19
21.01 -1.7353 -0.63797 72 53 19
20.931 -1.7312 -0.60847 74 55 21
20.867 -1.7142 -0.71166 75 54 23
20.953 -1.7309 -0.66978 71 54 24
20.948 -1.7315 -0.69298 71 54 10
21.036 -1.739 -0.57171 72 52 25
21.046 -1.7396 -0.67192 72 53 23
21.021 -1.752 -0.57022 72 53 23
20.978 -1.733 -0.60176 72 56 30
21.01 -1.7384 -0.65895 74 55 23
20.922 -1.7305 -0.63144 74 55 25
20.886 -1.7159 -0.66322 73 54 24
21.103 -1.7629 -0.6158 72 53 21
20.906 -1.6404 -0.70284 38 21 11
21.061 -1.7442 -0.64781 72 55 25
21.245 -1.7802 -0.57084 43 23 0
21.207 -1.7612 -0.60029 40 23 13
21.18 -1.7491 -0.62609 48 26 13
21.333 -1.8097 -0.53277 69 52 24
21.279 -1.7817 -0.56448 72 54 14
21.258 -1.7745 -0.6064 73 52 31
21.267 -1.7772 -0.58608 72 53 19
21.262 -1.7867 -0.54897 42 24 4
21.394 -1.7589 -0.52235 33 15 3
21.425 -1.7912 -0.47588 32 14 2
21.417 -1.7879 -0.49472 31 12 5
21.4 -1.7936 -0.49842 29 10 4
21.409 -1.8017 -0.51075 28 15 0
21.397 -1.7779 -0.51473 27 15 0
21.397 -1.7681 -0.56624 29 13 0
21.398 -1.7258 -0.51169 29 13 0
21.385 -1.7511 -0.50764 30 11 4
21.407 -1.7463 -0.4885 31 17 6
21.384 -1.7354 -0.52745 32 16 0
21.414 -1.7386 -0.52226 24 7 0
21.422 -1.7274 -0.52342 34 16 4
21.419 -1.7561 -0.50127 27 14 0
21.418 -1.7006 -0.48334 32 12 5
21.384 -1.6962 -0.5049 28 10 0
21.411 -1.7049 -0.54796 32 10 10
21.411 -1.6982 -0.50143 29 10 6
21.404 -1.6824 -0.5538 30 19 0
21.376 -1.6762 -0.52623 30 12 0
21.429 -1.6807 -0.53551 31 10 7
21.405 -1.6814 -0.53617 28 10 0
21.41 -1.7168 -0.51194 29 9 0
21.414 -1.6351 -0.54983 28 12 0
21.448 -1.6757 -0.51586 27 13 0
21.411 -1.6289 -0.51732 26 8 0
21.42 -1.638 -0.53117 26 12 3
21.418 -1.6581 -0.55714 28 5 11
21.41 -1.6156 -0.55132 20 4 4
20.447 -1.7072 -0.98413 46 19 10
20.478 -1.7103 -0.91961 68 49 17
20.424 -1.7061 -0.87911 54 30 4
20.371 -1.69 -0.92415 45 25 14
20.746 -1.739 -0.79991 70 52 28
20.718 -1.755 -0.82542 68 51 23
20.68 -1.7426 -0.86315 64 46 24
20.551 -1.7182 -0.92606 64 47 21
20.573 -1.7186 -0.86878 68 51 25
20.566 -1.7198 -0.89746 66 49 23
20.547 -1.7292 -0.84387 65 50 11
20.768 -1.757 -0.83825 69 51 15
20.515 -1.7079 -0.96624 65 49 24
20.635 -1.6939 -0.86247 69 51 29
20.599 -1.7247 -0.8364 66 48 26
20.762 -1.7625 -0.88549 69 54 25
20.656 -1.7411 -0.9192 63 45 25
20.799 -1.7746 -0.84894 70 52 14
20.761 -1.7691 -0.7885 69 52 22
20.5 -1.7145 -0.88496 67 49 35
20.814 -1.7882 -0.74852 69 52 22
20.771 -1.7428 -0.88874 68 52 26
20.631 -1.7264 -0.90499 69 49 15
20.772 -1.7074 -0.82587 78 57 30
20.846 -1.7113 -0.76126 74 55 25
20.83 -1.7074 -0.78932 69 54 23
20.769 -1.7219 -0.77487 78 57 28
20.822 -1.715 -0.85891 77 58 26
20.775 -1.7481 -0.76711 73 53 29
20.801 -1.7478 -0.83231 77 57 23
20.777 -1.7411 -0.8642 76 57 25
20.772 -1.7111 -0.84821 80 58 21
20.78 -1.7306 -0.79414 78 58 31
20.774 -1.716 -0.87067 78 56 32
20.801 -1.7013 -0.84388 77 57 23
20.847 -1.7347 -0.75559 76 56 29
20.787 -1.7104 -0.79847 78 58 31
20.788 -1.7382 -0.81371 76 57 25
20.823 -1.7079 -0.81325 72 52 25
21.081 -1.7504 -0.74334 68 50 26
20.919 -1.721 -0.72239 73 52 23
20.908 -1.719 -0.74746 70 53 23
20.998 -1.7391 -0.70139 70 54 19
20.978 -1.7355 -0.74945 71 55 22
20.889 -1.7172 -0.79653 73 54 22
20.956 -1.7281 -0.77801 70 53 23
20.997 -1.7309 -0.78933 70 52 28
20.983 -1.7345 -0.72742 72 53 21
21.019 -1.7321 -0.72063 74 55 23
21.05 -1.7371 -0.77522 73 56 30
21.009 -1.7299 -0.74508 73 52 23
21.049 -1.7364 -0.77584 73 56 30
20.938 -1.7226 -0.80572 73 52 25
20.878 -1.7154 -0.82221 72 52 27
20.892 -1.7148 -0.77469 74 53 24
20.892 -1.703 -0.84543 69 54 25
20.995 -1.7262 -0.76991 73 54 24
21.017 -1.7278 -0.7014 72 52 15
21.008 -1.7294 -0.74501 73 52 23
20.871 -1.7196 -0.73179 75 55 18
20.852 -1.7067 -0.85189 75 55 31
21.173 -1.7599 -0.71953 71 51 26
21.156 -1.7538 -0.74531 71 53 33
21.206 -1.7592 -0.71373 68 53 22
21.22 -1.7612 -0.67197 32 17 0
21.204 -1.7551 -0.69606 71 51 26
21.114 -1.7443 -0.71771 71 51 24
21.278 -1.8098 -0.62885 46 28 14
21.09 -1.7486 -0.70157 70 54 28
21.085 -1.7491 -0.72246 70 51 21
21.106 -1.7434 -0.74083 72 52 25
20.812 -1.5932 -0.75464 41 24 0
21.182 -1.7621 -0.6977 70 51 17
21.102 -1.7445 -0.76062 70 55 22
21.202 -1.7596 -0.73257 71 54 26
21.257 -1.7767 -0.62414 69 53 27
21.241 -1.7705 -0.64714 43 25 11
21.386 -1.7924 -0.66327 31 14 6
21.297 -1.7874 -0.6488 70 53 23
21.26 -1.7683 -0.67986 69 52 22
21.159 -1.6894 -0.72589 41 21 14
21.245 -1.7624 -0.70299 73 54 22
21.108 -1.6683 -0.66107 39 24 1
21.406 -1.7591 -0.58366 29 10 6
21.394 -1.7534 -0.60576 34 10 10
21.409 -1.7825 -0.6098 27 13 4
21.391 -1.7535 -0.6248 25 11 0
21.399 -1.7744 -0.59718 33 14 7
21.391 -1.7932 -0.64681 30 16 5
21.421 -1.7926 -0.62247 29 13 0
21.396 -1.7597 -0.63793 27 13 0
21.416 -1.8034 -0.60683 28 15 0
21.384 -1.7957 -0.58109 33 21 0
21.356 -1.7687 -0.64487 34 15 0
21.398 -1.7391 -0.60587 27 11 0
21.413 -1.7318 -0.60595 26 10 0
21.405 -1.7287 -0.62619 27 10 0
21.409 -1.7271 -0.59203 33 9 5
21.399 -1.7467 -0.65729 26 11 4
21.408 -1.7143 -0.62646 28 10 0
21.42 -1.7245 -0.64038 25 6 0
21.402 -1.7444 -0.62114 30 15 8
21.399 -1.7518 -0.57265 34 15 0
21.38 -1.732 -0.64658 29 12 2
21.395 -1.7268 -0.66285 22 10 0
21.406 -1.6859 -0.56941 22 13 0
21.41 -1.7008 -0.64584 30 10 11
21.394 -1.6716 -0.65772 25 12 6
21.425 -1.629 -0.56247 24 11 0
21.415 -1.6431 -0.59383 16 9 1
21.412 -1.656 -0.5762 26 13 0
21.433 -1.6403 -0.61149 19 9 0
21.427 -1.6324 -0.57893 24 9 4
21.396 -1.6107 -0.60525 22 5 0
21.382 -1.6271 -0.67241 24 10 1
20.732 -1.7336 -0.95026 67 49 25
20.746 -1.752 -1.0154 69 51 13
20.69 -1.7439 -0.98469 66 51 22
20.595 -1.7197 -0.96702 66 49 21
20.569 -1.7228 -1.0534 64 47 19
20.473 -1.7001 -1.035 64 47 21
20.735 -1.7306 -0.92558 69 49 25
20.504 -1.7007 -1.1055 64 48 23
20.735 -1.7546 -0.919 66 50 17
20.689 -1.7393 -0.96104 65 48 18
20.611 -1.7144 -1.0428 62 48 21
20.763 -1.7354 -1.0153 67 51 16
20.606 -1.7289 -0.98702 63 47 24
20.523 -1.7162 -0.98781 64 49 10
20.536 -1.7043 -1.0412 65 49 13
20.61 -1.7185 -1.069 65 48 22
20.792 -1.6891 -0.94527 74 55 23
20.78 -1.7272 -0.91396 78 56 32
20.777 -1.7057 -0.9446 77 58 28
20.76 -1.714 -0.89916 76 57 25
20.814 -1.6959 -0.91258 71 55 22
20.77 -1.7067 -0.97094 77 58 28
20.78 -1.7393 -0.98361 77 54 23
20.777 -1.7018 -0.92228 77 57 22
20.79 -1.7198 -0.98622 75 55 28
20.784 -1.7213 -1.0122 74 54 19
20.833 -1.7166 -0.97262 75 54 23
20.786 -1.7339 -0.93522 77 57 23
20.812 -1.6911 -0.89123 74 55 23
20.776 -1.6934 -1.0214 76 56 29
20.801 -1.6817 -1.0165 74 52 29
20.8 -1.7442 -0.95218 78 57 30
20.815 -1.7158 -0.88364 76 55 26
20.857 -1.7243 -0.93937 72 53 19
21.018 -1.7304 -0.84854 69 54 25
20.931 -1.7113 -0.89999 72 53 19
20.941 -1.7201 -0.91701 71 54 26
20.996 -1.7337 -0.80997 70 53 23
21.042 -1.7395 -0.81793 69 52 22
21.062 -1.7393 -0.87568 69 50 10
21.032 -1.7271 -0.90914 70 54 21
20.852 -1.6985 -0.94897 71 51 24
20.928 -1.7173 -0.94317 69 50 18
21.019 -1.7348 -0.86743 69 52 22
20.915 -1.7186 -0.85645 72 53 23
20.987 -1.7216 -0.90313 70 54 19
20.963 -1.7242 -0.86489 70 53 25
20.826 -1.6897 -0.98307 71 52 18
20.958 -1.7176 -0.84644 71 51 24
21.025 -1.7271 -0.80563 69 52 24
20.966 -1.7144 -0.93338 69 50 20
21.054 -1.7316 -0.85929 72 53 21
20.896 -1.7164 -0.9076 72 52 28
20.899 -1.7144 -0.88405 72 52 25
21.126 -1.74 -0.77636 72 52 27
21.116 -1.7445 -0.83776 68 51 21
21.167 -1.7556 -0.83929 69 50 20
21.215 -1.7599 -0.80493 72 54 14
21.192 -1.7496 -0.83446 73 54 11
21.172 -1.749 -0.78167 72 53 21
21.099 -1.7462 -0.78086 70 54 19
21.087 -1.7316 -0.87097 69 52 22
21.078 -1.7379 -0.80966 69 53 18
21.205 -1.7647 -0.74941 71 54 28
21.253 -1.7756 -0.75292 73 54 22
21.218 -1.7583 -0.78617 71 51 24
21.086 -1.7349 -0.89018 68 51 23
21.147 -1.7552 -0.78603 70 54 19
21.167 -1.7492 -0.80256 71 52 22
21.124 -1.7455 -0.81574 70 50 26
21.153 -1.7443 -0.82789 73 51 27
21.078 -1.7412 -0.82886 68 51 23
21.097 -1.6509 -0.87178 32 14 4
21.252 -1.7594 -0.77581 70 53 27
21.396 -1.8012 -0.67447 29 16 0
21.231 -1.7499 -0.80418 68 51 25
21.207 -1.7461 -0.75485 71 51 24
21.282 -1.7735 -0.7464 71 52 22
21.228 -1.7553 -0.72833 71 51 26
21.236 -1.7555 -0.81958 72 52 15
21.412 -1.7914 -0.65811 28 10 0
21.375 -1.7705 -0.69056 20 11 0
21.401 -1.7528 -0.6871 27 14 0
21.413 -1.78 -0.69312 29 7 7
21.368 -1.754 -0.73031 25 8 1
21.387 -1.781 -0.6995 24 9 4
21.407 -1.7742 -0.68001 27 14 0
21.419 -1.7196 -0.74324 20 6 0
21.414 -1.7144 -0.72814 31 10 5
21.387 -1.7415 -0.67695 27 9 0
21.431 -1.702 -0.67571 26 13 0
21.416 -1.6722 -0.66941 24 12 0
21.407 -1.6937 -0.75311 22 10 0
21.417 -1.6902 -0.66514 26 8 6
21.411 -1.6524 -0.69385 16 9 0
21.396 -1.64 -0.68283 18 11 0
20.448 -1.697 -1.24 33 23 0
20.803 -1.7656 -1.0662 69 51 15
20.704 -1.7054 -1.1696 70 53 27
20.616 -1.7178 -1.1974 62 45 27
20.503 -1.6872 -1.195 59 45 8
20.766 -1.7455 -1.0589 67 49 25
20.658 -1.7315 -1.1515 66 51 20
20.728 -1.7242 -1.052 68 50 28
20.752 -1.7472 -1.1141 69 50 20
20.469 -1.6782 -1.2366 65 48 18
20.657 -1.7267 -1.1279 63 47 14
20.68 -1.7321 -1.0931 65 50 11
20.73 -1.7422 -1.1481 64 47 17
20.778 -1.6987 -1.0444 73 56 30
20.776 -1.7217 -1.0388 75 58 32
20.793 -1.7335 -1.054 75 56 26
20.769 -1.7067 -1.1192 73 56 30
20.843 -1.7137 -1.0654 73 55 19
20.824 -1.7008 -1.0518 72 52 18
20.778 -1.715 -1.1379 74 54 27
20.802 -1.7415 -1.0733 75 55 31
20.765 -1.7289 -1.1147 72 52 28
20.802 -1.698 -1.1088 73 56 28
20.773 -1.7043 -1.0939 76 56 31
20.774 -1.7005 -1.07 73 55 15
20.785 -1.6776 -1.0484 72 53 19
20.821 -1.6832 -1.1063 68 51 23
20.944 -1.7176 -1.0286 70 52 28
20.949 -1.7092 -0.96255 70 53 27
20.872 -1.7006 -1.0362 74 55 12
20.986 -1.7166 -1.015 69 52 24
20.91 -1.7155 -0.99542 70 51 21
20.912 -1.7128 -0.97174 73 54 22
20.936 -1.7175 -1.0533 67 51 28
21.001 -1.7211 -0.98562 66 49 21
20.967 -1.7107 -1.0457 68 49 15
21.014 -1.7242 -0.95812 71 49 26
21.057 -1.7292 -0.96446 65 50 21
21.036 -1.7323 -0.92771 69 51 29
21.053 -1.7302 -0.9871 69 51 27
20.944 -1.7103 -0.98597 69 52 22
20.939 -1.7111 -1.0102 67 50 22
20.832 -1.6849 -1.0779 72 52 27
21.092 -1.73 -0.97365 68 51 23
21.228 -1.7599 -0.87791 68 51 25
21.154 -1.7374 -0.90938 71 51 17
21.158 -1.7427 -0.92652 71 52 22
21.243 -1.7656 -0.85207 71 52 22
21.071 -1.7297 -0.91782 70 52 28
21.142 -1.7481 -0.88926 69 51 27
21.147 -1.7475 -0.86751 68 51 25
21.061 -1.7277 -0.9427 68 50 0
21.173 -1.7447 -0.88129 72 52 17
21.186 -1.7492 -0.85611 70 53 25
21.207 -1.751 -0.90665 70 53 23
21.188 -1.7428 -0.93603 68 48 24
21.161 -1.7475 -0.94433 66 50 17
21.103 -1.7327 -0.94817 73 53 28
21.126 -1.7422 -0.91649 72 52 15
21.241 -1.7511 -0.89536 66 50 27
21.237 -1.7512 -0.91638 71 52 22
21.247 -1.7517 -0.87391 67 47 22
21.276 -1.7655 -0.84204 68 49 15
21.087 -1.6397 -0.98071 22 14 1
21.148 -1.6725 -0.93216 34 15 8
21.363 -1.7408 -0.78647 24 4 3
21.383 -1.7607 -0.82743 21 12 0
21.416 -1.7649 -0.81442 24 8 8
21.4 -1.7665 -0.78602 19 10 0
21.376 -1.731 -0.78526 27 9 0
21.374 -1.7303 -0.78572 27 9 0
21.409 -1.7179 -0.77964 26 14 0
21.38 -1.6825 -0.81455 23 10 1
21.42 -1.7125 -0.81131 20 5 0
21.424 -1.7459 -0.76572 26 12 0
21.422 -1.724 -0.75924 27 11 14
21.383 -1.7226 -0.82157 21 15 0
20.462 -1.7638 0.19078 69 54 33
20.453 -1.7645 0.17001 69 54 25
21.26 -2.0672 0.058424 72 54 30
20.525 -1.7674 0.15631 89 69 35
20.767 -1.8107 0.15463 92 70 47
20.709 -1.7901 0.14264 93 70 37
20.549 -1.7727 0.17441 89 67 46
20.653 -1.79 0.15627 90 69 38
20.486 -1.7689 0.20892 73 48 25
20.581 -1.7815 0.19041 92 70 46
20.612 -1.7702 0.18027 92 70 47
20.796 -1.7548 0.16092 89 68 41
20.763 -1.7838 0.17128 95 71 45
20.751 -1.7823 0.15283 92 71 44
20.779 -1.7691 0.16494 90 71 41
20.746 -1.7357 0.14726 91 67 39
20.765 -1.7694 0.12766 90 66 40
20.751 -1.7413 0.12751 89 65 39
20.775 -1.7703 0.14627 87 68 36
20.765 -1.7915 0.13176 89 68 41
20.857 -1.7609 0.146 89 67 43
20.894 -1.7603 0.11848 84 60 32
20.958 -1.7671 0.12354 82 63 33
20.978 -1.7798 0.10383 83 62 35
20.934 -1.776 0.13099 83 61 37
20.868 -1.769 0.12642 89 65 37
21.009 -1.7752 0.09517 82 62 35
21.039 -1.7844 0.12547 86 63 45
21.134 -1.7971 0.088976 84 63 36
21.172 -1.7961 0.096029 85 65 40
21.099 -1.795 0.11366 85 65 38
21.07 -1.7833 0.10033 84 63 36
21.158 -1.7914 0.081909 85 64 35
21.13 -1.7927 0.10525 85 64 37
21.042 -1.7883 0.10902 83 64 34
21.151 -1.801 0.11869 84 64 39
21.243 -1.814 0.098016 87 66 37
21.17 -1.793 0.11112 87 66 39
21.224 -1.8088 0.070305 86 65 38
21.227 -1.8079 0.08476 86 66 32
21.495 -1.8802 0.0335 86 62 24
21.406 -1.7733 0.078658 97 62 17
21.4 -1.7717 0.066021 96 60 10
21.375 -1.7723 0.073071 89 56 13
21.383 -1.7954 0.061771 101 64 22
21.373 -1.7733 0.058392 89 53 15
21.395 -1.8006 0.070844 97 62 15
21.397 -1.7996 0.084457 96 62 25
21.427 -1.7911 0.048967 90 56 1
21.395 -1.7823 0.084069 95 63 24
21.385 -1.7442 0.080643 90 59 2
21.412 -1.7296 0.070623 93 57 9
21.396 -1.7554 0.050499 89 55 0
21.402 -1.7415 0.060281 93 59 8
21.396 -1.7207 0.058495 92 56 0
21.409 -1.7618 0.062253 91 56 9
21.392 -1.6857 0.055144 79 47 0
21.449 -1.7053 0.073759 95 59 7
21.416 -1.7144 0.081394 90 53 19
21.43 -1.7077 0.07697 85 53 4
21.425 -1.7225 0.067236 85 52 7
21.404 -1.6922 0.06751 81 50 0
20.368 -1.7408 0.1347 78 58 23
20.386 -1.7518 0.10901 79 60 26
20.384 -1.7334 0.057416 74 53 26
21.126 -2.0196 0.059097 78 58 33
21.127 -2.0227 0.043232 81 60 33
20.406 -1.7508 0.15243 76 58 22
20.465 -1.7561 0.096215 84 60 32
20.42 -1.743 0.076026 78 59 29
20.429 -1.7543 0.030208 58 40 18
20.891 -1.8477 0.095672 89 68 37
20.569 -1.7753 0.059143 100 77 44
20.635 -1.7868 0.13714 93 70 37
20.634 -1.7811 0.027686 102 76 49
20.514 -1.767 0.13499 78 56 32
20.579 -1.7757 0.080239 94 74 37
20.524 -1.7619 0.040529 100 77 43
20.635 -1.7901 0.11715 92 69 35
20.598 -1.7795 0.099132 91 70 39
20.512 -1.77 0.114 84 59 29
20.641 -1.7803 0.048263 102 78 40
20.795 -1.7487 0.060171 88 68 34
20.752 -1.7325 0.043025 89 66 32
20.766 -1.7422 0.020911 89 66 33
20.775 -1.7683 0.024706 93 72 43
20.751 -1.7803 0.030301 95 72 41
20.753 -1.7677 0.11042 89 64 32
20.761 -1.7745 0.088726 90 69 40
20.856 -1.7699 0.092454 90 67 33
20.826 -1.7595 0.07454 87 65 42
20.76 -1.7773 0.070013 91 70 41
20.732 -1.7361 0.10915 90 67 34
20.746 -1.7747 0.050151 92 71 40
20.777 -1.7591 0.084028 89 65 39
20.785 -1.7662 0.062911 87 66 39
20.778 -1.7664 0.043171 90 67 36
20.863 -1.7583 0.047519 87 66 37
21.008 -1.7773 0.079185 83 62 33
20.905 -1.7686 0.098214 83 56 35
20.892 -1.7567 0.0025949 82 61 32
20.923 -1.7624 0.055887 84 60 34
20.928 -1.7618 0.073588 85 60 37
20.831 -1.7554 0.11142 88 64 36
20.875 -1.7608 0.06475 89 68 37
20.866 -1.7627 0.028569 88 68 34
20.857 -1.7616 0.010491 89 65 39
20.982 -1.7731 0.028379 81 60 29
20.977 -1.7735 0.010622 83 63 29
21.007 -1.7795 0.061344 80 60 35
21.013 -1.7711 0.0037334 84 63 34
20.89 -1.7646 0.081591 88 66 42
20.913 -1.7634 0.019903 81 60 33
20.969 -1.7728 -0.0064761 81 60 31
20.924 -1.7656 0.037245 81 60 31
20.954 -1.7711 0.088957 83 63 29
20.999 -1.7785 0.044354 81 61 37
21.154 -1.7942 0.05024 85 66 34
21.188 -1.7991 0.011553 86 65 38
21.113 -1.7831 -0.011858 84 64 37
21.13 -1.7895 0.0042042 85 64 33
21.087 -1.786 0.011557 83 63 36
21.106 -1.7933 0.026508 83 63 28
21.11 -1.7925 0.042312 84 63 34
21.077 -1.7896 0.083714 84 64 39
21.138 -1.7885 0.03559 88 65 32
21.067 -1.787 0.067196 86 65 38
21.124 -1.7841 0.020196 86 65 34
21.038 -1.781 0.019065 84 63 32
21.199 -1.8024 0.026322 86 65 38
21.025 -1.7717 0.037578 84 62 38
21.113 -1.7918 0.058409 84 64 30
21.11 -1.7872 0.075467 83 62 33
21.086 -1.7882 -0.0052535 82 65 35
21.165 -1.7974 0.064864 86 64 40
21.166 -1.7923 -0.018678 86 65 38
21.177 -1.7956 -0.0031691 87 67 33
21.036 -1.7744 0.053491 84 63 34
21.248 -1.8047 0.06353 85 64 33
21.218 -1.7974 0.005126 88 68 33
21.228 -1.8054 -0.011572 85 63 39
21.197 -1.7966 0.057498 88 65 34
21.245 -1.8073 0.03328 87 67 33
21.228 -1.8003 0.020048 91 68 35
21.198 -1.7999 0.042315 86 65 34
21.268 -1.818 0.046262 89 66 35
21.419 -1.8191 0.041315 98 61 9
21.39 -1.8098 -0.010518 75 46 2
21.39 -1.8075 0.0036952 81 49 0
21.379 -1.831 0.024148 83 59 8
21.387 -1.8016 0.032566 97 62 15
21.387 -1.8178 0.034214 85 54 8
21.39 -1.828 -0.022996 91 67 33
21.393 -1.8235 0.019059 79 54 22
21.387 -1.8038 0.017559 86 52 15
21.37 -1.7997 -0.022784 70 44 3
21.397 -1.8394 0.034936 83 60 18
21.387 -1.8281 -0.035536 86 63 22
21.367 -1.8283 -0.0018303 88 64 36
21.386 -1.8216 0.0058349 84 60 26
21.379 -1.819 -0.007807 94 70 32
21.398 -1.7946 0.014002 79 48 0
21.403 -1.788 -0.031544 69 42 0
21.381 -1.7538 -0.0027053 71 41 5
21.407 -1.7682 0.0083668 76 45 15
21.394 -1.7802 -0.016467 71 43 16
21.392 -1.7973 -0.027575 69 39 21
21.399 -1.7932 0.027333 87 53 2
21.401 -1.7926 0.04082 97 63 2
21.389 -1.7608 -0.01769 67 39 8
21.403 -1.7776 0.03738 86 52 17
21.393 -1.743 0.0055637 70 41 0
21.395 -1.7221 0.045535 85 48 2
21.4 -1.7461 0.019688 77 47 11
21.419 -1.7424 0.013864 71 40 9
21.366 -1.7383 0.040601 85 51 0
21.393 -1.745 -0.0076701 67 42 0
20.433 -1.7427 -0.044592 73 51 28
20.471 -1.7781 -0.019148 71 54 26
20.456 -1.7472 -0.022959 82 62 28
20.391 -1.7309 -0.069182 71 52 22
20.317 -1.7165 0.013398 63 46 20
20.752 -1.7908 -0.031182 93 71 34
20.628 -1.7697 -0.063253 87 66 35
20.747 -1.792 -0.051295 90 69 38
20.646 -1.7809 -0.082798 84 63 32
20.501 -1.7265 -0.10415 51 31 0
20.644 -1.7691 -0.020975 92 72 38
20.595 -1.7767 -0.034559 90 69 40
20.637 -1.7861 0.0063235 97 74 41
20.578 -1.774 -0.055774 85 65 40
20.538 -1.7504 -0.0089479 89 68 41
20.791 -1.8037 -0.012903 96 71 41
20.516 -1.7663 -0.0029266 82 59 26
20.507 -1.7592 0.01962 83 61 38
20.652 -1.7758 -0.04277 91 71 37
20.837 -1.8146 -0.099012 77 56 25
20.539 -1.7625 -0.077905 83 64 22
20.554 -1.7722 -0.10209 75 54 25
20.771 -1.7511 -0.01962 87 66 37
20.783 -1.7596 -0.0411 87 65 41
20.771 -1.7355 -0.063619 86 65 34
20.755 -1.7317 -0.084017 85 64 35
20.767 -1.7682 0.0043894 90 69 38
20.774 -1.7656 -0.10086 84 63 36
20.779 -1.7612 -0.060603 85 65 38
20.774 -1.7778 -0.036171 90 69 42
20.738 -1.766 -0.054746 89 65 37
20.803 -1.7465 -0.044382 87 66 39
20.763 -1.7442 0.0015015 87 66 37
20.752 -1.7649 -0.014672 92 68 42
20.847 -1.76 -0.0077336 88 65 31
20.864 -1.7623 -0.11115 85 64 35
21.001 -1.8815 -0.084681 85 65 30
20.74 -1.7282 -0.10518 84 63 36
20.786 -1.7674 -0.08096 86 63 32
20.828 -1.7548 -0.02605 89 66 35
20.89 -1.7713 -0.090803 84 63 32
20.838 -1.7406 -0.051847 88 64 36
20.946 -1.7646 -0.02328 80 59 32
20.962 -1.7606 -0.083547 80 59 32
20.98 -1.7723 -0.10183 80 60 26
21.042 -1.7771 -0.071784 84 63 34
21 -1.7706 -0.030899 82 61 34
20.889 -1.7614 -0.034787 86 66 29
20.883 -1.7649 -0.071867 86 63 32
20.926 -1.758 -0.040829 82 61 32
21.006 -1.7707 -0.013385 83 63 29
21.033 -1.7753 -0.089705 84 62 25
21.007 -1.7655 -0.10667 80 59 32
21.011 -1.7788 -0.048863 82 60 36
20.966 -1.7596 -0.065516 80 60 33
20.864 -1.7468 -0.014211 83 59 33
20.939 -1.7669 -0.059991 82 61 34
20.898 -1.754 -0.09659 83 60 27
20.928 -1.765 -0.078275 80 61 29
21.162 -1.7821 -0.087768 82 60 37
21.102 -1.7828 -0.044549 84 64 30
21.146 -1.792 -0.083153 81 61 26
21.163 -1.7934 -0.034564 84 66 30
21.124 -1.7831 -0.099342 84 61 28
21.148 -1.788 -0.050041 84 63 36
21.071 -1.7775 -0.11215 79 60 30
21.1 -1.7843 -0.060949 84 63 36
21.051 -1.7764 -0.037502 84 65 31
21.039 -1.773 -0.054743 85 64 37
21.168 -1.7876 -0.1041 80 59 28
21.194 -1.7966 -0.072271 83 64 34
21.074 -1.7849 -0.020715 86 62 36
21.071 -1.7752 -0.094545 82 58 32
21.108 -1.7835 -0.027802 86 63 29
21.11 -1.7789 -0.11655 80 59 28
21.133 -1.7826 -0.065971 84 63 34
21.191 -1.7925 -0.055918 82 63 33
21.074 -1.7739 -0.077671 82 61 30
21.253 -1.8063 -0.046674 85 61 33
21.215 -1.7902 -0.077186 82 61 32
21.248 -1.801 -0.031511 89 68 37
21.207 -1.7966 -0.025535 84 63 34
21.22 -1.7978 -0.10887 81 62 32
21.197 -1.7936 -0.040599 84 65 33
21.232 -1.8021 -0.093198 82 63 20
21.4 -1.8202 -0.040623 69 42 9
21.379 -1.7974 -0.085307 59 35 0
21.387 -1.8044 -0.099745 61 34 15
21.396 -1.8035 -0.056182 65 38 3
21.389 -1.7971 -0.040223 63 39 3
21.399 -1.7914 -0.074091 57 33 7
21.41 -1.8003 -0.090695 55 32 0
21.405 -1.777 -0.063599 58 33 1
21.389 -1.7831 -0.059581 61 38 20
21.397 -1.774 -0.076701 57 30 13
20.584 -1.7788 -0.2165 73 55 33
20.466 -1.737 -0.24545 69 51 27
20.783 -1.7985 -0.13788 71 53 17
20.82 -1.8107 -0.11702 72 55 25
20.614 -1.7868 -0.19358 74 57 29
20.729 -1.7793 -0.15897 71 51 24
20.676 -1.7683 -0.22426 74 54 27
20.693 -1.7678 -0.18064 75 56 22
20.564 -1.7466 -0.22448 76 57 25
20.656 -1.776 -0.17529 68 53 24
20.588 -1.7524 -0.20149 75 55 28
20.832 -1.7508 -0.13009 85 64 33
20.763 -1.7263 -0.17065 83 62 31
20.753 -1.7249 -0.19255 83 62 35
20.739 -1.7221 -0.21427 86 62 36
20.779 -1.7659 -0.23001 75 55 28
20.797 -1.7602 -0.14661 84 63 36
20.861 -1.7523 -0.19437 83 62 33
20.757 -1.7686 -0.16249 77 57 20
20.777 -1.7806 -0.18329 78 57 30
20.759 -1.7401 -0.12496 85 64 35
20.754 -1.7639 -0.14205 77 57 30
20.78 -1.7564 -0.16676 86 64 23
20.795 -1.7505 -0.23351 81 62 30
20.765 -1.7652 -0.12168 80 59 30
20.785 -1.765 -0.20807 83 64 32
20.788 -1.7342 -0.15053 83 63 29
20.772 -1.7561 -0.18818 80 60 33
21.021 -1.7754 -0.12482 81 59 35
20.899 -1.7571 -0.11558 79 59 34
20.877 -1.7411 -0.21893 78 58 24
20.998 -1.7583 -0.22229 78 59 27
20.965 -1.7565 -0.18076 78 59 29
21.021 -1.7609 -0.16573 79 58 27
20.999 -1.7673 -0.14284 77 58 24
20.959 -1.7562 -0.20015 78 58 31
20.986 -1.7635 -0.16145 78 58 21
20.958 -1.7675 -0.13917 80 58 35
20.927 -1.7556 -0.15878 78 57 26
20.888 -1.7553 -0.13481 84 61 28
20.993 -1.7559 -0.22236 78 59 27
20.916 -1.7565 -0.19733 79 60 30
21.015 -1.7634 -0.20235 78 58 21
20.877 -1.7531 -0.15428 80 60 26
20.961 -1.7606 -0.21879 77 57 23
20.851 -1.7442 -0.1749 85 64 33
20.939 -1.7553 -0.12029 81 61 27
21.036 -1.7714 -0.18393 76 59 31
20.937 -1.7636 -0.17706 81 57 31
21.045 -1.7673 -0.1297 80 61 31
21.066 -1.7697 -0.20449 77 58 26
21.199 -1.7935 -0.15708 78 57 26
21.186 -1.7896 -0.17397 80 59 28
21.204 -1.7859 -0.2107 79 60 30
21.132 -1.7816 -0.18902 79 60 28
21.12 -1.7862 -0.13336 80 60 26
21.102 -1.7801 -0.15037 77 57 30
21.148 -1.7852 -0.15453 81 58 24
21.14 -1.7779 -0.13757 80 60 26
21.166 -1.7892 -0.12079 82 62 28
21.125 -1.7757 -0.17213 79 58 27
21.026 -1.7605 -0.14783 79 60 26
21.117 -1.7769 -0.20655 78 58 33
21.207 -1.7958 -0.14071 81 60 33
21.164 -1.7801 -0.19178 79 60 30
21.094 -1.7787 -0.1683 78 59 27
21.071 -1.7692 -0.18684 77 58 26
21.163 -1.7819 -0.20872 78 57 26
21.194 -1.7861 -0.12497 82 61 30
21.226 -1.7953 -0.19298 81 60 31
21.239 -1.7847 -0.19665 80 60 23
21.223 -1.7864 -0.14502 82 60 21
21.23 -1.7879 -0.12829 81 62 28
21.25 -1.7933 -0.21233 78 60 22
21.398 -1.7914 -0.19085 48 29 0
21.376 -1.8221 -0.15401 71 51 16
21.41 -1.8126 -0.17429 51 26 4
21.399 -1.8175 -0.1442 63 41 0
21.356 -1.7944 -0.15912 61 37 11
21.393 -1.7957 -0.13213 56 32 4
21.389 -1.8043 -0.20578 48 24 10
21.406 -1.8084 -0.16018 53 32 5
21.393 -1.7862 -0.17726 50 28 7
21.395 -1.8056 -0.18983 52 32 0
21.377 -1.7885 -0.14513 51 30 0
21.409 -1.8003 -0.20458 44 24 13
21.401 -1.7872 -0.14756 55 30 0
21.372 -1.7712 -0.16348 50 28 4
21.359 -1.7421 -0.13527 52 27 5
21.398 -1.7828 -0.13664 53 30 0
21.396 -1.7576 -0.19652 49 25 13
21.385 -1.7648 -0.18075 51 28 0
21.407 -1.7745 -0.15012 49 28 0
21.412 -1.7796 -0.16559 53 30 0
21.417 -1.7687 -0.18224 48 25 7
20.488 -1.7405 -0.37156 65 50 27
20.436 -1.7338 -0.29686 52 37 16
20.458 -1.7378 -0.26954 70 52 30
20.32 -1.6933 -0.33094 49 31 11
20.771 -1.7887 -0.2465 73 57 24
20.757 -1.7776 -0.35945 73 53 26
20.814 -1.7986 -0.33042 75 56 22
20.624 -1.7658 -0.34048 71 51 27
20.653 -1.7458 -0.29923 72 56 30
20.797 -1.7844 -0.29106 74 55 25
20.598 -1.7638 -0.24614 74 54 27
20.724 -1.7721 -0.27081 76 57 27
20.54 -1.7487 -0.29494 72 54 32
20.575 -1.75 -0.36842 71 54 24
20.855 -1.8125 -0.30752 71 54 24
20.674 -1.771 -0.24713 74 55 25
20.669 -1.7726 -0.26868 72 55 25
20.554 -1.7583 -0.31659 71 55 19
20.478 -1.7326 -0.34795 69 55 29
20.616 -1.7588 -0.31767 73 53 26
20.658 -1.7721 -0.29216 74 55 25
20.568 -1.7559 -0.27124 72 52 25
20.664 -1.7743 -0.29158 74 55 25
20.69 -1.7727 -0.36061 71 54 28
20.769 -1.7268 -0.30281 82 62 25
20.766 -1.7675 -0.27203 76 57 27
20.85 -1.7534 -0.23369 83 62 35
20.791 -1.7523 -0.25461 81 59 36
20.783 -1.7521 -0.27651 81 62 32
20.762 -1.7272 -0.3253 80 61 29
20.81 -1.7297 -0.3456 81 62 32
20.781 -1.7583 -0.31802 79 60 26
20.773 -1.7584 -0.34083 75 53 29
20.768 -1.749 -0.29807 82 61 34
20.784 -1.7265 -0.25754 83 60 27
20.774 -1.7674 -0.25015 75 57 33
20.779 -1.728 -0.27957 84 63 34
20.798 -1.7468 -0.34315 82 60 36
20.844 -1.7423 -0.3215 83 59 31
20.848 -1.7405 -0.30028 82 62 27
20.762 -1.7573 -0.36281 71 50 29
21.043 -1.7692 -0.2782 78 60 24
20.964 -1.7651 -0.23789 77 57 30
21.028 -1.759 -0.26076 79 58 27
20.897 -1.7453 -0.32185 79 57 34
21.028 -1.7649 -0.2983 77 58 24
20.929 -1.7511 -0.2595 78 58 31
20.981 -1.7529 -0.24176 76 56 31
20.931 -1.7551 -0.27845 79 59 24
20.95 -1.7463 -0.30197 75 55 18
20.93 -1.7431 -0.34338 76 55 26
20.862 -1.7373 -0.23938 78 58 33
21.059 -1.7714 -0.24101 79 59 25
20.92 -1.753 -0.29924 80 57 24
20.951 -1.7503 -0.32084 77 57 32
20.962 -1.7496 -0.28121 74 57 27
20.842 -1.7347 -0.28108 77 57 22
20.98 -1.755 -0.26051 77 58 28
21.014 -1.7607 -0.31903 77 58 28
20.877 -1.7476 -0.25855 80 60 25
20.896 -1.7481 -0.341 78 55 24
21.091 -1.7683 -0.24355 79 58 27
21.169 -1.7879 -0.22482 77 58 26
21.183 -1.7821 -0.26243 76 58 22
21.133 -1.7743 -0.26223 77 58 28
21.063 -1.7706 -0.22244 79 58 31
21.184 -1.7799 -0.24546 78 58 33
21.075 -1.7716 -0.31697 77 55 31
21.189 -1.7801 -0.22833 77 57 22
21.161 -1.7862 -0.24248 79 58 29
21.087 -1.7693 -0.26179 79 57 33
21.102 -1.7714 -0.2252 77 58 24
21.067 -1.7615 -0.28172 78 57 28
21.35 -1.8036 -0.24878 54 33 12
21.251 -1.7986 -0.24413 81 60 31
21.258 -1.8001 -0.22757 80 60 25
21.231 -1.79 -0.26169 76 56 22
21.4 -1.813 -0.21809 53 28 5
21.378 -1.818 -0.23155 60 39 12
21.366 -1.7801 -0.25497 45 25 0
21.415 -1.792 -0.23772 44 26 6
21.392 -1.7818 -0.26783 44 27 1
21.419 -1.8284 -0.24505 56 35 14
21.391 -1.8234 -0.21512 60 39 8
21.397 -1.8134 -0.23306 53 27 4
21.404 -1.7989 -0.22085 48 29 0
21.389 -1.7923 -0.23687 46 24 0
21.406 -1.7881 -0.2535 43 26 0
21.399 -1.7802 -0.22333 46 24 9
21.364 -1.7431 -0.24696 47 22 0
21.407 -1.7604 -0.28887 43 20 2
21.394 -1.7643 -0.25801 46 22 12
21.414 -1.7137 -0.28718 41 23 13
21.395 -1.7155 -0.26794 39 18 13
21.409 -1.7269 -0.28127 43 23 0
21.414 -1.7095 -0.25506 42 25 0
21.393 -1.6973 -0.27159 40 22 0
21.404 -1.7235 -0.28151 43 23 0
21.415 -1.6772 -0.26153 42 24 10
21.402 -1.6339 -0.27042 43 22 1
21.402 -1.5627 -0.26785 43 22 1
21.413 -1.5699 -0.25066 43 22 1
21.446 -1.6147 -0.25831 41 23 3
21.435 -1.6084 -0.27434 41 23 0
20.681 -1.8317 -0.44344 37 24 16
20.563 -1.7908 -0.48162 43 25 11
20.503 -1.7421 -0.49689 64 47 17
20.837 -1.9134 -0.41635 30 16 5
20.491 -1.7331 -0.47431 67 52 31
20.724 -1.7672 -0.38376 72 56 23
20.702 -1.7618 -0.40913 72 53 19
20.748 -1.7693 -0.47484 72 55 27
20.65 -1.7603 -0.38819 71 54 26
20.782 -1.7731 -0.40373 73 53 26
20.56 -1.7392 -0.49571 69 50 20
20.6 -1.7436 -0.41749 71 51 24
20.67 -1.7638 -0.50404 69 52 22
20.806 -1.7907 -0.44353 71 55 20
20.603 -1.7488 -0.44115 71 51 26
20.575 -1.7582 -0.41481 63 51 27
20.583 -1.7573 -0.391 71 51 24
20.671 -1.7567 -0.45895 72 52 25
20.544 -1.7498 -0.44216 68 53 34
20.675 -1.7622 -0.48143 70 53 23
20.617 -1.7583 -0.46286 69 52 24
20.549 -1.7391 -0.52106 69 52 24
20.8 -1.72 -0.45818 78 57 30
20.798 -1.7229 -0.47972 81 60 29
20.797 -1.7412 -0.45605 80 60 26
20.775 -1.7543 -0.45284 74 55 23
20.772 -1.7265 -0.43733 80 61 31
20.779 -1.7452 -0.38781 81 61 27
20.771 -1.7188 -0.39329 80 61 27
20.744 -1.7103 -0.41915 82 62 27
20.793 -1.7254 -0.36833 81 61 36
20.882 -1.7517 -0.4034 81 62 32
20.86 -1.7446 -0.42796 81 60 33
20.77 -1.756 -0.47631 71 51 24
20.788 -1.7531 -0.40758 81 61 27
20.788 -1.7458 -0.36561 81 61 27
20.784 -1.739 -0.4792 80 59 30
20.785 -1.7551 -0.42989 79 60 28
20.857 -1.7361 -0.38825 77 56 29
20.775 -1.7664 -0.38361 71 51 24
20.936 -1.7491 -0.36215 76 55 24
20.921 -1.7453 -0.38428 75 56 26
21.037 -1.761 -0.37743 74 57 27
20.989 -1.7606 -0.39868 76 56 29
21.012 -1.7626 -0.33774 76 57 27
21.015 -1.7528 -0.40002 74 58 25
20.888 -1.7391 -0.45074 75 55 28
20.969 -1.7477 -0.38182 75 56 26
20.945 -1.7452 -0.44519 74 55 25
20.97 -1.7449 -0.36298 75 56 26
20.894 -1.7355 -0.4079 77 57 30
21 -1.7514 -0.44008 73 56 26
20.874 -1.7293 -0.43181 75 55 28
20.981 -1.7599 -0.41897 75 56 22
21.051 -1.7654 -0.35615 76 56 21
21.053 -1.7631 -0.33794 77 58 26
21.061 -1.7623 -0.43426 74 56 18
20.86 -1.7342 -0.36724 76 56 22
20.998 -1.7475 -0.42168 75 57 17
20.858 -1.7284 -0.47556 74 54 29
21.058 -1.7457 -0.34057 75 56 22
21.025 -1.7317 -0.36421 76 56 22
21.195 -1.7728 -0.40765 49 33 20
21.232 -1.7902 -0.38438 52 35 18
21.163 -1.7714 -0.38938 52 28 2
21.248 -1.7813 -0.38428 51 30 3
21.249 -1.7844 -0.40095 51 27 17
21.404 -1.8022 -0.36022 42 21 0
21.39 -1.7917 -0.34524 42 24 0
21.401 -1.7918 -0.29966 40 20 0
21.373 -1.7952 -0.32937 43 19 5
21.406 -1.785 -0.34632 43 21 0
21.394 -1.7894 -0.31479 41 25 0
21.397 -1.7835 -0.37726 37 18 1
21.368 -1.7591 -0.33603 45 23 2
21.4 -1.7956 -0.32993 45 23 8
21.377 -1.7998 -0.34351 42 20 7
21.424 -1.7449 -0.34037 38 20 0
21.397 -1.7628 -0.35319 40 17 0
21.435 -1.7623 -0.2932 43 23 0
21.397 -1.7562 -0.30563 44 22 0
21.4 -1.7502 -0.36829 40 25 2
21.41 -1.7399 -0.37415 38 16 1
21.406 -1.7707 -0.36627 41 21 10
21.402 -1.7432 -0.30925 47 22 2
21.392 -1.7385 -0.32537 42 24 0
21.396 -1.7576 -0.32141 45 23 2
21.412 -1.7819 -0.30212 42 19 1
21.377 -1.7624 -0.32167 42 20 7
21.393 -1.7268 -0.36044 40 22 2
21.394 -1.765 -0.38276 37 18 2
21.408 -1.7285 -0.29498 42 24 0
21.394 -1.6856 -0.30513 45 24 3
21.429 -1.7014 -0.36254 37 21 0
21.417 -1.7242 -0.34331 38 20 0
21.38 -1.7013 -0.36393 39 21 1
21.41 -1.732 -0.31105 44 24 0
21.412 -1.7021 -0.33324 44 23 2
21.392 -1.7214 -0.32973 44 25 11
21.383 -1.6967 -0.31909 45 23 2
21.402 -1.7183 -0.37632 40 19 0
21.41 -1.7043 -0.36453 38 21 1
21.431 -1.721 -0.37457 42 23 6
21.436 -1.6836 -0.32173 42 21 2
21.422 -1.6794 -0.36886 41 18 2
21.437 -1.6863 -0.33654 43 19 5
21.382 -1.6601 -0.31021 37 21 0
21.416 -1.6882 -0.33464 40 22 2
21.409 -1.596 -0.33879 41 19 4
21.434 -1.609 -0.29006 41 23 0
20.449 -1.7125 -0.61453 70 52 12
20.808 -1.7833 -0.53481 71 52 20
20.702 -1.7534 -0.5055 72 53 23
20.823 -1.7865 -0.51002 71 54 26
20.643 -1.7406 -0.58618 71 54 26
20.679 -1.7397 -0.63079 68 51 21
20.522 -1.737 -0.5744 69 52 35
20.79 -1.7794 -0.55945 72 52 25
20.722 -1.754 -0.59739 73 54 24
20.789 -1.768 -0.49405 74 52 28
20.806 -1.7713 -0.60493 71 52 20
20.587 -1.7463 -0.61591 70 53 25
20.695 -1.7583 -0.55144 71 52 20
20.519 -1.723 -0.65633 70 52 28
20.632 -1.7522 -0.53481 72 52 28
20.532 -1.7367 -0.54731 69 53 30
20.554 -1.7416 -0.67078 71 50 23
20.655 -1.7496 -0.6064 70 53 27
20.65 -1.7518 -0.62982 70 53 25
20.618 -1.7548 -0.58487 70 53 27
20.603 -1.7443 -0.5644 69 52 26
20.755 -1.741 -0.57289 78 59 29
20.788 -1.7291 -0.54895 80 59 30
20.778 -1.7401 -0.50179 80 58 34
20.773 -1.7414 -0.5245 79 60 30
20.781 -1.7489 -0.54496 80 60 25
20.893 -1.752 -0.50972 78 58 33
20.778 -1.7086 -0.6003 77 56 25
20.795 -1.7361 -0.56962 80 59 28
20.777 -1.7352 -0.61768 77 56 25
20.778 -1.7171 -0.50642 79 60 28
20.746 -1.7058 -0.53536 79 59 32
20.758 -1.7464 -0.59433 74 55 23
20.836 -1.7214 -0.50098 76 56 19
20.864 -1.7419 -0.53716 79 58 29
20.783 -1.7341 -0.59429 79 59 24
20.893 -1.7402 -0.57819 75 55 21
20.774 -1.7029 -0.57916 80 59 30
21.038 -1.7567 -0.47644 72 55 27
20.977 -1.7429 -0.46515 72 55 27
21.008 -1.7444 -0.50246 75 55 30
20.977 -1.7384 -0.56906 72 53 23
20.937 -1.7447 -0.46623 76 58 22
21.081 -1.7647 -0.51069 75 55 28
21.049 -1.751 -0.53773 71 51 24
20.958 -1.7436 -0.52764 74 54 27
20.906 -1.7432 -0.55467 78 58 24
20.969 -1.7424 -0.48593 74 55 23
20.998 -1.7426 -0.52495 74 54 27
20.934 -1.7467 -0.48681 76 56 21
20.999 -1.746 -0.54389 73 54 22
21.044 -1.7563 -0.45624 77 58 24
20.96 -1.7413 -0.50701 74 55 13
20.93 -1.7331 -0.55501 75 53 29
21.044 -1.7519 -0.55736 72 53 23
20.931 -1.7369 -0.57517 74 52 29
20.909 -1.7379 -0.51285 75 54 9
20.88 -1.7271 -0.5404 73 55 19
21.271 -1.7991 -0.41444 58 30 16
21.417 -1.8189 -0.41516 37 23 0
21.416 -1.7813 -0.39322 36 17 0
21.401 -1.7766 -0.42581 33 14 0
21.403 -1.7753 -0.41078 34 19 0
21.397 -1.788 -0.4096 36 15 0
21.402 -1.7934 -0.42296 37 22 3
21.398 -1.7388 -0.41864 32 15 0
21.408 -1.7475 -0.43342 35 22 4
21.405 -1.739 -0.38887 39 22 2
21.409 -1.758 -0.38441 35 18 0
21.39 -1.748 -0.40167 38 19 5
21.401 -1.762 -0.44662 33 13 2
21.4 -1.7634 -0.46335 29 13 0
21.432 -1.7797 -0.42554 27 15 0
21.382 -1.715 -0.46031 31 14 0
21.412 -1.746 -0.40137 31 12 6
21.4 -1.7566 -0.41578 32 17 0
21.39 -1.7187 -0.44094 35 17 5
21.41 -1.7509 -0.44787 33 15 1
21.404 -1.6939 -0.44591 27 8 1
21.407 -1.713 -0.44117 31 19 3
21.415 -1.7293 -0.38916 37 18 4
21.393 -1.6884 -0.4641 33 15 1
20.515 -1.7303 -0.70548 67 50 22
20.464 -1.7144 -0.74611 68 51 25
20.378 -1.6898 -0.82273 56 36 2
20.688 -1.7555 -0.69768 68 51 23
20.64 -1.7395 -0.73484 71 52 22
20.518 -1.719 -0.78702 69 50 18
20.758 -1.7618 -0.68559 69 52 24
20.419 -1.6833 -0.84433 68 51 21
20.794 -1.7736 -0.6527 69 54 23
20.602 -1.7401 -0.69109 70 50 23
20.579 -1.7393 -0.74473 69 50 18
20.6 -1.7349 -0.66684 70 50 26
20.816 -1.7719 -0.7189 71 52 18
20.823 -1.7788 -0.73764 70 51 21
20.67 -1.7317 -0.75483 69 53 20
20.652 -1.7486 -0.75545 69 48 21
20.694 -1.754 -0.6725 71 54 28
20.636 -1.7462 -0.78379 68 51 21
20.571 -1.7318 -0.72369 67 52 19
20.808 -1.7757 -0.62756 72 53 23
20.736 -1.7563 -0.71357 68 51 8
20.874 -1.727 -0.69496 76 56 19
20.791 -1.7452 -0.63664 79 60 26
20.771 -1.7093 -0.62408 76 57 23
20.757 -1.6982 -0.74794 79 58 29
20.771 -1.74 -0.66368 77 57 32
20.766 -1.746 -0.71026 73 52 21
20.896 -1.749 -0.61879 79 60 26
20.767 -1.6991 -0.72155 77 56 27
20.826 -1.7194 -0.65919 78 56 32
20.786 -1.7313 -0.71002 79 58 27
20.779 -1.7319 -0.73462 78 57 28
20.757 -1.7064 -0.6509 78 57 26
20.83 -1.7138 -0.61517 74 53 22
20.779 -1.7244 -0.69037 77 57 23
20.769 -1.7432 -0.68704 78 57 26
20.839 -1.714 -0.727 74 54 27
20.786 -1.7236 -0.66625 78 58 31
20.792 -1.7073 -0.69043 74 55 25
21.037 -1.7437 -0.66233 71 54 24
21.009 -1.7402 -0.60591 71 54 26
20.991 -1.734 -0.63131 73 51 27
20.96 -1.733 -0.59354 72 55 25
20.944 -1.7321 -0.63833 71 53 17
20.99 -1.7402 -0.67146 72 55 11
21.06 -1.752 -0.63589 72 53 21
20.925 -1.7376 -0.59706 74 55 21
20.887 -1.7226 -0.62772 75 55 30
20.936 -1.7313 -0.66245 73 55 19
20.876 -1.7208 -0.65244 74 54 29
21.036 -1.7506 -0.57867 72 54 16
20.861 -1.717 -0.67832 73 54 22
20.965 -1.7356 -0.59258 72 55 25
20.96 -1.7365 -0.61359 69 53 27
21.07 -1.7543 -0.61298 72 51 20
20.973 -1.7282 -0.65719 72 53 19
20.903 -1.7221 -0.71464 72 52 27
20.914 -1.724 -0.68948 71 55 19
21.011 -1.7089 -0.67441 75 55 28
21.042 -1.7224 -0.64474 74 54 27
21.269 -1.7834 -0.55757 63 49 23
21.246 -1.7729 -0.58135 66 49 39
21.243 -1.7739 -0.5998 39 19 12
21.204 -1.7325 -0.61786 41 23 0
21.39 -1.7618 -0.49642 31 15 0
21.428 -1.8021 -0.48385 29 10 4
21.4 -1.7699 -0.50968 31 12 5
21.422 -1.8032 -0.51553 32 19 0
21.408 -1.792 -0.50447 29 10 3
21.413 -1.7258 -0.5017 27 11 0
21.389 -1.7295 -0.51951 33 13 4
21.412 -1.759 -0.49296 34 13 8
21.396 -1.7508 -0.51502 31 15 0
21.397 -1.7176 -0.52161 29 9 0
21.413 -1.7425 -0.4993 27 14 0
21.434 -1.7026 -0.47332 30 17 0
21.426 -1.7202 -0.51658 28 12 0
21.42 -1.7015 -0.53878 27 10 0
21.386 -1.6734 -0.51683 27 11 0
21.396 -1.6945 -0.49679 29 9 2
21.421 -1.7038 -0.55509 26 11 4
21.408 -1.6213 -0.54401 22 15 0
21.414 -1.6277 -0.55718 24 8 8
20.445 -1.7032 -0.88763 68 49 32
20.356 -1.6726 -0.9452 65 47 33
20.483 -1.7107 -0.9883 66 49 32
20.469 -1.7082 -0.85392 68 51 23
20.752 -1.7554 -0.80662 68 51 23
20.799 -1.7646 -0.86433 67 50 22
20.502 -1.709 -0.92719 67 48 14
20.796 -1.7706 -0.76899 70 50 23
20.432 -1.6852 -0.98038 65 49 24
20.609 -1.7394 -0.81592 64 49 10
20.801 -1.7617 -0.84079 69 51 27
20.611 -1.7327 -0.92 67 49 25
20.547 -1.7183 -0.86003 68 51 23
20.536 -1.7185 -0.88923 66 51 22
20.622 -1.7285 -0.86832 67 49 25
20.566 -1.7091 -0.91389 66 48 26
20.795 -1.755 -0.82103 71 51 24
20.559 -1.7155 -0.96488 65 49 24
20.696 -1.7354 -0.84746 68 53 14
20.659 -1.7398 -0.83078 67 49 27
20.778 -1.7199 -0.80846 78 58 31
20.787 -1.6966 -0.78918 73 54 24
20.876 -1.7278 -0.82902 72 52 27
20.87 -1.7211 -0.81032 74 54 27
20.793 -1.7309 -0.82647 76 57 15
20.791 -1.7181 -0.75906 75 54 25
20.787 -1.7124 -0.88034 77 58 26
20.779 -1.6968 -0.81484 78 59 29
20.761 -1.7358 -0.80905 77 57 30
20.803 -1.7276 -0.77844 77 58 26
20.779 -1.7282 -0.85392 77 56 25
20.771 -1.6968 -0.84098 74 55 25
20.756 -1.7297 -0.78763 78 57 30
20.763 -1.7289 -0.76273 78 57 28
20.757 -1.6944 -0.86875 76 57 25
20.837 -1.7169 -0.75006 72 51 24
20.824 -1.7063 -0.87176 72 52 28
20.755 -1.7216 -0.88691 76 59 33
20.932 -1.725 -0.77383 72 51 22
20.903 -1.7144 -0.80567 72 52 27
20.905 -1.727 -0.73403 73 52 23
20.872 -1.7027 -0.83968 71 53 29
20.965 -1.7313 -0.69964 73 53 28
21.024 -1.7433 -0.70572 71 55 29
20.972 -1.7308 -0.80566 71 56 27
21.009 -1.7391 -0.73131 73 54 22
20.976 -1.7293 -0.7837 72 53 23
20.986 -1.7307 -0.75872 70 50 23
21.008 -1.7273 -0.79916 71 54 24
21.029 -1.7348 -0.77101 72 54 30
20.901 -1.7284 -0.75748 74 59 28
20.951 -1.7276 -0.72524 72 53 21
20.926 -1.7185 -0.75515 69 53 28
21.037 -1.7326 -0.72778 72 53 23
21.032 -1.7333 -0.74924 68 52 19
21.024 -1.7401 -0.68665 71 53 15
20.873 -1.7188 -0.78813 71 55 22
21.226 -1.7625 -0.71793 71 55 29
21.038 -1.7297 -0.70747 69 52 22
21.151 -1.7562 -0.71668 72 52 17
21.127 -1.7464 -0.74475 71 51 26
21.184 -1.755 -0.70876 72 51 20
21.285 -1.8032 -0.62169 45 28 10
21.095 -1.7461 -0.73156 73 53 26
21.08 -1.7443 -0.77606 69 52 24
21.274 -1.7993 -0.64349 50 31 1
21.194 -1.7635 -0.72356 69 54 23
21.09 -1.7465 -0.75197 69 52 26
20.976 -1.6939 -0.70754 71 54 26
21.122 -1.757 -0.7031 70 53 25
21.164 -1.7128 -0.64593 72 52 18
21.245 -1.7676 -0.67474 62 48 11
21.244 -1.7695 -0.69276 70 50 25
21.242 -1.7476 -0.6789 37 14 0
21.205 -1.7287 -0.71099 37 20 3
21.245 -1.7646 -0.6572 70 53 23
21.251 -1.6961 -0.6926 26 12 0
21.379 -1.7734 -0.62927 26 15 0
21.384 -1.7441 -0.65346 28 11 1
21.406 -1.7857 -0.58606 25 13 0
21.417 -1.7803 -0.61769 31 9 0
21.427 -1.8013 -0.59551 29 14 11
21.408 -1.7676 -0.57386 33 16 0
21.385 -1.7818 -0.65864 28 14 5
21.406 -1.7373 -0.61446 19 12 0
21.407 -1.7425 -0.64668 33 16 6
21.383 -1.7065 -0.64402 26 7 0
21.408 -1.7167 -0.58598 28 11 1
21.393 -1.7458 -0.61523 24 11 0
21.385 -1.7424 -0.6359 29 16 0
21.413 -1.7542 -0.57685 33 14 10
21.407 -1.7523 -0.59459 32 15 7
21.416 -1.6969 -0.65471 16 9 1
21.401 -1.7016 -0.63975 28 10 8
21.396 -1.6803 -0.64816 28 10 8
21.436 -1.649 -0.58095 23 13 4
20.649 -1.7278 -0.93667 67 49 29
20.79 -1.7576 -0.98718 66 49 21
20.728 -1.7416 -0.93622 68 49 19
20.658 -1.7446 -1.0072 66 51 22
20.584 -1.7183 -1.0623 62 48 21
20.758 -1.7506 -0.90295 67 51 16
20.567 -1.7236 -0.9853 66 51 12
20.746 -1.7425 -1.0287 65 49 14
20.81 -1.7581 -0.93372 69 52 22
20.614 -1.7173 -0.97614 65 49 26
20.617 -1.7231 -0.99884 68 51 25
20.772 -1.6774 -1.0151 72 52 17
20.769 -1.7203 -0.97994 78 55 24
20.766 -1.7226 -1.0058 75 55 30
20.799 -1.6985 -0.90361 77 57 22
20.781 -1.7137 -0.9061 76 56 31
20.814 -1.7173 -0.96697 76 57 23
20.769 -1.7321 -0.90335 74 56 18
20.806 -1.7175 -0.99332 74 54 19
20.76 -1.7317 -0.93105 76 56 22
20.781 -1.7215 -0.95199 76 57 27
20.791 -1.7222 -0.92415 77 55 32
20.764 -1.6856 -0.94188 74 55 23
20.821 -1.6971 -0.97046 70 53 25
20.848 -1.7061 -0.93638 73 54 24
20.768 -1.6918 -0.96278 76 57 27
20.77 -1.7286 -1.027 74 57 29
21.036 -1.738 -0.89434 69 50 20
20.947 -1.7217 -0.83683 72 52 25
20.989 -1.7283 -0.86715 68 53 24
20.966 -1.72 -0.89891 69 52 24
21.066 -1.7435 -0.82079 69 52 26
20.948 -1.7256 -0.85671 69 49 22
20.917 -1.7138 -0.89198 71 51 26
20.907 -1.7124 -0.91673 71 51 26
20.926 -1.7067 -0.95964 68 52 29
20.938 -1.7093 -0.93251 70 51 21
20.858 -1.7035 -0.88766 71 52 22
21.034 -1.7298 -0.85506 70 53 25
21.029 -1.7309 -0.87687 71 52 20
21.006 -1.7298 -0.81939 73 56 28
20.978 -1.719 -0.85181 70 54 29
20.856 -1.7062 -0.90994 75 56 24
20.902 -1.7177 -0.96215 71 52 18
20.91 -1.7179 -0.93735 70 54 18
20.862 -1.7019 -0.86399 72 52 27
21.228 -1.7593 -0.81113 70 53 10
21.11 -1.743 -0.78952 71 52 18
21.157 -1.7519 -0.79398 72 52 28
21.128 -1.7393 -0.82646 72 53 23
21.189 -1.7504 -0.78662 71 52 20
21.115 -1.7429 -0.76839 72 52 27
21.203 -1.7552 -0.76216 71 52 20
21.129 -1.7429 -0.84478 69 51 29
21.085 -1.7393 -0.85861 69 52 22
21.194 -1.7562 -0.80237 72 50 26
21.182 -1.752 -0.82729 71 52 22
21.23 -1.7631 -0.82886 69 53 27
21.167 -1.7468 -0.85264 68 51 23
21.212 -1.7573 -0.74132 73 53 28
21.051 -1.7249 -0.89367 71 52 12
21.133 -1.7482 -0.86188 70 51 21
21.102 -1.7421 -0.81233 71 55 20
21.102 -1.7454 -0.83131 72 53 23
21.171 -1.7567 -0.77001 72 52 27
21.179 -1.758 -0.74802 73 53 28
21.034 -1.7233 -0.81477 72 54 18
21.161 -1.7009 -0.84646 29 11 0
21.234 -1.7595 -0.791 71 53 13
21.195 -1.7181 -0.81123 32 10 0
21.314 -1.7999 -0.72154 70 51 19
21.269 -1.7771 -0.75714 70 50 25
21.372 -1.7765 -0.67955 28 14 5
21.418 -1.7707 -0.67264 25 12 0
21.41 -1.7853 -0.68665 27 12 7
21.397 -1.78 -0.70651 27 18 0
21.403 -1.7786 -0.67156 27 14 0
21.411 -1.704 -0.74164 29 11 0
21.401 -1.6535 -0.68534 27 10 0
21.398 -1.6485 -0.67252 21 14 0
20.484 -1.6955 -1.212 61 47 10
20.819 -1.7592 -1.0503 64 46 24
20.789 -1.7497 -1.088 66 49 21
20.564 -1.7019 -1.1824 62 47 16
20.652 -1.7137 -1.1474 72 52 18
20.675 -1.7194 -1.111 68 53 14
20.767 -1.7443 -1.1211 67 50 22
20.579 -1.7035 -1.1496 68 49 19
20.64 -1.713 -1.1773 69 50 20
20.666 -1.729 -1.1886 65 50 9
20.781 -1.71 -1.0278 76 56 31
20.793 -1.7038 -1.0988 73 56 28
20.747 -1.7106 -1.1386 71 54 26
20.767 -1.6793 -1.0411 70 55 26
20.79 -1.7182 -1.0474 77 55 14
20.786 -1.6965 -1.0787 74 56 20
20.815 -1.6905 -1.0928 74 53 32
20.769 -1.672 -1.1408 70 52 30
20.759 -1.6795 -1.0681 73 52 23
20.791 -1.7425 -1.0404 62 44 20
20.766 -1.7153 -1.1053 75 55 31
20.79 -1.722 -1.0699 76 57 17
20.797 -1.7096 -1.12 70 53 27
20.855 -1.7059 -1.0513 72 52 27
20.868 -1.7082 -1.0232 72 53 19
21.073 -1.7323 -0.98973 67 48 14
20.934 -1.7148 -0.97639 67 51 26
20.907 -1.7046 -1.0117 70 53 10
21.016 -1.7161 -0.97205 70 52 12
21.007 -1.7153 -0.99651 68 52 16
20.952 -1.7121 -1.0392 66 50 27
20.978 -1.7219 -1.0042 66 49 21
20.944 -1.7079 -1.0441 66 50 27
20.926 -1.7218 -1.0451 69 52 24
21.013 -1.7293 -0.92521 70 50 25
20.874 -1.6997 -1.0935 71 51 24
20.894 -1.7021 -1.0397 71 54 10
20.992 -1.7219 -0.95582 69 47 24
20.977 -1.718 -0.98357 66 48 12
21.013 -1.722 -1.0143 64 48 25
21.043 -1.7273 -0.93826 70 53 0
20.873 -1.7071 -0.998 73 53 28
21.041 -1.7225 -0.91927 68 50 26
21.2 -1.7521 -0.87989 69 49 15
21.192 -1.7501 -0.90335 70 53 27
21.13 -1.7501 -0.882 70 52 28
21.1 -1.7364 -0.91718 70 53 25
21.151 -1.7413 -0.8793 67 50 24
21.122 -1.7345 -0.9514 69 53 20
21.113 -1.7329 -0.97551 68 52 16
21.197 -1.7565 -0.91811 68 53 20
21.224 -1.752 -0.91117 64 48 23
21.104 -1.742 -0.9344 68 51 21
21.229 -1.7519 -0.88979 70 53 23
21.09 -1.7378 -0.96077 71 51 26
21.207 -1.753 -0.85765 69 53 27
21.148 -1.7424 -0.89979 69 49 12
21.118 -1.7292 -0.93369 69 51 27
21.181 -1.7049 -0.91723 34 17 0
21.107 -1.6639 -0.97574 33 16 8
21.257 -1.7653 -0.85826 72 54 18
21.226 -1.7281 -0.87786 32 14 4
21.354 -1.7267 -0.80425 26 12 0
21.374 -1.7474 -0.84237 21 9 0
21.39 -1.7482 -0.76659 28 13 8
21.425 -1.7161 -0.75066 19 10 11
21.4 -1.7191 -0.77497 19 7 0
