3122
0.016988 0.47297 -0.02956 0.88042 7.408 -1.4352 -0.41206
10.009 -0.0057177 -0.71645 72 54 30
10.017 -0.010282 -0.69202 78 56 32
10.076 -0.014159 -0.67741 84 62 25
10.113 -0.011242 -0.7112 76 54 31
10.093 -0.040721 -0.65767 82 57 35
10.043 -0.022236 -0.69907 79 57 33
10.001 -0.028693 -0.665 77 57 33
10.113 -0.020931 -0.68471 81 59 36
10.042 -0.013532 -0.72475 74 53 22
10.17 -0.081981 -0.67684 75 54 35
10.073 -0.094482 -0.68986 76 57 27
10.166 -0.065092 -0.7297 71 56 25
10.076 -0.057495 -0.71065 77 55 32
10.138 -0.034716 -0.69242 77 58 28
10.139 -0.088021 -0.70104 74 54 27
10.11 -0.066352 -0.71863 74 57 29
10.119 -0.053489 -0.66391 75 57 33
10.243 -0.092266 -0.72095 78 57 28
10.292 -0.10653 -0.70313 77 56 37
10.18 -0.094848 -0.70815 75 58 28
10.202 -0.093344 -0.68361 74 58 35
10.256 -0.095234 -0.69485 78 56 35
10.252 -0.11587 -0.72659 75 54 35
10.294 -0.08684 -0.6703 78 58 33
10.343 -0.10237 -0.74068 75 54 25
10.285 -0.11918 -0.67284 78 58 31
10.412 -0.11919 -0.69529 79 57 34
10.354 -0.12612 -0.74559 74 54 30
10.386 -0.12121 -0.71983 79 59 34
10.352 -0.10741 -0.7129 78 56 32
10.371 -0.10866 -0.6851 78 58 34
10.48 -0.13986 -0.73966 75 55 30
10.505 -0.15969 -0.74887 47 29 25
10.484 -0.10813 -0.7354 78 55 37
10.488 -0.11613 -0.70592 77 57 33
10.455 -0.13967 -0.67477 71 55 29
10.55 -0.11975 -0.71702 50 35 4
9.928 -0.029915 -0.83649 75 54 33
9.9556 -0.023755 -0.81613 74 54 20
10.054 -0.04116 -0.78673 79 56 38
10.026 -0.013199 -0.7483 75 54 33
10.104 -0.033441 -0.74045 80 58 37
10.07 -0.030689 -0.87334 77 57 30
10.104 -0.0068167 -0.73682 79 58 37
10.058 -0.0219 -0.75763 77 57 33
10.098 -0.027415 -0.76591 80 59 38
10.009 -0.010747 -0.85438 73 55 31
10.043 -0.02081 -0.78092 73 55 35
9.978 -0.020628 -0.79379 74 50 22
10.012 -0.027648 -0.80374 73 53 28
10.121 -0.086761 -0.80937 73 53 26
10.106 -0.04036 -0.79928 77 55 34
10.104 -0.049289 -0.8577 76 57 23
10.119 -0.043372 -0.7742 75 58 28
10.092 -0.082768 -0.85896 75 55 28
10.181 -0.066435 -0.7901 78 58 33
10.076 -0.037398 -0.84724 77 56 29
10.077 -0.072556 -0.82539 72 52 15
10.163 -0.02986 -0.75248 77 57 33
10.093 -0.091642 -0.83199 75 54 27
10.088 -0.047918 -0.88177 76 55 24
10.107 -0.030611 -0.82501 79 58 5
10.108 -0.066497 -0.80313 75 53 29
10.069 -0.095489 -0.77132 77 57 32
10.218 -0.11296 -0.77611 77 58 26
10.226 -0.099356 -0.89452 77 56 29
10.178 -0.10443 -0.76709 77 58 28
10.239 -0.11247 -0.84078 74 55 23
10.161 -0.10377 -0.79138 75 57 37
10.173 -0.10627 -0.85399 74 53 26
10.172 -0.069921 -0.87683 77 55 31
10.15 -0.090175 -0.84512 75 55 28
10.198 -0.10446 -0.74173 76 55 28
10.219 -0.10319 -0.8051 77 56 37
10.166 -0.0919 -0.8195 76 52 24
10.173 -0.097008 -0.88108 77 56 27
10.28 -0.093361 -0.75817 75 53 32
10.251 -0.096934 -0.87071 77 56 29
10.177 -0.077872 -0.76193 75 54 33
10.331 -0.11762 -0.80037 77 57 33
10.344 -0.10203 -0.83218 73 55 35
10.372 -0.13769 -0.78111 77 56 35
10.372 -0.10851 -0.77663 78 58 33
10.376 -0.10704 -0.86909 75 53 30
10.3 -0.13161 -0.88729 74 53 24
10.267 -0.10879 -0.81659 75 57 33
10.414 -0.10928 -0.81656 77 58 26
10.325 -0.10084 -0.85893 72 53 21
10.332 -0.097473 -0.76769 76 56 32
10.277 -0.1132 -0.8811 76 53 35
10.354 -0.12641 -0.83637 74 56 32
10.441 -0.11705 -0.76234 75 55 31
10.39 -0.12054 -0.90683 74 53 32
10.265 -0.11918 -0.78765 77 56 27
10.601 -0.11104 -0.89003 65 48 28
10.471 -0.13387 -0.76985 73 53 26
10.536 -0.12828 -0.91131 77 57 23
10.423 -0.13608 -0.91609 75 55 31
10.402 -0.14443 -0.81885 79 57 34
10.451 -0.15314 -0.83032 78 58 31
10.462 -0.13864 -0.86311 75 55 31
10.486 -0.14812 -0.8058 78 58 34
10.477 -0.12153 -0.79999 76 56 32
10.605 -0.10814 -0.79076 34 22 8
10.421 -0.14678 -0.88815 73 53 28
10.475 -0.14433 -0.9312 77 57 23
10.53 -0.15074 -0.84665 44 29 10
9.9429 -0.018858 -0.92193 75 53 30
9.9448 -0.0081942 -0.94932 72 51 30
9.9448 -0.034178 -0.95325 75 54 25
9.9543 -0.019278 -0.98216 72 55 35
10.034 -0.011579 -0.97639 72 51 22
10.044 -0.023375 -1.0106 73 53 29
10.035 -0.04012 -0.89438 70 54 28
9.9593 -0.01917 -0.89914 74 53 22
9.9842 -0.021931 -0.93422 75 51 23
10.043 -0.0063192 -0.97863 72 51 22
9.962 -0.041111 -0.98878 72 51 34
9.9948 -0.035163 -0.88293 75 55 28
10.028 -0.034133 -0.92045 74 52 29
10.034 -0.018682 -1.0359 72 51 22
9.9856 -0.03066 -0.90863 74 49 27
9.9575 -0.029642 -0.8724 74 54 30
9.9342 -0.020989 -1.004 73 55 33
9.9962 -0.024904 -0.91001 74 49 27
10.096 -0.061671 -0.91447 79 58 27
10.088 -0.036645 -0.99619 80 60 26
10.095 -0.050913 -1.031 76 56 31
10.086 -0.039645 -0.90829 79 58 37
10.08 -0.08576 -1.0328 76 55 28
10.038 -0.055302 -0.92674 75 54 27
10.108 -0.073359 -0.94833 73 52 31
9.9768 -0.15787 -0.86929 76 56 32
10.07 -0.10173 -0.91462 73 55 33
10.181 -0.027837 -0.90214 76 55 36
10.09 -0.072849 -0.97344 76 59 33
10.067 -0.030269 -0.96039 73 53 28
10.074 -0.071273 -0.9981 76 57 27
10.08 -0.060121 -0.94002 78 55 24
10.099 -0.040572 -0.97192 80 56 28
10.13 -0.089277 -0.95822 74 53 24
10.138 -0.09523 -0.9317 73 53 26
10.133 -0.13457 -0.90595 77 55 34
10.139 -0.11266 -0.96554 74 53 24
10.098 -0.086351 -1.008 75 55 31
10.182 -0.10124 -0.94371 75 54 25
10.232 -0.095965 -0.98782 75 53 30
10.162 -0.09181 -0.99756 77 56 29
10.129 -0.098527 -1.019 71 55 32
10.161 -0.11071 -1.0305 76 55 28
10.164 -0.091646 -0.90862 76 57 27
10.115 -0.095842 -1.0444 75 55 31
10.127 -0.090778 -0.95776 74 53 24
10.226 -0.10848 -0.95766 73 54 22
10.034 -0.12809 -0.96609 74 57 27
10.295 -0.124 -1.0098 75 54 25
10.252 -0.13447 -0.93687 76 55 36
10.271 -0.12518 -1.0364 76 56 32
10.384 -0.11344 -0.93546 77 57 33
10.34 -0.12313 -0.95959 75 53 32
10.244 -0.10892 -1.0245 75 56 24
10.288 -0.10771 -1.0701 73 57 32
10.266 -0.11814 -0.97026 73 52 33
10.295 -0.13405 -0.98014 74 55 23
10.353 -0.11774 -1.0575 76 55 26
10.246 -0.10826 -1.0248 75 56 24
10.21 -0.13486 -0.98771 73 54 24
10.236 -0.12275 -0.9017 76 56 31
10.221 -0.11016 -1.0493 73 52 31
10.359 -0.094884 -0.92847 77 57 33
10.305 -0.12929 -1.0778 75 54 33
10.254 -0.10484 -0.9337 75 55 31
10.358 -0.14529 -1.0629 75 55 31
10.65 -0.091771 -0.99918 69 49 25
10.431 -0.15314 -0.95415 76 55 26
10.399 -0.16737 -1.0461 79 59 25
10.417 -0.12923 -1.0453 76 54 33
10.367 -0.1309 -0.99894 76 56 31
10.457 -0.13207 -0.99094 76 54 31
10.443 -0.13865 -1.0868 75 55 31
10.485 -0.14113 -1.0313 77 57 23
10.48 -0.1541 -1.1002 76 55 34
10.418 -0.13894 -1.015 75 56 26
10.43 -0.12309 -0.94896 75 53 30
10.413 -0.1206 -0.97727 75 54 23
10.484 -0.15139 -1.0004 74 52 31
10.494 -0.17961 -1.1082 22 6 0
10.461 -0.19189 -1.0002 28 15 0
10.543 -0.14648 -0.94775 41 20 1
10.5 -0.1557 -1.0728 79 54 31
10.577 -0.13401 -1.0557 38 31 5
9.8952 -0.014146 -1.0756 74 53 32
9.892 -0.0352 -1.021 73 49 35
9.8494 -0.03712 -1.1489 72 53 13
9.9411 -0.040377 -1.0966 73 52 23
9.9731 -0.032452 -1.0774 71 53 29
9.8857 -0.026144 -1.1312 72 52 28
9.9401 -0.0479 -1.1564 73 49 23
9.9936 -0.028321 -1.1437 72 51 30
9.9532 0.0026822 -1.1241 77 53 27
9.9387 -0.034801 -1.0374 73 52 23
9.9547 -0.023076 -1.128 72 52 28
10.001 -0.027046 -1.0561 70 52 28
9.9362 -0.023655 -1.1507 73 52 35
9.9947 -0.037584 -1.1154 69 51 29
9.9273 -0.021933 -1.088 72 51 30
9.9456 -0.021386 -1.0652 74 52 37
10.083 -0.063007 -1.1831 75 53 32
10.101 -0.037611 -1.0619 76 51 28
10.058 -0.05836 -1.1418 71 50 19
10.145 -0.022814 -1.1368 74 54 20
10.055 -0.024777 -1.0739 74 53 22
10.017 -0.060051 -1.1878 72 51 22
10.048 -0.01835 -1.1011 71 53 29
10.028 -0.056532 -1.1 74 54 30
9.9836 -0.070424 -1.1159 70 54 21
9.9951 -0.054464 -1.1482 72 55 29
10.05 -0.062081 -1.1404 71 50 19
10.041 -0.057043 -1.1659 74 53 26
10.059 -0.085204 -1.1466 74 53 32
10.032 -0.046689 -1.0403 71 56 27
10.031 -0.024947 -1.1886 71 50 31
10.087 -0.072729 -1.0625 79 56 22
10.065 -0.04683 -1.0809 72 52 28
10.126 -0.1083 -1.0816 75 53 30
10.149 -0.10693 -1.0567 76 54 30
10.122 -0.11871 -1.1439 76 57 17
10.167 -0.10656 -1.1266 73 52 25
10.073 -0.10541 -1.155 73 53 28
10.169 -0.10446 -1.2227 74 53 32
10.063 -0.12031 -1.1223 74 53 22
10.083 -0.08245 -1.1237 73 53 16
10.114 -0.11277 -1.1718 75 55 28
10.124 -0.098222 -1.2041 74 53 34
10.06 -0.11345 -1.0608 75 55 18
10.106 -0.080863 -1.1004 75 56 24
10.135 -0.093886 -1.1146 78 55 22
10.178 -0.1111 -1.0979 74 53 32
10.147 -0.058497 -1.2069 73 51 27
10.214 -0.13171 -1.1777 73 52 33
10.206 -0.12559 -1.2069 76 55 34
10.243 -0.12847 -1.1541 74 54 27
10.187 -0.10561 -1.1975 74 56 34
10.31 -0.13706 -1.1454 73 52 31
10.298 -0.12279 -1.1081 74 53 32
10.293 -0.13479 -1.1722 74 55 25
10.228 -0.10627 -1.1459 73 53 26
10.224 -0.12756 -1.0847 74 54 30
10.172 -0.13186 -1.2275 74 52 29
10.298 -0.12247 -1.2048 74 53 36
10.231 -0.095428 -1.0821 76 56 32
10.182 -0.11819 -1.1641 76 52 26
10.298 -0.14243 -1.1431 73 52 31
10.271 -0.12518 -1.1309 72 51 30
10.258 -0.1306 -1.2265 72 52 28
10.399 -0.14844 -1.2111 72 53 23
10.418 -0.12979 -1.2491 72 55 29
10.463 -0.15109 -1.1292 73 55 31
10.376 -0.12741 -1.0983 76 55 34
10.397 -0.13854 -1.1409 72 53 21
10.421 -0.12787 -1.1471 72 53 21
10.268 -0.15606 -1.2342 73 51 28
10.412 -0.15249 -1.1828 74 53 32
10.365 -0.14295 -1.2685 73 52 25
10.422 -0.16921 -1.2226 77 52 32
10.301 -0.15092 -1.2115 72 51 32
10.382 -0.13508 -1.1699 78 54 28
10.346 -0.13059 -1.124 75 53 30
10.463 -0.11998 -1.1244 77 56 25
10.441 -0.15119 -1.2613 72 54 30
10.378 -0.15731 -1.2063 72 53 23
10.439 -0.15129 -1.1554 75 53 32
10.417 -0.15104 -1.2884 74 52 31
10.335 -0.14571 -1.1893 74 51 33
10.508 -0.15466 -1.2842 74 54 29
10.546 -0.13796 -1.1862 77 53 25
10.346 -0.25263 -1.2433 64 48 23
10.513 -0.14136 -1.2122 73 53 29
10.668 -0.097414 -1.1837 74 56 34
10.546 -0.14945 -1.26 77 53 27
10.524 -0.16866 -1.2198 73 52 31
9.852 -0.025921 -1.177 72 52 25
9.8493 -0.023874 -1.2644 71 51 26
9.8359 -0.021824 -1.2879 70 53 25
9.9502 -0.012427 -1.2467 72 55 29
9.9008 -0.037061 -1.3211 67 50 22
9.9426 -0.053674 -1.2173 72 53 23
9.9232 -0.034641 -1.2985 69 51 31
9.9124 -0.027236 -1.1716 70 49 30
9.8799 -0.022666 -1.3073 69 52 24
9.8874 -0.038126 -1.253 72 52 27
9.9403 -0.028041 -1.214 70 52 30
9.9322 -0.046325 -1.3369 71 51 24
9.9386 -0.045843 -1.2462 72 51 30
9.8469 -0.035262 -1.2345 73 52 31
9.9412 -0.03444 -1.2764 72 51 22
9.8957 -0.026832 -1.1951 73 52 25
9.9072 -0.056335 -1.175 70 51 21
9.8826 -0.024468 -1.2189 71 54 26
9.875 -0.035411 -1.2766 71 50 33
9.9811 -0.069347 -1.206 72 53 21
10.032 -0.049875 -1.2859 71 53 29
9.9848 -0.037552 -1.2956 69 48 27
10.12 -0.033394 -1.2244 73 49 23
10.041 -0.062736 -1.3236 73 52 23
10.007 -0.052904 -1.3084 70 48 24
10.026 -0.060843 -1.3492 70 51 21
9.9871 -0.056342 -1.2367 71 53 29
10.026 -0.062981 -1.2553 73 53 29
9.9844 -0.040518 -1.2028 71 52 9
9.9753 -0.059868 -1.3279 69 52 22
10.104 -0.04007 -1.3155 69 52 26
10.037 -0.057146 -1.2581 73 53 29
9.9585 -0.041995 -1.3156 70 48 33
9.9995 -0.039568 -1.271 71 53 31
10.105 -0.03106 -1.2506 70 52 16
10.144 -0.095517 -1.3763 74 52 29
10.005 -0.15605 -1.2609 75 54 33
10.052 -0.12444 -1.2118 73 53 16
10.075 -0.083055 -1.3099 75 54 33
10.094 -0.10198 -1.3219 73 53 26
10.109 -0.055388 -1.3533 73 52 25
10.121 -0.11813 -1.2385 75 52 18
10.057 -0.08415 -1.2392 74 53 22
10.145 -0.10553 -1.3431 75 53 32
10.114 -0.11201 -1.266 73 53 26
10.087 -0.085602 -1.381 73 50 32
10.089 -0.086318 -1.2837 78 56 32
10.129 -0.037103 -1.2928 74 54 30
10.062 -0.091922 -1.2099 73 53 26
10.077 -0.10069 -1.3461 73 51 27
10.055 -0.073468 -1.3651 73 52 21
10.144 -0.068235 -1.2713 75 53 29
10.253 -0.13274 -1.3264 73 53 26
10.259 -0.11991 -1.3591 75 55 30
10.205 -0.13545 -1.2737 72 51 32
10.236 -0.14008 -1.4243 73 53 28
10.232 -0.13286 -1.2507 70 52 30
10.171 -0.14163 -1.295 76 54 30
10.18 -0.11731 -1.3608 72 52 25
10.15 -0.12287 -1.2832 74 53 34
10.308 -0.11762 -1.3106 71 50 23
10.2 -0.11808 -1.3361 73 57 24
10.201 -0.12684 -1.4053 72 51 32
10.189 -0.1141 -1.2643 71 51 24
10.122 -0.12657 -1.304 75 54 33
10.144 -0.12448 -1.3804 70 52 32
10.174 -0.14969 -1.3635 69 49 22
10.33 -0.14868 -1.3947 75 55 31
10.315 -0.13458 -1.3508 75 56 26
10.339 -0.17532 -1.403 70 52 32
10.337 -0.1353 -1.4308 75 50 27
10.369 -0.17262 -1.3788 72 54 32
10.394 -0.1413 -1.4562 71 53 31
10.377 -0.1379 -1.3768 74 53 32
10.265 -0.13707 -1.4002 73 51 28
10.369 -0.16198 -1.3064 71 52 22
10.352 -0.13858 -1.2959 74 52 13
10.323 -0.14117 -1.32 75 53 16
10.411 -0.13353 -1.3528 72 52 25
10.318 -0.13329 -1.4577 72 52 27
10.29 -0.13613 -1.2715 73 53 26
10.218 -0.16869 -1.3519 73 52 35
10.539 -0.15499 -1.4812 74 53 26
10.462 -0.16352 -1.3059 74 53 32
10.442 -0.15278 -1.4769 75 50 27
10.533 -0.16804 -1.4434 74 56 32
10.551 -0.15914 -1.3358 73 54 37
10.497 -0.1384 -1.3519 73 52 21
10.54 -0.15334 -1.3694 71 50 23
10.433 -0.16674 -1.4386 73 52 35
10.419 -0.16143 -1.3611 73 53 26
10.542 -0.14164 -1.4059 73 54 24
10.47 -0.16155 -1.4167 75 54 27
10.509 -0.15724 -1.506 70 52 28
9.8098 -0.023334 -1.3968 66 48 24
9.7969 -0.021399 -1.4182 69 51 15
9.838 -0.043135 -1.3833 68 50 14
9.9385 -0.032902 -1.3684 70 53 25
9.8917 -0.048951 -1.3806 69 51 29
9.8712 -0.057462 -1.4652 68 50 26
9.8693 -0.018492 -1.334 70 50 25
9.856 -0.039204 -1.4545 65 48 28
9.912 -0.027629 -1.4173 67 50 32
9.8467 -0.02159 -1.3543 68 50 26
9.8457 -0.02886 -1.4146 69 49 25
9.8734 -0.039129 -1.4333 66 51 12
9.9049 -0.014796 -1.3802 69 47 24
9.8233 -0.031639 -1.4359 66 50 24
9.8872 -0.034876 -1.3444 73 52 31
9.8324 -0.019886 -1.3783 70 49 28
9.792 -0.039837 -1.4524 71 51 26
9.9934 -0.040427 -1.3619 70 52 30
10.033 -0.054444 -1.4498 67 49 13
9.956 -0.067709 -1.4155 68 51 23
10.053 -0.054144 -1.4259 68 51 23
9.9603 -0.048159 -1.381 70 52 28
9.9753 -0.047205 -1.4535 67 46 29
10.008 -0.057737 -1.4705 67 50 24
10.023 -0.042192 -1.4093 69 52 24
9.9901 -0.057144 -1.4941 71 49 25
9.9351 -0.031788 -1.4615 70 50 26
9.9318 -0.061003 -1.4651 66 49 23
9.9381 -0.047154 -1.5 67 48 31
9.9196 -0.050618 -1.4244 65 50 11
9.925 -0.057592 -1.3968 71 51 24
9.9907 -0.069299 -1.3666 72 53 23
10.059 -0.058989 -1.4977 67 50 24
10.062 -0.13494 -1.4454 68 49 19
10.051 -0.13152 -1.3739 71 51 27
10.062 -0.088079 -1.4031 66 48 26
10.141 -0.037459 -1.465 66 50 24
10.056 -0.050233 -1.5287 34 22 6
10.096 -0.068473 -1.5185 65 47 9
10.076 -0.089099 -1.4765 65 47 23
10.059 -0.069311 -1.4644 69 49 22
10.079 -0.097901 -1.4457 72 51 30
10.067 -0.05724 -1.4003 71 52 22
10.055 -0.12843 -1.4735 68 53 24
10.163 -0.064653 -1.5488 27 22 0
10.121 -0.086923 -1.4297 72 52 28
10.15 -0.1408 -1.4196 71 51 26
10.173 -0.14937 -1.4657 72 51 30
10.119 -0.13595 -1.472 73 53 28
10.14 -0.13545 -1.4486 70 53 27
10.293 -0.041095 -1.5759 67 49 29
10.11 -0.12143 -1.4313 70 52 28
10.128 -0.12225 -1.4064 73 53 26
10.199 -0.12698 -1.511 73 52 33
10.215 -0.13986 -1.4478 72 49 33
10.366 -0.14346 -1.4791 75 54 27
10.269 -0.13483 -1.5092 71 53 29
10.201 -0.17592 -1.4499 72 53 19
10.404 -0.15831 -1.4997 71 51 24
9.7718 -0.03169 -1.5023 36 21 2
9.7778 -0.090702 -1.4828 24 16 3
9.7787 -0.037688 -1.4758 68 50 26
9.8297 -0.044341 -1.4727 67 49 25
9.9017 -0.029914 -1.5098 58 40 26
9.8127 -0.043752 -1.4971 59 42 25
9.8837 -0.06753 -1.5049 16 8 5
10.042 -1.1549 -1.6478 52 36 13
9.9713 -1.2215 -1.6227 50 34 17
10.104 -1.2157 -1.6556 46 30 13
10.145 -1.175 -1.6998 48 34 23
10.096 -1.1859 -1.6491 49 30 16
10.146 -1.3747 -1.6681 44 28 15
10.038 -1.3723 -1.6479 42 25 15
10.105 -1.4066 -1.6508 46 29 11
10.107 -1.5351 -1.6369 50 28 13
10.116 -1.5665 -1.6505 48 31 21
10.209 -1.5752 -1.6541 51 35 20
10.069 -1.6031 -1.5646 51 37 24
9.8693 -1.7589 -1.5066 72 51 30
10.289 -1.7838 -1.6523 60 48 22
9.9292 -1.7667 -1.5344 70 49 28
10.128 -1.8232 -1.6307 58 40 18
10.155 -1.7922 -1.6716 52 36 11
9.9349 -1.7738 -1.4755 81 49 1
10.142 -1.9215 -1.621 57 42 11
10.013 -1.8959 -1.5948 49 27 16
10.204 -1.9667 -1.619 54 39 18
10.06 -1.9366 -1.586 53 40 24
10.079 -1.9135 -1.5612 56 41 20
9.5964 -1.8792 -1.3281 44 28 11
10.229 -2.0392 -1.5666 44 27 9
10.063 -1.97 -1.5613 53 39 10
10.089 -2.0029 -1.6117 51 38 19
10.195 -2.0586 -1.6284 45 33 17
10.056 -1.9661 -1.5919 53 40 22
9.9734 -2.0072 -1.5615 52 39 23
9.9972 -2.0125 -1.5729 52 39 23
10.132 -1.9835 -1.5906 53 39 10
10.131 -2.0751 -1.6057 46 35 13
10.11 -2.0678 -1.6293 48 30 10
10.157 -2.2062 -1.6056 43 31 15
10.38 -2.2355 -1.7001 45 36 5
9.9059 -2.1347 -1.5251 43 32 13
10.411 -2.2784 -1.679 44 28 5
10.327 -2.2878 -1.6505 47 38 19
10.184 -2.309 -1.5638 47 30 12
9.9248 -2.2291 -1.4237 44 27 7
9.9493 -2.2069 -1.4954 46 34 18
10.029 -2.2288 -1.5583 49 34 15
10.025 -2.1987 -1.5521 43 36 8
10.071 -2.3005 -1.5828 51 40 12
10.577 -2.5019 -1.7412 42 31 1
10.79 -2.5339 -1.8648 47 35 19
9.8442 -0.25662 -1.6841 23 22 4
9.7386 -0.28252 -1.6202 21 19 0
9.8793 -0.20246 -1.7272 21 17 6
9.7214 -0.34193 -1.7221 22 16 0
9.8488 -0.24486 -1.7189 21 17 5
10.01 -0.12629 -1.833 21 15 19
9.6995 -0.32674 -1.7015 31 6 0
9.7826 -0.2954 -1.7168 30 14 0
9.8554 -0.23299 -1.7491 30 9 4
9.8363 -0.27843 -1.7169 31 13 3
9.8141 -0.29873 -1.6701 22 19 12
9.6117 -0.3864 -1.6846 39 13 16
9.7037 -0.88092 -1.6788 38 29 0
9.7243 -0.84925 -1.6837 38 27 5
9.688 -0.85226 -1.6921 46 36 11
9.7217 -0.93005 -1.7004 41 24 4
9.7994 -0.92581 -1.6814 44 30 21
9.6816 -0.91254 -1.6735 42 23 6
9.767 -0.89937 -1.6865 49 35 26
9.895 -0.8764 -1.7297 43 36 18
9.6718 -1.0262 -1.6574 43 36 8
9.629 -1.0601 -1.6355 45 32 13
9.7784 -0.98514 -1.682 40 34 8
9.6808 -1.1365 -1.6562 44 31 22
9.7475 -1.0669 -1.7085 46 34 22
9.8836 -1.1554 -1.6661 50 31 24
9.7925 -1.1604 -1.653 49 28 7
9.6733 -1.164 -1.6561 41 31 21
9.7085 -1.1649 -1.6411 47 35 23
9.938 -1.1548 -1.6626 55 33 20
9.7384 -1.1832 -1.6956 45 34 15
9.7754 -1.1845 -1.6818 47 35 21
9.9481 -1.1594 -1.6392 50 33 16
9.8949 -1.1252 -1.6687 51 30 11
9.6973 -1.1396 -1.6322 43 33 21
10.023 -1.1149 -1.7048 55 30 25
9.7358 -1.2265 -1.6057 46 27 11
9.9788 -1.2152 -1.6585 46 29 19
9.9415 -1.2478 -1.6513 44 27 9
9.9438 -1.1834 -1.6712 49 31 21
10.003 -1.1832 -1.6659 45 29 16
9.9366 -1.2427 -1.6808 45 25 18
9.7251 -1.3579 -1.6486 42 30 16
9.9377 -1.3409 -1.63 46 28 18
9.9208 -1.3074 -1.6485 40 27 8
9.8148 -1.3411 -1.5972 41 27 18
9.9573 -1.3941 -1.6814 43 26 9
9.7169 -1.4126 -1.6607 66 54 28
9.9337 -1.4288 -1.6455 42 25 17
9.9731 -1.4036 -1.6251 41 27 14
9.8983 -1.3665 -1.6502 41 24 7
9.7816 -1.4394 -1.6966 63 51 27
9.9373 -1.3995 -1.6428 46 24 11
9.9584 -1.3941 -1.6818 43 26 9
9.8408 -1.3917 -1.6527 45 27 15
9.9 -1.4865 -1.6326 45 27 7
9.7374 -1.5067 -1.5895 47 29 15
10.032 -1.4329 -1.6563 44 29 10
9.894 -1.4576 -1.6275 45 26 9
10.116 -1.4638 -1.6994 41 28 9
9.8579 -1.4815 -1.6479 47 27 18
9.9968 -1.5183 -1.6899 44 30 19
9.8516 -1.5423 -1.6208 50 32 18
9.9474 -1.5507 -1.6399 49 30 14
10.037 -1.5588 -1.6498 45 27 13
9.9281 -1.5205 -1.6201 46 27 10
9.9771 -1.7298 -1.682 50 33 15
9.8873 -1.7483 -1.641 97 76 55
9.7049 -1.7468 -1.6184 91 68 35
9.9509 -1.792 -1.6126 67 52 23
9.9416 -1.8203 -1.6187 57 39 15
9.9825 -1.7996 -1.5959 52 32 21
10.027 -1.8356 -1.6216 49 31 21
9.8723 -1.7748 -1.6362 58 40 20
10.016 -1.8041 -1.6108 52 32 21
9.8805 -1.8337 -1.6573 38 24 13
9.8634 -1.802 -1.6386 49 34 15
9.7079 -1.7738 -1.6236 66 46 12
9.8771 -1.7787 -1.6077 54 37 19
9.813 -1.7918 -1.6457 57 38 22
9.97 -1.8561 -1.5984 46 31 2
9.934 -1.9342 -1.631 47 27 3
9.906 -1.872 -1.6099 45 27 7
9.9979 -1.8901 -1.616 45 28 10
9.7796 -1.8445 -1.6063 40 29 9
9.8396 -1.8827 -1.6418 42 24 12
9.9056 -1.9002 -1.6127 47 25 12
9.9422 -1.9093 -1.5952 44 25 11
9.8498 -1.8872 -1.6156 44 24 13
10.064 -1.9348 -1.6221 46 29 11
9.7815 -1.9028 -1.5917 45 26 12
10.042 -1.8924 -1.7089 44 25 18
9.8613 -1.9757 -1.601 36 22 13
9.7407 -1.972 -1.6075 40 22 18
9.8449 -1.97 -1.6258 34 22 10
9.688 -1.9341 -1.5782 39 23 6
9.8345 -1.9957 -1.6274 38 22 7
9.804 -2.0712 -1.6267 32 24 11
9.9985 -2.0712 -1.5834 48 23 18
9.8754 -2.0938 -1.6015 34 21 5
9.7459 -2.0288 -1.589 33 19 6
9.9036 -2.0402 -1.6683 37 22 19
9.9476 -2.0857 -1.5981 36 15 0
9.7591 -2.0305 -1.6288 38 23 0
9.8374 -2.0782 -1.6758 31 19 7
10.049 -2.2036 -1.5929 41 29 5
9.8009 -2.1268 -1.6044 36 21 18
9.784 -2.1229 -1.5617 38 25 9
10.075 -2.178 -1.6662 34 23 4
9.9754 -2.1814 -1.5945 38 23 16
9.8038 -2.1005 -1.602 38 22 7
9.9571 -2.1167 -1.6062 38 23 4
9.7449 -2.0825 -1.6018 36 19 9
9.9518 -2.1421 -1.6389 38 22 7
10.048 -2.1703 -1.6522 41 24 7
9.7112 -2.0995 -1.5879 36 21 0
9.9551 -2.174 -1.6171 39 23 10
9.7569 -2.1405 -1.5841 41 22 18
9.7287 -2.1314 -1.6037 32 23 6
10.033 -2.229 -1.5944 35 21 12
9.7294 -2.1846 -1.6122 37 18 1
10.076 -2.2403 -1.6463 36 23 4
9.6983 -2.1492 -1.5952 38 19 2
10.054 -2.2647 -1.608 39 23 6
9.9818 -2.3284 -1.6244 31 18 10
9.7248 -2.2643 -1.5973 39 23 0
9.6532 -2.2387 -1.5277 40 23 13
9.8388 -2.3053 -1.5893 41 21 22
9.8791 -2.291 -1.6 42 26 13
9.7995 -2.2916 -1.5365 37 24 16
9.6939 -2.2266 -1.5741 35 24 2
9.8688 -2.316 -1.6043 41 21 22
9.7911 -2.3151 -1.5695 40 24 9
9.7381 -2.3741 -1.585 56 38 18
9.8779 -2.3744 -1.6494 37 22 1
9.7377 -2.4009 -1.5917 34 23 3
9.4529 -0.36749 -1.6632 36 18 8
9.5361 -0.31442 -1.7457 36 18 8
9.4512 -0.39924 -1.7271 36 18 4
9.427 -0.36417 -1.7038 41 18 10
9.4929 -0.35304 -1.752 44 10 21
9.3962 -0.41903 -1.7203 26 18 5
9.3339 -0.40571 -1.6716 35 17 5
9.4874 -0.36482 -1.7178 35 14 19
9.2544 -0.54307 -1.6083 40 14 17
9.4621 -0.46535 -1.7502 35 15 14
9.3004 -0.52025 -1.6402 40 14 17
9.5046 -0.40551 -1.7343 37 22 15
9.4171 -0.43991 -1.7108 35 12 20
9.5861 -0.39011 -1.7 39 21 11
9.5598 -0.37014 -1.7063 29 13 13
9.5315 -0.48186 -1.71 39 17 2
9.669 -0.38531 -1.72 41 16 20
9.5161 -0.4803 -1.7331 41 16 19
9.5345 -0.48912 -1.6798 44 24 15
9.5915 -0.41261 -1.7077 37 19 15
9.4411 -0.48365 -1.7062 36 20 5
9.4297 -0.53616 -1.7085 28 19 12
9.7884 -0.34655 -1.8325 43 19 15
9.4979 -0.4729 -1.6851 36 17 1
9.3777 -0.57475 -1.6182 45 14 6
9.3822 -0.56522 -1.6489 40 18 3
9.492 -0.4671 -1.7134 38 16 1
9.4154 -0.5112 -1.7239 25 15 16
9.4718 -0.48451 -1.7641 25 15 16
9.4503 -0.50303 -1.7173 39 24 3
9.6128 -0.52157 -1.7753 34 23 1
9.4582 -0.60312 -1.7102 39 21 17
9.5763 -0.52763 -1.6877 43 19 15
9.426 -0.56116 -1.7121 34 15 17
9.4396 -0.55525 -1.7207 34 15 17
9.4185 -0.59585 -1.681 36 17 13
9.4304 -0.58314 -1.7182 40 22 18
9.4723 -0.54866 -1.7128 29 20 11
9.5397 -0.51019 -1.6946 40 19 14
9.5331 -0.53794 -1.6927 37 18 11
9.5424 -0.52622 -1.7271 28 23 4
9.5589 -0.55187 -1.7126 37 20 3
9.3838 -0.62661 -1.6899 38 25 19
9.5623 -0.56791 -1.7477 31 20 1
9.6264 -0.48077 -1.7136 41 21 12
9.5112 -0.59599 -1.6884 40 23 15
9.4193 -0.6958 -1.6783 40 26 13
9.4134 -0.64456 -1.6886 42 25 17
9.4688 -0.64634 -1.7307 43 19 15
9.3739 -0.65353 -1.6894 39 17 27
9.4074 -0.69387 -1.6933 46 27 13
9.4731 -0.65178 -1.7058 42 28 19
9.4609 -0.705 -1.7029 51 33 9
9.6653 -0.61238 -1.798 41 30 8
9.3974 -0.72099 -1.6915 46 29 19
9.3612 -0.78667 -1.6491 57 39 17
9.4035 -0.74226 -1.6999 53 38 17
9.5981 -0.76779 -1.6519 78 61 33
9.4677 -0.81219 -1.6702 64 47 21
9.4812 -0.80801 -1.6788 64 47 21
9.5436 -0.77049 -1.6854 74 53 34
9.4974 -0.75415 -1.6802 97 74 43
9.3227 -0.86746 -1.6366 56 34 19
9.4184 -0.79088 -1.6916 38 26 12
9.4957 -0.77265 -1.7104 53 34 17
9.4512 -0.80459 -1.7147 56 34 23
9.463 -0.75897 -1.6864 53 36 19
9.5681 -0.75601 -1.7282 65 45 21
9.543 -0.79568 -1.6878 62 45 25
9.52 -0.78983 -1.7288 51 31 6
9.5265 -0.82537 -1.6832 60 41 24
9.6263 -0.77721 -1.7082 51 33 9
9.6596 -0.77445 -1.6939 59 40 24
9.4656 -0.86108 -1.6781 55 33 9
9.6412 -0.77274 -1.7166 50 32 8
9.2954 -0.92657 -1.4933 53 35 25
9.454 -0.85875 -1.6944 48 24 12
9.529 -0.81834 -1.7114 55 34 17
9.5006 -0.88189 -1.6776 51 30 0
9.5349 -0.84808 -1.6897 54 34 23
9.4811 -0.82624 -1.7092 48 31 13
9.442 -0.93989 -1.675 49 30 14
9.4553 -0.96056 -1.691 47 27 20
9.6397 -0.89039 -1.6719 43 29 3
9.4258 -0.92582 -1.6345 50 28 5
9.5011 -0.93114 -1.6843 49 24 1
9.644 -0.91543 -1.6781 41 24 6
9.4924 -0.95807 -1.6814 43 26 6
9.4702 -0.95702 -1.7008 45 25 18
9.4204 -0.93906 -1.694 36 27 10
9.6614 -0.96971 -1.6705 40 26 0
9.4141 -1.0179 -1.6739 46 26 17
9.4842 -0.9841 -1.6866 42 26 0
9.4558 -1.039 -1.6756 43 26 6
9.5582 -0.96047 -1.6372 43 24 7
9.447 -1.0352 -1.6993 45 27 15
9.4804 -1.0151 -1.6602 42 25 7
9.4752 -0.98033 -1.7094 44 28 5
9.4696 -1.0119 -1.6795 44 27 9
9.4895 -1.0874 -1.675 41 24 7
9.5013 -1.0411 -1.6497 34 21 15
9.5471 -1.0576 -1.6781 36 23 14
9.5018 -1.0603 -1.6801 43 26 18
9.429 -1.1165 -1.674 42 25 0
9.5245 -1.087 -1.6659 40 28 12
9.6367 -1.0272 -1.6633 40 23 15
9.5714 -1.0644 -1.6355 42 25 7
9.5877 -1.0304 -1.668 42 27 6
9.4571 -1.0632 -1.6801 44 27 17
9.4848 -1.0388 -1.6668 40 24 7
9.4967 -1.1606 -1.6954 43 22 3
9.6063 -1.1099 -1.6647 46 26 17
9.4364 -1.1446 -1.6556 46 25 8
9.5068 -1.1394 -1.6697 45 24 5
9.3386 -1.1543 -1.6179 44 24 17
9.6064 -1.1305 -1.6968 38 24 13
9.631 -1.0802 -1.671 41 26 5
9.5103 -1.1087 -1.6937 45 26 9
9.5163 -1.1131 -1.6696 42 27 6
9.7154 -1.1264 -1.6955 53 39 26
9.4163 -1.1666 -1.6746 35 21 12
9.5502 -1.1132 -1.6588 41 22 15
9.6163 -1.1344 -1.6748 42 24 12
9.5457 -1.1644 -1.6662 42 25 18
9.4317 -1.2421 -1.668 39 23 6
9.6071 -1.1927 -1.6506 43 27 2
9.604 -1.1931 -1.649 43 27 2
9.5876 -1.1899 -1.6689 41 25 10
9.5875 -1.1641 -1.6626 38 23 16
9.4676 -1.1941 -1.6539 36 27 12
9.6286 -1.2165 -1.6668 42 26 11
9.4404 -1.2459 -1.6468 39 24 3
9.482 -1.2171 -1.6663 37 25 9
9.589 -1.1897 -1.6682 41 25 10
9.4405 -1.2168 -1.6708 41 26 7
9.4373 -1.2172 -1.6691 41 26 7
9.6356 -1.1633 -1.6619 47 30 2
9.7472 -1.1323 -1.8192 33 24 9
9.4076 -1.1917 -1.673 43 24 8
9.4338 -1.1935 -1.6585 35 27 6
9.5936 -1.2928 -1.6872 41 22 15
9.4828 -1.296 -1.6546 35 23 0
9.4435 -1.2699 -1.6521 34 21 3
9.3897 -1.2939 -1.6489 36 22 13
9.5214 -1.3069 -1.5916 43 31 17
9.4388 -1.2749 -1.6241 34 23 4
9.4288 -1.2666 -1.6708 35 22 3
9.4818 -1.3163 -1.6842 39 22 14
9.5711 -1.2479 -1.6405 44 24 17
9.4409 -1.2945 -1.6536 36 22 13
9.5492 -1.2704 -1.6589 38 25 6
9.384 -1.2943 -1.6468 36 22 13
9.4307 -1.3238 -1.6263 35 26 9
9.5068 -1.3282 -1.6141 35 22 6
9.4028 -1.3451 -1.6418 39 23 6
9.4987 -1.3783 -1.6187 45 27 5
9.566 -1.3341 -1.5936 59 44 15
9.5039 -1.3445 -1.6741 35 24 4
9.6023 -1.3794 -1.6477 45 30 9
9.642 -1.3519 -1.6675 39 31 8
9.5726 -1.3503 -1.6582 44 26 12
9.5047 -1.3489 -1.6469 46 25 6
9.651 -1.3644 -1.7686 39 23 0
9.4151 -1.3686 -1.6529 40 21 5
9.6646 -1.3556 -1.6496 54 40 13
9.5548 -1.321 -1.6687 48 30 8
9.5948 -1.3281 -1.6388 36 28 15
9.5723 -1.4274 -1.6666 45 22 14
9.4062 -1.4688 -1.6368 43 23 12
9.5833 -1.4058 -1.6427 47 30 20
9.6156 -1.4357 -1.6393 45 33 11
9.5869 -1.4315 -1.6477 43 29 16
9.572 -1.4573 -1.6472 43 26 18
9.4504 -1.4448 -1.6582 51 27 13
9.5491 -1.4021 -1.6515 43 23 14
9.3721 -1.4174 -1.6333 39 29 20
9.4443 -1.4204 -1.6497 39 20 3
9.3684 -1.4919 -1.6184 48 30 16
9.637 -1.4619 -1.6543 44 32 20
9.411 -1.4728 -1.6148 44 26 4
9.4526 -1.5185 -1.6733 42 26 11
9.4491 -1.5742 -1.623 51 32 18
9.4046 -1.5682 -1.6259 45 29 16
9.5077 -1.5815 -1.631 48 32 17
9.4694 -1.6001 -1.6397 53 35 13
9.5149 -1.6072 -1.6418 51 34 16
9.3752 -1.5897 -1.6101 51 32 18
9.4979 -1.6551 -1.6332 55 37 15
9.5338 -1.662 -1.629 110 83 62
9.4713 -1.6313 -1.5902 97 77 43
9.3972 -1.6184 -1.6017 57 40 23
9.525 -1.6329 -1.6491 55 36 19
9.4067 -1.616 -1.6334 55 38 28
9.456 -1.6447 -1.6668 55 38 21
9.5159 -1.6852 -1.6241 108 83 60
9.5302 -1.6869 -1.6331 108 83 60
9.409 -1.7149 -1.6257 56 40 23
9.3896 -1.7361 -1.6192 51 34 17
9.4198 -1.7906 -1.6158 51 34 16
9.4402 -1.7697 -1.6199 68 51 33
9.4414 -1.8183 -1.6317 45 24 21
9.4228 -1.8386 -1.6227 43 26 19
9.5095 -1.8877 -1.5996 47 36 17
9.5886 -1.8508 -1.6643 45 28 10
9.4402 -1.8685 -1.6128 42 25 5
9.4796 -1.8524 -1.6324 43 27 2
9.4891 -1.8809 -1.6137 41 25 8
9.412 -1.8603 -1.6208 40 23 15
9.5285 -1.8642 -1.6316 41 31 6
9.4365 -1.8938 -1.5876 40 27 11
9.5088 -1.9366 -1.6072 48 35 19
9.5656 -1.9203 -1.6921 42 23 17
9.4351 -1.9391 -1.6214 42 23 16
9.4225 -1.9182 -1.531 39 27 13
9.5641 -1.953 -1.577 46 35 16
9.4875 -1.9298 -1.6231 40 22 8
9.4206 -1.8902 -1.5781 40 27 11
9.471 -1.9259 -1.6134 40 22 8
9.4392 -1.9163 -1.6208 41 26 7
9.5006 -1.9106 -1.6002 43 31 19
9.6385 -1.9966 -1.6233 41 29 15
9.5804 -2.0078 -1.5994 45 36 17
9.6301 -1.9925 -1.647 35 27 14
9.4547 -1.9681 -1.6376 39 21 17
9.6464 -2.0512 -1.6413 30 23 13
9.7406 -2.0795 -1.6284 35 18 8
9.4769 -2.098 -1.6149 40 24 11
9.4917 -2.054 -1.6155 33 24 15
9.6533 -2.1057 -1.6196 40 32 29
9.5727 -2.0576 -1.5758 39 30 13
9.6439 -2.1019 -1.6466 45 33 21
9.4552 -2.0221 -1.5341 28 26 4
9.4486 -2.0401 -1.6189 41 18 12
9.4503 -2.0656 -1.5945 39 27 3
9.4211 -2.0557 -1.6063 39 19 18
9.4428 -2.1588 -1.6088 37 20 10
9.7046 -2.2024 -1.6008 33 18 0
9.4485 -2.1135 -1.6059 40 21 17
9.439 -2.1338 -1.6028 42 18 16
9.6868 -2.1697 -1.6191 36 19 1
9.7203 -2.2606 -1.619 38 20 10
9.6173 -2.1992 -1.5621 34 22 0
9.473 -2.1968 -1.493 36 19 9
9.4713 -2.2176 -1.6052 39 27 3
9.4286 -2.1772 -1.6032 37 17 10
9.4797 -2.1962 -1.6034 44 27 19
9.6846 -2.3007 -1.5796 35 22 6
9.6644 -2.3452 -1.581 38 20 10
9.4429 -2.2546 -1.598 40 22 12
9.4502 -2.2809 -1.5749 27 24 5
9.6617 -2.2915 -1.597 37 18 12
9.411 -2.2426 -1.554 40 27 18
9.6611 -2.3699 -1.5848 39 20 14
9.4308 -2.2974 -1.5727 42 28 19
9.5991 -2.4187 -1.6456 34 25 20
9.4824 -2.3671 -1.6085 35 25 13
9.4525 -2.3311 -1.5918 37 25 9
9.453 -2.3786 -1.5985 39 22 15
9.4208 -2.3631 -1.5504 29 20 15
9.5933 -2.6719 -1.6605 20 11 4
9.2138 -0.35191 -1.6837 31 14 4
9.3172 -0.32995 -1.7046 34 14 3
9.3311 -0.32181 -1.7141 34 14 3
9.1121 -0.4557 -1.6133 26 18 7
9.2188 -0.37111 -1.6886 29 18 12
9.1294 -0.3793 -1.6963 39 19 12
9.1316 -0.37804 -1.6977 39 19 12
9.2774 -0.32276 -1.6985 36 22 11
9.3025 -0.31588 -1.6916 31 12 0
9.1144 -0.45434 -1.615 26 18 7
9.1609 -0.382 -1.7209 34 18 5
9.1717 -0.36231 -1.6993 31 17 6
9.2947 -0.3352 -1.7133 30 13 5
9.1479 -0.38372 -1.6619 37 14 8
9.2344 -0.40592 -1.7065 22 14 3
9.3044 -0.40511 -1.7071 28 21 1
9.2612 -0.37788 -1.6907 33 12 7
9.2836 -0.4084 -1.7195 32 18 7
9.1126 -0.50031 -1.6807 40 17 9
9.2768 -0.3894 -1.7131 35 11 7
9.2098 -0.44093 -1.6956 32 14 10
9.1987 -0.46127 -1.7152 36 20 5
9.125 -0.48116 -1.6572 36 11 6
8.595 -0.78747 -1.292 34 21 3
9.2821 -0.47713 -1.7274 35 17 5
9.302 -0.42942 -1.7072 34 13 18
9.2186 -0.45802 -1.7045 31 20 0
9.1614 -0.54487 -1.7011 36 18 6
9.2279 -0.4605 -1.6866 32 15 5
9.217 -0.50344 -1.7066 25 23 1
9.1605 -0.52418 -1.6967 39 18 0
9.2947 -0.43331 -1.7025 34 13 18
9.3441 -0.46887 -1.6892 34 17 9
9.2752 -0.51033 -1.7011 34 10 6
9.2512 -0.54403 -1.6897 34 16 6
9.343 -0.49159 -1.6958 32 21 2
9.3358 -0.51824 -1.693 32 14 4
9.1598 -0.55312 -1.674 27 18 0
9.1212 -0.58699 -1.6718 32 18 7
9.164 -0.55101 -1.6768 27 18 0
9.1966 -0.56322 -1.6786 34 16 6
9.2013 -0.5533 -1.7092 36 18 8
9.3428 -0.5374 -1.7036 37 19 7
9.3584 -0.553 -1.7189 29 15 4
9.2883 -0.57728 -1.7018 27 12 7
9.3645 -0.558 -1.6938 34 16 2
9.289 -0.55494 -1.6958 31 16 0
9.3308 -0.58093 -1.7323 33 15 5
9.2062 -0.63754 -1.7287 33 22 2
9.4114 -0.55975 -1.7329 35 17 0
9.2245 -0.63632 -1.7159 37 20 2
9.3244 -0.59101 -1.7015 37 19 0
9.1924 -0.72184 -1.6771 35 22 4
9.3691 -0.59456 -1.7344 31 18 10
9.1971 -0.66991 -1.7008 37 20 3
9.2499 -0.6759 -1.7176 34 18 5
9.2371 -0.68856 -1.6785 37 15 17
9.2436 -0.66392 -1.6794 34 22 22
9.3396 -0.63758 -1.6898 38 21 4
9.311 -0.62673 -1.6688 34 19 0
9.177 -0.72108 -1.6951 36 19 2
9.1152 -0.6992 -1.6644 30 18 2
9.3098 -0.67214 -1.6764 42 18 4
9.2209 -0.66658 -1.6908 33 17 4
9.3361 -0.63234 -1.7129 31 20 1
9.1617 -0.70638 -1.6787 34 21 3
9.249 -0.66165 -1.683 34 22 22
9.3195 -0.71336 -1.692 42 25 0
9.2069 -0.73724 -1.6935 39 22 2
9.1708 -0.76645 -1.6966 27 16 0
9.3723 -0.70029 -1.6981 45 27 15
9.1399 -0.75724 -1.6711 38 21 4
9.207 -0.76528 -1.6709 42 27 6
9.2367 -0.73245 -1.6861 42 20 22
9.2026 -0.78234 -1.6971 40 20 22
9.2077 -0.76506 -1.6711 42 27 6
9.406 -0.66356 -1.7188 39 19 18
9.2063 -0.75917 -1.6966 41 23 3
9.1368 -0.75841 -1.6694 38 21 4
9.1695 -0.76681 -1.6966 27 16 0
9.319 -0.69069 -1.6894 42 21 2
9.3177 -0.73685 -1.6939 42 24 10
9.2218 -0.80307 -1.6906 34 21 12
9.2263 -0.78577 -1.665 40 23 15
9.2976 -0.80526 -1.7221 40 26 13
9.2595 -0.78711 -1.6299 49 33 10
9.2624 -0.79491 -1.6937 41 23 13
9.3438 -0.7797 -1.6926 46 34 12
9.33 -0.7547 -1.7108 39 30 0
9.3099 -0.78483 -1.6983 49 30 16
9.379 -0.72094 -1.7074 47 30 12
9.2184 -0.78251 -1.6843 35 23 0
9.4949 -0.73439 -1.7674 41 21 14
9.2964 -0.81201 -1.6936 54 30 2
9.3203 -0.8268 -1.7145 49 35 24
9.3886 -0.81119 -1.7329 49 31 11
9.3216 -0.86155 -1.6645 49 30 16
9.1976 -0.89769 -1.6921 38 26 10
9.2482 -0.88843 -1.6988 37 23 22
9.1856 -0.88043 -1.6747 35 28 0
9.3681 -0.82419 -1.6903 48 27 8
9.3424 -0.80942 -1.6692 47 35 23
9.209 -0.85672 -1.6655 40 24 11
9.3184 -0.81101 -1.6807 53 33 8
9.3242 -0.80904 -1.685 53 33 8
9.1525 -0.86963 -1.6489 41 27 14
9.3069 -0.85405 -1.7078 41 34 6
9.257 -0.89212 -1.6751 38 32 10
9.2477 -0.88857 -1.6987 37 23 22
9.2876 -0.86608 -1.6676 44 27 7
9.3949 -0.81987 -1.8009 32 23 8
9.3368 -0.90286 -1.6828 44 25 18
9.2048 -0.9448 -1.6774 44 29 26
9.4329 -0.85811 -1.7129 50 35 6
9.3657 -0.92391 -1.6793 38 30 7
9.275 -0.91455 -1.6677 41 29 13
9.3514 -0.87564 -1.688 45 30 7
9.1933 -0.92086 -1.6908 38 26 0
9.3924 -0.89332 -1.6916 50 32 18
9.3691 -0.91711 -1.7094 45 32 0
9.2716 -0.93766 -1.6712 43 28 5
9.2134 -0.96415 -1.6891 44 26 12
9.1556 -0.97425 -1.6727 41 25 8
9.2377 -0.91366 -1.6956 37 22 19
9.1554 -0.95317 -1.6675 44 30 3
9.3075 -0.8824 -1.6874 46 28 8
9.195 -0.97474 -1.6471 38 29 12
9.1868 -1.0411 -1.6572 43 27 10
9.3522 -0.97924 -1.6565 47 29 15
9.2014 -0.98933 -1.6819 39 23 0
9.2582 -0.98576 -1.6703 41 29 7
9.2822 -0.95714 -1.6843 40 25 18
9.3304 -0.97359 -1.6915 39 27 13
9.299 -0.9984 -1.7031 34 23 19
9.2255 -1.0051 -1.7056 38 22 0
9.2467 -1.0217 -1.6112 47 29 15
9.1724 -1.0394 -1.6705 42 26 1
9.2277 -1.0097 -1.6834 39 25 14
9.3474 -0.95205 -1.67 44 32 20
9.2988 -1.0269 -1.6768 39 32 6
9.281 -1.0253 -1.694 37 28 13
9.1597 -1.0637 -1.6657 42 26 3
9.4114 -1.0314 -1.7327 42 25 15
9.2998 -1.0721 -1.6881 43 28 0
9.3382 -1.0412 -1.7101 40 28 6
9.1423 -1.0887 -1.6564 42 23 9
9.2152 -1.0567 -1.6804 41 24 17
9.2663 -1.0285 -1.6847 37 28 13
9.198 -1.0821 -1.6727 40 27 9
9.2189 -1.0611 -1.655 40 28 6
9.3818 -1.0429 -1.6855 34 26 13
9.3657 -0.99937 -1.6674 44 29 24
9.2219 -1.0825 -1.6609 39 26 7
9.184 -1.1283 -1.67 41 27 0
9.2693 -1.1006 -1.6724 38 26 4
9.2492 -1.1217 -1.6882 39 22 5
9.3305 -1.0765 -1.6545 34 27 7
9.3118 -1.1258 -1.6509 39 23 6
9.3483 -1.0677 -1.6972 44 29 8
9.2484 -1.1267 -1.6623 39 24 17
9.2117 -1.1063 -1.6593 39 21 9
9.3253 -1.0953 -1.6832 39 27 5
9.3139 -1.1204 -1.6803 42 27 8
9.2827 -1.1159 -1.7115 39 22 5
9.2717 -1.1452 -1.6841 40 24 11
9.3637 -1.0936 -1.6801 38 27 7
9.2089 -1.1509 -1.6624 43 26 9
9.2001 -1.1474 -1.6852 42 23 9
9.3219 -1.1932 -1.6721 40 24 7
9.3092 -1.1902 -1.6901 40 24 0
9.3721 -1.1678 -1.6757 34 24 12
9.2977 -1.1508 -1.6472 41 24 6
9.2966 -1.169 -1.6766 40 20 11
9.3002 -1.1733 -1.6522 41 26 7
9.405 -1.1921 -1.6731 43 24 8
9.3656 -1.1452 -1.6681 39 15 11
9.3122 -1.1437 -1.6823 39 25 0
9.1707 -1.1739 -1.6672 40 27 8
9.3923 -1.1888 -1.6934 33 20 2
9.2285 -1.2496 -1.6161 43 22 5
9.3776 -1.2429 -1.6625 38 27 8
9.2883 -1.2659 -1.6628 32 25 0
9.3327 -1.2197 -1.6576 34 20 19
9.2623 -1.237 -1.696 32 25 9
9.3086 -1.2454 -1.6458 37 23 14
9.2285 -1.2631 -1.6745 40 21 17
9.3091 -1.2179 -1.6678 43 24 8
9.3854 -1.2183 -1.6639 38 24 13
9.1655 -1.2652 -1.6578 33 29 0
9.1651 -1.2436 -1.6527 40 29 7
9.2744 -1.2629 -1.6793 30 25 19
9.1943 -1.2883 -1.6541 37 19 7
9.3476 -1.2693 -1.6469 40 22 10
9.3352 -1.266 -1.6677 35 18 0
9.2532 -1.3141 -1.6465 38 24 0
9.1818 -1.3329 -1.6529 37 24 8
9.412 -1.3162 -1.6688 37 26 6
9.3509 -1.2924 -1.652 37 22 15
9.3242 -1.3366 -1.6715 35 26 7
9.3152 -1.2866 -1.6848 42 26 1
9.1839 -1.311 -1.651 42 24 10
9.2591 -1.287 -1.6732 41 22 8
9.3176 -1.3138 -1.6634 36 23 5
9.2212 -1.3527 -1.6833 39 23 6
9.4738 -1.2782 -1.7637 39 21 7
9.2416 -1.3108 -1.6654 39 21 7
9.3417 -1.3166 -1.6484 37 23 14
9.2649 -1.3359 -1.6582 39 19 8
9.2308 -1.3339 -1.6624 38 26 14
9.2829 -1.4073 -1.6559 40 23 5
9.2037 -1.3757 -1.6727 34 22 0
9.2384 -1.3558 -1.67 39 24 19
9.2663 -1.3811 -1.6683 34 25 6
9.3353 -1.3828 -1.6885 38 22 5
9.4308 -1.3881 -1.6939 37 22 15
9.2644 -1.4039 -1.6719 40 22 8
9.3411 -1.344 -1.6302 40 22 10
9.3559 -1.3668 -1.644 41 24 17
9.3767 -1.3618 -1.6812 37 24 6
9.2365 -1.3598 -1.6446 36 23 14
9.2963 -1.3611 -1.6569 35 27 6
9.2838 -1.4073 -1.6568 40 23 5
9.3578 -1.441 -1.6283 47 25 14
9.3397 -1.4373 -1.6442 44 24 15
9.3445 -1.4644 -1.6258 48 26 15
9.239 -1.4527 -1.6361 36 18 16
8.9951 -1.4647 -1.5193 36 23 7
9.2117 -1.4491 -1.6441 36 23 4
9.2614 -1.4266 -1.674 38 21 11
9.3192 -1.4569 -1.6644 42 18 6
9.2897 -1.4301 -1.6664 38 23 18
9.267 -1.4265 -1.6771 38 21 11
9.1727 -1.4456 -1.6433 34 22 0
9.3479 -1.4139 -1.6459 45 25 16
9.361 -1.4609 -1.6638 42 23 7
9.3315 -1.4104 -1.6653 45 23 8
9.1983 -1.4928 -1.6406 30 27 18
9.3984 -1.5404 -1.6444 46 29 19
9.3597 -1.5115 -1.6421 42 26 9
9.2529 -1.5203 -1.6578 48 25 17
9.3422 -1.5308 -1.6597 41 24 4
9.3553 -1.5314 -1.6675 41 24 4
9.1902 -1.5362 -1.6435 43 24 20
9.3422 -1.4877 -1.6289 44 23 18
9.2145 -1.5154 -1.6573 44 25 9
9.2681 -1.4982 -1.6632 36 23 15
9.2177 -1.5409 -1.6366 43 24 17
9.3141 -1.533 -1.6182 46 28 18
9.24 -1.5644 -1.6561 43 23 16
9.346 -1.5578 -1.6418 46 31 12
9.1993 -1.5587 -1.654 38 20 10
9.2837 -1.5963 -1.6359 42 25 7
9.2542 -1.5909 -1.6432 45 26 19
9.2601 -1.5914 -1.647 45 26 19
9.3258 -1.5567 -1.6301 46 24 24
9.3191 -1.5794 -1.6306 47 29 19
9.4036 -1.5646 -1.651 44 29 22
9.2091 -1.5844 -1.6386 41 23 9
9.2779 -1.5701 -1.6552 45 26 19
9.2247 -1.6079 -1.6547 39 25 16
9.3782 -1.5869 -1.6419 48 34 23
9.2818 -1.5963 -1.6359 42 25 7
9.2721 -1.547 -1.6466 46 26 15
9.2968 -1.6006 -1.6198 47 31 16
9.1587 -1.5775 -1.6282 40 23 6
9.2963 -1.6462 -1.6278 55 33 18
9.3665 -1.63 -1.6684 45 26 9
9.3289 -1.6524 -1.6198 62 39 21
9.2883 -1.6427 -1.6512 40 28 16
9.1959 -1.6489 -1.6414 40 24 0
9.2157 -1.6539 -1.6296 44 26 16
9.1848 -1.626 -1.6309 42 23 17
9.1592 -1.666 -1.6195 37 21 6
9.411 -1.6645 -1.6461 127 111 58
9.2445 -1.6603 -1.6258 42 26 13
9.4427 -1.6404 -1.6893 42 32 20
9.2632 -1.6141 -1.652 45 31 20
9.2924 -1.6711 -1.6017 55 33 18
9.2855 -1.6676 -1.6241 49 31 11
9.1964 -1.6733 -1.6195 44 29 8
9.2309 -1.6334 -1.6351 50 30 23
9.3385 -1.7255 -1.6106 58 35 1
9.3015 -1.7176 -1.6141 48 29 15
9.3098 -1.6936 -1.6453 48 31 13
9.2891 -1.7359 -1.6366 51 26 21
9.29 -1.6884 -1.6598 44 25 19
9.378 -1.6843 -1.6292 97 82 49
9.4127 -1.7125 -1.6545 97 75 28
9.3075 -1.7414 -1.6226 42 23 6
9.1692 -1.7345 -1.6156 44 24 17
9.2021 -1.674 -1.6234 44 29 8
9.3477 -1.7011 -1.6406 50 30 23
9.2214 -1.6983 -1.6364 42 21 18
9.2664 -1.7101 -1.6189 51 29 5
9.3658 -1.7558 -1.6076 43 28 21
9.3744 -1.8036 -1.6172 37 27 18
9.2421 -1.7707 -1.6401 40 28 12
9.2552 -1.775 -1.6202 42 23 7
9.3511 -1.7975 -1.6341 46 27 20
9.2547 -1.7527 -1.6162 45 23 8
9.2813 -1.7823 -1.6141 41 22 8
9.1787 -1.7786 -1.6257 41 24 0
9.1651 -1.778 -1.5898 41 24 17
9.3822 -1.7555 -1.6411 50 34 21
9.2484 -1.7539 -1.5853 45 24 7
9.1782 -1.7378 -1.5929 42 25 7
9.1813 -1.7577 -1.6246 42 23 6
9.3327 -1.7711 -1.6181 45 28 20
9.2865 -1.8059 -1.622 43 19 7
9.3857 -1.7823 -1.622 38 24 13
9.3804 -1.8283 -1.6269 43 34 19
9.2015 -1.8284 -1.6227 39 26 10
9.3198 -1.8351 -1.6462 44 23 2
9.4416 -1.8904 -1.6412 39 25 16
9.491 -1.8997 -1.705 39 23 8
9.3787 -1.8514 -1.6289 43 27 12
9.3846 -1.8506 -1.6613 42 23 7
9.3331 -1.817 -1.6247 43 21 21
9.2168 -1.81 -1.6307 39 20 16
9.2039 -1.8509 -1.6296 37 19 7
9.1974 -1.8518 -1.6034 32 18 5
9.3652 -1.9207 -1.609 37 21 6
9.2057 -1.8964 -1.6128 30 16 13
9.1601 -1.8619 -1.6018 39 21 0
9.2416 -1.929 -1.6139 39 22 12
9.3282 -1.8869 -1.6078 37 21 6
9.201 -1.9171 -1.6145 40 21 4
9.2029 -1.8744 -1.6091 31 18 10
9.2981 -1.8779 -1.6139 38 20 6
9.27 -1.8938 -1.6 36 21 0
9.284 -1.9209 -1.5846 38 22 9
9.3766 -1.9212 -1.64 37 25 9
9.3801 -1.9002 -1.6086 42 25 8
9.3889 -1.9242 -1.648 37 25 9
9.2164 -1.8789 -1.5899 39 21 11
9.2683 -1.9139 -1.6285 38 22 9
9.2924 -1.9216 -1.6179 36 21 0
9.3388 -1.9373 -1.5977 28 21 5
9.2929 -1.9218 -1.6188 36 21 0
9.3582 -2.0109 -1.6177 41 25 2
9.366 -1.9672 -1.6167 34 20 11
9.298 -1.9693 -1.6007 38 20 0
9.2674 -1.9597 -1.6092 39 24 3
9.3239 -1.954 -1.6147 38 21 1
9.229 -1.9693 -1.6127 39 18 13
9.1819 -1.9757 -1.6097 37 22 1
9.2645 -1.9364 -1.6017 35 20 0
9.2972 -1.9919 -1.6064 34 19 0
9.2476 -1.9528 -1.6223 40 25 4
9.2572 -1.9541 -1.6557 33 23 0
9.2606 -1.9799 -1.6084 40 18 3
9.2661 -1.9815 -1.612 40 18 3
9.2839 -2.0325 -1.6045 37 23 12
9.3814 -2.0666 -1.5858 42 23 7
9.2865 -2.011 -1.6028 42 18 6
9.2243 -2.0335 -1.6221 37 18 1
9.2559 -2.0228 -1.6135 41 18 12
9.3243 -2.0236 -1.5996 38 24 0
9.25 -2.0429 -1.6131 40 18 7
9.2724 -2.0511 -1.6013 39 20 3
9.263 -2.0026 -1.6133 36 19 11
9.2495 -1.9971 -1.6285 39 22 4
9.2313 -2.1017 -1.6091 29 19 10
9.3523 -2.1035 -1.5782 37 18 11
9.3026 -2.0839 -1.6268 32 16 1
9.2382 -2.0614 -1.6114 47 21 6
9.4006 -2.1429 -1.6095 39 22 14
9.3705 -2.2021 -1.6056 45 16 8
9.4254 -2.2232 -1.6089 26 19 13
9.2687 -2.1386 -1.6144 33 15 3
9.2133 -2.1602 -1.6093 33 20 4
9.2033 -2.114 -1.599 35 22 4
9.252 -2.1544 -1.6078 37 15 17
9.2705 -2.1845 -1.5989 35 18 1
9.2859 -2.1456 -1.5994 37 15 17
9.3601 -2.1748 -1.5941 42 18 14
9.2224 -2.1646 -1.5919 33 18 13
9.3195 -2.1596 -1.5979 32 21 2
9.4194 -2.1734 -1.6259 38 19 13
9.4231 -2.1992 -1.6058 38 20 8
9.2678 -2.1614 -1.5941 31 15 15
9.3182 -2.1815 -1.6002 34 21 5
9.2024 -2.1346 -1.5994 34 18 1
9.402 -2.2611 -1.6036 33 17 0
9.2442 -2.1952 -1.6099 36 21 2
9.406 -2.2864 -1.611 33 20 2
9.2557 -2.2222 -1.5954 32 12 14
9.2518 -2.2433 -1.5999 34 12 15
9.306 -2.1988 -1.5947 33 26 8
9.2127 -2.2048 -1.5964 40 18 5
9.2484 -2.1762 -1.533 37 14 8
9.3768 -2.2739 -1.6202 27 16 0
9.2845 -2.2341 -1.5859 39 18 13
9.3231 -2.2283 -1.6092 37 15 17
9.5342 -2.2904 -1.6787 35 17 17
9.387 -2.2541 -1.6188 37 19 5
9.2548 -2.2006 -1.5943 34 19 12
9.2162 -2.2278 -1.602 33 17 4
9.3582 -2.3128 -1.6191 33 18 13
9.4331 -2.2977 -1.5985 35 17 15
9.255 -2.2882 -1.5817 37 17 8
9.2289 -2.2989 -1.597 44 22 1
9.2049 -2.2654 -1.5997 40 18 7
9.1904 -2.2382 -1.5895 34 16 4
9.4679 -2.3367 -1.6242 31 17 4
9.2935 -2.2611 -1.5993 35 19 2
9.2811 -2.2779 -1.5948 41 14 3
9.3612 -2.3135 -1.566 38 20 18
9.231 -2.2559 -1.5896 33 20 1
9.3977 -2.3303 -1.6163 36 21 0
9.2493 -2.2851 -1.601 42 24 4
9.363 -2.3372 -1.5966 31 15 0
9.4528 -2.4021 -1.6012 37 18 11
9.2502 -2.3524 -1.6158 41 22 5
9.2175 -2.3358 -1.5692 38 17 12
9.453 -2.426 -1.6047 35 20 13
9.4019 -2.3781 -1.5965 36 20 7
9.3815 -2.3453 -1.58 35 11 7
9.4188 -2.4104 -1.6136 37 20 3
9.3238 -2.3654 -1.5837 34 22 0
9.1722 -2.2938 -1.5648 26 14 0
9.2059 -2.3521 -1.5902 42 18 8
9.2551 -2.4202 -1.5795 37 12 18
9.2622 -2.3797 -1.5766 34 21 2
9.4011 -2.4254 -1.6069 36 20 3
9.2323 -2.3865 -1.5848 35 16 0
9.2604 -2.3789 -1.5996 38 22 0
9.3189 -2.4075 -1.5853 30 15 10
9.2187 -2.4029 -1.5853 37 14 6
9.2815 -2.4118 -1.5927 36 16 7
9.4179 -2.4569 -1.6192 35 20 0
9.3569 -2.4951 -1.5927 31 15 0
9.2361 -2.4764 -1.58 31 12 8
9.3648 -2.4759 -1.5694 37 12 16
9.3487 -2.5151 -1.5965 31 14 7
9.3068 -2.469 -1.5886 23 14 0
9.2294 -2.4298 -1.594 31 18 0
9.3399 -2.5103 -1.5913 28 11 4
9.3161 -2.497 -1.5985 29 13 0
9.2007 -2.457 -1.5807 36 21 2
9.3818 -2.5082 -1.5835 35 16 10
9.3623 -2.5217 -1.5785 34 12 0
9.5863 -2.693 -1.658 16 13 0
9.3866 -2.6047 -1.6012 33 17 0
9.3411 -2.58 -1.6025 25 9 10
9.3904 -2.6063 -1.5793 28 15 0
9.3907 -2.5836 -1.6005 34 12 14
9.2363 -2.5213 -1.5892 23 9 6
9.301 -2.5585 -1.606 24 11 5
9.3575 -2.5426 -1.6038 31 10 7
9.3677 -2.5456 -1.5553 31 13 0
9.3865 -2.5582 -1.5958 28 10 0
9.4616 -2.6227 -1.6139 32 16 0
9.2576 -2.5112 -1.5985 25 11 8
9.3353 -2.554 -1.5965 29 10 6
9.3722 -2.6418 -1.5526 31 14 7
9.3551 -2.6566 -1.595 36 12 10
9.355 -2.6329 -1.5903 32 14 2
9.2527 -2.6197 -1.5907 37 11 0
9.3427 -2.6035 -1.5832 34 13 8
9.3667 -2.6388 -1.572 25 12 0
9.375 -2.6674 -1.5593 31 13 0
9.4532 -2.7413 -1.6335 33 12 9
9.3123 -2.6532 -1.5734 36 18 0
9.1131 -0.38093 -1.7104 35 14 11
9.0878 -0.43756 -1.6996 34 11 21
9.0455 -0.42677 -1.7139 36 17 13
9.0689 -0.44087 -1.7105 29 20 1
8.9906 -0.48039 -1.674 34 17 9
8.9677 -0.57152 -1.6697 39 14 10
9.0575 -0.52864 -1.7178 23 21 0
9.117 -0.4487 -1.7012 37 20 12
9.1339 -0.48071 -1.7226 28 14 1
9.0138 -0.51371 -1.6745 33 14 0
9.0179 -0.5311 -1.6815 27 12 5
9.0825 -0.48963 -1.677 30 17 8
9.133 -0.48128 -1.7215 28 14 1
9.0416 -0.54529 -1.6785 36 19 1
9.0649 -0.52473 -1.7229 23 21 0
9.0906 -0.5257 -1.692 41 21 12
9.0887 -0.56726 -1.7003 37 13 26
9.0807 -0.55263 -1.6834 36 13 23
9.1223 -0.51566 -1.692 39 17 4
9.0342 -0.60878 -1.6853 41 14 3
8.9701 -0.60856 -1.6802 36 19 12
9.1148 -0.56125 -1.6934 36 19 9
8.9903 -0.57816 -1.693 34 14 3
8.968 -0.67466 -1.6636 32 17 10
9.127 -0.57607 -1.7051 35 17 5
9.0424 -0.62442 -1.6967 26 16 4
9.0424 -0.64466 -1.6995 36 15 22
9.1 -0.63103 -1.6914 30 16 3
8.9721 -0.67273 -1.6665 32 17 10
9.0615 -0.65678 -1.6354 35 17 17
9.073 -0.61633 -1.6945 32 20 4
9.0222 -0.62817 -1.7028 34 20 11
9.0899 -0.58731 -1.7041 35 15 6
8.9971 -0.67985 -1.691 34 18 5
9.103 -0.65717 -1.6714 35 15 8
9.0883 -0.69758 -1.6962 38 22 7
9.0548 -0.66636 -1.6844 32 13 19
9.0672 -0.69349 -1.6506 34 16 16
9.0685 -0.66652 -1.6704 33 17 4
9.089 -0.6766 -1.694 38 19 23
9.0768 -0.66265 -1.6767 33 17 4
9.0546 -0.68575 -1.6921 30 14 0
9.0432 -0.67156 -1.6766 26 18 0
9.0569 -0.65767 -1.7155 26 17 2
9.003 -0.70371 -1.6728 35 18 11
8.9925 -0.73459 -1.6431 40 11 13
9.0505 -0.75463 -1.6739 27 13 12
9.0379 -0.7742 -1.69 35 15 8
9.1013 -0.71213 -1.7122 30 14 17
8.98 -0.81074 -1.6757 34 18 3
9.1404 -0.70918 -1.6867 33 13 4
9.1211 -0.73748 -1.6802 37 21 6
9.011 -0.76493 -1.6685 33 16 6
9.1153 -0.73334 -1.702 34 19 14
9.0059 -0.78085 -1.6912 37 18 20
8.9599 -0.77985 -1.5765 38 20 6
9.0424 -0.73123 -1.6915 28 11 4
9.0885 -0.79999 -1.7175 37 18 1
9.1673 -0.78904 -1.6983 39 23 0
9.0526 -0.84013 -1.6664 38 26 12
9.1399 -0.77189 -1.7009 38 23 16
9.0049 -0.82629 -1.6758 34 18 1
9.0477 -0.79584 -1.6798 35 19 4
9.1473 -0.74782 -1.703 37 22 3
9.0209 -0.80022 -1.6847 30 16 16
9.1294 -0.79714 -1.6953 39 25 14
9.0286 -0.83726 -1.6974 36 18 18
9.0622 -0.81593 -1.6734 42 24 14
9.0695 -0.82781 -1.7056 37 22 19
9.0984 -0.85576 -1.6549 41 24 4
9.0245 -0.88426 -1.6782 35 20 13
9.0412 -0.90416 -1.6707 41 25 2
9.1232 -0.82034 -1.6944 39 28 9
9.1015 -0.84254 -1.7104 38 22 22
9.1137 -0.86563 -1.6937 40 20 19
9.042 -0.88388 -1.667 38 24 11
9.091 -0.85829 -1.6498 41 24 4
9.163 -0.85459 -1.7066 32 22 10
9.0037 -0.87175 -1.6585 39 21 19
8.9966 -0.87435 -1.6527 39 21 19
9.1406 -0.93057 -1.6806 41 25 8
9.1585 -0.90462 -1.6842 40 22 8
9.0313 -0.94748 -1.6698 38 24 15
8.5774 -1.1192 -1.3026 42 23 16
9.1062 -0.91467 -1.6753 35 28 2
9.0773 -0.91272 -1.7027 37 25 0
9.121 -0.931 -1.69 41 23 3
9.1363 -0.8844 -1.6923 34 23 3
9.0738 -0.89974 -1.6661 39 19 12
8.9935 -0.93407 -1.6618 40 23 15
9.0952 -0.97998 -1.6793 35 22 14
9.1452 -0.97186 -1.6888 39 23 6
9.0309 -1.0076 -1.6821 41 25 0
8.5865 -1.1348 -1.2944 42 23 16
9.1129 -0.94319 -1.7406 44 24 13
9.0862 -1.0031 -1.6762 39 25 16
9.147 -0.95007 -1.6868 44 27 7
9.0052 -0.99468 -1.659 46 27 10
9.1147 -1.0426 -1.6804 40 24 9
9.143 -1.0197 -1.6741 43 28 9
9.1518 -1.0391 -1.6811 41 25 8
9.0268 -1.0738 -1.6658 39 23 10
9.1895 -0.98681 -1.7012 44 28 11
9.1394 -0.99446 -1.6899 44 26 14
9.072 -1.0684 -1.6751 39 27 13
9.1451 -0.99299 -1.694 44 26 14
9.0407 -1.0254 -1.6921 38 22 9
9.0041 -1.0545 -1.668 36 18 8
9.1194 -1.0207 -1.6785 43 26 0
9.0663 -1.0697 -1.6711 39 27 13
9.0498 -1.1142 -1.6646 40 26 17
9.1475 -1.0613 -1.6826 42 24 10
9.0744 -1.1137 -1.6608 37 28 21
9.1192 -1.0788 -1.7161 34 27 11
8.9982 -1.1 -1.6484 36 24 12
9.1588 -1.0704 -1.746 34 27 11
9.0483 -1.1145 -1.663 40 26 17
9.0177 -1.1158 -1.6664 38 26 10
9.12 -1.1771 -1.6569 42 24 10
9.0581 -1.1576 -1.6575 37 25 9
9.1002 -1.1757 -1.6687 39 23 10
9.0602 -1.1777 -1.6648 43 22 27
9.113 -1.1737 -1.6784 39 23 10
9.1785 -1.1462 -1.6966 37 24 8
9.0878 -1.1569 -1.6568 42 26 11
9.0886 -1.1315 -1.6767 36 23 5
9.0376 -1.1569 -1.6635 36 22 11
9.1323 -1.1282 -1.6831 41 23 9
9.0621 -1.1774 -1.6647 43 22 27
9.1391 -1.2381 -1.6842 37 21 0
9.0779 -1.2 -1.6546 38 20 10
9.1836 -1.1936 -1.6813 36 22 9
9.0974 -1.218 -1.6728 39 23 6
9.0828 -1.2406 -1.6678 43 23 14
9.0475 -1.2001 -1.6561 37 24 8
9.1382 -1.1956 -1.6744 37 23 0
9.0464 -1.2206 -1.6621 28 22 0
9.13 -1.218 -1.6727 42 26 3
9.1819 -1.2156 -1.6849 40 23 6
9.0678 -1.2014 -1.647 38 20 10
9.1145 -1.2833 -1.6733 38 19 12
9.0822 -1.2823 -1.6745 42 22 23
9.1484 -1.2883 -1.6487 38 28 3
9.081 -1.3072 -1.6512 34 21 12
9.1565 -1.2619 -1.6746 42 24 10
9.1378 -1.2425 -1.657 40 22 8
9.0681 -1.2631 -1.6585 37 20 12
9.1112 -1.2625 -1.666 38 24 0
9.1114 -1.2836 -1.6709 38 19 12
9.1337 -1.2855 -1.6624 40 24 7
9.1346 -1.332 -1.6468 41 23 9
9.0684 -1.3325 -1.6231 41 23 9
9.0761 -1.3489 -1.6557 30 23 13
9.0386 -1.3474 -1.652 30 25 3
9.1966 -1.306 -1.6858 38 22 7
9.0178 -1.3451 -1.6569 29 26 11
9.0491 -1.3468 -1.6603 30 25 3
9.2099 -1.3049 -1.6959 38 22 7
9.0404 -1.3307 -1.6242 37 21 6
9.1391 -1.3064 -1.6688 39 21 11
9.271 -1.3461 -1.7472 31 22 7
9.0792 -1.3695 -1.6621 37 21 4
9.1645 -1.3478 -1.6961 31 21 9
9.0305 -1.3682 -1.6512 37 25 1
9.0324 -1.3883 -1.6551 40 24 1
9.1067 -1.3967 -1.6379 40 24 9
9.0206 -1.429 -1.6532 39 23 8
9.0984 -1.4143 -1.6596 37 21 6
9.0796 -1.4111 -1.6708 39 27 11
9.0477 -1.3949 -1.6195 41 26 3
9.0643 -1.4114 -1.6584 39 27 11
9.0594 -1.391 -1.6517 41 23 11
9.0134 -1.409 -1.6433 31 19 3
9.1312 -1.4173 -1.6582 41 23 9
9.0245 -1.4323 -1.6312 40 22 10
9.0928 -1.3726 -1.6455 41 23 0
9.145 -1.3742 -1.6563 34 25 10
9.0606 -1.4527 -1.6634 40 24 0
9.0744 -1.4768 -1.6529 43 25 13
9.1058 -1.4807 -1.6517 43 20 14
9.0885 -1.4561 -1.6587 37 21 21
9.1374 -1.4386 -1.6676 38 20 10
9.084 -1.4353 -1.6522 38 22 9
9.0354 -1.4931 -1.6512 40 22 0
9.0233 -1.4726 -1.6385 40 22 10
9.0823 -1.4594 -1.6305 39 21 11
9.079 -1.5184 -1.6631 37 24 8
9.1286 -1.527 -1.6518 39 26 7
9.0292 -1.5132 -1.65 37 19 9
9.1773 -1.5325 -1.6606 47 33 24
9.0962 -1.5046 -1.6249 40 27 8
9.0588 -1.4971 -1.6462 38 23 20
9.0436 -1.5372 -1.6409 39 21 9
9.1227 -1.5055 -1.6437 40 27 8
9.0836 -1.5425 -1.6469 38 18 7
9.0779 -1.4977 -1.6606 38 23 20
9.0772 -1.5007 -1.634 38 22 5
9.1379 -1.5092 -1.6289 46 26 15
9.0826 -1.5216 -1.6414 40 22 12
9.0371 -1.5339 -1.6598 40 22 12
9.0928 -1.546 -1.629 42 24 10
9.0927 -1.5639 -1.6572 38 25 6
9.1982 -1.5775 -1.6816 41 26 7
9.112 -1.5682 -1.6466 42 26 3
9.1902 -1.6017 -1.6539 39 22 15
9.1293 -1.5934 -1.6352 40 25 6
9.1623 -1.5533 -1.6533 42 19 3
9.072 -1.6037 -1.6489 40 24 7
9.0249 -1.5563 -1.6308 39 21 11
9.1444 -1.592 -1.6738 34 25 16
9.0185 -1.596 -1.6328 36 25 6
9.0881 -1.5845 -1.6584 41 23 21
9.0904 -1.6081 -1.637 41 24 16
9.1029 -1.6094 -1.6464 41 24 16
9.1529 -1.6386 -1.6616 41 27 0
9.0294 -1.6373 -1.6471 40 24 11
9.0585 -1.6432 -1.6441 37 20 10
9.1726 -1.6219 -1.6471 36 23 14
9.1157 -1.6527 -1.6613 39 22 4
9.1511 -1.6411 -1.6354 51 34 24
9.0953 -1.6712 -1.6518 40 22 10
9.0836 -1.6282 -1.6356 42 23 17
9.1394 -1.6156 -1.6451 42 23 7
9.0151 -1.658 -1.616 38 20 8
9.1661 -1.6212 -1.6424 36 23 14
9.0368 -1.6205 -1.6254 38 22 7
9.0344 -1.6177 -1.6485 35 22 6
9.1122 -1.7203 -1.6228 45 26 19
9.0702 -1.6883 -1.6365 39 24 21
9.1529 -1.6841 -1.6445 40 22 10
9.0509 -1.7084 -1.6049 37 22 15
9.1618 -1.7306 -1.6325 44 28 11
9.0275 -1.6797 -1.6284 37 20 0
9.1278 -1.6783 -1.6528 39 24 1
9.0453 -1.7051 -1.6235 38 22 5
9.0106 -1.6974 -1.6214 38 21 11
9.0411 -1.7245 -1.623 38 23 0
9.0594 -1.7501 -1.6157 40 22 8
9.137 -1.7898 -1.626 42 24 2
9.05 -1.7666 -1.636 41 22 5
9.071 -1.7319 -1.6215 39 27 13
9.0916 -1.7377 -1.6124 45 23 10
9.1385 -1.7479 -1.6199 41 20 15
9.1639 -1.7738 -1.6414 40 22 12
9.0434 -1.7856 -1.635 38 19 2
9.0513 -1.7465 -1.6335 39 21 21
9.0428 -1.7672 -1.6071 41 23 19
9.0647 -1.7715 -1.6233 41 23 19
9.0944 -1.8226 -1.6037 37 23 0
9.1643 -1.8187 -1.624 35 18 8
9.1748 -1.7994 -1.627 39 19 12
9.071 -1.7933 -1.6315 40 21 14
9.0806 -1.8173 -1.615 39 18 13
9.1437 -1.8354 -1.613 39 21 9
9.126 -1.8088 -1.6235 38 23 0
9.1905 -1.8908 -1.6264 39 20 4
9.152 -1.9028 -1.6075 29 21 0
9.1509 -1.8581 -1.6213 38 21 1
9.0389 -1.887 -1.6253 34 16 14
9.0935 -1.8602 -1.6583 35 18 1
9.1236 -1.8909 -1.6628 32 15 0
9.0548 -1.8709 -1.6331 34 17 0
9.0881 -1.9034 -1.6141 34 16 2
9.1179 -1.8907 -1.6326 39 20 16
9.1286 -1.8947 -1.6134 34 21 2
9.1449 -1.8778 -1.6205 37 18 1
9.1453 -1.9205 -1.6302 36 19 2
9.0768 -1.9628 -1.5936 39 15 15
9.1577 -1.9662 -1.6446 40 22 10
9.1869 -1.9334 -1.6343 36 19 12
9.1474 -1.9643 -1.6124 42 21 2
9.0506 -1.9534 -1.5977 36 20 0
9.1226 -1.9351 -1.6176 35 16 0
9.1683 -2.0146 -1.6109 40 18 3
9.0527 -2.0139 -1.607 38 16 3
9.1121 -2.0145 -1.6217 34 13 10
9.1513 -1.9865 -1.618 34 13 10
9.1834 -1.9972 -1.6121 40 19 2
9.0534 -1.9742 -1.6021 35 17 5
9.0787 -2.0026 -1.6233 32 16 1
9.0294 -1.9654 -1.6081 37 20 2
9.1019 -1.9906 -1.6119 34 15 8
9.1449 -2.0271 -1.6237 36 19 1
9.1515 -2.0079 -1.6232 41 19 4
9.0353 -1.9874 -1.6165 41 17 5
9.0975 -2.0523 -1.598 37 19 15
9.1811 -2.0837 -1.6057 31 22 5
9.2031 -2.0704 -1.6183 39 22 2
9.0724 -2.0625 -1.6059 37 19 0
9.1298 -2.0642 -1.5942 37 20 0
9.1093 -2.0766 -1.6067 33 20 1
9.1173 -2.0384 -1.6072 37 15 17
9.1714 -2.0579 -1.6191 37 22 1
9.1482 -2.0918 -1.6099 38 21 3
9.0788 -2.0636 -1.6316 25 18 0
9.0843 -2.0467 -1.612 33 13 12
9.0917 -2.0286 -1.6131 36 18 16
9.0899 -2.028 -1.6116 36 18 16
9.1153 -2.0999 -1.6164 36 17 1
9.136 -2.15 -1.5862 42 19 13
9.1322 -2.1281 -1.6082 36 22 13
9.1369 -2.1504 -1.6128 38 16 3
9.127 -2.1046 -1.5986 36 16 15
9.0862 -2.1294 -1.602 33 16 0
9.2013 -2.1125 -1.6226 29 22 6
9.1868 -2.1497 -1.6189 38 20 0
9.1365 -2.1297 -1.6107 36 22 13
9.2082 -2.1584 -1.6341 38 20 0
9.1991 -2.133 -1.6238 41 17 13
9.0839 -2.1082 -1.5974 36 18 18
9.086 -2.1501 -1.6067 40 7 2
9.086 -2.1706 -1.6105 24 18 4
9.1286 -2.1681 -1.5861 36 14 0
9.094 -2.1948 -1.5957 31 13 9
9.1641 -2.1831 -1.6367 36 7 0
9.1139 -2.2037 -1.5856 34 18 5
9.0866 -2.1503 -1.6071 40 7 2
8.6585 -2.0601 -1.2429 41 19 6
9.1119 -2.2231 -1.6103 35 15 6
9.0813 -2.2501 -1.5961 34 15 1
9.1496 -2.2404 -1.6125 35 12 6
9.0456 -2.2333 -1.5951 35 17 5
9.0738 -2.2262 -1.6109 33 15 5
9.1293 -2.2521 -1.6023 35 16 22
9.1557 -2.2652 -1.599 31 15 0
9.1067 -2.2414 -1.6102 33 17 4
9.0773 -2.3097 -1.6044 30 16 5
9.1688 -2.3338 -1.5902 34 14 5
9.0837 -2.2928 -1.6068 35 16 10
9.1344 -2.3177 -1.6174 33 16 8
9.1122 -2.2857 -1.5983 36 16 18
9.0932 -2.2768 -1.6095 32 15 5
9.1312 -2.2954 -1.5894 35 14 19
9.1929 -2.3038 -1.6023 27 17 0
9.0941 -2.2772 -1.6101 32 15 5
9.1657 -2.291 -1.609 34 18 5
9.0565 -2.2587 -1.6062 33 18 0
9.1475 -2.2816 -1.6182 31 13 11
9.1798 -2.3821 -1.6043 29 13 0
9.2085 -2.3751 -1.5955 32 13 9
9.1968 -2.3912 -1.616 32 18 7
9.1895 -2.3874 -1.589 39 14 7
9.1276 -2.3767 -1.5988 35 19 19
9.055 -2.3594 -1.6002 37 18 12
9.1667 -2.3769 -1.6465 33 16 0
9.0486 -2.3358 -1.5927 36 13 7
9.1785 -2.3597 -1.5987 34 18 0
9.0627 -2.3227 -1.5982 35 17 7
9.189 -2.4087 -1.5922 38 15 0
9.1284 -2.3771 -1.5994 35 19 19
9.1088 -2.3673 -1.6105 30 17 8
9.1114 -2.3474 -1.5852 30 14 14
9.1198 -2.332 -1.613 32 14 0
9.1323 -2.4216 -1.6099 22 15 0
9.1567 -2.4584 -1.6346 34 18 5
9.0948 -2.4012 -1.6074 30 23 5
9.1103 -2.3886 -1.5921 33 16 0
9.1607 -2.4574 -1.5849 26 18 5
9.1568 -2.4572 -1.6094 31 11 4
9.0661 -2.3653 -1.5863 28 14 3
9.1097 -2.4926 -1.5874 18 10 0
9.0834 -2.4567 -1.5887 32 14 4
9.1367 -2.4864 -1.5773 30 12 8
9.1474 -2.4714 -1.5806 25 11 0
9.1071 -2.4488 -1.5777 28 12 0
9.0595 -2.443 -1.5942 32 13 7
9.1405 -2.4906 -1.6061 30 11 0
9.0932 -2.4832 -1.5982 30 17 0
9.1884 -2.4735 -1.5817 32 13 0
9.1958 -2.4987 -1.5882 26 12 0
9.0682 -2.4483 -1.6005 32 13 7
9.0892 -2.4391 -1.5884 33 12 7
9.0694 -2.5103 -1.5894 33 14 10
9.1089 -2.534 -1.5931 25 10 17
9.229 -2.6061 -1.6004 38 19 15
9.0704 -2.4902 -1.5866 31 16 0
9.0581 -2.524 -1.5857 34 20 9
9.1744 -2.5977 -1.6414 32 14 10
9.144 -2.535 -1.614 25 4 9
9.1988 -2.6528 -1.5906 33 14 10
9.2222 -2.6466 -1.6035 35 21 8
9.2035 -2.6117 -1.5866 34 12 0
9.1558 -2.6058 -1.5879 36 16 9
9.1742 -2.5951 -1.5941 39 24 19
9.0788 -2.556 -1.5778 35 15 8
10.056 -0.04224 -0.66374 80 60 36
10.057 -0.032614 -0.69128 80 58 37
10.043 -0.03082 -0.71368 76 59 33
10.107 -0.041823 -0.67349 79 57 34
10.108 -0.022682 -0.72643 79 57 34
10.099 -0.036907 -0.698 82 59 28
10.056 -0.0071165 -0.68486 76 54 30
10.069 0.0098131 -0.7129 75 56 24
10.038 -0.025752 -0.65921 83 61 24
10.18 -0.076563 -0.71958 73 55 33
10.124 -0.086377 -0.68378 79 55 41
10.118 -0.080268 -0.70875 73 54 24
10.11 -0.057506 -0.70442 75 56 26
10.28 -0.10261 -0.68556 77 57 32
10.222 -0.083549 -0.72894 75 54 27
10.218 -0.094839 -0.70109 73 57 34
10.276 -0.076427 -0.68069 77 56 35
10.209 -0.080842 -0.67062 81 56 36
10.29 -0.088595 -0.7132 76 55 36
10.185 -0.083509 -0.69304 77 56 37
10.252 -0.096963 -0.73876 77 55 32
10.247 -0.099477 -0.73802 77 55 32
10.368 -0.11022 -0.73011 77 58 26
10.451 -0.11224 -0.71525 77 54 36
10.401 -0.12481 -0.73772 78 58 24
10.345 -0.10099 -0.69584 77 56 37
10.383 -0.11298 -0.70364 77 57 32
10.398 -0.11586 -0.67544 76 56 31
10.32 -0.10298 -0.72162 78 57 28
10.486 -0.12704 -0.72296 77 56 35
10.545 -0.11179 -0.69861 74 59 28
10.468 -0.16469 -0.72658 57 41 16
10.467 -0.11477 -0.68841 77 60 34
10.467 -0.12568 -0.7507 75 55 30
9.929 -0.037335 -0.85276 73 52 31
10.05 -0.017714 -0.74086 78 57 26
10.105 -0.0146 -0.75201 80 59 38
10.024 -0.046838 -0.85069 74 54 30
9.9395 -0.040897 -0.82757 73 52 31
9.9842 -0.034835 -0.78346 76 54 31
9.9838 -0.025695 -0.80966 74 53 8
10.025 -0.021955 -0.76367 78 58 34
10.001 -0.018576 -0.73056 77 57 32
10.105 -0.0051648 -0.77861 78 55 37
10.043 -0.028929 -0.79672 73 53 28
10.01 -0.018362 -0.87033 73 55 31
10.118 -0.069821 -0.82061 74 52 28
10.166 -0.053946 -0.88686 77 57 33
10.139 -0.06891 -0.79602 77 53 39
10.092 -0.047121 -0.83995 77 57 20
10.088 -0.039275 -0.86503 78 57 30
10.101 -0.034493 -0.78221 78 60 36
10.129 -0.056337 -0.76431 77 57 32
10.098 -0.098961 -0.76388 77 57 32
10.071 -0.084434 -0.83956 77 57 20
10.1 -0.052296 -0.81421 75 56 24
10.102 -0.060666 -0.78756 77 55 34
10.111 -0.10063 -0.82352 75 55 28
10.128 -0.082582 -0.85337 76 55 28
10.089 -0.050241 -0.7539 81 59 38
10.227 -0.016026 -0.74876 73 56 28
10.129 -0.045496 -0.87833 80 59 28
10.18 -0.085152 -0.77859 77 56 37
10.233 -0.096469 -0.85208 74 53 26
10.237 -0.10376 -0.8239 77 56 37
10.29 -0.097819 -0.77518 76 56 32
10.164 -0.092493 -0.86313 76 54 30
10.143 -0.094097 -0.80119 72 54 30
10.205 -0.11022 -0.75828 77 55 34
10.223 -0.091378 -0.87719 76 55 26
10.194 -0.10593 -0.78616 77 56 37
10.183 -0.092962 -0.75171 76 57 27
10.104 -0.11228 -0.88127 77 57 32
10.223 -0.12012 -0.79351 77 57 33
10.202 -0.092698 -0.81345 72 54 34
10.278 -0.12236 -0.8065 78 57 28
10.283 -0.11075 -0.83713 75 56 24
10.417 -0.10786 -0.76905 74 54 30
10.31 -0.10768 -0.9021 75 52 34
10.298 -0.12279 -0.87183 74 53 32
10.409 -0.10181 -0.79923 75 55 30
10.357 -0.11527 -0.8202 77 59 39
10.374 -0.097785 -0.76005 77 56 35
10.371 -0.11926 -0.88604 77 53 27
10.325 -0.091393 -0.75021 74 53 24
10.336 -0.10527 -0.78453 77 57 33
10.366 -0.10181 -0.85135 77 55 32
10.277 -0.094427 -0.89176 76 55 34
10.356 -0.11605 -0.91362 76 55 34
10.4 -0.12586 -0.83109 77 59 35
10.28 -0.1024 -0.86356 74 53 26
10.464 -0.13752 -0.81568 75 55 31
10.448 -0.14525 -0.90949 74 54 20
10.463 -0.16913 -0.91712 77 56 37
10.403 -0.1931 -0.81158 36 22 9
10.446 -0.12477 -0.78008 75 55 31
10.475 -0.12312 -0.84671 75 58 38
10.39 -0.14032 -0.89378 75 54 23
10.493 -0.13503 -0.78901 76 56 32
10.425 -0.12456 -0.80368 77 55 32
10.497 -0.14282 -0.76013 62 42 17
10.443 -0.14754 -0.90855 74 54 20
10.474 -0.154 -0.85243 73 55 31
10.476 -0.14335 -0.88389 72 52 28
9.9701 -0.030939 -0.88925 75 50 28
9.972 -0.020315 -0.91728 74 52 29
10.034 -0.022596 -0.90517 75 53 30
9.9428 -0.033995 -0.99432 72 54 32
10.035 -0.038484 -0.93845 73 52 23
10.009 -0.033509 -0.98742 76 54 31
9.9542 -0.011045 -0.96723 74 53 24
10.009 -0.026207 -0.92763 72 53 19
9.9965 -0.013796 -0.98017 74 55 23
10.001 -0.021216 -0.95342 72 54 34
9.9657 -0.014335 -0.94174 76 55 34
10.103 -0.039273 -0.92799 75 54 23
10.107 -0.055042 -0.96057 79 56 25
10.094 -0.051877 -0.98625 77 58 28
10.067 -0.04871 -0.94822 76 55 28
10.055 -0.089918 -1.0097 77 56 27
10.085 -0.058299 -0.89684 78 58 34
10.106 -0.074803 -0.90505 78 56 35
10.065 -0.039836 -0.97573 75 55 21
10.044 -0.053386 -0.88454 77 56 35
10.046 -0.10389 -0.97989 75 56 24
10.04 -0.033692 -1.0259 74 55 25
10.093 -0.072074 -0.92985 71 55 20
10.107 -0.035314 -1.0176 78 57 30
10.186 -0.10789 -1.0535 76 56 32
10.193 -0.095741 -0.99087 75 53 29
10.126 -0.091089 -1.0016 76 56 32
10.144 -0.071968 -1.0357 74 54 30
10.232 -0.077617 -0.90757 76 55 26
10.146 -0.10952 -0.92123 77 55 31
10.198 -0.10301 -0.96416 76 54 31
10.102 -0.1302 -1.0017 75 55 28
10.135 -0.10557 -0.94705 76 55 26
10.119 -0.11234 -1.0333 73 57 34
10.107 -0.10972 -0.97043 75 54 27
10.232 -0.10562 -0.91351 72 52 27
10.138 -0.076367 -0.94291 70 52 30
10.186 -0.11756 -1.0237 75 57 33
10.1 -0.10499 -0.90844 76 55 34
10.351 -0.10849 -0.94427 76 55 34
10.306 -0.12885 -1.0302 75 55 31
10.267 -0.13704 -0.95785 74 53 26
10.272 -0.12501 -0.98795 72 51 34
10.338 -0.10456 -1.0678 76 56 31
10.222 -0.12899 -1.0369 73 57 32
10.258 -0.12179 -1.0153 77 58 28
10.367 -0.12121 -0.98157 75 53 32
10.283 -0.11065 -0.92538 75 55 31
10.252 -0.11506 -0.95086 74 55 23
10.209 -0.12539 -1.0633 73 53 26
10.251 -0.1059 -0.97852 77 53 27
10.217 -0.11209 -1.0025 76 57 27
10.351 -0.15793 -0.98319 75 54 23
10.491 -0.14889 -1.0527 75 54 23
10.502 -0.13299 -0.98531 74 53 32
10.376 -0.11707 -1.0818 76 54 31
10.435 -0.15272 -1.1033 72 54 30
10.433 -0.13214 -0.96823 75 55 30
10.445 -0.14734 -1.0066 76 54 31
10.508 -0.14051 -0.95422 79 55 29
10.455 -0.13345 -1.0386 74 52 31
10.426 -0.12582 -1.097 76 56 32
10.435 -0.10097 -0.96319 77 57 30
10.45 -0.17596 -1.0131 76 54 31
10.374 -0.12803 -1.0483 75 55 31
10.407 -0.12367 -1.024 75 55 30
10.413 -0.14129 -1.063 78 54 26
10.475 -0.14552 -1.081 76 55 24
10.449 -0.1564 -1.0755 76 55 24
10.414 -0.20066 -0.97493 73 53 29
10.46 -0.18312 -1.0817 69 54 31
9.9042 -0.01711 -1.0935 70 53 27
9.9317 -0.034469 -1.1657 71 52 22
9.9467 -0.029069 -1.0815 71 50 29
9.9159 -0.020189 -1.0692 74 53 36
9.9811 -0.043632 -1.1567 67 52 19
9.9764 -0.039031 -1.0947 72 52 28
9.9918 -0.040427 -1.0704 71 54 24
9.9427 -0.038111 -1.141 71 51 27
10.001 -0.015779 -1.1289 72 54 30
9.9298 -0.02879 -1.1044 73 51 27
10.012 -0.039024 -1.048 69 54 25
9.9188 -0.037757 -1.0165 72 53 21
9.9565 -0.033261 -1.0568 71 50 23
9.8807 -0.036988 -1.1462 71 51 27
9.9736 -0.037968 -1.1823 72 53 23
9.9545 -0.0048975 -1.1406 72 51 24
10.056 -0.042776 -1.0619 73 53 28
10.089 -0.070795 -1.1079 76 55 28
10.087 -0.06353 -1.0461 79 58 31
10.065 -0.053504 -1.1907 73 52 23
10.055 -0.041239 -1.153 72 54 32
9.9929 -0.04696 -1.1322 69 53 20
9.9912 -0.065192 -1.1633 71 50 21
10.076 -0.059808 -1.0717 75 55 21
10.05 -0.053707 -1.1234 72 55 29
10.074 -0.050895 -1.1005 73 56 28
10.078 -0.085678 -1.0786 74 53 26
10.044 -0.039074 -1.0877 72 54 30
9.99 -0.058407 -1.102 73 54 22
10.094 -0.048095 -1.169 74 54 30
10.095 -0.057651 -1.1412 76 56 19
10.084 -0.081349 -1.1708 77 56 35
10.111 -0.10533 -1.1536 73 52 21
10.087 -0.11832 -1.0549 75 54 27
10.136 -0.11133 -1.1951 73 53 26
10.176 -0.11143 -1.1456 77 53 27
10.109 -0.079774 -1.0554 74 54 17
10.176 -0.10303 -1.0799 74 52 29
10.15 -0.10549 -1.1052 73 53 28
10.06 -0.083732 -1.1931 75 55 21
10.112 -0.096235 -1.0911 74 54 27
10.114 -0.084121 -1.2138 73 52 33
10.15 -0.11423 -1.1695 74 53 32
10.121 -0.090341 -1.1857 74 53 24
10.055 -0.1059 -1.1328 74 54 29
10.107 -0.11686 -1.1237 74 55 15
10.159 -0.13842 -1.1753 75 55 30
10.174 -0.12174 -1.2108 72 51 30
10.28 -0.13108 -1.1504 75 55 18
10.285 -0.1187 -1.0872 76 55 34
10.234 -0.15185 -1.237 76 51 29
10.231 -0.13367 -1.2004 74 53 34
10.275 -0.11353 -1.1143 73 53 29
10.173 -0.12281 -1.1144 74 53 32
10.356 -0.11599 -1.1081 78 55 37
10.224 -0.10841 -1.0962 73 53 16
10.24 -0.1393 -1.1715 76 51 31
10.246 -0.11714 -1.1367 73 53 26
10.253 -0.11318 -1.2384 73 55 33
10.23 -0.11483 -1.1647 74 55 15
10.3 -0.13152 -1.1257 75 54 33
10.283 -0.13899 -1.2202 75 53 30
10.426 -0.1462 -1.134 75 53 32
10.423 -0.13767 -1.1664 74 53 26
10.443 -0.13989 -1.2419 71 53 29
10.352 -0.12825 -1.1756 73 54 24
10.436 -0.15309 -1.2067 75 54 33
10.332 -0.17746 -1.244 72 54 30
10.357 -0.15593 -1.1828 73 53 29
10.344 -0.15187 -1.2108 77 54 36
10.364 -0.13284 -1.2483 74 53 32
10.32 -0.13267 -1.1983 75 52 34
10.325 -0.1501 -1.138 76 52 26
10.329 -0.13854 -1.2698 74 53 26
10.479 -0.14481 -1.1851 76 52 24
10.373 -0.13892 -1.1165 75 54 33
10.464 -0.18278 -1.1856 72 53 23
10.46 -0.1743 -1.2176 75 50 30
10.495 -0.18135 -1.2657 74 54 30
10.487 -0.16169 -1.1206 74 54 30
10.46 -0.15386 -1.2854 75 53 30
10.362 -0.22581 -1.2615 72 52 27
10.504 -0.14433 -1.1578 72 50 29
10.457 -0.1652 -1.2506 70 54 21
9.9338 -0.037105 -1.3196 73 51 27
9.9296 -0.049326 -1.2891 70 49 28
9.9469 -0.032775 -1.2327 73 55 33
9.962 -0.014282 -1.2671 73 56 38
9.8511 -0.040932 -1.2522 73 48 26
9.9012 -0.02878 -1.3024 72 53 13
9.9085 -0.034304 -1.2782 70 50 23
9.8762 -0.036309 -1.2327 71 54 34
9.9495 -0.048435 -1.2657 71 56 27
9.8823 -0.026413 -1.1741 73 54 24
9.8942 -0.0094977 -1.2073 69 53 28
9.9401 -0.046589 -1.2004 73 54 22
9.946 -0.016476 -1.1989 71 50 21
9.8962 -0.034593 -1.2125 73 52 25
9.8633 -0.013859 -1.3146 69 52 24
9.8487 -0.032367 -1.2802 69 54 13
9.9962 -0.060005 -1.2575 70 54 28
10.017 -0.038927 -1.2954 70 53 27
10.027 -0.063294 -1.2087 73 52 21
10.013 -0.048624 -1.3566 71 51 24
9.9985 -0.04152 -1.2236 72 55 9
10.059 -0.062528 -1.3481 68 50 26
9.9968 -0.052191 -1.1951 71 55 22
10.03 -0.052196 -1.2383 69 51 27
10.032 -0.068493 -1.2739 74 54 27
9.9991 -0.038426 -1.3179 69 52 22
10.053 -0.067152 -1.2516 72 52 28
10 -0.0579 -1.2585 70 54 28
10.085 -0.06073 -1.2309 69 49 24
10.025 -0.06239 -1.3006 71 48 30
9.9474 -0.059426 -1.2363 71 53 31
10.019 -0.05507 -1.3305 65 50 29
9.9588 -0.053174 -1.2403 71 53 31
10.028 -0.068409 -1.3673 74 53 34
9.9493 -0.055492 -1.3302 71 51 24
10.092 -0.13174 -1.2764 74 54 27
10.082 -0.12822 -1.2099 75 52 18
10.09 -0.08651 -1.2365 75 55 5
10.073 -0.085073 -1.2614 73 51 27
10.123 -0.09803 -1.2514 71 49 25
10.088 -0.10394 -1.3695 73 50 34
10.17 -0.073455 -1.3661 71 51 26
10.069 -0.095649 -1.3249 70 52 28
10.121 -0.12762 -1.2555 73 53 16
10.051 -0.094767 -1.35 68 50 26
10.068 -0.1055 -1.2955 76 55 34
10.163 -0.068206 -1.2948 75 54 33
10.083 -0.070021 -1.2956 74 54 29
10.088 -0.057371 -1.3288 71 50 23
10.097 -0.11959 -1.3098 76 54 33
10.169 -0.14277 -1.2454 73 53 26
10.203 -0.11596 -1.3886 72 52 25
10.28 -0.12056 -1.2833 74 49 26
10.096 -0.12857 -1.377 72 52 28
10.298 -0.1121 -1.2889 74 49 26
10.195 -0.12982 -1.3525 75 54 33
10.102 -0.13545 -1.3466 74 52 29
10.176 -0.1298 -1.2786 78 57 10
10.24 -0.13854 -1.3731 74 54 30
10.232 -0.12292 -1.3317 74 53 26
10.173 -0.12099 -1.3087 72 56 23
10.237 -0.12989 -1.4038 71 51 26
10.176 -0.1108 -1.2427 74 52 15
10.158 -0.11852 -1.3349 72 54 32
10.149 -0.13182 -1.4006 71 51 26
10.241 -0.12845 -1.3038 72 51 32
10.365 -0.14306 -1.3197 70 50 23
10.28 -0.14031 -1.4251 74 53 26
10.453 -0.14645 -1.318 73 51 30
10.395 -0.15152 -1.4764 71 50 23
10.376 -0.14848 -1.2895 73 53 16
10.39 -0.15297 -1.3662 74 54 27
10.408 -0.13512 -1.4063 75 54 33
10.4 -0.11797 -1.4717 71 52 22
10.355 -0.1477 -1.4237 72 52 27
10.367 -0.13204 -1.3534 72 54 32
10.445 -0.13942 -1.3498 73 52 23
10.309 -0.13722 -1.2971 71 51 24
10.294 -0.13414 -1.3255 72 53 23
10.365 -0.17481 -1.4308 72 52 25
10.32 -0.11213 -1.3667 76 56 31
10.315 -0.13487 -1.4037 73 53 28
10.305 -0.14917 -1.3676 75 53 32
10.446 -0.17215 -1.4637 70 52 30
10.494 -0.14025 -1.405 72 51 32
10.474 -0.18107 -1.4038 74 54 30
10.42 -0.16153 -1.4133 74 53 36
10.432 -0.1884 -1.424 75 54 33
10.4 -0.20043 -1.3059 73 52 25
10.505 -0.1463 -1.3749 75 54 27
10.419 -0.17345 -1.4875 76 51 28
9.8052 -0.02417 -1.4401 71 53 17
9.8805 -0.047198 -1.3576 70 50 25
9.8873 -0.029491 -1.4866 71 53 17
9.8219 -0.040637 -1.4521 69 51 27
9.883 -0.028962 -1.3262 71 51 26
9.896 -0.03484 -1.4592 67 50 30
9.929 -0.036688 -1.4117 66 48 26
9.8271 -0.031198 -1.3921 69 47 24
9.8608 -0.048102 -1.3811 67 50 32
9.8966 -0.011036 -1.3611 70 53 27
9.8032 -0.035257 -1.411 68 48 13
9.8265 -0.047902 -1.4252 66 50 14
9.9237 -0.032515 -1.347 69 50 33
9.8449 -0.030901 -1.3697 68 50 26
9.8948 -0.04574 -1.4278 70 50 13
9.8717 -0.032106 -1.4135 69 49 14
9.9198 -0.06892 -1.4128 69 49 12
9.9988 -0.071536 -1.4849 71 53 17
9.9368 -0.049676 -1.449 67 52 13
9.9521 -0.058554 -1.4918 73 52 31
10.025 -0.060082 -1.3971 68 51 23
9.972 -0.057864 -1.4694 71 49 25
9.998 -0.063993 -1.4195 66 49 31
9.9683 -0.06268 -1.3703 68 52 29
10.01 -0.047786 -1.4538 69 49 25
9.9759 -0.048526 -1.4037 68 51 23
9.9517 -0.044343 -1.3598 72 51 32
9.9393 -0.04098 -1.3861 69 51 29
9.894 -0.053392 -1.4912 72 52 15
9.8958 -0.062215 -1.4628 69 51 29
10.069 -0.075171 -1.3873 72 51 20
10.071 -0.064094 -1.4203 69 51 29
10.061 -0.06746 -1.5156 60 42 18
10.069 -0.11237 -1.4595 71 50 29
10.108 -0.053253 -1.5036 66 48 10
10.056 -0.10988 -1.3894 72 52 28
10.071 -0.082369 -1.4564 65 49 23
10.035 -0.072664 -1.4364 73 51 28
10.037 -0.061132 -1.4703 69 51 15
10.102 -0.076927 -1.435 71 52 35
10.104 -0.11515 -1.4094 71 51 27
10.057 -0.10825 -1.4866 64 50 23
10.112 -0.10083 -1.4463 72 53 21
10.108 -0.14151 -1.4174 73 51 28
10.188 -0.14236 -1.4211 73 52 31
10.199 -0.14753 -1.4927 71 51 26
10.098 -0.1366 -1.4458 69 51 27
10.13 -0.15004 -1.4629 71 51 26
10.132 -0.099942 -1.5215 62 44 6
10.09 -0.13039 -1.4747 69 46 28
10.187 -0.13315 -1.4503 70 52 30
10.154 -0.17807 -1.4436 74 51 35
10.286 -0.1582 -1.4653 74 54 29
10.279 -0.13067 -1.4584 70 50 25
9.818 -0.032662 -1.481 66 48 24
9.7645 -0.05427 -1.4854 67 49 25
9.81 -0.064018 -1.4806 58 42 16
9.9606 -0.0047197 -1.5585 13 7 7
10.121 -1.1958 -1.6748 48 32 15
10.095 -1.1675 -1.662 49 33 20
9.9799 -1.1736 -1.6361 49 34 13
10.072 -1.4199 -1.6563 38 24 13
10.115 -1.3884 -1.6712 40 26 15
10.142 -1.5542 -1.6397 45 29 14
10.022 -1.545 -1.6185 45 28 20
10.095 -1.8322 -1.6345 53 33 8
10.07 -1.7981 -1.6153 52 34 10
10.154 -1.7851 -1.578 64 50 23
10.018 -1.9158 -1.5518 54 42 20
9.9294 -1.9256 -1.5489 46 33 15
9.8368 -1.8804 -1.5016 58 41 21
10.07 -2.0148 -1.5859 51 37 24
10.144 -1.9999 -1.6143 54 40 11
10.155 -1.9717 -1.6179 52 42 15
10.195 -1.9817 -1.5981 54 40 11
9.987 -2.0551 -1.5611 42 33 16
10.353 -2.2435 -1.7079 44 32 16
10.121 -2.2119 -1.5747 39 32 14
10.024 -2.2121 -1.5696 44 32 16
10.177 -2.2921 -1.5404 46 29 19
9.9965 -2.2057 -1.5274 45 36 17
10.998 -2.623 -1.9415 50 38 24
9.6249 -0.39693 -1.6801 31 12 6
9.8541 -0.22466 -1.7295 19 15 4
9.7779 -0.29754 -1.6687 37 19 9
9.8227 -0.23027 -1.7474 36 12 0
9.6149 -0.38453 -1.6434 32 16 1
9.8306 -0.2459 -1.6848 16 8 5
9.655 -0.76606 -1.6758 65 50 17
9.6618 -0.90118 -1.6718 42 24 4
9.6983 -0.86564 -1.6896 44 24 13
9.7095 -0.92293 -1.6716 40 34 10
9.967 -1.1691 -1.6642 45 28 20
9.9031 -1.1357 -1.6905 44 32 20
9.9077 -1.1409 -1.663 46 28 4
9.7448 -1.1441 -1.6736 43 33 21
9.7583 -1.17 -1.6885 43 29 16
9.7892 -1.1442 -1.6633 50 38 24
9.8618 -1.1749 -1.6413 50 28 15
9.6703 -1.1484 -1.6594 43 31 15
9.7622 -1.1805 -1.622 50 29 8
9.9045 -1.2047 -1.6358 43 27 14
9.944 -1.2301 -1.6648 47 30 10
9.9646 -1.2046 -1.6328 46 28 16
9.9092 -1.2385 -1.6132 44 26 12
9.887 -1.3211 -1.6486 41 28 9
9.9407 -1.3237 -1.6402 44 26 16
9.7247 -1.342 -1.6654 50 38 14
9.9706 -1.4113 -1.6772 40 23 15
9.9657 -1.3816 -1.6665 43 26 9
10.126 -1.3833 -1.717 46 24 11
9.9723 -1.416 -1.6435 44 26 16
9.9496 -1.377 -1.6888 45 31 18
9.8316 -1.4735 -1.5823 43 26 9
10.035 -1.5065 -1.6908 37 25 3
10.036 -1.4456 -1.6775 45 26 9
9.893 -1.4986 -1.6498 45 29 6
9.8526 -1.5262 -1.6362 49 30 14
9.8357 -1.5296 -1.5932 47 29 7
9.8928 -1.765 -1.63 56 38 16
9.8696 -1.7902 -1.621 53 36 16
10 -1.8153 -1.6233 51 33 11
9.8459 -1.7839 -1.6442 55 38 20
9.9872 -1.8426 -1.619 50 34 17
9.8545 -1.8416 -1.6566 40 29 9
9.8378 -1.7801 -1.6752 58 42 19
9.8776 -1.8168 -1.6629 50 36 25
9.9771 -1.783 -1.6114 51 35 10
9.9136 -1.7996 -1.6124 51 33 9
9.6967 -1.9005 -1.5363 46 25 4
9.8429 -1.9015 -1.6012 48 26 13
10.073 -1.8893 -1.6311 52 41 22
9.7915 -1.8888 -1.6018 41 25 12
9.8935 -1.8849 -1.5862 46 28 6
9.8242 -1.8677 -1.6187 47 28 21
9.9428 -1.8911 -1.6442 47 28 11
9.9654 -1.9271 -1.6282 45 28 10
9.7745 -1.9675 -1.6103 38 20 16
9.7675 -1.9658 -1.6056 38 20 16
9.7514 -1.9894 -1.6043 34 19 12
9.8885 -1.9949 -1.6355 36 25 5
9.7625 -2.0725 -1.6198 35 20 0
9.6926 -2.0021 -1.5796 36 21 18
9.7886 -2.0524 -1.6307 34 22 0
9.9603 -2.1311 -1.6261 39 23 6
10 -2.173 -1.6193 39 24 5
9.7346 -2.1465 -1.59 33 24 7
9.8406 -2.1512 -1.642 40 24 0
9.7175 -2.089 -1.5749 32 18 9
10.032 -2.1801 -1.6656 38 22 9
9.8458 -2.1261 -1.6059 31 16 13
9.7318 -2.0911 -1.6102 38 21 11
9.8201 -2.1464 -1.5984 34 21 13
9.9362 -2.1574 -1.5619 38 24 13
9.8323 -2.1487 -1.6377 40 24 0
9.8149 -2.0904 -1.5887 40 24 9
9.8244 -2.091 -1.6226 27 19 6
9.9821 -2.2289 -1.5581 45 33 11
10.033 -2.2139 -1.609 36 22 13
10.094 -2.2292 -1.665 36 21 14
9.7142 -2.2193 -1.5933 36 21 0
9.9189 -2.2084 -1.5611 40 20 9
9.9925 -2.2604 -1.5639 39 30 13
9.8458 -2.2949 -1.5774 36 27 12
9.7069 -2.2428 -1.5919 38 20 0
9.7314 -2.254 -1.5842 33 20 2
9.8966 -2.3403 -1.6045 41 25 8
9.8291 -2.2875 -1.5962 39 19 20
9.5154 -0.32719 -1.683 34 19 14
9.5555 -0.31219 -1.7749 42 8 19
9.3549 -0.40346 -1.616 29 17 5
9.3722 -0.40075 -1.6849 37 19 9
9.4844 -0.37493 -1.7295 36 18 4
9.4086 -0.35769 -1.7056 35 17 5
9.6891 -0.25148 -1.8271 38 16 1
9.3541 -0.47882 -1.6862 25 11 0
9.6244 -0.38904 -1.7077 37 12 16
9.4348 -0.47051 -1.7158 38 21 4
9.3898 -0.43846 -1.7024 30 7 15
9.3289 -0.49936 -1.641 39 17 20
9.3015 -0.52729 -1.655 41 18 10
9.5375 -0.49546 -1.7015 46 15 7
9.3873 -0.56305 -1.6971 36 18 14
9.4047 -0.51647 -1.6707 36 14 16
9.416 -0.55799 -1.6869 27 18 11
9.5192 -0.45479 -1.6817 36 19 2
9.5281 -0.49176 -1.7246 40 23 3
9.5582 -0.49389 -1.6871 41 24 4
9.407 -0.53093 -1.705 27 15 17
9.4067 -0.50787 -1.6994 38 18 17
9.5727 -0.45453 -1.7197 43 19 15
9.5358 -0.463 -1.7286 41 23 1
9.5136 -0.48982 -1.7477 38 14 14
9.458 -0.56307 -1.7201 41 22 16
9.5336 -0.57091 -1.7137 38 21 4
9.6026 -0.52537 -1.7195 38 20 0
9.4264 -0.60053 -1.7028 41 17 17
9.394 -0.63725 -1.687 38 20 16
9.5387 -0.54364 -1.7159 35 18 0
9.5776 -0.4942 -1.7633 36 21 2
9.5938 -0.49529 -1.7428 32 20 0
9.5557 -0.51964 -1.6908 41 22 15
9.4827 -0.5845 -1.7103 39 24 17
9.3842 -0.58745 -1.7007 34 15 17
9.4311 -0.64543 -1.719 39 20 13
9.4387 -0.62637 -1.6873 37 19 15
9.3888 -0.69251 -1.6664 48 24 20
9.3763 -0.69038 -1.6862 41 23 13
9.3706 -0.74566 -1.6622 51 30 25
9.4597 -0.69667 -1.6873 47 36 14
9.4976 -0.67563 -1.741 45 28 11
9.579 -0.77542 -1.6931 66 43 35
9.4875 -0.78437 -1.7206 62 47 24
9.6143 -0.77138 -1.6845 61 44 24
9.4472 -0.82127 -1.6989 54 34 9
9.4443 -0.7739 -1.6906 62 44 22
9.4738 -0.77068 -1.6824 56 37 20
9.515 -0.7886 -1.683 69 52 26
9.4871 -0.79074 -1.6947 55 37 17
9.494 -0.78216 -1.7257 62 47 24
9.4972 -0.76953 -1.6715 95 71 35
9.5227 -0.80472 -1.7182 53 32 15
9.3755 -0.81338 -1.6791 54 35 21
9.3071 -0.89222 -1.5887 54 33 16
9.4859 -0.87096 -1.676 55 34 3
9.4574 -0.8483 -1.6841 56 35 8
9.5696 -0.82868 -1.6967 53 33 22
9.5646 -0.80503 -1.6882 57 39 15
9.4589 -0.84212 -1.7095 56 34 19
9.529 -0.83405 -1.6989 58 36 13
9.499 -0.81808 -1.6772 64 41 23
9.4242 -0.95314 -1.6822 40 26 15
9.4629 -0.92585 -1.6693 49 25 11
9.5007 -0.94054 -1.7014 44 26 12
9.3809 -0.98696 -1.6621 43 28 7
9.4835 -0.99938 -1.6749 41 26 7
9.4583 -1.029 -1.6635 40 25 4
8.4299 -1.2641 -1.0238 42 29 13
9.5095 -1.0244 -1.6655 40 27 9
9.4659 -0.99174 -1.7205 41 24 14
9.3467 -1.0411 -1.6468 41 21 12
9.4067 -0.98676 -1.6482 43 26 6
9.4242 -1.0306 -1.6668 42 23 17
9.588 -0.96951 -1.6416 43 28 5
9.4669 -0.99743 -1.6892 43 26 16
9.6664 -0.92598 -1.6852 42 25 7
9.49 -1.0529 -1.6567 40 27 9
9.4891 -1.0476 -1.6847 43 26 6
9.6629 -1.0381 -1.671 40 24 11
9.4702 -1.1002 -1.6822 45 23 8
9.6623 -1.0324 -1.6979 42 25 7
9.4408 -1.0809 -1.6602 45 23 8
9.6634 -1.0263 -1.7286 39 27 15
9.6441 -1.0676 -1.6631 42 29 13
9.5044 -1.0751 -1.6686 40 25 6
9.4444 -1.0508 -1.6826 40 23 5
9.5417 -1.1045 -1.6388 41 28 12
9.6886 -1.1294 -1.766 37 20 12
9.5903 -1.1279 -1.6431 47 30 4
9.6696 -1.0899 -1.6822 38 24 13
9.4832 -1.128 -1.666 42 21 16
9.5019 -1.1304 -1.6483 41 26 7
9.4299 -1.131 -1.6606 45 28 2
9.6185 -1.15 -1.6596 45 28 0
9.6297 -1.1429 -1.6987 41 24 7
9.5963 -1.1217 -1.6737 42 30 6
9.4447 -1.1774 -1.6786 34 24 22
9.416 -1.1571 -1.6587 48 24 14
9.5865 -1.092 -1.6927 43 25 15
9.5472 -1.1437 -1.7079 46 25 6
9.6162 -1.1761 -1.6663 40 24 1
9.7159 -1.1966 -1.7002 46 30 15
9.429 -1.2084 -1.6483 39 22 4
9.4247 -1.233 -1.649 41 23 9
9.4382 -1.2559 -1.6623 40 27 8
9.5016 -1.175 -1.6847 33 25 4
9.5539 -1.1737 -1.6848 41 23 13
9.3865 -1.2562 -1.656 40 24 7
9.5918 -1.2048 -1.6584 43 26 6
9.3794 -1.2331 -1.6488 41 27 18
9.5872 -1.1746 -1.6763 40 23 16
9.6749 -1.1744 -1.6732 42 34 11
9.4197 -1.2047 -1.6699 40 21 5
9.5244 -1.2827 -1.6611 40 21 15
9.4224 -1.3057 -1.6578 42 26 0
9.4665 -1.3071 -1.6599 38 25 6
9.4332 -1.2807 -1.6601 38 22 5
9.4475 -1.284 -1.6425 34 23 4
9.5443 -1.3112 -1.6463 41 22 15
9.4582 -1.2587 -1.6467 37 22 0
9.5387 -1.307 -1.6738 39 24 17
9.3946 -1.3314 -1.6461 39 23 6
9.505 -1.3228 -1.5743 43 36 10
9.4471 -1.3328 -1.6508 31 23 0
9.4952 -1.3346 -1.6526 46 23 7
9.534 -1.3371 -1.6486 49 22 15
9.6204 -1.3375 -1.6711 44 28 15
9.4623 -1.3566 -1.6656 37 26 6
9.6445 -1.3673 -1.6528 47 36 17
9.3895 -1.3555 -1.6483 37 22 17
9.5158 -1.3631 -1.6407 43 25 15
9.5752 -1.3652 -1.6456 42 27 6
9.5935 -1.4207 -1.638 47 32 11
9.579 -1.4467 -1.6358 44 28 15
9.3865 -1.4548 -1.6355 44 22 11
9.6916 -1.4509 -1.6646 48 36 10
9.5565 -1.3914 -1.6381 42 25 17
9.5937 -1.4164 -1.663 45 27 15
9.4944 -1.4594 -1.6753 43 27 4
9.39 -1.431 -1.6326 44 25 11
9.7473 -1.4237 -1.6942 50 35 14
9.3965 -1.4825 -1.619 46 28 6
9.3712 -1.4783 -1.6293 44 24 13
9.4373 -1.5839 -1.633 56 39 21
9.5186 -1.5931 -1.654 49 32 14
9.4264 -1.5556 -1.65 43 28 7
9.4106 -1.5788 -1.6442 45 28 18
9.4096 -1.6061 -1.6226 54 35 21
9.5087 -1.6206 -1.6232 95 73 32
9.5233 -1.6718 -1.6383 75 48 27
9.4912 -1.6408 -1.6472 52 36 10
9.4786 -1.6425 -1.6077 109 81 50
9.4729 -1.6143 -1.6304 52 34 12
9.4702 -1.7367 -1.6489 54 37 20
9.3919 -1.7727 -1.6097 56 36 11
9.4434 -1.7569 -1.6351 38 22 5
9.4275 -1.8025 -1.6347 44 30 21
9.4269 -1.8788 -1.5942 38 25 6
9.4636 -1.86 -1.637 42 25 15
9.5595 -1.8567 -1.6629 41 28 9
9.4397 -1.8313 -1.6196 45 24 21
9.4237 -1.8759 -1.6183 42 25 5
9.5452 -1.8812 -1.6289 40 29 10
9.4619 -1.862 -1.6096 39 24 5
9.5236 -1.927 -1.629 42 30 4
9.4549 -1.9068 -1.641 41 24 7
9.444 -1.9303 -1.6115 41 24 6
9.572 -1.9647 -1.628 38 30 19
9.5019 -1.9243 -1.5899 40 28 16
9.459 -1.9096 -1.6147 40 24 9
9.5204 -2.0293 -1.5559 37 27 17
9.6359 -2.008 -1.6399 39 27 15
9.4267 -2.0694 -1.5946 37 17 6
9.5941 -2.0749 -1.5999 34 23 4
9.4595 -2.056 -1.6132 35 15 14
9.4436 -2.0991 -1.613 40 21 14
9.6663 -2.1765 -1.5946 36 19 11
9.4361 -2.1206 -1.6132 38 20 0
9.731 -2.1719 -1.6292 36 19 1
9.4382 -2.1938 -1.6012 39 21 11
9.4489 -2.1731 -1.5998 43 21 8
9.4049 -2.2039 -1.5815 45 22 14
9.4657 -2.2998 -1.6034 35 19 6
9.5291 -2.3013 -1.6049 39 33 7
9.4624 -2.2741 -1.5952 47 28 21
9.4596 -2.3214 -1.6045 36 22 13
9.6455 -2.3506 -1.5592 42 24 12
9.6048 -2.4087 -1.6623 42 32 7
9.4584 -2.3447 -1.6073 37 20 13
9.4498 -2.388 -1.581 33 24 17
9.4634 -2.3705 -1.5854 46 34 20
9.5767 -2.6741 -1.6363 17 19 14
9.266 -0.34496 -1.6793 31 12 0
9.2479 -0.34668 -1.696 32 15 5
9.1522 -0.38085 -1.6993 37 17 10
9.2171 -0.38681 -1.6776 32 14 4
9.3303 -0.31508 -1.6986 37 21 8
9.1671 -0.38687 -1.6642 24 17 9
9.2034 -0.45168 -1.7042 31 23 2
9.1635 -0.45246 -1.6723 36 18 0
9.2768 -0.40504 -1.6996 34 19 14
9.2409 -0.39598 -1.6933 31 17 4
9.2202 -0.45008 -1.6914 33 13 22
9.2457 -0.41383 -1.7068 28 10 6
9.1927 -0.52151 -1.7109 37 21 6
9.0828 -0.551 -1.6512 39 21 9
9.2708 -0.43128 -1.6963 35 17 5
9.2208 -0.51626 -1.6977 35 23 11
9.1341 -0.62171 -1.5736 37 19 9
9.1717 -0.57545 -1.7005 35 17 7
9.2173 -0.54571 -1.6792 38 22 7
9.1403 -0.57001 -1.6737 38 22 9
9.1925 -0.63652 -1.703 30 16 5
9.3565 -0.56946 -1.7039 32 18 7
9.3171 -0.55704 -1.7017 34 15 0
9.454 -0.47723 -1.7612 38 18 9
9.1805 -0.66366 -1.6962 32 16 17
9.2819 -0.59509 -1.6853 34 18 5
9.2476 -0.67697 -1.669 34 12 15
9.2531 -0.66726 -1.7025 35 16 0
9.4085 -0.56161 -1.7747 30 17 9
9.2497 -0.6675 -1.616 35 20 0
9.356 -0.61558 -1.7127 33 15 3
9.2099 -0.6569 -1.6954 37 20 3
9.3592 -0.64453 -1.6909 33 20 2
9.2106 -0.70708 -1.6745 36 18 14
9.2861 -0.66786 -1.6682 35 20 0
9.1943 -0.68523 -1.6877 39 20 4
9.1604 -0.71384 -1.6952 35 19 4
9.1663 -0.69051 -1.6932 32 19 1
9.1821 -0.77597 -1.694 37 23 14
9.389 -0.67855 -1.7226 41 23 11
9.4236 -0.69603 -1.7212 42 25 18
9.1658 -0.73962 -1.6751 33 22 0
9.1768 -0.79018 -1.6405 38 21 11
9.1726 -0.73689 -1.68 33 22 0
9.3258 -0.72587 -1.6833 42 24 10
9.1676 -0.76009 -1.6802 40 23 3
9.3466 -0.67218 -1.689 39 25 16
9.189 -0.77973 -1.6726 40 25 18
9.217 -0.7478 -1.687 39 20 4
9.3635 -0.76483 -1.6883 46 27 13
9.1997 -0.82466 -1.6642 42 24 14
9.2242 -0.78818 -1.7034 39 24 1
9.3011 -0.77316 -1.7059 48 31 24
9.3273 -0.7997 -1.6722 48 35 17
9.2752 -0.76035 -1.6815 48 35 19
9.4121 -0.71704 -1.747 48 27 10
9.3123 -0.79856 -1.6882 57 31 16
9.3845 -0.73405 -1.6986 49 31 11
9.2629 -0.78062 -1.7041 38 22 9
9.2464 -0.81482 -1.6696 57 44 26
9.1694 -0.8563 -1.6469 37 25 9
9.3111 -0.85062 -1.6674 49 28 9
9.3202 -0.81891 -1.6958 48 30 8
9.367 -0.79663 -1.7601 47 33 24
9.3375 -0.81893 -1.6862 46 26 17
9.2615 -0.84801 -1.7148 38 26 14
9.3383 -0.85297 -1.7439 39 32 14
9.3384 -0.82923 -1.7443 40 24 11
9.2959 -0.84912 -1.6855 47 28 11
9.1756 -0.8911 -1.6847 43 25 11
9.2947 -0.87204 -1.6891 43 28 7
9.0829 -0.91096 -1.5644 43 29 18
9.3291 -0.86781 -1.6839 40 25 4
9.3511 -0.84414 -1.668 46 28 16
9.3329 -0.91821 -1.6703 47 28 21
9.3072 -0.91959 -1.6789 43 28 7
9.1818 -0.96484 -1.6486 43 26 18
9.297 -0.8941 -1.6936 48 30 10
9.1739 -0.94 -1.666 39 25 0
9.3527 -0.8665 -1.6753 46 28 16
9.1992 -0.93272 -1.6847 39 25 0
9.1937 -0.95606 -1.6836 39 26 10
9.2532 -0.9509 -1.6746 41 25 8
9.3518 -0.88994 -1.6781 43 26 16
9.2333 -0.90717 -1.6746 46 29 21
9.3037 -0.94311 -1.6822 40 23 3
9.2638 -0.89174 -1.7275 37 25 0
9.1693 -0.98383 -1.6733 41 27 0
9.3648 -0.98548 -1.6739 45 31 20
9.1974 -1.0253 -1.6746 43 27 10
9.2583 -1.0222 -1.6602 40 27 8
9.3188 -0.96207 -1.6961 43 30 0
9.3087 -0.94755 -1.6576 43 30 22
9.2955 -0.99052 -1.6864 42 27 6
9.2568 -0.97213 -1.6821 38 23 16
9.1619 -1.0072 -1.6701 43 26 0
9.17 -0.98921 -1.6453 42 26 9
9.2228 -0.99756 -1.6865 41 27 18
9.4172 -0.94915 -1.7044 47 29 15
9.2393 -0.99889 -1.6716 40 26 17
9.248 -1.0188 -1.6854 34 28 2
9.1902 -1.0218 -1.6956 37 28 0
9.2268 -1.068 -1.6752 36 23 5
9.3358 -1.0328 -1.693 42 30 8
9.1565 -1.0776 -1.6521 36 21 0
9.3032 -1.0626 -1.6752 39 25 14
9.3577 -1.0569 -1.6855 42 26 9
9.2086 -1.0936 -1.6662 38 25 7
9.2692 -1.0418 -1.6746 41 29 7
9.2416 -1.0427 -1.6816 39 26 10
9.2385 -1.0706 -1.6575 39 25 14
9.1587 -1.0558 -1.6502 38 22 0
9.2289 -1.1339 -1.6899 40 31 16
9.3173 -1.1338 -1.672 39 23 6
9.2841 -1.1117 -1.6705 37 24 6
9.3599 -1.08 -1.6891 39 25 12
9.2618 -1.138 -1.6622 33 21 0
9.3141 -1.1114 -1.6649 41 26 7
9.2772 -1.0904 -1.6617 40 27 8
9.1871 -1.1629 -1.6625 37 25 9
9.2609 -1.1333 -1.686 39 22 5
9.2082 -1.1204 -1.6446 41 26 21
9.2683 -1.087 -1.6818 39 27 5
9.3455 -1.176 -1.6987 39 22 4
9.3437 -1.1811 -1.6711 40 28 6
9.4026 -1.154 -1.6798 50 24 9
9.3516 -1.1566 -1.6716 38 25 16
9.3145 -1.208 -1.6559 38 24 23
9.4007 -1.1782 -1.6801 40 23 16
9.2923 -1.1558 -1.6855 38 22 9
9.3671 -1.1493 -1.709 42 27 8
9.281 -1.2076 -1.6598 35 24 4
9.2446 -1.2611 -1.6178 46 23 7
9.3307 -1.2338 -1.645 35 21 12
9.1368 -1.2678 -1.5709 46 26 1
9.3763 -1.2571 -1.6498 40 24 7
9.1562 -1.2789 -1.639 34 22 0
9.3628 -1.2539 -1.6703 35 18 0
9.2509 -1.2743 -1.6786 37 24 5
9.3021 -1.2325 -1.6517 44 23 6
9.2472 -1.2522 -1.6716 38 19 12
9.2388 -1.2487 -1.6951 31 24 8
9.3783 -1.2049 -1.6722 37 20 10
9.2819 -1.2801 -1.6479 40 24 11
9.2757 -1.2763 -1.6692 41 23 19
9.2535 -1.3008 -1.6578 33 23 14
9.3557 -1.3017 -1.6698 34 21 3
9.3729 -1.3047 -1.6549 40 26 17
9.2052 -1.3184 -1.6809 35 24 2
9.3033 -1.3242 -1.6685 39 23 8
9.3554 -1.3253 -1.6724 40 16 16
9.1923 -1.3233 -1.6461 34 20 7
9.3459 -1.2789 -1.6613 30 23 0
9.2372 -1.3427 -1.6809 38 20 10
9.1563 -1.3003 -1.643 32 21 0
9.3568 -1.2824 -1.6414 39 23 8
9.3555 -1.3294 -1.6498 39 23 8
9.2653 -1.3225 -1.6692 37 24 8
9.2509 -1.2968 -1.681 42 23 9
9.2187 -1.3476 -1.6416 40 20 9
9.2736 -1.3034 -1.6453 39 21 7
9.1575 -1.3002 -1.6443 32 21 0
9.3568 -1.3764 -1.66 38 21 13
9.3182 -1.3969 -1.6633 38 25 9
9.3566 -1.3487 -1.6805 33 21 7
9.2584 -1.3681 -1.6741 37 23 14
9.2871 -1.3938 -1.6712 38 22 7
9.4014 -1.3791 -1.663 40 21 15
9.2794 -1.3713 -1.6628 36 23 5
9.3141 -1.3739 -1.6564 32 24 3
9.3698 -1.3524 -1.6666 42 25 18
9.1983 -1.3668 -1.6564 40 24 11
9.3643 -1.4 -1.6715 37 30 24
9.36 -1.4038 -1.6366 33 23 14
9.3122 -1.3468 -1.6801 36 24 0
9.3507 -1.4509 -1.6403 43 23 12
9.3669 -1.4273 -1.6458 49 27 16
9.2399 -1.4398 -1.6489 36 21 16
9.2212 -1.4363 -1.6616 36 23 15
9.2798 -1.4206 -1.6446 40 24 0
9.3058 -1.4434 -1.6655 41 24 6
9.3338 -1.4741 -1.6336 43 22 17
9.3332 -1.4473 -1.6592 46 22 10
9.2508 -1.4398 -1.6553 38 23 18
9.218 -1.4584 -1.6621 38 25 9
9.2456 -1.4173 -1.647 36 14 16
9.2312 -1.5066 -1.6543 48 25 9
9.1851 -1.5235 -1.6504 42 23 6
9.332 -1.5205 -1.6402 43 25 13
9.2438 -1.5295 -1.6673 41 22 6
9.3629 -1.5252 -1.6331 47 30 13
9.2496 -1.533 -1.6433 41 24 7
9.2135 -1.5026 -1.6662 44 23 6
9.4319 -1.5037 -1.6713 43 25 11
9.2476 -1.6032 -1.6293 56 39 29
9.3728 -1.5968 -1.6543 49 33 18
9.3743 -1.5999 -1.6262 51 36 15
9.1926 -1.5955 -1.6176 42 24 4
9.2044 -1.5495 -1.6419 40 25 6
9.2462 -1.5552 -1.6449 45 25 14
9.2901 -1.5839 -1.652 41 23 9
9.3094 -1.5885 -1.6381 46 29 11
9.1929 -1.5707 -1.6379 39 26 7
9.166 -1.5903 -1.6233 40 22 8
9.3487 -1.5713 -1.6323 46 29 19
9.2568 -1.5785 -1.6576 44 26 4
9.3584 -1.5486 -1.6356 49 30 23
9.3124 -1.6118 -1.6442 42 25 15
9.1825 -1.6134 -1.6395 42 23 16
9.3348 -1.6661 -1.6135 84 57 22
9.4037 -1.6471 -1.6802 58 35 19
9.3903 -1.6487 -1.6438 65 42 24
9.1906 -1.6388 -1.6241 44 25 19
9.2451 -1.6476 -1.6355 42 30 18
9.2912 -1.6556 -1.6402 57 35 14
9.429 -1.6284 -1.6631 56 39 22
9.2461 -1.6699 -1.639 49 31 19
9.2742 -1.6281 -1.6498 42 33 16
9.2703 -1.6558 -1.5975 51 29 14
9.1947 -1.6609 -1.6293 41 26 7
9.352 -1.6183 -1.6413 47 31 18
9.2048 -1.6184 -1.6297 44 26 14
9.2884 -1.6328 -1.636 50 28 4
9.17 -1.6338 -1.6346 41 24 6
9.3234 -1.708 -1.6404 43 24 17
9.335 -1.7123 -1.6208 50 31 17
9.3628 -1.7423 -1.6163 74 51 17
9.2198 -1.7349 -1.6052 45 22 16
9.3808 -1.7214 -1.623 81 63 49
9.3592 -1.6924 -1.634 63 40 0
9.3074 -1.7287 -1.6337 44 26 4
9.1651 -1.6786 -1.6112 40 23 15
9.3761 -1.7415 -1.649 44 27 9
9.3039 -1.6826 -1.6251 50 28 13
9.1999 -1.6861 -1.6123 44 27 20
9.2348 -1.7813 -1.6217 36 24 8
9.1999 -1.7943 -1.6262 40 23 16
9.2721 -1.7457 -1.6141 42 24 4
9.2738 -1.7686 -1.6204 44 22 7
9.3202 -1.7791 -1.6244 42 20 7
9.22 -1.7766 -1.64 41 22 18
9.2941 -1.7971 -1.6118 42 23 6
9.2786 -1.7491 -1.5915 44 25 11
9.3555 -1.7879 -1.6221 45 33 19
9.2751 -1.7911 -1.6236 44 24 0
9.3969 -1.7713 -1.6423 51 33 21
9.2641 -1.7643 -1.6366 42 20 5
9.3654 -1.8124 -1.6267 40 31 16
9.2516 -1.7601 -1.6578 48 21 12
9.4225 -1.8713 -1.6711 35 23 7
9.4519 -1.8312 -1.6536 42 26 3
9.3689 -1.8366 -1.6349 45 24 5
9.3118 -1.8708 -1.6085 34 19 0
9.1659 -1.8094 -1.6108 39 21 9
9.3861 -1.8421 -1.6164 42 24 14
9.1974 -1.8612 -1.6147 32 24 11
9.3224 -1.8253 -1.6329 43 24 10
9.4367 -1.8768 -1.6554 36 23 14
9.3368 -1.899 -1.6251 35 23 9
9.1884 -1.8804 -1.6114 41 16 12
9.3868 -1.9151 -1.6063 39 22 14
9.262 -1.9023 -1.6111 35 16 0
9.1863 -1.9014 -1.6138 37 18 2
9.1642 -1.8972 -1.5737 37 18 2
9.403 -1.8927 -1.6337 38 16 18
9.4731 -1.96 -1.6622 38 20 18
9.3525 -1.9052 -1.6125 39 22 14
9.2886 -1.8848 -1.6524 36 19 9
9.2796 -1.8841 -1.6179 38 23 0
9.2638 -1.9048 -1.5884 38 23 2
9.1773 -1.8779 -1.605 41 16 12
9.389 -1.9157 -1.6079 39 22 14
9.4616 -1.9572 -1.6559 38 20 18
9.2649 -1.9248 -1.6139 36 22 11
9.3308 -1.9224 -1.6 33 26 10
9.2721 -1.9282 -1.5922 36 21 0
9.2002 -1.8853 -1.596 36 23 7
9.2662 -1.925 -1.6142 36 22 11
9.2814 -1.9515 -1.6288 34 19 0
9.2903 -1.9554 -1.6079 35 18 0
9.3399 -1.9496 -1.5856 39 19 21
9.3337 -1.9689 -1.6104 37 20 0
9.2433 -1.9632 -1.6079 38 19 3
9.2973 -1.98 -1.6173 38 21 3
9.3499 -1.9502 -1.6159 39 20 16
9.2628 -1.991 -1.6251 34 20 9
9.3509 -1.9967 -1.6254 42 21 0
9.2718 -1.9951 -1.6059 35 16 12
9.2007 -1.9283 -1.602 35 18 10
9.1572 -1.9582 -1.578 38 21 13
9.2419 -2.0066 -1.6139 40 20 13
9.2872 -2.0216 -1.6169 40 18 20
9.2642 -2.0372 -1.6086 44 21 15
9.3286 -2.0355 -1.6164 40 16 4
9.1981 -2.0133 -1.6127 37 22 0
9.2545 -2.033 -1.6284 41 20 3
9.3007 -2.0048 -1.5975 35 17 0
9.2521 -2.0551 -1.6037 43 20 2
9.2245 -2.0454 -1.6131 42 21 2
9.1876 -1.9884 -1.6011 29 18 0
9.21 -2.1053 -1.6142 24 17 1
9.2532 -2.1218 -1.6169 27 18 9
9.3996 -2.1314 -1.5936 38 21 13
9.2136 -2.1287 -1.5942 36 23 7
9.3493 -2.1825 -1.5766 45 17 14
9.3629 -2.1877 -1.5849 45 17 14
9.3186 -2.1707 -1.5859 38 17 0
9.3997 -2.1549 -1.5985 39 22 12
9.3281 -2.152 -1.5891 39 18 1
9.2569 -2.1674 -1.5992 35 17 13
9.3101 -2.19 -1.6124 36 22 9
9.2343 -2.1796 -1.6119 35 18 1
9.2333 -2.1578 -1.6095 35 20 0
9.2845 -2.1795 -1.5671 46 17 9
9.3974 -2.1772 -1.6001 36 15 0
9.298 -2.1616 -1.6244 34 12 14
9.4446 -2.2904 -1.6165 33 18 11
9.2662 -2.2157 -1.6144 39 19 21
9.3338 -2.2666 -1.6068 38 19 2
9.5444 -2.2818 -1.6976 36 18 18
9.3152 -2.2135 -1.6152 37 18 11
9.2587 -2.1906 -1.606 31 20 1
9.2304 -2.2232 -1.5971 36 21 0
9.2508 -2.2097 -1.5792 38 12 15
9.455 -2.2709 -1.619 37 18 12
9.3068 -2.2325 -1.5855 32 16 3
9.2513 -2.2328 -1.587 31 15 0
9.3829 -2.2643 -1.6052 38 19 3
9.3234 -2.2166 -1.5909 25 18 2
9.3921 -2.2925 -1.5923 34 21 3
9.2628 -2.2589 -1.5948 38 17 14
9.3808 -2.3114 -1.5918 35 17 15
9.2478 -2.2737 -1.612 39 17 4
9.3049 -2.2772 -1.5947 40 21 17
9.3864 -2.3362 -1.5955 34 21 5
9.2704 -2.3066 -1.6072 47 19 18
9.4692 -2.373 -1.6152 32 15 8
9.2741 -2.2638 -1.6018 38 17 14
9.2927 -2.2943 -1.5915 38 23 18
9.2285 -2.2657 -1.5772 38 14 14
9.2358 -2.247 -1.6032 30 13 0
9.2529 -2.2758 -1.6145 39 17 4
9.2169 -2.2817 -1.5967 44 22 9
9.3902 -2.4082 -1.6102 34 15 0
9.417 -2.3733 -1.5904 33 17 4
9.4097 -2.3933 -1.6147 37 14 6
9.3876 -2.4066 -1.5824 32 17 10
9.2665 -2.371 -1.5902 39 17 4
9.1641 -2.3 -1.5482 47 25 4
9.4398 -2.4081 -1.6095 40 17 11
9.232 -2.3538 -1.5918 38 22 0
9.2611 -2.3462 -1.6311 42 21 4
9.2572 -2.3887 -1.6123 36 20 3
9.2373 -2.4006 -1.6033 35 19 4
9.2191 -2.4134 -1.5968 39 20 6
9.2947 -2.4068 -1.5852 34 21 3
9.2648 -2.392 -1.5915 40 20 13
9.3858 -2.4293 -1.6112 29 21 0
9.2491 -2.3846 -1.6072 36 20 3
9.294 -2.4309 -1.6188 36 9 2
9.3948 -2.5517 -1.6125 29 14 7
9.3587 -2.533 -1.6184 30 9 6
9.2192 -2.4789 -1.5852 29 8 3
9.2921 -2.4726 -1.571 34 17 0
9.3683 -2.5137 -1.5928 30 10 0
9.3631 -2.4872 -1.5844 31 16 0
9.3312 -2.5617 -1.5805 37 11 0
9.3514 -2.5975 -1.5989 33 12 9
9.3434 -2.5427 -1.5293 32 17 12
9.2524 -2.5196 -1.5868 24 10 7
9.4195 -2.6097 -1.5771 31 15 0
9.3769 -2.5644 -1.6032 31 10 7
9.1892 -2.4834 -1.5695 33 16 0
9.4008 -2.5538 -1.5887 31 12 0
9.297 -2.5444 -1.5893 23 15 12
9.4147 -2.6094 -1.6055 33 13 4
9.3161 -2.6454 -1.5884 26 11 8
9.3845 -2.6625 -1.5985 30 11 7
9.3107 -2.5944 -1.5511 25 14 8
9.3642 -2.6478 -1.558 33 17 2
9.3994 -2.6251 -1.6029 30 10 9
9.3924 -2.6919 -1.6091 34 10 8
9.06 -0.43204 -1.7145 35 16 12
9.1259 -0.38803 -1.7076 36 16 9
8.9466 -0.57741 -1.6389 41 20 0
9.117 -0.50493 -1.6962 38 15 7
9.0509 -0.53334 -1.6737 36 20 7
9.162 -0.45848 -1.7281 27 17 7
9.011 -0.56076 -1.6947 42 17 12
9.094 -0.57849 -1.693 32 18 5
9.1015 -0.55421 -1.694 35 15 6
9.0522 -0.55325 -1.6759 33 21 5
9.097 -0.61895 -1.6987 33 16 22
9.0501 -0.63417 -1.6917 34 17 9
9.1693 -0.54764 -1.7224 34 16 4
9.0195 -0.62287 -1.6874 33 14 10
8.9832 -0.65417 -1.6857 33 19 10
8.9878 -0.67759 -1.6711 25 17 4
9.0311 -0.63722 -1.699 28 16 2
9.0703 -0.64441 -1.7123 29 21 0
9.0727 -0.6509 -1.6849 31 18 0
9.0705 -0.6855 -1.7177 30 13 6
9.0248 -0.68712 -1.6753 34 22 8
9.0707 -0.69206 -1.6927 31 13 3
9.1047 -0.68991 -1.6692 41 24 7
8.9958 -0.69357 -1.6797 26 16 4
9.0633 -0.6886 -1.7132 30 13 6
9.1109 -0.64013 -1.6865 37 17 10
9.0847 -0.67253 -1.672 40 22 10
9.0739 -0.69708 -1.671 37 16 21
9.1116 -0.69535 -1.7238 31 15 0
9.078 -0.71576 -1.6767 35 15 17
9.0892 -0.7576 -1.6714 39 23 6
9.0514 -0.74086 -1.6862 31 20 0
9.1618 -0.73449 -1.6999 31 22 3
9.0017 -0.79525 -1.6788 35 17 3
9.0484 -0.74855 -1.6586 27 18 1
9.1277 -0.70145 -1.6853 34 22 6
8.9825 -0.78399 -1.658 34 17 7
8.9981 -0.81602 -1.6815 36 24 0
9.0861 -0.81427 -1.7047 38 20 10
9.1589 -0.77196 -1.7301 38 24 15
9.1744 -0.75119 -1.7103 31 23 0
9.0433 -0.83645 -1.6454 40 23 15
9.1257 -0.81143 -1.6861 39 27 11
9.0428 -0.82471 -1.6952 42 17 20
9.0665 -0.77479 -1.7073 31 15 0
9.0265 -0.81074 -1.6803 32 18 18
9.146 -0.7837 -1.6915 37 25 3
9.0725 -0.88681 -1.6777 40 25 22
9.0769 -0.84413 -1.6762 42 18 16
9.0074 -0.87753 -1.6748 37 19 17
9.1498 -0.85107 -1.6844 40 21 4
9.1742 -0.83073 -1.7541 40 26 13
9.0553 -0.87821 -1.6355 33 22 16
9.024 -0.89721 -1.6673 38 23 0
9.1049 -0.88138 -1.6796 34 24 15
9.0313 -0.87454 -1.6711 35 20 0
9.074 -0.83934 -1.6984 34 21 13
9.0666 -0.91437 -1.6542 36 25 5
9.0582 -0.91155 -1.6726 42 26 13
9.0397 -0.93214 -1.6868 37 23 12
8.5875 -1.1108 -1.3014 36 22 11
9.0318 -0.91451 -1.6774 39 23 10
9.1339 -0.91955 -1.6836 43 29 0
9.1394 -0.89647 -1.6869 40 24 9
9.1867 -0.97398 -1.7103 41 25 8
9.0976 -0.99228 -1.6706 37 24 6
9.1013 -0.97076 -1.6675 40 23 13
9.0334 -0.99427 -1.6949 43 23 16
9.1667 -0.93644 -1.6875 43 25 15
9.1444 -0.96408 -1.6745 41 25 8
9.0248 -0.98226 -1.6561 27 23 0
9.1117 -0.94691 -1.6725 41 22 15
9.1583 -1.0243 -1.6965 38 22 5
9.1224 -1.0538 -1.6769 41 25 0
9.097 -1.0134 -1.6716 42 24 10
9.1292 -1.0102 -1.6718 44 28 11
9.1297 -1.0101 -1.6722 44 28 11
9.067 -1.1231 -1.6688 32 19 11
9.1266 -1.0689 -1.7108 34 23 17
9.0628 -1.1035 -1.6617 32 20 8
9.151 -1.0738 -1.6739 38 26 4
9.0341 -1.1049 -1.6635 35 23 0
9.1825 -1.0454 -1.6933 43 26 9
9.0758 -1.0757 -1.6901 42 26 0
9.0672 -1.1436 -1.6736 36 19 11
9.0761 -1.167 -1.6619 39 21 17
9.1598 -1.141 -1.668 37 21 4
9.1869 -1.1581 -1.6906 37 23 10
9.1196 -1.1433 -1.6639 41 25 8
9.0584 -1.1904 -1.6514 39 28 9
9.0724 -1.1472 -1.6527 40 27 9
9.1308 -1.1625 -1.6769 40 22 12
9.1091 -1.2291 -1.671 39 20 13
9.0541 -1.2319 -1.6557 40 22 22
9.0977 -1.1932 -1.6296 35 22 6
9.1531 -1.2064 -1.6757 39 21 11
9.1163 -1.2324 -1.6532 41 21 10
9.0937 -1.2059 -1.6815 43 26 9
9.126 -1.2057 -1.6798 37 24 8
9.1147 -1.1862 -1.6676 38 24 0
9.1294 -1.252 -1.6652 36 23 7
9.1516 -1.2538 -1.657 39 21 7
9.134 -1.2901 -1.703 38 25 16
9.0538 -1.2729 -1.6621 41 21 22
9.1295 -1.2945 -1.6733 39 26 8
9.167 -1.2737 -1.6717 40 20 19
9.1297 -1.2732 -1.671 37 23 0
9.0976 -1.2514 -1.6678 37 20 12
9.1041 -1.2717 -1.6758 39 22 12
9.147 -1.2971 -1.6607 36 20 3
9.1623 -1.2526 -1.6646 39 21 7
9.1781 -1.36 -1.6935 31 28 11
9.2063 -1.3404 -1.6866 38 27 8
9.1499 -1.3183 -1.6681 41 23 9
9.0247 -1.34 -1.6274 33 24 9
9.0488 -1.3589 -1.6494 34 25 8
9.0755 -1.3612 -1.6452 37 24 8
9.0832 -1.3608 -1.6506 37 24 8
9.0706 -1.3408 -1.6391 41 25 2
9.1323 -1.3409 -1.6599 43 24 10
9.0189 -1.3568 -1.6516 34 22 8
9.0432 -1.3223 -1.6124 41 23 3
9.0791 -1.3853 -1.6263 40 26 0
9.0559 -1.4031 -1.6385 38 24 11
9.0954 -1.4265 -1.6464 36 22 11
9.0633 -1.3994 -1.6673 41 25 12
9.0826 -1.4232 -1.6616 40 22 10
8.9545 -1.4409 -1.5902 40 22 10
9.1622 -1.3646 -1.6557 31 22 7
9.0846 -1.4198 -1.6894 40 22 10
9.114 -1.4052 -1.6568 39 21 17
9.0528 -1.4031 -1.6361 38 24 11
9.046 -1.383 -1.6268 38 20 10
9.0205 -1.3804 -1.6322 39 25 12
9.1078 -1.4897 -1.6687 41 21 14
9.0855 -1.4649 -1.6722 39 21 9
9.1047 -1.4474 -1.6571 42 24 14
9.0871 -1.4617 -1.6994 42 26 1
9.0003 -1.4806 -1.6339 38 24 11
9.042 -1.4847 -1.6425 41 23 1
9.1342 -1.4297 -1.6517 41 24 7
9.0819 -1.4682 -1.6443 41 22 18
9.0541 -1.444 -1.6436 37 21 8
9.1873 -1.5205 -1.6802 38 25 6
9.084 -1.5306 -1.6571 40 20 13
9.0991 -1.5314 -1.6694 40 20 13
9.1063 -1.4928 -1.641 38 22 5
9.068 -1.5092 -1.6416 41 21 12
9.1749 -1.5447 -1.6474 46 25 8
9.0261 -1.5477 -1.6171 42 26 9
9.1008 -1.5346 -1.646 40 23 5
9.0657 -1.506 -1.6652 38 22 9
9.1455 -1.54 -1.6524 41 24 7
9.111 -1.5139 -1.647 37 24 5
9.0045 -1.5235 -1.6201 38 23 0
9.1095 -1.5381 -1.6274 41 24 7
9.031 -1.5452 -1.6459 39 21 9
9.1703 -1.5876 -1.6486 41 25 0
9.0994 -1.5554 -1.648 39 23 8
9.0577 -1.5907 -1.6479 39 26 10
9.1676 -1.5659 -1.6463 38 22 7
9.2594 -1.5691 -1.7379 50 35 16
9.0782 -1.5718 -1.6603 42 23 19
9.1358 -1.6032 -1.654 49 30 23
9.0808 -1.5956 -1.6415 42 25 17
9.1483 -1.6073 -1.64 41 23 11
9.0408 -1.6095 -1.6389 37 24 8
9.038 -1.6295 -1.64 40 23 3
9.117 -1.6649 -1.6538 41 26 7
9.0679 -1.656 -1.642 38 21 11
9.1613 -1.6488 -1.6799 50 39 20
9.1657 -1.6307 -1.6575 42 25 7
9.1935 -1.6582 -1.6544 41 22 8
9.0618 -1.6143 -1.6305 40 24 9
9.0601 -1.6525 -1.6601 38 19 3
9.0407 -1.6323 -1.6175 42 22 13
9.1066 -1.7265 -1.6583 38 20 10
9.0309 -1.6914 -1.6207 36 21 0
9.0814 -1.7059 -1.5843 32 18 7
9.0358 -1.7125 -1.6293 36 21 0
9.0418 -1.6729 -1.6257 40 22 10
9.072 -1.6795 -1.6243 43 24 18
9.0633 -1.6987 -1.6211 42 27 20
9.0831 -1.7249 -1.6176 42 23 7
9.1431 -1.7371 -1.6344 44 22 7
9.1122 -1.7506 -1.6412 27 19 8
9.1931 -1.748 -1.6451 40 21 5
9.0485 -1.737 -1.6181 37 19 5
9.028 -1.7732 -1.6089 39 20 14
9.0233 -1.7705 -1.6307 35 16 12
9.0796 -1.7632 -1.6447 38 19 2
9.0364 -1.7529 -1.6365 37 20 12
9.1275 -1.7554 -1.6264 40 21 17
9.1656 -1.7644 -1.6274 42 21 0
9.1625 -1.7853 -1.6299 37 19 9
9.165 -1.8306 -1.6149 40 23 6
9.1191 -1.8393 -1.6098 37 20 0
9.1062 -1.8139 -1.622 35 21 8
9.1351 -1.8011 -1.6148 39 19 12
9.128 -1.8206 -1.6137 38 21 1
9.1412 -1.8463 -1.6011 35 19 2
9.1057 -1.8974 -1.639 31 20 1
9.133 -1.9055 -1.6298 40 18 5
9.176 -1.9186 -1.6358 36 19 12
9.1483 -1.9133 -1.5952 37 21 8
9.1614 -1.8934 -1.6216 37 18 2
9.1705 -1.8741 -1.6218 36 15 10
9.0578 -1.8826 -1.6253 37 20 0
9.0969 -1.8719 -1.6476 37 17 6
9.0155 -1.8501 -1.6145 33 15 13
9.0657 -1.9484 -1.5943 34 16 0
9.1234 -1.9256 -1.6042 35 22 3
9.1339 -1.9702 -1.6176 35 20 1
9.0961 -1.9163 -1.6082 33 15 1
9.1586 -2.0003 -1.6146 40 23 3
9.1289 -2.0316 -1.6258 36 14 16
9.1806 -1.9853 -1.6226 45 14 19
9.1641 -2.0233 -1.6223 38 23 2
9.0852 -1.9942 -1.6391 39 15 3
9.1189 -2.0072 -1.6143 35 19 2
9.0793 -1.993 -1.6097 37 15 15
9.0576 -2.0052 -1.6218 38 21 3
9.0781 -2.013 -1.6122 36 14 16
9.0639 -1.9669 -1.6203 31 20 1
9.0905 -1.9779 -1.593 36 21 0
9.0925 -1.9771 -1.6168 36 17 13
9.161 -2.0653 -1.6014 39 21 17
9.0671 -2.05 -1.6123 37 22 1
9.1278 -2.0735 -1.6065 35 17 3
9.175 -2.0918 -1.6157 39 18 1
9.071 -2.0732 -1.5982 38 16 18
9.0971 -2.0619 -1.6106 32 18 9
9.1004 -2.0426 -1.6099 41 16 20
9.0829 -2.0348 -1.6173 36 17 1
9.1523 -2.0404 -1.6173 37 20 2
9.2082 -2.1261 -1.6158 23 21 0
9.1895 -2.14 -1.6324 38 22 0
9.0861 -2.1406 -1.595 41 15 18
9.1512 -2.1461 -1.61 40 23 5
9.0891 -2.1405 -1.6171 35 19 0
9.1568 -2.1481 -1.5857 27 14 0
9.1772 -2.1353 -1.5975 32 13 15
9.1262 -2.1139 -1.609 38 19 5
9.1874 -2.1177 -1.6274 42 18 14
9.1399 -2.0993 -1.6202 40 21 5
9.1002 -2.1253 -1.5995 34 17 0
9.1366 -2.1612 -1.6037 42 20 5
9.0789 -2.1575 -1.5917 40 16 14
9.1644 -2.2577 -1.6119 38 15 9
9.1466 -2.2707 -1.6039 34 16 6
9.0742 -2.2168 -1.6 33 15 5
9.0747 -2.2366 -1.6011 35 18 1
9.1146 -2.2353 -1.6041 30 15 10
9.1127 -2.2548 -1.6052 39 17 6
9.1123 -2.2133 -1.5982 34 14 5
9.0936 -2.2873 -1.6 31 19 3
9.2314 -2.354 -1.6169 40 19 0
9.0885 -2.3055 -1.6007 30 16 5
9.1959 -2.3163 -1.6191 24 22 7
9.1391 -2.2875 -1.5998 33 17 4
9.064 -2.2521 -1.598 31 14 4
9.0989 -2.269 -1.5992 28 18 6
9.0782 -2.2799 -1.6128 39 11 7
9.1193 -2.3416 -1.6239 33 14 7
9.1105 -2.3353 -1.5674 34 18 5
9.1885 -2.3537 -1.5906 32 13 9
9.1792 -2.3932 -1.6191 35 21 10
9.0214 -2.3301 -1.5618 39 16 10
9.1809 -2.3931 -1.5944 34 18 1
9.1163 -2.3601 -1.6 28 18 6
9.2136 -2.3895 -1.6155 40 13 6
9.0791 -2.3414 -1.6002 27 14 5
9.0891 -2.367 -1.5877 29 21 0
9.1298 -2.4303 -1.5976 34 15 0
9.0811 -2.3842 -1.6099 33 15 5
9.1646 -2.4493 -1.5758 29 8 3
9.0564 -2.4096 -1.5537 32 16 3
9.1294 -2.4103 -1.6195 31 19 7
9.1166 -2.4237 -1.6126 26 17 18
9.1708 -2.4952 -1.5852 28 18 6
9.0617 -2.4746 -1.5892 31 12 6
9.1556 -2.4885 -1.6029 29 8 5
9.0813 -2.4658 -1.5788 29 14 11
9.1921 -2.4861 -1.5957 33 14 0
9.1014 -2.457 -1.6096 35 17 7
9.0782 -2.4644 -1.5982 30 17 0
9.1227 -2.4683 -1.5995 30 14 0
9.1302 -2.4508 -1.5779 28 10 6
9.0878 -2.5322 -1.5933 37 20 12
9.068 -2.4987 -1.5759 28 17 0
9.0873 -2.4894 -1.5841 34 12 14
9.2438 -2.6262 -1.5996 35 13 0
9.1592 -2.6167 -1.5763 50 35 16
9.0816 -2.5492 -1.5926 38 22 9
9.1844 -2.6116 -1.5897 36 22 13
