2290
-0.55164 0.15594 -0.79602 0.19424 25.243 37.54 0.053279
23.087 38.727 0.44817 136 108 77
22.91 38.788 0.45607 94 74 47
22.971 38.761 0.47197 161 64 92
23.105 38.722 0.46697 206 164 116
23.012 38.745 0.49043 190 76 110
23.09 38.792 0.49029 94 74 47
23.088 38.812 0.43991 90 70 43
23.071 38.769 0.4725 97 77 50
23.078 38.789 0.44421 91 71 47
23.069 38.765 0.44829 114 86 57
23.086 38.789 0.46777 94 77 51
23.088 38.817 0.4644 92 70 47
23.079 38.77 0.49396 101 77 49
23.09 38.821 0.4876 91 71 46
23.093 38.843 0.46024 90 68 44
23.104 38.871 0.48022 88 67 46
23.091 38.884 0.50746 88 68 44
23.096 38.847 0.48428 90 70 45
23.113 38.895 0.47677 88 68 43
23.105 38.895 0.4536 84 67 41
23.087 38.876 0.46043 89 69 44
23.085 38.843 0.43996 90 68 47
23.101 38.967 0.49952 86 65 44
23.124 38.947 0.46977 85 68 42
23.1 38.928 0.45257 87 67 43
23.131 38.973 0.46485 87 67 43
23.088 38.946 0.5037 87 67 43
23.107 38.953 0.45022 86 65 46
23.101 38.908 0.50353 87 66 47
23.103 38.931 0.47581 83 67 41
23.111 38.997 0.5194 87 67 40
23.132 39.034 0.46003 85 65 38
23.14 38.972 0.48887 87 65 42
23.145 39.029 0.48314 85 65 41
23.128 39.005 0.46459 85 67 45
23.126 39.012 0.48924 84 67 41
23.116 39.055 0.51434 85 64 43
23.109 39.029 0.51768 85 63 39
23.113 39.153 0.50894 83 65 43
23.119 39.144 0.48099 86 66 41
23.129 39.078 0.50893 85 65 41
23.137 39.141 0.52713 86 66 42
23.113 39.116 0.48469 84 66 42
23.147 39.054 0.45587 86 64 41
23.133 39.069 0.48322 86 65 44
23.127 39.11 0.50833 86 66 41
22.877 38.728 0.39379 141 102 35
22.801 38.754 0.34784 128 92 50
22.728 38.783 0.32945 163 125 79
22.903 38.745 0.38193 98 78 44
22.793 38.782 0.31738 105 82 51
22.772 38.774 0.37765 126 95 49
22.865 38.758 0.36335 100 77 46
22.824 38.773 0.34118 107 82 52
22.906 38.755 0.30272 101 77 49
22.95 38.761 0.42335 90 70 46
23.095 38.74 0.39539 111 88 57
23.115 38.736 0.295 107 84 53
23.104 38.73 0.37114 109 86 55
22.987 38.765 0.38962 100 79 52
23.082 38.708 0.35316 97 76 47
22.969 38.745 0.39803 92 72 47
23.028 38.727 0.31174 99 75 47
22.975 38.777 0.41672 106 85 58
22.925 38.763 0.37658 95 75 48
23.054 38.739 0.42948 114 89 57
22.93 38.755 0.35043 97 76 47
22.92 38.754 0.32716 101 79 40
23.081 38.737 0.35 107 81 56
23.023 38.764 0.33282 108 84 50
23.065 38.712 0.33159 100 76 50
22.945 38.801 0.31628 101 80 49
23.093 38.827 0.38773 88 66 43
23.075 38.785 0.42125 92 72 47
23.099 38.789 0.36624 86 66 39
23.083 38.775 0.39529 89 71 47
23.081 38.789 0.31974 87 67 43
23.095 38.82 0.36335 85 65 40
23.104 38.747 0.32017 97 71 44
23.097 38.801 0.41442 89 68 47
23.061 38.806 0.347 88 66 42
23.091 38.765 0.36988 89 69 45
23.09 38.761 0.34574 87 67 42
23.087 38.82 0.3407 87 67 42
23.081 38.818 0.31622 86 66 42
23.088 38.78 0.29468 87 68 38
23.076 38.756 0.42284 105 79 54
23.098 38.795 0.38995 89 67 43
23.1 38.852 0.38383 85 65 38
23.096 38.844 0.3362 83 63 38
23.108 38.871 0.35553 84 62 41
23.093 38.84 0.31178 86 64 41
23.106 38.889 0.42938 86 66 41
23.079 38.92 0.3579 82 62 35
23.078 38.915 0.3336 84 63 42
23.1 38.896 0.30577 84 64 39
23.101 38.87 0.33271 85 65 41
23.096 38.86 0.40956 87 66 45
23.091 38.892 0.40772 87 67 43
23.072 38.845 0.41599 87 67 40
23.093 38.886 0.38265 84 64 37
23.084 38.856 0.36241 85 63 40
23.098 38.864 0.4328 86 68 44
23.097 38.868 0.30809 84 66 42
23.112 38.975 0.42051 84 64 39
23.085 38.972 0.32602 84 64 39
23.089 38.944 0.35305 84 63 36
23.102 38.946 0.40051 84 63 44
23.103 38.91 0.37786 83 63 38
23.098 38.969 0.34592 84 63 44
23.102 38.987 0.448 86 65 44
23.098 38.943 0.37625 83 64 34
23.119 38.965 0.39438 84 64 39
23.107 38.948 0.42223 85 65 41
23.097 38.924 0.42846 86 65 44
23.121 38.984 0.34106 85 63 40
23.12 38.98 0.31617 84 64 39
23.078 38.945 0.32979 81 63 39
23.104 38.97 0.37137 83 60 42
23.111 38.91 0.40164 83 66 40
23.134 38.904 0.29833 85 64 43
23.12 39.016 0.33904 83 63 39
23.124 39.024 0.38805 84 64 40
23.124 39.029 0.41331 84 64 40
23.133 39.059 0.43429 84 64 40
23.123 39.051 0.36047 83 63 36
23.125 39.055 0.38552 84 63 36
23.113 39 0.39358 82 64 40
23.114 39.015 0.31464 85 65 40
23.117 38.992 0.36724 83 64 30
23.121 39.046 0.3354 85 64 33
23.129 38.994 0.41552 85 64 43
23.135 39.011 0.36163 83 64 32
23.11 39.012 0.44359 85 65 40
23.136 39.052 0.40931 84 64 37
23.115 39.04 0.43969 83 65 41
23.15 39.057 0.32882 86 67 37
23.123 39.04 0.31045 83 65 41
23.133 39.096 0.45568 84 67 41
23.127 39.106 0.32781 82 64 42
23.139 39.103 0.35159 86 66 42
23.229 39.093 0.30894 84 64 39
23.136 39.115 0.40312 84 64 40
23.138 39.109 0.37762 84 63 32
23.135 39.121 0.42883 85 64 43
23.123 39.087 0.38259 83 63 39
23.154 39.06 0.35324 83 63 38
23.15 39.142 0.42414 84 63 42
23.139 39.124 0.45237 84 64 40
23.131 39.152 0.40128 82 64 40
23.152 39.12 0.32198 84 65 35
23.182 39.107 0.3675 82 64 40
23.136 39.137 0.34807 85 63 39
23.131 39.087 0.406 83 63 38
23.123 39.098 0.43327 83 66 40
23.189 39.118 0.44144 87 67 43
22.747 38.787 0.24137 125 84 38
22.755 38.758 0.27001 199 154 89
22.685 38.812 0.21591 122 82 29
22.68 38.801 0.30473 164 127 81
22.828 38.759 0.28912 106 83 50
22.769 38.745 0.24155 197 149 87
22.868 38.763 0.25345 96 75 48
22.877 38.765 0.27973 100 79 48
22.784 38.775 0.2645 130 91 36
22.799 38.774 0.1516 96 73 42
22.821 38.769 0.17736 97 73 45
22.735 38.774 0.15776 179 136 76
22.818 38.783 0.23239 99 74 44
22.895 38.762 0.16907 92 70 46
22.838 38.766 0.20349 97 73 45
22.733 38.781 0.1858 161 121 72
23.077 38.723 0.27788 101 77 49
22.969 38.746 0.26798 98 77 48
23.094 38.737 0.24915 105 82 51
23.099 38.712 0.15147 92 71 44
22.893 38.769 0.19569 94 70 42
23.11 38.74 0.17075 94 73 42
23.007 38.744 0.20915 92 71 42
22.968 38.753 0.29276 100 76 48
22.95 38.751 0.24422 97 72 49
23.051 38.75 0.20279 92 71 40
22.997 38.744 0.18549 95 71 45
23.092 38.743 0.27302 107 84 53
23.046 38.729 0.23087 94 73 42
23.095 38.743 0.14716 95 71 45
23.043 38.736 0.25611 102 78 50
22.96 38.758 0.16202 91 70 43
22.939 38.751 0.21858 95 72 41
23.068 38.746 0.22787 103 80 49
23.088 38.827 0.23861 82 65 39
23.088 38.803 0.26743 84 66 44
23.087 38.775 0.27052 84 64 40
23.106 38.788 0.24048 83 63 39
23.095 38.783 0.19172 82 62 35
23.069 38.82 0.29268 84 66 42
23.09 38.791 0.21729 80 62 38
23.099 38.752 0.19682 92 68 42
23.103 38.802 0.16348 82 62 37
23.09 38.78 0.16744 83 63 36
23.072 38.778 0.24709 84 67 39
23.099 38.826 0.26255 86 66 42
23.096 38.817 0.21243 81 64 38
23.098 38.758 0.22008 91 70 41
23.098 38.81 0.18811 82 63 33
23.115 38.906 0.2507 83 62 41
23.111 38.873 0.22932 83 63 38
23.108 38.855 0.28198 85 65 38
23.124 38.895 0.22391 82 62 37
23.094 38.859 0.25896 84 64 40
23.107 38.87 0.20408 82 62 38
23.104 38.836 0.18372 83 63 38
23.112 38.883 0.27926 82 65 35
23.104 38.883 0.25496 83 63 38
23.098 38.87 0.18042 80 63 35
23.113 38.842 0.23279 82 61 40
23.099 38.845 0.20916 80 62 38
23.107 38.9 0.20067 81 61 36
23.1 38.831 0.28696 82 65 39
23.094 38.837 0.15983 82 62 38
23.105 38.86 0.15467 82 62 37
23.114 38.89 0.17417 81 63 39
23.106 38.931 0.19648 79 62 32
23.164 38.909 0.26624 83 63 39
23.108 38.94 0.24607 82 64 40
23.141 38.93 0.2945 84 64 40
23.133 38.95 0.21577 79 62 36
23.118 38.954 0.19168 83 61 38
23.141 38.895 0.27461 82 65 35
23.137 38.963 0.2884 85 65 40
23.132 38.92 0.21947 80 65 36
23.119 38.979 0.1618 82 62 37
23.13 38.982 0.21183 81 61 36
23.108 38.925 0.17018 80 61 31
23.138 38.957 0.26455 82 65 39
23.118 38.949 0.16597 82 63 33
23.125 38.98 0.18658 82 61 40
23.121 38.963 0.2418 83 64 32
23.115 39.056 0.20457 82 62 38
23.147 39.018 0.28179 83 63 36
23.141 39.017 0.25722 81 63 41
23.124 39.065 0.28061 85 64 43
23.126 39.011 0.18349 79 62 36
23.126 39.022 0.23434 79 61 37
23.137 39.035 0.17755 81 61 34
23.127 39.069 0.30581 84 63 42
23.138 39.008 0.20773 79 62 36
23.119 38.995 0.23837 83 63 38
23.14 39.065 0.17462 82 62 35
23.129 39.052 0.22907 83 63 39
23.115 39.009 0.28909 84 64 39
23.139 39.049 0.25397 83 63 39
23.154 39.06 0.19814 82 62 38
23.109 39.008 0.26431 84 64 39
23.129 39.148 0.21748 80 63 37
23.15 39.095 0.1943 82 62 38
23.154 39.125 0.18972 82 61 40
23.141 39.118 0.27148 83 65 43
23.155 39.102 0.24541 82 65 39
23.158 39.143 0.29271 83 65 43
23.133 39.113 0.22139 81 63 43
23.144 39.094 0.16866 80 62 40
23.164 39.064 0.24744 82 62 37
23.132 39.082 0.22523 80 62 38
23.133 39.097 0.30203 81 64 38
23.145 39.142 0.24186 81 63 39
23.128 39.095 0.27643 83 62 43
23.139 39.124 0.29773 84 63 42
23.153 39.12 0.16425 80 62 40
23.118 39.168 0.2703 84 63 42
23.309 39.043 0.20145 80 62 40
23.19 39.13 0.18317 80 63 37
22.78 38.784 0.0068113 115 80 35
22.724 38.773 0.12971 178 133 78
22.91 38.761 0.058055 92 71 44
22.701 38.778 0.099377 168 127 73
22.753 38.804 0.035309 93 69 43
22.831 38.783 0.11751 90 71 41
22.742 38.79 0.097083 118 83 35
22.841 38.771 0.089999 92 71 42
22.698 38.805 0.068322 143 106 64
22.905 38.758 0.032024 90 70 43
22.778 38.76 0.041817 156 116 65
22.753 38.791 0.12553 117 80 34
22.697 38.793 0.010941 147 113 62
22.869 38.751 0.064254 93 72 43
22.867 38.77 0.1429 93 70 37
22.864 38.773 0.0043126 92 71 42
23.06 38.752 0.09929 90 70 45
23.065 38.743 0.072751 91 70 43
23.054 38.732 0.12812 91 70 43
22.941 38.762 0.13719 90 69 38
22.991 38.754 0.078315 91 70 39
22.933 38.767 0.00023769 90 71 39
23.102 38.746 0.043778 87 67 42
23.024 38.742 0.10357 90 70 45
23.001 38.743 0.052663 92 68 42
23.093 38.717 0.024072 91 70 41
23.086 38.743 0.12161 90 69 42
23.095 38.745 0.01835 90 69 40
23.116 38.744 0.066217 90 68 44
22.955 38.749 0.11119 90 68 45
22.91 38.767 0.08431 91 69 45
22.963 38.757 0.026335 91 70 39
23.073 38.734 0.047924 91 70 43
23.106 38.779 0.063246 83 62 35
23.096 38.801 0.13867 80 60 33
23.092 38.768 0.11778 81 61 37
23.105 38.833 0.028112 81 60 39
23.108 38.765 0.14271 81 64 36
23.103 38.815 0.083636 81 64 38
23.108 38.796 0.0082464 81 61 34
23.095 38.79 0.088972 80 62 38
23.101 38.822 0.10869 79 62 36
23.092 38.781 0.038175 81 61 34
23.086 38.767 0.093029 87 66 39
23.114 38.785 0.11365 83 63 39
23.107 38.767 0.013758 81 61 34
23.111 38.805 0.058588 79 61 37
23.099 38.829 0.13492 80 63 37
23.116 38.797 0.03374 80 60 35
23.118 38.82 0.0039428 79 59 35
23.134 38.892 0.094846 78 60 38
23.108 38.913 0.12066 79 61 39
23.111 38.846 0.10353 79 62 34
23.106 38.838 0.05388 81 61 36
23.125 38.911 0.013659 78 61 33
23.106 38.884 0.12514 81 61 36
23.113 38.875 0.098921 80 62 38
23.106 38.874 0.074261 80 63 37
23.099 38.894 0.15011 81 60 39
23.123 38.893 0.070279 79 61 37
23.11 38.891 0.018319 78 61 33
23.108 38.853 0.12947 80 63 35
23.116 38.837 0.079426 80 62 38
23.13 38.848 0.024083 78 61 33
23.113 38.864 0.050235 78 60 36
23.116 38.892 0.044136 80 61 29
23.133 38.974 0.02961 81 61 36
23.142 38.948 0.085644 80 63 37
23.128 38.931 0.11522 79 61 39
23.128 38.915 0.039209 80 61 31
23.149 38.98 0.10568 79 62 36
23.115 38.934 0.090207 80 63 37
23.124 38.971 0.1357 80 62 38
23.124 38.924 0.063977 81 61 36
23.131 38.986 0.079417 79 61 37
23.135 38.947 0.060061 80 58 34
23.122 38.987 0.054961 79 62 34
23.122 38.941 0.13974 79 62 36
23.113 38.916 0.14588 81 60 39
23.111 38.952 0.0073852 77 59 35
23.127 38.947 0.034146 79 59 34
23.115 38.971 0.11112 79 63 37
23.144 39.04 0.06989 82 63 33
23.138 39.061 0.14728 82 62 37
23.124 39.049 0.044227 78 60 36
23.152 39.056 0.013185 80 60 35
23.134 39 0.15642 81 61 36
23.14 39.006 0.050143 78 61 33
23.134 39.058 0.12268 82 62 37
23.13 39.008 0.023634 80 60 35
23.168 38.998 0.10072 79 61 37
23.138 39.05 0.095967 79 61 39
23.158 39.063 0.065533 79 61 39
23.128 39.02 0.075582 80 62 40
23.152 39.062 0.039606 79 62 36
23.134 39.026 0.12708 80 62 40
23.128 38.999 0.13141 79 61 39
23.121 39.041 0.15295 79 62 34
23.145 39.029 0.019064 80 60 36
23.145 39.12 0.13827 81 64 38
23.169 39.119 0.055502 78 61 35
23.173 39.122 0.081407 80 63 37
23.144 39.154 0.13318 82 61 40
23.144 39.11 0.085859 80 63 37
23.138 39.082 0.091324 82 62 37
23.153 39.099 0.059492 79 62 36
23.145 39.115 0.11227 79 62 36
23.15 39.128 0.029403 79 62 32
23.148 39.157 0.15929 80 62 38
23.148 39.162 0.024726 80 62 40
23.143 39.15 0.10809 80 63 37
23.148 39.097 0.034018 79 59 32
23.149 39.08 0.11728 82 63 33
23.141 39.091 0.14363 80 62 40
23.197 39.13 0.049747 80 63 37
23.039 39.264 0.10667 82 64 42
22.859 39.469 0.032224 122 111 92
22.752 38.798 -0.14166 99 70 36
22.764 38.786 -0.16901 75 55 30
22.837 38.781 -0.02326 91 70 39
22.899 38.767 -0.081485 93 71 47
22.811 38.788 -0.053407 95 70 48
22.893 38.764 -0.10872 95 74 47
22.815 38.792 -0.17151 96 74 50
22.762 38.78 -0.049575 130 98 60
22.854 38.779 -0.13883 94 74 49
22.781 38.777 -0.020541 110 81 39
22.76 38.788 -0.16903 75 55 30
22.794 38.79 -0.082571 93 73 46
22.772 38.795 -0.11216 94 74 49
22.763 38.773 -0.078585 138 103 58
22.716 38.79 -0.11117 137 102 57
22.622 38.83 -0.14371 129 97 59
22.985 38.759 -0.05577 92 72 45
22.972 38.76 -0.083441 95 74 47
23.047 38.736 -0.0029571 91 70 43
22.984 38.795 -0.037505 91 71 44
23.083 38.758 -0.088832 92 72 47
22.941 38.757 -0.026956 92 71 42
23.12 38.714 -0.055561 93 74 44
22.949 38.766 -0.1117 94 73 44
23.052 38.77 -0.11663 94 74 47
23.025 38.75 -0.14032 95 75 48
22.924 38.773 -0.14077 96 75 48
23.117 38.745 -0.061127 91 70 43
22.905 38.77 -0.054204 93 73 46
23.126 38.706 -0.078014 96 75 48
23.069 38.754 -0.0073721 90 68 44
23.008 38.789 -0.14726 95 74 45
23.011 38.75 -0.029515 92 71 42
23.067 38.733 -0.10949 94 74 47
23.121 38.767 -0.091414 81 60 39
23.104 38.801 -0.12456 80 60 36
23.099 38.795 -0.016272 79 59 34
23.115 38.781 -0.042098 80 63 37
23.126 38.823 -0.10217 80 60 36
23.107 38.821 -0.023233 79 62 36
23.106 38.763 -0.011788 81 64 34
23.128 38.816 -0.1274 80 60 33
23.1 38.773 -0.11838 83 65 41
23.123 38.747 -0.036347 89 69 44
23.114 38.811 -0.046835 81 61 37
23.1 38.809 -0.098996 78 61 33
23.11 38.778 -0.066828 81 61 34
23.12 38.756 -0.14192 87 66 39
23.102 38.813 -0.072778 79 62 34
23.123 38.916 -0.12101 79 59 34
23.118 38.88 -0.0070487 79 61 37
23.123 38.88 -0.14045 78 58 33
23.114 38.847 -0.026683 78 61 35
23.123 38.885 -0.11459 77 59 35
23.108 38.839 -0.077183 81 61 36
23.121 38.908 -0.012584 77 60 32
23.125 38.909 -0.14668 79 59 34
23.127 38.863 -0.05826 78 61 33
23.114 38.902 -0.064239 81 61 37
23.121 38.903 -0.036918 80 60 33
23.134 38.884 -0.087925 79 61 37
23.125 38.859 -0.082968 78 61 35
23.12 38.849 -0.0023942 78 61 35
23.112 38.842 -0.053136 80 60 36
23.134 38.842 -0.13416 81 59 35
23.111 38.879 -0.03271 81 61 36
23.109 38.863 -0.11022 79 58 37
23.134 38.994 -0.027913 80 60 35
23.137 39.001 -0.1375 79 60 30
23.134 38.926 -0.043543 78 61 33
23.128 38.972 0.0031579 78 60 38
23.124 38.958 -0.075105 80 63 35
23.111 38.93 -0.095717 81 61 37
23.132 38.964 -0.023266 79 62 36
23.125 38.978 -0.13361 78 60 36
23.129 38.96 -0.048885 78 61 35
23.132 38.99 -0.054936 79 62 36
23.149 38.972 -0.079837 79 62 36
23.123 38.939 -0.017598 79 58 37
23.142 38.94 -0.099566 79 62 34
23.142 38.935 -0.12492 81 61 34
23.125 38.983 -0.10679 78 60 36
23.134 38.92 -0.068275 79 61 37
23.137 39.018 -0.059995 81 61 37
23.134 39.015 -0.08687 78 61 35
23.151 39.035 -0.090829 78 61 33
23.144 39.056 -0.013677 78 61 31
23.156 39.058 -0.12219 80 61 31
23.163 39.011 -0.006455 77 59 35
23.149 38.999 -0.11099 78 60 36
23.143 39.046 -0.065662 80 60 36
23.146 39.071 -0.097834 80 63 37
23.143 39.019 -0.033885 78 60 38
23.144 39.034 -0.11752 79 58 37
23.146 39.082 -0.044545 80 62 38
23.152 39.072 -0.070956 81 61 37
23.116 39.012 -0.0030581 77 60 30
23.142 39.052 -0.039006 81 62 32
23.128 39.04 -0.14537 77 60 34
23.303 39.059 -0.051828 78 62 36
23.185 39.146 -0.087573 79 62 36
23.165 39.128 -0.08146 81 61 36
23.155 39.086 0.0066406 80 60 36
23.16 39.126 -0.10939 80 60 35
23.145 39.154 -0.029388 81 61 37
23.141 39.124 -0.024673 78 61 31
23.151 39.095 -0.12979 78 61 31
23.156 39.096 -0.10252 78 60 38
23.149 39.157 -0.0021041 77 59 37
23.14 39.169 -0.14324 77 60 32
23.158 39.138 -0.056345 78 60 38
23.15 39.112 -0.050205 82 63 33
23.153 39.121 0.0024008 80 60 33
23.172 39.112 -0.13447 77 60 32
23.152 39.083 -0.018054 78 60 38
23.159 39.16 -0.11492 80 61 31
23.148 39.108 -0.076896 79 61 37
23.739 38.806 0.01832 130 118 96
23.152 39.182 -0.034753 80 62 38
23.893 38.223 -0.14971 44 31 15
23.876 38.214 -0.14626 43 30 21
23.711 38.318 -0.15942 49 35 22
23.731 38.304 -0.17565 43 29 20
22.469 38.912 -0.29497 47 31 14
22.841 38.76 -0.25226 94 75 45
22.778 38.805 -0.20468 96 76 49
22.84 38.793 -0.25996 103 81 57
22.804 38.805 -0.29378 99 82 54
22.765 38.805 -0.23413 98 78 51
22.821 38.751 -0.19122 52 36 19
22.731 38.79 -0.23265 51 39 13
22.907 38.764 -0.22453 99 79 52
22.829 38.786 -0.31766 102 83 53
22.992 38.769 -0.28152 101 84 58
22.993 38.805 -0.26211 100 81 51
23.081 38.743 -0.16542 97 77 50
22.907 38.77 -0.1967 99 79 54
23.1 38.739 -0.27119 100 83 55
23.11 38.721 -0.18688 101 77 51
23.017 38.748 -0.16657 97 77 50
22.905 38.777 -0.17018 97 78 48
22.936 38.762 -0.3079 103 83 58
22.926 38.785 -0.2287 100 80 53
22.957 38.763 -0.25128 100 80 53
22.966 38.777 -0.31258 105 84 57
23.112 38.749 -0.19326 97 77 53
23.062 38.772 -0.22556 97 80 50
22.957 38.774 -0.19829 98 79 49
22.935 38.768 -0.28115 103 83 56
23.035 38.751 -0.24736 103 84 52
23.074 38.736 -0.21602 99 79 52
23.153 38.704 -0.28723 105 84 55
23.083 38.839 -0.29486 79 61 37
23.097 38.837 -0.26864 78 61 35
23.107 38.806 -0.23221 80 63 37
23.126 38.747 -0.16693 95 74 47
23.121 38.774 -0.19874 82 61 40
23.113 38.79 -0.14843 77 60 34
23.12 38.829 -0.2379 80 63 35
23.122 38.814 -0.15362 78 61 35
23.115 38.772 -0.22516 80 60 35
23.112 38.814 -0.1798 79 62 36
23.102 38.768 -0.27725 86 69 39
23.096 38.819 -0.20843 80 62 38
23.081 38.816 -0.26167 80 62 38
23.118 38.781 -0.17411 80 62 38
23.134 38.755 -0.24701 88 68 41
23.122 38.833 -0.21128 80 60 33
23.081 38.81 -0.28846 81 61 34
23.118 38.866 -0.21873 80 60 35
23.129 38.896 -0.19806 77 60 34
23.118 38.908 -0.17274 79 61 37
23.129 38.91 -0.28323 76 60 27
23.131 38.914 -0.25677 78 61 33
23.123 38.857 -0.24373 79 62 36
23.131 38.92 -0.22938 81 60 39
23.143 38.876 -0.2482 78 61 35
23.115 38.849 -0.16036 79 59 34
23.136 38.844 -0.26881 78 61 35
23.122 38.895 -0.22505 79 59 34
23.134 38.875 -0.27473 80 60 33
23.113 38.844 -0.18716 81 61 36
23.118 38.878 -0.1658 77 59 35
23.131 38.863 -0.19103 78 61 35
23.124 38.846 -0.29704 78 61 31
23.149 38.939 -0.23522 81 60 39
23.129 38.969 -0.15936 78 61 33
23.141 38.965 -0.29576 80 58 34
23.144 38.986 -0.1887 80 60 35
23.15 38.996 -0.27462 79 59 34
23.135 38.96 -0.18406 79 60 30
23.14 38.94 -0.26202 79 59 34
23.139 38.951 -0.21038 77 59 35
23.126 38.929 -0.20401 78 62 36
23.142 38.924 -0.17735 76 59 33
23.145 38.928 -0.15025 80 60 35
23.133 38.987 -0.21598 78 61 35
23.151 38.986 -0.16234 78 60 36
23.143 38.975 -0.24224 79 62 36
23.125 38.981 -0.27177 76 59 31
23.125 39.008 -0.30541 79 59 34
23.116 38.95 -0.29194 77 60 32
23.16 39.044 -0.17468 78 60 36
23.125 39.052 -0.26 78 60 36
23.159 39.039 -0.2011 80 60 35
23.141 39.046 -0.22985 80 60 35
23.134 39.03 -0.17156 78 61 35
23.161 39.07 -0.20802 79 59 34
23.154 38.999 -0.24809 78 61 35
23.139 39.092 -0.18431 77 60 34
23.165 39.046 -0.14747 80 60 36
23.138 39.037 -0.28397 78 58 31
23.153 39.092 -0.29668 80 60 35
23.159 39.055 -0.28735 76 59 33
23.139 39.021 -0.19688 77 59 35
23.148 39.074 -0.23622 78 60 36
23.144 39.012 -0.22327 79 59 34
23.158 39.061 -0.26124 77 60 34
23.168 39.131 -0.22045 77 60 32
23.16 39.132 -0.24883 78 61 35
23.153 39.171 -0.25617 77 59 37
23.179 39.101 -0.15944 79 59 35
23.112 39.197 -0.29111 79 59 34
23.165 39.106 -0.18698 80 60 35
23.156 39.096 -0.26889 77 60 34
23.256 39.102 -0.18947 78 58 31
23.106 39.19 -0.1743 79 59 35
23.187 39.15 -0.22621 80 63 37
23.176 39.114 -0.27305 79 59 32
23.171 39.096 -0.21242 77 59 37
23.162 39.097 -0.2426 81 60 39
23.171 39.112 -0.30059 79 59 32
23.148 39.091 -0.15676 80 60 35
23.141 39.158 -0.19772 79 59 32
22.711 38.806 -0.35935 49 32 15
22.705 38.816 -0.48548 77 56 27
22.835 38.79 -0.4383 108 89 59
22.904 38.772 -0.34159 102 85 57
22.867 38.793 -0.49703 110 90 63
22.797 38.789 -0.38048 99 77 54
22.63 38.847 -0.53397 57 36 7
22.814 38.794 -0.47317 106 89 61
22.774 38.788 -0.44456 81 56 33
22.799 38.794 -0.35162 103 83 56
22.612 38.848 -0.405 50 35 16
22.787 38.802 -0.50667 101 84 56
22.867 38.779 -0.4033 108 87 58
22.778 38.792 -0.41327 102 79 48
22.833 38.803 -0.38216 107 88 58
22.992 38.77 -0.4214 111 92 62
23.076 38.741 -0.32688 108 87 56
23.112 38.734 -0.40597 113 92 63
23.038 38.756 -0.36059 107 88 58
22.971 38.775 -0.45425 113 92 63
23.096 38.766 -0.30356 100 83 53
22.919 38.777 -0.42964 109 92 62
23.091 38.74 -0.43388 113 92 63
22.926 38.78 -0.40074 107 90 60
23.064 38.772 -0.36292 107 88 58
22.95 38.773 -0.36757 107 86 59
22.873 38.795 -0.46751 113 92 63
22.952 38.778 -0.34145 106 87 57
23.078 38.77 -0.33292 104 85 53
23.109 38.76 -0.4401 109 90 60
22.941 38.785 -0.48768 112 91 62
23.045 38.747 -0.38482 110 89 58
23.116 38.822 -0.42768 82 62 38
23.151 38.823 -0.31789 80 60 33
23.13 38.819 -0.39864 81 64 36
23.169 38.777 -0.33185 82 62 35
23.136 38.767 -0.32909 79 62 36
23.117 38.772 -0.35868 91 71 47
23.116 38.786 -0.44603 79 62 36
23.102 38.8 -0.42268 81 64 34
23.147 38.82 -0.34441 80 62 38
23.111 38.836 -0.37615 83 63 36
23.126 38.761 -0.38367 89 70 38
23.144 38.797 -0.31046 78 61 33
23.131 38.807 -0.44998 83 63 39
23.113 38.824 -0.42766 82 62 38
23.14 38.789 -0.36281 80 63 35
23.108 38.766 -0.41311 106 86 59
23.119 38.796 -0.39287 83 63 36
23.142 38.769 -0.30409 81 61 34
23.116 38.864 -0.38283 81 61 36
23.131 38.897 -0.33518 80 60 33
23.113 38.922 -0.4258 77 61 38
23.13 38.861 -0.35425 80 60 35
23.145 38.882 -0.35901 78 61 33
23.136 38.914 -0.39418 81 61 37
23.123 38.854 -0.4076 81 61 36
23.129 38.906 -0.4486 78 62 29
23.095 38.894 -0.30827 77 59 35
23.119 38.851 -0.43493 78 61 35
23.127 38.905 -0.30877 76 59 31
23.124 38.878 -0.44147 79 62 36
23.117 38.875 -0.33066 78 61 31
23.128 38.924 -0.36926 79 61 37
23.125 38.889 -0.38817 82 62 35
23.137 38.876 -0.41259 81 62 32
23.138 38.988 -0.35695 79 62 34
23.149 38.942 -0.37304 80 61 31
23.139 39.007 -0.41777 78 57 36
23.17 38.98 -0.43748 79 62 34
23.128 38.95 -0.40369 77 60 34
23.152 38.961 -0.43307 79 59 32
23.132 38.986 -0.38437 78 61 35
23.114 39.009 -0.33411 81 62 32
23.135 38.931 -0.31536 79 58 37
23.143 38.935 -0.42742 78 61 35
23.127 38.931 -0.34343 80 60 35
23.137 38.976 -0.40969 77 59 35
23.128 38.939 -0.45675 80 59 30
23.15 38.953 -0.31955 79 58 37
23.144 38.951 -0.34736 78 61 33
23.162 38.997 -0.38529 78 61 35
23.162 39.09 -0.43652 79 59 34
23.164 39.007 -0.33193 78 61 35
23.148 39.046 -0.37028 79 59 32
23.164 39.028 -0.39321 80 60 36
23.171 39.067 -0.34672 81 61 27
23.187 39.05 -0.36958 80 60 35
23.142 39.061 -0.31704 79 59 35
23.145 39.026 -0.30937 80 60 35
23.146 39.053 -0.34384 78 61 35
23.166 39 -0.35842 80 60 36
23.15 39.032 -0.4231 80 60 36
23.159 39.082 -0.32261 76 59 31
23.174 39.075 -0.46113 78 58 34
23.168 39.058 -0.40056 79 59 35
23.16 39.052 -0.45632 79 59 32
23.159 39.02 -0.44786 77 60 34
23.143 39.07 -0.43347 79 59 32
23.178 39.101 -0.32543 78 61 31
23.122 39.137 -0.36395 80 59 38
23.198 39.107 -0.38256 82 62 35
23.147 39.164 -0.3125 80 60 36
23.154 39.153 -0.33857 79 60 30
23.168 39.136 -0.36174 79 61 37
23.175 39.165 -0.36785 80 60 35
23.185 39.112 -0.41275 76 59 31
23.165 39.155 -0.4529 79 59 34
23.161 39.096 -0.41038 80 60 33
23.161 39.124 -0.44531 79 58 37
23.143 39.183 -0.40189 78 61 35
23.136 39.183 -0.43174 78 60 36
23.154 39.107 -0.38478 79 60 30
23.552 38.008 -0.41016 67 52 31
23.595 38.013 -0.40608 66 51 28
22.862 38.757 -0.51672 78 56 32
22.795 38.798 -0.65956 112 88 62
22.836 38.802 -0.53327 108 92 57
22.794 38.805 -0.63103 111 89 65
22.863 38.782 -0.55454 111 91 64
22.778 38.793 -0.56769 79 58 37
22.867 38.8 -0.61975 114 95 63
22.729 38.811 -0.60851 83 62 33
22.881 38.786 -0.64414 115 95 68
22.676 38.831 -0.65324 79 53 30
22.814 38.801 -0.59601 112 93 61
23.063 38.78 -0.47619 110 89 60
23.119 38.761 -0.5487 111 92 62
22.917 38.799 -0.64339 115 96 66
23.092 38.746 -0.54649 116 97 65
23.031 38.761 -0.50222 113 94 64
22.957 38.783 -0.60207 115 99 66
23.013 38.765 -0.53329 114 95 61
23.074 38.781 -0.58801 113 94 64
23.058 38.759 -0.58303 116 97 65
22.915 38.787 -0.54964 113 93 66
22.998 38.818 -0.63872 115 95 60
22.883 38.798 -0.58625 115 94 63
23.107 38.744 -0.51772 113 94 60
23.071 38.745 -0.46564 113 94 62
22.987 38.773 -0.56654 116 97 65
22.947 38.776 -0.51403 114 93 62
23.039 38.764 -0.6147 117 96 67
23.107 38.816 -0.4819 82 63 31
23.112 38.82 -0.59477 82 62 38
23.118 38.786 -0.58344 80 60 33
23.122 38.837 -0.48639 83 63 36
23.133 38.759 -0.51876 111 92 62
23.119 38.791 -0.55778 81 64 34
23.114 38.805 -0.50661 81 64 34
23.123 38.819 -0.5637 80 63 37
23.126 38.787 -0.5556 81 64 34
23.124 38.841 -0.45985 78 61 35
23.138 38.816 -0.53388 83 63 36
23.123 38.776 -0.46947 80 63 37
23.105 38.841 -0.51729 80 63 33
23.112 38.801 -0.533 82 65 37
23.149 38.755 -0.48826 93 72 45
23.128 38.841 -0.59944 81 62 32
23.113 38.899 -0.53212 79 61 37
23.127 38.896 -0.50194 81 61 36
23.127 38.916 -0.56409 82 62 38
23.128 38.859 -0.51961 79 62 36
23.124 38.855 -0.54732 83 63 36
23.132 38.868 -0.46634 81 61 36
23.112 38.92 -0.59542 79 60 28
23.106 38.878 -0.49908 80 62 38
23.133 38.901 -0.61511 81 60 39
23.13 38.869 -0.46713 81 61 36
23.152 38.917 -0.47811 81 61 37
23.125 38.903 -0.47626 81 61 36
23.11 38.858 -0.57655 80 63 37
23.121 38.877 -0.60965 81 59 35
23.135 38.917 -0.53504 81 61 34
23.134 38.88 -0.55238 79 62 32
23.132 38.875 -0.57878 79 62 34
23.113 38.937 -0.51425 80 59 38
23.133 38.988 -0.52618 80 61 31
23.179 38.983 -0.54814 81 61 36
23.151 38.982 -0.49484 78 60 36
23.143 38.937 -0.56736 78 60 36
23.162 38.989 -0.57979 77 60 34
23.152 38.925 -0.59064 79 60 30
23.124 38.956 -0.5466 82 62 37
23.128 38.965 -0.49216 79 61 37
23.141 38.951 -0.5152 80 63 35
23.15 38.956 -0.46111 80 60 33
23.141 38.977 -0.55048 81 61 36
23.15 38.989 -0.46849 79 59 34
23.134 38.969 -0.60677 78 61 35
23.155 39.006 -0.52848 78 61 35
23.156 38.987 -0.60789 80 60 33
23.133 38.976 -0.58014 79 62 36
23.144 39.046 -0.54081 80 60 36
23.148 39.037 -0.56657 78 60 36
23.17 39.048 -0.59589 78 58 31
23.156 39.092 -0.61082 77 60 34
23.142 39.035 -0.59562 78 61 33
23.175 39.084 -0.57674 77 60 34
23.145 39.072 -0.57708 80 60 35
23.16 39.074 -0.51847 80 58 34
23.17 39.072 -0.48909 79 60 28
23.158 39.069 -0.54589 78 58 31
23.174 39.031 -0.50619 80 60 35
23.153 39.019 -0.47627 79 59 35
23.157 39.01 -0.50224 79 59 32
23.159 39.047 -0.48252 79 59 32
23.161 39.067 -0.5451 78 58 31
23.153 39.106 -0.55616 80 60 35
23.149 39.025 -0.62144 80 60 33
23.143 39.166 -0.48604 77 60 30
23.167 39.152 -0.62558 80 59 32
23.157 39.178 -0.54638 78 59 29
23.154 39.185 -0.51835 77 60 34
23.16 39.112 -0.49946 80 60 33
23.185 39.088 -0.5203 80 60 36
23.137 39.187 -0.57916 78 61 35
23.182 39.102 -0.46732 79 57 36
23.174 39.136 -0.50576 77 60 32
23.167 39.135 -0.53493 80 61 31
23.172 39.153 -0.59643 78 59 29
23.17 39.127 -0.56002 80 60 33
23.188 39.169 -0.6277 79 59 35
23.258 39.12 -0.57733 79 59 32
23.186 39.109 -0.58196 77 60 34
23.188 39.101 -0.60889 78 59 29
23.208 39.149 -0.47793 79 59 34
24.046 37.881 -0.30338 70 57 41
23.569 37.964 -0.41382 68 53 32
23.641 38.018 -0.39925 68 53 32
23.658 37.988 -0.42238 72 59 40
23.692 38.016 -0.40718 69 56 40
23.653 37.993 -0.40785 71 56 37
23.93 38.006 -0.34315 62 50 36
23.716 38.056 -0.43607 63 52 33
23.559 38.06 -0.42785 65 53 29
23.71 38.079 -0.42445 57 51 27
22.623 38.816 -0.85068 78 54 26
22.847 38.811 -0.77917 118 99 69
22.851 38.77 -0.79342 92 68 40
22.883 38.76 -0.75425 118 94 68
22.815 38.807 -0.7211 116 97 67
22.829 38.807 -0.68741 114 95 63
22.717 38.818 -0.7723 83 58 36
22.524 38.907 -0.86999 79 55 21
22.785 38.817 -0.76005 118 97 66
22.796 38.792 -0.84282 90 69 40
22.874 38.79 -0.79802 116 100 65
22.833 38.805 -0.84177 118 97 68
22.941 38.799 -0.72964 116 95 66
22.945 38.785 -0.78205 118 99 65
23.036 38.772 -0.73116 118 94 66
22.906 38.786 -0.73008 117 98 66
22.958 38.772 -0.80387 119 98 67
23.079 38.779 -0.72624 115 96 64
23.156 38.723 -0.61372 117 97 62
22.981 38.783 -0.68755 116 97 67
23.082 38.783 -0.70029 116 95 66
22.939 38.781 -0.66378 116 95 66
22.988 38.767 -0.73949 118 97 68
23.108 38.757 -0.74298 119 98 67
22.959 38.809 -0.78918 117 98 66
22.972 38.794 -0.66418 116 97 67
22.929 38.78 -0.6938 117 98 68
23.001 38.78 -0.80001 119 98 71
23.108 38.744 -0.65533 117 96 65
23.097 38.745 -0.68406 117 96 65
23.126 38.775 -0.607 89 70 40
23.134 38.845 -0.71035 80 63 37
23.137 38.807 -0.7255 79 62 36
23.124 38.838 -0.62521 81 61 34
23.117 38.849 -0.74281 82 60 37
23.13 38.798 -0.6404 79 62 32
23.119 38.835 -0.65406 79 62 34
23.12 38.798 -0.6702 81 63 41
23.119 38.768 -0.66048 111 92 60
23.121 38.785 -0.7225 92 72 47
23.123 38.827 -0.67868 83 63 36
23.131 38.804 -0.75397 80 62 38
23.152 38.761 -0.73589 90 71 39
23.096 38.823 -0.62526 82 62 35
23.127 38.818 -0.70367 79 62 34
23.134 38.784 -0.69092 81 64 36
23.089 38.861 -0.7806 82 62 38
23.119 38.774 -0.63523 92 72 45
23.131 38.89 -0.66908 83 63 39
23.136 38.881 -0.69357 82 62 37
23.109 38.942 -0.65937 79 62 36
23.128 38.906 -0.75958 82 62 37
23.137 38.929 -0.62255 81 61 36
23.137 38.938 -0.74002 79 61 37
23.136 38.869 -0.74618 80 62 38
23.151 38.897 -0.72406 80 62 38
23.136 38.892 -0.64061 82 62 35
23.155 38.906 -0.66965 80 63 37
23.157 38.919 -0.75857 81 61 36
23.129 38.854 -0.68777 81 60 39
23.136 38.875 -0.72025 80 63 37
23.145 38.85 -0.65423 82 61 42
23.101 38.883 -0.64305 81 61 36
23.144 38.908 -0.70094 79 61 37
23.154 39.015 -0.64588 81 60 29
23.131 38.986 -0.69814 81 59 36
23.125 38.996 -0.67368 80 62 38
23.144 38.939 -0.70986 79 61 37
23.142 39 -0.75858 81 59 35
23.161 38.94 -0.65057 79 62 36
23.159 38.993 -0.72435 81 61 36
23.149 38.968 -0.71815 80 63 35
23.134 38.952 -0.68765 79 62 36
23.169 38.999 -0.66721 79 61 37
23.151 38.952 -0.62815 81 62 32
23.132 38.968 -0.77887 83 62 33
23.165 38.977 -0.77489 81 61 36
23.147 39.008 -0.70262 81 61 34
23.153 38.983 -0.63668 81 61 37
23.164 38.952 -0.73964 80 60 36
23.186 39.067 -0.77153 81 61 34
23.173 39.04 -0.62123 80 61 29
23.17 39.036 -0.64971 80 59 38
23.175 39.066 -0.65859 80 58 34
23.182 39.055 -0.68197 78 60 36
23.189 39.011 -0.69625 81 61 36
23.13 39.059 -0.69127 79 62 36
23.175 39.082 -0.74932 78 61 35
23.149 39.061 -0.77635 80 59 40
23.156 39.028 -0.73645 82 61 32
23.139 39.08 -0.72538 80 60 33
23.171 39.012 -0.75685 81 62 32
23.158 39.106 -0.70138 79 61 37
23.15 39.09 -0.63887 79 61 25
23.175 39.087 -0.72165 80 60 36
23.163 39.057 -0.7429 80 60 36
23.171 39.142 -0.65215 80 61 31
23.16 39.179 -0.69251 78 61 33
23.209 39.162 -0.73868 80 60 35
23.143 39.186 -0.72728 81 61 37
23.165 39.129 -0.73655 81 60 33
23.182 39.144 -0.76741 81 59 35
23.185 39.098 -0.63638 79 60 28
23.176 39.098 -0.66734 81 61 36
23.17 39.188 -0.78236 80 60 33
23.188 39.145 -0.73697 80 60 33
23.187 39.118 -0.7005 81 62 32
23.168 39.138 -0.67973 79 62 34
23.18 39.105 -0.78498 81 61 37
23.157 39.188 -0.66581 79 59 34
23.165 39.123 -0.7629 79 59 35
22.991 38.657 -0.92914 73 49 21
22.804 38.828 -0.98081 121 101 74
22.784 38.805 -0.97786 93 72 43
22.768 38.84 -1.0236 118 99 67
22.85 38.81 -0.9319 122 101 74
22.74 38.813 -0.89467 76 55 28
22.646 38.861 -1.0918 76 50 25
22.824 38.804 -0.87332 121 100 69
22.787 38.816 -0.91658 118 96 73
22.843 38.794 -1.0217 119 99 72
22.876 38.803 -0.89395 121 100 69
22.962 38.782 -0.89765 122 101 72
23.116 38.778 -0.91754 111 91 66
23.145 38.73 -0.75301 117 98 68
23.096 38.752 -0.79942 119 98 67
22.956 38.812 -0.93958 119 100 70
23.152 38.733 -0.86506 117 98 68
23.119 38.758 -0.85334 117 96 67
22.95 38.795 -0.87484 121 101 67
23.015 38.773 -0.94063 122 102 67
23.048 38.773 -0.84485 118 99 67
22.997 38.795 -0.8939 119 99 65
22.92 38.785 -0.84675 120 99 68
22.882 38.813 -0.9896 121 102 70
22.954 38.799 -0.84606 118 99 67
22.92 38.799 -0.94313 121 100 71
23.128 38.74 -0.89995 118 99 67
23.087 38.788 -0.81358 114 94 69
23.077 38.787 -0.84458 117 98 68
23.127 38.795 -0.80793 82 65 39
23.115 38.852 -0.88763 83 63 36
23.13 38.849 -0.85419 79 62 36
23.126 38.832 -0.79204 82 62 37
23.134 38.791 -0.80595 82 65 39
23.123 38.828 -0.8198 83 61 38
23.133 38.798 -0.92031 83 61 38
23.147 38.802 -0.86192 80 63 37
23.116 38.826 -0.84938 80 63 35
23.124 38.772 -0.77347 112 92 65
23.139 38.801 -0.8918 80 61 31
23.122 38.792 -0.83654 81 64 36
23.117 38.845 -0.91322 82 61 32
23.142 38.848 -0.82269 81 62 32
23.133 38.797 -0.77913 81 65 32
23.118 38.788 -0.86478 90 69 40
23.11 38.787 -0.89449 112 93 63
23.119 38.893 -0.84269 82 62 35
23.121 38.886 -0.86875 78 61 35
23.154 38.914 -0.78489 78 60 40
23.122 38.911 -0.90574 80 60 35
23.14 38.938 -0.88185 79 61 37
23.113 38.911 -0.93687 80 61 31
23.15 38.911 -0.81373 81 61 36
23.13 38.867 -0.77465 82 62 38
23.133 38.89 -0.81051 82 62 35
23.142 38.91 -0.84303 81 61 34
23.159 38.913 -0.92684 79 62 32
23.152 38.885 -0.77639 81 61 37
23.139 38.855 -0.79702 84 63 42
23.139 38.907 -0.87252 81 61 37
23.173 38.91 -0.89381 79 59 34
23.15 38.856 -0.9085 82 62 35
23.156 38.858 -0.87933 80 60 33
23.174 38.997 -0.80889 82 62 35
23.16 39.001 -0.84232 78 61 33
23.171 38.956 -0.85316 80 61 31
23.159 38.969 -0.83089 80 62 38
23.175 38.973 -0.91464 81 61 26
23.169 39.016 -0.90295 79 60 30
23.128 38.964 -0.80713 81 61 36
23.126 38.953 -0.86083 81 63 41
23.147 38.966 -0.88991 81 59 35
23.136 39.031 -0.79866 81 60 39
23.163 39.014 -0.93186 78 58 33
23.156 38.978 -0.80613 79 62 32
23.144 38.948 -0.82748 84 63 36
23.129 38.972 -0.92568 80 61 29
23.156 38.992 -0.89738 76 60 27
23.153 39.001 -0.87204 78 60 36
23.175 39.036 -0.79268 80 61 31
23.181 39.034 -0.93459 81 62 30
23.163 39.066 -0.86257 79 62 36
23.135 39.092 -0.84721 80 60 35
23.175 39.018 -0.87253 78 61 35
23.17 39.082 -0.92508 80 59 30
23.179 39.099 -0.81118 81 60 39
23.162 39.061 -0.89047 80 60 33
23.154 39.112 -0.84972 79 62 36
23.171 39.048 -0.91293 79 60 26
23.19 39.079 -0.86113 80 60 35
23.159 39.042 -0.82606 81 61 34
23.172 39.026 -0.84739 82 61 44
23.163 39.078 -0.80784 81 59 35
23.191 39.073 -0.88766 81 60 39
23.181 39.16 -0.86023 82 60 37
23.194 39.144 -0.88199 79 59 32
23.148 39.209 -0.94263 79 59 25
23.164 39.126 -0.91186 79 60 26
23.166 39.143 -0.82886 80 60 35
23.189 39.132 -0.79077 82 62 38
23.175 39.112 -0.93378 79 60 26
23.173 39.183 -0.95826 78 57 36
23.14 39.205 -0.82337 79 62 32
23.184 39.146 -0.91359 79 59 35
23.257 39.135 -0.83654 82 62 35
23.183 39.146 -0.91366 79 59 35
23.163 39.203 -0.9082 80 58 34
23.175 39.124 -0.87948 78 61 35
23.154 39.146 -0.86152 81 61 36
23.184 39.139 -0.94122 76 59 31
23.191 39.159 -0.82817 80 60 36
22.862 38.798 -1.1105 122 101 72
22.909 38.786 -1.0312 124 103 76
23.04 38.686 -0.95939 77 55 31
22.76 38.817 -1.1471 76 49 30
22.703 38.84 -1.2064 73 47 20
22.815 38.816 -1.1624 122 102 68
22.851 38.778 -1.073 98 77 56
22.956 38.755 -1.0358 120 101 71
22.925 38.771 -1.0519 120 101 71
22.977 38.787 -0.98645 121 100 71
23.046 38.781 -0.9643 120 101 69
23.121 38.751 -1.0188 121 100 69
23.085 38.79 -0.95804 118 97 68
22.992 38.805 -1.0182 120 101 69
23.076 38.752 -1.0028 122 103 73
22.985 38.796 -1.0764 120 101 69
22.828 38.849 -1.1427 122 103 73
23.113 38.768 -0.97098 118 99 69
22.844 38.826 -1.0329 123 102 73
22.938 38.816 -1.1274 123 102 73
23.173 38.728 -0.96665 121 102 72
22.905 38.801 -1.131 123 104 72
23.062 38.779 -1.0742 121 102 72
22.997 38.77 -1.0043 121 102 72
22.92 38.806 -1.0684 122 103 71
23.114 38.866 -0.97812 81 61 36
23.141 38.832 -1.044 79 62 34
23.15 38.813 -0.94917 80 63 35
23.125 38.791 -0.97664 89 72 44
23.134 38.842 -1.0213 81 61 34
23.131 38.819 -0.98507 80 63 37
23.124 38.78 -1.0291 115 96 64
23.147 38.773 -0.99128 116 95 64
23.163 38.793 -0.99494 82 62 38
23.102 38.824 -1.0522 80 60 36
23.139 38.825 -0.92816 79 61 39
23.14 38.844 -0.99229 79 61 37
23.106 38.808 -0.95945 81 63 39
23.128 38.778 -1.0271 115 96 64
23.15 38.913 -0.9571 80 62 40
23.113 38.931 -1.0023 80 63 35
23.142 38.875 -1.0029 78 60 36
23.133 38.874 -1.0338 77 61 36
23.157 38.922 -1.0451 79 59 34
23.147 38.883 -0.94756 80 62 38
23.152 38.938 -0.99437 81 60 39
23.123 38.867 -0.94744 78 62 39
23.16 38.927 -1.0173 77 57 30
23.155 38.892 -1.0337 80 61 31
23.15 38.875 -0.97183 79 62 36
23.119 38.921 -1.0267 77 61 35
23.105 38.885 -1.0752 80 60 33
23.141 38.958 -0.94682 80 60 36
23.144 38.976 -1.0108 79 61 37
23.158 38.954 -1.0569 80 61 31
23.139 38.973 -1.0402 78 60 38
23.143 39.016 -0.997 79 61 37
23.138 39.04 -1.0637 80 60 36
23.171 38.99 -1.0078 80 60 35
23.168 39.013 -1.075 79 60 30
23.138 38.953 -0.97515 80 59 40
23.169 38.985 -1.0361 78 56 32
23.144 38.996 -1.0768 79 58 39
23.125 39.035 -0.9781 79 62 36
23.14 38.985 -0.98487 78 61 33
23.176 38.966 -0.94124 78 60 36
23.149 39.078 -1.0156 77 59 35
23.168 39.037 -0.9676 80 59 38
23.148 39.092 -0.96271 79 60 30
23.173 39.101 -0.98981 80 58 35
23.147 39.108 -1.0552 79 59 32
23.156 39.108 -1.0272 77 59 35
23.192 39.103 -1.0746 80 58 37
23.194 39.034 -1.0453 77 57 33
23.138 39.08 -1.0482 78 61 31
23.153 39.082 -0.98739 80 60 35
23.135 39.049 -1.0373 79 59 35
23.159 39.038 -0.999 78 60 36
23.209 39.056 -1.0492 79 59 32
23.167 39.112 -0.96484 77 61 35
23.2 39.184 -1.012 79 60 43
23.156 39.149 -1.0109 78 60 40
23.161 39.209 -1.0603 79 57 34
23.175 39.163 -1.0404 80 60 33
23.16 39.167 -1.0755 79 60 30
23.177 39.139 -0.97232 80 60 35
23.176 39.174 -0.98504 79 57 33
23.153 39.145 -1.0409 80 61 31
23.2 39.172 -1.0667 76 59 31
23.169 39.154 -1.0994 79 59 34
23.19 39.11 -1.0488 78 57 30
23.183 39.162 -1.0087 79 58 41
23.264 39.139 -0.95149 79 59 34
22.997 38.77 0.50165 216 174 126
23.057 38.755 0.44005 124 96 67
23.076 38.716 0.43954 103 83 56
23.039 38.742 0.46939 170 134 94
23.081 38.747 0.45951 157 120 78
23.084 38.779 0.48017 100 76 48
23.093 38.802 0.47526 95 73 50
23.078 38.816 0.50281 94 72 48
23.082 38.774 0.45597 97 77 50
23.097 38.824 0.44904 91 71 47
23.077 38.806 0.45519 92 72 48
23.092 38.746 0.48037 164 119 72
23.077 38.772 0.43368 93 73 48
23.088 38.858 0.44739 88 68 44
23.103 38.888 0.49152 85 67 43
23.096 38.859 0.47081 91 69 45
23.108 38.875 0.44152 86 66 41
23.084 38.837 0.47556 90 70 45
23.09 38.891 0.47023 88 68 43
23.088 38.868 0.49677 90 68 44
23.098 38.833 0.49719 90 70 45
23.111 38.938 0.46146 89 69 42
23.1 38.986 0.51074 86 66 42
23.106 38.946 0.48683 84 68 42
23.113 38.972 0.4818 86 66 41
23.106 38.951 0.51126 88 68 44
23.097 38.922 0.48964 87 66 47
23.103 38.913 0.46428 88 68 44
23.109 38.97 0.45957 86 66 42
23.124 39.062 0.49852 85 64 43
23.119 39.03 0.4764 85 67 45
23.111 38.999 0.45656 86 64 41
23.101 39.047 0.5056 86 65 44
23.128 38.993 0.47774 85 65 40
23.134 39.05 0.47207 87 65 42
23.119 39.004 0.50435 86 64 41
23.137 39.117 0.49149 83 65 43
23.121 39.07 0.52484 86 65 48
23.128 39.118 0.46799 84 66 42
23.128 39.129 0.51884 84 64 40
23.158 39.128 0.45907 85 65 41
23.135 39.091 0.51863 85 65 40
23.133 39.083 0.46864 85 65 41
23.114 39.102 0.4983 86 66 41
22.742 38.771 0.37092 139 108 62
22.643 38.812 0.35346 152 116 74
22.904 38.726 0.3738 117 89 60
22.781 38.782 0.36148 111 86 54
22.805 38.764 0.33232 108 85 54
22.927 38.738 0.341 102 80 41
22.843 38.776 0.32371 102 79 48
23.07 38.726 0.3403 101 77 51
22.966 38.747 0.33273 97 76 49
23.003 38.734 0.35284 96 75 46
23.101 38.743 0.35756 106 83 52
23.058 38.728 0.31815 99 75 49
23.05 38.766 0.34022 108 83 51
23.031 38.735 0.42093 125 96 72
23.003 38.739 0.37781 96 75 46
23.077 38.745 0.31294 107 83 49
22.952 38.772 0.40864 95 75 51
23.003 38.751 0.29965 98 77 50
22.961 38.744 0.308 101 77 49
23.098 38.716 0.36075 105 81 53
22.94 38.743 0.38999 94 73 44
22.892 38.762 0.37031 94 74 40
23.059 38.748 0.41446 115 90 58
23.09 38.726 0.38609 108 85 54
23.085 38.762 0.40814 89 71 47
23.084 38.815 0.37866 87 66 45
23.102 38.776 0.37911 89 67 43
23.083 38.776 0.33334 88 67 38
23.071 38.765 0.38663 101 76 44
23.1 38.816 0.42414 87 69 47
23.092 38.805 0.35341 85 65 40
23.097 38.821 0.3011 85 65 41
23.092 38.829 0.32585 85 65 40
23.077 38.796 0.40682 90 70 46
23.075 38.802 0.43117 91 70 49
23.087 38.819 0.40244 88 67 46
23.083 38.782 0.35744 86 66 42
23.088 38.768 0.30864 87 68 38
23.106 38.792 0.32759 86 66 42
23.081 38.801 0.30626 84 67 39
23.094 38.892 0.34397 84 64 37
23.126 38.843 0.34288 84 64 37
23.106 38.837 0.39679 88 66 43
23.097 38.837 0.37386 87 67 40
23.086 38.862 0.32361 84 64 40
23.092 38.853 0.29825 85 65 38
23.114 38.885 0.36583 85 65 40
23.098 38.876 0.41993 87 66 39
23.089 38.912 0.41936 86 66 42
23.094 38.833 0.34997 84 64 37
23.083 38.91 0.39507 85 65 38
23.086 38.854 0.42461 87 67 42
23.104 38.881 0.3182 84 63 42
23.103 38.868 0.39497 86 65 46
23.082 38.876 0.37346 84 64 37
23.094 38.989 0.35864 84 62 38
23.119 38.968 0.33281 83 62 43
23.123 38.945 0.38318 85 62 44
23.079 38.968 0.36465 83 62 35
23.08 38.962 0.34069 84 64 30
23.096 38.912 0.4415 87 66 45
23.112 38.922 0.38774 83 66 40
23.105 38.987 0.38297 83 63 38
23.091 38.924 0.34198 82 64 40
23.105 38.967 0.43582 87 67 42
23.118 38.923 0.41051 85 65 41
23.103 38.963 0.41062 82 65 39
23.109 38.934 0.43713 87 67 43
23.084 38.923 0.31796 84 64 39
23.123 38.929 0.3104 84 63 42
23.124 38.98 0.4048 84 63 42
23.133 38.953 0.30624 84 64 39
23.079 38.938 0.36915 84 64 39
23.109 39.021 0.4048 84 64 40
23.124 39.021 0.45009 86 66 42
23.13 39.022 0.32326 83 66 40
23.113 39.076 0.37298 83 63 38
23.102 39.02 0.38061 83 63 39
23.125 39.051 0.44864 84 66 42
23.113 39.039 0.35115 83 63 39
23.144 39.049 0.34374 83 63 36
23.123 39.058 0.32063 84 64 39
23.13 38.996 0.35181 83 64 30
23.112 39.024 0.42868 84 64 40
23.133 39.04 0.42203 84 64 40
23.14 39.031 0.39641 84 63 44
23.122 38.986 0.42929 85 64 43
23.129 39.033 0.37343 83 62 35
23.13 39.037 0.3987 84 63 44
23.114 39.002 0.32819 84 64 39
23.157 39.065 0.31343 85 65 41
23.136 39.097 0.39188 82 62 38
23.15 39.108 0.33649 84 66 44
23.142 39.097 0.41481 85 65 41
23.122 39.086 0.44624 83 63 36
23.135 39.114 0.31224 84 64 40
23.133 39.109 0.44208 85 65 40
23.122 39.08 0.42194 85 65 41
23.125 39.073 0.39613 84 63 36
23.145 39.144 0.33337 85 65 40
23.134 39.13 0.38905 83 63 38
23.116 39.139 0.36603 83 65 41
23.138 39.138 0.43981 85 64 43
23.13 39.09 0.34198 86 66 41
23.139 39.131 0.41348 85 64 43
23.129 39.097 0.36745 82 65 37
22.794 38.758 0.27844 166 131 76
22.801 38.76 0.30689 126 89 43
22.773 38.774 0.16784 118 81 27
22.882 38.756 0.18561 93 73 39
22.879 38.764 0.21313 96 73 42
22.783 38.775 0.19437 122 82 33
22.785 38.781 0.22364 97 73 45
22.826 38.766 0.24606 102 77 47
22.691 38.796 0.2326 166 125 79
22.841 38.77 0.29799 103 80 47
22.865 38.759 0.15977 95 71 43
22.873 38.773 0.23857 97 73 47
22.832 38.769 0.27232 104 79 49
22.76 38.768 0.25506 168 129 74
22.964 38.749 0.20257 94 71 40
23.09 38.722 0.23895 99 76 45
23.105 38.725 0.28461 107 81 54
23.079 38.757 0.23595 102 79 46
22.997 38.749 0.27412 100 76 48
23.103 38.733 0.18575 93 72 43
22.945 38.747 0.28494 100 76 48
23.032 38.748 0.21825 93 72 41
22.918 38.755 0.2612 98 77 50
22.935 38.759 0.17777 91 70 43
23.109 38.717 0.2616 102 79 46
23.079 38.74 0.16153 91 70 39
23.005 38.751 0.17008 92 71 44
23.095 38.742 0.21073 98 74 48
23.024 38.747 0.1941 92 71 44
22.996 38.738 0.22489 93 72 45
22.9 38.771 0.15311 93 70 37
22.968 38.759 0.2524 97 76 49
23.089 38.775 0.20771 83 63 36
23.095 38.766 0.18114 84 64 37
23.093 38.801 0.20329 80 63 35
23.102 38.791 0.17771 83 63 39
23.103 38.783 0.27904 85 64 43
23.097 38.776 0.23042 84 64 37
23.086 38.794 0.15281 82 62 35
23.084 38.759 0.25961 97 73 45
23.101 38.826 0.19886 80 62 38
23.076 38.769 0.28559 100 77 46
23.085 38.788 0.25724 86 66 42
23.103 38.819 0.17339 81 63 39
23.091 38.808 0.22736 81 63 39
23.099 38.758 0.1576 89 68 37
23.084 38.823 0.27707 84 64 39
23.11 38.81 0.14903 83 63 36
23.11 38.802 0.25024 83 66 40
23.114 38.883 0.21432 84 64 40
23.095 38.876 0.26939 82 65 35
23.105 38.875 0.29385 84 64 40
23.113 38.889 0.24032 83 63 38
23.113 38.849 0.19402 80 63 35
23.116 38.902 0.16031 81 61 36
23.1 38.838 0.24891 83 66 40
23.105 38.884 0.19094 80 62 40
23.109 38.876 0.16408 82 62 38
23.107 38.863 0.24344 82 62 38
23.105 38.905 0.29067 81 63 39
23.108 38.838 0.27146 85 65 41
23.102 38.85 0.16986 80 63 35
23.105 38.829 0.22305 84 64 40
23.123 38.902 0.18435 82 62 37
23.134 38.881 0.26327 82 65 39
23.104 38.86 0.21886 83 62 41
23.116 38.943 0.20633 80 62 40
23.132 38.918 0.28478 84 64 40
23.141 38.907 0.25854 82 65 39
23.129 38.991 0.17275 81 61 34
23.119 38.935 0.18145 83 64 34
23.14 38.943 0.28078 81 64 38
23.133 38.943 0.25405 83 62 41
23.12 38.987 0.27744 84 63 42
23.13 38.97 0.22603 83 63 38
23.115 38.933 0.15547 81 60 39
23.124 38.912 0.2347 81 63 41
23.117 38.973 0.20186 82 60 37
23.125 38.942 0.23095 80 62 40
23.113 38.914 0.21013 79 64 35
23.117 38.984 0.25288 81 63 39
23.13 38.959 0.1761 82 61 40
23.122 39.017 0.27407 82 62 35
23.137 39.043 0.29405 82 64 40
23.134 39.04 0.26932 84 64 40
23.133 39.062 0.21471 80 62 38
23.136 39.002 0.24693 81 64 38
23.138 39.032 0.24319 80 61 44
23.127 39.029 0.19347 84 64 40
23.112 38.998 0.30364 82 64 42
23.128 39.018 0.29879 84 64 39
23.131 39.053 0.16367 82 62 38
23.128 39.002 0.22338 80 63 37
23.155 39.041 0.18764 82 62 35
23.13 39.032 0.21819 79 62 36
23.138 39.016 0.16768 79 61 39
23.151 39.054 0.2379 80 62 40
23.132 38.994 0.19698 80 63 37
23.129 39.075 0.26606 82 65 39
23.153 39.106 0.17877 82 62 37
23.146 39.095 0.26064 82 64 44
23.118 39.11 0.23708 83 63 38
23.147 39.116 0.20554 82 62 37
23.167 39.134 0.19952 81 63 41
23.153 39.15 0.22698 81 63 41
23.134 39.109 0.28654 85 64 45
23.162 39.121 0.28068 82 64 42
23.116 39.09 0.29234 83 62 41
23.177 39.114 0.30464 84 63 42
23.156 39.136 0.17415 82 61 40
23.14 39.084 0.18473 83 63 38
23.144 39.086 0.20921 82 62 38
23.153 39.117 0.23043 80 63 37
23.137 39.134 0.25744 83 62 41
22.737 38.786 -0.0056115 135 100 55
22.849 38.749 0.080338 118 83 36
22.829 38.765 0.10747 93 71 47
22.841 38.772 0.019877 95 72 39
22.837 38.78 0.046932 93 69 43
22.749 38.78 0.14052 153 115 66
22.87 38.775 0.10022 91 71 44
22.765 38.785 0.051605 116 79 37
22.777 38.773 0.026127 135 103 64
22.683 38.806 0.11484 147 112 64
22.598 38.841 0.085215 147 112 65
22.83 38.771 0.13411 92 70 46
22.835 38.769 -0.0076208 93 72 43
22.864 38.772 0.073784 93 71 47
22.998 38.75 0.14519 92 71 40
22.892 38.77 0.12802 91 72 42
23.111 38.719 0.0083764 92 71 44
23.109 38.725 0.033267 91 70 41
23.095 38.749 0.1077 92 71 44
23.011 38.75 0.037738 91 70 43
22.967 38.749 0.068322 91 71 44
23.018 38.757 0.088396 90 69 38
22.923 38.766 0.041479 93 69 43
23.099 38.724 0.13648 93 69 43
22.98 38.76 0.011125 90 71 39
23.104 38.739 0.082943 91 70 43
23.001 38.761 0.061895 91 70 43
23.124 38.723 0.05817 90 69 42
23.095 38.757 0.0030312 90 68 44
22.986 38.751 0.12114 91 70 41
22.928 38.758 0.016319 91 70 41
22.993 38.741 0.095403 90 68 45
23.077 38.731 0.11232 89 69 44
23.105 38.778 0.12811 83 63 39
23.099 38.753 0.13264 90 69 42
23.105 38.802 0.099659 82 62 38
23.086 38.773 0.052952 84 64 39
23.11 38.829 0.09378 79 61 37
23.118 38.789 0.073253 79 62 36
23.097 38.777 0.10325 79 62 36
23.102 38.817 0.018438 81 61 34
23.084 38.768 0.02835 86 65 38
23.108 38.79 0.048985 78 60 36
23.102 38.769 0.077428 81 61 34
23.107 38.806 0.12339 80 63 37
23.107 38.785 0.023411 80 63 37
23.099 38.825 0.042685 80 61 29
23.106 38.826 0.068247 80 62 38
23.114 38.881 0.058828 79 62 36
23.127 38.898 0.029475 81 61 36
23.123 38.845 0.064795 80 60 33
23.117 38.83 0.11891 81 61 36
23.124 38.839 0.039083 80 60 35
23.129 38.902 0.054479 82 63 31
23.118 38.864 0.14008 81 60 39
23.1 38.906 0.13508 79 62 36
23.126 38.862 0.0091567 78 61 33
23.122 38.881 0.08437 80 62 38
23.113 38.876 0.033553 79 61 37
23.088 38.853 0.14498 81 61 37
23.118 38.837 0.013435 80 60 35
23.123 38.85 0.089168 80 60 36
23.125 38.855 0.11437 81 62 32
23.119 38.889 0.11005 79 61 39
23.127 38.919 0.13098 80 63 37
23.15 38.961 0.095489 79 61 37
23.109 38.962 0.12602 79 61 37
23.125 38.935 0.048813 80 58 34
23.134 38.91 0.10469 79 61 37
23.122 38.959 0.15175 79 61 37
23.132 38.967 0.06979 82 62 37
23.115 38.937 0.023559 79 60 30
23.13 38.984 0.14577 81 61 36
23.145 38.953 0.044655 80 60 35
23.136 38.975 0.12152 79 62 36
23.119 38.997 0.012521 79 58 37
23.126 38.91 0.080624 79 62 36
23.141 38.95 0.019068 78 60 38
23.13 38.937 0.074636 82 62 38
23.127 38.945 0.10068 80 60 35
23.132 38.993 0.03906 83 63 38
23.15 39.012 0.035045 79 59 35
23.144 39.054 0.05474 79 58 37
23.178 39.056 0.024817 81 61 36
23.136 39.043 0.13719 81 61 37
23.146 39.058 0.080624 82 62 37
23.14 39.004 0.11636 79 62 36
23.138 39 0.09065 79 62 36
23.143 39.033 0.11163 82 62 37
23.145 39.047 0.028275 78 60 36
23.143 39.071 0.13292 81 61 36
23.123 39.08 0.10692 81 61 36
23.155 39.014 0.0605 81 61 36
23.137 39.011 0.14215 81 63 41
23.148 39.008 0.0089682 80 60 33
23.13 39 0.064957 79 61 39
23.144 39.028 0.085526 81 63 39
23.165 39.119 0.12264 81 63 41
23.157 39.13 0.14904 80 62 40
23.192 39.121 0.065774 80 63 37
23.155 39.068 0.15764 83 62 41
23.152 39.096 0.12703 81 62 32
23.154 39.111 0.044403 78 62 37
23.145 39.107 0.15428 79 62 36
23.133 39.138 0.096936 81 64 38
23.175 39.123 0.013772 81 61 36
23.15 39.12 0.071038 80 63 37
23.156 39.088 0.10186 82 60 37
23.162 39.138 0.040133 79 62 32
23.158 39.076 0.049441 77 60 34
23.148 39.11 0.018012 79 59 32
23.152 39.157 0.09265 81 64 38
23.157 39.082 0.075731 81 61 37
23.119 39.187 0.11845 82 64 42
22.752 38.798 -0.067852 112 79 44
22.72 38.808 -0.098933 112 80 42
22.83 38.778 -0.12449 95 75 50
22.883 38.769 -0.039618 93 71 47
22.871 38.781 -0.010721 90 69 40
22.87 38.77 -0.066709 95 74 47
22.858 38.77 -0.09499 95 75 48
22.709 38.807 -0.12719 128 96 57
22.862 38.787 -0.15745 96 76 51
22.797 38.789 -0.15474 95 75 50
22.798 38.781 -0.036642 95 70 48
22.679 38.815 -0.15922 76 56 31
23.071 38.742 -0.1254 95 75 48
22.904 38.783 -0.070254 94 74 47
23.078 38.744 -0.099496 93 73 48
22.985 38.752 -0.015085 91 70 41
22.983 38.754 -0.15238 96 76 49
23.099 38.749 -0.020787 87 70 40
22.912 38.773 -0.097967 96 75 48
23.013 38.761 -0.044815 92 71 42
23.132 38.725 -0.045762 92 72 47
22.951 38.764 -0.041844 92 72 47
23.092 38.76 -0.12849 91 71 46
22.912 38.767 -0.12391 95 74 47
22.982 38.761 -0.12567 96 76 51
23.016 38.754 -0.070298 94 73 46
23.017 38.764 -0.019219 92 71 44
22.997 38.777 -0.15838 95 75 50
23.114 38.729 -0.071525 94 72 48
23.004 38.754 -0.097309 94 74 49
23.11 38.796 -0.057259 80 63 37
23.093 38.794 -0.10954 79 62 36
23.1 38.837 -0.037777 78 61 35
23.092 38.801 -0.08363 80 63 35
23.115 38.823 -0.061867 79 62 36
23.117 38.816 -0.087176 79 61 37
23.131 38.826 -0.14387 80 60 36
23.113 38.8 -0.031492 80 60 36
23.129 38.803 -0.11173 80 60 36
23.11 38.766 -0.051868 79 62 36
23.118 38.773 -0.0010216 81 61 34
23.109 38.78 -0.13293 81 61 34
23.102 38.76 -0.10215 90 72 48
23.111 38.76 -0.076302 87 68 38
23.108 38.808 -0.0068225 80 60 35
23.11 38.809 -0.13902 78 58 34
23.093 38.782 -0.026879 78 60 36
23.111 38.891 -0.047967 81 61 37
23.107 38.852 -0.094057 79 61 37
23.133 38.823 -0.010748 79 60 28
23.125 38.877 -0.073138 79 61 37
23.134 38.866 -0.097722 78 60 36
23.134 38.883 -0.021413 80 60 35
23.112 38.866 -0.017449 78 61 35
23.118 38.898 0.0029298 80 60 35
23.135 38.86 -0.12307 80 60 33
23.121 38.838 -0.11895 78 61 35
23.128 38.912 -0.05213 78 61 33
23.11 38.912 -0.10567 81 61 36
23.12 38.9 -0.1314 80 60 35
23.126 38.907 -0.079016 81 61 37
23.118 38.857 -0.041913 80 63 35
23.122 38.848 -0.068069 78 60 36
23.146 38.988 -0.095117 78 61 35
23.126 38.938 -0.084067 79 62 34
23.147 38.919 -0.10886 78 61 35
23.128 38.953 -0.007721 79 58 37
23.117 38.964 -0.14427 79 59 32
23.141 38.96 -0.089398 79 62 34
23.118 38.97 -0.11731 78 60 36
23.144 38.963 -0.062946 80 60 35
23.142 38.939 -0.032254 80 60 36
23.154 38.977 -0.12039 80 61 31
23.123 38.92 -0.027477 79 61 37
23.143 38.975 -0.011795 78 60 38
23.155 38.971 -0.14622 79 60 30
23.126 38.944 -0.058931 79 62 34
23.133 38.976 -0.038379 79 62 36
23.135 38.918 -0.0013488 79 62 34
23.143 38.916 -0.13472 78 60 36
23.137 39.048 0.0023766 78 61 31
23.17 39.029 -0.13115 80 61 31
23.162 39.051 -0.053504 80 61 31
23.16 39.026 -0.02194 79 61 39
23.142 39.007 -0.017778 79 62 36
23.132 39.024 -0.12813 80 61 31
23.139 39.063 -0.082133 80 60 33
23.153 38.994 -0.043299 81 61 36
23.152 39.048 -0.10638 81 61 37
23.136 39.075 -0.029363 80 59 38
23.148 39.029 -0.048995 81 61 37
23.152 39.016 -0.10135 77 61 36
23.148 39.024 -0.074206 78 61 33
23.125 39.008 -0.070368 81 61 37
23.168 39.058 -0.0017422 80 60 36
23.147 39.078 -0.13957 79 60 30
23.158 39.075 -0.1118 79 62 36
23.12 39.193 -0.01825 78 61 35
23.169 39.122 -0.012152 80 60 36
23.153 39.118 -0.092465 78 61 33
23.158 39.092 -0.033635 78 60 38
23.153 39.091 -0.060297 80 63 37
23.164 39.12 -0.039419 82 63 33
23.182 39.134 -0.070769 80 64 38
23.178 39.131 -0.096199 79 61 37
23.175 39.129 -0.12403 77 61 36
23.164 39.104 -0.11833 80 60 35
23.178 39.104 -0.064484 80 64 31
23.158 39.081 -0.085769 79 61 37
23.187 39.136 -0.042956 81 61 36
23.142 39.11 -0.00869 80 60 36
23.171 39.093 -0.14387 79 58 29
23.901 38.212 -0.13547 47 34 18
22.73 38.809 -0.22045 89 71 49
22.788 38.787 -0.18511 90 73 47
22.845 38.79 -0.18678 96 76 51
22.755 38.804 -0.34046 94 74 49
22.794 38.797 -0.2766 99 82 54
22.674 38.831 -0.25567 74 57 40
22.823 38.795 -0.21671 97 77 50
22.853 38.786 -0.33224 102 82 55
22.902 38.773 -0.26865 102 83 53
22.87 38.765 -0.2378 98 78 51
22.905 38.765 -0.29587 102 82 55
22.952 38.771 -0.29647 104 85 53
23.142 38.721 -0.17392 98 78 51
23.013 38.757 -0.20758 103 79 53
23.108 38.758 -0.2347 99 79 52
23.114 38.731 -0.20245 98 78 53
23.132 38.732 -0.1512 95 76 44
23.048 38.756 -0.26252 103 84 52
23.145 38.726 -0.28099 104 85 55
22.972 38.754 -0.17952 98 78 53
23.041 38.766 -0.23904 99 82 52
22.92 38.775 -0.21253 99 79 54
22.875 38.793 -0.24521 101 82 52
23.129 38.741 -0.2584 100 83 55
23.019 38.748 -0.2324 102 82 55
22.984 38.772 -0.21172 100 80 53
22.948 38.805 -0.30534 104 84 57
22.937 38.786 -0.27195 103 84 54
22.989 38.775 -0.18418 99 78 49
23.123 38.796 -0.16351 78 61 35
23.113 38.804 -0.29957 79 61 37
23.092 38.791 -0.27054 78 60 36
23.108 38.835 -0.17094 77 60 34
23.148 38.818 -0.27726 80 62 38
23.11 38.774 -0.15914 81 61 34
23.103 38.827 -0.22371 82 62 37
23.117 38.813 -0.24681 80 62 38
23.111 38.827 -0.19599 78 61 35
23.12 38.786 -0.21471 81 60 39
23.107 38.77 -0.18427 85 65 41
23.09 38.798 -0.24328 79 62 36
23.079 38.829 -0.27909 78 60 36
23.071 38.798 -0.29981 81 61 34
23.095 38.771 -0.21112 87 68 38
23.118 38.793 -0.18913 80 61 31
23.119 38.884 -0.20888 78 61 35
23.122 38.862 -0.15009 78 61 33
23.137 38.887 -0.29108 79 59 35
23.122 38.901 -0.26717 78 60 36
23.116 38.868 -0.28781 80 60 33
23.137 38.903 -0.21268 78 61 33
23.138 38.897 -0.23955 79 62 34
23.123 38.887 -0.1831 78 61 33
23.145 38.903 -0.18623 77 60 34
23.119 38.858 -0.17618 80 60 35
23.13 38.846 -0.20084 81 61 34
23.117 38.896 -0.15693 80 60 35
23.148 38.854 -0.25573 79 59 32
23.123 38.927 -0.30079 79 58 37
23.1 38.853 -0.25753 79 61 39
23.129 38.841 -0.22628 78 61 35
23.115 38.88 -0.23534 81 61 36
23.133 38.957 -0.27962 79 59 34
23.143 38.942 -0.16792 80 60 35
23.139 38.913 -0.16068 80 60 36
23.16 38.971 -0.2822 77 60 34
23.171 38.969 -0.25439 79 59 34
23.135 39.005 -0.20769 78 61 35
23.15 38.963 -0.19851 77 59 35
23.117 38.953 -0.19661 78 61 35
23.155 38.954 -0.22442 78 63 34
23.155 38.911 -0.2692 77 60 32
23.134 38.962 -0.25372 78 61 35
23.133 38.931 -0.24685 79 61 37
23.138 38.977 -0.17368 77 60 32
23.135 38.999 -0.23421 78 61 33
23.13 38.939 -0.22099 80 59 38
23.151 39.02 -0.23814 79 61 37
23.151 39.014 -0.26522 78 61 33
23.15 39.054 -0.24546 79 61 39
23.163 39.028 -0.15792 77 60 34
23.139 39.056 -0.27403 78 61 35
23.172 39.027 -0.29484 79 59 34
23.156 39.076 -0.2784 77 59 37
23.141 39.006 -0.17984 78 60 36
23.144 39.031 -0.21373 78 60 36
23.169 39.078 -0.22348 78 60 36
23.152 39.031 -0.1853 79 59 34
23.169 39.072 -0.25007 78 61 35
23.141 39.065 -0.22045 80 59 38
23.136 39.081 -0.16786 79 59 35
23.147 39.077 -0.30674 77 60 34
23.123 39.024 -0.1562 78 60 38
23.131 39.023 -0.2941 79 59 34
23.157 39.06 -0.1923 80 60 35
23.151 39.141 -0.15277 78 60 36
23.158 39.13 -0.17918 78 58 33
23.221 39.115 -0.17689 78 58 31
23.175 39.084 -0.16941 80 60 35
23.147 39.121 -0.2604 79 59 32
23.185 39.126 -0.26155 79 59 35
23.169 39.133 -0.29101 79 59 35
23.164 39.12 -0.20425 77 59 35
23.16 39.09 -0.19767 78 60 38
23.191 39.133 -0.20775 79 59 35
23.185 39.132 -0.23515 78 61 33
23.183 39.089 -0.28129 78 58 33
23.165 39.114 -0.23167 79 62 36
22.642 38.847 -0.42008 75 56 26
22.859 38.777 -0.35989 105 85 58
22.737 38.82 -0.46833 103 82 53
22.713 38.826 -0.50523 100 79 58
22.683 38.834 -0.53912 74 54 29
22.896 38.771 -0.44509 107 90 60
22.877 38.787 -0.4202 111 87 61
22.813 38.788 -0.42476 103 78 55
22.824 38.802 -0.48881 109 92 64
22.651 38.849 -0.38772 98 76 53
22.818 38.792 -0.39384 105 85 58
23.127 38.731 -0.30773 105 86 56
23.013 38.758 -0.34753 106 87 57
23.056 38.747 -0.42473 111 92 62
23.153 38.729 -0.38728 108 89 59
23.068 38.758 -0.34538 108 89 57
22.998 38.76 -0.37679 108 88 61
23.09 38.77 -0.37383 105 85 61
23.021 38.778 -0.38128 109 90 60
23.109 38.748 -0.42236 112 91 62
22.987 38.791 -0.41462 111 90 61
22.958 38.763 -0.32235 103 86 58
23.1 38.747 -0.44993 111 90 61
22.94 38.773 -0.47028 112 91 64
22.917 38.778 -0.35635 106 86 59
22.876 38.794 -0.39182 107 90 60
22.978 38.765 -0.40742 111 90 59
22.989 38.777 -0.3253 107 86 57
22.94 38.779 -0.4428 110 89 60
23.001 38.771 -0.46385 113 92 63
23.142 38.805 -0.35479 80 63 35
23.121 38.842 -0.39148 81 64 38
23.151 38.806 -0.32539 81 61 36
23.121 38.807 -0.40936 80 62 38
23.132 38.787 -0.3219 79 62 34
23.114 38.775 -0.42879 89 69 42
23.111 38.843 -0.41934 83 63 39
23.146 38.814 -0.30083 80 60 36
23.103 38.786 -0.40525 82 62 35
23.13 38.825 -0.44118 80 62 38
23.141 38.776 -0.34546 82 62 37
23.11 38.819 -0.38472 82 63 31
23.1 38.775 -0.32067 87 67 40
23.119 38.783 -0.37615 83 64 34
23.133 38.751 -0.33952 105 85 60
23.111 38.807 -0.43678 83 63 39
23.116 38.863 -0.31406 78 60 36
23.129 38.857 -0.44892 80 63 37
23.137 38.844 -0.33516 81 61 36
23.123 38.898 -0.43307 81 62 32
23.134 38.914 -0.32505 78 60 36
23.141 38.892 -0.40225 79 62 36
23.12 38.849 -0.36504 79 62 36
23.121 38.91 -0.38014 79 62 36
23.141 38.903 -0.34927 81 61 37
23.144 38.865 -0.36793 80 60 35
23.151 38.911 -0.43413 79 63 30
23.142 38.877 -0.31592 78 61 35
23.128 38.881 -0.34499 81 61 34
23.12 38.874 -0.39851 79 62 36
23.139 38.882 -0.45478 79 61 37
23.13 38.862 -0.4233 82 62 38
23.144 38.985 -0.42516 80 59 38
23.147 38.942 -0.30391 78 61 35
23.156 38.957 -0.36197 77 60 34
23.177 38.985 -0.31271 78 61 35
23.17 38.961 -0.44593 79 59 32
23.132 38.955 -0.44732 80 60 33
23.131 38.968 -0.39389 79 60 30
23.161 38.991 -0.34209 77 60 34
23.135 38.982 -0.31316 79 58 29
23.149 38.993 -0.37099 78 61 33
23.144 38.953 -0.41788 79 63 30
23.147 38.968 -0.33771 79 60 28
23.153 38.932 -0.32879 81 60 39
23.158 38.981 -0.39649 78 61 35
23.134 38.928 -0.41102 78 61 35
23.154 38.92 -0.38084 81 62 30
23.15 39.007 -0.45968 79 60 30
23.134 38.939 -0.35879 79 61 37
23.16 39.089 -0.36618 77 59 35
23.168 39.006 -0.40162 79 59 35
23.143 39.041 -0.32745 77 60 30
23.167 39.073 -0.41841 78 61 35
23.165 39.068 -0.44576 80 60 35
23.16 39.017 -0.37621 77 60 34
23.155 39.01 -0.43215 80 60 35
23.155 39.027 -0.35098 76 59 33
23.193 39.059 -0.38506 78 61 35
23.185 39.044 -0.32649 80 60 36
23.179 39.031 -0.40702 80 60 36
23.176 39.045 -0.35484 77 59 35
23.158 39.052 -0.38497 77 60 34
23.149 39.047 -0.44061 79 59 34
23.164 39.113 -0.39959 78 61 35
23.156 39.137 -0.32034 77 60 30
23.181 39.095 -0.42332 77 60 34
23.182 39.122 -0.45832 78 56 35
23.187 39.124 -0.4298 80 59 38
23.188 39.135 -0.37558 79 60 30
23.161 39.094 -0.33944 80 59 38
23.178 39.136 -0.40443 77 60 34
23.195 39.102 -0.33916 78 61 31
23.179 39.108 -0.36914 78 60 36
23.178 39.148 -0.35118 77 59 35
23.214 39.13 -0.4576 78 59 29
23.175 39.09 -0.30896 78 58 34
23.172 39.096 -0.4514 77 60 34
22.785 38.816 -0.52695 110 90 63
22.851 38.795 -0.60482 115 94 67
22.859 38.797 -0.57204 114 94 67
22.665 38.85 -0.67736 89 65 39
22.759 38.822 -0.56169 110 94 59
22.846 38.791 -0.63402 114 95 65
22.718 38.83 -0.63188 110 89 62
22.939 38.762 -0.52508 113 94 64
22.769 38.811 -0.58864 105 84 55
22.83 38.793 -0.66744 114 94 67
23.096 38.756 -0.56432 113 94 64
23.123 38.747 -0.53024 114 95 65
22.945 38.783 -0.56077 114 95 61
23.06 38.763 -0.48547 113 92 61
22.974 38.774 -0.52577 113 93 66
23.04 38.757 -0.56922 116 97 65
23.005 38.77 -0.6065 116 97 67
23.107 38.767 -0.48293 109 88 57
23.021 38.792 -0.61287 115 94 65
22.949 38.762 -0.4952 111 91 64
22.922 38.79 -0.59484 116 97 65
23.129 38.749 -0.50301 113 94 60
22.955 38.79 -0.50377 114 93 62
23.014 38.759 -0.63211 116 97 67
23.031 38.768 -0.54558 115 96 64
22.99 38.772 -0.64036 117 98 68
22.864 38.808 -0.6684 115 96 64
23.067 38.754 -0.50955 114 95 65
22.89 38.8 -0.63216 116 97 67
23.127 38.786 -0.48506 81 64 38
23.127 38.822 -0.46725 80 63 35
23.127 38.835 -0.5543 81 63 41
23.136 38.775 -0.50904 84 65 35
23.117 38.816 -0.52245 79 62 34
23.126 38.805 -0.54615 82 65 39
23.106 38.805 -0.60487 81 61 37
23.107 38.81 -0.5784 79 62 36
23.114 38.769 -0.45423 91 70 39
23.119 38.767 -0.59111 108 91 65
23.098 38.833 -0.50178 80 62 38
23.111 38.784 -0.54164 93 74 44
23.151 38.826 -0.52158 82 62 35
23.136 38.824 -0.57759 81 61 36
23.125 38.825 -0.60761 81 61 34
23.121 38.795 -0.46152 82 62 38
23.131 38.766 -0.56191 91 72 42
23.119 38.902 -0.57427 81 61 37
23.139 38.907 -0.49033 80 59 38
23.103 38.892 -0.51774 80 60 33
23.133 38.849 -0.47539 79 62 34
23.12 38.925 -0.46687 81 61 37
23.148 38.878 -0.59199 80 61 31
23.126 38.867 -0.5633 81 64 34
23.123 38.863 -0.59172 81 61 37
23.136 38.929 -0.55216 79 62 34
23.133 38.905 -0.51723 82 63 33
23.133 38.843 -0.50007 79 62 34
23.15 38.889 -0.5399 78 61 35
23.136 38.918 -0.60611 79 62 34
23.129 38.882 -0.48376 81 61 36
23.135 38.924 -0.57864 80 60 35
23.122 38.875 -0.53854 81 61 36
23.151 38.977 -0.59226 80 60 35
23.144 38.988 -0.56767 81 61 36
23.164 38.992 -0.48185 80 60 35
23.157 38.933 -0.46752 80 60 33
23.115 38.949 -0.5317 78 62 36
23.169 38.928 -0.60336 80 60 35
23.172 38.937 -0.54994 81 61 36
23.126 38.985 -0.48313 80 60 35
23.116 39.013 -0.549 82 62 37
23.155 38.992 -0.51028 81 61 36
23.158 38.952 -0.52748 81 61 36
23.146 39.013 -0.60241 77 60 32
23.138 38.939 -0.49775 81 61 36
23.149 38.946 -0.58371 77 60 34
23.15 38.963 -0.50453 78 60 36
23.155 39.073 -0.6194 80 61 29
23.171 39.025 -0.46238 77 60 32
23.168 39.03 -0.60526 80 61 29
23.165 39.05 -0.5254 80 60 33
23.13 39.07 -0.56351 79 62 34
23.155 39.03 -0.49265 80 59 32
23.18 39.045 -0.49507 80 60 36
23.161 39.02 -0.51863 78 61 35
23.184 39.081 -0.47557 79 60 28
23.169 39.081 -0.53385 81 61 34
23.161 39.092 -0.50797 77 60 34
23.177 39.069 -0.55773 80 60 35
23.186 39.056 -0.5822 76 59 33
23.153 39.047 -0.58319 77 59 35
23.172 39.001 -0.5684 79 62 36
23.172 39.007 -0.5407 81 62 32
23.162 39.064 -0.4732 79 59 32
23.171 39.094 -0.62308 79 60 30
23.171 39.106 -0.56875 78 61 35
23.188 39.155 -0.60944 79 59 32
23.167 39.156 -0.52455 79 60 30
23.18 39.139 -0.54885 81 59 36
23.206 39.147 -0.57686 78 58 34
23.168 39.103 -0.59708 79 59 34
23.202 39.134 -0.48862 76 59 31
23.172 39.112 -0.54078 77 60 34
23.176 39.136 -0.57561 79 59 34
23.161 39.132 -0.49067 76 56 31
23.189 39.121 -0.59984 77 60 30
23.184 39.108 -0.51143 80 61 31
23.634 38.009 -0.40657 69 54 33
23.578 38.007 -0.41899 70 55 36
23.623 38.03 -0.41424 67 55 33
22.368 38.917 -0.95269 76 52 26
22.925 38.776 -0.79779 118 99 65
22.749 38.835 -0.85308 120 99 70
22.724 38.835 -0.76066 116 91 69
22.862 38.802 -0.69624 118 97 68
22.867 38.794 -0.72338 118 97 66
22.855 38.793 -0.75626 117 98 66
22.702 38.839 -0.79581 93 69 43
22.76 38.837 -0.81937 117 101 66
22.773 38.817 -0.87311 120 97 63
22.725 38.821 -0.81906 90 69 38
22.961 38.789 -0.79562 120 99 72
22.924 38.795 -0.71503 119 100 68
22.975 38.774 -0.67168 117 98 66
22.929 38.787 -0.74101 118 99 69
22.906 38.825 -0.78924 117 98 66
23.026 38.784 -0.63788 114 95 63
23.121 38.76 -0.61775 114 94 59
23.122 38.761 -0.75644 117 96 67
23.087 38.762 -0.70541 117 96 67
23.158 38.734 -0.63011 115 94 65
23.089 38.767 -0.67974 117 96 67
23.011 38.786 -0.6704 116 95 66
23.134 38.76 -0.72502 113 94 64
22.948 38.77 -0.76261 119 98 67
23.08 38.76 -0.73473 118 97 68
23.038 38.765 -0.6865 118 97 66
23.018 38.77 -0.72088 119 98 69
23.054 38.769 -0.77042 119 98 67
23.113 38.784 -0.68025 95 73 49
23.11 38.828 -0.63879 81 64 36
23.11 38.791 -0.65538 79 62 32
23.13 38.829 -0.72049 80 63 37
23.137 38.806 -0.65632 80 62 38
23.137 38.842 -0.63867 79 62 36
23.123 38.845 -0.6705 79 61 37
23.151 38.78 -0.72841 83 63 39
23.129 38.835 -0.69377 80 63 37
23.11 38.835 -0.75314 81 61 36
23.106 38.818 -0.69222 82 62 35
23.155 38.772 -0.75257 83 62 33
23.134 38.796 -0.7088 83 62 43
23.115 38.794 -0.62761 81 62 32
23.116 38.776 -0.70589 110 90 63
23.119 38.922 -0.63723 80 60 35
23.133 38.927 -0.72289 82 62 35
23.109 38.865 -0.62149 83 62 33
23.139 38.886 -0.73671 78 60 36
23.143 38.846 -0.75113 81 61 37
23.126 38.888 -0.76784 83 62 35
23.138 38.879 -0.62123 82 62 37
23.148 38.861 -0.67087 82 61 40
23.117 38.874 -0.70929 80 63 37
23.146 38.913 -0.74339 80 63 37
23.135 38.906 -0.65822 80 63 35
23.161 38.915 -0.68545 80 63 33
23.133 38.902 -0.68617 82 62 37
23.123 38.882 -0.6538 79 62 36
23.144 38.889 -0.70811 80 62 38
23.137 38.856 -0.72726 80 63 37
23.152 38.903 -0.76836 81 61 36
23.154 38.971 -0.76063 78 61 35
23.161 39.012 -0.71571 81 61 36
23.165 39.003 -0.73999 82 60 36
23.154 38.969 -0.6186 81 60 29
23.138 38.988 -0.74003 81 61 34
23.155 38.931 -0.63447 79 63 30
23.161 38.991 -0.65116 79 62 34
23.141 38.972 -0.6494 81 61 34
23.138 38.936 -0.66794 80 62 40
23.161 38.935 -0.74952 78 60 36
23.154 38.957 -0.67103 79 62 36
23.172 38.971 -0.70112 79 64 35
23.173 38.989 -0.62103 80 61 29
23.143 38.998 -0.6857 78 60 36
23.155 39.003 -0.77126 81 61 36
23.136 38.964 -0.70518 79 62 34
23.142 38.953 -0.72842 81 61 37
23.165 39.093 -0.65274 82 60 36
23.172 39.076 -0.70405 79 59 34
23.178 39.059 -0.75504 79 59 32
23.154 39.034 -0.63735 79 59 34
23.191 39.089 -0.73444 79 59 34
23.157 39.093 -0.68335 81 61 36
23.169 39.027 -0.77608 79 60 30
23.164 39.075 -0.73476 81 61 37
23.153 39.056 -0.70161 81 61 34
23.179 39.05 -0.63737 79 60 30
23.146 39.034 -0.66729 80 60 36
23.171 39.049 -0.66699 81 61 36
23.141 39.053 -0.76089 78 61 35
23.165 39.015 -0.68637 80 60 36
23.152 39.112 -0.77632 80 61 31
23.185 39.027 -0.71582 81 61 37
23.142 39.052 -0.76036 78 61 35
23.159 39.159 -0.70213 80 60 33
23.18 39.137 -0.72102 81 61 37
23.174 39.164 -0.7892 82 60 36
23.169 39.13 -0.63344 79 59 34
23.183 39.153 -0.63864 78 59 29
23.209 39.143 -0.748 80 58 34
23.195 39.104 -0.65142 78 60 36
23.172 39.156 -0.67047 80 59 32
23.169 39.139 -0.75312 78 59 29
23.185 39.121 -0.7739 80 61 29
23.185 39.106 -0.68186 80 60 35
23.171 39.11 -0.71531 80 60 33
22.669 38.863 -0.94241 117 95 71
22.678 38.866 -1.0746 124 99 76
22.736 38.796 -1.061 73 50 32
22.883 38.792 -0.8419 120 99 68
22.874 38.791 -0.87349 120 99 68
22.846 38.799 -0.91254 120 99 68
22.732 38.845 -1.0193 121 97 69
22.864 38.809 -0.97501 120 101 69
22.84 38.815 -1.0146 119 99 72
22.78 38.826 -0.97 120 99 72
23.03 38.77 -0.83392 121 101 67
23.034 38.774 -0.80536 117 98 68
23.056 38.775 -0.88776 119 100 66
23.075 38.758 -0.90592 119 100 68
22.97 38.778 -0.82172 118 97 70
22.889 38.809 -0.9083 121 100 69
23.153 38.75 -0.85645 117 96 67
22.981 38.773 -0.96337 121 100 71
22.872 38.812 -0.94376 122 101 72
23.016 38.772 -0.86614 121 100 69
23.018 38.784 -0.95796 119 100 68
23.02 38.795 -0.90448 119 100 66
23.141 38.744 -0.77404 118 97 66
23.033 38.774 -0.80588 117 98 68
23.067 38.78 -0.8298 116 97 63
22.955 38.799 -0.91905 119 98 71
22.912 38.803 -0.87089 123 102 71
23.026 38.798 -0.87475 117 96 67
22.905 38.82 -0.97078 123 99 71
23.127 38.759 -0.89425 118 97 68
23.126 38.814 -0.80036 83 63 38
23.157 38.832 -0.77189 80 63 37
23.137 38.826 -0.85848 79 62 36
23.116 38.826 -0.77817 81 64 38
23.126 38.827 -0.88968 80 63 37
23.124 38.797 -0.87989 79 62 34
23.109 38.818 -0.83422 81 64 36
23.118 38.807 -0.85606 79 61 37
23.141 38.836 -0.80452 80 62 38
23.123 38.823 -0.91769 78 60 38
23.141 38.83 -0.83151 80 62 40
23.126 38.79 -0.90524 87 70 40
23.142 38.842 -0.91973 78 60 38
23.129 38.77 -0.84116 114 94 69
23.135 38.852 -0.89671 81 61 34
23.12 38.786 -0.79206 92 72 45
23.126 38.777 -0.8164 91 71 46
23.135 38.922 -0.89223 79 62 34
23.139 38.913 -0.91665 80 64 31
23.132 38.886 -0.9089 80 58 34
23.128 38.863 -0.87331 82 62 37
23.178 38.88 -0.78386 81 61 37
23.145 38.896 -0.82355 82 61 40
23.133 38.878 -0.79214 81 61 34
23.145 38.934 -0.80818 80 63 33
23.116 38.877 -0.85258 81 61 37
23.141 38.93 -0.83611 81 61 34
23.151 38.886 -0.84798 80 62 40
23.152 38.879 -0.87347 81 62 32
23.119 38.938 -0.87305 80 63 37
23.136 38.87 -0.81755 79 61 39
23.181 38.994 -0.87837 80 61 31
23.153 38.969 -0.93328 80 61 31
23.162 38.96 -0.78519 81 62 32
23.134 38.988 -0.91542 78 62 29
23.172 38.994 -0.90822 79 59 25
23.167 38.977 -0.84743 79 61 37
23.129 38.95 -0.78735 81 63 39
23.176 38.945 -0.80568 82 62 37
23.152 38.955 -0.84194 79 62 34
23.127 39.017 -0.80975 80 60 33
23.171 38.936 -0.86095 79 61 37
23.145 38.999 -0.82967 81 61 36
23.171 39.007 -0.85531 80 60 35
23.157 38.94 -0.89255 78 59 29
23.145 38.986 -0.88382 78 61 35
23.198 38.994 -0.81749 78 61 33
23.138 38.947 -0.92908 78 60 36
23.156 38.999 -0.9434 79 59 35
23.177 39.081 -0.82076 81 60 39
23.166 39.043 -0.86853 78 60 36
23.159 39.104 -0.94966 77 60 30
23.184 39.058 -0.8993 79 59 35
23.165 39.038 -0.89682 80 58 35
23.178 39.068 -0.87476 81 61 34
23.202 39.057 -0.83635 81 60 39
23.165 39.023 -0.80454 81 59 35
23.176 39.055 -0.78433 81 61 34
23.182 39.054 -0.92658 77 56 35
23.175 39.104 -0.88589 79 59 32
23.158 39.056 -0.84599 80 63 35
23.178 39.087 -0.79327 79 61 37
23.157 39.038 -0.92745 80 59 32
23.162 39.108 -0.9204 78 59 25
23.151 39.067 -0.82122 83 61 37
23.179 39.12 -0.80428 78 61 33
23.204 39.162 -0.84156 80 63 35
23.19 39.145 -0.80895 78 61 33
23.216 39.113 -0.85268 79 62 36
23.176 39.166 -0.93757 79 57 33
23.153 39.133 -0.84227 79 62 36
23.188 39.129 -0.89261 80 60 35
23.188 39.169 -0.87751 80 60 35
23.173 39.112 -0.86185 80 60 35
23.187 39.141 -0.83847 82 60 36
23.186 39.118 -0.94735 78 61 33
23.191 39.12 -0.9184 79 58 27
23.189 39.162 -0.90383 79 59 34
22.97 38.698 -1.0266 78 56 32
22.652 38.872 -1.1165 95 75 50
22.787 38.817 -1.1553 97 76 49
22.823 38.818 -1.051 121 101 74
22.851 38.817 -1.1379 122 101 74
22.891 38.776 -1.0478 120 98 75
22.788 38.823 -1.1257 125 101 75
22.887 38.804 -1.093 120 100 75
23.114 38.761 -0.92525 119 100 70
23.002 38.78 -1.0191 122 103 73
23.071 38.792 -1.065 118 97 66
22.922 38.818 -1.0874 120 101 69
22.963 38.776 -0.99835 123 102 71
23.062 38.784 -0.97647 120 101 69
23.019 38.79 -1.0783 122 101 70
23.114 38.773 -1.0157 119 98 71
22.924 38.83 -1.0309 121 100 71
22.91 38.818 -1.1229 120 101 69
23.105 38.748 -1.0072 122 103 73
22.937 38.784 -1.038 122 101 72
23.185 38.739 -0.95383 120 99 68
23.123 38.811 -0.97101 79 64 33
23.139 38.833 -0.97349 80 62 38
23.157 38.841 -1.0286 80 60 33
23.105 38.859 -0.96418 81 61 36
23.085 38.808 -0.95079 92 72 45
23.099 38.819 -1.0084 83 62 41
23.158 38.779 -1.0049 80 60 36
23.098 38.845 -1.047 81 62 30
23.146 38.803 -0.93276 80 62 40
23.153 38.818 -0.99262 79 62 36
23.12 38.782 -0.96035 114 94 67
23.11 38.894 -0.94573 79 62 34
23.15 38.882 -1.0171 78 61 33
23.138 38.94 -0.95521 80 60 36
23.119 38.934 -1.0459 78 60 22
23.143 38.893 -0.99462 79 61 37
23.161 38.856 -0.94842 81 61 36
23.174 38.892 -1.0432 79 59 32
23.109 38.876 -1.0271 80 62 38
23.165 38.917 -0.96907 79 62 36
23.124 38.893 -1.058 79 62 36
23.13 38.907 -0.97493 78 61 33
23.128 38.935 -1.0144 80 59 38
23.15 38.9 -0.9383 79 63 37
23.126 38.872 -0.99212 82 63 33
23.127 38.974 -0.99973 80 60 33
23.189 38.964 -0.98034 77 60 32
23.156 38.981 -1.0238 79 59 35
23.167 38.953 -0.95248 81 62 32
23.172 39.015 -0.97385 78 61 31
23.142 39.03 -1.0161 78 58 34
23.184 38.988 -1.0477 77 59 35
23.164 38.943 -1.0076 78 60 38
23.166 38.935 -1.033 78 58 34
23.168 39.006 -1.0295 80 60 36
23.139 38.987 -1.0599 78 59 27
23.111 39.024 -0.99238 78 61 33
23.156 39.066 -0.96651 80 61 31
23.166 39.046 -1.0143 77 60 32
23.141 39.058 -1.0539 80 60 36
23.143 39.097 -1.0379 78 61 33
23.173 39.02 -0.94679 79 59 34
23.168 39.085 -0.99955 79 61 37
23.146 39.067 -0.99718 79 59 35
23.18 39.097 -1.0572 78 58 31
23.187 39.059 -1.0417 78 57 36
23.195 39.047 -1.064 79 59 32
23.195 39.093 -1.0228 79 59 32
23.149 39.046 -1.0769 79 59 35
23.18 39.082 -0.96647 81 61 37
23.194 39.168 -1.0225 81 61 34
23.158 39.149 -1.0855 80 58 34
23.174 39.162 -0.96616 79 59 35
23.17 39.124 -0.98371 81 61 36
23.131 39.147 -1.0328 80 60 36
23.207 39.151 -1.0423 79 59 34
23.186 39.146 -0.98737 81 59 36
23.206 39.165 -0.98944 78 60 36
23.216 39.163 -0.95619 80 60 35
23.179 39.145 -1.0184 79 60 30
23.195 39.155 -1.0772 78 58 24
23.164 39.15 -1.0539 79 60 30
