2757
0.082493 0.45199 0.11493 0.88073 19.996 4.9012 -0.1223
22.476 5.3545 -0.38906 72 47 24
22.512 5.3492 -0.42037 73 48 28
22.677 5.3366 -0.45018 64 49 10
22.632 5.3421 -0.41749 75 50 30
22.576 5.3529 -0.40512 71 44 23
22.582 5.3698 -0.45068 67 43 31
22.612 5.3465 -0.43615 72 48 12
22.904 5.3332 -0.43697 40 22 18
22.996 5.3563 -0.46909 29 16 0
23.039 5.3294 -0.45348 39 20 6
22.704 5.3193 -0.45671 36 23 17
23.175 5.3583 -0.49484 48 30 18
23.092 5.3213 -0.49229 39 29 0
23.787 5.2193 -0.58452 50 29 10
23.969 5.2448 -0.5283 43 26 0
23.776 5.1867 -0.58878 67 41 16
24.272 5.1286 -0.59523 74 50 24
24.129 5.1325 -0.61231 72 46 19
24.035 5.0812 -0.57552 72 48 22
24.275 5.0436 -0.56806 93 69 33
24.34 5.0087 -0.58683 97 70 35
24.212 5.029 -0.64713 94 70 36
24.295 4.907 -0.64347 96 68 37
24.282 4.982 -0.62475 94 69 37
24.33 4.9709 -0.59151 96 69 32
24.283 4.8952 -0.60445 95 70 40
24.181 4.8581 -0.59824 95 70 40
24.272 4.8194 -0.6175 95 70 38
23.926 4.7086 -0.56337 43 23 0
24.216 4.7446 -0.62714 87 68 36
24.257 4.77 -0.58476 97 70 37
24.115 4.6242 -0.60058 43 23 12
23.661 2.7939 -0.50223 40 21 14
23.686 2.7832 -0.54506 42 27 4
23.709 2.8125 -0.49871 41 17 3
23.473 2.3525 -0.50998 67 48 16
23.444 2.4181 -0.45979 70 47 16
23.42 2.3896 -0.46696 67 46 15
23.495 2.3853 -0.54286 71 46 2
23.286 2.3962 -0.43168 72 47 24
23.301 2.3387 -0.44575 67 46 17
23.281 2.3553 -0.47304 67 43 17
23.427 2.339 -0.51295 70 44 19
23.389 2.3642 -0.43666 71 48 7
23.273 2.4071 -0.46625 67 45 6
23.384 2.324 -0.51438 67 47 13
23.393 2.2701 -0.51893 67 46 19
23.339 2.4024 -0.47018 70 45 23
23.256 2.2819 -0.4566 66 45 16
23.233 2.3 -0.41337 63 40 7
23.248 2.3364 -0.51424 58 38 14
23.205 2.324 -0.48195 68 46 22
23.25 2.2416 -0.49463 55 37 15
23.314 2.1884 -0.46091 59 35 7
23.281 2.3085 -0.44388 55 38 18
23.303 2.2914 -0.44584 55 38 18
23.268 2.2253 -0.42399 56 36 12
23.357 2.2499 -0.48774 64 42 18
23.165 2.2646 -0.42003 56 36 25
23.272 2.1763 -0.46906 55 34 17
23.217 2.1747 -0.43682 52 27 20
23.268 2.0849 -0.48428 67 47 22
23.172 2.2124 -0.47156 51 34 17
23.199 2.1909 -0.50481 47 29 5
23.268 2.084 -0.44616 68 46 25
23.218 2.2211 -0.4983 55 32 24
22.513 5.3649 -0.46277 70 44 30
22.508 5.3718 -0.48412 71 44 25
22.434 5.3614 -0.54256 65 45 8
22.549 5.3514 -0.47317 68 46 5
22.54 5.341 -0.57409 68 43 13
22.506 5.3552 -0.56104 69 44 12
22.516 5.3611 -0.51095 69 44 12
22.566 5.3419 -0.50299 65 45 8
22.554 5.3445 -0.45168 72 47 24
22.49 5.3642 -0.52982 72 47 3
22.615 5.3424 -0.48809 70 46 12
22.567 5.3627 -0.49758 73 46 27
22.585 5.3326 -0.53551 70 45 1
22.568 5.3263 -0.45798 68 46 22
22.6 5.3433 -0.56084 70 43 0
22.541 5.3455 -0.52065 71 43 12
22.562 5.3575 -0.5489 73 46 1
22.699 5.3385 -0.58207 71 44 11
22.748 5.338 -0.56568 50 30 3
22.762 5.3371 -0.49036 36 16 18
22.694 5.3341 -0.50176 60 34 11
22.604 5.2985 -0.49484 39 23 0
22.752 5.3301 -0.5416 44 14 12
22.649 5.3351 -0.5206 71 43 12
22.602 5.3308 -0.58924 70 43 24
23.703 5.2045 -0.75584 39 23 6
24.126 5.2607 -0.66382 44 26 12
23.435 5.2215 -0.73422 41 23 1
24.199 5.2318 -0.67994 59 40 23
23.909 5.2333 -0.82541 38 21 4
23.999 5.1714 -0.74101 60 39 12
23.806 5.1247 -0.60905 71 45 20
23.67 5.1691 -0.65184 68 42 25
23.664 5.1696 -0.75393 62 40 0
24.112 5.1316 -0.72592 67 42 19
24.146 5.1219 -0.69581 71 49 28
23.71 5.1194 -0.70251 69 45 19
23.876 5.1515 -0.68625 62 41 12
23.875 5.1189 -0.80979 64 40 12
24.004 5.1482 -0.66816 66 45 24
24.263 5.0298 -0.776 91 65 38
24.256 4.9561 -0.66721 95 71 37
24.224 4.8053 -0.69587 94 69 39
23.887 4.7015 -0.79269 54 35 1
24.077 4.6968 -0.70148 70 50 23
24.131 4.6174 -0.72463 38 20 0
24.134 4.6173 -0.72563 38 20 0
24.056 4.606 -0.80429 45 23 0
24.022 4.5659 -0.64301 45 20 16
23.763 4.5611 -0.6504 37 23 14
23.548 2.7919 -0.77588 33 13 4
23.548 2.7789 -0.61973 37 18 2
23.47 2.4127 -0.72922 70 45 0
23.458 2.3696 -0.65783 70 46 18
23.473 2.3538 -0.54828 70 45 23
23.393 2.4619 -0.60535 75 48 15
23.403 2.3614 -0.62377 68 45 12
23.48 2.4031 -0.69256 85 63 24
23.508 2.3303 -0.58924 69 49 24
23.412 2.3534 -0.58198 67 46 15
23.341 2.4034 -0.54533 67 44 26
23.45 2.4214 -0.61238 75 48 15
23.439 2.2907 -0.75336 65 43 4
23.25 2.3394 -0.69949 55 36 0
23.234 2.439 -0.53325 67 46 19
23.298 2.3479 -0.6627 67 41 16
23.299 2.2995 -0.63139 62 40 1
23.393 2.2753 -0.71901 65 42 0
23.37 2.3384 -0.63066 68 48 14
23.484 2.2013 -0.57326 63 41 17
23.404 2.3145 -0.66999 68 41 4
23.235 2.3503 -0.66019 61 38 0
23.368 2.2926 -0.63753 70 46 18
23.319 2.3763 -0.5817 67 41 26
23.368 2.2915 -0.59966 66 47 7
23.395 2.3223 -0.70775 66 43 2
23.26 2.3285 -0.59093 59 39 4
23.335 2.2693 -0.56279 57 36 17
23.287 2.2137 -0.65069 57 32 0
23.235 2.258 -0.71291 53 34 4
23.341 2.1705 -0.69853 51 31 0
23.272 2.2257 -0.61231 55 34 7
23.251 2.2414 -0.53493 56 36 12
23.223 2.2189 -0.61035 56 38 16
23.227 2.3094 -0.6315 61 41 16
23.121 2.3932 -0.53974 69 45 17
23.375 2.1934 -0.72917 60 38 0
23.208 2.2319 -0.64642 49 30 0
23.356 2.1091 -0.71113 50 29 2
22.95 2.4024 -0.67735 45 29 4
23.303 2.2001 -0.57647 56 35 18
23.23 2.1663 -0.69341 50 29 8
23.14 2.1484 -0.69117 54 34 10
23.175 2.2124 -0.6126 50 31 1
23.115 2.1707 -0.6871 54 34 10
23.387 2.0321 -0.57269 48 26 2
23.119 2.214 -0.68251 62 39 6
22.828 2.3353 -0.61861 55 34 3
22.981 2.2416 -0.64427 53 37 1
22.918 2.2978 -0.667 54 38 15
22.366 5.3598 -0.62194 68 43 23
22.414 5.3654 -0.56229 70 43 22
22.38 5.3704 -0.64655 70 41 17
22.428 5.3564 -0.59242 71 46 26
22.406 5.3641 -0.68112 63 39 13
22.497 5.3493 -0.61006 64 44 20
22.526 5.3586 -0.69219 69 42 25
22.478 5.3578 -0.57751 70 43 22
22.454 5.3533 -0.69754 70 45 0
22.577 5.343 -0.63255 69 47 24
22.523 5.3623 -0.63949 67 42 22
22.432 5.3532 -0.64247 72 45 28
22.427 5.3638 -0.61182 71 46 14
22.561 5.3484 -0.65261 69 44 21
22.624 5.3681 -0.69035 67 44 13
22.55 5.3508 -0.59777 67 42 20
22.395 5.3539 -0.65558 67 41 14
22.674 5.3197 -0.74432 66 43 2
22.577 5.3302 -0.66099 67 44 13
22.744 5.3217 -0.73236 33 10 0
22.714 5.3221 -0.66885 37 23 12
22.737 5.3346 -0.69979 68 42 27
22.601 5.3388 -0.61131 65 40 8
22.64 5.3322 -0.6492 70 45 23
22.545 5.3328 -0.67633 67 42 12
22.67 5.3289 -0.63095 72 44 13
22.569 5.3369 -0.68137 67 42 12
23.031 5.3531 -0.67765 29 13 0
22.549 5.2831 -0.66491 41 25 0
22.574 5.3296 -0.66029 67 44 13
22.664 5.3061 -0.63705 27 15 0
22.565 5.315 -0.68688 63 39 11
22.553 5.3426 -0.70359 64 40 12
22.582 5.3264 -0.71618 66 39 22
23.308 5.3404 -0.7426 42 23 17
23.297 5.3323 -0.81159 42 25 15
22.914 5.2965 -0.69684 41 24 17
23.136 5.301 -0.74784 41 24 14
23.39 5.256 -0.74869 41 23 3
23.262 5.2801 -0.75273 40 22 12
23.582 5.3285 -0.84097 40 23 13
23.228 5.3029 -0.73603 44 23 2
23.54 5.2337 -0.8609 44 21 13
23.89 5.2794 -0.97053 42 18 16
23.442 5.2644 -0.86594 41 25 2
23.892 5.2438 -0.85996 33 17 4
23.701 5.206 -0.86603 37 24 6
24.037 5.2467 -0.97144 32 16 3
23.63 5.251 -0.80151 41 25 0
24.194 5.1856 -0.89117 61 36 13
24.038 5.2099 -0.85691 52 34 14
23.938 5.1349 -0.97578 56 33 17
23.951 5.1481 -1.0202 55 36 20
24.02 5.1635 -0.95084 60 39 18
24.028 5.1761 -0.98872 62 41 14
23.587 5.156 -0.92867 54 36 22
23.874 5.1303 -0.8444 61 40 11
23.754 5.0463 -0.8042 71 46 14
24.071 5.107 -1.0126 66 42 28
24.086 5.1078 -0.90032 70 43 24
24.08 5.0714 -0.9001 72 47 24
23.9 5.1213 -0.9355 58 37 18
23.964 4.6884 -1.0591 65 47 23
23.837 4.6992 -0.90099 69 48 29
23.575 2.9715 -0.85831 35 19 6
23.476 2.9388 -0.89191 19 11 0
23.581 2.8224 -0.80989 38 14 4
23.379 2.4366 -0.8809 69 44 12
23.348 2.4107 -0.8405 63 43 18
23.403 2.3667 -0.77747 65 43 6
23.265 2.3812 -0.92297 64 41 8
23.379 2.3381 -0.82148 63 40 9
23.295 2.4028 -0.84043 61 43 7
23.341 2.3693 -0.89313 60 40 15
23.301 2.4472 -0.86861 61 42 2
23.247 2.3944 -0.91964 64 41 8
23.375 2.3949 -0.96959 63 40 9
23.419 2.3551 -0.7797 65 43 6
23.285 2.5003 -0.74759 70 43 6
23.138 2.4279 -0.71877 60 38 0
23.1 2.4579 -0.71001 60 38 0
23.228 2.3607 -0.84706 56 35 8
23.219 2.3188 -0.7743 60 39 12
23.275 2.2772 -0.94458 62 40 16
23.238 2.3063 -0.89804 58 38 3
23.18 2.3498 -0.73174 61 41 14
23.255 2.292 -0.85739 59 39 12
23.167 2.316 -0.88858 56 31 8
23.243 2.3469 -0.77331 55 34 3
23.238 2.305 -0.81766 57 35 20
23.265 2.3302 -0.81887 57 34 3
23.147 2.4673 -0.74219 67 45 6
23.213 2.3732 -0.88171 51 30 13
23.222 2.3671 -0.92391 61 37 9
23.251 2.2958 -0.90114 58 38 3
23.117 2.3573 -0.91489 57 33 5
23.288 2.3608 -0.8514 66 45 18
23.262 2.2379 -0.83126 54 32 9
23.054 2.4074 -0.82504 55 37 17
23.238 2.2566 -0.79415 51 34 17
23.132 2.2505 -0.89979 46 30 4
23.103 2.2742 -0.78152 46 28 16
23.191 2.2003 -0.76286 46 28 8
23.197 2.244 -0.9087 49 31 7
23.212 2.2301 -0.79656 50 30 19
23.171 2.2652 -0.86536 45 28 2
23.317 2.1434 -0.77628 47 31 0
23.094 2.2825 -0.85462 47 27 3
23.117 2.2627 -0.82249 46 30 5
23.024 2.2498 -0.7804 54 38 5
23.022 2.2042 -0.79664 50 35 12
22.848 2.4037 -0.67358 58 40 20
23.148 2.1891 -0.88026 60 41 11
23.136 2.1525 -0.76496 59 36 5
23.133 2.1059 -0.93447 51 32 0
23.063 2.2157 -0.82786 54 36 22
22.585 2.6718 -0.61458 46 25 4
23.16 2.1789 -0.92231 58 39 7
22.978 2.2444 -0.71112 55 33 18
23.074 2.2061 -0.86655 54 35 1
23.036 2.1924 -0.76198 53 33 22
23.145 2.191 -0.76521 62 41 14
23.105 2.179 -0.91409 51 35 0
22.258 2.5174 -0.69659 47 31 0
22.281 2.4966 -0.64315 52 34 14
22.248 2.532 -0.60487 53 31 7
22.225 2.516 -0.66591 46 30 7
22.209 2.4993 -0.58391 53 34 4
22.201 2.5438 -0.6027 42 24 10
22.134 2.5793 -0.59182 22 16 0
22.185 2.5599 -0.62799 24 7 0
22.238 2.5002 -0.69759 36 21 0
22.147 2.5637 -0.62383 50 34 17
22.251 2.5243 -0.695 47 31 0
22.142 2.567 -0.65088 59 43 18
22.231 2.5471 -0.66104 47 28 11
22.342 5.3828 -0.75597 65 42 34
22.49 5.3477 -0.73476 71 46 14
22.431 5.3613 -0.79112 69 49 14
22.521 5.3451 -0.71945 66 43 12
22.409 5.3651 -0.80889 68 44 16
22.542 5.3656 -0.77378 63 42 15
22.374 5.3617 -0.74531 66 45 26
22.431 5.3651 -0.73828 63 42 23
22.45 5.3444 -0.8018 67 47 23
22.394 5.3659 -0.75161 66 45 26
22.403 5.3711 -0.70118 65 38 17
22.507 5.3632 -0.84228 66 46 22
22.371 5.3729 -0.71796 63 36 15
22.363 5.3675 -0.76535 66 45 14
22.442 5.3593 -0.71938 66 38 25
22.291 5.361 -0.76842 64 43 24
22.397 5.3466 -0.75835 64 42 21
22.654 5.325 -0.7644 66 40 13
22.628 5.3379 -0.80778 66 39 22
22.62 5.3412 -0.74925 68 43 23
22.569 5.3316 -0.87248 62 39 23
22.518 5.344 -0.8504 65 43 22
22.51 5.347 -0.79382 62 40 19
22.666 5.3131 -0.79808 63 39 13
22.533 5.33 -0.80681 63 42 13
22.541 5.336 -0.75482 65 42 26
22.525 5.3415 -0.77427 63 42 15
22.616 5.3274 -0.78047 65 39 12
22.672 5.3405 -0.87821 62 41 24
22.533 5.3385 -0.83151 71 46 26
22.672 5.3229 -0.82523 66 43 12
22.596 5.3192 -0.83106 69 46 15
22.608 5.3212 -0.83476 69 46 15
22.733 5.3186 -0.8753 65 43 20
23.147 5.3666 -1.029 25 15 14
23.231 5.1207 -0.91409 51 34 8
23.708 5.1665 -1.0738 50 31 25
23.662 5.1954 -1.0529 37 18 11
23.798 5.1166 -1.1501 56 33 17
23.906 5.1 -1.2314 60 39 12
23.903 5.1339 -1.0926 53 33 9
23.895 5.1344 -1.2165 59 34 14
24.031 5.0578 -1.2433 62 42 7
24.057 5.1559 -1.1708 54 31 13
23.938 4.4962 -1.0976 39 17 2
23.977 4.5714 -1.0885 41 18 0
23.051 2.5475 -0.94477 62 39 6
23.307 2.4465 -0.99223 62 39 0
23.194 2.4382 -1.0254 61 41 7
23.241 2.4039 -1.076 60 36 10
23.191 2.4427 -1.1033 58 38 13
23.3 2.4057 -1.041 60 36 10
23.219 2.2276 -1.116 52 33 19
23.061 2.4053 -1.0517 52 36 10
23.161 2.3699 -1.0362 58 39 5
23.181 2.3084 -1.1302 51 33 13
23.155 2.2817 -1.1324 44 32 8
23.166 2.3649 -0.95762 56 37 0
23.211 2.283 -1.0597 55 37 13
23.188 2.3003 -0.97181 50 30 0
23.19 2.3482 -1.1263 56 38 18
23.311 2.2992 -1.0253 55 33 12
23.301 2.2577 -1.0353 56 36 0
23.149 2.3349 -1.1602 51 32 0
23.243 2.2563 -1.0241 53 31 10
23.205 2.1408 -1.0525 56 39 11
23.112 2.2675 -0.93636 46 27 0
23.186 2.1077 -1.1378 50 37 21
23.082 2.3407 -0.98844 48 30 6
23.183 2.2087 -1.0731 48 30 10
23.128 2.2553 -1.0966 46 27 20
23.225 2.1231 -0.98029 61 40 13
23.169 2.2682 -1.0604 50 24 7
23.152 2.1858 -0.99919 56 39 13
23.088 2.288 -1.0101 51 28 12
23.207 2.0896 -1.1448 50 37 21
23.156 2.1344 -0.96624 53 37 2
23.204 2.0927 -1.0578 54 33 12
23.112 2.1238 -0.96741 52 36 0
23.176 2.0668 -1.0258 50 35 2
23.188 2.0558 -1.0718 51 36 15
23.164 2.1276 -1.0074 54 36 14
22.226 2.5472 -0.77506 45 28 0
22.204 2.5719 -0.71428 53 27 4
22.205 2.5276 -0.83544 37 21 8
22.28 2.4919 -0.75991 49 32 2
22.193 2.5385 -0.86334 26 19 0
22.163 2.6093 -0.84167 29 9 10
22.245 2.5261 -0.80863 36 25 6
22.187 2.5851 -0.82127 10 9 7
22.125 2.5821 -0.70271 61 41 7
22.133 2.5275 -0.85736 61 38 5
22.092 2.5772 -0.75881 63 36 17
22.187 2.5519 -0.74218 43 26 0
22.124 2.5442 -0.73798 64 42 3
22.057 2.576 -0.80921 63 36 15
22.154 2.5461 -0.79815 65 33 21
22.137 2.5629 -0.82143 57 40 22
22.184 2.5534 -0.76874 39 18 0
22.194 2.5042 -0.78056 60 38 1
22.11 2.5545 -0.82015 59 41 21
22.097 2.576 -0.70194 64 36 5
22.265 2.4655 -0.82343 25 22 17
22.181 2.5595 -0.71214 32 13 0
22.144 2.5183 -0.80179 60 39 22
22.016 2.6194 -0.82492 57 38 0
22.139 2.5595 -0.8495 59 35 7
22.077 2.5572 -0.76005 66 39 18
22.126 2.5003 -0.80627 66 46 9
22.363 5.3918 -0.8349 47 34 2
22.327 5.392 -0.84653 42 27 0
22.302 5.3641 -0.89753 45 30 11
22.32 5.3712 -0.85002 51 31 6
22.409 5.3572 -0.9154 66 42 16
22.409 5.3531 -0.83796 63 41 20
22.336 5.378 -0.80401 47 28 12
22.36 5.3517 -0.8467 64 42 1
22.358 5.3838 -0.9406 44 28 11
22.366 5.361 -0.87192 65 42 0
22.363 5.3684 -0.89394 64 43 16
22.316 5.3784 -0.87242 47 30 2
22.308 5.3928 -0.91644 50 34 17
22.389 5.3618 -0.93391 63 42 23
22.361 5.3645 -0.9482 53 34 27
22.372 5.3658 -0.82061 65 44 25
22.431 5.3536 -0.90086 62 40 1
22.308 5.3848 -0.89331 45 28 11
22.508 5.3382 -0.90556 64 41 0
22.542 5.3357 -0.89075 64 37 0
22.459 5.3378 -0.91491 66 42 16
22.502 5.3409 -0.98436 61 41 6
22.583 5.3208 -0.90972 61 36 13
22.515 5.3521 -0.87514 61 38 22
22.599 5.3321 -0.94021 63 39 13
22.495 5.3317 -0.95988 64 40 12
22.408 5.3408 -0.8678 62 40 16
22.521 5.3275 -0.94124 65 42 1
22.467 5.3477 -0.94317 61 42 0
22.57 5.3312 -1.0165 65 43 20
22.442 5.3557 -0.90465 62 40 1
22.436 5.3461 -0.87696 62 40 16
22.433 5.3499 -0.95691 62 37 14
22.858 5.3419 -1.0015 64 42 3
22.596 5.3043 -1.0057 58 38 14
22.591 5.3173 -0.97124 63 38 16
22.598 5.2876 -0.95562 64 38 15
22.774 5.3236 -1.0419 63 41 2
22.63 5.3197 -0.89749 62 41 10
22.558 5.3206 -0.98626 62 37 15
22.745 5.3334 -0.99476 61 35 10
22.629 5.319 -1.0495 60 38 23
22.701 5.3066 -1.0774 59 37 22
22.857 5.2707 -1.1192 36 16 9
23.085 2.2932 -1.2845 5 12 0
23.14 2.2463 -1.3522 14 5 0
23.151 2.2373 -1.3966 9 9 9
23.125 2.2102 -1.2695 50 35 14
23.053 2.2229 -1.3384 48 33 2
23.071 2.2556 -1.2111 51 36 13
23.12 2.1635 -1.2465 49 32 2
23.145 2.241 -1.185 42 24 10
22.979 2.2883 -1.2663 48 31 3
23.142 2.1952 -1.3628 47 37 2
23.155 2.2339 -1.2701 12 14 1
22.235 2.5242 -1.0247 16 5 0
22.216 2.5467 -0.984 26 12 1
22.166 2.6041 -0.87316 20 4 0
22.295 2.4599 -1.0808 26 19 0
22.196 2.5254 -1.0463 36 20 7
22.167 2.5168 -1.0451 57 32 10
22.179 2.5088 -0.98356 58 37 10
22.146 2.5415 -1.0047 59 35 7
22.195 2.53 -0.98255 24 5 0
22.258 2.4604 -1.0403 51 34 24
22.184 2.5825 -0.93947 27 15 0
22.151 2.5806 -0.9049 35 17 5
22.181 2.5465 -0.94641 32 20 4
22.224 2.5421 -0.92296 28 17 0
22.161 2.5717 -0.87923 7 4 0
22.191 2.5395 -0.88998 7 4 0
22.109 2.5863 -0.92759 58 35 1
22.092 2.5306 -0.90981 65 41 5
22.06 2.5644 -0.92831 63 42 15
22.033 2.5542 -0.95538 65 43 6
22.163 2.5309 -0.88908 60 37 4
22.208 2.4793 -0.93841 53 32 1
22.131 2.5221 -0.97566 57 37 13
22.116 2.5358 -1.0035 57 33 19
22.077 2.5436 -0.96366 62 39 5
22.106 2.5549 -0.87717 63 40 6
22.112 2.5381 -1.0307 58 35 19
22.087 2.574 -0.89965 60 38 1
22.079 2.5386 -0.99651 58 38 3
22.051 2.5317 -0.99317 61 38 5
22.045 2.5437 -0.92928 63 39 3
22.169 2.4806 -0.96321 63 41 2
22.126 2.5244 -1.0064 57 33 19
22.077 2.5491 -0.87514 61 36 6
22.101 2.5225 -0.88465 61 36 6
22.002 2.5951 -0.88387 58 38 3
22.377 5.4162 -0.96461 54 33 14
22.292 5.4058 -0.95869 57 37 26
22.238 5.4066 -1.038 58 34 8
22.274 5.4067 -1.0286 62 41 20
22.169 5.3302 -0.95347 48 31 14
22.321 5.3646 -0.95785 50 35 12
22.337 5.3758 -0.98672 47 29 17
22.305 5.3658 -1.0303 46 28 14
22.338 5.4043 -1.0056 57 38 6
22.326 5.3984 -1.0559 53 32 1
22.316 5.3913 -0.9733 53 32 11
22.319 5.3771 -1.0613 43 31 5
22.422 5.373 -1.0271 59 39 5
22.317 5.3768 -1.0609 43 31 5
22.372 5.3917 -1.0258 41 25 8
22.339 5.3882 -0.95804 44 32 10
22.309 5.3867 -1.0261 39 29 2
22.326 5.4099 -1.0247 61 39 18
22.322 5.4092 -1.0234 61 39 18
22.4 5.3526 -1.1104 65 42 8
22.407 5.3452 -1.0866 56 34 19
22.411 5.3499 -1.0293 63 41 18
22.559 5.338 -1.0389 62 36 21
22.449 5.3275 -1.0258 62 40 16
22.39 5.3545 -1.0487 57 37 10
22.503 5.3323 -1.104 56 35 6
22.465 5.3345 -1.1172 57 38 6
22.427 5.3704 -1.0895 58 42 16
22.423 5.3393 -1.0649 62 43 13
22.39 5.3583 -0.99137 60 38 17
22.303 5.3536 -1.0604 49 33 0
22.456 5.3502 -1.0228 61 36 16
22.414 5.3337 -0.98014 61 38 20
22.407 5.3452 -1.0862 56 34 19
22.559 5.3382 -1.0396 66 44 7
22.389 5.3499 -0.96703 59 37 14
22.451 5.3362 -1.0517 65 40 17
22.551 5.3186 -1.1325 59 36 5
22.647 5.2935 -1.1251 59 37 14
22.619 5.3116 -1.102 58 35 19
22.76 5.3442 -1.1882 60 36 0
22.585 5.3377 -1.1092 56 36 11
22.59 5.3213 -1.0599 61 41 16
22.737 5.3216 -1.1204 60 38 17
22.665 5.3142 -1.1867 58 36 0
22.639 5.3181 -1.1994 60 35 5
22.561 5.3203 -1.137 59 36 5
22.563 5.3293 -1.1638 59 36 2
22.79 5.3241 -1.2059 61 34 17
22.552 5.3231 -1.0687 66 41 9
23.032 5.3041 -1.2137 25 11 0
23.356 5.3594 -1.3675 22 15 0
22.938 5.3175 -1.1731 33 10 4
23.138 5.357 -1.2792 25 6 0
22.728 5.3089 -1.2479 58 33 3
23.004 5.3247 -1.3773 49 27 6
23.191 5.2969 -1.2777 32 10 0
22.245 2.5082 -1.153 28 18 8
22.263 2.4869 -1.198 18 17 0
22.184 2.4928 -1.1471 55 35 0
22.221 2.4913 -1.188 51 30 27
22.216 2.4982 -1.1515 47 31 18
22.218 2.4971 -1.1235 24 18 4
22.223 2.533 -1.1134 23 16 0
22.094 2.552 -1.1146 57 39 3
22.116 2.5259 -1.1566 54 31 15
22.171 2.509 -1.1096 59 36 3
22.129 2.5081 -1.198 52 34 0
22.088 2.5618 -1.0796 59 36 3
22.163 2.5202 -1.0732 56 35 6
22.17 2.5514 -1.0687 48 35 19
22.172 2.5037 -1.1739 56 31 9
22.244 2.5112 -1.0933 27 15 1
22.024 2.5539 -1.1016 57 38 4
22.038 2.5394 -1.0791 56 37 0
21.974 2.5677 -1.148 57 39 3
22.09 2.5244 -1.0294 60 37 19
22.157 2.4864 -1.0809 60 38 15
22.092 2.515 -1.1244 58 37 6
22.088 2.5218 -1.0927 63 38 8
22.038 2.5411 -1.0492 61 36 14
22.036 2.5468 -1.0159 61 35 18
21.985 2.5559 -1.127 60 41 1
22.078 2.5295 -1.1462 62 38 2
22.056 2.5517 -1.1682 57 36 9
22.112 2.4975 -1.0694 61 40 21
22.037 2.5358 -1.1394 56 35 6
22.089 2.4728 -1.1995 53 34 2
22.065 5.3721 -1.0401 56 35 16
22.121 5.3929 -1.0888 58 37 8
22.321 5.3942 -1.1111 50 34 1
22.318 5.3648 -1.0914 44 23 18
22.37 5.3841 -1.1397 41 26 19
22.271 5.3948 -1.0584 56 35 18
22.286 5.3798 -1.2107 51 34 8
22.336 5.4059 -1.1425 56 38 16
22.251 5.4059 -1.095 58 38 4
22.308 5.3832 -1.0816 44 24 15
22.355 5.4058 -1.2064 51 34 4
22.021 5.359 -1.0705 55 33 20
22.278 5.4046 -1.086 59 38 17
22.386 5.4434 -1.2441 57 35 22
22.281 5.3989 -1.2007 55 34 5
22.305 5.3789 -1.1362 46 29 9
22.317 5.3901 -1.168 50 31 14
22.266 5.4072 -1.1617 58 36 0
22.233 5.3915 -1.1219 55 36 19
22.307 5.3759 -1.1955 45 31 4
22.377 5.344 -1.1584 60 37 21
22.286 5.3512 -1.1933 43 27 1
22.28 5.35 -1.1907 43 27 1
22.325 5.3712 -1.1785 44 28 13
22.431 5.3451 -1.1534 57 35 12
22.35 5.3469 -1.171 60 41 11
22.302 5.3584 -1.1436 42 25 8
22.426 5.3483 -1.2375 56 33 15
22.373 5.3476 -1.2427 50 35 6
22.448 5.3441 -1.2228 57 35 20
22.402 5.3272 -1.1765 62 37 17
22.345 5.3501 -1.1112 64 42 21
22.387 5.3628 -1.2148 43 26 0
22.296 5.3487 -1.1152 46 29 1
22.529 5.3322 -1.1766 58 32 17
22.647 5.3152 -1.2739 58 37 16
22.554 5.3359 -1.3446 55 36 6
22.528 5.305 -1.2497 61 38 7
22.477 5.3365 -1.2732 60 37 6
22.588 5.3286 -1.238 59 37 0
22.587 5.3192 -1.2082 61 36 14
22.552 5.3176 -1.2873 52 36 13
22.475 5.3139 -1.2818 60 38 15
22.738 5.3202 -1.284 60 36 10
22.55 5.3313 -1.2506 63 39 11
22.559 5.3135 -1.3558 57 36 9
22.499 5.3316 -1.2568 56 34 11
22.507 5.3376 -1.1971 60 40 3
22.43 5.3367 -1.278 57 37 3
22.674 5.2953 -1.294 60 35 15
23.039 5.3398 -1.4213 60 44 8
22.629 5.2978 -1.3046 52 34 12
22.613 5.3046 -1.3269 56 35 4
22.915 5.068 -1.5394 23 13 0
23.167 5.0417 -1.6366 39 15 3
21.717 4.9269 -0.97707 38 16 3
22.915 5.0284 -1.5063 40 21 14
22.894 5.0372 -1.5318 25 19 0
23.057 4.5273 -1.6465 40 18 5
22.877 4.5081 -1.5301 50 23 6
23.02 4.5148 -1.5544 38 19 3
22.74 4.5343 -1.5033 38 22 0
23.107 4.4511 -1.7001 68 40 29
22.662 4.4837 -1.4823 88 50 35
22.729 4.4418 -1.5298 48 14 0
22.66 4.446 -1.4596 115 52 19
22.695 4.4085 -1.4843 49 19 1
22.899 4.3642 -1.5491 61 31 13
22.606 4.3803 -1.3856 47 28 11
23.149 4.3303 -1.5443 44 24 0
22.746 4.4068 -1.5452 62 31 11
23.114 4.3086 -1.5767 44 21 5
22.613 4.3927 -1.4548 52 26 1
22.816 4.3462 -1.5202 50 26 12
23.03 4.2612 -1.606 38 22 5
23.05 4.2052 -1.5479 37 12 8
22.83 4.2762 -1.5496 38 18 9
23.243 4.1535 -1.5934 33 12 7
22.85 4.2233 -1.5061 37 15 0
22.676 4.2515 -1.5286 38 15 0
23.156 4.2188 -1.5895 40 16 6
22.788 4.2783 -1.4987 39 21 7
22.874 4.301 -1.561 36 17 0
23.023 4.219 -1.5716 39 11 8
22.704 4.278 -1.5382 40 14 0
22.716 4.2684 -1.5045 35 20 1
23.511 4.0504 -1.7262 29 16 0
23.084 4.1606 -1.5753 38 14 10
22.008 2.5649 -1.1856 51 33 13
22.024 2.5065 -1.207 56 35 8
22.107 2.4913 -1.2287 58 38 4
21.974 2.5258 -1.1899 55 33 18
22.076 5.3873 -1.143 59 35 31
22.087 5.3817 -1.1235 57 38 8
22.005 5.3836 -1.2075 55 35 8
22.115 5.383 -1.2486 53 34 2
22.247 5.4049 -1.293 51 33 11
22.259 5.3878 -1.3092 47 29 7
22.329 5.3977 -1.2577 54 36 16
22.266 5.3926 -1.2532 52 32 21
22.238 5.398 -1.2068 55 35 10
22.077 5.3932 -1.2227 50 33 3
22.103 5.3882 -1.2662 53 36 8
22.254 5.3948 -1.3307 53 35 0
22.118 5.3949 -1.2202 53 33 22
22.247 5.3963 -1.2666 55 35 10
22.307 5.3854 -1.3666 48 31 3
22.322 5.3668 -1.2359 44 26 12
22.307 5.3567 -1.3523 33 26 0
22.335 5.3951 -1.3197 46 29 21
22.289 5.3684 -1.2453 44 28 11
22.315 5.3619 -1.2941 42 27 8
22.366 5.3425 -1.3034 46 33 17
22.332 5.3741 -1.3296 40 23 0
22.241 5.3226 -1.3242 25 23 0
22.265 5.3437 -1.2442 44 28 5
22.277 5.371 -1.3266 44 29 10
22.278 5.3747 -1.2667 50 31 15
22.43 5.3674 -1.2979 42 24 14
22.381 5.3539 -1.3366 39 28 0
22.416 5.3428 -1.2986 59 34 4
22.627 5.3588 -1.4139 54 33 4
22.496 5.3441 -1.3749 55 37 17
22.405 5.1156 -1.3806 27 21 9
22.551 5.1382 -1.4896 36 25 6
22.651 5.1213 -1.5506 17 9 0
22.915 5.0867 -1.6034 22 13 6
22.643 5.0337 -1.5497 27 11 0
22.984 5.0814 -1.6031 25 15 6
22.76 5.0584 -1.5691 36 12 12
22.698 5.064 -1.5716 28 15 0
22.618 5.0411 -1.5684 42 14 3
22.611 5.0407 -1.5644 42 14 3
22.571 5.0034 -1.518 32 11 6
22.706 5.0183 -1.6252 42 9 0
22.765 5.0308 -1.5801 48 23 16
22.795 4.9943 -1.5697 44 18 4
21.75 4.9335 -1.0164 41 17 3
22.898 4.9902 -1.5987 38 17 0
22.663 4.8247 -1.5688 49 22 11
22.678 4.7874 -1.5537 48 29 15
22.656 4.7972 -1.5816 45 23 10
22.614 4.7703 -1.5674 44 20 8
22.694 4.7584 -1.5787 51 28 20
22.458 4.7653 -1.5498 47 22 0
22.636 4.7773 -1.6119 47 22 18
22.498 4.7912 -1.567 53 22 2
22.63 4.638 -1.555 41 23 11
22.397 4.6542 -1.5281 38 17 0
22.689 4.5486 -1.5094 41 19 0
22.593 4.6119 -1.5415 47 25 14
22.431 4.56 -1.5538 36 21 2
22.508 4.5712 -1.5515 42 14 10
22.383 4.5943 -1.5164 42 21 2
22.534 4.5605 -1.5308 43 16 9
22.636 4.4948 -1.5 49 23 6
22.38 4.5256 -1.4709 43 18 0
22.612 4.5204 -1.591 42 17 10
22.357 4.5424 -1.5207 36 17 1
22.759 4.5079 -1.5515 48 21 2
22.493 4.5437 -1.5488 38 18 11
22.45 4.5217 -1.5447 47 17 17
22.378 4.5392 -1.533 36 17 1
22.49 4.3761 -1.5104 42 15 8
22.519 4.4006 -1.5183 42 20 0
22.662 4.4289 -1.5412 65 47 23
22.864 4.3524 -1.6213 54 25 3
22.635 4.2751 -1.5806 40 17 9
22.512 4.3476 -1.566 43 15 1
22.583 4.3502 -1.5309 40 17 1
22.411 4.3097 -1.5349 39 16 0
22.508 4.3354 -1.4988 42 17 10
22.406 4.3769 -1.5387 40 16 14
22.554 4.3253 -1.5253 42 20 7
22.601 4.3081 -1.5196 35 16 10
22.46 4.3348 -1.5788 40 16 2
22.668 4.2603 -1.5598 37 17 8
22.585 4.3248 -1.5723 29 22 6
22.715 4.1752 -1.5735 30 10 0
22.709 4.2437 -1.5477 38 15 0
22.454 4.2803 -1.4534 33 17 2
22.466 4.284 -1.4987 40 17 11
22.354 4.2468 -1.4238 37 15 2
22.534 4.2293 -1.5173 38 16 1
22.403 4.2333 -1.4522 37 15 2
22.397 4.2588 -1.5789 34 15 1
22.361 4.2623 -1.522 30 11 0
22.653 4.2244 -1.5293 43 15 2
22.064 3.2283 -1.4797 40 20 13
21.999 3.2817 -1.4677 51 26 3
22.021 5.3952 -1.239 56 38 0
21.973 5.3886 -1.2886 56 36 11
22.023 5.4093 -1.3427 55 35 11
22.102 5.3772 -1.2987 55 31 5
22.252 5.403 -1.3557 53 36 8
22.018 5.384 -1.2674 53 38 0
22.08 5.3908 -1.2777 57 38 4
22.072 5.3862 -1.3299 51 30 11
22.059 5.391 -1.3462 52 34 14
22.13 5.3918 -1.3387 52 35 7
22.051 5.3977 -1.368 47 31 6
22.01 5.3898 -1.286 54 34 10
22.477 5.1985 -1.5901 35 25 13
22.331 5.174 -1.5701 16 8 5
22.343 5.1673 -1.5497 23 21 0
22.391 5.1486 -1.5859 41 10 0
22.28 5.0839 -1.5143 30 17 8
22.322 5.1189 -1.559 34 11 3
22.442 5.1372 -1.5583 41 13 10
22.362 5.0989 -1.5937 48 20 16
22.438 5.1608 -1.5452 29 22 4
22.414 5.1666 -1.5608 30 22 0
22.422 5.0294 -1.5579 37 16 0
22.457 5.0486 -1.5408 42 16 17
22.397 5.0528 -1.5346 37 14 8
22.397 5.0607 -1.5633 38 13 8
22.388 5.0684 -1.5889 35 16 12
22.331 5.0481 -1.5924 40 18 5
22.35 5.0736 -1.5941 37 7 5
22.428 5.0298 -1.5616 37 16 0
22.325 5.0309 -1.5252 40 12 8
22.432 4.972 -1.5552 43 17 3
22.387 4.9531 -1.5677 41 18 12
22.369 4.9611 -1.5906 44 20 10
22.541 4.9924 -1.5719 41 15 0
22.373 4.9778 -1.5496 44 23 4
22.488 4.999 -1.5751 42 15 22
22.315 4.967 -1.5849 51 19 4
22.452 5.006 -1.5866 40 18 3
21.765 4.9358 -1.265 47 18 14
22.51 5.0262 -1.5797 39 11 8
22.249 4.9885 -1.5334 24 7 0
22.326 4.9843 -1.5542 26 16 4
22.316 4.9102 -1.5775 51 20 12
22.254 4.8777 -1.517 44 26 14
22.289 4.9341 -1.5481 50 23 4
22.279 4.8853 -1.5644 48 21 2
22.247 4.9409 -1.5519 48 20 16
22.255 4.9173 -1.5699 51 19 16
22.225 4.8929 -1.5604 48 17 9
22.308 4.8603 -1.5951 56 23 18
22.309 4.853 -1.5657 56 26 12
22.413 4.8021 -1.5488 49 21 7
22.352 4.8114 -1.5405 50 22 19
22.317 4.8201 -1.5513 49 23 8
22.226 4.8123 -1.5624 53 25 11
22.377 4.8368 -1.5488 52 26 11
22.261 4.8679 -1.5918 54 26 13
22.274 4.8286 -1.5541 51 27 17
22.383 4.7834 -1.5652 53 27 12
22.318 4.7285 -1.5219 51 23 10
22.186 4.7331 -1.5394 57 27 13
22.4 4.776 -1.5494 49 23 8
23.292 4.7743 -2.2556 55 22 15
22.385 4.7505 -1.5537 51 23 10
22.441 4.7394 -1.5513 41 23 0
22.399 4.776 -1.5485 49 23 8
22.296 4.6848 -1.5597 45 21 7
22.431 4.7131 -1.5586 45 23 8
22.298 4.6516 -1.546 49 18 10
22.195 4.707 -1.5537 53 24 18
22.242 4.6706 -1.5678 52 17 11
22.236 4.7227 -1.5425 56 30 15
22.125 4.6879 -1.5161 54 25 19
22.474 4.6823 -1.5968 45 25 0
22.301 4.7107 -1.5525 48 20 16
22.383 4.6629 -1.5523 45 13 11
22.261 4.6617 -1.5473 53 26 9
22.346 4.6999 -1.5489 48 24 10
22.227 4.6978 -1.5464 52 20 15
22.239 4.6054 -1.5271 37 21 8
22.245 4.6114 -1.5639 54 16 13
22.355 4.6106 -1.5521 36 14 3
22.203 4.6556 -1.5869 52 19 12
22.18 4.6515 -1.54 54 24 10
22.281 4.6266 -1.5405 27 18 1
22.363 4.576 -1.5463 40 15 8
22.189 4.6051 -1.4632 41 19 8
22.487 4.6165 -1.5887 43 20 4
22.26 4.6357 -1.5579 53 23 9
22.17 4.5949 -1.5256 57 19 14
22.249 4.6368 -1.5502 53 23 9
22.224 4.5809 -1.5276 43 27 14
22.161 4.6279 -1.5361 52 23 1
22.137 4.6373 -1.5518 47 13 12
22.366 4.5195 -1.5667 38 16 1
22.389 4.5091 -1.5462 43 24 7
22.336 4.5522 -1.5401 41 13 9
22.225 4.4392 -1.5521 47 14 7
21.956 4.4801 -1.4434 44 17 6
22.189 4.4467 -1.5279 47 14 7
22.264 4.4872 -1.5585 42 22 11
22.282 4.4498 -1.5478 34 14 7
22.091 4.4782 -1.5267 46 18 4
22.148 4.4608 -1.5331 42 20 9
22.146 4.488 -1.5235 41 17 7
22.246 4.463 -1.5556 44 21 15
22.174 4.3619 -1.5244 43 17 2
22.08 4.369 -1.5311 49 16 9
22.178 4.4215 -1.5286 50 17 12
22.214 4.3803 -1.5383 36 13 7
22.02 4.4154 -1.5111 43 19 9
22.199 4.411 -1.5132 37 21 6
22.241 4.3397 -1.5349 39 15 5
22.067 4.4307 -1.5294 27 13 12
22.115 4.2943 -1.5167 25 11 8
22.202 4.3212 -1.52 36 15 10
22.023 4.3569 -1.5028 41 10 0
21.992 4.3127 -1.5027 52 21 11
22.146 4.2907 -1.572 36 17 10
22.044 4.3245 -1.5282 48 17 7
22.032 4.3546 -1.5078 50 19 7
22.243 4.305 -1.5137 37 13 1
22.049 4.2637 -1.5217 34 17 9
22.148 4.2514 -1.5226 39 18 1
22.074 4.2461 -1.4817 39 16 0
22.051 4.2633 -1.5238 34 17 9
22.059 4.233 -1.5408 31 15 0
22.155 4.2545 -1.5547 38 19 2
22.094 4.2447 -1.5197 39 15 11
22.05 4.2909 -1.514 37 21 0
21.953 4.2091 -1.4607 40 15 10
22.005 4.1953 -1.5302 35 6 0
22.055 4.1455 -1.5424 27 16 0
21.949 4.1882 -1.4988 45 21 7
21.999 4.1057 -1.4919 47 23 13
22.009 4.1344 -1.5199 35 16 9
22 4.1098 -1.5217 37 20 10
21.981 4.0891 -1.5224 43 24 8
21.969 4.0618 -1.4949 35 15 8
21.957 4.0108 -1.5053 42 16 1
22.018 4.0127 -1.5385 38 16 5
21.877 4.0777 -1.469 38 18 7
22.002 4.0522 -1.5503 40 16 16
21.85 4.032 -1.4421 45 18 11
21.94 3.7505 -1.5297 48 26 11
21.824 3.7902 -1.4598 43 24 10
21.844 3.7459 -1.46 41 22 8
21.927 3.6028 -1.5514 48 31 5
21.882 3.6636 -1.5028 48 27 10
21.905 3.6464 -1.4897 47 26 7
21.894 3.5926 -1.5053 53 31 8
21.964 3.5779 -1.5795 47 30 4
21.96 3.5408 -1.4641 48 25 7
21.878 3.6041 -1.4925 53 31 8
21.864 3.643 -1.4729 49 27 3
21.767 3.6819 -1.4382 47 29 17
20.885 4.1776 -0.76365 47 24 8
22 3.4798 -1.4708 48 25 7
20.866 4.1936 -0.77974 51 27 15
20.859 4.1987 -0.76015 46 26 15
21.999 3.448 -1.48 44 26 4
20.887 4.1916 -0.77508 48 25 19
21.924 3.4053 -1.4341 45 21 7
21.854 3.4329 -1.4827 44 22 9
21.843 3.4107 -1.4824 46 24 11
21.816 3.4339 -1.4898 45 23 12
21.839 3.4136 -1.4481 42 26 11
21.895 3.4002 -1.48 36 24 8
22.043 3.3496 -1.5327 41 24 4
21.939 3.3627 -1.4522 47 25 10
21.937 3.3001 -1.502 46 22 8
21.843 3.378 -1.4649 46 19 12
21.909 3.3221 -1.4514 51 19 14
22.016 3.2337 -1.4921 51 25 2
21.766 3.3793 -1.4326 52 21 13
21.977 3.3005 -1.4857 45 20 0
21.804 3.411 -1.4647 46 24 3
21.911 3.3528 -1.4757 49 20 12
21.704 3.2158 -1.459 42 25 18
21.627 3.071 -1.417 42 13 17
21.754 2.9666 -1.448 41 13 9
21.703 3.0177 -1.4996 42 14 0
21.686 3.0077 -1.4051 41 13 9
21.949 5.3796 -1.3266 49 32 12
22.131 5.1602 -1.5673 37 9 5
22.095 5.1635 -1.5702 29 14 7
22.077 5.1819 -1.5468 25 14 8
22.246 5.1664 -1.6165 41 14 7
22.058 5.137 -1.5502 35 13 13
22.009 5.1598 -1.5368 32 10 0
22.154 5.1332 -1.5638 25 12 6
22.102 5.1134 -1.5653 37 12 5
22.218 5.094 -1.5314 42 13 9
21.912 5.0609 -1.4794 38 12 0
22.165 5.0828 -1.5661 41 14 7
22.152 5.1328 -1.5617 25 12 6
22.143 5.0582 -1.558 45 18 9
22.019 5.0273 -1.5732 30 15 8
22.075 5.0387 -1.5502 46 11 7
22.203 5.055 -1.5692 39 13 0
22.109 5.0114 -1.5555 49 18 6
22.251 5.0743 -1.5638 44 17 10
22.101 5.0187 -1.5808 46 15 3
22.019 5.049 -1.5642 29 11 7
22.159 5.0373 -1.5815 42 18 4
22.264 4.9883 -1.6413 48 14 13
21.76 4.9173 -1.2721 49 20 0
21.85 4.9246 -1.3545 43 27 4
21.754 4.9417 -1.2825 33 14 0
22.085 4.9878 -1.5484 52 18 16
22.004 4.9548 -1.5672 45 17 16
22.008 4.9985 -1.5508 41 15 18
22.055 4.9933 -1.5539 51 20 8
22.103 4.9662 -1.5711 49 21 17
22.096 4.9064 -1.5307 42 15 4
21.966 4.9322 -1.5503 46 19 0
22.17 4.8761 -1.5624 36 22 11
22.081 4.9059 -1.5179 42 15 4
22.08 4.8907 -1.5594 51 16 14
22.09 4.8836 -1.5373 45 23 10
21.952 4.882 -1.5341 51 22 16
21.979 4.9036 -1.5413 44 19 14
22.057 4.9127 -1.5307 52 23 17
21.916 4.9097 -1.5224 49 16 7
22.222 4.8996 -1.5836 42 15 0
22.074 4.8378 -1.5478 53 18 12
22.053 4.8678 -1.5501 53 22 1
22.112 4.83 -1.546 56 24 3
22.025 4.8455 -1.541 56 21 2
21.931 4.8163 -1.5477 47 16 4
22.104 4.8605 -1.5584 52 21 1
22.197 4.8207 -1.5763 47 21 7
21.941 4.8606 -1.5386 57 25 20
22.148 4.8529 -1.5606 55 21 12
22.104 4.8065 -1.5496 52 22 6
22.09 4.8139 -1.5702 54 25 21
21.967 4.7569 -1.5414 39 25 12
21.971 4.7499 -1.5136 55 24 12
22.105 4.7825 -1.5598 54 24 10
22.03 4.7697 -1.5481 53 25 11
22.105 4.7587 -1.5741 54 25 3
21.735 4.7512 -1.2776 53 26 5
21.933 4.7654 -1.5447 46 24 9
22.011 4.7774 -1.5646 40 27 11
21.947 4.787 -1.5431 45 29 4
22.041 4.7925 -1.547 57 26 14
22.117 4.7513 -1.5521 52 25 8
22.106 4.7824 -1.561 54 24 10
21.907 4.7159 -1.5165 43 19 7
22.193 4.7142 -1.5846 36 22 11
21.857 4.7042 -1.5172 43 21 0
22.066 4.713 -1.5657 50 19 11
21.925 4.7143 -1.5303 43 19 7
22.192 4.6697 -1.6361 44 22 1
21.898 4.7227 -1.5378 43 26 9
22.175 4.6648 -1.5932 46 19 8
21.92 4.6922 -1.5408 45 23 12
22.07 4.7307 -1.5331 54 21 12
21.945 4.7065 -1.5178 42 20 7
22.069 4.7064 -1.539 49 23 0
21.918 4.6866 -1.512 41 16 12
22.048 4.7019 -1.4963 40 22 2
22.074 4.7365 -1.5616 50 24 9
21.958 4.7345 -1.5456 46 17 11
21.934 4.7425 -1.5545 50 23 12
21.93 4.6148 -1.55 44 19 14
22.156 4.6093 -1.5746 42 11 0
22.084 4.6249 -1.5556 44 22 11
22.064 4.6521 -1.5311 33 21 9
21.936 4.6377 -1.5449 48 20 6
22.05 4.6599 -1.5511 35 27 14
21.926 4.6624 -1.5265 42 24 4
21.978 4.6381 -1.605 47 22 2
22.005 4.6107 -1.5088 42 21 2
22.007 4.6165 -1.5411 44 21 13
21.897 4.6251 -1.553 44 19 14
22.07 4.633 -1.5758 41 15 0
22.071 4.6515 -1.537 33 21 9
21.929 4.6679 -1.5569 40 20 9
22.133 4.5606 -1.5778 47 20 13
22.03 4.5384 -1.5907 34 22 0
22.033 4.5631 -1.5811 49 21 17
21.964 4.6041 -1.5477 37 18 11
22.017 4.5902 -1.5535 46 24 3
22.049 4.5291 -1.5756 44 18 4
22.021 4.5591 -1.5418 41 19 0
22.026 4.5831 -1.5339 39 16 0
22.045 4.5493 -1.5293 47 16 4
22.132 4.5868 -1.5677 45 21 7
22.063 4.4892 -1.5355 38 21 13
22.067 4.4885 -1.5375 38 21 13
21.936 4.5056 -1.5398 28 13 6
22.011 4.5049 -1.5285 38 14 0
21.894 4.4951 -1.5475 50 19 7
21.893 4.5197 -1.5381 54 20 11
22.059 4.5159 -1.5251 32 18 7
21.843 4.5111 -1.5386 53 24 2
21.865 4.5304 -1.5442 53 22 12
22.036 4.4687 -1.525 47 22 2
21.951 4.4777 -1.5618 43 26 18
22.059 4.5215 -1.552 41 18 2
21.913 4.406 -1.5392 52 21 11
21.884 4.438 -1.5048 45 16 0
22.014 4.3909 -1.515 47 20 11
21.891 4.4414 -1.5393 51 20 10
21.857 4.4787 -1.5299 53 24 2
22.122 4.4239 -1.5958 45 14 2
21.839 4.4296 -1.5125 52 19 12
21.933 4.4462 -1.503 22 15 0
21.938 4.4451 -1.5069 22 15 0
22.127 4.423 -1.6 49 18 6
21.936 4.4506 -1.535 28 14 14
21.905 4.4629 -1.5401 46 18 5
21.837 4.4351 -1.5384 53 22 14
21.86 4.4539 -1.5441 51 20 8
22.01 4.339 -1.5313 50 19 0
21.857 4.4005 -1.5337 53 22 10
21.835 4.3863 -1.5532 53 18 12
22.022 4.3359 -1.5392 50 19 0
21.815 4.4163 -1.5295 53 19 10
21.902 4.3324 -1.5621 47 16 6
22 4.3681 -1.5171 51 16 14
21.947 4.3307 -1.498 50 21 0
21.966 4.3822 -1.5221 45 18 0
21.878 4.3899 -1.5233 54 21 12
21.965 4.2677 -1.5055 48 21 12
21.978 4.2903 -1.5062 45 16 12
21.853 4.2918 -1.5195 53 22 10
21.971 4.2971 -1.5309 51 22 0
21.861 4.2891 -1.5258 53 22 10
21.89 4.275 -1.5187 34 15 9
21.794 4.315 -1.5028 54 23 11
21.789 4.3211 -1.5247 52 19 10
21.844 4.3243 -1.5303 56 23 14
21.878 4.3093 -1.5263 51 22 18
21.845 4.2733 -1.5519 46 19 2
21.847 4.2121 -1.5165 47 25 12
21.732 4.2378 -1.4921 50 21 17
21.916 4.2046 -1.5038 37 24 15
21.832 4.2217 -1.5352 50 19 7
21.88 4.2218 -1.5073 24 13 11
21.758 4.2779 -1.4946 53 22 12
21.854 4.2355 -1.5137 42 18 14
21.8 4.2376 -1.5395 50 24 7
21.874 4.2591 -1.544 50 21 17
21.833 4.2472 -1.5245 48 19 13
21.885 4.2507 -1.5227 32 18 9
21.873 4.1981 -1.5093 47 20 0
21.937 4.1386 -1.5097 44 21 5
21.816 4.1717 -1.5173 49 21 8
21.802 4.1515 -1.5148 46 18 5
21.893 4.1286 -1.4893 41 16 11
21.963 4.1559 -1.5176 42 17 10
21.958 4.1028 -1.536 41 16 11
21.768 4.1691 -1.5173 51 22 14
21.877 4.1704 -1.5222 46 19 0
21.84 4.1585 -1.5042 48 22 0
21.837 4.1899 -1.5206 49 21 7
21.838 4.1325 -1.5154 49 21 8
21.791 4.1857 -1.5253 48 22 5
21.954 4.1638 -1.5382 46 21 0
21.836 4.19 -1.5205 49 21 7
21.733 4.2127 -1.5006 53 21 9
21.797 4.2092 -1.5184 51 23 9
21.96 4.0739 -1.5482 41 17 3
21.736 4.1021 -1.4973 52 26 11
21.798 4.0705 -1.5143 46 23 7
21.775 4.1106 -1.5163 44 17 8
21.761 4.1464 -1.5189 53 22 12
21.821 4.0869 -1.5224 50 21 17
21.956 4.0148 -1.5396 36 18 8
21.822 4.0556 -1.5057 47 21 20
21.735 4.021 -1.5004 43 20 2
21.817 4.0314 -1.5119 45 24 5
21.823 4.0249 -1.4872 42 22 11
21.848 4.0399 -1.4995 44 21 5
21.837 3.991 -1.506 27 13 2
21.781 4.0218 -1.4936 43 19 7
21.772 4.0562 -1.504 45 18 7
21.829 4.0526 -1.5106 47 21 20
21.857 3.9251 -1.5471 42 18 8
21.723 3.9749 -1.5057 42 17 10
21.793 3.9891 -1.5136 43 17 18
21.747 3.9851 -1.4913 41 18 10
21.681 3.9736 -1.5094 37 24 8
21.728 3.9421 -1.4966 38 20 10
21.732 3.9634 -1.4612 42 17 12
21.736 3.9643 -1.4924 42 21 0
21.839 3.9624 -1.5225 37 20 13
21.718 4.0031 -1.4971 43 19 9
21.734 3.8793 -1.4661 57 25 13
21.619 3.9534 -1.4561 34 19 0
21.664 3.9484 -1.4277 41 22 8
21.78 3.9107 -1.5069 42 19 11
21.803 3.8365 -1.4898 45 21 0
21.765 3.8638 -1.5192 40 16 2
21.653 3.9077 -1.4931 44 27 7
21.72 3.9194 -1.5005 44 21 15
21.721 3.8324 -1.4765 53 22 10
21.645 3.8863 -1.4965 43 29 18
21.65 3.8798 -1.4793 52 25 6
21.812 3.771 -1.4923 47 27 20
21.757 3.7793 -1.4878 54 24 10
21.715 3.8655 -1.4907 49 23 0
21.759 3.8068 -1.4772 49 23 0
21.758 3.8371 -1.4963 53 21 0
21.769 3.7748 -1.5241 54 23 15
21.636 3.8364 -1.483 40 20 9
21.772 3.8266 -1.4766 41 21 0
21.686 3.8294 -1.4858 55 25 9
21.656 3.8499 -1.4925 42 23 9
21.691 3.7682 -1.4871 54 24 6
21.817 3.6785 -1.4971 48 27 6
21.752 3.7524 -1.4657 41 25 0
21.702 3.7315 -1.4774 55 27 16
21.761 3.7184 -1.4823 56 27 6
21.688 3.7983 -1.4714 55 25 9
21.72 3.747 -1.4823 55 25 9
21.736 3.7648 -1.4824 55 26 20
21.643 3.8046 -1.5012 46 27 11
21.68 3.7483 -1.4858 53 24 16
21.69 3.7139 -1.5009 58 27 7
21.619 3.7078 -1.4713 49 21 17
21.747 3.6703 -1.4924 58 27 6
21.826 3.6433 -1.5133 43 28 0
21.606 3.7469 -1.473 53 24 16
21.752 3.6358 -1.4802 44 29 10
21.75 3.6971 -1.4838 58 25 8
21.695 3.7081 -1.4809 57 29 16
21.666 3.6753 -1.5366 57 27 9
21.751 3.6963 -1.4846 58 25 8
21.698 3.678 -1.494 58 27 6
21.627 3.7593 -1.4803 49 22 11
21.612 3.7713 -1.4952 50 26 0
21.676 3.6354 -1.4707 60 29 11
21.618 3.6816 -1.4773 44 25 18
21.566 3.6948 -1.4705 57 25 10
21.807 3.5358 -1.5443 60 29 1
21.711 3.638 -1.4877 55 27 14
21.69 3.5958 -1.4941 55 25 7
21.617 3.6548 -1.4857 55 25 7
21.596 3.6998 -1.4849 56 24 12
21.714 3.6344 -1.4615 56 28 0
21.703 3.5851 -1.4723 58 27 9
21.598 3.641 -1.4832 59 27 12
21.597 3.6141 -1.4912 56 26 12
21.72 3.5113 -1.4801 56 27 3
21.614 3.571 -1.489 43 29 20
21.768 3.5039 -1.5062 52 28 2
21.579 3.6268 -1.4513 42 30 14
21.667 3.5855 -1.4826 56 22 11
21.66 3.5314 -1.4721 54 27 10
21.585 3.5672 -1.5011 52 19 14
21.68 3.5735 -1.4674 55 23 10
21.728 3.4755 -1.4946 53 22 1
21.606 3.5782 -1.5102 55 24 3
21.757 3.481 -1.4783 43 21 8
21.666 3.5557 -1.4648 54 27 10
21.665 3.5579 -1.491 53 25 11
21.672 3.4614 -1.4741 49 21 8
21.636 3.5222 -1.4631 53 24 0
21.551 3.509 -1.4801 50 24 1
21.757 3.4209 -1.4959 52 21 1
21.691 3.4754 -1.4787 54 25 1
21.586 3.4191 -1.4748 48 21 14
21.618 3.3905 -1.4707 38 21 3
21.668 3.3733 -1.5062 44 23 6
21.632 3.4058 -1.5064 51 23 20
21.548 3.4536 -1.4716 56 24 22
21.568 3.4649 -1.4764 53 24 3
21.552 3.4799 -1.4894 52 23 1
21.583 3.4813 -1.4768 49 22 5
21.52 3.4806 -1.4727 52 23 2
21.716 3.2988 -1.4956 46 20 3
21.7 3.2822 -1.4941 43 22 1
21.655 3.3562 -1.4738 43 18 14
21.542 3.4298 -1.478 50 20 2
21.568 3.4069 -1.4685 51 24 15
21.702 3.2177 -1.4861 45 20 0
21.664 3.2541 -1.4848 43 19 17
21.605 3.3107 -1.4678 42 21 4
21.565 3.288 -1.4604 39 28 8
21.542 3.3114 -1.465 44 16 2
21.481 3.344 -1.4236 46 19 2
21.633 3.1586 -1.4472 45 18 0
21.559 3.2321 -1.5032 50 19 7
21.548 3.245 -1.4636 52 20 7
21.537 3.2245 -1.4937 47 22 0
21.604 3.1561 -1.464 46 20 6
21.511 3.2207 -1.4841 47 20 13
21.631 3.1593 -1.476 47 17 3
21.549 3.2744 -1.4549 49 22 3
21.473 3.3227 -1.4531 45 18 0
21.652 3.0399 -1.4695 40 13 4
21.539 3.1921 -1.4776 40 16 2
21.494 3.1802 -1.4342 44 13 3
21.588 3.141 -1.4624 48 15 20
21.473 3.2315 -1.4622 44 18 1
21.511 3.1907 -1.4677 47 23 9
21.564 3.1655 -1.4728 49 19 5
21.49 3.1834 -1.4585 46 13 6
21.482 3.1898 -1.4805 46 13 6
21.498 3.2039 -1.4589 47 23 9
21.658 3.0991 -1.481 44 19 0
21.645 3.0137 -1.4754 41 18 2
21.544 3.0959 -1.4287 39 16 8
21.599 3.0641 -1.4675 46 14 11
21.962 5.2811 -1.5548 17 15 0
21.995 5.2987 -1.5414 23 21 0
21.979 5.2934 -1.5974 26 22 10
21.917 5.2528 -1.5298 19 15 4
21.95 5.2531 -1.5359 25 23 8
21.968 5.1881 -1.545 36 15 0
21.967 5.216 -1.5632 27 13 12
22.03 5.2394 -1.5758 19 17 0
21.984 5.2114 -1.5508 23 14 7
21.954 5.174 -1.5721 27 8 10
21.919 5.1497 -1.5575 29 12 0
21.925 5.1301 -1.5698 36 18 0
21.957 5.16 -1.5245 43 10 5
22.067 5.1959 -1.5927 35 14 0
21.975 5.1696 -1.5617 39 9 7
21.89 5.1604 -1.5877 41 13 9
21.941 5.1457 -1.5508 42 12 10
21.868 5.1308 -1.555 38 15 7
21.874 5.1116 -1.5678 40 3 8
21.966 5.1004 -1.5593 32 12 1
20.96 4.9327 -0.85522 28 9 0
21.963 5.1281 -1.5756 35 9 10
20.955 4.9361 -0.8665 28 13 0
21.926 5.104 -1.5606 33 6 0
22.093 5.136 -1.6448 38 15 9
20.947 4.9392 -0.87348 41 13 9
21.947 5.037 -1.5775 36 19 2
21.984 5.0043 -1.5608 37 11 0
20.953 4.9251 -0.86766 36 19 2
21.87 5.0246 -1.5806 37 14 6
21.978 5.0107 -1.582 44 17 0
21.854 5.0033 -1.5778 43 19 7
21.97 5.0318 -1.5688 19 19 7
21.952 5.051 -1.5439 28 10 0
21.958 5.017 -1.5971 19 11 8
21.948 4.96 -1.5546 43 17 3
21.93 4.9662 -1.5682 51 18 9
21.978 5.004 -1.5571 37 11 0
21.875 4.998 -1.5694 48 19 24
21.893 4.944 -1.5515 46 18 5
21.941 4.9874 -1.5642 48 14 3
21.931 4.994 -1.5849 32 15 7
21.902 4.9229 -1.5666 51 20 8
21.95 4.9388 -1.5673 46 15 3
21.821 4.8869 -1.5516 48 20 17
21.795 4.9138 -1.5482 49 21 17
21.914 4.895 -1.5585 54 17 22
21.773 4.8933 -1.5406 46 21 17
21.909 4.9165 -1.5454 47 22 0
21.827 4.9343 -1.5598 34 25 18
21.809 4.9074 -1.5316 49 17 5
21.921 4.8888 -1.5392 50 21 0
21.793 4.8188 -1.5331 48 19 11
21.774 4.8256 -1.545 46 21 16
21.831 4.8532 -1.5149 54 24 0
21.936 4.8669 -1.5599 51 20 0
21.756 4.8465 -1.5191 51 23 19
21.839 4.838 -1.5575 50 21 13
21.894 4.8738 -1.5549 50 19 0
21.775 4.8727 -1.55 47 19 16
21.885 4.8028 -1.5533 37 20 0
21.916 4.7949 -1.5478 30 19 0
21.798 4.7976 -1.5485 50 22 9
21.75 4.8058 -1.5355 50 25 3
21.874 4.7532 -1.5371 51 25 2
21.776 4.7563 -1.5501 51 24 15
21.787 4.7613 -1.5856 51 25 11
21.808 4.7695 -1.5383 47 29 19
21.896 4.7739 -1.5445 49 24 2
21.764 4.7782 -1.5301 49 26 10
21.76 4.7844 -1.5527 52 25 14
21.806 4.7914 -1.5312 44 29 6
21.857 4.7821 -1.5403 51 27 0
21.787 4.7007 -1.5276 35 14 11
21.725 4.697 -1.5403 47 26 9
21.794 4.7 -1.533 35 14 11
21.857 4.7101 -1.5454 47 23 9
21.757 4.7095 -1.53 30 22 11
21.728 4.718 -1.5313 25 20 1
21.778 4.658 -1.5405 44 22 0
21.852 4.6599 -1.5374 46 18 5
21.749 4.6448 -1.5501 46 22 12
21.898 4.6772 -1.56 48 14 15
21.736 4.6687 -1.5333 44 24 0
21.791 4.684 -1.5681 45 20 13
21.756 4.6282 -1.4805 45 20 0
21.784 4.6294 -1.5284 36 20 5
21.797 4.6276 -1.5385 36 20 5
21.766 4.6373 -1.5411 46 18 14
21.796 4.6778 -1.5442 45 23 0
21.716 4.6766 -1.5432 51 24 3
21.721 4.617 -1.4874 36 23 5
21.739 4.5973 -1.5415 44 21 13
21.71 4.629 -1.532 46 22 12
21.748 4.6181 -1.5386 46 23 15
21.673 4.5918 -1.5217 45 26 12
21.744 4.5687 -1.5277 41 21 12
21.73 4.5764 -1.5412 48 21 12
21.693 4.5391 -1.5343 44 24 13
21.816 4.5504 -1.5609 36 19 1
21.815 4.4931 -1.5262 51 20 10
21.681 4.5684 -1.5397 48 24 12
21.735 4.5254 -1.5432 43 21 8
21.735 4.548 -1.5319 44 22 11
21.645 4.5226 -1.4788 37 17 6
21.837 4.541 -1.5481 54 26 15
21.769 4.5362 -1.5322 42 23 6
21.725 4.555 -1.5477 46 24 13
21.72 4.4549 -1.5344 43 20 2
21.874 4.4556 -1.5816 52 21 0
21.681 4.4922 -1.518 24 20 11
21.744 4.4443 -1.5279 44 19 0
21.774 4.4603 -1.541 40 22 0
21.652 4.4542 -1.5138 48 20 16
21.849 4.4666 -1.5913 35 14 0
21.723 4.4775 -1.5268 29 15 6
21.678 4.4702 -1.5247 38 20 10
21.639 4.3898 -1.5344 52 30 15
21.719 4.3802 -1.5406 42 20 9
21.718 4.385 -1.5652 48 17 5
21.748 4.4149 -1.5161 30 22 0
21.636 4.4134 -1.5239 45 23 12
21.606 4.4359 -1.4356 47 20 3
21.715 4.4008 -1.4984 29 16 0
21.737 4.3706 -1.5267 39 26 7
21.712 4.4294 -1.5093 42 22 0
21.695 4.4384 -1.5246 43 18 11
21.671 4.4265 -1.5414 47 25 1
21.681 4.4191 -1.5243 43 20 12
21.733 4.3193 -1.5165 42 16 2
21.639 4.339 -1.5315 53 26 15
21.663 4.3271 -1.5236 44 20 8
21.709 4.3073 -1.5362 49 22 11
21.719 4.3522 -1.5231 44 20 8
21.665 4.3541 -1.5403 45 23 10
21.674 4.3706 -1.5111 43 18 11
21.599 4.3792 -1.506 55 29 15
21.779 4.3288 -1.5467 41 17 5
21.695 4.3401 -1.5401 47 20 11
21.691 4.3373 -1.5087 46 21 0
21.663 4.378 -1.5274 46 24 11
21.726 4.2726 -1.5312 52 24 0
21.687 4.2908 -1.5272 49 17 12
21.679 4.2452 -1.5415 31 14 0
21.748 4.2355 -1.5352 32 17 0
21.6 4.2719 -1.4493 44 23 2
21.759 4.286 -1.548 48 20 6
21.635 4.3173 -1.5365 58 28 12
21.633 4.314 -1.5082 49 22 11
21.733 4.187 -1.5202 32 20 4
21.572 4.2435 -1.4941 52 24 11
21.66 4.228 -1.5374 51 22 16
21.705 4.1738 -1.5039 33 23 0
21.612 4.1995 -1.5178 46 22 10
21.683 4.2153 -1.529 51 22 1
21.621 4.2128 -1.4611 47 21 0
21.641 4.208 -1.5036 46 22 10
21.732 4.2167 -1.5331 48 21 2
21.625 4.2181 -1.5175 49 25 15
21.579 4.2639 -1.493 30 21 6
21.733 4.1913 -1.5435 47 20 9
21.636 4.1611 -1.5203 50 23 12
20.819 4.4619 -0.85018 43 23 0
21.638 4.1356 -1.5318 48 27 10
21.639 4.1319 -1.5053 44 19 0
21.666 4.116 -1.503 46 19 0
21.67 4.1425 -1.5237 44 24 0
21.653 4.1748 -1.497 48 22 8
21.679 4.16 -1.4913 32 14 10
21.622 4.143 -1.5178 48 27 10
21.583 4.1881 -1.5012 49 23 9
21.693 4.1286 -1.5155 38 23 20
21.653 4.1785 -1.5237 48 21 12
21.639 4.1598 -1.5228 50 23 12
21.644 4.1045 -1.5206 45 23 8
21.686 4.0552 -1.54 45 23 2
21.573 4.0929 -1.507 49 27 6
21.593 4.107 -1.519 54 26 15
21.648 4.077 -1.5381 44 19 12
21.507 4.1293 -1.4762 44 26 12
21.676 4.0375 -1.5712 41 22 8
21.625 4.1168 -1.5297 47 20 9
21.667 4.0902 -1.5143 43 20 2
21.62 4.0122 -1.5172 32 21 15
21.579 4.0621 -1.4968 44 22 11
21.445 4.1304 -1.3525 47 22 0
21.639 3.9989 -1.5074 50 22 8
21.523 3.9693 -1.4999 42 24 12
21.655 3.9618 -1.5014 48 20 7
21.587 3.9521 -1.4908 53 21 0
21.554 3.9738 -1.4902 51 25 0
21.621 3.9833 -1.5006 53 22 2
21.56 3.9445 -1.5073 53 23 21
21.617 3.9311 -1.4928 47 21 0
21.609 3.9647 -1.5007 53 21 9
21.636 3.9464 -1.4962 48 20 9
21.534 3.8859 -1.5426 49 26 18
21.643 3.8602 -1.5084 47 20 9
21.604 3.913 -1.4923 50 24 1
21.507 3.954 -1.4961 46 24 11
21.538 3.933 -1.4937 53 25 12
21.592 3.9229 -1.5077 52 23 2
21.602 3.8885 -1.4999 50 22 9
21.562 3.8893 -1.5053 55 22 23
21.616 3.8535 -1.5202 50 26 0
21.441 3.9708 -1.447 50 27 21
21.633 3.8402 -1.5083 45 21 9
21.528 3.8877 -1.5117 43 27 10
21.528 3.9367 -1.4631 51 24 13
21.569 3.8575 -1.4907 47 24 8
21.643 3.8064 -1.5293 47 22 0
21.458 3.9111 -1.4824 49 31 19
21.478 3.8448 -1.497 51 29 8
21.502 3.8797 -1.4959 44 28 15
21.528 3.8577 -1.4705 51 26 19
21.597 3.8102 -1.4994 49 27 6
21.479 3.8706 -1.4836 46 26 19
21.55 3.8717 -1.5026 55 28 9
21.437 3.8936 -1.374 45 27 7
21.473 3.8228 -1.5028 52 29 11
21.6 3.7247 -1.5087 51 29 6
21.561 3.782 -1.4889 53 28 8
21.531 3.7771 -1.4721 51 26 4
21.585 3.7625 -1.4859 52 29 11
21.536 3.746 -1.4908 54 27 10
21.561 3.7004 -1.5246 52 27 7
21.582 3.6544 -1.4976 53 28 0
21.46 3.7263 -1.479 51 28 10
21.504 3.7178 -1.4802 55 27 13
21.525 3.6998 -1.4735 55 27 0
21.57 3.7199 -1.4928 55 25 9
21.602 3.6386 -1.516 53 28 0
21.472 3.7712 -1.4939 48 27 8
21.558 3.7015 -1.4937 54 27 8
21.467 3.7468 -1.4774 55 28 19
21.427 3.7539 -1.4739 49 24 20
21.589 3.6206 -1.5142 54 26 0
21.433 3.7209 -1.468 48 24 10
21.512 3.6283 -1.4954 55 24 12
21.519 3.6219 -1.4752 57 23 14
21.513 3.6551 -1.485 57 27 11
21.58 3.5988 -1.5205 56 24 3
21.452 3.7071 -1.5086 52 28 24
21.542 3.6594 -1.4994 53 26 9
21.512 3.5433 -1.4754 54 26 15
21.511 3.6019 -1.4756 55 25 0
21.526 3.5022 -1.4991 51 25 0
21.448 3.574 -1.4793 41 23 13
21.374 3.6147 -1.4206 41 21 12
21.436 3.5286 -1.4932 40 23 13
21.497 3.5006 -1.483 51 25 0
21.387 3.5747 -1.4728 39 20 3
21.388 3.5469 -1.4834 39 24 1
21.391 3.5441 -1.486 39 24 1
21.494 3.5331 -1.4921 43 14 0
21.484 3.4846 -1.4536 49 24 2
21.434 3.5596 -1.5023 44 20 18
21.419 3.5175 -1.4851 41 20 17
21.371 3.5095 -1.4609 39 22 2
21.445 3.4642 -1.5204 40 24 0
21.375 3.532 -1.4818 31 18 12
21.444 3.2924 -1.4518 45 19 4
21.428 3.2795 -1.4511 31 7 0
22.527 5.358 -0.40874 73 47 22
22.533 5.3469 -0.43615 73 48 25
22.645 5.3586 -0.42511 77 50 29
22.559 5.356 -0.38965 69 47 36
22.614 5.3406 -0.45105 69 47 23
22.703 5.3474 -0.43774 75 51 23
23.006 5.3412 -0.45992 43 25 13
22.667 5.3203 -0.44017 38 25 19
23.212 5.3458 -0.48662 42 31 1
23.715 5.1923 -0.56352 59 41 21
24.152 5.2498 -0.56858 57 37 10
24.174 5.1114 -0.60454 75 51 25
24.294 5.0688 -0.58634 95 71 35
24.267 4.9572 -0.60882 92 69 36
24.286 4.9828 -0.56436 95 68 31
24.187 4.7852 -0.55444 95 71 35
24.242 4.8823 -0.6223 95 71 37
24.111 4.6758 -0.57074 45 25 1
24.226 4.7194 -0.61358 78 57 28
24.214 4.6815 -0.61995 41 19 8
24.208 4.6042 -0.6372 43 22 1
24.092 4.6393 -0.57535 42 21 2
23.702 2.891 -0.54313 37 24 16
23.608 2.7997 -0.48612 34 15 0
23.378 2.3975 -0.48401 67 48 18
23.437 2.4012 -0.47674 67 46 15
23.283 2.466 -0.43768 69 47 26
23.32 2.3929 -0.4532 67 42 20
23.345 2.33 -0.49265 71 49 10
23.314 2.3071 -0.50142 58 38 14
23.367 2.3613 -0.52826 71 46 23
23.344 2.3769 -0.48701 65 44 15
23.279 2.3789 -0.45384 66 45 16
23.134 2.4457 -0.41316 67 41 14
23.302 2.3154 -0.4675 62 38 12
23.198 2.3506 -0.42081 67 50 30
23.242 2.2702 -0.43593 55 35 11
23.279 2.2408 -0.4769 66 45 16
23.166 2.2872 -0.47035 56 33 25
23.314 2.2137 -0.52009 61 40 23
23.172 2.3732 -0.4897 64 41 23
23.247 2.1733 -0.45021 54 33 16
23.176 2.2327 -0.48027 53 34 18
23.234 2.2306 -0.44441 56 37 5
22.65 5.3336 -0.48205 70 44 29
22.645 5.3411 -0.50631 70 46 12
22.554 5.3338 -0.51772 68 43 0
22.547 5.3653 -0.48205 64 44 19
22.555 5.3384 -0.46591 72 47 24
22.471 5.3625 -0.56212 66 43 10
22.548 5.3609 -0.52938 69 44 12
22.537 5.351 -0.50756 66 46 9
22.579 5.346 -0.54306 70 43 0
22.54 5.356 -0.4602 73 47 20
22.522 5.3683 -0.49827 70 43 24
22.532 5.3659 -0.54984 68 43 11
22.529 5.3452 -0.55824 69 41 10
22.572 5.3492 -0.4889 73 51 10
22.734 5.3256 -0.49993 39 19 21
22.652 5.3292 -0.53667 69 44 0
22.639 5.3238 -0.4597 47 25 1
22.682 5.3424 -0.56374 70 41 9
22.69 5.3522 -0.59057 73 45 14
22.731 5.3335 -0.52411 35 19 0
23.899 5.2184 -0.6204 58 37 18
23.514 5.2089 -0.74046 41 14 3
24.113 5.1436 -0.70542 67 44 26
23.974 5.1467 -0.72122 64 36 25
23.94 5.1666 -0.67248 58 37 18
23.815 5.1694 -0.6925 67 40 19
23.981 5.1131 -0.73225 73 47 30
23.835 5.2049 -0.79952 47 29 9
24.052 5.0471 -0.64216 93 68 45
24.033 5.0341 -0.84279 87 66 37
24.292 4.9814 -0.68695 93 70 39
24.248 4.8181 -0.67524 93 70 37
24.212 4.7808 -0.68011 96 68 37
24.11 4.7154 -0.84625 76 54 13
24.186 4.728 -0.77384 83 59 31
24.056 4.5812 -0.7908 45 19 4
24.14 4.6581 -0.65695 39 27 11
24.113 4.5832 -0.67 43 20 12
24.026 4.6433 -0.84841 39 15 1
23.493 2.8455 -0.74154 30 11 4
23.59 2.7853 -0.71986 34 15 0
23.457 2.9143 -0.75932 37 15 2
23.45 2.449 -0.70455 87 63 29
23.449 2.4465 -0.62192 90 65 33
23.516 2.3476 -0.56605 72 46 23
23.316 2.4967 -0.65069 61 38 5
23.374 2.4029 -0.56263 66 46 21
23.485 2.3767 -0.71643 66 44 5
23.395 2.3911 -0.63077 68 43 20
23.331 2.3918 -0.63584 68 43 20
23.394 2.2936 -0.53578 67 47 13
23.329 2.2995 -0.65386 66 41 18
23.383 2.2559 -0.58535 62 40 3
23.331 2.2949 -0.54039 54 37 11
23.325 2.2576 -0.73499 64 38 15
23.35 2.329 -0.56766 66 42 14
23.052 2.5161 -0.64225 67 44 0
23.243 2.3652 -0.60419 59 40 0
23.235 2.3742 -0.71436 62 42 5
23.415 2.282 -0.69795 71 44 7
23.428 2.2695 -0.6233 73 47 20
23.309 2.4062 -0.55788 65 44 17
23.356 2.3724 -0.59994 67 47 13
23.38 2.3077 -0.65284 70 46 18
23.396 2.2983 -0.73204 66 43 2
23.363 2.2269 -0.70292 66 43 2
23.119 2.4172 -0.55435 58 37 18
23.395 2.1974 -0.55148 63 42 11
23.251 2.2201 -0.70629 54 30 4
23.143 2.3525 -0.53044 62 41 24
23.281 2.2446 -0.74013 58 34 6
23.224 2.2403 -0.51553 56 34 19
23.25 2.1735 -0.67314 49 31 7
23.183 2.2298 -0.69942 47 30 0
23.396 2.1985 -0.63 65 40 18
23.234 2.2338 -0.66726 54 33 6
23.251 2.2662 -0.62134 64 43 16
23.29 2.1872 -0.63658 52 36 3
23.161 2.2924 -0.58254 57 33 5
23.322 2.2089 -0.594 68 46 25
22.964 2.4123 -0.58959 54 36 14
23.104 2.1564 -0.67475 51 35 0
23.214 2.1079 -0.72104 61 40 21
23.26 2.1629 -0.52919 50 31 15
22.984 2.262 -0.68968 56 40 17
22.993 2.2082 -0.66851 53 39 2
23.099 2.0669 -0.65479 51 35 0
22.453 5.363 -0.63172 71 48 14
22.536 5.3503 -0.63285 69 44 21
22.597 5.3528 -0.61946 68 43 21
22.492 5.3466 -0.57636 72 47 17
22.492 5.3584 -0.66977 70 42 11
22.493 5.3548 -0.59744 68 41 20
22.526 5.3442 -0.68352 64 41 10
22.442 5.3569 -0.6799 69 44 0
22.422 5.3609 -0.57582 72 42 28
22.464 5.357 -0.61049 66 46 22
22.537 5.3341 -0.58549 72 45 24
22.357 5.3524 -0.6341 68 46 25
22.52 5.3349 -0.6582 64 38 21
22.356 5.3598 -0.65494 66 40 13
22.522 5.3515 -0.70461 65 42 11
22.549 5.3608 -0.65939 65 43 22
22.643 5.3311 -0.61133 70 43 24
22.624 5.3363 -0.63159 69 44 22
22.591 5.2796 -0.61018 30 10 0
22.655 5.3195 -0.64165 69 44 22
22.734 5.336 -0.74006 66 43 9
22.629 5.3239 -0.66138 68 39 15
22.586 5.3334 -0.70145 67 40 23
22.559 5.3374 -0.72275 62 41 0
22.605 5.3414 -0.65194 65 40 18
22.633 5.3113 -0.69437 65 44 13
22.646 5.3348 -0.68805 64 41 10
22.964 5.2865 -0.69713 35 21 10
23.093 5.287 -0.75432 43 22 1
23.296 5.3028 -0.76688 43 22 1
23.512 5.319 -0.77946 45 25 14
23.459 5.2437 -0.75128 40 22 0
24.14 5.2417 -0.88892 42 24 12
23.647 5.274 -0.82212 34 17 0
23.71 5.2372 -0.80123 35 20 13
23.482 5.2485 -0.86222 35 17 7
23.665 5.2243 -0.87137 36 23 5
23.81 5.249 -0.93708 43 19 17
24.131 5.1579 -0.87015 62 38 10
23.659 5.1398 -0.93481 57 37 12
23.895 5.1438 -0.9464 56 35 16
24.001 5.1154 -0.97631 66 40 13
24.133 5.1342 -0.91605 69 42 23
24.044 5.0462 -0.88086 72 47 24
24.07 5.083 -0.87657 67 44 13
23.793 5.0926 -0.89712 66 45 28
23.731 5.0231 -0.9003 76 53 35
24 5.1147 -0.85475 67 42 19
23.951 5.1245 -1.0035 59 41 19
23.911 4.7043 -1.0204 67 50 24
23.895 4.662 -0.86332 36 17 0
23.975 4.5466 -1.0728 43 20 2
23.488 2.9565 -0.90945 24 9 4
23.488 2.8516 -0.7799 30 6 0
23.353 2.48 -0.88969 63 40 7
23.351 2.3361 -0.84259 65 43 20
23.323 2.359 -0.87074 65 44 13
23.346 2.3434 -0.95674 62 39 6
23.408 2.3883 -0.79128 67 42 20
23.291 2.4301 -0.85412 64 39 9
23.313 2.4122 -0.81666 64 41 25
23.24 2.2806 -0.88462 57 36 19
23.124 2.4615 -0.73063 65 45 11
23.198 2.3624 -0.90167 57 37 2
23.279 2.2992 -0.96149 58 34 6
23.212 2.3507 -0.90578 57 37 2
23.217 2.3454 -0.8297 59 41 19
23.202 2.4047 -0.85509 64 42 19
23.363 2.3249 -0.76279 66 44 5
23.267 2.305 -0.80184 58 37 6
23.301 2.2796 -0.88666 53 30 14
23.145 2.4009 -0.73819 61 39 0
23.276 2.2523 -0.97399 58 38 1
23.207 2.4017 -0.89396 63 40 7
23.28 2.1979 -0.74456 54 34 9
23.325 2.2102 -0.82558 57 40 23
23.145 2.311 -0.90411 50 28 4
23.079 2.3637 -0.81772 51 34 6
23.328 2.1097 -0.88711 53 27 12
23.264 2.1627 -0.79077 48 30 10
23.185 2.1808 -0.94546 47 22 0
23.244 2.2744 -0.77418 61 36 14
23.118 2.2386 -0.88312 58 41 13
23.092 2.3536 -0.85637 51 26 3
23.27 2.207 -0.8218 53 31 10
23.257 2.1702 -0.94596 47 31 5
23.13 2.2739 -0.80825 49 28 7
23.267 2.2088 -0.7821 48 30 10
23.011 2.3751 -0.84945 50 30 6
23.045 2.1598 -0.82792 51 34 16
23.064 2.1907 -0.89201 53 36 6
23.037 2.2156 -0.7723 52 34 20
23.045 2.2545 -0.72887 56 35 14
23.17 2.0978 -0.76627 56 34 19
23.193 2.1745 -0.78747 59 40 24
23.133 2.1784 -0.7819 57 38 22
23.155 2.1589 -0.94328 56 35 6
23.151 2.1628 -0.90408 59 40 8
23.075 2.2286 -0.84564 47 29 15
22.084 2.6498 -0.59174 31 13 0
22.204 2.5233 -0.59002 41 24 16
22.209 2.5499 -0.67646 46 30 0
22.292 2.4619 -0.72304 42 25 0
22.127 2.6036 -0.60205 34 28 2
22.182 2.5433 -0.64342 36 20 3
22.251 2.5076 -0.65589 46 26 0
22.189 2.5348 -0.67359 32 17 0
22.156 2.5689 -0.69356 41 22 6
22.29 2.5069 -0.62703 41 24 4
22.333 2.4223 -0.64503 44 26 12
22.35 5.3706 -0.74819 64 44 19
22.472 5.3586 -0.73903 59 42 16
22.413 5.3517 -0.80095 64 42 27
22.47 5.3541 -0.7917 66 44 23
22.421 5.357 -0.74897 67 43 7
22.43 5.3629 -0.70222 65 41 3
22.338 5.3648 -0.79609 62 37 14
22.394 5.36 -0.76618 64 43 24
22.53 5.3571 -0.78487 65 43 22
22.352 5.3596 -0.77691 63 45 25
22.383 5.3615 -0.71201 64 39 17
22.48 5.3521 -0.71912 66 38 25
22.38 5.385 -0.77994 54 40 14
22.386 5.3547 -0.81732 63 41 18
22.543 5.3337 -0.84915 66 40 23
22.556 5.3491 -0.82294 68 44 16
22.643 5.3297 -0.74454 67 45 8
22.573 5.3221 -0.80928 65 43 22
22.553 5.34 -0.79692 66 45 26
22.676 5.3253 -0.86827 68 45 14
22.556 5.3451 -0.74338 65 44 17
22.604 5.3319 -0.76094 68 43 23
22.588 5.3378 -0.78245 67 40 23
22.582 5.332 -0.83608 69 43 16
22.521 5.3469 -0.75715 61 41 6
22.647 5.3256 -0.80286 65 40 17
22.569 5.3167 -0.86474 63 40 24
22.473 5.3423 -0.8224 64 44 20
22.679 5.3223 -0.78727 64 40 14
22.649 5.3124 -0.83617 63 42 21
23.005 5.3532 -0.97054 48 26 2
23.531 5.1223 -1.0919 58 36 15
23.753 5.1474 -1.0715 54 35 19
23.994 5.1757 -1.1694 56 34 21
23.634 5.1714 -1.0318 41 25 12
23.532 5.0582 -1.1083 57 34 16
23.837 5.1302 -1.1368 58 33 13
24.045 5.1188 -1.241 58 36 15
24.056 5.0338 -1.0934 69 45 17
23.243 2.4243 -1.0114 64 42 3
23.169 2.4813 -1.0307 61 37 11
23.323 2.3152 -1.0437 61 37 9
23.291 2.3898 -1.1064 58 38 13
23.31 2.4211 -1.018 56 35 8
23.202 2.4544 -0.96112 63 42 0
23.218 2.3004 -0.994 57 39 0
23.104 2.3471 -1.0895 52 34 12
23.293 2.2404 -1.0548 57 37 0
23.149 2.3109 -1.1445 45 29 4
23.222 2.2995 -1.1569 53 34 4
23.175 2.2877 -1.031 49 31 7
23.298 2.2861 -1.0929 55 36 2
23.176 2.335 -1.0617 55 37 0
23.187 2.2786 -1.0776 48 30 18
23.153 2.3548 -1.0945 53 35 15
23.263 2.3149 -1.1183 53 39 0
23.08 2.3185 -1.0182 51 35 0
23.253 2.1751 -1.11 51 29 14
23.185 2.2325 -1.1668 38 26 14
23.088 2.3123 -1.0207 51 35 0
23.153 2.2584 -1.1208 46 27 20
23.23 2.0949 -1.0837 55 39 14
23.041 2.3037 -0.98226 37 22 0
23.168 2.1972 -1.0946 59 41 31
23.095 2.1635 -0.93592 53 34 2
23.101 2.1579 -1.0126 49 33 10
23.156 2.108 -1.1186 52 37 14
23.173 2.0946 -1.0772 50 33 15
23.165 2.1508 -1.0227 51 36 5
22.937 2.3027 -0.92884 54 38 3
22.217 2.5314 -0.88098 19 6 0
22.225 2.526 -0.82316 31 20 1
22.222 2.5281 -0.85305 20 9 3
22.22 2.5344 -0.76183 44 27 0
22.224 2.5294 -0.79233 42 21 0
22.173 2.542 -0.84344 19 2 0
22.104 2.5821 -0.77201 57 33 19
22.087 2.5656 -0.74607 61 39 16
22.154 2.5643 -0.80723 47 34 2
22.084 2.5633 -0.82858 62 42 18
22.154 2.5692 -0.72173 32 15 0
22.144 2.5372 -0.81295 57 39 3
22.121 2.5605 -0.83328 55 37 17
22.114 2.6103 -0.73704 23 9 0
22.218 2.4966 -0.79795 42 10 0
22.106 2.5412 -0.80835 63 39 25
22.124 2.5225 -0.78474 67 40 21
22.131 2.5564 -0.7227 58 38 4
22.155 2.5282 -0.75928 62 40 3
22.257 2.4966 -0.7455 44 25 0
22.204 2.5067 -0.88426 39 32 12
22.34 5.3776 -0.89454 50 27 21
22.405 5.3663 -0.84428 63 37 14
22.293 5.376 -0.90318 46 30 13
22.418 5.3487 -0.85516 65 42 0
22.386 5.3512 -0.87265 63 42 0
22.361 5.3623 -0.90954 62 42 5
22.323 5.3582 -0.84289 66 40 15
22.405 5.3383 -0.82886 65 42 24
22.381 5.3814 -0.83117 61 35 21
22.354 5.3689 -0.92996 54 39 20
22.398 5.3614 -0.89739 66 47 4
22.311 5.3829 -0.85569 49 32 2
22.36 5.3737 -0.87833 54 35 5
22.381 5.3546 -0.94856 61 40 21
22.295 5.3717 -0.82778 47 32 0
22.513 5.3326 -0.92282 63 40 0
22.522 5.3212 -0.95856 63 38 15
22.538 5.3325 -0.98916 65 41 13
22.536 5.3409 -0.87271 64 41 25
22.583 5.3361 -0.91907 66 39 2
22.451 5.3468 -0.97722 53 33 0
22.468 5.3417 -0.95953 59 39 12
22.512 5.3411 -0.94873 59 40 0
22.475 5.3556 -0.93112 60 37 0
22.68 5.3438 -0.92301 61 40 11
22.533 5.3489 -0.89608 63 41 0
22.507 5.3356 -1.004 65 39 24
22.44 5.3569 -0.9404 63 38 18
22.439 5.3406 -0.89408 63 41 17
22.622 5.3118 -0.91244 61 38 20
22.587 5.3191 -1.0176 60 38 17
22.558 5.3052 -0.97649 63 38 16
22.641 5.3009 -0.95125 64 41 10
22.625 5.3072 -0.97323 68 42 19
22.65 5.3339 -0.97355 63 41 0
22.605 5.2993 -1.0291 57 40 12
22.681 5.3299 -0.95538 64 41 0
23.031 5.2847 -1.1973 35 16 2
22.86 5.289 -1.1354 28 9 3
23.172 2.2436 -1.2091 44 27 10
23.111 2.2949 -1.3566 5 8 0
22.797 2.4242 -1.2201 45 30 0
23.008 2.3339 -1.24 0 0 0
23.152 2.2121 -1.3382 34 27 17
23.177 2.19 -1.2615 33 35 22
22.257 2.479 -1.0849 22 11 5
22.232 2.5117 -0.97667 33 14 0
22.216 2.5262 -1.0043 18 12 0
22.156 2.5566 -0.89655 45 42 37
22.223 2.4793 -1.0139 56 35 8
22.255 2.4887 -0.9554 22 4 0
22.172 2.5308 -1.0572 47 34 18
22.253 2.4855 -1.0494 21 10 4
22.196 2.5069 -1.0346 56 37 7
22.125 2.5893 -0.91321 48 29 13
22.258 2.4866 -0.92569 26 13 0
22.186 2.5213 -0.96808 59 36 2
22.115 2.5198 -0.96215 60 40 16
22.09 2.5505 -0.91984 62 40 1
22.105 2.4973 -0.90518 57 37 2
22.102 2.5413 -0.86565 60 41 1
22.049 2.5517 -1.0032 58 35 17
22.134 2.5421 -0.89847 59 38 7
22.113 2.567 -0.86001 60 37 3
22.16 2.5112 -0.94027 62 41 10
22.134 2.5389 -0.95725 58 40 4
22.097 2.5467 -0.86456 60 41 1
22.044 2.6043 -0.874 61 37 1
22.057 2.55 -0.9157 62 40 0
22.133 2.5383 -0.98535 58 35 17
22.143 2.525 -1.0223 58 34 20
22.028 2.5778 -0.96465 60 40 5
22.11 2.5219 -1.0208 60 38 14
22.093 2.5438 -0.97962 63 44 1
22.086 2.5142 -0.95851 64 40 4
22.277 5.3965 -0.96694 59 41 17
22.353 5.3651 -0.98485 50 35 14
22.313 5.3767 -0.96287 44 26 14
22.346 5.3559 -0.9602 62 40 19
22.333 5.3576 -1.0341 48 27 6
22.293 5.3658 -1.066 46 27 11
22.321 5.3917 -1.071 46 34 8
22.322 5.3834 -1.0457 42 26 3
22.319 5.3862 -0.98939 42 29 10
22.317 5.4106 -1.0615 58 37 20
22.338 5.3935 -0.94139 41 29 5
22.329 5.3648 -1.0552 49 34 5
22.365 5.3757 -1.0134 47 28 11
22.342 5.3747 -0.9502 45 29 12
22.345 5.3999 -1.0227 52 33 1
22.295 5.3974 -1.0282 57 36 5
22.292 5.3691 -1.0103 38 28 1
22.334 5.4011 -0.96541 53 32 11
22.476 5.3474 -1.0458 60 35 15
22.405 5.3424 -1.0425 63 44 14
22.406 5.3513 -1.0695 64 42 19
22.37 5.3531 -1.0823 61 38 4
22.463 5.3405 -1.0988 57 36 7
22.535 5.3273 -1.0477 64 39 17
22.513 5.3406 -1.0907 59 34 11
22.429 5.3431 -1.1127 56 37 5
22.529 5.3349 -1.0709 61 44 18
22.396 5.3452 -0.98469 64 42 19
22.395 5.3532 -1.0086 61 39 24
22.427 5.3466 -1.0516 63 44 14
22.347 5.3523 -1.0157 60 42 6
22.479 5.3393 -1.0201 66 45 14
22.647 5.3093 -1.1327 61 38 22
22.654 5.3239 -1.0953 58 38 13
22.612 5.2984 -1.1817 60 38 15
22.558 5.3212 -1.1774 61 36 4
22.946 5.3355 -1.1806 58 36 21
22.626 5.3152 -1.1541 58 36 0
22.6 5.3245 -1.1052 60 36 24
22.557 5.3219 -1.0269 62 41 14
22.595 5.3187 -1.1667 61 35 18
22.514 5.3274 -1.1253 55 35 1
22.497 5.3336 -1.1471 63 40 6
22.563 5.3275 -1.1199 58 34 6
22.993 5.3174 -1.2137 28 10 6
23.236 5.3223 -1.3058 30 12 8
22.086 2.5381 -1.1633 57 34 0
22.165 2.5386 -1.0537 47 34 18
22.237 2.4978 -1.11 26 14 0
22.252 2.4801 -1.1507 23 17 3
22.169 2.4941 -1.0657 62 39 23
22.091 2.5302 -1.1985 59 33 16
22.192 2.4602 -1.2067 53 35 0
22.139 2.5257 -1.0832 62 39 6
22.179 2.4769 -1.1665 57 36 5
22.147 2.5146 -1.1187 56 36 0
22.282 2.447 -1.1943 26 10 0
22.196 2.5009 -1.1318 51 34 6
22.175 2.5213 -1.1538 54 33 6
22.185 2.5145 -1.0953 51 33 19
22.142 2.5199 -1.1163 56 36 0
22.284 2.4454 -1.1949 26 10 0
22.111 2.5189 -1.0487 57 36 17
21.996 2.5636 -1.1379 57 36 7
22.073 2.5177 -1.1065 59 33 6
22.079 2.5042 -1.2005 58 38 4
22.09 2.536 -1.1325 59 36 20
22.071 2.5163 -1.1658 56 35 4
22.06 2.5374 -1.0368 64 43 22
22.072 2.5167 -1.1363 56 37 3
22.081 2.5101 -1.0805 59 40 0
21.998 2.5622 -1.1104 58 38 4
22.067 2.5671 -1.0581 59 38 17
22.099 2.5272 -1.109 58 33 3
22.306 5.3768 -1.096 49 33 0
22.33 5.3904 -1.1322 47 28 11
22.325 5.3859 -1.1881 45 29 14
22.345 5.4191 -1.2142 51 39 1
22.294 5.3707 -1.1476 46 27 10
22.298 5.4113 -1.1329 58 37 20
22.268 5.408 -1.0663 60 39 20
22.29 5.3865 -1.1955 52 35 7
22.273 5.3864 -1.1317 55 36 19
22.156 5.3873 -1.0943 56 36 1
22.299 5.4006 -1.1692 52 37 6
22.219 5.41 -1.1472 57 38 4
22.303 5.3644 -1.1275 43 28 21
22.265 5.3877 -1.0708 58 36 21
22.285 5.4005 -1.1053 61 38 20
22.44 5.3405 -1.1752 59 34 14
22.366 5.348 -1.1364 64 42 21
22.356 5.3665 -1.1237 46 28 8
22.382 5.3428 -1.1184 59 38 7
22.287 5.3659 -1.2034 47 30 4
22.321 5.3444 -1.2053 47 33 4
22.317 5.3469 -1.1407 47 28 0
22.362 5.3603 -1.2469 44 26 12
22.375 5.3417 -1.2613 53 38 9
22.346 5.3562 -1.095 47 30 12
22.392 5.3485 -1.2058 61 41 16
22.47 5.3378 -1.1651 63 42 21
22.402 5.3377 -1.2456 56 35 4
22.374 5.3369 -1.1731 54 33 12
22.371 5.3656 -1.1886 43 28 0
22.341 5.3683 -1.2018 42 27 0
22.516 5.3187 -1.2536 59 35 7
22.621 5.3037 -1.281 59 39 5
22.668 5.3168 -1.2363 58 38 4
22.585 5.3159 -1.321 55 34 3
22.595 5.3138 -1.2316 63 38 18
22.68 5.3371 -1.2987 59 38 17
22.536 5.3161 -1.3232 59 34 4
22.581 5.3065 -1.2924 55 39 16
22.555 5.3344 -1.2998 61 39 2
22.5 5.3208 -1.1832 62 36 21
22.455 5.3302 -1.2168 62 37 14
22.462 5.3404 -1.2484 56 35 8
22.587 5.3448 -1.2487 60 36 10
22.456 5.3262 -1.2822 58 33 3
22.752 5.3147 -1.3088 55 33 9
22.886 5.3254 -1.3363 57 34 3
23.071 5.0667 -1.6336 39 17 4
22.82 5.0432 -1.4763 24 12 0
22.726 4.5244 -1.5145 51 24 5
22.952 4.5191 -1.5838 44 13 0
22.76 4.5511 -1.525 40 24 1
22.779 4.5096 -1.5097 44 23 6
22.914 4.3824 -1.5704 69 39 21
23.184 4.3099 -1.5857 46 23 7
22.742 4.42 -1.5214 65 34 3
22.8 4.3697 -1.5305 46 19 8
22.671 4.4006 -1.4932 51 25 0
22.964 4.2965 -1.5847 45 24 5
22.749 4.3467 -1.511 45 23 2
23.051 4.287 -1.6661 39 20 3
22.892 4.2544 -1.4503 37 16 0
23.012 4.2356 -1.544 40 12 9
22.611 4.28 -1.4736 38 15 0
22.841 4.2874 -1.5376 34 18 1
22.803 4.2547 -1.4896 39 19 12
22.99 4.1968 -1.5016 33 14 0
23.093 4.1809 -1.592 40 17 9
23.093 4.2257 -1.6197 41 19 8
22.614 4.3108 -1.4615 43 21 0
22.052 2.494 -1.2017 60 42 6
21.994 2.521 -1.2108 54 34 9
21.942 2.5855 -1.1508 57 37 3
22.008 2.5445 -1.204 52 33 16
22.176 5.3895 -1.1603 57 36 9
22.304 5.407 -1.2554 60 40 15
22.292 5.3836 -1.2561 56 37 21
22.277 5.389 -1.2747 52 34 20
22.283 5.3985 -1.3022 55 35 10
22.172 5.396 -1.1794 57 36 9
22.067 5.3855 -1.2326 53 34 4
22.149 5.3773 -1.2591 54 36 0
22.173 5.3904 -1.2944 53 33 6
22.172 5.3934 -1.2373 54 34 10
22.069 5.3778 -1.2091 47 33 4
22.267 5.3902 -1.2115 54 35 18
22.319 5.3774 -1.3052 44 29 10
22.302 5.377 -1.2342 49 27 4
22.304 5.3827 -1.3228 52 32 8
22.317 5.4028 -1.3827 51 33 23
22.354 5.3462 -1.2778 41 25 0
22.323 5.3487 -1.2885 45 26 19
22.304 5.3657 -1.2711 39 26 7
22.4 5.3764 -1.2908 41 23 13
22.279 5.3568 -1.3184 36 24 0
22.353 5.3814 -1.3885 19 7 0
22.297 5.3899 -1.346 45 30 7
22.332 5.3591 -1.3202 36 24 2
22.467 5.3142 -1.3221 53 32 3
22.392 5.3323 -1.3067 60 37 6
22.446 5.3328 -1.3028 56 37 3
22.363 5.3352 -1.3173 50 32 12
22.658 5.1135 -1.5766 23 13 21
22.65 5.1295 -1.5282 35 32 17
22.582 5.0477 -1.5271 30 17 1
22.749 5.0672 -1.5445 39 11 8
22.862 5.0551 -1.6458 32 17 14
22.917 4.9804 -1.6268 44 16 3
22.789 5.0132 -1.5803 44 19 12
22.895 5.0089 -1.6042 44 18 4
22.6 5.031 -1.5777 42 16 2
22.828 5.0238 -1.6334 47 16 4
22.626 5.0242 -1.5641 44 16 5
22.552 4.7909 -1.5442 49 23 9
22.476 4.7745 -1.5424 47 22 0
22.602 4.7808 -1.5367 49 30 16
22.438 4.5698 -1.5353 42 20 9
22.566 4.5823 -1.5947 46 18 7
22.577 4.5438 -1.5804 43 18 13
22.436 4.5416 -1.5444 45 15 13
22.689 4.4676 -1.5164 68 34 7
22.403 4.5179 -1.5353 40 14 0
22.489 4.527 -1.5469 37 16 0
22.698 4.4974 -1.5164 56 25 4
22.448 4.3963 -1.462 44 23 4
22.633 4.4149 -1.5138 54 22 0
22.552 4.3068 -1.5112 37 16 0
22.674 4.2719 -1.5461 23 12 0
22.518 4.2833 -1.5 37 15 0
22.52 4.3513 -1.5155 26 17 0
22.443 4.3203 -1.5602 40 15 10
22.532 4.3554 -1.5543 44 21 13
22.636 4.313 -1.5137 41 19 6
22.77 4.2906 -1.6229 38 25 9
22.474 4.3438 -1.5647 39 11 10
22.548 4.2382 -1.4928 30 15 10
22.736 4.1561 -1.612 35 13 0
22.733 4.2248 -1.5847 31 11 2
22.027 3.2424 -1.4754 49 23 0
22.046 3.2602 -1.4794 38 20 0
21.969 5.3903 -1.3251 46 32 6
22.023 5.3904 -1.2546 53 36 10
22.031 5.3847 -1.2366 57 37 10
22.014 5.3936 -1.3282 51 33 13
22.046 5.3933 -1.3227 49 31 19
22.105 5.3834 -1.2841 57 35 11
22.074 5.3922 -1.3153 53 36 8
22.048 5.3778 -1.2755 56 32 22
22.414 5.1744 -1.5416 29 26 11
22.372 5.1782 -1.5476 27 24 15
22.369 5.1074 -1.5782 41 13 9
22.342 5.1131 -1.5908 41 13 9
22.463 5.1731 -1.6411 36 10 9
22.391 5.1478 -1.5363 28 15 7
22.322 5.1487 -1.5247 26 19 13
22.328 5.0561 -1.5716 36 14 0
22.309 5.0865 -1.5798 39 11 7
22.332 5.0884 -1.5942 39 11 7
22.258 5.0431 -1.4972 32 7 2
22.305 5.0782 -1.5487 37 14 8
22.282 5.0609 -1.5732 38 9 5
22.391 5.036 -1.5199 37 14 6
22.351 5.0415 -1.5258 40 12 9
22.428 5.0796 -1.5931 35 8 13
22.501 4.983 -1.575 44 23 2
22.43 4.9886 -1.5642 42 18 4
22.321 4.9511 -1.5795 49 17 15
22.387 4.9626 -1.5539 41 18 2
22.369 4.9697 -1.5708 42 16 0
22.305 4.9754 -1.562 40 22 10
22.417 5.0203 -1.5727 40 11 7
22.578 5.012 -1.6068 38 11 18
22.405 5.0124 -1.5393 47 14 9
22.449 4.9974 -1.6061 45 16 18
22.185 4.8933 -1.4822 50 19 11
22.208 4.901 -1.5277 54 20 8
22.26 4.9253 -1.5501 48 23 3
22.248 4.8767 -1.5633 56 23 18
22.348 4.9437 -1.5646 35 11 9
22.414 4.8188 -1.558 49 21 8
22.314 4.8367 -1.5602 50 31 17
22.285 4.8045 -1.518 50 24 9
22.374 4.8277 -1.5674 50 24 10
22.274 4.8696 -1.5535 56 24 12
22.212 4.8458 -1.5229 54 24 10
22.479 4.7821 -1.5758 43 29 2
22.419 4.7647 -1.5771 49 23 8
22.367 4.7343 -1.528 45 27 3
22.491 4.7541 -1.5929 46 28 4
22.448 4.7907 -1.5867 51 23 9
22.207 4.6898 -1.5511 58 26 14
22.353 4.7094 -1.5358 47 24 6
22.108 4.6803 -1.5234 46 18 7
22.179 4.6608 -1.5152 53 26 9
22.253 4.7051 -1.5442 54 21 16
22.354 4.6894 -1.5739 47 23 9
22.445 4.6392 -1.5791 46 21 0
22.157 4.7009 -1.5475 54 27 8
22.195 4.6976 -1.5735 54 27 8
22.283 4.6691 -1.5388 46 22 10
22.274 4.6771 -1.5658 54 24 10
22.284 4.7216 -1.5227 51 25 10
22.233 4.7133 -1.5593 57 25 10
22.295 4.6876 -1.5078 45 20 0
22.179 4.7245 -1.5559 56 22 20
22.286 4.6428 -1.5555 45 20 0
22.226 4.6163 -1.4937 46 19 2
22.172 4.6362 -1.5243 54 22 10
22.415 4.5798 -1.5549 38 19 2
22.226 4.5972 -1.5413 53 20 11
22.271 4.5782 -1.5098 46 13 14
22.323 4.6319 -1.5466 49 18 10
22.182 4.6416 -1.5608 52 23 1
22.355 4.5938 -1.5445 41 20 1
22.145 4.6141 -1.5173 52 19 10
22.386 4.5272 -1.5561 40 17 1
22.191 4.5755 -1.5256 50 17 8
22.355 4.5599 -1.5294 44 16 12
22.343 4.5058 -1.5409 39 16 0
22.183 4.4644 -1.5349 42 17 10
22.022 4.4817 -1.4974 32 17 0
22.229 4.4768 -1.5258 39 18 1
22.075 4.4972 -1.5281 36 19 11
22.274 4.4405 -1.5618 36 13 7
22.153 4.4376 -1.4952 35 15 6
22.115 4.4837 -1.5251 44 16 12
22.174 4.4931 -1.5207 38 18 7
22.052 4.4496 -1.5277 36 22 13
22.212 4.3637 -1.5291 39 18 1
22.066 4.3884 -1.5318 49 21 8
22.224 4.395 -1.553 47 21 7
22.087 4.3613 -1.4228 39 15 1
22.187 4.3419 -1.5218 42 20 7
22.055 4.3644 -1.5342 50 23 14
22.014 4.317 -1.4988 33 7 6
22.033 4.3436 -1.5255 44 20 6
22.177 4.2653 -1.5797 41 25 2
22.14 4.2477 -1.5634 41 18 2
22.045 4.281 -1.5318 36 19 11
22.153 4.2667 -1.5336 39 16 8
22.145 4.2409 -1.5381 41 20 3
22.057 4.2448 -1.5153 35 17 5
21.978 4.2748 -1.4938 37 23 14
21.975 4.163 -1.5067 40 20 13
21.992 4.1844 -1.508 38 25 17
21.996 4.1229 -1.5006 41 19 6
22.01 4.122 -1.54 40 14 0
21.942 4.121 -1.5009 39 16 0
21.986 4.0989 -1.5085 34 15 0
21.927 4.0677 -1.4858 40 20 9
21.987 4.0705 -1.5186 44 19 14
21.935 4.0365 -1.5019 39 19 8
21.918 4.0164 -1.4988 46 21 16
21.894 3.6389 -1.5065 48 27 10
21.756 3.7322 -1.434 44 25 8
21.865 3.6289 -1.4929 50 28 15
21.846 3.6434 -1.5087 49 26 8
20.881 4.1737 -0.78579 42 25 7
20.889 4.1822 -0.77114 47 24 18
20.869 4.1988 -0.7715 43 24 7
21.846 3.4244 -1.4957 45 23 10
21.87 3.4044 -1.4826 44 25 11
21.952 3.4027 -1.4536 45 26 9
21.945 3.3436 -1.5065 50 22 9
21.993 3.3359 -1.4678 47 25 1
21.832 3.372 -1.4753 46 24 11
21.973 3.2863 -1.4714 50 23 2
21.951 3.3369 -1.4469 48 23 1
21.959 3.2993 -1.5281 45 23 10
21.975 3.3181 -1.4995 46 24 9
21.897 3.3487 -1.4536 47 23 11
21.794 3.4343 -1.4364 42 23 9
21.802 3.4279 -1.4755 42 24 10
21.828 3.3113 -1.4967 49 22 15
21.676 2.9984 -1.4762 39 13 0
22.083 5.1684 -1.5423 38 10 7
22.048 5.1712 -1.5443 33 16 8
22.129 5.1455 -1.5583 32 7 2
22.007 5.1734 -1.5433 36 15 0
22.09 5.1558 -1.5837 29 14 7
22.146 5.1548 -1.5941 30 15 8
22.209 5.1317 -1.618 40 12 0
22.082 5.0248 -1.5474 43 19 5
22.167 5.0455 -1.5686 42 8 7
22.082 5.0465 -1.5366 48 17 7
22.013 5.0133 -1.5641 40 14 0
22.224 5.0722 -1.5937 38 17 0
21.794 4.9304 -1.3015 48 19 15
22.097 4.9957 -1.5366 49 16 19
21.959 4.9677 -1.5448 41 17 7
22.053 4.9787 -1.544 48 18 16
22.024 4.9994 -1.5156 48 17 5
22.065 4.9724 -1.526 51 17 16
22.192 4.884 -1.5547 55 24 16
22.125 4.8911 -1.5389 31 17 6
22.23 4.9081 -1.5694 49 22 3
21.991 4.9129 -1.4403 40 17 0
22.07 4.8756 -1.5424 54 18 20
21.936 4.8748 -1.5429 50 23 4
21.97 4.9178 -1.5434 47 19 15
22.098 4.8985 -1.5514 26 17 0
21.961 4.8964 -1.5498 49 20 0
22.133 4.8141 -1.5521 59 27 2
22.107 4.8216 -1.5616 55 25 9
22.107 4.8519 -1.5785 52 24 11
22.11 4.8386 -1.5275 56 24 3
22.117 4.845 -1.5582 55 24 14
22.084 4.8689 -1.5253 53 20 3
22.024 4.8309 -1.5319 52 24 13
22.047 4.7769 -1.5392 54 23 2
21.95 4.7788 -1.5654 50 25 2
22.113 4.767 -1.5599 53 25 0
22.048 4.7474 -1.5262 50 22 8
21.935 4.7735 -1.5279 50 19 11
21.991 4.7993 -1.5841 30 17 9
21.924 4.7517 -1.5287 50 22 11
22.067 4.7994 -1.5422 54 26 0
21.839 4.7514 -1.4365 53 22 10
22.062 4.7483 -1.6614 48 23 1
22.02 4.7855 -1.5536 56 22 10
21.996 4.757 -1.5155 51 25 10
21.992 4.7636 -1.5398 53 25 11
21.862 4.69 -1.5181 49 21 18
21.91 4.6788 -1.5245 40 18 7
22.123 4.6923 -1.5952 46 26 0
21.867 4.7055 -1.4791 41 24 14
21.918 4.7066 -1.5444 48 24 14
22.12 4.6862 -1.5649 43 21 0
21.91 4.73 -1.528 49 20 14
22.059 4.7162 -1.5142 41 27 16
22.082 4.7207 -1.5582 44 18 3
21.909 4.73 -1.5264 49 20 14
22.045 4.7299 -1.5594 51 25 10
21.964 4.7193 -1.5392 36 18 0
22.097 4.6328 -1.546 45 20 13
22.005 4.6015 -1.5294 40 17 0
21.999 4.6083 -1.5539 45 22 14
22.104 4.6631 -1.5657 30 18 6
22.075 4.6417 -1.5598 44 18 3
21.926 4.63 -1.5557 40 17 9
21.915 4.6551 -1.5402 41 16 9
22.129 4.6539 -1.554 30 13 6
22.108 4.606 -1.5618 46 21 0
21.938 4.6226 -1.5376 46 20 3
22.045 4.6206 -1.5468 48 20 6
21.908 4.6615 -1.5593 48 20 19
22.067 4.5865 -1.5437 42 18 4
22.02 4.5688 -1.5205 45 19 4
22.003 4.5771 -1.5363 41 17 3
22.052 4.5326 -1.5295 43 18 11
22.052 4.5384 -1.5561 43 17 2
22.031 4.548 -1.5732 45 17 13
21.868 4.4859 -1.5197 53 22 12
22.069 4.5039 -1.5495 40 15 10
21.826 4.5002 -1.5147 53 22 12
22.019 4.4879 -1.5239 34 16 0
22.011 4.526 -1.5656 43 18 11
21.916 4.5002 -1.5453 52 21 11
21.911 4.5066 -1.5701 48 17 5
22.005 4.5215 -1.533 42 19 3
21.895 4.4504 -1.5228 44 19 12
21.892 4.4561 -1.5489 51 16 10
21.967 4.4282 -1.5457 50 21 0
21.849 4.4468 -1.5541 54 23 15
21.869 4.4122 -1.5529 49 21 8
21.895 4.4256 -1.5338 44 20 10
21.962 4.4602 -1.5626 39 15 11
21.807 4.4521 -1.4952 54 24 10
22.048 4.4245 -1.5386 30 20 18
21.847 4.4715 -1.5425 53 20 13
22.009 4.3554 -1.5417 48 13 11
22.024 4.3194 -1.5317 46 18 4
21.841 4.3947 -1.5393 50 24 7
21.863 4.4087 -1.5208 54 23 11
21.855 4.2805 -1.5402 50 21 17
21.848 4.3082 -1.5235 51 20 8
21.841 4.2807 -1.5023 41 22 16
21.789 4.3313 -1.5064 56 23 14
21.872 4.3263 -1.532 31 24 16
21.796 4.3043 -1.5197 48 22 7
21.901 4.2868 -1.5377 41 19 19
21.95 4.288 -1.505 48 17 7
21.976 4.3066 -1.5106 51 20 10
21.803 4.2471 -1.5208 52 23 2
21.883 4.236 -1.5174 52 20 8
21.939 4.1807 -1.5094 43 16 0
21.952 4.176 -1.5188 43 16 0
21.897 4.2003 -1.5087 47 20 9
21.85 4.2219 -1.5015 41 20 15
21.837 4.2308 -1.5186 49 23 8
21.872 4.2444 -1.5357 50 22 8
21.845 4.2582 -1.5415 49 18 8
21.771 4.2337 -1.5051 53 22 10
22.028 4.1762 -1.563 36 23 14
21.728 4.2534 -1.5024 52 21 9
21.833 4.2064 -1.5262 50 19 7
21.951 4.0897 -1.5194 41 18 10
21.803 4.166 -1.5249 48 22 5
21.841 4.1728 -1.5172 48 21 10
21.877 4.1856 -1.5315 45 21 19
21.886 4.1781 -1.5072 48 23 1
21.829 4.1514 -1.5162 48 20 7
21.699 4.1867 -1.4816 53 22 10
21.78 4.2049 -1.5241 49 22 5
21.751 4.1615 -1.4931 50 22 9
21.961 4.1451 -1.5349 43 20 4
21.788 4.1977 -1.5035 51 22 0
21.733 4.2269 -1.5106 55 25 11
21.765 4.1005 -1.4985 48 21 12
21.715 4.1552 -1.5017 53 26 9
21.876 4.0933 -1.4779 39 14 10
21.861 4.0534 -1.5437 47 21 6
21.786 4.0311 -1.4785 36 25 3
21.841 3.9767 -1.532 46 19 8
21.78 4.0372 -1.5031 43 14 8
21.76 4.0202 -1.4999 42 18 8
21.782 4.0661 -1.5214 46 22 8
21.818 4.046 -1.5193 53 27 26
21.861 4.0222 -1.5269 39 24 3
21.793 3.9462 -1.5173 43 19 9
21.744 4.0017 -1.4968 41 20 1
21.73 3.9558 -1.5064 42 23 7
21.78 3.9531 -1.5071 43 19 9
21.766 3.9336 -1.5057 42 22 11
21.735 3.9801 -1.4984 40 22 2
21.792 3.9743 -1.5053 47 19 15
21.871 3.8446 -1.5685 40 21 7
21.794 3.8566 -1.4927 49 21 10
21.76 3.9091 -1.5138 41 21 0
21.657 3.9379 -1.416 37 27 18
21.641 3.9551 -1.4833 40 23 15
21.779 3.8711 -1.5388 38 18 0
21.759 3.8522 -1.5047 55 25 9
21.647 3.8431 -1.5034 44 25 11
21.713 3.8517 -1.4798 54 22 9
21.629 3.8528 -1.4579 58 27 17
21.745 3.8028 -1.4846 51 23 19
21.746 3.8294 -1.4768 52 21 9
21.762 3.8478 -1.4791 54 28 3
21.64 3.8742 -1.4874 44 27 17
21.831 3.7756 -1.5128 44 20 8
21.625 3.8837 -1.4746 44 27 17
21.643 3.8994 -1.4753 51 23 9
21.689 3.8122 -1.4804 53 22 14
21.737 3.8095 -1.5088 54 22 17
21.718 3.8234 -1.5249 54 24 10
21.702 3.7465 -1.4853 56 25 17
21.762 3.7607 -1.4843 55 25 11
21.778 3.7198 -1.4774 42 26 9
21.713 3.7667 -1.4843 54 24 8
21.727 3.7556 -1.4664 55 25 9
21.805 3.6736 -1.5054 41 29 5
21.747 3.7141 -1.4922 57 28 7
21.641 3.8204 -1.5085 46 22 10
21.728 3.7855 -1.4835 55 25 7
21.612 3.7 -1.4822 56 26 8
21.696 3.7208 -1.4619 56 28 17
21.782 3.6596 -1.5018 46 31 2
21.706 3.6859 -1.4797 61 28 21
21.608 3.7318 -1.4973 50 28 4
21.726 3.6409 -1.4796 57 29 0
21.588 3.7738 -1.467 52 27 5
21.683 3.7027 -1.4938 59 28 18
21.701 3.7214 -1.5209 56 29 18
21.706 3.7159 -1.4971 57 26 18
21.718 3.6163 -1.4554 46 29 12
21.717 3.6189 -1.4821 56 25 7
21.586 3.6648 -1.4809 56 26 10
21.685 3.5849 -1.4772 59 27 14
21.69 3.6097 -1.4726 54 22 7
21.622 3.6657 -1.4989 58 27 6
21.575 3.6446 -1.485 54 24 10
21.676 3.5615 -1.4544 58 26 3
21.708 3.5063 -1.4606 49 23 8
21.631 3.571 -1.4829 55 27 13
21.564 3.6269 -1.4829 55 22 13
21.712 3.5625 -1.4729 56 24 11
21.678 3.5619 -1.5131 51 25 8
21.594 3.6287 -1.4736 57 25 12
21.59 3.5766 -1.4874 61 29 4
21.764 3.4905 -1.4961 52 26 1
21.684 3.5262 -1.4703 54 23 11
21.608 3.5899 -1.4935 54 20 11
21.666 3.5117 -1.4663 54 25 3
21.748 3.4433 -1.5023 52 23 1
21.675 3.4745 -1.4846 52 23 0
21.55 3.5241 -1.4888 48 24 0
21.674 3.4746 -1.4567 54 25 4
21.646 3.3795 -1.4744 41 20 3
21.571 3.4177 -1.4831 50 23 2
21.666 3.3612 -1.5215 41 17 17
21.593 3.4276 -1.4892 48 21 14
21.557 3.4613 -1.4837 52 23 2
21.633 3.4211 -1.5137 46 23 5
21.579 3.4698 -1.4937 52 23 1
21.541 3.4458 -1.4841 51 21 3
21.715 3.2843 -1.4861 42 20 0
21.619 3.3729 -1.4404 43 20 2
21.624 3.3701 -1.4935 34 18 1
21.555 3.283 -1.4688 47 20 3
21.541 3.2662 -1.494 46 15 5
21.54 3.2677 -1.4663 46 19 2
21.509 3.2709 -1.4491 44 16 13
21.513 3.2339 -1.4927 45 23 0
21.598 3.1803 -1.4374 43 20 4
21.524 3.2237 -1.4737 43 19 5
21.437 3.3463 -1.4128 44 13 3
21.619 3.1246 -1.4682 41 20 0
21.585 3.1592 -1.4713 38 19 3
21.489 3.2274 -1.4862 47 21 4
21.503 3.1841 -1.4524 40 16 2
21.47 3.2509 -1.4394 45 18 0
21.625 3.052 -1.469 43 11 8
21.685 3.0542 -1.4928 40 12 0
21.498 3.1879 -1.4775 47 20 3
21.483 3.1751 -1.4474 48 16 13
21.54 3.175 -1.4734 44 16 5
21.41 3.2858 -1.4245 44 17 0
21.634 3.0103 -1.4828 43 9 18
21.962 5.2679 -1.5481 31 27 16
22.025 5.2876 -1.6188 29 27 14
21.984 5.2999 -1.5815 17 22 2
21.967 5.2024 -1.5553 39 16 0
21.993 5.227 -1.5671 21 13 2
22.01 5.2014 -1.56 40 19 0
21.85 5.122 -1.5574 41 17 7
22.011 5.1814 -1.5716 42 11 0
21.989 5.1586 -1.5687 38 16 5
21.984 5.1374 -1.5744 41 4 9
21.916 5.1355 -1.5461 34 11 17
21.949 5.1593 -1.5589 39 16 10
21.981 5.1516 -1.6229 38 15 7
21.96 5.1813 -1.5596 41 11 9
21.963 5.1144 -1.5683 39 14 9
21.915 5.1161 -1.5586 31 4 0
21.857 5.1039 -1.5755 39 14 7
21.989 5.0394 -1.5601 20 12 1
20.965 4.9291 -0.86771 32 15 0
21.968 5.0173 -1.5569 43 16 5
21.829 5.0087 -1.5425 37 15 4
22.003 5.0484 -1.6018 14 14 2
21.901 5.0537 -1.4907 38 12 0
21.889 5.0058 -1.5633 28 18 17
21.934 5.0223 -1.5602 41 23 3
20.95 4.9323 -0.87177 18 14 11
21.948 4.946 -1.5467 49 17 2
21.924 4.9521 -1.5566 47 14 5
21.94 4.9945 -1.5452 43 16 0
21.932 4.9794 -1.5734 44 18 3
21.96 5.0026 -1.5876 40 20 9
21.87 4.9085 -1.5329 47 22 0
21.788 4.9265 -1.5471 49 19 3
21.863 4.9218 -1.5836 51 16 22
21.912 4.9025 -1.539 52 22 4
21.79 4.9003 -1.5352 48 20 16
21.839 4.8795 -1.5835 50 20 4
21.909 4.9305 -1.5545 48 16 4
21.934 4.9242 -1.5454 48 21 4
21.925 4.8805 -1.556 52 23 2
21.856 4.9217 -1.5784 51 16 22
21.745 4.8396 -1.5273 49 24 19
21.833 4.8312 -1.5759 50 23 2
21.868 4.8601 -1.5261 50 19 0
21.852 4.7682 -1.5256 49 22 11
21.753 4.7714 -1.5399 55 24 16
21.768 4.7647 -1.5266 50 22 11
21.919 4.8089 -1.5581 41 12 0
21.806 4.8049 -1.5373 49 20 14
21.776 4.8121 -1.5391 53 26 15
21.783 4.7849 -1.5288 50 23 14
21.837 4.7912 -1.5074 53 24 0
21.848 4.7907 -1.5159 53 24 0
21.773 4.7913 -1.5475 51 24 13
21.717 4.7112 -1.54 34 26 13
21.913 4.7358 -1.5586 49 22 15
21.848 4.6967 -1.5282 47 25 2
21.766 4.7004 -1.5541 53 29 3
21.788 4.6925 -1.547 43 24 8
21.738 4.6821 -1.5429 49 22 1
21.849 4.6461 -1.5257 45 23 2
21.724 4.662 -1.5396 47 25 14
21.698 4.6442 -1.5283 43 21 10
21.797 4.6415 -1.5488 45 17 16
21.764 4.6732 -1.5355 47 20 1
21.753 4.6307 -1.5472 43 18 13
21.745 4.654 -1.5322 45 22 14
21.728 4.6127 -1.5404 44 27 1
21.691 4.575 -1.5286 42 25 8
21.763 4.6242 -1.533 45 23 0
21.729 4.5852 -1.5237 48 24 14
21.756 4.6197 -1.4958 45 20 0
21.763 4.6018 -1.542 44 21 13
21.738 4.5888 -1.5568 41 22 8
21.809 4.5322 -1.5179 52 21 0
21.726 4.536 -1.5162 43 20 12
21.712 4.5438 -1.5311 43 21 10
21.686 4.5269 -1.5216 39 19 8
21.737 4.5613 -1.5409 37 19 7
21.878 4.5238 -1.5976 44 15 0
21.685 4.5541 -1.5335 43 23 12
21.739 4.5561 -1.5175 47 22 2
21.733 4.4375 -1.5361 44 24 0
21.719 4.4692 -1.5415 42 22 13
21.674 4.4577 -1.5137 43 21 10
21.775 4.4929 -1.5155 53 18 12
21.883 4.4437 -1.606 41 18 2
21.733 4.461 -1.5276 42 24 2
21.706 4.3747 -1.5455 44 20 10
21.773 4.4226 -1.5423 32 20 6
21.663 4.4421 -1.5399 46 24 0
21.697 4.4007 -1.5297 44 23 4
21.799 4.3865 -1.5447 49 18 6
21.663 4.4149 -1.5268 45 20 0
21.882 4.3887 -1.6035 49 20 0
21.711 4.4203 -1.5308 43 18 11
21.763 4.377 -1.5585 46 21 0
21.712 4.4154 -1.5042 50 23 6
21.659 4.439 -1.5129 43 21 6
21.649 4.3961 -1.5242 50 26 16
21.737 4.3278 -1.502 48 22 8
21.635 4.3774 -1.5207 48 26 13
21.722 4.3654 -1.5328 49 22 11
21.668 4.3351 -1.5084 43 23 0
21.688 4.3326 -1.5536 43 16 7
21.721 4.3131 -1.527 51 21 3
21.711 4.3406 -1.5087 49 22 5
21.621 4.3317 -1.5063 48 21 10
21.66 4.3458 -1.5584 58 28 12
21.72 4.3418 -1.542 43 19 7
21.753 4.3512 -1.5322 40 16 2
21.653 4.3676 -1.511 45 23 10
21.636 4.3185 -1.4667 49 25 0
21.709 4.297 -1.555 49 22 3
21.718 4.1828 -1.5226 32 22 0
21.575 4.2289 -1.4929 50 24 10
21.682 4.2299 -1.5363 44 27 10
21.66 4.2139 -1.5291 48 19 11
21.655 4.2124 -1.4981 48 23 1
21.644 4.1927 -1.4979 47 22 0
21.655 4.188 -1.5073 47 22 0
21.655 4.2197 -1.5506 52 26 11
21.681 4.2261 -1.5112 49 22 1
21.703 4.214 -1.498 40 24 7
21.639 4.1985 -1.5214 48 22 8
21.649 4.2183 -1.521 48 19 11
21.635 4.252 -1.5224 30 21 6
21.635 4.172 -1.5014 48 23 1
21.602 4.19 -1.4983 49 25 13
21.653 4.1359 -1.5005 48 21 2
21.685 4.1249 -1.5542 46 25 8
21.631 4.1247 -1.5161 47 26 9
21.624 4.1559 -1.5273 53 25 14
21.698 4.1409 -1.5267 41 19 0
21.682 4.1729 -1.5033 48 22 8
21.594 4.0683 -1.5167 42 23 9
21.686 4.0436 -1.5621 44 21 3
21.675 4.0751 -1.5403 37 20 0
21.662 4.0846 -1.558 45 21 9
21.572 4.1038 -1.4902 45 23 10
21.558 4.1135 -1.5062 44 22 11
21.67 4.103 -1.5244 45 23 8
21.638 3.9879 -1.5252 52 21 3
21.631 4.0206 -1.5337 39 21 7
21.672 3.9668 -1.5255 50 19 0
21.531 4.0711 -1.4243 30 15 0
21.591 3.9355 -1.4878 55 23 0
21.493 3.9762 -1.491 52 23 17
21.581 3.9435 -1.5063 56 24 12
21.618 3.9714 -1.4875 49 16 0
21.633 3.9335 -1.488 53 22 10
21.549 3.965 -1.506 38 20 8
21.6 3.9554 -1.4857 52 21 1
21.618 3.8708 -1.5883 45 31 5
21.568 3.8723 -1.4992 52 24 10
21.574 3.8941 -1.494 47 23 0
21.534 3.9469 -1.4751 52 21 13
21.62 3.8892 -1.4962 47 22 0
21.519 3.958 -1.4883 35 19 2
21.608 3.8991 -1.5138 51 22 0
21.554 3.8825 -1.5178 56 27 23
21.608 3.8706 -1.497 49 20 0
21.436 3.9611 -1.4347 42 28 2
21.624 3.9133 -1.4894 51 20 10
21.516 3.9581 -1.4583 52 21 13
21.461 3.9714 -1.4728 48 26 11
21.62 3.8365 -1.5151 48 27 0
21.536 3.8692 -1.5078 54 28 14
21.488 3.9025 -1.4923 48 24 10
21.566 3.8452 -1.4826 51 25 0
21.6 3.7952 -1.5245 53 26 7
21.627 3.8028 -1.5064 48 26 5
21.608 3.7888 -1.4988 37 27 2
21.494 3.8479 -1.5174 50 25 20
21.484 3.8804 -1.4972 49 29 22
21.553 3.7468 -1.4857 53 28 8
21.581 3.7536 -1.4972 53 28 6
21.586 3.7206 -1.4878 53 26 9
21.443 3.8586 -1.4798 50 27 9
21.558 3.796 -1.47 49 29 2
21.533 3.7072 -1.4607 53 24 0
21.473 3.7299 -1.5002 50 24 10
21.547 3.6973 -1.5012 52 29 0
21.556 3.6613 -1.494 54 24 8
21.43 3.7374 -1.4707 51 24 13
21.535 3.7326 -1.4837 53 26 7
21.579 3.6989 -1.4914 52 23 17
21.53 3.6835 -1.4962 59 27 12
21.492 3.7144 -1.4872 48 26 11
21.433 3.7349 -1.4736 51 24 13
21.588 3.5782 -1.5168 54 26 0
21.438 3.6768 -1.3922 54 24 0
21.532 3.6536 -1.4818 57 27 11
21.532 3.6247 -1.4962 55 25 0
21.509 3.6468 -1.5544 35 18 11
21.469 3.6506 -1.4475 55 21 12
21.561 3.4853 -1.5093 55 24 3
21.422 3.5846 -1.4439 33 20 14
21.531 3.514 -1.5064 50 22 11
21.501 3.4834 -1.4759 51 22 0
21.533 3.4832 -1.492 54 25 4
21.414 3.5356 -1.4912 39 24 1
21.415 3.5624 -1.5061 39 20 3
21.417 3.5875 -1.4731 42 18 16
21.398 3.5232 -1.4856 37 23 12
21.392 3.5022 -1.4887 39 22 2
