1224
0.40829 0.34035 0.62536 0.5713 17.955 15.63 -0.040171
16.577 11.897 -0.61086 82 57 25
16.553 11.818 -0.66621 81 57 29
16.544 11.809 -0.62528 82 57 25
16.537 11.889 -0.65785 94 68 28
18.254 12.213 -0.80179 70 50 23
16.618 12.051 -0.7902 66 47 13
17.266 14.118 -0.39951 74 43 22
16.627 12.17 -0.80924 91 65 40
17.292 14.137 -0.39282 88 60 29
16.217 12.382 -0.83428 89 47 7
16.424 12.838 -0.69829 81 37 8
15.655 11.996 -0.82891 103 59 20
15.731 12.183 -0.79519 103 60 25
15.852 12.432 -0.74829 103 60 18
15.555 12.061 -0.68358 112 61 14
15.694 12.328 -0.63486 136 86 49
15.302 12.01 -0.77235 114 68 25
15.351 12.016 -0.76349 106 62 23
15.515 12.304 -0.67379 104 56 16
18.567 13.582 -0.64928 69 43 26
18.443 13.905 -0.51767 55 35 10
17.279 14.104 -0.4171 86 59 22
17.243 14.063 -0.42998 75 43 18
16.328 12.708 -0.8332 83 45 0
16.345 12.682 -0.8015 80 40 15
16.324 12.647 -0.77416 81 45 5
16.329 12.714 -0.79865 77 40 6
16.311 12.86 -0.77961 84 41 7
16.334 12.784 -0.78637 79 40 19
16.301 12.84 -0.82035 95 53 13
16.319 12.748 -0.85834 104 64 26
16.301 12.731 -0.76575 79 39 11
16.296 12.783 -0.7626 82 45 1
16.282 12.749 -0.83707 88 48 10
16.328 12.718 -0.76299 78 41 0
16.306 12.729 -0.83175 78 42 4
16.294 12.774 -0.79777 83 41 1
16.237 12.797 -0.77154 85 42 0
16.237 12.793 -0.8066 85 44 14
16.211 12.746 -0.85423 89 52 16
16.232 13.304 -0.75656 66 36 0
16.111 13.228 -0.73743 93 47 8
15.921 12.981 -0.77613 100 52 14
16.097 13.25 -0.73684 82 41 19
16.174 13.421 -0.72774 77 40 0
16.058 13.239 -0.74739 79 43 1
15.902 13.001 -0.77836 96 49 15
16.195 13.412 -0.72688 81 38 4
18.417 11.774 -1.2736 92 64 33
17.622 11.952 -1.4434 68 43 11
16.28 12.587 -1.0851 90 50 22
16.253 12.531 -1.1392 94 59 39
16.324 12.602 -1.0726 84 47 1
16.145 12.409 -1.1493 87 50 6
16.271 12.631 -1.1116 90 57 22
16.046 12.311 -1.153 122 69 9
16.257 12.675 -1.0687 85 46 13
16.15 12.557 -1.0768 118 63 15
16.258 12.791 -1.0717 85 46 13
16.268 12.803 -1.1041 79 43 3
16.134 12.708 -1.0829 96 50 11
16.233 12.917 -1.0482 88 44 5
16.193 12.737 -1.1383 83 44 3
16.305 12.976 -1.0532 92 49 4
16.229 12.806 -1.0432 91 50 22
16.212 12.774 -1.0906 88 45 3
15.947 12.542 -1.05 102 54 16
15.983 12.594 -1.0706 103 58 11
16.13 12.865 -1.0873 79 46 3
16.062 12.821 -1.0403 98 50 10
16.11 12.841 -1.0284 105 55 18
16.169 12.87 -1.0739 87 45 5
15.958 12.613 -1.0717 92 47 14
16.084 12.848 -1.0997 59 28 0
16.081 12.846 -1.068 80 41 0
16.111 12.842 -1.0261 105 55 18
16.099 12.821 -1.0717 90 44 3
16.003 12.888 -1.0414 79 39 12
16.07 12.88 -1.0601 80 43 0
15.875 12.655 -1.1196 85 45 10
15.995 12.874 -1.0796 73 44 20
15.994 12.821 -1.0913 80 38 0
16.055 12.862 -1.0345 91 47 12
16.396 13.516 -0.84577 72 44 5
16.182 13.27 -0.8917 77 39 3
16.216 13.317 -0.84736 81 43 7
16.359 13.47 -0.81004 84 43 13
16.233 13.342 -0.81097 77 38 15
16.192 13.281 -0.91302 68 37 7
15.917 12.818 -1.0782 81 46 1
16.257 13.412 -0.82033 81 41 3
16.18 13.35 -0.82147 83 51 26
16.182 13.355 -0.79084 80 40 13
16.183 13.316 -0.82671 82 42 17
16.233 13.344 -0.78312 72 34 0
16.21 13.316 -0.76404 72 36 0
16.148 13.345 -0.85475 95 58 26
16.18 13.353 -0.76388 84 42 0
16.219 13.366 -0.7546 76 38 1
16.25 13.398 -0.87802 79 41 2
16.193 13.332 -0.79439 74 34 9
16.157 13.359 -0.82494 84 55 31
16.165 13.407 -0.78611 80 49 19
16.168 13.411 -0.81232 88 60 23
16.169 13.45 -0.75127 76 36 18
16.189 13.403 -0.75421 80 40 15
16.146 13.42 -0.78603 66 35 14
16.136 13.407 -0.82088 54 25 1
16.171 13.416 -0.75666 78 40 1
16.175 13.458 -0.72094 80 40 2
16.179 13.464 -0.71993 80 40 2
16.164 13.37 -0.79249 84 49 20
16.152 13.462 -0.80799 59 32 0
16.143 13.452 -0.78345 84 50 25
18.115 11.884 -1.6205 75 46 22
18.08 12.208 -1.5692 81 50 29
18.13 11.952 -1.6749 80 48 23
18.156 12.165 -1.5715 76 48 21
18.16 12.106 -1.5981 76 48 21
18.074 11.899 -1.619 75 45 9
18.146 12.054 -1.5365 76 47 25
18.08 11.997 -1.6263 78 46 21
18.115 12.075 -1.5773 77 46 28
18.024 11.94 -1.5674 71 47 19
17.986 11.876 -1.6094 75 45 21
18.064 11.972 -1.5535 74 44 26
17.992 12.102 -1.5598 76 46 18
17.936 11.859 -1.5783 75 44 24
17.945 11.901 -1.611 73 48 18
17.865 11.963 -1.6041 75 47 8
17.863 12.205 -1.463 72 48 20
17.945 11.905 -1.6074 73 48 18
17.839 12.141 -1.582 79 47 24
17.879 12.236 -1.5284 74 43 23
17.754 12.137 -1.5601 74 43 25
17.815 11.896 -1.6019 76 47 23
17.745 12.121 -1.527 71 44 23
17.8 12.317 -1.4776 74 46 19
17.744 12.104 -1.5342 71 44 23
17.799 12.104 -1.602 77 48 17
17.694 11.95 -1.6053 75 50 18
17.578 12.314 -1.5265 74 47 10
17.603 12.187 -1.5766 73 43 17
17.549 12.184 -1.506 75 47 18
17.468 12.159 -1.5427 72 43 11
17.448 12.246 -1.5459 70 45 15
17.446 12.052 -1.5384 71 45 22
17.444 12.04 -1.5423 71 45 22
17.498 12.145 -1.4943 71 46 23
17.421 11.928 -1.5529 73 46 13
17.417 12.082 -1.5825 73 44 22
17.483 12.215 -1.5558 71 45 22
17.162 12.064 -1.6034 73 45 16
17.169 12.065 -1.647 73 45 16
17.159 12.018 -1.6699 73 45 16
17.191 12.339 -1.5315 79 49 25
17.267 12.341 -1.5195 73 43 19
17.271 12.358 -1.5086 73 43 19
17.116 12.047 -1.629 75 46 15
17.123 12.241 -1.5467 75 45 17
17.032 12.22 -1.5328 72 44 13
16.981 12.202 -1.5061 69 42 21
17.033 12.247 -1.4818 71 44 11
16.97 12.164 -1.524 71 44 23
16.955 12.23 -1.5498 71 43 12
16.996 12.233 -1.5358 69 45 11
17.024 12.168 -1.5993 73 44 10
16.799 12.029 -1.5703 70 42 15
16.819 12.073 -1.5958 72 43 21
16.863 12.333 -1.486 72 43 21
16.818 12.198 -1.5553 73 44 22
16.801 12.282 -1.4784 68 41 24
16.721 12.262 -1.5447 72 45 10
16.698 12.12 -1.5224 68 42 19
16.776 12.104 -1.5075 67 43 17
16.855 12.426 -1.4634 72 45 12
16.821 12.449 -1.419 70 40 14
16.858 12.554 -1.3676 70 40 14
16.769 12.063 -1.564 69 40 16
16.711 12.034 -1.5459 65 43 19
16.799 12.387 -1.4495 70 40 14
16.716 12.135 -1.5951 71 44 9
16.593 12.078 -1.5196 64 40 12
16.714 12.273 -1.4634 68 41 22
16.624 12.045 -1.5147 63 40 6
16.535 12.035 -1.5442 62 38 12
16.688 12.309 -1.4574 65 40 17
16.659 12.337 -1.4576 73 44 13
16.722 12.282 -1.5024 73 45 6
16.473 12.089 -1.5362 62 36 11
16.593 12.257 -1.5421 71 42 11
16.566 12.302 -1.4932 71 42 11
16.454 12.405 -1.4795 71 42 11
16.473 12.271 -1.5225 69 41 14
16.334 12.318 -1.5321 72 44 17
16.421 12.417 -1.4756 71 43 3
16.213 12.765 -1.1603 90 58 19
16.199 12.86 -1.1064 84 44 9
16.073 12.655 -1.2197 83 56 23
16.194 12.906 -1.0957 84 48 0
16.295 12.956 -1.094 95 49 6
16.114 12.834 -1.1274 82 50 9
16.049 12.792 -1.1556 61 35 10
15.996 12.709 -1.2246 67 34 3
15.919 12.589 -1.3118 79 36 20
16.366 13.218 -1.0144 80 52 23
15.962 12.825 -1.1324 54 31 13
16.058 12.86 -1.1024 77 40 6
15.873 12.581 -1.2812 75 39 13
16.051 12.9 -1.0943 66 31 0
15.735 12.374 -1.4071 77 41 0
15.867 12.576 -1.2476 80 43 11
15.9 12.625 -1.2272 82 45 13
16.17 13.248 -0.9881 69 39 15
16.174 13.252 -1.0164 75 38 6
16.211 13.339 -1.0145 77 40 4
16.216 13.344 -1.0415 75 32 0
16.266 13.417 -0.89867 74 33 1
16.098 13.147 -1.091 77 39 2
16.234 13.374 -0.94439 78 37 19
16.176 13.257 -0.95077 72 44 7
16.206 13.334 -0.98872 78 39 8
16.235 13.368 -1.0603 72 35 0
16.19 13.35 -1.0775 80 41 8
16.155 13.382 -1.0467 83 46 2
16.185 13.344 -1.0504 84 43 15
16.176 13.371 -1.0455 87 44 0
15.906 13.154 -1.1284 83 41 1
15.884 13.089 -1.0877 110 59 12
16.11 13.401 -1.0515 78 37 15
15.997 13.227 -1.0608 109 55 0
15.943 13.202 -1.0493 108 56 19
15.85 13.086 -1.1588 83 41 1
16.132 13.392 -1.0495 82 40 0
15.973 13.237 -1.0633 100 52 16
18.292 12.073 -1.6639 84 54 26
18.17 12.325 -1.6151 78 48 30
18.16 12.23 -1.5819 77 48 27
18.219 12.04 -1.7036 78 49 27
18.14 12.612 -1.5947 82 51 30
18.175 12.129 -1.6696 78 47 26
18.171 12.429 -1.6039 78 46 23
18.133 12.618 -1.5564 80 49 28
18.195 12.551 -1.5342 79 53 13
18.18 12.417 -1.6479 78 48 22
18.24 12.324 -1.5928 75 46 24
18.18 12.508 -1.6381 83 54 30
18.128 12.152 -1.6241 77 51 26
18.133 12.208 -1.6377 77 51 26
18.053 12.613 -1.5016 77 45 22
18.069 12.396 -1.6492 80 50 24
18.136 12.422 -1.6111 77 46 26
18.099 12.638 -1.5554 83 52 32
18.072 12.505 -1.6315 80 50 24
18.099 12.322 -1.6418 77 48 16
18.092 12.638 -1.5227 80 51 20
18.033 12.643 -1.5677 80 49 29
18.107 12.62 -1.5992 83 53 29
18.085 12.282 -1.5739 77 50 29
18.028 12.576 -1.5686 75 44 23
18.129 12.417 -1.5769 78 49 27
18.003 12.537 -1.635 79 50 26
17.961 12.61 -1.5713 78 49 28
17.94 12.438 -1.5399 78 46 23
18.046 12.133 -1.6177 75 50 18
17.984 12.269 -1.6536 80 49 29
17.947 12.567 -1.5152 79 50 19
17.955 12.506 -1.5845 80 49 18
18.017 12.43 -1.5634 78 47 19
17.977 12.234 -1.628 79 48 27
17.969 12.518 -1.6538 79 48 27
18.028 12.58 -1.5671 75 44 23
18.024 12.458 -1.5876 74 45 23
17.996 12.526 -1.606 80 48 23
17.99 12.462 -1.5994 81 50 29
17.887 12.57 -1.5702 78 48 22
17.849 12.205 -1.5922 76 47 25
17.886 12.163 -1.6045 76 46 28
17.928 12.603 -1.5788 78 49 28
17.877 12.433 -1.6045 78 48 20
17.92 12.498 -1.5976 82 50 25
17.853 12.591 -1.5671 77 49 20
17.865 12.742 -1.5272 76 51 21
17.845 12.547 -1.56 77 46 28
17.802 12.646 -1.4398 75 47 20
17.801 12.489 -1.5593 74 45 21
17.796 12.531 -1.4959 76 47 26
17.822 12.481 -1.6738 78 48 24
17.767 12.507 -1.5524 77 48 24
17.745 12.6 -1.5547 75 47 18
17.736 12.557 -1.5405 76 46 22
17.816 12.14 -1.673 73 47 22
17.808 12.473 -1.602 78 47 16
17.815 12.48 -1.6358 75 46 22
17.75 12.575 -1.6043 75 47 20
17.832 12.361 -1.611 75 47 20
17.689 12.494 -1.5462 77 48 26
17.679 12.284 -1.6867 75 46 24
17.692 12.77 -1.4864 74 45 24
17.633 12.345 -1.5829 73 44 22
17.652 12.693 -1.534 71 45 22
17.725 12.699 -1.5453 75 48 29
17.651 12.462 -1.567 74 45 21
17.663 12.518 -1.5796 74 45 11
17.649 12.596 -1.6234 74 49 27
17.664 12.525 -1.5766 74 45 11
17.726 12.712 -1.5395 75 48 29
17.675 12.406 -1.5481 75 48 13
17.694 12.723 -1.5423 80 51 27
17.697 12.419 -1.6561 74 44 16
17.721 12.439 -1.5635 75 46 22
17.582 12.491 -1.5687 74 46 19
17.557 12.523 -1.6032 75 46 12
17.54 12.496 -1.5468 72 43 22
17.596 12.78 -1.5085 75 45 27
17.614 12.22 -1.603 74 45 24
17.605 12.633 -1.5389 75 45 17
17.605 12.572 -1.6116 74 45 21
17.534 12.391 -1.632 75 46 14
17.613 12.641 -1.574 74 45 21
17.577 12.883 -1.4612 77 48 24
17.628 12.521 -1.5866 74 45 24
17.554 12.365 -1.5573 72 43 19
17.43 12.481 -1.5708 71 43 14
17.475 12.536 -1.5375 73 44 23
17.527 12.493 -1.4685 73 47 24
17.511 12.868 -1.4846 78 50 21
17.531 12.633 -1.5192 73 45 5
17.445 12.172 -1.6241 72 48 22
17.491 12.398 -1.5992 72 44 17
17.449 12.409 -1.5573 76 47 23
17.46 12.587 -1.6001 69 42 23
17.516 12.683 -1.5796 72 46 23
17.503 12.636 -1.5648 71 43 14
17.515 12.404 -1.512 73 47 24
17.476 12.499 -1.5963 67 41 14
17.366 12.647 -1.5931 77 47 23
17.365 12.67 -1.5479 70 40 14
17.418 12.547 -1.6249 71 42 18
17.421 12.788 -1.4749 74 44 16
17.401 12.646 -1.587 76 47 23
17.275 12.151 -1.6341 75 46 24
17.306 12.769 -1.4426 75 46 15
17.28 12.597 -1.5966 76 47 15
17.272 12.563 -1.6148 76 47 15
17.343 12.729 -1.525 77 46 18
17.252 12.658 -1.5378 77 47 23
17.33 12.969 -1.4131 76 47 15
17.303 12.481 -1.4859 77 49 20
17.303 12.569 -1.5679 74 43 22
17.346 12.719 -1.5632 77 48 26
17.297 12.702 -1.5097 73 44 13
17.166 12.343 -1.6266 75 45 21
17.124 12.498 -1.5235 76 46 20
17.09 12.324 -1.6908 74 45 13
17.169 12.384 -1.5659 81 50 19
17.159 12.612 -1.5083 74 44 16
17.175 12.51 -1.5846 72 43 19
17.203 12.471 -1.5998 71 44 1
17.172 12.616 -1.5793 76 47 13
17.075 12.337 -1.5567 74 49 19
17.157 12.695 -1.547 76 45 24
17.196 12.618 -1.4957 76 46 18
17.06 12.125 -1.6457 72 49 18
17.144 12.667 -1.5272 76 44 23
17.045 12.585 -1.5487 77 49 10
17.111 12.566 -1.5343 74 45 23
17.044 12.436 -1.6549 75 45 21
17.075 12.623 -1.4124 73 45 16
16.999 12.339 -1.583 76 48 21
17.019 12.389 -1.5953 76 46 22
17.004 12.485 -1.5211 78 50 23
17.138 12.643 -1.5396 76 44 23
17.076 12.771 -1.53 82 51 31
17.112 12.778 -1.5232 79 51 24
17.101 12.656 -1.5078 75 45 19
17.031 12.292 -1.6264 80 52 25
17.112 12.656 -1.5748 78 47 19
17.002 12.678 -1.5174 77 48 26
16.963 12.571 -1.5298 77 47 21
16.976 12.498 -1.561 75 47 20
16.993 12.84 -1.4858 74 48 21
17.032 12.754 -1.5179 77 47 21
16.973 12.71 -1.4718 74 47 10
17.036 12.673 -1.5149 78 50 13
17.049 12.7 -1.5374 78 49 25
16.978 12.71 -1.5111 79 50 19
17.003 12.771 -1.5155 79 49 21
16.896 12.495 -1.5424 76 49 16
17.017 12.691 -1.5861 81 52 30
16.889 12.672 -1.5108 77 48 16
16.816 12.583 -1.5274 75 47 20
16.8 12.451 -1.5439 77 47 21
16.89 12.601 -1.4634 73 44 22
16.949 12.812 -1.5133 78 50 23
16.805 12.478 -1.4892 76 45 24
16.899 12.599 -1.5394 72 47 15
16.803 12.473 -1.4908 76 45 24
16.82 12.593 -1.5232 75 47 20
16.79 12.425 -1.5555 77 47 21
16.966 12.777 -1.4848 78 49 18
16.842 12.555 -1.5329 73 45 14
16.926 12.841 -1.5052 78 48 24
16.884 12.74 -1.523 75 47 16
16.763 12.54 -1.5573 71 42 2
16.818 12.75 -1.53 76 47 23
16.753 12.427 -1.5594 76 46 22
16.856 12.759 -1.5193 79 48 20
16.803 12.722 -1.5079 77 45 22
16.894 12.871 -1.4285 77 46 16
16.637 12.677 -1.5315 77 47 13
16.71 12.763 -1.4772 75 44 13
16.688 12.722 -1.4627 77 48 17
16.465 12.332 -1.5451 73 44 12
16.557 12.6 -1.5053 74 43 22
16.663 12.744 -1.4608 74 44 8
16.627 12.654 -1.5435 77 47 13
16.592 12.744 -1.4801 73 42 12
16.603 12.69 -1.4989 72 45 2
16.721 13.004 -1.4156 77 47 21
16.373 12.22 -1.6042 72 44 13
16.646 12.913 -1.4715 77 47 23
16.663 12.813 -1.4699 71 42 11
16.558 12.737 -1.5263 73 44 20
16.528 12.545 -1.494 76 47 23
16.366 12.29 -1.5775 73 46 13
16.558 12.879 -1.4725 77 49 9
16.513 12.861 -1.4937 75 47 18
16.461 12.645 -1.432 77 48 24
16.535 12.707 -1.4674 71 41 15
16.512 12.651 -1.5284 72 42 14
16.576 12.847 -1.4804 74 45 14
16.566 12.897 -1.4644 77 49 9
16.518 12.736 -1.4984 70 42 15
16.405 12.68 -1.4388 72 41 20
16.428 12.763 -1.5454 74 45 24
16.396 12.723 -1.4581 68 39 0
16.4 12.656 -1.5236 70 41 20
16.357 12.644 -1.5362 71 42 8
16.447 12.729 -1.5516 75 47 10
16.329 12.666 -1.4951 66 40 0
16.382 12.629 -1.5005 72 43 12
16.47 12.783 -1.4946 69 38 17
16.194 12.351 -1.5945 66 36 18
16.407 12.797 -1.5019 69 42 5
16.345 12.689 -1.5228 65 42 0
16.323 12.715 -1.5155 68 40 11
16.456 13.067 -1.3908 73 47 7
16.27 12.935 -1.3786 83 45 0
16.274 12.812 -1.5271 69 42 25
16.257 12.911 -1.4243 75 43 2
16.293 12.908 -1.4504 89 60 29
16.136 12.666 -1.4675 82 52 28
16.23 12.875 -1.3738 82 40 0
16.258 12.921 -1.351 82 40 0
16.158 12.862 -1.5035 73 48 25
16.297 12.989 -1.288 84 41 6
16.166 12.819 -1.5206 80 50 22
16.14 12.892 -1.4594 76 43 24
16.112 12.738 -1.5245 74 47 4
16.045 12.859 -1.4984 69 45 19
16.087 12.869 -1.4439 74 48 23
16.066 12.835 -1.4979 73 44 10
16.07 12.843 -1.4564 74 48 23
16.048 12.867 -1.4595 76 48 19
16.036 12.739 -1.5032 77 48 8
16.04 12.858 -1.4265 69 47 10
15.968 12.905 -1.4614 68 42 15
15.952 12.832 -1.4916 69 42 23
15.881 12.736 -1.5038 71 46 0
15.958 12.787 -1.504 72 42 14
15.893 12.805 -1.4798 76 51 7
16.207 13.363 -1.1849 74 46 17
16.224 13.348 -1.1568 79 38 6
16.234 13.363 -1.1193 77 38 7
16.177 13.329 -1.1118 64 28 6
16.221 13.348 -1.0968 77 41 17
16.226 13.386 -1.2038 72 33 2
16.324 13.519 -1.0499 72 40 19
16.254 13.426 -1.1234 70 38 0
16.205 13.358 -1.2481 67 33 0
16.283 13.391 -1.0709 69 44 12
16.198 13.312 -1.204 77 40 4
16.233 13.356 -1.2122 80 44 4
16.348 13.476 -1.0593 63 42 11
15.887 13.08 -1.388 60 30 4
15.861 13.049 -1.3689 70 36 0
16.166 13.356 -1.0802 71 45 22
16.137 13.397 -1.0759 65 33 10
16.146 13.368 -1.1092 47 26 0
16.058 13.257 -1.1958 57 37 0
16.157 13.384 -1.075 58 29 0
16.16 13.347 -1.1105 68 35 2
16.112 13.363 -1.1166 65 35 17
15.885 13.082 -1.3224 70 34 8
16.081 13.4 -1.1137 39 25 0
16.117 13.409 -1.0766 56 31 1
16.088 13.371 -1.1179 61 31 5
16.075 13.43 -1.109 43 28 5
15.951 13.201 -1.3314 53 24 0
16.11 13.437 -1.0708 45 26 9
18.11 12.817 -1.5651 81 53 14
18.148 12.72 -1.6096 79 48 20
18.145 12.644 -1.6122 82 49 32
18.116 12.94 -1.5619 82 52 26
18.141 12.915 -1.5347 76 47 23
18.018 12.817 -1.5918 78 48 22
18.025 12.796 -1.6383 79 48 27
18.053 12.866 -1.5859 80 50 22
18.04 12.663 -1.5951 79 51 22
18.079 12.669 -1.6164 81 49 26
18.074 12.611 -1.6093 80 51 27
18.094 12.8 -1.6486 82 52 26
18.044 12.76 -1.5763 80 49 29
18.109 12.725 -1.5798 80 51 29
17.962 12.917 -1.5844 78 47 27
17.993 12.857 -1.609 75 48 27
17.935 12.589 -1.625 79 48 28
17.974 12.712 -1.5862 81 49 26
17.981 12.772 -1.5917 72 43 21
17.955 12.869 -1.5767 77 49 22
18.011 12.813 -1.5582 76 48 21
17.949 12.83 -1.5642 79 50 18
17.942 12.661 -1.6213 80 51 17
18.008 12.669 -1.6016 78 49 27
17.987 12.814 -1.5992 78 49 18
17.924 12.866 -1.5864 81 50 30
18.012 12.776 -1.5815 76 49 14
17.878 12.75 -1.5943 76 47 15
17.911 12.803 -1.5542 81 50 29
17.846 12.748 -1.6067 78 46 23
17.842 12.807 -1.5372 76 47 26
17.903 12.699 -1.5751 80 50 24
17.856 12.858 -1.5757 77 47 23
17.918 12.826 -1.5744 77 49 18
17.864 12.917 -1.5766 79 48 27
17.895 12.921 -1.5659 78 46 23
17.903 12.721 -1.5622 80 50 24
17.834 12.927 -1.5773 80 50 24
17.873 12.817 -1.5236 79 50 29
17.775 12.759 -1.5764 77 49 20
17.762 13.042 -1.4308 76 50 23
17.8 12.733 -1.5515 77 49 22
17.744 12.873 -1.4902 80 52 25
17.783 12.785 -1.598 72 45 10
17.762 12.654 -1.6 74 48 23
17.805 12.716 -1.596 76 48 21
17.729 12.913 -1.5464 82 50 25
17.728 12.981 -1.4749 82 52 18
17.731 12.868 -1.6041 79 51 22
17.674 12.793 -1.554 77 48 26
17.699 12.931 -1.5462 77 49 20
17.677 12.759 -1.6076 76 48 11
17.68 12.986 -1.5562 78 48 20
17.672 12.963 -1.5346 79 50 19
17.699 12.704 -1.5908 74 48 21
17.708 12.964 -1.5578 80 50 22
17.694 13.233 -1.3519 76 47 15
17.574 12.922 -1.5853 73 45 16
17.628 12.85 -1.609 78 49 27
17.648 12.849 -1.5322 75 48 15
17.629 12.909 -1.5417 77 48 17
17.571 12.751 -1.6029 76 47 15
17.654 13.028 -1.5385 79 49 25
17.604 12.909 -1.5842 73 47 22
17.6 12.768 -1.5498 75 46 22
17.552 12.651 -1.6208 77 46 26
17.574 12.924 -1.5834 73 45 16
17.56 12.867 -1.5819 77 46 25
17.623 12.673 -1.5917 79 50 26
17.616 12.85 -1.5381 76 47 23
17.638 12.988 -1.4978 77 48 17
17.458 12.71 -1.6148 76 50 23
17.481 12.963 -1.5507 81 52 21
17.497 12.739 -1.5884 79 50 26
17.507 12.931 -1.5612 77 48 24
17.502 12.868 -1.6342 77 48 24
17.517 12.829 -1.5759 76 46 30
17.519 12.803 -1.6246 74 44 26
17.502 12.904 -1.5787 77 48 24
17.472 12.828 -1.5173 77 48 24
17.541 12.915 -1.5933 78 48 24
17.49 12.866 -1.5617 76 48 11
17.424 12.855 -1.5885 80 51 11
17.464 12.929 -1.5075 78 49 15
17.341 12.664 -1.6315 76 49 28
17.406 12.82 -1.5397 77 47 21
17.418 12.709 -1.5853 78 49 25
17.379 12.795 -1.6303 75 49 24
17.413 12.935 -1.5845 81 51 23
17.43 12.71 -1.6603 77 46 18
17.366 12.865 -1.6322 78 48 24
17.322 12.887 -1.527 78 50 23
17.314 12.876 -1.4959 78 50 23
17.328 13.003 -1.5347 78 50 19
17.339 13.028 -1.5566 81 51 23
17.357 12.996 -1.5308 80 48 23
17.388 12.993 -1.5254 79 49 21
17.375 13.051 -1.533 81 51 25
17.244 12.812 -1.6165 77 47 21
17.28 12.937 -1.583 78 49 27
17.268 12.819 -1.5377 76 47 25
17.326 13.16 -1.3943 77 46 16
17.209 13.132 -1.5036 80 50 24
17.08 12.766 -1.5726 75 46 22
17.165 13.001 -1.5468 80 51 20
17.153 13.077 -1.4781 78 48 20
17.144 13.032 -1.5333 81 53 26
17.03 12.478 -1.7222 77 50 17
17.164 13.012 -1.5074 78 50 13
17.197 13.001 -1.5403 76 51 21
17.103 13.017 -1.5145 77 48 17
17.006 12.763 -1.554 80 50 22
17.109 12.952 -1.5157 78 47 27
17.06 12.916 -1.5073 78 49 27
16.994 12.833 -1.5296 80 49 28
17.107 13.045 -1.4689 77 49 10
17.013 12.873 -1.5342 80 51 17
17.006 12.836 -1.5937 75 46 12
16.998 12.812 -1.6074 75 46 12
17.016 12.963 -1.5322 77 49 9
17.088 13.229 -1.451 77 49 18
16.876 12.786 -1.5776 77 47 21
16.959 12.97 -1.5792 80 50 16
16.957 12.903 -1.5437 76 47 15
16.986 12.971 -1.5395 77 48 27
16.966 13.001 -1.5247 80 52 15
16.974 13.034 -1.4742 74 46 7
16.879 12.795 -1.5726 77 47 21
17.019 13.049 -1.5249 80 56 4
16.853 12.829 -1.5307 79 49 25
16.793 12.578 -1.6494 77 47 21
16.9 13.076 -1.5104 79 48 27
16.869 13.023 -1.4778 73 45 16
16.88 13.037 -1.4989 76 45 24
16.901 12.989 -1.5871 79 50 19
16.834 13.004 -1.5249 78 49 25
16.723 12.842 -1.5496 78 47 19
16.824 13.125 -1.4702 78 49 18
16.786 12.968 -1.5476 76 47 15
16.864 13.065 -1.5245 75 45 17
16.704 12.719 -1.6113 77 47 23
16.76 12.993 -1.5143 74 46 7
16.801 12.936 -1.5294 73 45 14
16.864 13.139 -1.4907 82 53 13
16.786 12.976 -1.5095 75 47 20
16.715 13.044 -1.4693 75 46 12
16.707 13.017 -1.5171 79 48 20
16.71 12.954 -1.5428 74 47 4
16.656 12.926 -1.4998 77 47 9
16.637 12.947 -1.5243 75 46 12
16.641 12.972 -1.4476 76 48 17
16.689 13.061 -1.4306 76 47 26
16.678 13.038 -1.4431 76 47 26
16.465 12.897 -1.4872 71 43 12
16.404 12.848 -1.5149 74 45 23
16.443 13.039 -1.4395 73 44 22
16.347 12.926 -1.5372 72 43 9
16.365 12.952 -1.5595 73 45 8
16.485 13.044 -1.4928 71 41 7
16.449 12.983 -1.4852 71 40 19
16.425 12.997 -1.5269 74 43 12
16.268 12.905 -1.5996 70 40 14
16.283 12.99 -1.5299 63 35 0
16.394 13.057 -1.5096 75 46 12
16.272 13.129 -1.4785 68 44 18
16.279 13.085 -1.5234 65 39 14
16.314 13.143 -1.4607 69 41 2
16.147 12.899 -1.4904 75 45 17
16.229 12.959 -1.5522 66 39 18
16.296 13.06 -1.5333 66 40 13
16.301 13.167 -1.4831 65 39 16
16.184 13 -1.5119 88 57 26
16.199 13.073 -1.4835 84 54 28
16.151 12.958 -1.4659 72 46 21
16.082 12.95 -1.5954 88 60 33
16.18 13.042 -1.5366 91 60 30
16.223 13.157 -1.445 79 51 20
16.361 13.517 -1.2663 77 42 12
16.142 13.09 -1.4933 78 50 13
16.112 13.138 -1.5138 83 55 26
16.088 13.059 -1.5131 81 49 24
16.174 13.178 -1.4825 80 52 21
16.077 13.046 -1.4847 78 51 16
16.055 13.064 -1.5256 77 42 12
16.085 13.101 -1.5368 83 55 26
15.921 13.03 -1.4629 73 44 10
15.886 12.983 -1.5207 64 40 6
15.997 13.124 -1.4784 71 46 0
16.197 13.341 -1.3453 69 35 0
16.196 13.338 -1.3783 66 38 1
16.2 13.347 -1.3137 82 47 17
16.01 13.14 -1.5046 71 48 14
15.949 13.191 -1.4971 71 48 17
15.943 13.188 -1.4016 58 37 8
15.945 13.145 -1.4835 67 44 13
15.822 12.904 -1.4937 67 43 17
15.987 13.196 -1.4866 72 51 22
16.06 13.248 -1.4515 77 47 31
15.88 13.107 -1.512 64 43 16
15.86 12.997 -1.5277 62 41 14
16 13.172 -1.4621 68 43 23
15.867 13.054 -1.4358 51 29 5
15.849 13.073 -1.5014 62 42 15
15.796 13.051 -1.5187 64 42 5
15.922 13.164 -1.3838 58 36 0
15.865 13.177 -1.4611 63 40 6
15.816 13.159 -1.4769 66 38 7
15.838 13.104 -1.4583 60 40 6
15.718 12.335 -0.61252 126 73 39
17.273 14.116 -0.39046 71 36 7
17.277 14.122 -0.4057 65 31 2
17.245 14.089 -0.41602 73 38 16
16.333 12.7 -0.74894 77 40 6
16.422 12.799 -0.71769 87 45 5
15.362 12.063 -0.73813 104 56 16
16.372 12.702 -0.77413 78 38 2
16.334 12.694 -0.78256 76 40 0
16.333 12.688 -0.81834 88 47 15
16.312 12.778 -0.77707 78 41 0
16.294 12.805 -0.77585 81 40 8
16.315 12.718 -0.81675 78 42 4
16.284 12.785 -0.81525 84 43 13
16.355 12.794 -0.76354 76 39 5
16.3 12.752 -0.81551 77 38 17
16.281 12.714 -0.86009 97 57 19
16.347 12.769 -0.83518 84 50 12
16.28 12.838 -0.77393 83 43 5
16.279 12.833 -0.80913 87 48 5
16.25 13.351 -0.73916 67 37 0
15.924 13.006 -0.79032 89 48 26
16.133 13.352 -0.72906 81 39 0
15.918 13.042 -0.79004 87 42 19
18.446 11.729 -1.3005 88 63 33
16.25 12.007 -1.2737 86 51 21
16.238 12.541 -1.123 89 54 22
16.295 12.579 -1.1022 83 46 0
16.316 12.738 -1.093 88 55 20
16.279 12.679 -1.0797 89 49 21
16.227 12.771 -1.0697 82 38 9
16.284 12.862 -1.0692 87 45 3
16.305 12.79 -1.0119 99 57 15
16.07 12.314 -1.1624 97 55 13
16.199 12.782 -1.0725 93 52 24
16.186 12.869 -1.0892 82 46 0
16.211 12.798 -1.1014 92 51 5
16.226 12.879 -1.0787 93 46 0
15.951 12.516 -1.0717 102 53 13
16.09 12.835 -1.0496 81 37 0
16.113 12.814 -1.0852 85 40 11
15.984 12.628 -1.0493 98 53 6
16.052 12.828 -1.0945 75 36 0
15.991 12.636 -1.083 105 57 19
16.097 12.842 -1.082 86 43 0
15.948 12.783 -1.0928 82 43 2
16.018 12.831 -1.0627 85 44 0
16.075 12.911 -1.0709 74 37 3
15.97 12.812 -1.1177 69 40 6
16.075 12.864 -1.0442 86 44 4
16.241 13.331 -0.85322 86 45 13
16.241 13.336 -0.76703 75 43 22
16.197 13.308 -0.92035 78 37 17
16.205 13.319 -0.88793 76 38 0
16.202 13.276 -0.89774 77 39 3
16.257 13.348 -0.899 73 47 6
15.963 12.856 -1.0772 81 46 1
16.167 13.315 -0.81526 74 37 3
16.214 13.34 -0.77516 79 41 4
16.208 13.368 -0.82874 83 43 5
16.176 13.329 -0.78411 81 41 14
16.214 13.338 -0.80117 78 39 16
16.208 13.328 -0.83321 77 41 3
16.168 13.273 -0.87877 79 40 7
16.193 13.388 -0.77031 85 42 10
16.189 13.384 -0.74364 76 34 0
16.177 13.366 -0.80363 85 53 30
16.18 13.369 -0.83319 88 57 29
16.173 13.436 -0.76612 76 35 3
16.156 13.413 -0.80039 82 51 30
16.158 13.381 -0.7788 80 40 15
16.158 13.38 -0.80639 84 55 31
16.165 13.428 -0.74245 76 36 0
16.175 13.404 -0.74579 77 40 0
16.143 13.435 -0.77358 75 38 4
16.134 13.423 -0.80353 62 35 0
16.125 13.337 -0.85158 87 58 27
16.155 13.448 -0.82462 58 24 0
18.134 11.989 -1.5908 77 47 23
18.092 11.851 -1.6196 76 48 21
18.147 11.917 -1.6681 79 47 22
18.062 12.087 -1.6153 81 49 24
18.136 12.254 -1.5547 77 48 24
18.096 12.167 -1.5611 76 48 21
17.97 11.953 -1.6074 77 47 29
17.961 11.869 -1.5946 73 44 23
18.049 11.953 -1.5829 73 44 23
18.009 11.958 -1.5891 76 45 27
17.852 12.072 -1.5904 77 48 16
17.89 12.011 -1.6001 78 47 26
17.843 12.003 -1.5749 74 49 27
17.874 11.996 -1.5262 70 43 22
17.864 12.239 -1.5579 77 48 26
17.842 11.999 -1.5792 74 49 27
17.883 12.074 -1.534 72 45 26
17.778 12.156 -1.5619 75 48 15
17.802 11.978 -1.5946 73 48 18
17.764 12.03 -1.5833 76 46 20
17.82 12.259 -1.5161 80 48 25
17.611 11.925 -1.5256 77 48 24
17.669 11.936 -1.6004 76 47 25
17.584 12.29 -1.4735 76 47 13
17.454 11.991 -1.5339 72 45 26
17.457 12.143 -1.6131 73 44 20
17.464 12.009 -1.5751 72 46 23
17.483 12.036 -1.651 72 43 19
17.474 12.315 -1.4922 72 43 11
17.179 12.217 -1.5635 77 49 12
17.145 12.264 -1.5099 73 45 16
17.107 12.08 -1.6366 73 45 16
17.071 12.258 -1.5661 78 48 14
17.032 12.304 -1.4801 71 44 9
17.025 12.256 -1.5413 72 45 12
16.985 12.276 -1.4989 69 45 11
17.019 12.373 -1.5004 72 44 15
16.975 12.12 -1.5207 71 45 22
16.945 12.534 -1.377 72 43 21
16.82 12.167 -1.4932 67 42 20
16.795 12.327 -1.4461 67 41 18
16.741 12.174 -1.5101 67 41 18
16.783 12.388 -1.4643 70 44 21
16.692 12.166 -1.4796 66 41 19
16.697 12.066 -1.5197 65 43 19
16.772 12.342 -1.5262 75 46 25
16.745 12.065 -1.5472 65 38 21
16.761 12.096 -1.5798 72 45 12
16.735 12.017 -1.6151 74 44 26
16.805 12.344 -1.4843 69 42 7
16.745 12.416 -1.3846 65 39 22
16.71 12.308 -1.4728 67 43 5
16.611 12.169 -1.504 68 43 13
16.426 12.035 -1.5404 63 36 17
16.532 12.189 -1.4634 63 41 20
16.54 12.292 -1.4758 70 41 10
16.481 12.248 -1.5051 71 39 14
16.359 12.238 -1.5784 72 45 12
16.487 12.344 -1.5163 70 41 10
16.211 12.734 -1.1518 78 49 5
16.39 13.233 -0.99002 81 52 20
16.242 12.9 -1.105 87 44 9
16.294 12.926 -1.1188 93 62 16
16.279 12.904 -1.0942 85 42 0
16.384 13.269 -0.97682 81 52 8
15.772 12.397 -1.4147 80 48 10
16.28 13.109 -1.0754 80 51 20
16.147 12.862 -1.1004 78 46 0
16.077 12.808 -1.129 77 46 15
16.068 12.847 -1.1195 54 20 0
15.853 12.521 -1.3224 81 44 25
15.944 12.66 -1.2265 61 28 11
16.187 13.251 -0.96468 61 39 2
16.194 13.301 -0.95115 73 40 5
16.271 13.395 -1.0582 65 42 8
16.223 13.335 -1.0286 78 39 6
16.199 13.341 -1.0615 73 37 0
16.201 13.308 -1.01 74 37 1
16.222 13.337 -0.96967 80 43 11
16.155 13.285 -1.0551 82 44 8
16.158 13.366 -1.0647 80 43 0
16.149 13.393 -1.0591 61 27 0
16.179 13.354 -1.063 82 43 10
15.979 13.226 -1.0493 115 61 1
16.001 13.215 -1.0175 106 58 12
16.141 13.458 -0.98364 89 41 5
16.085 13.354 -1.0259 88 41 0
16.096 13.366 -1.0482 87 48 17
18.279 12.047 -1.695 80 50 32
18.178 12.413 -1.5554 77 47 21
18.192 12.102 -1.6592 79 51 24
18.149 12.437 -1.5825 79 49 13
18.197 12.26 -1.6636 79 49 11
18.188 12.483 -1.5912 82 51 21
18.143 12.645 -1.5183 76 46 28
18.153 12.616 -1.5711 82 53 31
18.105 12.154 -1.6079 74 47 26
18.093 12.318 -1.7042 79 49 23
18.052 12.682 -1.5605 79 50 26
18.148 12.196 -1.6183 74 48 21
18.153 12.253 -1.6326 78 49 27
18.106 12.741 -1.4795 80 50 22
18.085 12.659 -1.5671 83 53 25
18.112 12.178 -1.6358 77 51 26
18.121 12.598 -1.5906 81 50 30
18.036 12.523 -1.5357 78 48 30
18.094 12.123 -1.7636 74 46 19
18.043 12.744 -1.4932 76 45 27
18.042 12.547 -1.5575 78 48 20
18.017 12.498 -1.6308 78 50 23
18.006 12.298 -1.6568 81 53 13
17.97 12.309 -1.6587 77 46 18
17.999 12.269 -1.6296 75 46 24
17.982 12.589 -1.5983 78 50 21
17.941 12.564 -1.5785 77 48 26
18.009 12.518 -1.5857 82 51 30
17.948 12.619 -1.5876 78 50 23
17.976 12.503 -1.6054 77 48 27
17.915 12.677 -1.564 80 51 30
17.908 12.614 -1.5587 75 46 25
17.868 12.638 -1.5249 76 45 24
17.876 12.704 -1.5211 77 47 21
17.846 12.765 -1.504 78 47 17
17.899 12.514 -1.5753 77 47 21
17.863 12.7 -1.4603 78 46 25
17.933 12.285 -1.675 80 49 29
17.785 12.452 -1.5967 76 46 20
17.809 12.335 -1.607 77 48 27
17.773 12.357 -1.6001 76 47 25
17.804 12.209 -1.6658 77 48 27
17.776 12.654 -1.5793 78 50 23
17.751 12.591 -1.4956 74 45 21
17.744 12.677 -1.5735 76 48 21
17.803 12.512 -1.6436 79 50 29
17.825 12.553 -1.5398 75 45 21
17.829 12.483 -1.6111 75 49 26
17.654 12.576 -1.5715 78 50 21
17.663 12.431 -1.5604 77 47 23
17.669 12.664 -1.566 76 47 23
17.687 12.556 -1.5723 77 46 26
17.703 12.665 -1.5559 77 47 19
17.681 12.558 -1.5373 75 46 12
17.64 12.501 -1.5725 73 43 19
17.706 12.437 -1.5903 74 45 23
17.722 12.556 -1.5669 77 46 25
17.733 12.614 -1.5697 76 48 21
17.707 12.638 -1.5988 81 52 28
17.595 12.261 -1.5681 76 46 20
17.545 12.538 -1.6176 77 47 23
17.538 12.539 -1.5826 72 43 9
17.607 12.708 -1.5597 76 47 23
17.567 12.485 -1.5997 76 49 14
17.576 12.507 -1.6259 74 45 21
17.621 12.59 -1.5759 75 46 24
17.554 12.435 -1.5788 74 46 19
17.636 12.672 -1.5702 79 50 28
17.53 12.683 -1.557 75 43 20
17.47 12.733 -1.5454 79 49 25
17.509 12.623 -1.5125 71 43 14
17.503 12.586 -1.5307 71 43 14
17.472 12.57 -1.5861 70 44 17
17.442 12.461 -1.5559 73 47 22
17.469 12.729 -1.5476 79 49 25
17.461 12.537 -1.5587 73 45 8
17.505 12.742 -1.5317 74 46 17
17.505 12.553 -1.5795 70 45 15
17.491 12.235 -1.6935 72 44 17
17.387 12.525 -1.586 72 42 14
17.378 12.602 -1.6271 73 44 20
17.384 12.665 -1.5652 75 46 24
17.372 12.402 -1.6891 72 45 24
17.308 12.399 -1.5414 76 47 23
17.463 12.881 -1.4747 75 49 24
17.355 12.693 -1.5571 75 45 21
17.283 12.703 -1.5269 73 44 12
17.316 12.696 -1.5267 74 43 22
17.243 12.326 -1.7577 76 48 21
17.194 12.069 -1.663 74 45 21
17.284 12.575 -1.5527 72 43 22
17.291 12.859 -1.4926 76 47 23
17.188 12.225 -1.5991 75 45 17
17.256 12.609 -1.541 76 47 15
17.153 12.505 -1.5725 72 43 11
17.092 12.132 -1.7073 78 48 24
17.098 12.338 -1.5728 72 46 19
17.178 12.719 -1.5151 76 47 15
17.188 12.502 -1.5695 77 47 19
17.22 12.609 -1.5547 75 45 11
17.124 12.535 -1.5677 77 48 8
17.184 12.606 -1.5613 76 46 22
17.061 12.569 -1.5703 79 47 26
16.974 12.332 -1.5719 75 47 20
17.138 12.628 -1.4438 75 47 20
17.105 12.576 -1.594 75 44 23
16.984 12.344 -1.6059 77 49 22
17.142 12.813 -1.5125 75 46 22
17.111 12.62 -1.5383 74 44 18
17.091 12.432 -1.5765 74 45 21
17.03 12.372 -1.5726 76 48 21
17.109 12.718 -1.531 77 49 22
17.042 12.394 -1.6081 78 48 22
17.054 12.764 -1.5262 79 47 22
16.968 12.538 -1.5245 77 48 24
16.954 12.591 -1.5475 75 47 18
17.007 12.741 -1.5139 80 51 20
16.967 12.723 -1.5251 81 51 23
16.995 12.685 -1.5754 81 52 21
17.023 12.682 -1.5342 76 48 17
17.041 12.753 -1.4573 77 48 17
17.001 12.809 -1.5208 79 49 23
16.963 12.725 -1.4888 75 47 18
16.889 12.643 -1.4669 74 46 17
16.888 12.626 -1.5133 76 47 23
16.947 12.692 -1.4706 77 48 14
16.781 12.351 -1.566 75 47 20
16.883 12.711 -1.4756 74 45 14
16.957 12.795 -1.5036 78 50 13
16.729 12.301 -1.6367 76 46 22
16.868 12.749 -1.503 76 45 17
16.872 12.565 -1.5827 77 47 21
16.83 12.636 -1.5991 81 51 27
16.81 12.702 -1.4994 76 46 10
16.866 12.835 -1.4673 78 48 20
16.761 12.48 -1.6017 77 46 16
16.681 12.74 -1.4765 74 44 8
16.579 12.741 -1.542 77 48 6
16.618 12.679 -1.5147 73 45 0
16.509 12.47 -1.5081 75 46 22
16.622 12.776 -1.4421 72 45 2
16.618 12.688 -1.4694 80 47 14
16.576 12.751 -1.462 70 44 4
16.605 12.729 -1.5008 74 43 13
16.371 12.347 -1.5343 73 44 22
16.518 12.706 -1.4939 72 43 3
16.539 12.739 -1.5099 71 39 18
16.506 12.739 -1.5626 75 44 23
16.659 12.979 -1.4241 77 48 26
16.527 12.788 -1.4954 70 42 5
16.427 12.869 -1.4508 67 39 8
16.409 12.711 -1.4817 68 39 0
16.429 12.734 -1.5398 74 45 23
16.356 12.601 -1.5678 68 39 18
16.385 12.739 -1.4345 61 34 13
16.341 12.657 -1.4761 66 39 18
16.274 12.46 -1.5624 68 39 18
16.317 12.606 -1.536 65 37 0
16.43 12.867 -1.487 69 40 18
16.214 12.487 -1.6074 66 38 7
16.166 12.664 -1.5875 69 40 19
16.44 13.182 -1.2656 76 43 2
16.261 12.895 -1.3763 82 49 4
16.275 12.924 -1.3299 89 47 5
16.203 12.906 -1.4594 74 50 14
16.132 12.74 -1.5413 77 47 19
16.176 12.919 -1.4614 74 44 16
16.037 12.826 -1.4584 73 47 6
16.162 12.949 -1.4505 74 45 24
16.046 12.887 -1.4686 69 44 22
16.099 12.859 -1.4648 74 48 21
15.915 12.7 -1.5233 75 47 8
16.095 12.905 -1.4459 75 47 7
15.884 12.712 -1.5324 71 45 22
16.181 13.313 -1.1316 75 39 17
16.194 13.333 -1.0925 76 40 16
16.205 13.339 -1.2404 77 38 7
16.27 13.391 -1.0854 73 42 21
16.14 13.296 -1.2726 72 45 24
16.257 13.373 -1.1259 73 38 19
16.222 13.365 -1.1366 77 36 4
16.188 13.318 -1.2208 73 36 2
16.198 13.332 -1.1828 76 39 0
16.047 13.264 -1.1794 69 37 0
16.168 13.338 -1.0981 70 46 20
15.886 13.102 -1.3645 64 30 0
16.199 13.378 -1.1102 68 34 5
16.016 13.222 -1.261 72 40 2
16.137 13.377 -1.0957 55 23 8
16.158 13.365 -1.0933 54 26 0
16.143 13.347 -1.136 67 36 18
16.122 13.397 -1.0637 65 29 7
16.083 13.422 -1.0948 42 30 4
16.098 13.405 -1.0665 68 31 12
16.102 13.409 -1.0943 42 31 3
16.117 13.39 -1.0943 65 33 10
18.158 12.646 -1.5928 83 50 33
18.127 12.74 -1.584 82 52 24
18.116 12.794 -1.5192 78 48 24
18.1 13.02 -1.5358 83 52 31
18.162 12.782 -1.5886 79 46 27
18.024 12.775 -1.5556 79 51 22
18.035 12.864 -1.5766 75 45 17
18.089 12.72 -1.568 81 51 27
18.092 12.658 -1.6009 81 51 27
18.031 12.766 -1.5932 77 49 22
18.089 12.867 -1.5242 79 50 28
18.059 12.67 -1.6018 79 50 29
17.955 12.672 -1.5944 79 47 24
17.992 12.809 -1.5488 77 47 23
17.943 12.91 -1.5769 80 51 17
17.999 12.829 -1.5738 76 49 14
17.93 12.852 -1.5393 80 51 17
17.936 12.817 -1.5922 77 48 24
17.98 12.918 -1.5945 79 48 28
17.974 12.836 -1.6078 78 49 27
17.961 12.81 -1.5545 78 48 22
18.02 12.689 -1.5693 78 47 26
17.993 12.764 -1.5733 77 47 23
17.988 12.666 -1.5883 79 50 26
17.967 12.875 -1.5526 78 49 18
18.006 12.81 -1.6145 80 48 27
17.891 12.767 -1.5607 75 49 24
17.846 12.909 -1.5692 78 50 23
17.906 12.892 -1.5623 79 49 23
17.86 12.788 -1.5616 76 47 15
17.854 12.796 -1.5231 76 48 19
17.923 12.712 -1.5811 76 47 23
17.913 12.887 -1.5986 82 49 30
17.795 12.773 -1.5854 77 46 26
17.829 12.797 -1.5675 73 47 20
17.751 12.693 -1.5987 78 48 22
17.817 12.686 -1.5903 77 48 27
17.787 12.735 -1.5711 78 50 21
17.776 12.982 -1.4737 75 46 24
17.727 12.813 -1.5439 81 53 22
17.649 12.737 -1.571 75 50 28
17.716 12.907 -1.5706 79 49 21
17.737 12.853 -1.5594 77 46 26
17.685 12.769 -1.5459 80 51 29
17.657 12.939 -1.569 82 53 21
17.69 13.021 -1.4839 76 48 11
17.665 12.835 -1.5526 74 45 13
17.689 12.948 -1.5558 78 50 21
17.698 12.847 -1.5378 76 48 19
17.592 12.809 -1.5434 76 47 23
17.598 12.758 -1.6479 73 47 22
17.636 12.913 -1.4856 76 48 19
17.632 12.819 -1.569 77 44 25
17.631 12.979 -1.5578 77 48 24
17.572 12.701 -1.5744 77 47 21
17.659 13.015 -1.4957 77 53 19
17.545 12.608 -1.743 72 44 15
17.536 12.787 -1.6471 77 48 17
17.496 12.977 -1.5241 80 51 17
17.493 12.927 -1.5867 78 49 25
17.508 12.861 -1.5778 74 46 19
17.469 12.853 -1.557 80 51 17
17.544 12.846 -1.613 77 48 17
17.495 12.637 -1.6228 72 46 23
17.498 12.871 -1.5027 79 51 24
17.514 12.861 -1.6126 76 47 15
17.474 12.684 -1.641 79 48 27
17.546 12.752 -1.555 74 48 23
17.547 12.824 -1.6607 80 49 29
17.458 12.823 -1.5383 74 48 25
17.452 13.069 -1.4871 78 50 21
17.394 12.861 -1.5031 73 50 9
17.411 13.018 -1.5245 74 48 23
17.425 13.062 -1.5322 80 50 16
17.46 12.951 -1.5496 74 47 12
17.365 12.947 -1.5715 79 48 28
17.339 12.973 -1.5688 77 51 24
17.289 12.916 -1.5715 75 45 19
17.274 12.762 -1.5814 78 49 27
17.33 13.065 -1.5225 78 48 22
17.258 12.815 -1.5985 76 48 9
17.197 13.048 -1.5314 78 48 22
17.168 12.964 -1.547 79 51 14
17.157 13.032 -1.5143 76 46 18
17.12 12.928 -1.5417 78 50 3
17.148 12.986 -1.5738 79 51 22
17.059 12.954 -1.5034 77 45 22
17.13 13.076 -1.4342 75 46 15
17.098 12.991 -1.4488 79 50 28
17.059 12.762 -1.5547 80 52 23
17.014 12.833 -1.5351 74 45 11
17.146 13.113 -1.4454 80 50 16
17.074 12.985 -1.5273 77 47 21
17.116 13 -1.5389 76 48 9
16.957 12.851 -1.5865 78 45 26
16.966 12.953 -1.5671 82 52 26
16.933 12.901 -1.4952 80 50 26
16.986 12.864 -1.4988 81 50 29
17.005 12.969 -1.5487 74 43 12
17.013 13.068 -1.5334 82 52 24
16.893 12.779 -1.5918 77 50 17
17.102 13.335 -1.3188 76 47 15
16.879 13.067 -1.501 77 48 17
16.874 12.831 -1.5381 78 48 24
16.72 12.708 -1.6341 77 47 23
16.819 13.012 -1.5072 78 49 17
16.841 13.053 -1.5187 79 50 18
16.706 12.758 -1.6094 76 47 16
16.894 13.243 -1.4119 80 48 25
16.851 13.011 -1.5007 76 48 19
16.737 12.908 -1.5344 76 46 8
16.74 12.979 -1.5425 77 48 24
16.635 12.852 -1.5205 77 47 9
16.734 13.126 -1.3766 76 48 19
16.674 12.995 -1.4817 74 46 9
16.648 12.932 -1.5506 76 46 20
16.707 12.988 -1.5156 74 46 9
16.596 12.909 -1.5004 77 47 9
16.448 13.067 -1.4746 73 45 6
16.322 12.861 -1.5149 72 43 22
16.405 12.936 -1.5425 73 42 11
16.477 13.169 -1.4212 70 43 6
16.353 13.224 -1.4328 68 40 3
16.325 13.133 -1.4791 65 39 14
16.358 13.181 -1.4857 68 39 15
16.232 12.935 -1.5828 65 41 3
16.312 13.158 -1.5022 64 38 13
16.242 13.111 -1.475 90 60 24
16.236 13.149 -1.4589 85 55 29
16.28 13.163 -1.4759 76 47 13
16.173 13.106 -1.4908 79 49 15
16.188 13.131 -1.4471 82 52 26
16.086 13.035 -1.5077 79 51 24
16.102 13.107 -1.4806 78 51 14
16.2 13.235 -1.4317 83 51 26
16.082 13.21 -1.4371 73 47 24
16.291 13.445 -1.2994 78 42 4
16.106 13.243 -1.3889 76 48 21
16.004 13.156 -1.45 71 44 23
16.059 13.189 -1.361 73 48 16
16.026 13.184 -1.4672 72 43 22
16.043 13.164 -1.4023 71 47 9
16.009 13.204 -1.4638 70 47 16
15.95 13.131 -1.4718 66 45 2
15.917 13.132 -1.5124 74 47 28
15.91 13.037 -1.4762 61 40 13
15.905 13.121 -1.4185 57 35 0
15.893 13.109 -1.3938 49 30 0
15.859 13.11 -1.4009 54 35 21
15.885 13.139 -1.4175 58 37 8
15.881 13.133 -1.4528 66 43 10
15.818 13.101 -1.4827 65 43 6
15.837 13.079 -1.5188 66 42 4
