2150
-0.567 0.04581 -0.82087 0.05074 23.249 -2.6708 -0.17325
20.811 -1.804 0.19744 68 49 32
20.819 -1.742 0.25805 99 75 47
20.818 -1.7717 0.23914 103 80 47
20.783 -1.7369 0.21502 96 73 42
20.77 -1.728 0.24279 96 75 44
20.751 -1.7561 0.20169 90 69 38
20.807 -1.7722 0.21807 96 73 40
20.954 -1.7479 0.20295 91 66 43
21.072 -1.7678 0.20055 82 62 37
21.122 -1.769 0.16845 83 63 38
21.034 -1.7559 0.18568 83 61 37
20.945 -1.7405 0.22573 89 65 39
21.102 -1.757 0.19145 84 62 38
20.941 -1.7467 0.18143 90 66 38
21.044 -1.764 0.16194 90 65 42
20.87 -1.7359 0.24641 90 66 32
21.23 -1.7889 0.16778 88 63 40
21.197 -1.7783 0.15089 84 65 35
21.413 -1.8109 0.10787 88 62 35
21.406 -1.8049 0.12554 91 68 37
21.416 -1.7692 0.11696 102 67 22
21.412 -1.7644 0.13767 120 82 36
21.417 -1.7901 0.12017 103 77 37
21.429 -1.8127 0.14037 97 73 45
21.431 -1.7935 0.13771 101 76 44
21.467 -1.7745 0.10862 94 62 23
21.412 -1.7209 0.14728 102 71 15
21.437 -1.7563 0.13076 102 66 28
21.411 -1.7405 0.15387 112 70 28
21.41 -1.6346 0.15507 101 67 29
21.486 -1.6405 0.1132 89 56 0
21.469 -1.6504 0.12092 86 55 1
21.407 -1.5918 0.14848 90 56 21
21.395 -1.6058 0.15057 96 62 25
22.304 -1.9761 -0.001236 73 43 7
22.351 -1.9765 -0.0037681 70 40 16
22.353 -1.9571 -0.016617 71 50 3
22.354 -1.9708 -0.024765 76 46 20
22.356 -1.9817 -0.013923 89 55 2
22.342 -1.9504 -0.024511 66 49 5
22.354 -1.9812 -0.02311 93 60 1
22.351 -1.9668 -0.015041 75 50 4
22.357 -1.9701 -0.0064042 77 52 20
22.387 -1.9624 -0.025472 66 43 1
22.356 -1.9582 -0.0079349 73 49 11
22.39 -1.9617 -0.0077286 68 44 16
22.405 -1.9633 -0.011643 60 40 5
22.385 -1.9593 -0.016206 69 42 0
22.4 -1.9606 -0.020141 58 40 0
22.372 -1.9595 -0.012065 76 50 0
22.393 -1.9567 -0.028236 63 42 11
22.368 -1.9578 -0.020847 77 49 0
22.395 -1.9444 -0.01316 82 59 28
20.655 -1.7811 0.20213 66 48 28
20.69 -1.7704 0.16662 74 54 19
20.715 -1.7747 0.18776 64 46 26
20.704 -1.7658 0.058057 83 63 29
20.517 -1.7391 0.19374 65 49 24
20.799 -1.7112 0.084207 88 64 38
20.802 -1.7304 0.13569 91 68 37
20.8 -1.7477 0.18949 94 70 42
20.841 -1.7671 0.16007 92 69 35
20.809 -1.7461 0.062256 92 71 42
20.793 -1.7399 0.063816 92 71 42
20.814 -1.7698 0.090112 91 72 42
20.856 -1.7471 0.15313 93 68 38
20.877 -1.7508 0.17342 86 65 36
20.824 -1.7692 0.11472 95 74 45
20.775 -1.7247 0.11478 87 66 39
20.857 -1.7298 0.10192 89 65 37
20.779 -1.7302 0.089678 89 69 34
20.607 -1.7087 0.19539 94 70 42
20.719 -1.7397 0.075379 94 74 39
20.83 -1.7673 0.13698 96 72 44
21.062 -1.7548 0.11205 83 62 33
21.074 -1.7634 0.089499 81 61 34
21.118 -1.7658 0.036444 82 61 34
21.093 -1.7604 0.15015 82 61 40
20.94 -1.7372 0.086707 88 64 38
20.881 -1.7311 0.14571 89 66 32
20.981 -1.7419 0.14955 92 68 40
21.183 -1.7791 0.11312 86 64 25
21.035 -1.7548 0.050818 85 62 31
21.16 -1.773 0.09493 86 66 39
20.922 -1.7432 0.16258 88 65 34
20.935 -1.739 0.064138 90 66 40
21.106 -1.7693 0.12763 84 62 23
21.061 -1.7546 0.11215 83 62 33
21.131 -1.7676 0.056056 81 62 32
21.147 -1.7707 0.075734 82 61 34
20.969 -1.7447 0.10578 90 67 34
21 -1.7535 0.12467 91 67 41
20.878 -1.7341 0.12301 90 65 42
21.072 -1.7665 0.068439 80 59 30
21.408 -1.8038 0.011076 91 67 39
21.441 -1.8328 0.049591 85 65 40
21.245 -1.7939 0.04046 85 66 36
21.281 -1.7963 0.11495 85 65 31
21.297 -1.7982 0.01146 86 66 32
21.435 -1.8241 0.087014 88 63 33
21.443 -1.8311 0.066557 88 67 38
21.194 -1.765 0.086968 85 65 38
21.309 -1.7875 0.10807 88 65 31
21.209 -1.7866 0.13058 85 64 43
21.442 -1.8366 0.030209 85 63 40
21.207 -1.7806 0.023388 84 66 30
21.237 -1.7804 0.10253 87 67 30
21.221 -1.7802 0.061856 85 66 34
21.412 -1.7764 0.063447 99 65 14
21.376 -1.7477 0.0061547 93 58 2
21.466 -1.8055 0.037802 95 66 26
21.39 -1.7924 0.031808 90 69 40
21.439 -1.8065 0.080574 106 77 43
21.422 -1.778 0.079313 102 67 22
21.381 -1.7438 0.045238 93 58 3
21.416 -1.7724 0.10023 101 65 23
21.438 -1.7951 0.022002 90 68 29
21.389 -1.7889 0.051527 90 67 36
21.444 -1.7779 0.01851 95 58 24
21.443 -1.8054 0.098104 105 78 35
21.472 -1.7717 0.013693 86 53 12
21.414 -1.7974 0.065826 101 73 34
21.425 -1.7917 0.0061683 90 63 28
21.421 -1.6996 0.046235 96 59 5
21.449 -1.7343 0.048543 92 55 9
21.462 -1.7183 0.057741 92 60 21
21.468 -1.7272 0.023477 92 55 19
21.444 -1.7375 0.010956 90 56 5
21.4 -1.712 0.035592 89 54 7
21.418 -1.6569 0.04069 84 50 0
21.467 -1.6978 0.074498 98 60 23
21.425 -1.6839 0.02441 88 52 0
21.465 -1.6655 0.012947 84 53 0
21.455 -1.6828 0.0018312 78 46 25
21.462 -1.6754 0.07073 87 55 7
21.407 -1.648 0.057382 87 53 0
21.44 -1.6862 0.060422 95 62 19
21.438 -1.688 0.041741 87 52 0
21.43 -1.6898 0.0055445 79 46 3
21.521 -1.7157 0.012745 83 51 0
21.425 -1.5957 0.047881 91 57 0
21.457 -1.6404 0.012714 85 52 9
21.502 -1.6434 0.020097 82 51 0
21.424 -1.5746 0.043468 89 52 0
21.47 -1.619 0.061837 94 59 11
21.442 -1.6114 0.0082459 77 47 13
21.427 -1.6298 0.10769 91 58 13
21.4 -1.6021 0.051774 94 56 7
21.522 -1.6469 0.072423 97 62 15
22.334 -1.9821 -0.047583 80 44 4
22.313 -1.9748 -0.02282 83 51 13
22.357 -1.9925 -0.080453 59 32 0
22.361 -1.9935 -0.070799 65 37 6
22.332 -1.9821 -0.056696 71 38 0
22.335 -1.9822 -0.048256 80 44 4
22.323 -1.9763 -0.065386 65 36 5
22.314 -1.9767 -0.032353 85 48 16
22.315 -1.9788 -0.042854 81 45 5
22.319 -1.9833 -0.053448 71 38 3
22.357 -1.9694 -0.074262 82 57 13
22.353 -1.9756 -0.062724 71 48 6
22.356 -1.9643 -0.045388 65 41 7
22.348 -1.9784 -0.031549 88 51 17
22.355 -1.9649 -0.055015 65 45 10
22.341 -1.9748 -0.039959 81 48 13
22.356 -1.9794 -0.072295 64 35 3
22.353 -1.9744 -0.053452 72 42 8
22.361 -1.96 -0.066705 68 47 20
22.363 -1.9598 -0.056872 67 44 3
22.352 -1.9638 -0.064183 79 56 23
22.343 -1.9526 -0.034066 64 44 19
22.353 -1.9709 -0.033915 74 43 13
22.351 -1.971 -0.04315 80 48 0
22.354 -1.9554 -0.075907 77 57 23
22.334 -1.9704 -0.04874 64 38 0
22.299 -1.9458 -0.055466 65 36 2
22.355 -1.9798 -0.081757 62 37 5
22.385 -1.9582 -0.082455 62 38 2
22.393 -1.9634 -0.073696 58 36 12
22.404 -1.9607 -0.067619 63 38 16
22.398 -1.9568 -0.076286 59 37 14
22.38 -1.9612 -0.051878 65 39 14
22.37 -1.961 -0.030435 71 45 20
22.365 -1.9589 -0.039532 62 42 17
22.374 -1.9577 -0.060751 64 39 17
22.433 -1.9803 -0.044425 65 40 18
22.41 -1.9644 -0.059223 66 43 0
22.418 -1.9697 -0.051344 64 40 4
22.392 -1.9611 -0.064599 62 37 14
22.369 -1.955 -0.06975 62 39 8
22.393 -1.9579 -0.037188 64 39 17
22.365 -1.9598 -0.048701 64 41 8
22.371 -1.9578 -0.07904 61 37 9
22.382 -1.961 -0.043047 65 42 11
22.383 -1.9606 -0.034154 62 40 16
22.391 -1.9588 -0.055648 67 44 0
22.392 -1.9582 -0.046438 63 39 3
22.418 -1.9591 -0.052671 79 58 27
22.382 -1.931 -0.068204 80 59 30
21.157 -1.9101 -0.028082 60 38 14
20.618 -1.7592 -0.066624 76 57 27
20.866 -1.8101 -0.032332 100 79 52
20.678 -1.752 -0.076665 89 67 43
20.633 -1.7455 0.037897 80 61 31
20.814 -1.7956 -0.053079 66 49 23
20.628 -1.772 0.044379 82 61 34
20.797 -1.728 -0.017489 93 70 37
20.799 -1.7329 -0.042025 90 70 36
20.815 -1.7569 0.01143 100 75 43
20.713 -1.7321 -0.059329 96 72 46
20.959 -1.7727 -0.076623 86 64 40
20.832 -1.7588 0.036179 95 74 43
20.776 -1.6971 -0.045093 88 64 36
20.829 -1.7529 -0.091953 87 67 30
20.861 -1.7437 0.028312 93 73 39
20.842 -1.7407 0.0049182 94 69 46
20.864 -1.7399 -0.097533 85 65 38
20.822 -1.746 -0.067477 92 72 37
20.824 -1.7642 -0.01011 103 77 50
20.699 -1.7319 -0.082651 92 68 42
20.529 -1.675 0.065566 102 77 45
20.805 -1.7617 -0.033628 100 77 43
20.784 -1.6961 -0.02088 85 63 39
21.084 -1.7623 -0.025069 82 61 32
20.967 -1.7349 0.0098234 88 67 36
21.024 -1.7414 -0.04474 81 60 29
21.023 -1.7486 -0.090047 85 66 36
20.901 -1.7335 0.02142 87 66 35
20.839 -1.7132 0.0017431 88 66 25
21.086 -1.7506 -0.097756 80 59 30
21.131 -1.7662 -0.076701 82 61 32
21.133 -1.756 -0.012018 84 63 34
20.981 -1.7369 0.031841 89 65 37
20.927 -1.7308 -0.057111 90 67 36
21.096 -1.7637 -0.0047564 82 63 33
21.154 -1.7687 -0.035216 85 65 30
20.913 -1.7292 -0.080498 86 65 34
20.98 -1.7482 -0.036365 89 63 36
20.959 -1.7357 -0.01316 84 62 38
21.127 -1.7606 -0.054611 82 62 35
21.146 -1.7811 0.013047 83 62 35
20.999 -1.7348 -0.066754 82 62 35
21.165 -1.7664 0.0059397 87 67 32
21.195 -1.774 -0.10449 84 63 36
21.188 -1.7673 -0.083485 83 64 32
21.299 -1.7725 -0.098184 84 63 32
21.428 -1.8193 -0.027417 91 67 39
21.261 -1.7856 -0.0055316 86 67 27
21.429 -1.8056 -0.06834 85 65 31
21.446 -1.8166 -0.08753 88 65 32
21.435 -1.8287 -0.064836 85 64 33
21.45 -1.8322 -0.047323 91 67 39
21.377 -1.8048 -0.081496 86 65 38
21.357 -1.8198 -0.093893 83 62 35
21.419 -1.8118 -0.0076571 93 70 39
21.258 -1.7877 -0.025359 85 65 31
21.447 -1.8567 -0.078385 86 65 38
21.44 -1.8169 -0.10601 88 63 31
21.423 -1.7938 -0.012942 97 74 41
21.418 -1.7858 -0.10957 64 42 3
21.402 -1.7546 -0.094524 65 39 14
21.449 -1.7922 -0.054814 72 44 7
21.409 -1.79 -0.02948 90 70 35
21.417 -1.7733 -0.034176 74 47 4
21.426 -1.7697 -0.1139 64 40 4
21.44 -1.7614 -0.019083 78 51 16
21.423 -1.7996 -0.04938 85 62 31
21.428 -1.7876 -0.090673 69 45 17
21.442 -1.7913 -0.072514 68 45 14
21.441 -1.7649 -0.038876 76 45 14
21.431 -1.7772 -0.016967 80 49 19
21.41 -1.7527 -0.056355 70 42 11
21.408 -1.7546 -0.074866 66 41 18
21.552 -1.8067 -0.08403 66 37 16
21.396 -1.7158 -0.0022266 76 48 17
21.423 -1.6945 -0.051918 64 35 1
21.456 -1.7494 -0.028452 78 45 14
21.437 -1.7428 -0.04545 69 39 15
21.457 -1.7267 -0.0092431 78 49 5
21.466 -1.7149 -0.036452 68 39 5
21.466 -1.6513 -0.025267 73 41 0
21.409 -1.6458 -0.056491 63 36 1
21.422 -1.6441 -0.0015217 77 44 3
21.514 -1.7178 -0.022634 73 45 14
21.435 -1.6366 -0.041968 66 38 0
21.485 -1.6822 -0.026224 72 41 20
21.442 -1.6609 -0.042513 68 39 0
21.422 -1.6735 -0.053331 68 39 8
21.445 -1.6831 -0.035766 71 41 7
21.465 -1.6304 -0.032692 66 39 0
21.428 -1.612 -0.048179 66 38 0
22.344 -1.985 -0.097872 55 32 1
22.321 -1.9821 -0.11385 53 28 8
22.358 -1.9944 -0.08924 58 31 0
22.341 -1.972 -0.099357 54 33 4
22.339 -1.9937 -0.10541 57 29 0
22.362 -1.9579 -0.12611 57 36 7
22.349 -1.9576 -0.11402 56 38 14
22.354 -1.9685 -0.083639 84 57 20
22.371 -1.9608 -0.09767 66 37 15
22.357 -1.966 -0.13324 56 35 18
22.346 -1.9746 -0.090778 59 33 8
22.381 -1.9927 -0.11318 58 35 17
22.352 -1.9683 -0.092643 75 52 10
22.355 -1.9716 -0.10237 61 41 4
22.352 -1.9586 -0.10465 62 43 13
22.36 -1.9536 -0.10662 63 41 18
22.35 -1.9581 -0.11391 56 38 14
22.353 -1.9615 -0.12378 57 37 2
22.361 -1.9789 -0.12225 53 35 0
22.352 -1.9566 -0.095126 65 44 1
22.364 -1.9607 -0.13559 54 36 0
22.351 -1.9546 -0.084896 72 47 17
22.365 -1.9585 -0.11625 56 35 4
22.361 -1.9808 -0.13162 52 35 5
22.42 -1.9672 -0.098218 74 52 15
22.398 -1.961 -0.10359 60 38 17
22.392 -1.9578 -0.11273 58 36 13
22.397 -1.9591 -0.09462 59 37 13
22.386 -1.955 -0.13101 57 34 1
22.368 -1.9573 -0.088369 65 41 7
22.381 -1.9592 -0.10996 57 39 17
22.402 -1.9562 -0.12428 76 54 30
22.375 -1.9559 -0.11902 60 37 3
22.383 -1.9583 -0.091343 63 39 1
22.379 -1.9567 -0.10069 61 35 18
22.389 -1.9567 -0.12181 56 36 0
22.369 -1.9535 -0.1369 60 37 4
22.413 -1.963 -0.1068 74 53 24
22.408 -1.9602 -0.1154 77 54 23
22.373 -1.9554 -0.12809 55 37 15
21.685 -2.117 -0.1607 75 59 26
21.657 -2.1043 -0.14365 78 58 34
20.511 -1.7278 -0.091998 77 58 28
20.595 -1.7322 -0.12607 74 58 25
20.859 -1.7944 -0.11214 85 64 33
20.543 -1.7339 -0.24137 35 26 11
20.539 -1.7421 -0.11961 78 57 26
20.678 -1.7524 -0.2402 64 49 26
20.787 -1.7636 -0.24494 77 57 32
20.785 -1.7496 -0.16717 69 52 32
20.692 -1.7196 -0.19385 69 48 27
20.782 -1.7169 -0.14732 88 65 34
20.784 -1.7221 -0.17251 76 59 31
20.839 -1.7253 -0.22884 82 62 35
20.874 -1.7651 -0.22143 77 60 34
20.866 -1.7189 -0.12744 85 64 35
20.836 -1.7464 -0.19757 73 56 28
20.833 -1.7629 -0.14167 70 53 27
20.802 -1.7201 -0.12144 86 63 32
20.889 -1.7404 -0.20425 83 64 34
20.86 -1.7686 -0.11694 87 63 35
20.828 -1.708 -0.151 84 63 34
21.11 -1.752 -0.19138 77 56 25
21.181 -1.7715 -0.12614 82 63 33
21.083 -1.7568 -0.14116 79 59 35
21.116 -1.7471 -0.14708 81 62 30
21.126 -1.7625 -0.21305 79 59 32
21.052 -1.748 -0.16393 80 59 30
20.862 -1.7128 -0.10258 88 62 37
20.894 -1.7123 -0.18366 86 63 32
21.02 -1.7515 -0.11301 81 61 27
20.984 -1.7406 -0.13528 82 59 28
21.133 -1.758 -0.1694 79 60 30
20.963 -1.7361 -0.15926 87 66 37
20.98 -1.7298 -0.23536 81 60 29
20.918 -1.7259 -0.2065 84 63 34
21.05 -1.7511 -0.18694 78 57 30
20.837 -1.6981 -0.23384 88 64 36
21.075 -1.7498 -0.11919 80 59 32
21.108 -1.7586 -0.23621 79 60 30
21.007 -1.7371 -0.21146 78 59 29
21.296 -1.796 -0.11271 83 64 24
21.503 -1.8492 -0.12572 85 62 28
21.441 -1.8061 -0.16547 56 35 6
21.449 -1.8271 -0.14353 85 62 28
21.44 -1.8258 -0.16238 83 63 29
21.472 -1.8297 -0.22327 80 61 27
21.449 -1.8067 -0.14689 63 41 18
21.445 -1.7614 -0.13692 61 37 0
21.438 -1.7612 -0.15443 61 37 9
21.364 -1.7272 -0.17666 58 36 0
21.412 -1.7865 -0.12815 64 41 8
21.456 -1.7587 -0.21722 55 30 10
21.43 -1.7747 -0.13304 63 38 8
21.438 -1.7812 -0.15113 62 37 7
21.43 -1.7634 -0.19319 58 34 0
21.381 -1.742 -0.21552 56 34 10
21.434 -1.7885 -0.21047 57 35 11
21.449 -1.7148 -0.22542 49 27 3
21.412 -1.6714 -0.20969 53 32 5
22.342 -1.9684 -0.15048 49 28 7
22.354 -1.9761 -0.14148 52 33 1
22.37 -1.9829 -0.18149 53 31 16
22.363 -1.9794 -0.1914 53 33 9
22.376 -1.9661 -0.18557 55 34 5
22.352 -1.9552 -0.16486 55 34 3
22.353 -1.9548 -0.15484 59 37 0
22.361 -1.9751 -0.17197 52 37 6
22.357 -1.9676 -0.14359 58 35 4
22.36 -1.9587 -0.14517 58 35 17
22.345 -1.9371 -0.15609 60 38 1
22.335 -1.9437 -0.17509 58 37 6
22.349 -1.9556 -0.18453 52 33 3
22.35 -1.9576 -0.1945 51 31 4
22.358 -1.9712 -0.16294 54 32 8
22.37 -1.9625 -0.1954 56 36 9
22.353 -1.9656 -0.15255 50 33 13
22.383 -1.9537 -0.14044 60 34 7
22.39 -1.9558 -0.18982 61 42 0
22.398 -1.9517 -0.19149 78 57 28
22.387 -1.9501 -0.17089 56 39 13
22.379 -1.9535 -0.15955 59 33 16
22.417 -1.9631 -0.16321 80 57 24
22.398 -1.9569 -0.15212 71 44 33
22.383 -1.9487 -0.18056 64 40 4
22.383 -1.9553 -0.14971 56 34 13
22.376 -1.9534 -0.17743 53 31 16
22.401 -1.9582 -0.14243 69 49 15
22.368 -1.9488 -0.1872 50 33 7
22.41 -1.959 -0.17237 80 58 34
22.401 -1.9527 -0.18263 77 57 23
20.7 -1.7694 -0.29387 63 48 25
20.842 -1.7884 -0.26799 75 58 32
20.776 -1.7689 -0.29805 76 56 21
20.607 -1.7318 -0.26901 62 50 26
20.46 -1.7109 -0.27072 31 24 6
20.856 -1.7847 -0.3731 73 53 29
20.415 -1.6913 -0.42812 51 39 15
20.727 -1.756 -0.32476 78 61 33
20.511 -1.694 -0.42673 50 35 16
20.834 -1.7364 -0.30521 77 58 26
20.861 -1.7644 -0.24686 78 58 31
20.782 -1.7119 -0.28257 83 62 31
20.816 -1.716 -0.38864 81 61 36
20.614 -1.6862 -0.34075 74 57 29
20.841 -1.7525 -0.38075 72 55 27
20.884 -1.7338 -0.332 84 63 32
20.876 -1.7177 -0.25643 85 64 35
20.85 -1.7025 -0.39044 83 62 31
20.843 -1.7221 -0.36062 83 62 35
20.816 -1.7519 -0.27342 76 57 27
20.914 -1.7414 -0.3053 85 64 35
20.771 -1.7397 -0.3025 75 56 22
20.893 -1.7634 -0.32572 76 56 31
20.852 -1.7522 -0.35491 74 55 25
20.817 -1.721 -0.25445 82 62 35
20.849 -1.698 -0.36547 84 63 34
21.007 -1.7363 -0.35833 79 58 31
21.066 -1.7487 -0.28335 78 59 29
21.12 -1.7551 -0.33169 76 57 25
21.037 -1.7406 -0.30942 79 60 30
20.937 -1.7248 -0.30921 85 63 39
21.135 -1.7504 -0.26282 78 58 31
21.217 -1.7664 -0.28463 77 61 26
20.958 -1.7249 -0.25935 83 59 31
21.08 -1.7507 -0.25968 77 56 29
20.943 -1.7232 -0.2855 85 62 29
21.164 -1.759 -0.23993 80 61 29
20.914 -1.7197 -0.33358 83 63 29
21.12 -1.7478 -0.28566 78 59 27
21.018 -1.7366 -0.33415 78 57 28
21.122 -1.7523 -0.31005 77 58 26
21.488 -1.8405 -0.24098 79 59 22
21.42 -1.7943 -0.28622 54 34 10
21.428 -1.7918 -0.24829 61 43 7
21.422 -1.8161 -0.28275 79 59 32
21.364 -1.7923 -0.30742 71 51 24
21.458 -1.8294 -0.26064 78 58 24
21.22 -1.7643 -0.26426 78 58 24
21.435 -1.7984 -0.26649 58 38 13
21.427 -1.7595 -0.31422 51 27 0
21.44 -1.7804 -0.27134 57 31 17
21.417 -1.7835 -0.22897 58 36 15
21.419 -1.7434 -0.23704 51 30 3
21.435 -1.7873 -0.3307 51 31 7
21.475 -1.7605 -0.29624 48 26 2
21.425 -1.7668 -0.23321 56 33 0
21.44 -1.7834 -0.2904 50 33 3
21.449 -1.7818 -0.25121 53 27 2
21.449 -1.7675 -0.29428 49 28 0
21.441 -1.7698 -0.33309 48 28 3
21.434 -1.7835 -0.31113 48 29 12
21.46 -1.7671 -0.25363 51 30 0
21.462 -1.7598 -0.33605 46 23 7
21.463 -1.7575 -0.31491 46 23 7
21.463 -1.6902 -0.29044 50 26 0
21.477 -1.7004 -0.31017 49 24 2
21.479 -1.7534 -0.24117 51 30 3
21.446 -1.7157 -0.24338 50 30 5
21.466 -1.7031 -0.23203 52 32 0
21.472 -1.7182 -0.30302 49 28 7
21.434 -1.701 -0.32768 43 27 2
21.439 -1.7216 -0.30303 50 27 9
21.467 -1.7389 -0.32246 48 27 8
21.357 -1.6759 -0.28736 48 26 2
21.482 -1.6714 -0.2397 49 26 8
21.578 -1.6921 -0.27567 49 28 0
21.445 -1.6624 -0.3136 50 26 0
21.484 -1.6523 -0.24088 54 29 0
21.466 -1.6656 -0.25688 51 33 13
21.552 -1.6968 -0.27421 51 25 11
21.519 -1.7005 -0.28946 48 24 0
21.449 -1.6767 -0.25374 51 26 4
21.446 -1.6333 -0.26051 50 25 3
21.498 -1.6403 -0.24703 49 28 0
21.428 -1.6022 -0.26974 50 27 9
21.545 -1.6532 -0.28444 47 26 0
21.45 -1.6002 -0.30944 48 27 0
22.362 -1.9851 -0.24015 49 31 11
22.344 -1.9669 -0.21248 47 29 7
22.361 -1.9729 -0.24343 47 26 9
22.36 -1.9852 -0.25015 44 23 4
22.331 -1.9739 -0.25078 43 22 3
22.353 -1.9729 -0.20222 50 30 5
22.337 -1.965 -0.23272 47 26 9
22.362 -1.9756 -0.25256 49 30 0
22.327 -1.9696 -0.24139 44 23 2
22.366 -1.9484 -0.19688 57 34 3
22.374 -1.9563 -0.20658 55 33 20
22.377 -1.9511 -0.23842 51 29 8
22.353 -1.9516 -0.21643 53 32 15
22.358 -1.9571 -0.22569 53 33 0
22.352 -1.9637 -0.22379 48 32 0
22.357 -1.9685 -0.23372 49 28 9
22.355 -1.9519 -0.2062 60 33 12
22.365 -1.9526 -0.23698 48 30 8
22.359 -1.9493 -0.24746 48 30 6
22.376 -1.9517 -0.24804 52 33 0
22.374 -1.9577 -0.2164 57 32 12
22.363 -1.9497 -0.22721 51 29 8
22.356 -1.9572 -0.23583 54 30 20
22.355 -1.9631 -0.20354 48 32 6
22.361 -1.962 -0.24552 45 27 5
22.354 -1.9636 -0.21378 52 32 8
22.402 -1.9559 -0.20072 76 58 34
22.409 -1.9556 -0.23984 76 57 27
22.384 -1.956 -0.22759 48 31 5
22.389 -1.9514 -0.24928 62 44 4
22.398 -1.9552 -0.21991 78 53 31
22.391 -1.9502 -0.22989 76 56 32
22.381 -1.9518 -0.21866 50 30 3
22.393 -1.9532 -0.23932 61 42 8
22.388 -1.9564 -0.2081 54 33 16
22.392 -1.9584 -0.19919 51 31 6
22.364 -1.9063 -0.24778 70 49 18
20.774 -1.7642 -0.43459 73 52 31
20.867 -1.7932 -0.39757 76 56 31
20.598 -1.7158 -0.53942 70 54 29
20.625 -1.7304 -0.56217 37 23 10
20.556 -1.7253 -0.50569 54 38 15
20.61 -1.7148 -0.50814 71 54 24
20.685 -1.7368 -0.4715 71 54 28
20.874 -1.7879 -0.50484 68 52 27
20.796 -1.7637 -0.54568 68 50 30
20.796 -1.7176 -0.44376 80 60 33
20.825 -1.7156 -0.52531 80 61 29
20.807 -1.7445 -0.41047 75 55 28
20.772 -1.6759 -0.42551 81 61 26
20.796 -1.7363 -0.55034 73 53 26
20.835 -1.7465 -0.51741 73 53 26
20.882 -1.7552 -0.4594 71 54 24
20.813 -1.7156 -0.55375 79 58 31
20.816 -1.7074 -0.49926 82 61 30
20.853 -1.7485 -0.48919 72 54 30
20.823 -1.7235 -0.41507 81 62 32
20.769 -1.7346 -0.43986 71 53 29
20.82 -1.6815 -0.50557 82 61 32
20.882 -1.7288 -0.46454 80 59 32
20.811 -1.6825 -0.53315 78 57 30
20.955 -1.753 -0.43002 81 60 33
21.113 -1.7478 -0.45189 75 56 24
21.051 -1.7254 -0.48436 74 55 21
21.186 -1.7557 -0.44713 76 57 27
20.853 -1.6903 -0.4752 81 61 27
20.971 -1.7257 -0.38684 81 57 31
21.029 -1.7247 -0.38595 78 58 33
20.972 -1.7259 -0.38687 81 57 31
21.001 -1.7293 -0.48489 77 56 27
20.997 -1.732 -0.51214 73 53 26
21.149 -1.7595 -0.42471 76 56 29
20.96 -1.7254 -0.41217 76 56 19
21.042 -1.7382 -0.43143 74 53 32
20.875 -1.6949 -0.44697 76 55 26
21.002 -1.7258 -0.4612 77 57 30
21.202 -1.763 -0.44522 76 57 27
21.424 -1.7806 -0.45595 46 26 2
21.464 -1.8277 -0.36184 55 33 12
21.447 -1.8167 -0.34357 58 40 16
21.46 -1.8184 -0.44329 68 50 28
21.426 -1.8134 -0.38715 47 29 7
21.374 -1.7926 -0.4094 54 31 23
21.394 -1.7809 -0.41487 54 37 17
21.315 -1.7468 -0.44628 52 33 16
21.45 -1.79 -0.43018 48 26 3
21.443 -1.7976 -0.36814 53 33 9
21.426 -1.7928 -0.39031 52 36 11
21.469 -1.8069 -0.34545 55 32 16
21.425 -1.7809 -0.45675 46 26 2
21.429 -1.7591 -0.43868 42 25 5
21.48 -1.7719 -0.35235 46 25 0
21.462 -1.7544 -0.44257 41 18 0
21.443 -1.7801 -0.39256 48 27 6
21.442 -1.7732 -0.35289 48 29 0
21.417 -1.7502 -0.4189 42 25 0
21.434 -1.7646 -0.45821 44 22 7
21.453 -1.7819 -0.37078 49 27 4
21.447 -1.7855 -0.41107 48 25 9
21.492 -1.7498 -0.4388 43 21 6
21.41 -1.7401 -0.37891 45 23 2
21.451 -1.7338 -0.34266 47 25 4
21.482 -1.7244 -0.44624 45 17 13
21.495 -1.7112 -0.44738 43 23 0
21.467 -1.7341 -0.42155 47 26 0
22.313 -1.962 -0.26312 50 25 2
22.349 -1.9789 -0.27222 47 26 0
22.356 -1.9723 -0.2632 48 31 3
22.338 -1.9627 -0.29568 44 27 9
22.347 -1.9665 -0.27464 50 26 0
22.358 -1.9662 -0.29543 47 29 7
22.327 -1.9739 -0.27206 41 21 0
22.366 -1.9742 -0.30413 50 25 3
22.339 -1.9618 -0.28527 47 28 0
22.363 -1.9583 -0.2868 53 33 0
22.355 -1.9603 -0.26613 50 29 8
22.355 -1.9585 -0.25584 56 32 6
22.37 -1.9483 -0.25828 53 31 8
22.365 -1.9621 -0.30657 48 33 10
22.357 -1.9642 -0.28529 49 30 0
22.364 -1.9578 -0.27691 55 35 11
22.378 -1.9562 -0.26707 50 28 4
22.358 -1.9457 -0.30984 48 32 6
22.368 -1.9493 -0.27829 49 25 21
22.364 -1.9599 -0.29692 52 30 9
22.383 -1.9522 -0.28845 54 33 12
22.367 -1.9499 -0.28863 51 30 1
22.353 -1.9596 -0.27617 48 28 4
22.378 -1.9493 -0.29924 59 42 14
22.375 -1.9476 -0.30986 50 35 2
22.354 -1.9465 -0.25825 51 25 8
22.335 -1.9325 -0.27085 49 27 3
22.365 -1.9492 -0.29974 48 27 6
22.404 -1.9529 -0.25037 78 54 26
22.387 -1.9536 -0.27823 52 34 14
22.39 -1.954 -0.25867 65 46 14
22.386 -1.9515 -0.2688 50 31 0
22.397 -1.9485 -0.26031 77 59 23
22.394 -1.9473 -0.2704 76 59 33
22.39 -1.9451 -0.28053 78 56 15
22.395 -1.9516 -0.29912 80 58 34
22.393 -1.9485 -0.28994 77 56 37
22.362 -1.906 -0.25775 67 46 15
20.911 -1.7935 -0.60792 70 52 28
20.695 -1.747 -0.66962 35 21 8
20.745 -1.747 -0.72249 69 51 27
20.73 -1.7447 -0.58164 69 51 29
20.62 -1.7095 -0.62847 70 52 30
20.836 -1.7705 -0.64948 69 51 31
20.737 -1.7388 -0.69797 70 53 35
20.568 -1.6962 -0.66756 73 55 33
20.503 -1.7035 -0.67223 42 27 8
20.364 -1.6609 -0.72896 40 24 1
20.738 -1.7674 -0.68815 33 19 8
20.671 -1.7488 -0.73157 43 26 6
20.91 -1.727 -0.54377 79 60 30
20.833 -1.7423 -0.65539 74 55 21
20.801 -1.7022 -0.67228 81 61 27
20.849 -1.7387 -0.6 74 55 23
20.841 -1.7132 -0.63409 80 58 34
20.987 -1.7541 -0.65945 78 59 27
20.819 -1.6772 -0.6446 82 57 34
20.744 -1.7215 -0.58556 70 53 25
20.821 -1.7233 -0.57857 81 60 31
20.774 -1.7245 -0.69563 70 53 23
20.805 -1.7086 -0.69575 78 59 29
20.949 -1.7467 -0.56234 78 59 25
20.857 -1.7148 -0.60461 80 58 21
20.871 -1.7519 -0.62221 73 54 22
21.054 -1.7226 -0.61052 75 56 24
20.831 -1.677 -0.6177 80 60 33
20.933 -1.7018 -0.65101 75 56 26
20.893 -1.6979 -0.57882 75 54 23
20.942 -1.7138 -0.54462 77 58 26
21.049 -1.7413 -0.58105 76 56 22
20.951 -1.7047 -0.62506 78 58 24
21.48 -1.8209 -0.52349 62 47 14
21.46 -1.8148 -0.54772 61 40 21
21.527 -1.8266 -0.53755 33 16 0
21.41 -1.7841 -0.51753 50 32 10
21.499 -1.8131 -0.54391 33 16 0
21.46 -1.8217 -0.46319 53 27 13
21.423 -1.7837 -0.47299 42 22 0
21.453 -1.8147 -0.57008 45 28 0
21.441 -1.7813 -0.53558 41 18 10
21.43 -1.7584 -0.56439 34 16 2
21.422 -1.7411 -0.486 42 24 0
21.44 -1.7603 -0.54151 34 17 0
21.419 -1.7529 -0.56712 34 16 2
21.441 -1.7302 -0.48622 42 20 0
21.451 -1.7321 -0.46444 44 22 0
21.444 -1.7731 -0.47609 39 23 0
21.434 -1.7713 -0.49765 41 25 0
21.549 -1.798 -0.54247 40 18 5
21.468 -1.6995 -0.47053 38 22 0
21.446 -1.7086 -0.46924 42 23 9
21.43 -1.6334 -0.46758 45 23 10
21.497 -1.6363 -0.5059 35 19 2
21.493 -1.6307 -0.48814 38 21 3
21.474 -1.641 -0.48076 38 21 3
21.5 -1.659 -0.49759 41 20 0
21.471 -1.6361 -0.46418 41 25 2
21.467 -1.6578 -0.48082 43 22 5
22.256 -2.0059 -0.35515 37 20 3
21.46 -1.6089 -0.472 40 22 0
21.44 -1.5545 -0.48397 34 15 0
21.5 -1.5878 -0.4548 39 21 11
21.774 -1.7105 -0.47437 0 0 0
22.354 -1.9799 -0.33354 37 25 1
22.342 -1.9724 -0.34669 43 19 15
22.33 -1.9662 -0.36969 31 14 0
22.362 -1.9722 -0.31493 45 23 0
22.359 -1.9628 -0.34831 43 23 0
22.364 -1.9694 -0.36734 42 27 0
22.354 -1.9673 -0.32632 44 24 0
22.342 -1.9595 -0.33902 38 21 0
22.364 -1.9658 -0.33665 43 23 0
22.339 -1.9716 -0.35741 41 17 15
22.34 -1.9594 -0.34951 40 26 0
22.384 -1.9562 -0.31767 57 39 0
22.341 -1.9359 -0.34425 53 30 14
22.376 -1.9552 -0.35921 50 27 11
22.375 -1.9504 -0.32957 56 40 7
22.362 -1.9615 -0.3169 45 28 0
22.354 -1.9451 -0.33131 51 28 10
22.389 -1.9536 -0.34901 76 56 29
22.372 -1.9649 -0.36764 51 26 3
22.351 -1.9408 -0.3218 51 32 0
22.38 -1.9559 -0.33829 51 28 12
22.37 -1.949 -0.35077 54 33 14
22.356 -1.9492 -0.35061 50 32 10
22.385 -1.9516 -0.35992 75 56 16
22.389 -1.9505 -0.3296 77 54 21
22.387 -1.9505 -0.33987 78 58 24
22.36 -1.9607 -0.32745 50 29 2
22.421 -1.9578 -0.34714 77 57 7
22.414 -1.953 -0.35865 80 59 16
22.403 -1.9512 -0.32924 77 57 30
22.398 -1.956 -0.30804 72 52 18
22.385 -1.9458 -0.3204 77 60 17
22.404 -1.9535 -0.33887 77 59 21
22.387 -1.9179 -0.3586 51 30 0
22.426 -1.9611 -0.33653 78 60 22
22.398 -1.9493 -0.34998 75 56 24
22.397 -1.9498 -0.3599 78 55 22
22.503 -1.9763 -0.3317 22 19 4
22.492 -1.9767 -0.3336 38 30 7
20.813 -1.7592 -0.79589 67 49 29
20.655 -1.7113 -0.89172 69 51 29
20.614 -1.7205 -0.86919 50 27 9
20.767 -1.7472 -0.83397 70 50 25
20.565 -1.7088 -0.91052 46 29 11
20.875 -1.714 -0.7127 79 58 29
20.835 -1.7174 -0.82996 79 59 22
20.811 -1.703 -0.80949 79 58 31
20.855 -1.7026 -0.85708 78 59 27
20.836 -1.7353 -0.76946 74 56 20
20.741 -1.7143 -0.87718 68 51 25
20.843 -1.6883 -0.80669 78 58 21
20.812 -1.6706 -0.78774 81 58 27
20.899 -1.7014 -0.73853 79 60 30
20.821 -1.7021 -0.77988 78 57 26
20.877 -1.7464 -0.73184 72 54 30
20.882 -1.7436 -0.70405 74 55 25
20.818 -1.6958 -0.75217 79 60 30
20.817 -1.7327 -0.80242 72 53 19
20.7 -1.6935 -0.8605 71 51 24
20.883 -1.7089 -0.82373 79 60 28
20.844 -1.7259 -0.85364 77 58 24
21.126 -1.7297 -0.7494 72 52 28
21.042 -1.7182 -0.76774 71 54 24
21.175 -1.7314 -0.76578 69 52 22
20.989 -1.717 -0.74963 74 55 25
21.036 -1.7279 -0.68792 73 56 10
20.912 -1.6799 -0.74493 75 56 16
21.018 -1.7122 -0.79984 74 54 27
21.143 -1.7488 -0.66764 72 55 27
21.087 -1.7289 -0.70564 74 54 27
21.144 -1.7416 -0.76845 71 51 24
21.005 -1.6977 -0.75138 73 53 19
20.969 -1.7131 -0.77748 74 52 28
20.922 -1.6981 -0.81778 75 54 25
20.846 -1.675 -0.72582 78 54 26
20.847 -1.672 -0.86541 75 54 23
21.396 -1.7554 -0.65446 37 15 2
21.333 -1.7801 -0.72489 69 52 22
21.395 -1.7908 -0.60393 46 32 0
21.429 -1.7821 -0.58099 40 19 0
21.419 -1.774 -0.68942 31 19 0
21.422 -1.7824 -0.60112 39 21 7
21.446 -1.7832 -0.66205 37 13 11
21.507 -1.7895 -0.62922 36 19 2
21.433 -1.7594 -0.69188 33 16 0
21.504 -1.7643 -0.6163 34 15 0
21.449 -1.7395 -0.65064 29 12 0
21.456 -1.7255 -0.67355 33 14 0
21.449 -1.7641 -0.66519 34 19 0
21.498 -1.7412 -0.62094 35 13 0
21.435 -1.7112 -0.65776 31 18 0
21.482 -1.7879 -0.57059 36 20 0
21.446 -1.773 -0.60127 40 19 0
21.391 -1.7249 -0.61669 33 14 0
21.431 -1.7411 -0.59083 37 18 2
21.379 -1.7223 -0.64124 35 20 0
21.5 -1.7691 -0.65582 32 12 5
21.496 -1.7572 -0.59905 37 15 2
21.453 -1.7074 -0.57413 37 16 0
21.45 -1.698 -0.66203 31 12 0
21.49 -1.699 -0.65376 31 12 5
21.485 -1.6993 -0.67605 33 13 6
21.471 -1.6121 -0.59531 35 14 11
21.466 -1.6615 -0.64624 28 17 0
21.394 -1.599 -0.66805 29 10 0
21.431 -1.5675 -0.60565 33 14 7
21.453 -1.5561 -0.58872 31 15 2
21.475 -1.6116 -0.57353 26 8 0
22.358 -1.9593 -0.41248 43 27 4
22.359 -1.9671 -0.37848 42 23 6
22.351 -1.9622 -0.39098 38 22 0
22.346 -1.9712 -0.40029 40 22 2
22.343 -1.957 -0.40402 39 22 2
22.366 -1.9667 -0.41974 41 25 2
22.362 -1.9819 -0.38639 39 23 0
22.363 -1.9616 -0.4009 41 26 3
22.363 -1.9604 -0.39047 47 31 5
22.378 -1.9497 -0.3921 65 42 8
22.38 -1.95 -0.38105 61 37 9
22.369 -1.9506 -0.37144 52 29 11
22.392 -1.9482 -0.38116 76 55 28
22.37 -1.947 -0.42528 47 24 16
22.368 -1.9626 -0.37922 42 22 11
22.383 -1.9507 -0.37034 76 57 27
22.392 -1.9508 -0.40101 77 53 27
22.384 -1.9469 -0.42349 76 54 15
22.342 -1.9328 -0.40981 49 28 0
22.389 -1.9499 -0.41182 76 55 24
22.376 -1.9496 -0.40271 58 36 12
22.36 -1.9446 -0.38392 50 32 8
22.374 -1.9487 -0.41375 42 25 5
22.352 -1.9397 -0.39666 54 32 11
22.391 -1.9492 -0.39129 76 54 13
22.385 -1.9689 -0.40694 48 27 10
22.379 -1.9659 -0.41908 50 32 10
22.425 -1.9576 -0.40659 76 55 28
22.404 -1.9487 -0.3901 75 54 25
22.398 -1.9447 -0.4022 77 58 26
22.459 -1.9718 -0.36171 63 45 21
22.504 -2.003 -0.37164 59 43 10
22.41 -1.9516 -0.36885 76 57 27
22.394 -1.9486 -0.37077 77 56 27
22.407 -1.9497 -0.37969 78 56 15
22.439 -1.9685 -0.39253 77 55 32
22.448 -1.9631 -0.37395 59 41 19
22.434 -1.9628 -0.38491 75 56 16
22.397 -1.9462 -0.42252 75 55 18
22.399 -1.9468 -0.41197 76 55 34
22.48 -1.9702 -0.37135 17 10 0
22.499 -1.9748 -0.35013 24 16 0
22.467 -1.967 -0.35375 18 9 2
22.505 -1.9738 -0.37737 14 8 0
22.468 -1.9699 -0.37137 23 18 0
22.495 -1.9752 -0.38775 8 10 9
22.515 -1.9817 -0.36653 12 13 0
20.947 -1.8017 -0.86838 66 49 29
20.558 -1.6983 -1.039 41 24 14
20.866 -1.7638 -1.0111 68 52 19
20.82 -1.7591 -0.9348 69 52 35
20.693 -1.7175 -1.005 70 50 25
20.884 -1.773 -0.86245 67 52 19
20.576 -1.6989 -1.0057 72 55 38
20.606 -1.6907 -1.0647 63 47 30
20.88 -1.7001 -0.93803 78 57 30
20.803 -1.6867 -0.90029 77 57 22
20.849 -1.7199 -0.96816 74 54 29
20.816 -1.6971 -0.92372 77 56 27
20.829 -1.7297 -0.91341 70 53 25
20.816 -1.6691 -0.93023 78 57 30
20.739 -1.7057 -0.99625 67 48 18
20.863 -1.7382 -0.87483 69 53 20
20.846 -1.6913 -0.97505 77 57 30
20.846 -1.6962 -1.0024 78 57 28
20.856 -1.7278 -0.99233 77 56 27
20.853 -1.6714 -1.0078 75 54 27
20.828 -1.7069 -0.94717 77 57 33
20.768 -1.7117 -0.95969 70 51 21
20.846 -1.7289 -1.0231 68 51 25
21.111 -1.7317 -0.80181 70 50 23
20.979 -1.7051 -0.86049 71 51 24
21.188 -1.7414 -0.78578 71 51 26
21.193 -1.7362 -0.8822 75 52 21
21.158 -1.7361 -0.8417 71 54 24
21.086 -1.7175 -0.93928 73 53 19
21.042 -1.7149 -0.89684 69 49 22
20.903 -1.6874 -0.96319 73 54 22
20.981 -1.7105 -0.88483 75 56 24
20.948 -1.7013 -0.92021 71 51 27
21.144 -1.7342 -0.86993 69 52 22
21.118 -1.7272 -0.90213 68 53 12
21.163 -1.7186 -0.87023 70 51 17
21.091 -1.7275 -0.8316 72 53 23
21.026 -1.7128 -0.92825 71 49 25
21.032 -1.7063 -0.87597 70 52 28
21.142 -1.7249 -0.82219 70 52 28
21.019 -1.7141 -0.95467 72 53 21
21.015 -1.7157 -0.82341 71 52 18
21.426 -1.7696 -0.77956 33 15 5
21.484 -1.8155 -0.73113 47 24 0
21.234 -1.7425 -0.79987 71 56 27
21.446 -1.7762 -0.74894 32 14 4
21.19 -1.7265 -0.83734 73 53 26
21.433 -1.7667 -0.73064 33 16 0
21.44 -1.787 -0.70648 35 18 0
21.356 -1.7686 -0.72545 49 25 0
21.298 -1.7606 -0.85238 70 55 24
21.264 -1.7525 -0.76783 69 52 26
21.447 -1.7943 -0.72113 44 23 0
21.423 -1.7221 -0.76629 34 10 8
21.453 -1.7552 -0.73128 33 15 3
21.421 -1.7354 -0.72003 32 14 2
21.48 -1.755 -0.76744 32 13 0
21.419 -1.7559 -0.71358 31 16 0
21.364 -1.6696 -0.78939 31 11 10
21.431 -1.7476 -0.75821 28 16 0
21.466 -1.7683 -0.77073 25 15 3
21.462 -1.7356 -0.71143 31 11 4
21.469 -1.7423 -0.73142 30 12 2
21.397 -1.6545 -0.72145 29 16 0
21.442 -1.7005 -0.70363 27 14 0
21.448 -1.7103 -0.74137 28 12 0
21.456 -1.6899 -0.72736 31 12 5
21.386 -1.6812 -0.78287 29 9 8
22.34 -1.9648 -0.47979 34 22 0
22.367 -1.9628 -0.47521 46 28 4
22.334 -1.9615 -0.49221 31 17 6
22.361 -1.9598 -0.48742 38 23 2
22.361 -1.9695 -0.4751 33 22 0
22.399 -1.9495 -0.43176 75 55 28
22.371 -1.9445 -0.48997 71 52 18
22.382 -1.9491 -0.45499 61 39 2
22.378 -1.9449 -0.44606 73 56 26
22.395 -1.9473 -0.44305 74 57 31
22.387 -1.9445 -0.47669 76 56 22
22.387 -1.9432 -0.46637 72 52 25
22.379 -1.944 -0.43543 72 54 34
22.382 -1.942 -0.48844 73 53 19
22.383 -1.9516 -0.46467 68 46 7
22.376 -1.9469 -0.4778 70 45 23
22.39 -1.9448 -0.45499 71 52 18
22.432 -1.9491 -0.46885 74 54 29
22.402 -1.9436 -0.45364 71 51 24
22.409 -1.9505 -0.46124 73 53 18
22.437 -1.9525 -0.45667 77 57 23
22.448 -1.9508 -0.4563 75 53 29
22.417 -1.9526 -0.41877 72 52 25
22.424 -1.9535 -0.46851 73 56 28
22.454 -1.9575 -0.46308 76 57 23
22.475 -1.9726 -0.42865 19 18 0
22.419 -1.9474 -0.46061 77 57 32
22.399 -1.9428 -0.47556 77 56 29
22.403 -1.9431 -0.4434 75 54 33
22.49 -1.9719 -0.39764 28 25 16
22.48 -1.9687 -0.4472 77 55 32
22.474 -1.9691 -0.40923 14 3 1
22.482 -1.9668 -0.41856 14 8 8
22.506 -1.9798 -0.42224 7 12 6
22.484 -1.9701 -0.42821 26 9 0
22.5 -1.9709 -0.39739 25 15 5
22.479 -1.9639 -0.40938 38 29 0
22.492 -1.9687 -0.44607 73 53 28
22.514 -1.9755 -0.41293 14 16 15
20.766 -1.7082 -1.1075 66 48 24
20.961 -1.7208 -0.99386 75 54 27
20.891 -1.6969 -1.0471 76 55 26
20.825 -1.6978 -1.0659 75 56 26
20.885 -1.6994 -1.0766 76 55 28
20.818 -1.6899 -1.0409 75 55 18
20.828 -1.7197 -1.1756 68 53 24
20.859 -1.7165 -1.0808 76 56 31
20.841 -1.7195 -1.1422 72 55 25
20.837 -1.6848 -1.1237 73 53 26
20.791 -1.6713 -1.17 73 57 24
20.785 -1.6742 -1.2008 75 55 28
20.815 -1.7221 -1.0631 66 50 15
20.867 -1.7246 -1.104 76 55 28
21.077 -1.7182 -0.96625 67 50 22
21.046 -1.7091 -1.0041 72 52 27
21.101 -1.7122 -1.014 71 52 22
21.008 -1.7019 -1.0687 70 51 19
20.993 -1.7002 -1.1016 68 54 18
20.947 -1.6932 -1.0328 73 54 24
21.124 -1.7271 -1.028 67 50 20
20.878 -1.669 -1.0873 71 54 26
21.197 -1.7422 -0.90455 70 50 26
20.956 -1.6923 -1.0042 70 52 12
21.18 -1.7317 -1.0363 70 52 28
21.222 -1.7419 -0.97141 66 48 24
21.054 -1.7173 -1.0244 70 53 25
21.054 -1.7003 -1.0837 70 53 23
20.951 -1.6873 -1.1443 70 54 21
21.137 -1.7239 -0.97471 69 53 18
20.882 -1.6755 -1.1121 70 52 16
21.119 -1.7115 -0.95758 68 51 25
21.187 -1.7303 -1.0088 66 49 21
21.331 -1.7691 -0.93524 70 51 21
21.173 -1.7158 -0.96658 70 53 27
21.277 -1.7478 -0.97845 68 51 21
21.233 -1.7316 -1.0208 69 51 29
21.231 -1.738 -0.92162 67 50 22
21.254 -1.7444 -0.89047 71 52 20
22.268 -1.9392 -0.53494 32 20 0
22.341 -1.9475 -0.52822 35 16 10
22.38 -1.9642 -0.49358 52 32 0
22.353 -1.9554 -0.51296 36 24 0
22.369 -1.957 -0.50908 50 29 10
22.357 -1.9576 -0.50035 40 16 4
22.384 -1.9617 -0.5371 49 26 10
22.375 -1.963 -0.51711 46 27 21
22.397 -1.9453 -0.50685 79 58 29
22.395 -1.9419 -0.49752 76 56 32
22.402 -1.9416 -0.53915 72 55 29
22.376 -1.9397 -0.51208 77 57 23
22.365 -1.9405 -0.50327 54 32 11
22.372 -1.9505 -0.53196 52 32 8
22.388 -1.9417 -0.54152 74 54 27
22.38 -1.9447 -0.53251 71 53 15
22.4 -1.9449 -0.48543 74 53 26
22.393 -1.943 -0.51893 77 56 25
22.385 -1.9481 -0.51899 72 53 23
22.382 -1.9427 -0.49951 75 55 28
22.357 -1.9351 -0.51678 63 40 22
22.331 -1.9153 -0.53914 71 52 22
22.375 -1.9423 -0.54499 74 57 27
22.391 -1.9429 -0.52981 77 53 25
22.43 -1.9509 -0.49918 75 55 28
22.41 -1.9463 -0.51457 75 54 33
22.418 -1.9492 -0.48108 74 53 34
22.416 -1.9487 -0.49205 76 54 30
22.448 -1.9545 -0.48486 77 57 33
22.443 -1.9509 -0.49729 75 55 31
22.424 -1.9467 -0.51187 73 55 17
22.459 -1.955 -0.50291 76 56 32
22.428 -1.9481 -0.49007 76 55 26
22.404 -1.9419 -0.52779 76 54 30
22.456 -1.9534 -0.51391 73 55 31
22.426 -1.9495 -0.52103 77 57 32
22.434 -1.9516 -0.47808 73 55 17
22.438 -1.9483 -0.51955 76 56 29
22.423 -1.9479 -0.5325 76 56 32
22.442 -1.951 -0.50736 72 52 28
22.46 -1.9552 -0.49258 76 54 30
22.448 -1.9531 -0.47518 75 55 30
22.411 -1.9457 -0.5043 74 57 27
22.489 -1.9594 -0.4864 76 54 31
22.464 -1.9566 -0.47192 77 55 31
22.46 -1.9541 -0.48325 77 55 31
22.487 -1.9587 -0.49659 76 56 31
22.472 -1.9546 -0.49086 73 53 29
22.487 -1.9568 -0.4778 74 52 28
22.463 -1.9545 -0.46266 76 54 30
22.48 -1.9588 -0.45874 76 56 22
22.47 -1.9549 -0.5114 74 56 32
22.505 -1.9621 -0.46359 74 55 38
22.492 -1.9603 -0.46667 77 55 34
22.471 -1.9548 -0.5008 78 57 28
22.476 -1.9576 -0.4794 75 58 28
22.505 -1.9631 -0.47289 70 50 23
22.501 -1.9599 -0.48416 73 55 33
22.478 -1.9585 -0.46888 79 55 29
22.484 -1.9567 -0.5075 73 57 32
22.49 -1.9579 -0.45757 76 56 22
22.498 -1.9581 -0.49481 77 58 28
20.768 -1.7173 -1.3158 65 46 30
20.696 -1.7089 -1.2804 59 44 11
20.647 -1.6963 -1.332 63 47 24
20.806 -1.6747 -1.3131 74 52 28
20.767 -1.6935 -1.3523 70 53 23
20.825 -1.6876 -1.3324 74 55 23
20.805 -1.7211 -1.2414 66 46 22
20.88 -1.7273 -1.2431 71 55 29
20.886 -1.6923 -1.1932 73 52 25
20.847 -1.7041 -1.2024 71 54 28
20.846 -1.7089 -1.2309 72 56 7
20.787 -1.709 -1.2197 69 51 31
20.85 -1.7206 -1.2849 67 51 28
20.825 -1.6723 -1.2468 72 56 23
20.782 -1.66 -1.2961 75 53 29
21.202 -1.7299 -1.1053 68 49 17
21.143 -1.7072 -1.1574 67 51 28
21.206 -1.7276 -1.0784 67 50 24
21.055 -1.7104 -1.1315 70 48 24
21.017 -1.6982 -1.1759 69 52 26
21.141 -1.7181 -1.0772 69 49 15
21.095 -1.7231 -1.0886 68 50 28
21.116 -1.7159 -1.1379 67 50 20
20.892 -1.6721 -1.2246 68 52 27
21.169 -1.7437 -1.1376 67 51 26
21.093 -1.7146 -1.1979 68 49 17
21.122 -1.702 -1.192 66 48 26
20.955 -1.6762 -1.2316 68 51 25
20.852 -1.65 -1.2155 68 52 19
20.91 -1.6621 -1.2785 68 48 23
21.145 -1.7245 -1.0995 68 49 15
21.291 -1.7471 -1.0703 66 50 24
21.22 -1.7297 -1.049 68 48 23
21.263 -1.7381 -1.1064 65 47 23
20.977 -1.5774 -1.2541 36 18 6
22.395 -1.9408 -0.58394 71 51 27
22.384 -1.9396 -0.55431 74 53 24
22.392 -1.9393 -0.5964 75 55 31
22.364 -1.9362 -0.57072 74 53 34
22.403 -1.945 -0.55908 72 56 23
22.386 -1.9465 -0.59563 73 48 26
22.395 -1.9393 -0.57372 71 55 20
22.381 -1.9411 -0.58755 69 49 24
22.371 -1.9406 -0.55731 74 50 14
22.386 -1.9436 -0.57444 74 53 24
22.403 -1.9438 -0.54887 75 51 25
22.413 -1.9439 -0.57891 71 53 29
22.381 -1.9383 -0.5663 74 50 22
22.427 -1.9454 -0.57434 76 53 35
22.436 -1.9491 -0.54023 71 53 5
22.435 -1.9473 -0.53052 74 55 21
22.443 -1.9476 -0.57008 73 57 24
22.419 -1.9458 -0.54451 72 55 29
22.465 -1.954 -0.54205 75 55 30
22.416 -1.9446 -0.55633 75 54 35
22.457 -1.9475 -0.5564 73 52 33
22.445 -1.9487 -0.55841 74 55 25
22.428 -1.9447 -0.56421 72 56 31
22.434 -1.9484 -0.55091 74 56 32
22.455 -1.9537 -0.52407 71 55 20
22.45 -1.9505 -0.53644 78 55 22
22.459 -1.9506 -0.56505 77 57 33
22.417 -1.9463 -0.5662 76 57 27
22.446 -1.9484 -0.54822 73 54 22
22.483 -1.9569 -0.5172 78 60 14
22.509 -1.9608 -0.52038 75 56 26
22.497 -1.958 -0.50475 73 54 24
22.488 -1.9538 -0.54689 70 53 33
22.48 -1.9553 -0.52852 77 58 28
22.507 -1.96 -0.53079 75 54 25
22.465 -1.9532 -0.53214 76 55 36
22.494 -1.9566 -0.51544 76 52 26
22.508 -1.9618 -0.53961 73 56 30
22.494 -1.9582 -0.53423 72 57 28
22.512 -1.9623 -0.50963 77 53 27
22.477 -1.9548 -0.54897 74 52 11
22.467 -1.9531 -0.52233 72 53 21
22.494 -1.9575 -0.52456 76 57 27
22.477 -1.9533 -0.53977 74 56 32
22.513 -1.9623 -0.49999 77 55 34
20.82 -1.7574 0.2483 105 76 44
20.741 -1.7099 0.20771 89 66 35
20.788 -1.75 0.22903 96 73 42
20.807 -1.7872 0.20791 90 70 43
20.762 -1.7094 0.25452 88 67 36
20.968 -1.7715 0.17262 89 65 37
20.794 -1.7563 0.20519 93 72 41
21.039 -1.7642 0.21955 91 68 37
20.942 -1.7534 0.22057 87 66 37
21.004 -1.7538 0.20253 91 67 41
21.02 -1.764 0.18063 90 65 42
21.096 -1.7679 0.18465 84 62 38
21.063 -1.758 0.1669 80 63 33
21.171 -1.7799 0.14824 83 61 38
21.148 -1.7669 0.17081 83 63 38
21.228 -1.7824 0.13415 84 65 35
21.172 -1.7732 0.18951 86 61 38
21.47 -1.7842 0.11835 101 66 21
21.378 -1.7801 0.13816 95 70 38
21.433 -1.7888 0.10819 103 67 25
21.444 -1.7883 0.14362 129 87 35
21.441 -1.7899 0.12479 122 82 31
21.41 -1.798 0.11447 99 73 33
21.417 -1.7612 0.10685 98 64 13
21.404 -1.7286 0.14151 105 70 23
21.459 -1.6361 0.11013 88 55 10
21.487 -1.6689 0.13179 93 61 10
21.424 -1.6309 0.15762 105 68 34
21.486 -1.6489 0.12305 88 57 3
22.349 -1.9716 -0.017857 74 48 0
22.355 -1.964 -0.011647 76 53 9
22.348 -1.9595 -0.020224 74 50 0
22.347 -1.9685 -0.0088462 76 51 5
22.396 -1.9633 -0.023381 62 39 0
22.374 -1.958 -0.027379 72 46 21
22.384 -1.9631 -0.010259 73 47 0
22.378 -1.9599 -0.018637 72 44 0
22.36 -1.9551 -0.0045607 69 50 16
22.397 -1.9632 -0.014237 66 39 0
22.36 -1.9562 -0.014152 73 49 11
22.398 -1.9667 -0.032236 60 39 8
22.358 -1.956 -0.022592 67 46 0
22.403 -1.9555 -0.0080221 75 51 15
22.394 -1.9494 -0.014657 73 50 19
20.671 -1.7708 0.20828 67 48 31
20.601 -1.751 0.19429 67 49 29
20.883 -1.7425 0.16023 87 64 33
20.829 -1.7257 0.1436 90 67 36
20.673 -1.7391 0.068569 91 70 41
20.811 -1.7536 0.1006 91 71 36
20.811 -1.7493 0.12612 94 73 44
20.716 -1.7591 0.19611 89 68 41
20.777 -1.7452 0.080196 93 69 41
20.861 -1.7894 0.1476 94 70 42
20.6 -1.7225 0.18634 90 68 44
20.796 -1.717 0.12315 87 66 39
20.78 -1.7555 0.18265 92 68 40
20.76 -1.7076 0.10123 87 66 39
20.816 -1.7428 0.17223 92 71 42
20.814 -1.7464 0.14777 94 71 37
20.751 -1.7087 0.078419 92 68 42
20.864 -1.7949 0.12362 95 71 43
20.726 -1.7308 0.060155 96 76 42
21.066 -1.7629 0.14666 84 58 35
21.042 -1.7478 0.034839 83 63 28
21.107 -1.7635 0.093172 83 62 35
20.926 -1.734 0.14725 89 65 31
20.915 -1.7418 0.081258 87 65 28
21.066 -1.7665 0.12444 85 63 24
21.063 -1.7689 0.10389 91 67 41
20.907 -1.7306 0.12682 91 67 41
21.015 -1.7533 0.087967 91 68 35
21.102 -1.7652 0.072535 81 60 31
21.172 -1.7752 0.039284 85 66 36
21.077 -1.7584 0.052621 84 61 30
21.15 -1.7748 0.12959 81 60 39
20.973 -1.749 0.16334 89 65 37
21.179 -1.7748 0.059238 85 64 33
21.094 -1.7546 0.11589 85 63 24
21.006 -1.7535 0.066261 90 66 40
20.922 -1.7407 0.10257 90 66 38
21.009 -1.7585 0.042855 89 66 35
21.175 -1.7803 0.018074 84 63 36
21.42 -1.8088 0.076077 92 67 35
21.234 -1.7882 0.11461 84 64 27
21.225 -1.7877 0.095323 85 65 38
21.408 -1.8061 0.060641 92 69 38
21.418 -1.8171 0.021876 87 68 36
21.367 -1.8016 0.10752 88 65 31
21.423 -1.8163 0.039648 90 66 40
21.192 -1.7771 0.078509 87 66 39
21.227 -1.7767 0.02947 83 65 29
21.425 -1.7739 0.049796 95 61 10
21.428 -1.7897 0.089207 102 67 9
21.459 -1.7733 0.026421 92 55 21
21.434 -1.7843 0.011454 95 61 6
21.432 -1.8115 0.093841 90 64 37
21.439 -1.7836 0.030438 97 63 12
21.449 -1.7715 0.0088143 93 58 2
21.425 -1.8031 -0.0013266 98 75 44
21.438 -1.8062 0.015852 87 65 26
21.446 -1.807 0.034283 91 62 22
21.411 -1.7873 0.055855 93 66 29
21.422 -1.7898 0.072377 99 71 32
21.502 -1.7562 0.014025 92 57 10
21.453 -1.7106 0.014123 85 51 0
21.443 -1.7283 0.002146 81 52 8
21.445 -1.7465 0.021503 88 54 3
21.405 -1.6821 0.036887 92 56 4
21.47 -1.7337 0.055126 94 57 11
21.416 -1.7083 0.041516 91 57 6
21.406 -1.724 0.043971 90 53 17
21.44 -1.7473 0.0037769 86 53 12
21.442 -1.6553 0.063922 98 63 18
21.455 -1.6713 0.0068777 83 48 0
21.458 -1.7047 0.06819 94 60 22
21.456 -1.6835 0.065017 95 59 17
21.442 -1.6612 0.026837 86 54 3
21.434 -1.6744 0.051221 88 54 16
21.433 -1.6386 0.0065862 81 48 7
21.465 -1.6966 0.010723 83 52 0
21.415 -1.6845 0.055226 90 57 14
21.449 -1.6856 0.030916 86 52 14
21.442 -1.5938 0.052363 94 60 0
21.466 -1.6344 0.014725 85 54 0
21.43 -1.6075 0.057208 94 56 7
21.482 -1.6407 0.030924 92 57 12
21.49 -1.6252 0.030152 90 55 0
22.366 -1.9912 -0.067902 65 36 2
22.362 -1.9901 -0.077333 63 36 1
22.336 -1.9768 -0.043631 72 40 0
22.317 -1.9645 -0.051636 69 40 6
22.329 -1.984 -0.049816 75 42 0
22.317 -1.9769 -0.058799 66 37 3
22.335 -1.9874 -0.041389 81 45 5
22.314 -1.9765 -0.067819 64 35 4
22.351 -1.9665 -0.049035 73 43 9
22.356 -1.9631 -0.080162 81 56 12
22.348 -1.9724 -0.027765 73 43 17
22.348 -1.9653 -0.058116 76 53 11
22.346 -1.9597 -0.029388 69 44 22
22.346 -1.9719 -0.036254 81 48 13
22.349 -1.976 -0.04652 74 47 2
22.36 -1.9648 -0.070837 79 58 27
22.354 -1.9808 -0.056801 64 38 0
22.351 -1.9689 -0.067879 85 56 34
22.349 -1.9637 -0.038981 64 45 15
22.36 -1.9597 -0.032586 64 44 19
22.351 -1.9707 -0.077649 77 52 22
22.362 -1.9625 -0.042435 61 43 7
22.366 -1.9667 -0.051947 65 42 9
22.36 -1.964 -0.060958 69 46 13
22.355 -1.9516 -0.081518 67 42 12
22.397 -1.9673 -0.041304 60 38 14
22.389 -1.9621 -0.049325 63 38 15
22.396 -1.9616 -0.079628 58 36 13
22.407 -1.9652 -0.044712 62 38 2
22.361 -1.9535 -0.063131 63 38 16
22.371 -1.9568 -0.036139 65 40 18
22.386 -1.9626 -0.067389 60 38 14
22.405 -1.9647 -0.053504 66 43 0
22.378 -1.9573 -0.076236 61 36 14
22.36 -1.9539 -0.072404 68 45 14
22.364 -1.9548 -0.054424 64 38 13
22.372 -1.9592 -0.045641 64 41 10
22.388 -1.9629 -0.058208 64 39 16
22.397 -1.961 -0.070802 61 36 14
22.401 -1.9628 -0.062262 63 40 0
22.4 -1.9513 -0.063109 82 63 20
22.393 -1.9465 -0.071183 80 58 34
22.407 -1.9553 -0.054833 79 58 29
22.422 -1.9666 -0.047755 75 51 13
20.801 -1.7755 -0.043341 95 73 49
20.673 -1.7341 -0.066503 91 70 41
20.601 -1.7417 -0.083472 76 57 27
20.619 -1.7526 0.054164 83 64 34
20.642 -1.7509 -0.057043 74 57 31
20.521 -1.7233 0.031201 82 63 31
20.78 -1.7057 -0.005143 86 65 36
20.878 -1.7994 -0.023387 97 76 49
20.663 -1.7304 -0.067015 91 70 41
20.756 -1.7007 -0.029276 88 65 32
20.848 -1.7498 0.043838 93 72 43
20.837 -1.7406 -0.082713 85 65 38
20.797 -1.7476 -0.048064 94 74 40
20.813 -1.767 0.027894 103 78 46
20.823 -1.7748 0.0045742 109 84 52
20.821 -1.7437 0.021113 96 73 39
20.834 -1.7225 0.017125 87 66 37
20.807 -1.7247 -0.056452 87 67 32
20.834 -1.7529 -0.0010032 96 72 36
20.817 -1.7507 -0.024374 95 72 38
20.501 -1.6821 0.055916 102 78 50
20.815 -1.7586 -0.077399 94 70 44
20.915 -1.7405 -0.065152 88 64 38
20.877 -1.7298 -0.086979 86 65 34
21.153 -1.7742 2.025e-05 83 62 33
21.057 -1.7488 -0.083447 81 60 33
20.974 -1.7351 -0.05086 85 62 31
21.099 -1.7553 -0.018032 83 58 36
20.995 -1.74 -0.029336 87 61 34
21.08 -1.7545 -0.060889 79 59 34
20.946 -1.745 -0.020215 88 66 25
21.153 -1.7622 -0.068488 86 65 36
20.963 -1.7439 0.024172 89 65 37
20.914 -1.7283 0.0046495 87 66 35
21.181 -1.7775 -0.091113 84 63 34
21.126 -1.7699 -0.041488 80 59 28
21.078 -1.7662 0.010262 83 62 35
21.026 -1.7601 -0.075849 88 64 38
20.951 -1.7338 -0.097172 85 66 36
21.06 -1.7625 -0.0097696 83 64 34
21.216 -1.782 -0.030546 83 63 29
21.429 -1.8079 -0.019376 97 72 40
21.423 -1.8084 -0.03842 94 68 41
21.421 -1.8132 -0.07502 88 67 36
21.439 -1.842 -0.072514 84 63 32
21.383 -1.7988 -0.092916 85 64 33
21.363 -1.8105 -0.088753 83 64 34
21.183 -1.7645 -0.0076869 84 65 25
21.428 -1.8228 -0.11285 83 60 26
21.206 -1.7711 0.010613 86 66 39
21.417 -1.8083 -0.056253 94 71 40
21.179 -1.7539 -0.097433 83 62 35
21.417 -1.7789 -0.0043381 89 54 6
21.425 -1.7659 -0.026392 74 47 12
21.436 -1.7971 -0.061155 85 65 31
21.429 -1.7706 -0.047016 71 43 12
21.416 -1.7736 -0.10201 65 37 0
21.487 -1.7765 -0.035345 72 43 1
21.441 -1.7825 -0.084076 67 43 15
21.429 -1.7967 -0.079481 74 50 22
21.467 -1.7752 -0.087986 63 38 15
21.417 -1.7822 -0.023131 77 46 16
21.418 -1.7946 -0.098022 69 45 11
21.419 -1.7485 -0.066381 67 38 16
21.404 -1.7787 -0.040601 72 49 16
21.412 -1.7656 -0.064311 67 42 10
21.426 -1.7633 -0.0093662 82 49 14
21.444 -1.7318 -0.018447 75 47 10
21.437 -1.6642 -0.0094065 71 40 19
21.396 -1.6264 -0.049073 64 36 0
21.411 -1.6708 -0.0021455 80 47 4
21.476 -1.7083 -0.028866 69 42 0
21.434 -1.6889 -0.044477 66 38 0
21.457 -1.6581 -0.034796 70 38 0
21.352 -1.6479 -0.058558 66 39 6
21.462 -1.6406 -0.038866 65 37 0
22.3 -1.9734 -0.11738 55 28 11
22.347 -1.9811 -0.094364 58 35 4
22.328 -1.9765 -0.08123 59 32 0
22.354 -1.985 -0.086018 61 34 1
22.31 -1.9665 -0.099684 53 31 7
22.351 -1.9719 -0.086691 70 43 6
22.354 -1.9702 -0.13726 56 38 2
22.354 -1.9676 -0.11784 58 40 4
22.364 -1.9602 -0.091575 65 44 1
22.358 -1.9568 -0.10117 60 41 9
22.346 -1.9696 -0.096124 61 38 0
22.371 -1.9585 -0.12225 56 38 16
22.354 -1.9663 -0.10803 59 37 14
22.354 -1.9686 -0.12739 57 39 1
22.364 -1.9549 -0.13159 60 37 4
22.349 -1.9596 -0.088895 77 52 4
22.359 -1.9614 -0.13043 54 36 0
22.354 -1.9644 -0.098781 61 42 12
22.355 -1.9572 -0.12047 53 32 1
22.349 -1.9507 -0.11011 55 36 19
22.341 -1.9672 -0.10538 60 40 3
22.383 -1.9559 -0.11593 60 38 17
22.403 -1.9634 -0.12761 56 36 0
22.388 -1.9586 -0.10672 60 42 20
22.395 -1.9575 -0.13685 55 35 1
22.405 -1.9608 -0.10095 65 43 22
22.381 -1.9616 -0.085466 63 39 5
22.37 -1.9538 -0.094489 64 35 13
22.405 -1.9623 -0.1096 66 44 21
22.378 -1.9535 -0.12521 60 35 3
22.393 -1.9615 -0.097666 62 38 0
22.375 -1.9603 -0.11318 60 38 15
22.379 -1.9554 -0.13486 59 36 3
22.391 -1.9589 -0.088549 59 35 0
22.407 -1.9648 -0.1187 61 38 4
22.371 -1.9557 -0.10355 62 40 17
20.606 -1.748 -0.11096 74 55 23
20.508 -1.7095 -0.25708 66 54 30
20.815 -1.745 -0.15577 76 56 31
20.849 -1.7446 -0.23732 78 61 35
20.874 -1.7889 -0.12769 85 64 35
20.907 -1.7971 -0.10321 89 65 37
20.837 -1.7183 -0.11097 88 62 37
20.914 -1.7952 -0.22972 76 54 33
20.832 -1.7428 -0.10784 88 67 36
20.795 -1.7418 -0.18196 73 56 28
20.801 -1.7353 -0.13197 82 63 33
20.862 -1.7454 -0.21214 82 63 33
20.8 -1.7084 -0.13617 88 65 34
20.825 -1.7575 -0.20749 69 51 29
20.837 -1.7091 -0.21779 84 63 34
20.781 -1.6913 -0.24519 84 63 34
20.766 -1.6993 -0.16098 85 64 33
20.806 -1.7192 -0.1882 84 63 32
21.109 -1.7542 -0.13415 80 61 31
21.075 -1.7435 -0.15588 80 61 29
21.065 -1.747 -0.20026 78 59 29
21.068 -1.7569 -0.10517 81 60 33
20.992 -1.7542 -0.12016 85 64 35
21.016 -1.7304 -0.22547 79 59 34
21.109 -1.7505 -0.11171 82 61 30
21.164 -1.7689 -0.22533 80 60 33
20.987 -1.7395 -0.19713 81 58 27
21.007 -1.7514 -0.21973 85 66 36
21.032 -1.7497 -0.14957 80 59 30
20.977 -1.7314 -0.17315 81 60 31
21.038 -1.7484 -0.12677 80 59 32
20.927 -1.7321 -0.14414 85 64 35
21.114 -1.7638 -0.17757 80 59 32
21.43 -1.8032 -0.11704 60 41 1
21.232 -1.7804 -0.11876 83 64 24
21.43 -1.8063 -0.13603 64 39 16
21.424 -1.8066 -0.15595 84 63 34
21.431 -1.799 -0.21685 57 35 11
21.442 -1.7746 -0.16434 64 34 16
21.434 -1.788 -0.14098 60 38 15
21.445 -1.7617 -0.20363 55 33 9
21.443 -1.7957 -0.15931 62 38 10
21.431 -1.7752 -0.19976 59 32 0
21.439 -1.7702 -0.14548 61 38 0
21.417 -1.777 -0.12103 64 40 4
21.449 -1.7724 -0.12566 60 36 0
21.428 -1.7567 -0.22543 55 32 1
21.418 -1.7721 -0.21948 57 30 11
21.458 -1.7075 -0.21755 51 26 6
21.432 -1.6732 -0.22157 53 28 8
22.354 -1.9496 -0.15037 57 35 12
22.364 -1.9625 -0.18992 54 33 4
22.346 -1.9443 -0.16058 58 36 0
22.35 -1.9684 -0.14666 53 32 15
22.342 -1.9641 -0.15618 53 31 7
22.362 -1.9542 -0.14104 56 36 2
22.376 -1.9599 -0.18116 60 38 17
22.356 -1.9622 -0.14909 55 38 18
22.373 -1.9585 -0.1909 54 34 0
22.354 -1.9621 -0.15857 52 33 1
22.361 -1.9645 -0.13999 58 35 4
22.351 -1.9611 -0.16865 54 35 5
22.354 -1.9646 -0.17828 57 38 8
22.355 -1.967 -0.18761 52 32 8
22.354 -1.9538 -0.18047 55 36 6
22.373 -1.952 -0.14383 58 32 5
22.375 -1.9495 -0.19398 52 32 7
22.378 -1.9493 -0.17473 58 37 10
22.38 -1.9523 -0.18435 51 34 8
22.395 -1.9594 -0.14619 59 32 21
22.394 -1.96 -0.15564 60 34 17
22.409 -1.9623 -0.16688 68 52 16
22.403 -1.9585 -0.17622 75 51 15
22.397 -1.9549 -0.18594 74 55 13
22.373 -1.9535 -0.15295 56 34 13
20.724 -1.7383 -0.31738 72 54 30
20.303 -1.6439 -0.2953 68 52 27
20.68 -1.7411 -0.25703 78 58 33
20.669 -1.7331 -0.39993 76 56 31
20.742 -1.768 -0.28155 64 48 23
20.706 -1.7599 -0.30824 66 51 28
20.853 -1.7767 -0.25771 76 57 27
20.832 -1.7335 -0.37179 70 54 19
20.811 -1.7433 -0.3155 77 58 26
20.79 -1.6995 -0.27016 84 64 29
20.815 -1.7405 -0.28858 76 56 22
20.859 -1.7751 -0.38921 72 55 29
20.815 -1.7359 -0.26423 76 59 31
20.825 -1.7355 -0.39753 73 56 28
20.834 -1.7255 -0.32044 86 65 34
21.015 -1.7667 -0.28765 86 63 30
20.801 -1.7621 -0.28501 74 55 21
20.779 -1.6996 -0.29763 84 63 32
20.918 -1.7321 -0.31865 86 63 30
20.845 -1.7074 -0.34906 80 60 25
20.839 -1.7319 -0.3452 86 63 29
20.817 -1.7007 -0.37753 82 61 32
20.908 -1.7841 -0.33564 74 55 23
20.901 -1.786 -0.36078 71 56 27
20.967 -1.7261 -0.3238 79 58 31
21.148 -1.7657 -0.24819 79 58 27
21.072 -1.7492 -0.34392 78 59 29
20.975 -1.7252 -0.29881 80 58 34
21.05 -1.7436 -0.36966 79 60 30
20.993 -1.7498 -0.24295 84 63 32
21.098 -1.7483 -0.27264 77 57 30
20.917 -1.7143 -0.37644 84 63 34
20.997 -1.7266 -0.24958 79 60 30
21.09 -1.7526 -0.31923 78 59 29
20.969 -1.7311 -0.34656 84 64 30
21.097 -1.7518 -0.29608 79 58 29
21.162 -1.756 -0.29733 79 60 28
20.96 -1.7404 -0.26714 83 63 28
21.179 -1.756 -0.25282 78 56 32
21.018 -1.7389 -0.27197 78 59 29
21.182 -1.7609 -0.27347 78 58 24
21.429 -1.7901 -0.29929 56 34 11
21.426 -1.7997 -0.23595 53 32 1
21.455 -1.8087 -0.33445 52 37 14
21.424 -1.8052 -0.27343 81 61 36
21.406 -1.7997 -0.29442 79 59 35
21.43 -1.8047 -0.2548 80 61 29
21.425 -1.7581 -0.24348 53 32 3
21.45 -1.7738 -0.26229 54 33 16
21.433 -1.7744 -0.32229 48 24 12
21.43 -1.7874 -0.27894 52 31 4
21.465 -1.767 -0.30225 48 27 0
21.442 -1.7583 -0.32477 52 27 7
21.43 -1.7811 -0.24067 56 33 0
21.418 -1.7309 -0.2328 52 31 4
21.423 -1.7636 -0.28286 47 30 0
21.448 -1.7378 -0.31078 50 24 9
21.434 -1.786 -0.25965 52 34 0
21.443 -1.7762 -0.30174 50 29 0
21.483 -1.7237 -0.23963 50 29 0
21.462 -1.701 -0.29852 50 26 0
21.461 -1.7418 -0.29053 50 29 0
21.483 -1.7328 -0.29101 49 26 8
21.44 -1.7131 -0.31564 48 24 0
21.466 -1.7064 -0.32074 47 31 6
21.435 -1.719 -0.23255 54 29 0
21.42 -1.7059 -0.33537 49 28 7
21.441 -1.6364 -0.22929 52 27 7
21.459 -1.6499 -0.24933 50 29 2
21.452 -1.6488 -0.26855 55 30 8
21.474 -1.6379 -0.25401 49 27 6
21.492 -1.6887 -0.24398 50 25 3
21.375 -1.5838 -0.27836 52 30 9
21.472 -1.6862 -0.30104 49 25 0
21.497 -1.6361 -0.29829 48 30 8
21.454 -1.6054 -0.25833 53 27 12
22.364 -1.9806 -0.23665 48 30 10
22.347 -1.9661 -0.22784 49 33 0
22.326 -1.9756 -0.24517 46 24 13
22.364 -1.9817 -0.24612 47 26 9
22.327 -1.9647 -0.24752 43 22 3
22.329 -1.9681 -0.25717 51 26 3
22.363 -1.9525 -0.20125 55 32 1
22.372 -1.9521 -0.23238 49 31 9
22.364 -1.9469 -0.24318 50 32 8
22.377 -1.9549 -0.22188 54 32 8
22.355 -1.9568 -0.20017 52 32 5
22.357 -1.9624 -0.22979 47 31 8
22.357 -1.9612 -0.21948 48 32 0
22.357 -1.9544 -0.25162 49 28 0
22.347 -1.9636 -0.20811 53 35 15
22.354 -1.9671 -0.19738 52 32 7
22.358 -1.9523 -0.23163 51 29 16
22.365 -1.9587 -0.24134 51 30 11
22.358 -1.9508 -0.22167 53 31 7
22.338 -1.958 -0.21871 49 31 9
22.383 -1.9583 -0.21187 53 32 15
22.361 -1.9464 -0.25314 48 30 6
22.355 -1.9637 -0.24984 47 29 7
22.36 -1.9509 -0.21168 51 26 6
22.359 -1.9614 -0.20974 49 33 7
22.354 -1.9616 -0.23952 51 30 11
22.4 -1.9434 -0.24615 77 57 30
22.389 -1.9542 -0.22414 69 46 28
22.396 -1.9561 -0.19529 77 57 33
22.407 -1.9484 -0.23619 79 59 35
22.4 -1.9549 -0.24446 73 55 15
22.375 -1.9507 -0.20357 54 29 9
22.386 -1.954 -0.24338 46 28 6
22.4 -1.9601 -0.20453 66 48 24
22.392 -1.9548 -0.2145 68 43 21
22.385 -1.9515 -0.23376 55 33 12
22.405 -1.9577 -0.23442 78 58 34
20.824 -1.7664 -0.41923 74 54 27
20.647 -1.7161 -0.5208 69 51 29
20.738 -1.7397 -0.45418 71 51 27
20.565 -1.7111 -0.49612 55 39 16
20.521 -1.7007 -0.53337 46 36 11
20.687 -1.7408 -0.56874 72 56 30
20.712 -1.7448 -0.53907 70 52 32
20.776 -1.7258 -0.45638 72 55 25
20.829 -1.7331 -0.53444 69 53 20
20.834 -1.73 -0.50692 73 53 26
20.795 -1.683 -0.49176 81 62 28
20.85 -1.7679 -0.52544 69 53 28
20.869 -1.7081 -0.45531 80 60 26
20.957 -1.7307 -0.52636 79 59 32
20.87 -1.7395 -0.47587 81 60 29
20.798 -1.7023 -0.43207 80 60 33
20.791 -1.6862 -0.51927 79 59 25
20.891 -1.7784 -0.49344 72 55 29
20.881 -1.7393 -0.4495 79 58 31
20.813 -1.7354 -0.4257 73 53 26
20.961 -1.7362 -0.39533 83 61 37
20.915 -1.722 -0.42618 81 61 26
20.789 -1.6941 -0.40766 82 60 36
20.785 -1.6882 -0.54705 80 61 31
21.055 -1.7128 -0.47436 74 55 21
21.049 -1.7351 -0.46993 77 56 27
20.951 -1.7236 -0.50164 81 60 31
21.048 -1.7385 -0.49487 75 58 30
21.105 -1.7302 -0.44355 77 58 28
21.099 -1.7519 -0.43944 75 56 24
20.996 -1.7339 -0.44678 76 56 22
20.981 -1.7234 -0.42403 77 56 35
21.01 -1.7438 -0.46884 82 62 28
20.977 -1.7173 -0.40145 79 59 34
21.442 -1.8057 -0.35639 48 32 7
21.425 -1.8009 -0.37772 70 53 33
21.349 -1.7719 -0.42755 71 52 35
21.392 -1.7887 -0.40295 70 54 29
21.442 -1.7917 -0.39965 50 27 11
21.438 -1.7931 -0.41981 49 27 4
21.439 -1.7967 -0.43937 49 34 15
21.434 -1.7845 -0.38036 47 27 3
21.445 -1.755 -0.42815 43 26 6
21.425 -1.7593 -0.38514 47 26 5
21.432 -1.7661 -0.40488 46 24 11
21.439 -1.7632 -0.36577 49 28 1
21.429 -1.7759 -0.34205 48 27 6
21.447 -1.7641 -0.34323 49 27 6
21.468 -1.754 -0.35068 51 25 2
21.453 -1.7906 -0.36012 51 30 0
21.44 -1.7557 -0.44693 42 25 0
21.425 -1.7661 -0.42627 41 27 0
21.43 -1.7718 -0.44562 44 22 7
21.482 -1.7565 -0.44943 44 21 3
21.473 -1.7488 -0.42895 41 22 8
21.4 -1.6899 -0.44273 46 21 0
21.476 -1.7333 -0.45157 42 23 9
22.35 -1.9737 -0.26806 49 27 4
22.344 -1.9705 -0.27867 41 24 0
22.356 -1.9697 -0.28946 49 30 0
22.361 -1.9754 -0.29837 45 20 0
22.353 -1.9646 -0.26986 55 31 5
22.359 -1.9641 -0.31131 43 28 5
22.35 -1.9638 -0.27984 52 30 19
22.359 -1.9792 -0.25698 51 31 4
22.36 -1.9466 -0.2633 54 28 11
22.355 -1.9653 -0.25928 44 27 0
22.355 -1.9567 -0.28197 54 34 10
22.355 -1.9578 -0.29206 48 30 8
22.368 -1.9458 -0.29473 47 26 5
22.347 -1.9491 -0.27283 56 33 0
22.36 -1.9407 -0.30622 51 34 8
22.377 -1.9492 -0.26386 52 33 1
22.349 -1.9495 -0.26268 53 30 0
22.364 -1.955 -0.3029 51 29 8
22.369 -1.9554 -0.27247 49 25 21
22.357 -1.9609 -0.30186 51 30 13
22.367 -1.9565 -0.29247 49 29 5
22.373 -1.9485 -0.28399 47 29 9
22.374 -1.9483 -0.27376 52 29 11
22.39 -1.9542 -0.30326 57 40 14
22.365 -1.9534 -0.2825 51 27 0
22.381 -1.9514 -0.25339 51 32 0
22.394 -1.94 -0.25672 77 57 22
22.399 -1.9572 -0.273 67 46 27
22.393 -1.955 -0.29292 71 50 21
22.391 -1.9521 -0.28375 69 48 29
22.4 -1.9555 -0.25416 74 55 23
22.401 -1.9575 -0.26316 67 51 2
20.774 -1.7444 -0.56443 68 51 23
20.729 -1.7244 -0.71675 69 52 22
20.491 -1.6811 -0.66286 37 22 3
20.709 -1.7252 -0.60107 70 53 25
20.51 -1.6934 -0.6887 39 23 0
20.614 -1.6952 -0.64755 72 52 28
20.659 -1.7275 -0.72437 72 56 33
20.44 -1.6745 -0.73184 30 16 3
20.913 -1.7788 -0.59748 71 51 27
20.875 -1.7065 -0.58939 80 61 27
20.802 -1.6817 -0.63177 80 60 23
20.813 -1.7229 -0.68035 72 55 27
20.838 -1.714 -0.5655 80 59 30
20.885 -1.702 -0.69735 78 58 23
20.806 -1.688 -0.66078 80 59 28
20.819 -1.7338 -0.56211 72 52 25
20.855 -1.7253 -0.5882 80 59 28
20.895 -1.7768 -0.62711 70 53 27
20.825 -1.7408 -0.58845 73 53 26
20.799 -1.7453 -0.67427 72 52 27
20.851 -1.7286 -0.61539 78 57 28
20.821 -1.7214 -0.65193 81 62 30
20.832 -1.7034 -0.67647 80 60 26
20.84 -1.7112 -0.70144 78 60 24
20.939 -1.7275 -0.55355 80 60 26
20.85 -1.7421 -0.69494 70 53 23
21.056 -1.7336 -0.59488 76 56 22
20.965 -1.7166 -0.58208 75 55 28
21.022 -1.7447 -0.59549 81 60 31
20.932 -1.7123 -0.63569 82 57 34
21.427 -1.7942 -0.46108 52 34 12
21.482 -1.796 -0.55973 41 20 0
21.458 -1.805 -0.56266 47 29 5
21.476 -1.807 -0.51696 39 21 0
21.439 -1.7826 -0.48387 45 23 0
21.43 -1.7882 -0.5458 42 19 11
21.444 -1.761 -0.46766 40 28 6
21.433 -1.776 -0.46761 45 24 7
21.446 -1.7752 -0.54758 41 17 5
21.436 -1.7363 -0.47413 39 21 0
21.462 -1.7654 -0.57123 38 16 3
21.465 -1.7066 -0.45982 38 16 5
21.427 -1.7105 -0.48022 38 22 0
21.468 -1.6464 -0.47207 40 17 0
21.452 -1.6373 -0.47451 40 17 0
21.46 -1.6449 -0.49266 37 20 0
21.414 -1.5938 -0.48984 38 21 3
21.456 -1.552 -0.47234 35 19 0
21.478 -1.6163 -0.52066 34 19 0
22.352 -1.9724 -0.33066 42 23 6
22.344 -1.9674 -0.34244 42 26 1
22.336 -1.9624 -0.35476 41 23 0
22.354 -1.9611 -0.3224 47 26 0
22.352 -1.962 -0.34343 42 26 0
22.351 -1.96 -0.33295 43 26 0
22.313 -1.9588 -0.36738 41 21 10
22.362 -1.9449 -0.32566 50 31 0
22.363 -1.9474 -0.33557 48 25 9
22.356 -1.954 -0.34458 50 29 12
22.355 -1.9496 -0.31448 53 27 10
22.373 -1.9587 -0.36426 50 33 3
22.39 -1.9556 -0.31309 58 43 10
22.354 -1.9512 -0.33512 49 28 0
22.376 -1.9485 -0.35591 63 43 16
22.384 -1.9515 -0.32421 69 53 20
22.363 -1.9496 -0.35585 50 29 10
22.364 -1.9495 -0.34564 47 24 18
22.365 -1.9457 -0.31509 52 32 7
22.361 -1.9552 -0.32345 48 29 0
22.378 -1.9477 -0.33542 73 54 20
22.377 -1.9509 -0.36537 61 44 0
22.377 -1.9484 -0.34567 65 44 25
22.39 -1.9492 -0.35527 75 55 21
22.384 -1.9459 -0.36693 80 57 24
22.409 -1.9516 -0.3342 78 60 22
22.417 -1.9485 -0.34443 75 57 21
22.41 -1.9439 -0.35589 75 54 23
22.411 -1.9542 -0.3434 77 58 24
22.414 -1.9585 -0.3523 77 57 7
22.399 -1.9542 -0.33356 80 59 28
22.395 -1.9519 -0.3445 77 58 26
22.398 -1.9521 -0.32414 80 57 24
22.498 -1.9776 -0.33798 40 29 10
20.723 -1.7191 -0.86214 72 52 27
20.629 -1.7085 -0.85419 71 51 26
20.827 -1.7529 -0.80885 73 53 26
20.589 -1.6994 -0.89271 72 55 29
20.848 -1.719 -0.72929 79 60 20
20.854 -1.7261 -0.75383 78 57 26
20.828 -1.6983 -0.82155 78 57 30
20.816 -1.6791 -0.74176 79 60 30
20.774 -1.6719 -0.80792 78 57 28
20.843 -1.7364 -0.83846 70 54 21
20.802 -1.6783 -0.7729 78 58 24
20.911 -1.7049 -0.80337 78 59 25
20.856 -1.759 -0.77536 70 50 23
20.834 -1.6781 -0.85223 78 57 28
20.842 -1.7087 -0.84458 78 58 24
20.796 -1.7137 -0.82303 69 50 16
20.922 -1.7719 -0.84124 68 52 17
20.994 -1.7342 -0.75525 80 57 26
20.83 -1.7219 -0.78769 80 59 32
21.018 -1.7231 -0.78222 74 55 23
21.136 -1.7559 -0.65461 74 53 24
21.068 -1.7311 -0.69583 71 54 26
21.112 -1.7336 -0.73966 72 52 25
21.205 -1.7546 -0.74249 69 52 24
20.987 -1.7145 -0.81531 71 54 24
21.06 -1.7317 -0.72292 72 53 23
21.002 -1.7114 -0.76362 74 53 24
21.067 -1.7186 -0.77555 71 51 24
21.07 -1.724 -0.79973 71 51 24
21.013 -1.733 -0.70142 78 59 29
20.966 -1.7181 -0.73704 77 56 29
21.419 -1.7689 -0.59507 39 23 0
21.436 -1.7981 -0.58491 50 29 10
21.392 -1.7804 -0.61659 45 28 8
21.391 -1.7724 -0.70821 44 21 5
21.542 -1.7957 -0.61247 31 16 0
21.49 -1.7453 -0.61143 33 17 0
21.484 -1.7454 -0.63349 35 20 0
21.431 -1.7535 -0.59589 39 21 1
21.445 -1.7743 -0.67536 33 17 0
21.411 -1.7503 -0.64183 34 15 0
21.483 -1.7624 -0.60682 39 17 4
21.407 -1.7452 -0.62144 36 18 0
21.431 -1.7213 -0.66798 35 16 0
21.449 -1.7728 -0.65376 35 19 2
21.455 -1.7582 -0.67676 32 16 1
21.456 -1.7555 -0.65495 32 17 0
21.449 -1.7101 -0.66617 23 16 0
21.472 -1.701 -0.6676 28 14 3
21.429 -1.6744 -0.65904 31 18 0
21.46 -1.6154 -0.58341 31 13 0
21.426 -1.6295 -0.66911 29 10 0
21.464 -1.5961 -0.58684 33 12 7
22.348 -1.9661 -0.39616 40 22 2
22.356 -1.9595 -0.38599 43 27 1
22.355 -1.9576 -0.37573 49 24 1
22.358 -1.9623 -0.39555 40 22 0
22.36 -1.974 -0.38291 40 25 6
22.361 -1.9661 -0.40573 38 21 1
22.34 -1.9712 -0.3952 40 25 6
22.366 -1.9448 -0.38863 50 32 8
22.377 -1.9467 -0.41898 62 43 9
22.369 -1.9571 -0.37526 47 30 13
22.394 -1.9481 -0.40669 76 55 24
22.366 -1.9459 -0.3992 51 30 0
22.359 -1.9501 -0.38821 46 28 8
22.349 -1.9442 -0.4009 48 31 3
22.343 -1.941 -0.41231 48 27 10
22.386 -1.9482 -0.37631 78 57 28
22.38 -1.9459 -0.39798 75 52 21
22.383 -1.9469 -0.38742 77 54 20
22.368 -1.9452 -0.37782 59 40 10
22.376 -1.9438 -0.40936 74 52 28
22.375 -1.9543 -0.40734 46 27 10
22.39 -1.946 -0.41795 73 53 26
22.372 -1.9536 -0.41807 44 27 7
22.346 -1.9445 -0.42261 46 27 10
22.409 -1.9476 -0.39537 75 56 24
22.404 -1.9421 -0.38689 75 56 16
22.407 -1.954 -0.36354 78 57 14
22.416 -1.956 -0.41307 74 53 32
22.4 -1.9511 -0.39514 77 55 14
22.403 -1.9513 -0.37454 77 56 25
22.478 -1.9838 -0.3626 39 21 0
22.417 -1.9564 -0.40259 78 56 33
22.471 -1.9787 -0.37511 34 19 0
22.402 -1.9519 -0.38469 75 54 23
22.501 -1.9755 -0.3819 8 10 9
22.473 -1.9703 -0.37557 24 8 8
20.837 -1.7493 -0.91957 69 52 26
20.575 -1.6862 -1.0256 68 51 34
20.516 -1.6705 -1.0748 66 49 31
20.767 -1.7281 -0.96815 68 50 28
20.672 -1.6975 -1.029 69 48 27
20.671 -1.7157 -0.96512 69 52 35
20.864 -1.7098 -0.95298 77 58 24
20.891 -1.7575 -0.99037 70 51 17
20.82 -1.6745 -1.0282 77 56 29
20.819 -1.7094 -0.9057 76 57 27
20.842 -1.7137 -0.87111 76 57 23
20.807 -1.6769 -0.91619 77 58 28
20.87 -1.7443 -0.97164 68 50 14
20.851 -1.7097 -0.98379 75 55 28
20.832 -1.6821 -0.8794 77 56 27
20.809 -1.6646 -1.0062 78 54 26
20.814 -1.6846 -0.94253 77 56 29
20.816 -1.7136 -0.93381 79 58 29
20.915 -1.6983 -0.91588 74 52 28
20.895 -1.7664 -0.87617 67 52 19
20.799 -1.7117 -0.96806 70 51 21
20.818 -1.7013 -1.0236 78 54 28
20.855 -1.6787 -0.96183 71 51 14
20.938 -1.7035 -0.8813 78 53 30
21.1 -1.725 -0.86982 71 51 24
21.017 -1.7241 -0.93938 71 54 24
21.247 -1.7581 -0.78079 70 53 27
21.24 -1.7476 -0.88127 71 51 26
21.077 -1.7194 -0.90208 67 52 21
21.245 -1.7612 -0.80399 69 54 25
21.198 -1.7442 -0.84369 69 52 22
20.993 -1.7188 -0.97327 74 55 23
21.158 -1.738 -0.77886 71 51 24
21.169 -1.7397 -0.89935 70 50 25
21.258 -1.7591 -0.75556 70 51 21
21.106 -1.7439 -0.81144 72 53 19
20.877 -1.673 -0.87566 72 53 19
21.034 -1.7053 -0.94226 74 52 28
21.137 -1.733 -0.80923 71 54 24
21.18 -1.7402 -0.87175 68 51 23
21.061 -1.7036 -0.85763 70 52 28
21.064 -1.7304 -0.84939 74 55 23
21.424 -1.7746 -0.74204 33 16 6
21.282 -1.7469 -0.75625 66 48 24
21.445 -1.7812 -0.71456 35 13 2
21.467 -1.7883 -0.68942 39 13 14
21.242 -1.7445 -0.85793 75 52 21
21.452 -1.7914 -0.75538 30 12 0
21.418 -1.7893 -0.71785 43 19 0
21.432 -1.7425 -0.7933 29 16 0
21.457 -1.7307 -0.76747 28 15 0
21.436 -1.7557 -0.72268 28 16 4
21.433 -1.74 -0.77018 34 10 8
21.454 -1.7679 -0.73921 32 16 3
21.45 -1.7415 -0.72326 31 13 1
21.472 -1.7803 -0.75452 31 13 1
21.448 -1.7442 -0.74419 28 14 1
21.438 -1.7179 -0.75143 29 16 0
21.424 -1.746 -0.70565 34 19 0
21.475 -1.7817 -0.75342 31 13 1
21.487 -1.7394 -0.71888 31 15 0
21.448 -1.6701 -0.69705 31 15 0
21.457 -1.7024 -0.73649 31 12 5
22.371 -1.9723 -0.47788 34 21 2
22.338 -1.9581 -0.48711 32 18 7
22.352 -1.9472 -0.49757 49 29 20
22.396 -1.9445 -0.45969 74 52 28
22.367 -1.9393 -0.43281 65 43 4
22.388 -1.9469 -0.43884 74 57 27
22.395 -1.9448 -0.47041 78 55 22
22.378 -1.9398 -0.45257 73 56 30
22.381 -1.9444 -0.47217 78 53 31
22.377 -1.9426 -0.48406 73 57 24
22.384 -1.9457 -0.46089 76 54 15
22.406 -1.9517 -0.44563 75 54 33
22.391 -1.9481 -0.42768 78 54 28
22.39 -1.942 -0.48224 73 53 19
22.444 -1.9536 -0.46073 76 54 30
22.406 -1.9494 -0.42604 75 55 28
22.429 -1.951 -0.46384 77 55 31
22.404 -1.9487 -0.43672 78 57 30
22.419 -1.9525 -0.45418 74 53 24
22.411 -1.9486 -0.47709 75 55 21
22.414 -1.9495 -0.46586 78 57 30
22.472 -1.9569 -0.45568 74 54 29
22.491 -1.9707 -0.42217 7 12 6
22.484 -1.9742 -0.42213 15 20 0
22.48 -1.9536 -0.45436 77 56 27
22.498 -1.9747 -0.4012 40 28 14
22.507 -1.9727 -0.40084 38 22 23
22.484 -1.9728 -0.40224 38 23 16
22.468 -1.9592 -0.41637 18 8 6
22.488 -1.9689 -0.4308 19 24 18
22.462 -1.958 -0.4575 74 54 29
20.828 -1.6977 -1.1373 76 56 22
20.815 -1.6979 -1.1714 71 54 26
20.963 -1.711 -1.0092 73 52 23
20.878 -1.6804 -1.0695 73 55 19
20.822 -1.6675 -1.1459 74 53 22
20.831 -1.6659 -1.1155 73 54 12
20.798 -1.7039 -1.0863 75 54 23
20.835 -1.7409 -1.0386 69 49 25
20.847 -1.7004 -1.1028 77 56 29
20.871 -1.7374 -1.0852 68 52 27
20.877 -1.7074 -1.0627 77 55 34
20.802 -1.6721 -1.0637 75 56 26
20.833 -1.7126 -1.0457 76 57 27
20.82 -1.705 -1.1963 73 56 30
21.269 -1.7577 -0.98974 69 52 24
21.064 -1.7108 -1.0365 68 51 23
21 -1.7 -1.0045 68 51 23
21.117 -1.721 -0.94368 72 52 28
21.176 -1.7355 -0.99903 66 49 19
21.067 -1.7167 -1.0609 70 51 21
21.183 -1.7346 -0.97162 69 52 26
21.041 -1.7132 -0.96332 71 51 24
21.107 -1.721 -0.97013 69 53 18
21.03 -1.7053 -1.1018 68 50 26
21.027 -1.7161 -1.019 72 55 27
21.233 -1.7487 -0.90601 70 51 21
20.987 -1.704 -1.0606 69 52 26
20.913 -1.6772 -1.1183 69 55 19
21.066 -1.7071 -1.0123 70 52 28
21.139 -1.7234 -1.0373 69 52 24
21.079 -1.7011 -1.0887 71 51 17
21.191 -1.7335 -0.9461 70 53 27
21.122 -1.678 -0.97746 68 50 28
21.238 -1.7352 -0.95778 71 50 29
21.262 -1.7504 -0.97081 68 50 26
22.358 -1.9452 -0.54183 48 30 10
22.356 -1.9529 -0.51773 48 29 23
22.353 -1.9494 -0.50825 49 29 0
22.351 -1.9609 -0.51763 30 18 0
22.403 -1.9465 -0.52102 75 54 33
22.398 -1.9435 -0.53356 75 58 30
22.373 -1.9527 -0.4926 51 30 0
22.37 -1.9383 -0.49738 75 55 21
22.377 -1.9478 -0.52657 57 37 13
22.366 -1.9484 -0.5054 51 34 8
22.35 -1.9363 -0.52366 50 27 9
22.407 -1.9488 -0.50905 72 55 27
22.392 -1.9451 -0.49169 73 53 26
22.384 -1.9404 -0.51614 77 56 27
22.387 -1.9418 -0.50392 76 56 29
22.372 -1.9344 -0.55297 74 54 29
22.381 -1.9526 -0.53555 60 37 21
22.381 -1.9392 -0.52766 73 52 21
22.368 -1.9375 -0.50894 76 56 32
22.379 -1.9389 -0.53925 74 54 27
22.372 -1.9429 -0.51723 74 54 20
22.396 -1.9435 -0.54438 74 54 29
22.437 -1.9504 -0.49312 75 55 28
22.437 -1.9519 -0.50265 74 53 32
22.424 -1.9485 -0.47527 74 54 19
22.412 -1.9423 -0.52077 71 52 18
22.445 -1.9497 -0.52251 74 56 32
22.458 -1.9566 -0.47777 74 54 29
22.406 -1.9452 -0.48938 75 54 27
22.434 -1.9505 -0.51409 76 56 31
22.427 -1.9516 -0.48405 77 55 31
22.431 -1.9488 -0.52554 75 55 30
22.453 -1.9534 -0.48953 75 55 31
22.421 -1.9481 -0.4964 76 58 34
22.415 -1.9436 -0.50965 72 54 16
22.437 -1.9492 -0.48323 75 58 30
22.443 -1.9534 -0.47108 73 55 17
22.405 -1.9459 -0.50002 77 58 26
22.447 -1.9491 -0.50199 76 55 24
22.444 -1.9476 -0.51303 75 55 31
22.461 -1.9534 -0.51778 73 55 31
22.414 -1.9452 -0.53007 77 57 32
22.467 -1.9566 -0.49573 77 57 33
22.465 -1.9553 -0.50665 78 57 14
22.473 -1.9583 -0.46514 76 56 22
22.484 -1.9577 -0.46382 76 56 32
22.485 -1.9598 -0.47243 74 57 27
22.477 -1.9545 -0.49489 78 54 26
22.455 -1.9528 -0.46957 76 54 30
22.497 -1.962 -0.48882 79 56 25
22.503 -1.9575 -0.4989 73 57 34
22.492 -1.9587 -0.50037 74 58 33
22.48 -1.9562 -0.4838 76 56 32
22.496 -1.9595 -0.47061 74 54 27
22.496 -1.9602 -0.48028 76 54 31
22.476 -1.9551 -0.50463 76 55 26
22.468 -1.956 -0.48625 76 55 26
22.47 -1.9566 -0.4757 78 56 32
22.501 -1.9632 -0.45934 77 55 31
20.756 -1.7142 -1.2437 63 48 15
20.714 -1.7035 -1.2927 63 46 18
20.9 -1.6816 -1.1771 70 54 21
20.864 -1.6945 -1.1851 76 55 28
20.882 -1.7396 -1.2246 67 49 27
20.798 -1.6444 -1.2483 71 52 22
20.887 -1.7464 -1.2505 66 50 27
20.864 -1.6996 -1.213 77 54 23
20.857 -1.7401 -1.2907 63 46 16
20.83 -1.714 -1.2212 70 53 27
20.82 -1.6588 -1.2669 71 55 22
20.798 -1.6887 -1.3269 73 53 18
20.848 -1.6981 -1.2476 75 55 18
20.825 -1.694 -1.2863 73 53 29
21.097 -1.7136 -1.1034 67 47 13
21.04 -1.6928 -1.1568 69 49 25
21.221 -1.7402 -1.034 68 50 28
20.992 -1.7032 -1.1967 72 52 25
21 -1.7021 -1.1659 69 50 20
21.037 -1.7058 -1.2335 69 52 26
21.232 -1.7377 -1.13 67 46 25
21.202 -1.7358 -1.0661 66 49 23
21.057 -1.705 -1.174 69 49 25
21.006 -1.6996 -1.1372 68 51 23
21.127 -1.7151 -1.1722 66 47 15
21.007 -1.6876 -1.2236 69 49 24
21.173 -1.7312 -1.1273 66 49 19
21.178 -1.729 -1.1011 68 50 26
21.184 -1.6912 -1.1594 44 22 0
21.264 -1.7246 -1.0989 44 23 6
21.217 -1.7267 -1.1134 69 55 19
22.404 -1.941 -0.56551 73 57 22
22.404 -1.9414 -0.57654 71 51 27
22.37 -1.9345 -0.56458 76 52 16
22.393 -1.9419 -0.55687 77 53 25
22.385 -1.9384 -0.59332 71 50 29
22.389 -1.9414 -0.57962 76 55 26
22.39 -1.9405 -0.56913 74 55 21
22.37 -1.9354 -0.57517 74 53 32
22.405 -1.9439 -0.58588 76 55 26
22.43 -1.9491 -0.53576 74 55 21
22.427 -1.9478 -0.54732 69 52 26
22.458 -1.9529 -0.53875 78 57 38
22.434 -1.945 -0.56773 74 51 33
22.452 -1.9482 -0.55223 74 56 34
22.416 -1.9419 -0.58383 71 54 28
22.438 -1.947 -0.55559 76 55 34
22.439 -1.9465 -0.54539 73 59 23
22.425 -1.9469 -0.55891 74 55 25
22.442 -1.9486 -0.53394 78 55 22
22.423 -1.947 -0.56968 71 52 18
22.461 -1.954 -0.52779 74 55 21
22.411 -1.9445 -0.54166 75 55 21
22.452 -1.9499 -0.5613 72 54 30
22.407 -1.942 -0.55405 72 52 28
22.486 -1.9558 -0.53176 74 54 27
22.503 -1.9591 -0.50787 79 55 29
22.473 -1.9535 -0.52582 75 57 11
22.489 -1.9571 -0.51101 73 54 24
22.471 -1.9529 -0.53639 71 54 24
22.498 -1.9572 -0.53848 73 55 15
22.484 -1.9547 -0.54273 71 56 27
22.495 -1.9552 -0.54975 73 56 30
22.499 -1.9568 -0.52902 77 58 28
22.489 -1.9575 -0.52056 71 50 19
22.5 -1.9575 -0.51871 75 54 35
22.467 -1.9513 -0.55789 74 53 34
22.475 -1.9552 -0.51459 72 51 24
22.47 -1.9537 -0.54585 74 56 32
