3028
-0.45822 0.025768 -0.88502 0.078138 23.019 -2.686 -0.36429
20.399 -1.7299 -0.6583 43 29 2
20.478 -1.7631 -0.67386 37 26 7
20.732 -1.801 -0.63145 60 44 21
20.574 -1.767 -0.64321 42 26 3
20.543 -1.7598 -0.67225 46 35 16
20.733 -1.8052 -0.65195 62 46 31
20.722 -1.7684 -0.61799 69 51 27
20.715 -1.7371 -0.60373 73 52 35
20.767 -1.7407 -0.64599 74 57 31
20.733 -1.7768 -0.63898 73 52 31
20.721 -1.718 -0.62975 78 59 29
20.69 -1.7307 -0.62757 72 53 19
20.705 -1.7406 -0.6502 72 54 30
20.759 -1.7305 -0.60393 78 58 21
20.716 -1.7737 -0.663 70 53 27
20.837 -1.7426 -0.62277 80 59 30
20.821 -1.7326 -0.60443 79 59 25
20.962 -1.7507 -0.6201 75 57 33
20.91 -1.7538 -0.64046 79 60 28
20.823 -1.7333 -0.60435 79 59 25
20.813 -1.7357 -0.64803 78 61 35
20.921 -1.7524 -0.59841 82 59 25
20.977 -1.7544 -0.59907 74 58 23
20.91 -1.7507 -0.62069 78 59 27
21.293 -1.7615 -0.59626 47 29 9
21.321 -1.7959 -0.58712 71 58 40
21.382 -1.8461 -0.57386 49 30 16
21.34 -1.7264 -0.58772 37 22 0
21.286 -1.7161 -0.58889 35 19 0
21.331 -1.7604 -0.57843 44 23 18
21.337 -1.7614 -0.559 40 22 2
21.315 -1.7689 -0.55985 48 31 5
21.34 -1.7671 -0.59535 38 19 2
21.345 -1.7256 -0.55102 43 23 0
21.316 -1.7113 -0.57355 40 17 1
21.307 -1.6662 -0.58083 39 17 17
21.328 -1.6982 -0.57672 35 18 10
21.306 -1.6236 -0.5782 42 18 18
21.323 -1.6556 -0.58695 38 19 3
21.386 -1.6555 -0.58812 33 16 0
21.308 -1.6052 -0.57949 35 12 4
21.331 -1.6178 -0.56026 34 16 4
20.617 -1.7736 -0.73926 45 32 14
20.733 -1.7957 -0.75081 71 54 28
20.422 -1.7138 -0.85018 48 33 0
20.772 -1.8145 -0.76576 66 53 35
20.506 -1.7504 -0.70195 46 30 7
20.504 -1.754 -0.72683 45 29 3
20.447 -1.7611 -0.72605 45 30 7
20.468 -1.7501 -0.78189 48 29 22
20.46 -1.728 -0.84261 48 33 0
20.139 -1.6672 -0.85662 45 29 12
20.692 -1.7935 -0.68265 58 46 20
20.48 -1.7589 -0.80403 47 27 16
20.661 -1.786 -0.71009 48 28 4
20.511 -1.7745 -0.8237 48 30 20
20.773 -1.819 -0.78678 49 32 4
20.562 -1.7569 -0.77339 45 30 23
20.477 -1.7298 -0.81371 42 29 11
20.455 -1.7405 -0.75746 46 31 12
20.437 -1.7147 -0.82199 42 29 11
20.499 -1.7523 -0.72712 45 29 3
20.37 -1.7386 -0.76217 43 26 18
20.328 -1.7283 -0.79571 46 28 18
20.703 -1.729 -0.74697 72 54 34
20.727 -1.7169 -0.77072 75 58 30
20.724 -1.734 -0.72103 71 51 24
20.725 -1.7674 -0.75928 74 53 34
20.598 -1.7358 -0.72606 74 53 22
20.733 -1.7668 -0.7346 73 51 27
20.702 -1.7323 -0.77051 71 53 29
20.628 -1.7432 -0.69911 69 52 26
20.729 -1.7726 -0.78131 72 53 23
20.745 -1.7352 -0.67252 73 56 30
20.723 -1.7589 -0.71338 71 50 31
20.705 -1.7114 -0.79953 77 57 32
20.813 -1.7672 -0.6842 68 51 23
20.697 -1.741 -0.67225 70 53 25
20.698 -1.7347 -0.79489 73 52 25
20.77 -1.7278 -0.71963 79 59 32
20.755 -1.7252 -0.74481 81 61 34
20.719 -1.7536 -0.69133 72 53 19
20.979 -1.7536 -0.74588 74 55 23
20.942 -1.7541 -0.7048 78 56 33
20.883 -1.7452 -0.66623 79 59 34
20.93 -1.7516 -0.72699 80 59 32
20.776 -1.7268 -0.69668 81 56 34
20.826 -1.7303 -0.73986 82 60 36
20.914 -1.748 -0.75295 79 58 31
20.911 -1.7308 -0.64748 77 53 27
20.967 -1.7449 -0.72754 75 56 26
20.875 -1.745 -0.68817 80 60 26
20.934 -1.7444 -0.66416 78 56 17
20.879 -1.7226 -0.69517 74 53 24
20.822 -1.743 -0.66822 83 60 26
21.054 -1.7652 -0.73849 73 53 26
20.813 -1.7317 -0.78655 78 59 27
20.867 -1.7449 -0.71078 79 58 27
20.824 -1.7329 -0.76184 79 57 33
21.092 -1.796 -0.66495 73 54 22
20.993 -1.7537 -0.70256 76 55 28
21.109 -1.7688 -0.73343 72 52 25
21.133 -1.7751 -0.691 74 57 29
21.468 -1.9109 -0.58612 71 54 26
21.094 -1.7508 -0.65877 72 55 27
21.149 -1.7663 -0.73076 70 52 32
21.479 -1.9338 -0.58049 73 56 28
21.137 -1.7929 -0.64831 74 56 20
21.079 -1.7738 -0.71317 74 54 27
21.182 -1.7797 -0.70661 73 55 17
21.11 -1.7667 -0.71391 72 54 30
21.296 -1.7912 -0.66199 69 53 28
21.33 -1.8023 -0.60324 73 55 35
21.316 -1.7994 -0.63892 34 19 0
21.368 -1.7943 -0.6884 49 29 5
21.312 -1.7602 -0.66935 34 19 0
21.32 -1.7819 -0.64351 72 57 36
21.333 -1.7953 -0.69399 73 54 22
21.312 -1.7797 -0.66302 68 53 30
21.338 -1.8276 -0.61505 51 25 10
21.318 -1.777 -0.60952 43 24 0
21.341 -1.791 -0.62471 44 26 2
21.312 -1.7951 -0.62371 36 19 0
21.336 -1.7455 -0.6004 39 22 2
21.329 -1.7475 -0.65209 33 19 8
21.337 -1.7693 -0.63018 38 21 0
21.338 -1.7308 -0.63915 41 16 9
21.341 -1.7292 -0.60397 40 19 2
21.378 -1.7399 -0.68729 29 17 0
21.349 -1.7545 -0.61381 39 21 1
21.345 -1.7718 -0.61116 43 20 2
21.354 -1.7383 -0.62009 36 19 0
21.344 -1.754 -0.63292 35 18 1
21.348 -1.7776 -0.64391 39 19 12
21.383 -1.7015 -0.67677 26 11 0
21.341 -1.7114 -0.62579 38 22 7
21.339 -1.6691 -0.61857 35 15 8
21.388 -1.685 -0.68326 35 16 9
21.366 -1.7047 -0.60919 33 17 0
21.354 -1.6991 -0.6279 34 15 0
21.342 -1.7099 -0.61009 33 14 0
21.37 -1.7136 -0.67826 35 18 0
21.369 -1.7146 -0.69581 32 16 0
21.391 -1.6277 -0.69918 35 16 2
21.342 -1.6308 -0.62865 27 15 3
20.667 -1.7825 -0.83269 46 34 8
20.494 -1.745 -0.86137 48 31 13
20.618 -1.7681 -0.86705 48 30 16
20.769 -1.812 -0.9143 69 53 30
20.448 -1.742 -0.95064 50 30 21
20.402 -1.7402 -0.87131 47 30 12
20.601 -1.7347 -0.88042 69 54 25
20.503 -1.7383 -0.97302 47 32 0
20.59 -1.7846 -0.86572 50 32 8
20.365 -1.7316 -0.90547 51 33 13
20.411 -1.7384 -1.0135 50 31 1
20.403 -1.7304 -0.98822 50 31 14
20.813 -1.8211 -0.85809 72 56 31
20.695 -1.7372 -0.81963 70 53 25
20.723 -1.7304 -0.86936 70 52 30
20.684 -1.7261 -0.95233 68 50 28
20.827 -1.7411 -0.80658 76 56 29
20.713 -1.7037 -0.90252 75 56 26
20.734 -1.7051 -0.84882 79 58 27
20.605 -1.732 -0.85447 70 52 28
20.683 -1.7361 -0.84743 72 53 21
20.797 -1.7535 -0.80598 70 51 19
20.82 -1.7561 -0.92362 71 50 19
20.669 -1.7529 -0.81734 72 52 25
20.711 -1.7516 -0.86378 70 53 23
20.771 -1.7795 -0.87429 71 51 24
20.774 -1.7843 -0.89738 67 50 24
20.702 -1.7595 -0.93999 70 53 23
20.767 -1.7447 -0.8357 72 52 28
20.702 -1.7295 -0.92294 68 51 21
20.693 -1.7216 -0.90075 72 52 27
20.712 -1.6996 -0.87865 79 57 33
20.95 -1.7498 -0.81653 77 56 29
20.911 -1.7387 -0.87 73 54 24
21.006 -1.7574 -0.85341 72 51 24
20.877 -1.7448 -0.84776 79 60 30
20.96 -1.7397 -0.88762 72 53 21
21.002 -1.747 -0.79094 74 55 23
20.898 -1.744 -0.77663 77 59 23
21.023 -1.7592 -0.80748 71 55 22
20.919 -1.7391 -0.84548 76 56 22
20.926 -1.7487 -0.88799 77 56 35
21.012 -1.7484 -0.76768 71 53 15
20.848 -1.7357 -0.87809 77 56 29
21.054 -1.7595 -0.86928 70 53 25
21.007 -1.7689 -0.76172 75 54 23
20.969 -1.755 -0.79048 75 54 27
20.854 -1.7417 -0.89926 77 58 15
21.062 -1.7602 -0.84685 71 52 22
20.877 -1.7413 -0.82498 79 58 31
21.025 -1.7634 -0.82679 71 54 28
20.875 -1.7374 -0.80343 78 57 26
21.114 -1.7572 -0.79926 69 52 24
21.11 -1.7721 -0.75327 73 54 24
21.344 -1.8248 -0.722 75 55 31
21.069 -1.7607 -0.82405 71 54 24
21.117 -1.7534 -0.75866 74 56 18
21.108 -1.7738 -0.77305 74 56 18
21.148 -1.776 -0.8106 70 54 21
21.135 -1.77 -0.81384 69 53 20
21.114 -1.7625 -0.84009 71 51 24
21.097 -1.7712 -0.79617 75 54 25
21.332 -1.7768 -0.7157 50 24 7
21.379 -1.7904 -0.78265 34 18 0
21.325 -1.7592 -0.77899 35 17 3
21.407 -1.8249 -0.77028 76 58 22
21.32 -1.7905 -0.71463 72 52 27
21.361 -1.8025 -0.80012 67 48 16
21.338 -1.764 -0.7591 35 18 0
21.326 -1.7212 -0.80863 32 13 6
21.368 -1.7552 -0.70412 32 21 0
21.332 -1.7406 -0.76534 30 17 1
21.368 -1.775 -0.69715 35 17 3
21.313 -1.7282 -0.7489 34 9 4
21.353 -1.7565 -0.79615 35 16 0
21.346 -1.7307 -0.78468 31 13 0
21.35 -1.7273 -0.72883 26 17 0
21.325 -1.7152 -0.75079 35 13 0
21.334 -1.7584 -0.72083 35 20 0
21.32 -1.7528 -0.74361 31 16 0
21.378 -1.7684 -0.77078 33 15 1
21.42 -1.7532 -0.76976 31 13 0
21.352 -1.7157 -0.80781 33 16 6
21.343 -1.7271 -0.76524 35 16 2
21.327 -1.6583 -0.805 29 16 0
21.366 -1.6931 -0.7005 31 14 0
21.382 -1.7116 -0.78507 32 15 0
21.327 -1.696 -0.75835 31 14 0
21.364 -1.6724 -0.70581 30 12 0
21.39 -1.6762 -0.79354 31 13 3
21.359 -1.7105 -0.71731 29 11 0
21.318 -1.6889 -0.74137 29 17 1
21.342 -1.6806 -0.7235 32 16 0
21.369 -1.6353 -0.71523 31 15 0
21.346 -1.6221 -0.73928 31 14 0
21.348 -1.6019 -0.72769 31 14 0
21.289 -1.5651 -0.75942 30 19 0
21.343 -1.6395 -0.7184 32 16 0
21.339 -1.6241 -0.81475 33 15 5
21.331 -1.6191 -0.81695 33 15 5
21.378 -1.5996 -0.7039 27 14 0
20.293 -1.7062 -1.1055 47 26 5
20.511 -1.7403 -1.1439 42 25 15
20.621 -1.7636 -1.0025 41 29 5
20.787 -1.8091 -1.0154 72 55 37
20.76 -1.8027 -1.0483 68 56 34
20.372 -1.7291 -1.052 45 30 11
20.571 -1.7489 -1.0431 43 26 8
20.46 -1.751 -1.1491 46 27 20
20.446 -1.7363 -1.0978 42 26 1
20.438 -1.7189 -1.0164 47 30 10
20.5 -1.7464 -1.0278 45 28 10
20.617 -1.7344 -1.012 66 51 20
20.425 -1.7235 -1.0756 42 28 2
20.665 -1.7429 -1.1136 68 48 21
20.698 -1.7886 -0.95749 52 32 8
20.502 -1.7277 -1.0898 42 25 7
20.417 -1.7303 -1.1359 41 25 2
20.713 -1.789 -1.0875 70 54 31
20.562 -1.755 -1.0998 42 27 6
20.793 -1.73 -1.0109 77 57 22
20.685 -1.6879 -1.0704 77 57 32
20.79 -1.7212 -0.96386 77 55 31
20.805 -1.7242 -0.93506 79 58 29
20.712 -1.7185 -1.0028 73 51 28
20.746 -1.7628 -1.0106 68 46 22
20.729 -1.7481 -0.96546 72 52 25
20.714 -1.7312 -1.0792 67 50 22
20.621 -1.7319 -0.98646 69 52 24
20.746 -1.7669 -1.0362 67 51 26
20.763 -1.7358 -0.96354 69 51 31
20.712 -1.7222 -1.0294 66 50 24
20.77 -1.7162 -0.99452 77 56 29
20.824 -1.7244 -1.0602 76 57 27
20.727 -1.7512 -0.99001 68 50 26
20.717 -1.7594 -1.0709 69 51 27
20.714 -1.7271 -1.0531 69 52 24
21.046 -1.7589 -0.8928 71 51 26
21 -1.7497 -0.9956 73 53 26
20.895 -1.738 -0.91975 78 54 26
20.986 -1.7339 -0.93235 70 54 21
20.834 -1.7215 -1.0081 77 57 23
20.992 -1.7429 -0.97562 69 51 27
20.933 -1.7469 -1.034 73 53 28
20.952 -1.7391 -0.91174 74 53 32
20.956 -1.7441 -0.93432 72 51 24
21.088 -1.764 -0.95349 73 53 26
20.991 -1.7487 -1.0221 72 50 26
20.856 -1.7243 -0.95392 75 55 30
20.947 -1.7468 -0.98128 73 53 16
20.924 -1.7398 -1.013 73 53 28
20.861 -1.7372 -1.0244 76 56 31
20.949 -1.7443 -0.95824 73 54 22
21.059 -1.7532 -0.98442 72 53 23
20.862 -1.7304 -0.97622 76 55 24
21.015 -1.7504 -0.94638 72 51 22
21.092 -1.7632 -0.93042 69 54 23
21.308 -1.8041 -0.88768 72 52 25
21.065 -1.7445 -0.89531 70 50 26
21.424 -1.8569 -0.79446 70 54 28
21.096 -1.7565 -0.86611 69 52 22
21.139 -1.7684 -0.96572 69 53 18
21.119 -1.7508 -0.90835 70 53 25
21.271 -1.8088 -0.90894 72 55 29
21.211 -1.7817 -0.94995 72 52 25
21.133 -1.7799 -0.89629 70 50 23
21.111 -1.7523 -0.9536 71 54 26
21.177 -1.7737 -0.84983 74 54 27
21.076 -1.7498 -0.89266 70 50 26
21.151 -1.7636 -0.87776 69 52 24
21.118 -1.7528 -0.92911 69 50 20
21.333 -1.7697 -0.83098 39 21 9
21.401 -1.7906 -0.85556 35 17 3
21.329 -1.7698 -0.85224 38 20 10
21.374 -1.7778 -0.88261 34 22 10
21.318 -1.7845 -0.84791 71 53 17
21.351 -1.7859 -0.88236 40 27 8
21.328 -1.7753 -0.91233 44 27 0
21.355 -1.7696 -0.90709 36 20 3
21.357 -1.7869 -0.86129 41 24 7
21.375 -1.8207 -0.89093 72 51 30
21.345 -1.8026 -0.87931 72 55 27
21.338 -1.7924 -0.82562 70 50 26
21.331 -1.777 -0.91233 44 27 0
21.325 -1.7471 -0.85816 28 12 0
21.338 -1.7702 -0.81167 35 22 4
21.353 -1.7685 -0.90787 36 20 3
21.384 -1.7597 -0.84904 32 16 0
21.296 -1.7123 -0.89401 31 14 4
21.312 -1.6946 -0.83394 33 15 5
21.362 -1.7251 -0.84119 27 11 0
21.314 -1.737 -0.82509 34 16 12
21.319 -1.7192 -0.8293 31 15 0
21.354 -1.7051 -0.90919 32 14 4
21.417 -1.7387 -0.84816 29 12 0
21.351 -1.702 -0.88938 28 15 0
21.321 -1.7303 -0.92703 39 17 2
21.393 -1.7503 -0.90607 36 12 2
21.392 -1.7459 -0.86936 31 11 4
21.341 -1.7188 -0.90229 35 16 9
21.35 -1.7387 -0.83948 35 19 6
21.306 -1.7345 -0.84542 34 18 3
21.328 -1.681 -0.81937 31 13 3
21.425 -1.7256 -0.86834 36 11 14
21.388 -1.6769 -0.81166 32 13 9
21.374 -1.6744 -0.89229 28 11 1
21.419 -1.6987 -0.84199 30 12 0
21.372 -1.7087 -0.8273 33 14 7
21.367 -1.6892 -0.86871 30 12 2
21.382 -1.6779 -0.87138 25 16 0
21.366 -1.6837 -0.81371 36 12 0
21.365 -1.7066 -0.84621 28 12 0
21.343 -1.6281 -0.83223 31 18 0
21.443 -1.6741 -0.84462 30 12 0
21.375 -1.6111 -0.89408 24 9 4
21.394 -1.6222 -0.86725 25 11 2
21.405 -1.6514 -0.8757 29 10 12
21.405 -1.6092 -0.8665 24 7 0
20.282 -1.6975 -1.2665 41 26 5
20.561 -1.7395 -1.1931 40 23 5
20.714 -1.7796 -1.2038 68 49 35
20.528 -1.761 -1.2241 39 25 16
20.391 -1.7311 -1.2026 44 25 11
20.445 -1.7257 -1.2231 42 26 9
20.466 -1.7284 -1.1864 43 25 13
20.436 -1.697 -1.2659 41 26 7
20.477 -1.7476 -1.2713 39 23 10
20.562 -1.7496 -1.2486 42 27 6
20.551 -1.7022 -1.1786 67 49 13
20.722 -1.774 -1.1469 62 46 21
20.395 -1.7228 -1.3307 41 27 0
20.767 -1.796 -1.1567 66 49 32
20.726 -1.7567 -1.2074 66 49 23
20.691 -1.747 -1.2494 63 47 22
20.618 -1.7568 -1.1463 39 23 0
20.723 -1.7388 -1.1034 68 50 26
20.731 -1.7 -1.1954 75 56 24
20.718 -1.7137 -1.1383 72 51 24
20.801 -1.7183 -1.0926 75 54 27
20.782 -1.7024 -1.239 76 55 26
20.724 -1.7518 -1.1821 66 49 23
20.719 -1.7306 -1.2467 67 50 22
20.787 -1.716 -1.1234 76 53 22
20.722 -1.7426 -1.1283 67 49 27
20.712 -1.7154 -1.1684 68 51 23
20.728 -1.7492 -1.1538 71 51 27
20.75 -1.723 -1.103 71 53 15
20.871 -1.7632 -1.1695 72 52 18
20.756 -1.7186 -1.2403 74 54 29
20.701 -1.7147 -1.1987 70 53 27
20.708 -1.722 -1.223 69 48 27
20.759 -1.7079 -1.1596 72 53 21
21.012 -1.747 -1.1168 68 50 12
21.034 -1.7476 -1.0388 68 51 25
20.977 -1.734 -1.1548 69 51 27
20.87 -1.7298 -1.128 75 54 25
21.068 -1.7605 -1.0041 70 50 26
21.106 -1.7613 -1.0422 68 50 26
20.965 -1.7432 -1.0773 72 55 29
21.085 -1.7539 -1.0738 67 50 20
20.856 -1.7272 -1.1583 73 54 22
20.875 -1.7247 -1.0773 77 53 25
20.952 -1.7476 -1.1557 73 53 28
21.013 -1.741 -1.0694 68 50 26
21.016 -1.7457 -1.092 70 51 19
21.062 -1.7492 -1.1291 66 51 22
20.942 -1.7363 -1.1102 68 50 26
20.981 -1.7475 -1.0484 71 51 27
20.903 -1.7222 -1.1506 67 50 24
20.872 -1.7271 -1.1025 76 57 25
20.729 -1.675 -1.234 75 54 23
21.064 -1.7473 -1.1052 67 50 7
21.279 -1.8064 -1.0354 68 49 17
21.13 -1.7669 -0.99033 70 49 22
21.346 -1.8147 -0.97614 69 49 25
21.146 -1.7631 -1.0803 69 51 3
21.146 -1.755 -1.0133 67 50 22
21.186 -1.7718 -0.97849 68 48 23
21.121 -1.7539 -1.1128 69 49 24
21.363 -1.8209 -0.95129 69 52 22
21.127 -1.7513 -1.0639 66 49 23
21.119 -1.7648 -1.0157 68 51 25
21.336 -1.7614 -0.93336 36 12 0
21.37 -1.8046 -0.95408 63 48 27
21.354 -1.7612 -1.0322 28 10 0
21.394 -1.7769 -0.95777 36 19 2
21.234 -1.7303 -0.98371 37 25 1
21.348 -1.7496 -0.95395 34 16 4
21.345 -1.7746 -1.0127 32 19 3
21.314 -1.7605 -1.0425 31 20 1
21.327 -1.7981 -0.92417 71 50 23
21.341 -1.7845 -0.92501 39 23 0
21.381 -1.7719 -0.98194 32 16 1
21.358 -1.8003 -0.97648 69 52 24
21.36 -1.8015 -0.97578 69 52 24
21.349 -1.7982 -1.0003 70 50 16
21.361 -1.7131 -0.94349 31 11 2
21.346 -1.6915 -1.033 29 15 4
21.372 -1.746 -0.99554 33 15 1
21.364 -1.7397 -0.97651 34 19 0
21.236 -1.6649 -1.0022 32 15 0
21.21 -1.6506 -1.0104 29 15 4
21.369 -1.7257 -1.0202 27 18 0
21.313 -1.6833 -0.94138 33 17 0
21.306 -1.7235 -0.95343 35 18 0
20.972 -1.4943 -1.1562 24 13 0
21.317 -1.7088 -0.95281 35 15 6
21.38 -1.643 -0.98085 36 14 1
21.361 -1.6327 -1.0087 32 14 0
21.349 -1.6504 -1.0453 29 15 2
21.317 -1.6067 -1.0466 28 10 0
21.407 -1.6382 -0.95793 29 10 4
21.406 -1.6179 -0.98155 23 11 0
21.33 -1.5698 -1.0315 26 9 2
21.286 -1.5584 -0.98254 29 11 0
21.402 -1.6346 -0.96094 29 10 4
21.413 -1.6435 -0.97315 28 12 0
21.392 -1.6072 -0.96815 28 10 8
21.331 -1.5496 -1.0604 28 8 9
21.436 -1.6143 -0.93848 26 10 0
20.647 -1.734 -1.2918 63 47 21
20.733 -1.7534 -1.353 56 38 18
20.709 -1.748 -1.3948 28 19 4
20.757 -1.7865 -1.3051 57 41 16
20.763 -1.7064 -1.3279 72 52 27
20.708 -1.7065 -1.3154 73 54 20
20.869 -1.7558 -1.3072 71 54 28
20.701 -1.7122 -1.3759 66 50 25
20.748 -1.6915 -1.2813 74 55 23
20.707 -1.7191 -1.4026 65 49 26
20.751 -1.7565 -1.3161 63 47 22
20.727 -1.7104 -1.2801 73 56 30
20.713 -1.7325 -1.2765 69 48 27
20.7 -1.7077 -1.3471 64 49 18
20.803 -1.7 -1.3483 73 54 24
20.772 -1.706 -1.2964 71 52 22
20.757 -1.7548 -1.2859 66 49 23
21.02 -1.7425 -1.244 68 51 23
20.956 -1.7311 -1.2119 71 52 20
21.051 -1.7474 -1.1571 68 51 21
20.845 -1.7107 -1.2759 72 52 28
20.835 -1.7103 -1.3078 74 55 25
20.979 -1.7383 -1.1779 69 52 26
21.048 -1.7488 -1.1826 68 52 19
20.981 -1.7461 -1.2273 68 50 26
20.976 -1.7289 -1.3144 69 50 18
21.087 -1.7526 -1.2459 68 51 23
20.903 -1.7293 -1.1999 74 55 25
20.947 -1.7377 -1.2913 71 52 22
21.112 -1.7583 -1.187 67 49 25
20.996 -1.7345 -1.2797 66 50 27
20.925 -1.7316 -1.3283 68 51 23
21.069 -1.741 -1.2297 68 51 21
21.081 -1.753 -1.2728 65 48 20
20.951 -1.7361 -1.2654 70 49 28
20.908 -1.7351 -1.2232 73 53 26
21.021 -1.7398 -1.2182 65 48 22
21.122 -1.7603 -1.1591 66 49 19
21.159 -1.7552 -1.15 64 49 10
21.113 -1.735 -1.1949 66 50 15
21.124 -1.7583 -1.1356 67 51 16
21.118 -1.7438 -1.2384 67 49 25
21.185 -1.765 -1.1183 70 52 16
20.896 -1.5945 -1.2489 67 51 15
21.341 -1.7347 -1.0661 26 9 0
21.336 -1.7339 -1.0909 26 13 4
21.391 -1.7231 -1.0801 28 14 1
21.271 -1.6588 -1.2012 27 10 3
21.302 -1.6529 -1.1691 25 12 0
21.33 -1.711 -1.1215 31 12 6
21.364 -1.7272 -1.0596 24 12 0
21.319 -1.6792 -1.0871 26 21 0
21.341 -1.6957 -1.1226 28 13 6
21.353 -1.7228 -1.0845 30 14 0
21.198 -1.6402 -1.2284 31 13 0
21.325 -1.7021 -1.0577 31 12 0
21.343 -1.6992 -1.1445 25 8 0
21.38 -1.7419 -1.1179 28 11 3
21.356 -1.6869 -1.1657 30 10 0
21.333 -1.642 -1.0729 26 14 0
21.354 -1.6359 -1.119 30 14 1
21.364 -1.663 -1.081 28 9 2
21.389 -1.6795 -1.0951 31 12 5
21.347 -1.636 -1.1616 25 12 0
21.411 -1.65 -1.0735 29 13 0
21.316 -1.6093 -1.0903 25 11 0
21.37 -1.6256 -1.1126 26 11 4
21.389 -1.6835 -1.1323 26 14 0
21.334 -1.6256 -1.1489 28 12 0
21.373 -1.6471 -1.086 26 12 0
21.334 -1.6486 -1.1373 25 15 5
21.33 -1.6163 -1.0629 24 10 0
21.389 -1.6128 -1.0716 27 6 1
21.305 -1.5114 -1.0989 25 8 0
20.21 -3.1202 -1.6968 37 23 14
20.295 -2.9851 -1.6652 41 21 12
20.317 -2.9261 -1.6726 40 24 9
20.245 -2.9695 -1.6224 37 26 0
19.861 -2.9981 -1.7601 36 28 15
19.957 -2.9361 -1.7732 42 26 11
20.282 -2.9583 -1.6824 35 24 5
20.003 -2.9528 -1.709 44 32 6
20.181 -2.9577 -1.6956 43 23 14
19.959 -2.9677 -1.7609 39 29 2
20.241 -2.923 -1.6785 40 20 9
20.357 -2.8293 -1.6603 53 37 12
20.225 -2.717 -1.6544 39 30 13
20.205 -2.7365 -1.7259 41 24 6
20.198 -2.757 -1.6841 41 27 0
20.38 -2.7704 -1.6607 43 25 5
20.316 -2.764 -1.6678 41 22 6
20.368 -2.7997 -1.6586 42 24 14
20.384 -2.7239 -1.6109 43 25 5
20.32 -2.6958 -1.6517 38 21 1
20.16 -2.6864 -1.6891 43 25 13
20.387 -2.6663 -1.6264 42 26 3
20.33 -2.6368 -1.6664 42 24 2
20.15 -2.6769 -1.6628 41 30 10
20.245 -2.6558 -1.6594 38 21 11
20.372 -2.6756 -1.6674 42 24 4
20.323 -2.6958 -1.6504 38 21 1
20.232 -2.6164 -1.6478 39 27 15
20.261 -2.587 -1.6495 41 27 18
20.026 -2.622 -1.7773 45 24 5
20.286 -2.5969 -1.667 45 27 5
20.964 -1.727 -1.3459 65 49 14
21.044 -1.7388 -1.315 65 49 26
21.043 -1.7668 -1.3335 28 22 10
20.987 -1.7224 -1.4228 11 12 0
21.13 -1.7587 -1.3069 67 50 24
20.902 -1.7246 -1.3686 39 23 0
21.002 -1.7224 -1.3634 65 49 24
21.103 -1.7522 -1.3708 21 10 4
21.131 -1.7565 -1.2809 67 51 18
21.087 -1.7413 -1.354 67 49 9
21.066 -1.7561 -1.3569 36 22 0
20.978 -1.6955 -1.4643 13 10 0
20.946 -1.6129 -1.3909 66 49 19
21.161 -1.7501 -1.3 63 47 24
21.186 -1.7597 -1.262 65 48 22
21.126 -1.751 -1.2592 66 49 21
21.247 -1.7873 -1.2092 65 47 23
22.283 -1.9407 -0.79177 39 18 13
22.279 -1.9244 -0.7985 49 25 13
22.266 -1.9243 -0.79193 45 28 20
22.274 -1.9435 -0.78411 25 8 1
22.276 -1.9451 -0.80392 26 8 4
22.255 -1.9136 -0.78736 40 28 2
22.272 -1.942 -0.79418 31 12 5
22.281 -1.9265 -0.80763 47 23 11
22.279 -1.9251 -0.78784 46 29 11
20.387 -3.1294 -1.6366 35 18 8
20.363 -3.1005 -1.7276 29 23 1
20.627 -3.0617 -1.6849 31 24 6
20.463 -3.1209 -1.6971 38 23 2
20.523 -3.0584 -1.6812 38 19 12
20.418 -3.0549 -1.6789 32 22 13
20.65 -3.0836 -1.6677 37 30 12
20.355 -3.1075 -1.6568 36 22 11
20.243 -3.1371 -1.748 35 22 13
20.341 -3.0937 -1.7095 34 19 12
20.266 -3.0937 -1.7092 39 21 11
20.378 -3.1248 -1.7086 39 22 5
20.419 -2.9904 -1.6641 37 20 10
20.613 -3.0053 -1.688 34 29 7
20.487 -2.9656 -1.6709 37 20 13
20.428 -3.0004 -1.6978 39 20 3
20.041 -3.0669 -1.8432 36 19 9
20.489 -3.0122 -1.7253 27 21 9
20.655 -2.9738 -1.6701 30 26 0
20.309 -3.0592 -1.6973 38 19 12
20.254 -2.9132 -1.7471 37 21 8
20.244 -2.925 -1.7885 35 23 0
20.267 -2.9416 -1.733 38 24 0
20.507 -2.9375 -1.6735 37 20 3
20.266 -2.9125 -1.7427 37 21 8
20.468 -2.932 -1.6639 35 20 0
20.342 -2.8782 -1.7188 45 27 13
20.44 -2.8063 -1.6584 39 22 14
20.353 -2.8202 -1.7334 40 25 2
20.455 -2.7496 -1.6671 38 22 0
20.442 -2.7594 -1.7068 39 24 5
20.487 -2.7768 -1.6469 39 23 8
20.438 -2.7875 -1.6978 40 24 7
20.793 -2.5641 -1.6562 35 24 4
20.86 -2.5106 -1.6131 42 30 16
20.897 -2.1879 -1.6188 64 48 23
20.886 -2.1268 -1.6167 40 27 8
20.866 -2.1541 -1.6486 44 32 18
20.815 -2.1357 -1.6514 53 37 24
20.917 -2.1404 -1.6279 49 32 6
20.913 -2.113 -1.6411 47 24 18
21.375 -1.6764 -1.4182 21 2 0
21.029 -1.4354 -1.6229 19 6 0
22.291 -1.9227 -0.86034 51 31 6
22.281 -1.9257 -0.8404 49 25 11
22.28 -1.924 -0.85317 46 26 15
22.281 -1.9259 -0.8293 40 23 6
22.278 -1.9212 -0.87679 45 30 1
22.282 -1.9376 -0.86948 41 25 12
22.279 -1.9245 -0.8196 47 26 0
22.289 -1.921 -0.85074 61 40 21
22.293 -1.9241 -0.87022 59 39 15
22.275 -1.9309 -0.85219 46 31 2
22.279 -1.9223 -0.86482 47 30 12
22.287 -1.9194 -0.8408 61 34 25
20.713 -3.5978 -1.7033 36 23 5
20.736 -3.6109 -1.6821 36 20 21
20.751 -3.6362 -1.688 35 19 6
20.802 -3.5724 -1.6764 37 19 7
20.759 -3.5688 -1.7128 41 17 7
20.321 -3.6771 -1.8152 36 29 9
20.79 -3.5148 -1.654 38 23 18
20.78 -3.4959 -1.6013 34 14 5
20.739 -3.5107 -1.6887 36 23 5
20.67 -3.5469 -1.6895 32 21 1
20.973 -3.464 -1.5339 38 21 27
20.794 -3.5438 -1.6641 42 17 21
20.645 -3.6113 -1.7084 33 16 22
20.472 -3.5717 -1.7503 33 27 15
20.685 -3.4738 -1.6408 33 23 14
20.659 -3.4942 -1.6853 36 21 2
20.4 -3.6219 -1.7787 34 28 16
20.678 -3.4661 -1.6878 38 23 2
20.702 -3.5025 -1.655 36 23 4
20.791 -3.4808 -1.6946 31 15 0
20.444 -3.5952 -1.7304 31 25 1
20.743 -3.4871 -1.6948 27 25 0
20.686 -3.5184 -1.6892 36 20 7
20.77 -3.4677 -1.6547 37 22 15
20.709 -3.4664 -1.6977 38 26 2
20.718 -3.4076 -1.6826 37 18 2
20.765 -3.4035 -1.6853 29 20 3
20.694 -3.4598 -1.7447 41 21 20
20.757 -3.4165 -1.6486 35 18 0
20.771 -3.3897 -1.7178 39 24 5
20.76 -3.3818 -1.6933 29 17 3
20.47 -3.4748 -1.7949 39 23 6
20.651 -3.4638 -1.7441 38 20 16
20.582 -3.4632 -1.7213 35 20 17
20.842 -3.3887 -1.6663 38 20 16
20.966 -3.2892 -1.4953 36 22 19
20.733 -3.3798 -1.6813 35 16 0
20.876 -3.3346 -1.6617 37 19 7
20.597 -3.3776 -1.7174 34 22 22
20.71 -3.3087 -1.6975 37 18 2
20.684 -3.3389 -1.7025 39 21 0
20.738 -3.3561 -1.6888 40 15 19
20.721 -3.363 -1.6333 30 25 22
20.763 -3.3588 -1.7017 30 11 5
20.71 -3.3539 -1.6767 44 20 8
20.66 -3.3568 -1.7475 39 14 18
20.806 -3.2923 -1.6692 39 17 6
20.793 -3.3063 -1.7063 39 19 10
20.685 -3.3282 -1.6733 35 14 9
20.571 -3.3248 -1.7166 30 28 16
20.518 -3.3502 -1.7779 38 21 13
20.753 -3.2738 -1.6801 38 16 16
20.72 -3.2601 -1.7115 40 21 5
20.756 -3.283 -1.7065 36 12 10
20.851 -3.2238 -1.6976 32 14 4
20.873 -3.2309 -1.6491 34 17 10
20.696 -3.2565 -1.699 40 11 5
20.819 -3.2761 -1.6971 35 17 3
20.794 -3.2192 -1.679 37 15 15
20.748 -3.2404 -1.7348 34 14 16
20.7 -3.2686 -1.6589 32 23 18
20.713 -3.2744 -1.6756 39 18 15
20.875 -3.2304 -1.648 34 17 10
20.867 -3.2415 -1.6777 38 25 16
20.619 -3.2406 -1.7209 26 23 6
20.895 -3.1385 -1.6731 30 17 9
20.606 -3.1849 -1.7201 35 22 13
20.723 -3.2116 -1.725 37 15 15
20.806 -3.1617 -1.6631 39 21 7
20.789 -3.1776 -1.6318 40 13 18
20.75 -3.1934 -1.753 33 14 8
20.725 -3.1692 -1.6798 42 24 24
20.818 -3.146 -1.6938 31 21 20
20.809 -3.1611 -1.6613 39 21 7
20.951 -3.1776 -1.6454 28 15 0
20.693 -3.1971 -1.7622 32 18 7
20.643 -3.1341 -1.8209 31 18 12
20.691 -3.153 -1.7107 35 14 9
20.838 -3.1186 -1.6885 34 20 20
20.799 -3.1401 -1.6751 27 20 4
20.786 -3.0404 -1.6919 41 23 3
20.739 -3.0631 -1.6839 38 26 12
20.89 -3.0413 -1.6854 29 19 17
20.698 -3.0604 -1.6776 26 20 6
20.75 -3.0706 -1.7059 34 20 11
20.829 -3.0432 -1.6979 28 19 0
20.776 -3.0101 -1.683 35 23 11
20.855 -3.0153 -1.6884 29 14 9
20.743 -3.0385 -1.6901 31 14 4
20.834 -3.0653 -1.685 34 19 12
20.824 -3.0759 -1.7176 36 16 9
20.855 -2.9761 -1.6503 40 19 14
20.652 -2.9691 -1.7481 37 19 9
20.867 -2.9361 -1.6841 38 21 3
20.692 -3.004 -1.675 32 24 1
20.813 -2.9335 -1.6871 39 16 8
20.869 -2.9358 -1.6825 38 21 3
20.685 -2.9802 -1.6876 43 29 2
20.895 -2.9416 -1.6962 30 17 11
20.77 -2.9632 -1.7063 38 20 8
20.839 -2.963 -1.6921 38 21 1
20.681 -3.0144 -1.7076 39 22 14
20.925 -2.8921 -1.6957 31 23 12
20.8 -2.9175 -1.6379 33 27 11
20.86 -2.8754 -1.7498 35 17 13
20.849 -2.9149 -1.7058 33 14 8
20.76 -2.8975 -1.6708 27 19 8
20.734 -2.8761 -1.6994 38 25 9
20.919 -2.8845 -1.6728 36 17 11
20.959 -2.911 -1.664 33 17 2
20.771 -2.9155 -1.7313 29 21 0
20.813 -2.925 -1.6597 47 22 17
20.839 -2.8691 -1.7379 36 18 16
20.698 -2.8194 -1.7094 49 33 18
20.841 -2.8187 -1.6532 42 22 24
20.812 -2.8453 -1.6636 36 17 19
20.828 -2.796 -1.6744 41 27 16
20.917 -2.8386 -1.6941 36 18 14
20.871 -2.7849 -1.6167 45 26 10
20.839 -2.8512 -1.6738 40 24 11
20.962 -2.8273 -1.6395 35 21 8
20.968 -2.8118 -1.6706 28 15 0
20.931 -2.8062 -1.667 31 18 9
20.888 -2.8248 -1.6604 39 22 14
20.773 -2.866 -1.7479 34 20 7
20.941 -2.7818 -1.6669 34 22 10
20.94 -2.7904 -1.6987 34 18 5
20.848 -2.8032 -1.6913 29 17 5
20.941 -2.8286 -1.6509 36 22 11
20.916 -2.7755 -1.6568 32 17 0
20.874 -2.7539 -1.696 36 22 9
21.069 -2.7613 -1.624 29 20 5
20.72 -2.7844 -1.6786 29 23 9
20.977 -2.7576 -1.6569 36 21 16
21.014 -2.7405 -1.6667 36 21 2
20.943 -2.6965 -1.6422 34 17 10
20.934 -2.6723 -1.6544 30 24 2
20.819 -2.6568 -1.6715 32 22 10
21.02 -2.6641 -1.6641 35 18 10
20.82 -2.6812 -1.6577 38 22 9
20.774 -2.6481 -1.6668 32 23 6
20.995 -2.6803 -1.6463 33 23 0
20.819 -2.5989 -1.6638 34 26 5
20.884 -2.5763 -1.6327 37 22 0
20.809 -2.6238 -1.6595 36 25 5
21.017 -2.5965 -1.6071 34 21 15
20.844 -2.6317 -1.663 35 23 9
20.903 -2.6092 -1.6414 36 21 14
20.858 -2.5501 -1.6594 40 24 9
20.947 -2.5137 -1.6521 40 24 24
20.924 -2.5294 -1.6277 40 22 8
20.855 -2.5176 -1.6484 40 24 1
20.834 -2.5413 -1.6444 39 30 15
21.055 -2.5123 -1.6476 38 18 17
20.986 -2.4997 -1.6664 44 22 11
21.041 -2.4808 -1.64 38 24 15
20.999 -2.4456 -1.6489 43 25 13
21.081 -2.491 -1.6377 38 21 14
21.077 -2.4905 -1.6399 38 21 14
21.179 -2.4562 -1.5943 43 28 5
20.979 -2.4679 -1.6515 40 23 16
21.089 -2.4623 -1.6176 40 21 14
20.936 -2.4883 -1.6697 37 25 13
21.05 -2.4646 -1.672 38 27 5
21.092 -2.4159 -1.633 43 25 15
20.993 -2.4271 -1.689 39 21 17
21.017 -2.4236 -1.6482 43 26 9
21.106 -2.4177 -1.6246 43 25 15
21.136 -2.4278 -1.6301 41 25 12
21.03 -2.3216 -1.6468 51 33 13
21.049 -2.3555 -1.6545 35 23 7
20.834 -2.2734 -1.7219 102 73 49
21.062 -2.3032 -1.641 50 31 14
21.002 -2.3105 -1.6378 89 60 36
21.098 -2.3219 -1.6683 67 50 40
21.023 -2.2898 -1.6407 54 32 17
21.064 -2.2794 -1.6489 50 32 22
21.082 -2.2588 -1.6437 49 35 8
20.89 -2.1924 -1.6531 105 82 48
21.022 -2.2647 -1.6475 49 30 13
21.046 -2.2205 -1.6495 45 25 14
21.033 -2.2422 -1.6488 48 33 14
20.937 -2.241 -1.6713 73 53 28
21.016 -2.2505 -1.716 47 28 12
21.025 -2.2347 -1.6237 49 35 24
21.157 -2.2571 -1.6286 35 23 1
20.966 -2.2725 -1.6451 97 69 38
21.145 -2.3014 -1.6238 45 27 17
21.082 -2.1987 -1.608 46 31 12
20.988 -2.2011 -1.659 46 28 6
21.04 -2.2076 -1.6001 53 31 16
20.933 -2.1503 -1.6461 46 27 10
21.158 -2.1809 -1.6297 42 23 16
21.178 -2.2149 -1.6332 41 30 10
20.874 -2.1415 -1.7142 42 23 16
21.161 -2.2052 -1.6234 40 21 15
21.001 -2.1167 -1.6276 41 22 5
21.045 -2.1094 -1.6314 37 18 4
21.175 -2.1617 -1.627 34 20 7
21.015 -2.1317 -1.67 39 23 8
21.037 -2.1016 -1.6152 44 22 7
21.076 -2.0935 -1.6238 40 21 14
21.168 -2.136 -1.6376 34 20 9
21.187 -2.1178 -1.6387 35 23 9
21.001 -2.1222 -1.6518 42 22 15
21.131 -2.1149 -1.6131 38 19 5
21.145 -2.0999 -1.6411 37 17 8
21.094 -2.1285 -1.6288 30 20 8
21.118 -2.0866 -1.6316 37 15 15
21.1 -2.076 -1.6167 38 22 7
21.327 -1.7828 -1.575 30 19 0
21.408 -1.8139 -1.4298 31 16 13
21.349 -1.7911 -1.5372 7 8 0
21.336 -1.764 -1.5793 19 12 2
21.449 -1.8177 -1.4261 22 13 0
21.344 -1.7317 -1.4612 19 7 0
21.388 -1.7667 -1.5282 15 11 0
21.338 -1.7307 -1.4904 22 10 0
21.329 -1.6842 -1.5586 13 9 6
21.333 -1.7074 -1.5229 22 10 0
21.367 -1.7692 -1.4648 17 10 4
21.336 -1.7499 -1.4584 23 10 1
21.383 -1.7388 -1.5124 16 7 0
21.342 -1.7174 -1.5692 12 6 10
21.34 -1.737 -1.5389 20 9 7
21.352 -1.6756 -1.5813 15 6 0
21.294 -1.6294 -1.4938 16 10 0
21.324 -1.6571 -1.5728 21 6 3
21.338 -1.6872 -1.5262 20 5 0
21.364 -1.6555 -1.5264 19 10 3
21.35 -1.6449 -1.5113 16 9 3
21.362 -1.6773 -1.5231 12 9 4
21.378 -1.666 -1.5447 14 0 0
21.353 -1.6699 -1.5022 19 5 5
21.357 -1.6745 -1.527 12 9 4
21.373 -1.6615 -1.5197 19 10 3
21.364 -1.6509 -1.4811 18 6 8
21.323 -1.6036 -1.5418 19 6 0
21.339 -1.5456 -1.6039 9 0 4
22.262 -1.9148 -0.94455 47 27 16
22.282 -1.9235 -0.92041 48 30 16
22.29 -1.92 -0.8955 66 47 30
22.275 -1.9159 -0.93791 56 32 20
22.303 -1.9192 -0.92535 72 46 29
22.281 -1.9235 -0.88612 47 31 8
22.293 -1.9218 -0.92822 69 48 27
22.289 -1.9183 -0.90811 69 48 21
22.286 -1.915 -0.92195 65 49 23
22.287 -1.9161 -0.90981 69 48 21
22.291 -1.922 -0.88288 67 49 25
22.282 -1.9229 -0.94382 47 26 9
22.282 -1.9238 -0.89718 51 34 16
22.305 -1.9214 -0.91242 66 50 24
22.307 -1.9243 -0.89899 70 50 16
22.283 -1.9245 -0.90803 46 29 3
22.305 -1.9231 -0.88869 70 49 18
21.04 -3.5087 -1.672 45 35 23
21.076 -3.5226 -1.6637 40 18 21
20.869 -3.5883 -1.6825 42 26 13
21.084 -3.4696 -1.6463 47 35 23
20.771 -3.6184 -1.7147 30 20 0
21.083 -3.4232 -1.6425 42 31 1
21.074 -3.4369 -1.6747 32 25 9
20.972 -3.5067 -1.6991 41 26 5
21.032 -3.4726 -1.6934 45 31 18
20.942 -3.5077 -1.6908 26 19 0
21.001 -3.4638 -1.6601 41 27 0
21.073 -3.437 -1.675 32 25 9
20.957 -3.4616 -1.7 40 22 10
21.09 -3.4115 -1.6731 42 23 25
20.929 -3.4414 -1.7011 33 18 13
21.037 -3.3821 -1.7008 31 22 17
20.933 -3.4192 -1.7071 32 21 25
21.022 -3.4176 -1.6679 28 17 0
21.001 -3.385 -1.6986 44 23 2
21.017 -3.4087 -1.7036 59 42 25
21.029 -3.4248 -1.6886 70 64 66
20.909 -3.4379 -1.6855 34 21 15
21.082 -3.3938 -1.6829 38 31 13
20.871 -3.4416 -1.6835 30 17 0
21.026 -3.3955 -1.6714 46 22 18
21.006 -3.3127 -1.6962 41 24 4
20.857 -3.3724 -1.6932 34 23 3
20.919 -3.3404 -1.6871 32 22 0
21.056 -3.3069 -1.6903 44 22 7
21.03 -3.3447 -1.6608 38 24 0
20.965 -3.3472 -1.6518 39 25 14
21.134 -3.3097 -1.6528 30 17 1
20.988 -3.3286 -1.6706 40 25 2
21.049 -3.309 -1.6948 44 22 7
21.153 -3.284 -1.6467 35 22 6
21.013 -3.3105 -1.6916 41 24 4
20.998 -3.3358 -1.693 42 26 0
21.035 -3.3334 -1.6945 38 25 16
21.087 -3.3457 -1.6784 38 23 4
21.031 -3.354 -1.6862 47 22 2
20.899 -3.3165 -1.6846 32 22 0
21.031 -3.2753 -1.6629 41 22 6
21.053 -3.2785 -1.6757 39 22 2
21.069 -3.2536 -1.6736 38 24 0
20.841 -3.3028 -1.7053 33 17 2
20.998 -3.2654 -1.6959 39 24 1
21.067 -3.2541 -1.6746 38 24 0
21.007 -3.303 -1.6698 42 18 16
21.027 -3.277 -1.6668 41 22 6
20.961 -3.3067 -1.6698 36 24 2
21.083 -3.258 -1.6873 29 16 7
20.917 -3.269 -1.693 26 19 13
21.073 -3.2813 -1.6867 36 21 14
20.906 -3.2624 -1.6726 33 21 7
21.104 -3.2317 -1.6809 31 18 12
20.966 -3.2126 -1.6772 31 15 2
20.963 -3.2131 -1.6784 31 15 2
20.846 -3.2573 -1.7203 38 21 4
21.054 -3.1989 -1.6476 34 21 3
20.908 -3.219 -1.6897 34 21 2
20.947 -3.1881 -1.6759 32 16 3
20.952 -3.237 -1.6758 27 16 14
21.126 -3.2071 -1.6796 34 23 3
20.597 -3.3712 -1.931 41 19 22
20.855 -3.1887 -1.7449 33 17 4
21.015 -3.1178 -1.6863 34 18 18
20.888 -3.1809 -1.7237 33 17 4
20.906 -3.1673 -1.6847 34 19 0
21.101 -3.1441 -1.6942 35 22 4
20.978 -3.1175 -1.6859 31 17 6
21.088 -3.119 -1.6898 33 17 17
21.054 -3.0472 -1.6895 38 22 7
21.004 -3.087 -1.7414 36 20 7
20.991 -3.0929 -1.6844 33 14 16
21.009 -3.0767 -1.7087 33 19 16
20.859 -3.0795 -1.7281 35 19 2
21.088 -3.0492 -1.6928 36 20 3
21.055 -3.0385 -1.6626 32 26 12
21.138 -3.067 -1.6705 31 20 14
21.083 -3.0501 -1.6963 36 20 3
21.113 -3.0926 -1.6797 36 20 5
21.077 -3.055 -1.6387 30 17 9
21.104 -3.0864 -1.6613 31 18 0
20.964 -3.0672 -1.6816 33 15 3
20.98 -3.0214 -1.6926 34 20 9
21.062 -3.016 -1.6659 30 17 9
21.043 -3.0066 -1.7149 34 18 3
21.16 -2.9669 -1.6437 34 22 0
21.101 -2.9678 -1.6577 34 19 14
21.16 -3.0232 -1.6766 34 18 5
20.957 -3.0391 -1.6734 37 19 7
21.114 -3.0234 -1.6825 32 21 2
21.12 -3.0009 -1.6841 36 18 14
21.059 -3.0167 -1.6682 30 17 9
20.958 -3.0169 -1.6819 36 20 3
21.169 -3.0013 -1.6782 35 15 16
20.904 -3.0576 -1.7362 31 17 4
21.095 -3.0186 -1.6699 34 19 14
20.929 -3.0081 -1.7379 36 20 3
20.998 -3.0059 -1.7204 34 19 14
21.153 -2.9478 -1.659 25 18 0
21.123 -2.9306 -1.6855 43 20 2
21.079 -2.9048 -1.6123 35 22 13
21.051 -2.9667 -1.663 34 16 14
21.037 -2.9266 -1.6958 46 22 18
21.054 -2.9458 -1.6744 27 12 9
21.217 -2.9261 -1.6469 35 15 14
20.996 -2.9231 -1.6945 37 22 3
21.033 -2.9405 -1.6616 29 17 1
21.078 -2.9295 -1.695 43 20 4
21.257 -2.9008 -1.6262 37 20 3
21.019 -2.9288 -1.7077 46 22 18
21.211 -2.9268 -1.651 35 15 14
21.01 -2.9215 -1.6859 37 22 3
21.185 -2.9511 -1.6627 35 17 3
21.075 -2.9509 -1.686 41 23 3
21.097 -2.8764 -1.6729 42 20 23
21.116 -2.8608 -1.6953 41 19 0
21.099 -2.8975 -1.6626 45 23 12
21.137 -2.8511 -1.6541 40 22 8
21.043 -2.8445 -1.6675 30 17 0
21.125 -2.9023 -1.6714 44 19 15
21.031 -2.8751 -1.6904 44 23 6
21.173 -2.8629 -1.6818 33 21 5
21.125 -2.8813 -1.6806 41 16 12
21.153 -2.8858 -1.6864 31 20 1
21.077 -2.8488 -1.6682 41 20 3
21.209 -2.8386 -1.6633 32 21 2
21.053 -2.7989 -1.676 43 22 1
21.038 -2.7999 -1.6866 42 21 0
21.225 -2.7893 -1.6461 35 21 12
21.087 -2.8263 -1.6711 42 19 3
21.125 -2.8307 -1.6703 38 18 7
20.98 -2.8181 -1.6863 27 21 0
21.156 -2.807 -1.6575 39 19 10
21.139 -2.8162 -1.6985 38 17 0
21.208 -2.8179 -1.6722 36 17 13
20.931 -2.7991 -1.734 30 17 1
21.078 -2.8048 -1.685 42 21 4
21.241 -2.7952 -1.6582 36 18 4
21.061 -2.8204 -1.6608 28 21 15
21.117 -2.8313 -1.6758 38 18 7
21.125 -2.7369 -1.6814 42 23 9
21.229 -2.72 -1.645 25 20 1
21.066 -2.732 -1.7002 41 13 10
21.074 -2.7686 -1.6479 33 15 3
21.202 -2.7279 -1.6917 29 16 7
21.088 -2.724 -1.6586 38 23 4
21.26 -2.7461 -1.6359 39 22 5
21.025 -2.7482 -1.6899 35 24 5
21.207 -2.7412 -1.6487 43 21 10
21.22 -2.7687 -1.6572 36 17 3
21.031 -2.718 -1.6697 37 16 13
21.177 -2.7143 -1.6566 33 19 16
21.063 -2.7545 -1.6921 42 14 1
21.105 -2.6569 -1.6743 33 20 1
21.18 -2.6716 -1.6772 33 15 11
21.156 -2.6644 -1.6657 35 18 8
21.147 -2.6643 -1.6719 35 18 8
21.035 -2.6951 -1.6766 30 16 5
21.061 -2.7019 -1.684 34 17 0
21.14 -2.6862 -1.6665 39 24 5
21.049 -2.6491 -1.6857 34 20 7
21.114 -2.6487 -1.7317 30 18 0
21.22 -2.6991 -1.6599 30 22 1
21.142 -2.6789 -1.6375 33 18 0
21.042 -2.6718 -1.6794 33 16 0
21.227 -2.6782 -1.6653 33 16 0
21.088 -2.7089 -1.6934 29 22 16
21.158 -2.6925 -1.6764 34 15 8
21.26 -2.7052 -1.655 29 15 6
21.163 -2.5919 -1.664 37 20 12
21.171 -2.5853 -1.6299 34 22 0
21.153 -2.6356 -1.6511 34 22 10
21.082 -2.6039 -1.6813 35 18 0
21.27 -2.6156 -1.6618 33 26 18
21.043 -2.6189 -1.6742 35 18 8
21.237 -2.6079 -1.6599 37 20 2
21.271 -2.5881 -1.6444 44 21 5
21.097 -2.5978 -1.6461 30 22 1
21.317 -2.5966 -1.634 38 18 9
21.095 -2.6272 -1.6637 35 21 8
21.189 -2.6147 -1.6351 34 17 10
21.138 -2.6193 -1.6935 38 21 11
21.164 -2.6424 -1.6683 38 20 10
21.293 -2.637 -1.6345 38 21 3
21.249 -2.5809 -1.6372 33 16 8
21.233 -2.629 -1.6532 35 22 6
21.167 -2.5282 -1.6014 39 22 14
21.281 -2.5464 -1.6551 41 23 0
21.201 -2.5496 -1.6526 35 21 10
21.198 -2.5272 -1.6619 41 21 12
21.151 -2.5172 -1.6736 36 17 11
21.281 -2.525 -1.6624 42 22 11
21.157 -2.5336 -1.6317 38 18 11
21.254 -2.5381 -1.6486 32 19 10
21.198 -2.5431 -1.6299 33 23 0
21.103 -2.5524 -1.6597 37 21 0
21.16 -2.5116 -1.6405 33 19 6
21.252 -2.5594 -1.6412 37 20 13
21.28 -2.525 -1.6641 42 22 11
21.283 -2.5466 -1.6538 41 23 0
21.077 -2.5738 -1.6675 36 19 12
21.162 -2.5693 -1.6715 36 25 3
21.128 -2.5604 -1.667 31 17 6
21.248 -2.5656 -1.6706 40 22 0
21.182 -2.475 -1.6682 41 23 9
21.199 -2.4484 -1.6407 39 24 5
21.1 -2.4764 -1.6639 34 23 3
21.227 -2.486 -1.6621 31 22 7
21.147 -2.4876 -1.6571 32 22 0
21.249 -2.5161 -1.662 37 19 0
21.283 -2.504 -1.674 43 24 10
21.211 -2.4556 -1.6547 43 23 14
21.13 -2.4564 -1.6508 38 26 10
21.257 -2.4675 -1.6506 35 23 11
21.309 -2.4794 -1.637 40 22 0
21.279 -2.4974 -1.6481 41 23 9
21.141 -2.5035 -1.6292 35 23 7
21.244 -2.5097 -1.6448 37 20 10
21.192 -2.419 -1.6292 40 27 11
21.228 -2.4417 -1.6803 40 23 16
21.215 -2.4281 -1.64 41 24 6
21.189 -2.4307 -1.6864 40 24 9
21.31 -2.4583 -1.6444 40 23 16
21.198 -2.4257 -1.6509 41 24 6
21.134 -2.4046 -1.6428 50 36 27
21.16 -2.3855 -1.6347 88 63 41
21.221 -2.4065 -1.6437 41 22 5
21.13 -2.4335 -1.6635 43 27 10
21.167 -2.3925 -1.6553 42 23 6
21.126 -2.3034 -1.6595 77 61 48
21.169 -2.3408 -1.6461 48 26 15
21.264 -2.3524 -1.6648 46 25 8
21.19 -2.3731 -1.646 40 24 7
21.247 -2.3661 -1.6465 37 24 6
21.278 -2.3496 -1.6308 42 27 6
21.288 -2.3788 -1.6372 38 27 21
21.332 -2.3918 -1.6298 34 21 3
21.2 -2.3521 -1.6516 40 24 0
21.285 -2.3343 -1.6586 41 23 9
21.22 -2.3837 -1.6496 40 21 15
21.343 -2.3991 -1.6456 34 17 0
21.198 -2.3686 -1.6159 59 34 11
21.309 -2.3661 -1.6573 37 24 6
21.227 -2.3344 -1.6399 39 25 0
21.34 -2.3504 -1.6413 39 23 8
21.335 -2.3278 -1.655 40 22 8
21.317 -2.2969 -1.6521 41 25 8
21.314 -2.269 -1.6404 41 23 13
21.323 -2.2762 -1.6547 40 25 6
21.303 -2.3157 -1.6539 39 24 5
21.195 -2.2477 -1.638 37 27 15
21.387 -2.3174 -1.6215 39 23 6
21.334 -2.2298 -1.641 38 22 0
21.233 -2.211 -1.6298 41 25 2
21.252 -2.2437 -1.6315 43 26 9
21.342 -2.2539 -1.6257 40 21 17
21.288 -2.2576 -1.6335 35 22 6
21.254 -2.2215 -1.6389 38 19 2
21.361 -2.2419 -1.6453 39 22 5
21.36 -2.2635 -1.6367 39 23 0
21.198 -2.2252 -1.6461 45 23 8
21.236 -2.1887 -1.6373 40 21 7
21.18 -2.1919 -1.6421 40 21 15
21.256 -2.1714 -1.6314 36 16 5
21.245 -2.1401 -1.6211 38 22 5
21.358 -2.166 -1.624 28 18 8
21.189 -2.1706 -1.6448 38 20 6
21.316 -2.1441 -1.6021 43 22 3
21.313 -2.1925 -1.6159 41 21 10
21.387 -2.1793 -1.6277 37 22 0
21.295 -2.1695 -1.6609 40 22 0
21.308 -2.1461 -1.6363 33 19 10
21.187 -2.1464 -1.655 39 16 8
21.388 -2.1578 -1.6366 35 23 0
21.332 -2.1757 -1.6098 37 21 6
21.242 -2.1441 -1.6483 37 19 0
21.226 -2.1063 -1.6201 36 18 8
21.315 -2.0762 -1.6313 36 19 0
21.179 -2.0673 -1.6621 36 18 8
21.363 -2.1235 -1.6368 39 21 0
21.241 -2.1156 -1.6359 38 18 9
21.255 -2.0785 -1.6679 34 14 5
21.352 -2.0932 -1.629 40 21 14
21.248 -2.0714 -1.6469 40 16 4
21.414 -2.1447 -1.6238 42 21 0
21.335 -2.1323 -1.6235 37 20 12
21.393 -2.1118 -1.6229 40 19 2
21.178 -2.0668 -1.6641 36 18 8
21.365 -2.1463 -1.6283 41 20 3
21.232 -2.0939 -1.6805 35 15 8
21.317 -2.1039 -1.6481 38 19 12
21.264 -2.0813 -1.6627 34 14 5
21.26 -2.0987 -1.6308 37 18 1
21.414 -2.1233 -1.6329 39 21 9
21.366 -2.076 -1.629 43 20 14
21.412 -2.0531 -1.6351 32 14 0
21.378 -2.0361 -1.6359 35 18 0
21.376 -2.0837 -1.6453 38 15 0
21.336 -2.0383 -1.635 34 16 6
21.428 -2.081 -1.6132 39 23 0
21.331 -2.0136 -1.6483 38 18 9
21.337 -2.0611 -1.6251 34 14 13
21.41 -2.0524 -1.6366 32 14 0
21.398 -2.0657 -1.6127 44 20 6
21.413 -1.9838 -1.6318 37 18 1
21.36 -2.0023 -1.6334 34 21 5
21.411 -2.027 -1.6179 35 18 0
21.422 -2.0093 -1.6195 36 16 9
21.444 -2.0438 -1.6185 41 15 14
22.149 -2.2134 -1.0747 21 13 2
21.428 -1.8523 -1.6555 26 13 5
21.451 -1.8868 -1.6255 25 17 4
21.381 -1.7733 -1.6316 48 32 17
21.316 -1.8066 -1.6279 19 18 0
21.411 -1.7928 -1.6329 36 25 0
21.247 -1.7679 -1.652 21 20 15
21.38 -1.7469 -1.6163 30 11 4
21.496 -1.7975 -1.6096 43 30 12
21.48 -1.7662 -1.6287 33 10 4
21.414 -1.7201 -1.6074 32 8 8
21.449 -1.7431 -1.6053 34 8 9
21.425 -1.7775 -1.6293 43 27 1
21.452 -1.7703 -1.618 31 19 3
21.414 -1.7458 -1.623 27 8 1
21.418 -1.7479 -1.62 27 8 1
21.462 -1.8011 -1.6249 32 27 6
21.403 -1.7368 -1.6061 30 10 0
21.482 -1.7674 -1.627 33 10 4
21.478 -1.7631 -1.6053 31 8 0
21.445 -1.7861 -1.591 39 5 12
21.449 -1.6974 -1.6229 23 15 4
21.447 -1.717 -1.5916 30 2 0
21.379 -1.6474 -1.6032 19 20 6
21.495 -1.729 -1.6052 27 11 0
21.362 -1.6868 -1.6207 29 11 7
21.474 -1.7384 -1.6166 37 7 5
21.468 -1.7341 -1.6228 37 7 5
21.355 -1.6561 -1.6134 23 14 0
21.428 -1.6824 -1.6133 31 12 8
21.371 -1.6445 -1.6337 28 3 9
21.481 -1.6948 -1.6048 32 4 0
21.497 -1.7068 -1.6173 24 8 0
21.449 -1.7204 -1.6136 31 11 10
21.426 -1.6326 -1.6084 28 6 6
21.41 -1.6204 -1.5938 22 15 0
21.334 -1.5436 -1.6355 25 6 0
21.484 -1.6514 -1.618 31 13 0
21.451 -1.6276 -1.6226 27 4 0
21.402 -1.6381 -1.5955 31 7 7
21.456 -1.6751 -1.5762 29 6 12
21.414 -1.6503 -1.6336 38 14 12
21.518 -1.6984 -1.6069 28 6 0
21.493 -1.6328 -1.5957 35 22 6
21.407 -1.5952 -1.6034 28 8 7
21.475 -1.6417 -1.5774 25 16 11
21.482 -1.627 -1.6308 29 9 0
21.488 -1.6751 -1.5823 38 12 13
21.392 -1.6319 -1.6022 18 15 0
21.473 -1.6668 -1.6213 31 12 0
21.475 -1.5954 -1.5971 22 5 0
21.535 -1.6176 -1.6052 24 10 9
21.516 -1.6028 -1.5964 28 9 0
21.455 -1.5585 -1.6193 17 5 0
21.457 -1.6032 -1.5532 23 11 0
21.583 -1.6277 -1.5265 25 8 0
21.462 -1.5881 -1.632 30 5 0
21.457 -1.5791 -1.565 23 5 0
21.45 -1.6007 -1.6107 20 13 7
21.428 -1.5852 -1.5996 34 13 8
21.524 -1.5858 -1.5974 28 6 0
21.563 -1.6152 -1.5915 31 8 2
22.273 -1.9497 -1.0118 24 12 0
22.282 -1.9327 -1.0021 46 29 1
22.262 -1.9132 -0.99436 44 26 12
22.262 -1.914 -0.96905 44 28 15
22.267 -1.9305 -1.0237 28 12 12
22.27 -1.9354 -0.95686 27 13 0
22.262 -1.9266 -1.0132 35 25 0
22.28 -1.9179 -0.99607 46 29 1
22.28 -1.9172 -1.0093 48 33 0
22.27 -1.9356 -0.96871 26 14 2
22.286 -1.9366 -1.0109 43 26 8
22.293 -1.9187 -1.0015 68 47 28
22.307 -1.9202 -0.98219 69 48 19
22.303 -1.9169 -0.97345 66 48 26
22.292 -1.9188 -0.95393 71 52 10
22.306 -1.9184 -0.99622 69 49 22
22.28 -1.9191 -0.97084 68 46 25
22.29 -1.9161 -0.96804 66 49 21
22.317 -1.9191 -0.95456 71 52 18
22.287 -1.913 -0.99413 67 50 6
22.292 -1.9181 -0.97796 67 50 20
22.277 -1.9154 -0.98607 43 23 12
22.32 -1.9224 -0.96331 73 50 17
22.279 -1.9192 -0.95879 53 36 8
22.304 -1.9196 -0.94765 66 49 21
22.285 -1.913 -0.94665 71 47 11
22.305 -1.9193 -0.95974 69 50 18
22.307 -1.923 -0.93375 67 48 18
22.321 -1.9217 -0.98696 65 49 26
22.321 -1.9229 -0.97435 70 48 24
22.318 -1.9218 -0.9411 71 53 33
21.186 -3.4398 -1.6634 56 42 13
21.173 -3.4818 -1.655 49 31 27
21.271 -3.4029 -1.5472 41 28 20
21.19 -3.4844 -1.668 52 34 20
21.109 -3.4808 -1.6838 47 34 0
21.083 -3.5109 -1.693 49 32 6
21.084 -3.5278 -1.6795 33 27 5
21.11 -3.49 -1.7071 49 31 27
21.149 -3.4836 -1.7049 57 43 34
21.123 -3.4184 -1.7005 57 43 4
21.198 -3.4165 -1.6622 57 45 23
21.092 -3.4211 -1.6986 48 41 12
21.122 -3.4562 -1.6828 48 36 10
21.139 -3.4302 -1.6785 52 39 31
21.097 -3.4561 -1.6734 42 24 20
21.102 -3.436 -1.6819 47 35 9
21.162 -3.337 -1.6726 39 24 0
21.158 -3.3381 -1.6745 39 24 0
21.219 -3.353 -1.6715 88 72 59
21.148 -3.3711 -1.7009 52 37 18
21.189 -3.3737 -1.661 55 40 17
21.156 -3.3769 -1.66 48 36 14
21.066 -3.3806 -1.7039 40 31 2
21.214 -3.3273 -1.6591 39 26 17
21.207 -3.3397 -1.6906 58 45 27
21.161 -3.2812 -1.7023 41 27 18
21.143 -3.2777 -1.689 33 20 1
21.192 -3.3089 -1.6638 40 26 23
21.051 -3.3479 -1.7378 29 24 3
21.219 -3.2707 -1.6828 41 24 14
21.163 -3.2894 -1.6633 40 25 2
21.156 -3.3015 -1.6952 41 26 3
21.208 -3.2008 -1.6696 40 25 2
21.171 -3.2388 -1.7097 35 22 13
21.097 -3.2632 -1.7043 43 21 21
21.235 -3.2471 -1.6802 37 25 11
21.195 -3.2135 -1.7044 36 24 2
21.252 -3.2237 -1.6779 26 21 2
21.271 -3.2259 -1.6861 24 19 0
21.189 -3.215 -1.7079 36 24 2
21.197 -3.25 -1.6827 39 25 0
21.194 -3.2242 -1.6724 34 24 12
21.14 -3.2311 -1.6848 41 21 22
21.255 -3.2044 -1.6847 39 22 12
21.225 -3.1582 -1.6746 40 25 6
21.195 -3.1771 -1.6638 37 21 4
21.204 -3.1919 -1.7074 36 30 0
21.172 -3.1637 -1.6878 32 26 4
21.209 -3.1437 -1.6967 40 23 3
21.201 -3.184 -1.6842 37 22 0
21.152 -3.2082 -1.6847 38 23 20
21.252 -3.1401 -1.6861 29 20 11
21.277 -3.1518 -1.658 33 22 16
21.174 -3.0878 -1.6635 29 15 4
21.322 -3.1116 -1.6661 34 23 3
21.197 -3.1101 -1.6621 42 16 17
21.273 -3.1163 -1.6807 38 22 7
21.261 -3.0932 -1.6776 31 23 0
21.237 -3.09 -1.6679 28 24 0
21.29 -3.0668 -1.6607 39 20 3
21.184 -3.0936 -1.6804 32 11 6
21.205 -3.0421 -1.6593 35 19 6
21.214 -3.0488 -1.6798 28 19 2
21.293 -3.0212 -1.6534 37 21 6
21.279 -3.0612 -1.6443 35 23 0
21.256 -3.0206 -1.6561 28 23 2
21.194 -3.0244 -1.6752 36 16 7
21.202 -3.0705 -1.678 28 17 13
21.177 -3.0677 -1.6709 34 18 3
21.281 -3.0425 -1.6535 33 26 0
21.233 -3.0055 -1.6816 30 19 0
21.219 -2.9806 -1.6762 29 16 10
21.283 -2.958 -1.6616 39 17 4
21.261 -2.9816 -1.6724 33 22 2
21.316 -2.968 -1.6872 35 19 4
21.252 -2.9558 -1.662 31 20 16
21.215 -2.9738 -1.6559 26 19 3
21.349 -2.9432 -1.6683 37 21 4
21.29 -2.9635 -1.6773 32 19 1
21.274 -2.9869 -1.6866 30 17 0
21.227 -2.9989 -1.6615 35 21 18
21.354 -2.9024 -1.6027 33 20 2
21.261 -2.9076 -1.6477 35 16 18
21.335 -2.9005 -1.6744 33 20 14
21.204 -2.9555 -1.6716 32 17 12
21.335 -2.8934 -1.6505 25 16 0
21.294 -2.8912 -1.6567 37 20 3
21.21 -2.9346 -1.6767 37 19 19
21.365 -2.901 -1.5948 33 20 2
21.224 -2.936 -1.7544 31 16 9
21.237 -2.9387 -1.6838 34 21 3
21.26 -2.8485 -1.6772 29 20 11
21.242 -2.843 -1.6653 31 21 11
21.194 -2.8887 -1.6821 36 21 2
21.261 -2.8684 -1.6672 33 20 12
21.331 -2.829 -1.6553 33 20 1
21.301 -2.8714 -1.6629 27 20 2
21.21 -2.8459 -1.6882 31 21 11
21.245 -2.8897 -1.6675 38 23 20
21.3 -2.8515 -1.6701 22 17 0
21.365 -2.8777 -1.6594 36 19 12
21.225 -2.8648 -1.668 35 21 12
21.308 -2.7849 -1.6684 35 16 2
21.234 -2.8027 -1.6883 32 19 1
21.254 -2.8215 -1.6641 35 19 4
21.266 -2.7803 -1.6742 38 21 14
21.313 -2.8046 -1.6574 33 17 2
21.251 -2.774 -1.6594 32 17 0
21.354 -2.769 -1.6649 27 18 0
21.27 -2.8274 -1.6777 35 18 1
21.305 -2.7112 -1.6475 38 21 14
21.411 -2.734 -1.6592 35 16 2
21.297 -2.7182 -1.6792 35 20 13
21.236 -2.7543 -1.68 33 20 4
21.331 -2.7432 -1.6643 33 18 0
21.361 -2.7492 -1.6692 25 22 3
21.304 -2.738 -1.6637 30 14 14
21.249 -2.7332 -1.6807 34 16 2
21.271 -2.7597 -1.6794 36 24 12
21.397 -2.7539 -1.6627 37 15 2
21.385 -2.7288 -1.6587 32 17 10
21.328 -2.7638 -1.6615 33 20 4
21.234 -2.6848 -1.6856 31 13 9
21.286 -2.6909 -1.669 36 18 14
21.337 -2.6443 -1.6258 37 17 16
21.332 -2.6506 -1.6553 33 20 11
21.38 -2.7031 -1.6483 34 21 5
21.281 -2.6223 -1.6776 34 21 12
21.347 -2.6306 -1.6525 26 17 10
21.399 -2.6184 -1.6446 34 21 3
21.321 -2.644 -1.638 37 17 16
21.311 -2.6026 -1.6635 41 21 12
21.425 -2.6056 -1.6555 32 17 12
21.345 -2.6306 -1.6545 26 17 10
21.388 -2.5979 -1.6607 29 18 0
21.428 -2.5802 -1.6373 34 21 12
21.299 -2.5512 -1.7522 35 18 10
21.358 -2.5495 -1.6794 33 18 0
21.321 -2.5554 -1.649 43 20 12
21.296 -2.5747 -1.66 44 21 13
21.334 -2.5829 -1.6546 46 21 16
21.422 -2.5857 -1.6661 31 18 9
21.404 -2.5328 -1.6503 34 22 0
21.336 -2.5627 -1.6648 41 23 11
21.338 -2.5359 -1.6445 41 25 12
21.446 -2.5422 -1.6405 37 20 12
21.358 -2.5435 -1.6544 42 22 11
21.426 -2.4948 -1.6509 35 20 0
21.461 -2.4844 -1.6535 37 23 10
21.372 -2.498 -1.6386 39 21 11
21.322 -2.4868 -1.6533 41 18 10
21.337 -2.4673 -1.6494 39 21 7
21.396 -2.4803 -1.6283 35 19 4
21.485 -2.5068 -1.6259 39 20 13
21.394 -2.5258 -1.6315 45 25 1
21.35 -2.5165 -1.647 34 22 8
21.444 -2.5223 -1.6522 39 20 14
21.448 -2.5171 -1.6239 30 21 4
21.392 -2.4853 -1.6558 38 21 11
21.456 -2.4784 -1.634 38 21 11
21.306 -2.4203 -1.6901 39 20 14
21.434 -2.4299 -1.6473 36 20 5
21.424 -2.454 -1.6701 38 22 9
21.462 -2.4193 -1.6554 39 21 17
21.456 -2.4384 -1.6533 36 23 5
21.439 -2.4507 -1.634 39 23 0
21.406 -2.4665 -1.6512 36 19 0
21.497 -2.4692 -1.6314 40 27 11
21.361 -2.4075 -1.6565 40 24 1
21.36 -2.4128 -1.6833 36 22 9
21.405 -2.3523 -1.652 37 23 14
21.4 -2.393 -1.6339 34 26 3
21.469 -2.3953 -1.6348 40 24 7
21.421 -2.402 -1.6414 41 24 7
21.483 -2.4028 -1.6474 40 24 7
21.451 -2.3665 -1.6354 41 24 0
21.388 -2.3648 -1.6295 39 23 8
21.452 -2.4124 -1.6403 39 23 0
21.322 -2.374 -1.6717 38 22 7
21.427 -2.3824 -1.6459 40 25 4
21.472 -2.3756 -1.6415 41 23 9
21.409 -2.3739 -1.6343 36 24 10
21.488 -2.3836 -1.6502 39 24 19
21.442 -2.2979 -1.6438 25 20 0
21.377 -2.3202 -1.6556 40 21 15
21.383 -2.3428 -1.6433 37 22 3
21.488 -2.3183 -1.6557 41 22 18
21.452 -2.3414 -1.6206 36 21 14
21.446 -2.345 -1.6494 41 15 0
21.414 -2.3074 -1.6313 39 23 10
21.361 -2.2901 -1.6526 37 19 15
21.469 -2.3092 -1.6459 40 25 2
21.44 -2.3487 -1.6787 37 21 6
21.473 -2.285 -1.6275 41 24 4
21.507 -2.2779 -1.6315 45 25 1
21.479 -2.2453 -1.6401 42 24 0
21.4 -2.2782 -1.6319 41 23 9
21.463 -2.2617 -1.6441 36 21 0
21.411 -2.2385 -1.637 41 21 12
21.355 -2.2279 -1.71 27 17 7
21.522 -2.2863 -1.6398 43 24 20
21.399 -2.2567 -1.641 39 21 7
21.491 -2.2942 -1.6357 38 23 0
21.51 -2.3034 -1.6436 28 21 11
21.535 -2.2656 -1.6155 38 22 0
21.401 -2.1665 -1.6486 31 14 7
21.512 -2.1894 -1.6146 40 19 2
21.5 -2.2103 -1.6394 42 22 11
21.436 -2.1819 -1.6457 28 14 1
21.509 -2.1926 -1.6409 39 15 11
21.491 -2.2034 -1.6243 38 20 0
21.466 -2.2164 -1.6374 38 20 0
21.481 -2.2251 -1.6502 45 21 7
21.489 -2.2277 -1.6396 40 24 1
21.38 -2.1819 -1.657 42 22 13
21.52 -2.2411 -1.6366 39 22 12
21.543 -2.2077 -1.635 43 20 14
21.534 -2.225 -1.6349 39 23 10
21.424 -2.2254 -1.6599 40 25 2
21.46 -2.1474 -1.6421 39 20 3
21.428 -2.1279 -1.6229 39 21 9
21.501 -2.1653 -1.6335 39 18 1
21.413 -2.127 -1.6586 32 13 6
21.431 -2.1329 -1.6458 32 13 6
21.46 -2.1683 -1.6335 29 21 10
21.423 -2.1049 -1.6334 37 14 6
21.524 -2.1564 -1.6462 34 12 12
21.425 -2.1529 -1.6359 36 20 7
21.53 -2.1791 -1.6319 38 20 6
21.55 -2.1452 -1.6313 35 14 9
21.507 -2.1427 -1.6118 40 16 2
21.513 -2.1489 -1.6298 35 18 0
21.517 -2.1294 -1.6354 36 16 9
21.427 -2.063 -1.6438 36 12 12
21.492 -2.0704 -1.6272 22 16 4
21.525 -2.1116 -1.6375 38 19 12
21.497 -2.0763 -1.6477 41 18 2
21.453 -2.1022 -1.6661 38 11 2
21.485 -2.0215 -1.625 39 14 17
21.579 -2.0514 -1.6248 40 13 2
21.596 -2.0386 -1.6189 36 12 8
21.508 -2.0351 -1.6303 37 18 4
21.524 -2.0626 -1.6086 37 19 0
21.479 -2.0404 -1.6234 36 26 14
21.538 -2.0715 -1.6215 37 16 0
21.44 -2.0208 -1.6295 44 19 15
21.521 -2.0437 -1.6433 41 17 5
21.542 -2.0285 -1.6101 41 17 5
21.555 -2.0376 -1.6224 37 19 0
21.556 -2.0621 -1.6376 39 19 12
21.639 -2.0323 -1.5429 41 20 3
21.516 -1.996 -1.6413 44 17 8
21.556 -2.0171 -1.631 37 15 0
21.435 -1.9174 -1.7552 39 18 15
21.572 -2.004 -1.6252 41 17 5
21.508 -1.8964 -1.6145 23 17 3
21.529 -1.9105 -1.6199 51 37 1
21.594 -1.9733 -1.6211 19 16 0
21.556 -1.9039 -1.6018 40 29 0
21.597 -1.8656 -1.616 17 14 0
21.519 -1.8813 -1.6117 33 23 13
21.551 -1.88 -1.6139 27 16 0
21.586 -1.8774 -1.5969 24 22 0
21.556 -1.8637 -1.6406 9 13 0
21.478 -1.7675 -1.6554 44 29 22
21.579 -1.8104 -1.6253 33 20 1
21.502 -1.7814 -1.6353 44 29 22
21.554 -1.8143 -1.6162 22 15 0
21.525 -1.7736 -1.6219 39 12 19
21.496 -1.8006 -1.6305 23 16 10
21.621 -1.8168 -1.6197 18 10 0
21.606 -1.8289 -1.623 23 15 13
21.57 -1.826 -1.6254 20 17 2
21.557 -1.7945 -1.6219 38 17 0
21.569 -1.847 -1.6159 21 18 0
21.589 -1.7494 -1.6194 36 9 0
21.62 -1.7716 -1.6148 38 13 8
21.552 -1.7452 -1.6217 37 10 3
21.586 -1.7696 -1.6109 44 17 8
21.491 -1.7506 -1.6277 31 10 5
21.616 -1.7902 -1.6101 37 24 6
21.558 -1.7737 -1.6281 37 13 0
21.536 -1.7578 -1.624 30 11 4
21.513 -1.7415 -1.6194 30 14 1
21.592 -1.7519 -1.6161 36 9 0
21.561 -1.7297 -1.6193 25 6 0
21.586 -1.7928 -1.6275 36 20 5
21.565 -1.7086 -1.6 27 3 3
21.625 -1.7097 -1.6101 36 12 8
21.521 -1.6769 -1.6172 29 10 12
21.562 -1.6844 -1.6129 28 10 0
21.524 -1.7035 -1.6287 32 5 12
21.63 -1.733 -1.5744 37 22 1
21.652 -1.729 -1.612 26 13 4
21.609 -1.6949 -1.5806 26 6 0
21.61 -1.6971 -1.6033 38 20 0
21.625 -1.7315 -1.63 32 8 8
21.595 -1.7326 -1.62 37 14 0
21.567 -1.7102 -1.5976 27 3 3
21.575 -1.6914 -1.5785 31 6 0
21.611 -1.7208 -1.6175 33 11 0
21.623 -1.7519 -1.6212 38 14 10
21.527 -1.6363 -1.6262 31 9 9
21.638 -1.6946 -1.5889 29 10 0
21.65 -1.7046 -1.6002 25 6 2
21.601 -1.6454 -1.6049 36 27 12
21.57 -1.6218 -1.6068 33 11 14
21.669 -1.6756 -1.6 28 12 0
21.641 -1.7 -1.629 29 7 7
21.615 -1.657 -1.6163 24 6 0
21.631 -1.6468 -1.6111 31 20 16
21.579 -1.6504 -1.592 22 10 14
21.533 -1.6192 -1.6549 31 19 5
21.64 -1.6761 -1.6182 35 4 9
21.617 -1.658 -1.6153 24 6 0
21.687 -1.6472 -1.598 28 12 0
21.575 -1.6031 -1.613 27 3 0
21.646 -1.6137 -1.6161 31 3 0
21.542 -1.5778 -1.614 25 3 6
21.669 -1.6101 -1.6019 24 8 0
21.639 -1.6083 -1.5966 29 9 0
21.652 -1.6411 -1.5992 28 11 4
21.57 -1.5771 -1.6242 33 15 3
21.668 -1.611 -1.6232 27 7 8
21.619 -1.6141 -1.6077 33 6 11
21.683 -1.6645 -1.5967 30 15 8
21.659 -1.6021 -1.5869 34 7 0
21.609 -1.6297 -1.6055 30 13 0
21.656 -1.5779 -1.6233 30 7 1
21.719 -1.6065 -1.5754 26 9 0
21.691 -1.6046 -1.5703 20 16 5
22.293 -1.9158 -1.0533 68 48 23
22.279 -1.914 -1.0749 58 40 26
22.292 -1.9136 -1.0683 71 55 22
22.278 -1.915 -1.036 44 31 25
22.278 -1.9154 -1.023 44 32 16
22.279 -1.9298 -1.0286 42 30 18
22.3 -1.9498 -1.0354 42 24 0
22.264 -1.927 -1.0382 36 17 11
22.28 -1.9158 -1.0476 56 40 7
22.278 -1.9135 -1.0625 62 47 18
22.334 -1.9205 -1.0173 66 49 21
22.332 -1.918 -1.0317 68 51 23
22.305 -1.9165 -1.0212 70 49 6
22.307 -1.9174 -1.0328 72 50 11
22.29 -1.9142 -1.03 68 50 14
22.291 -1.914 -1.0427 68 48 13
22.305 -1.9173 -1.009 71 53 31
22.32 -1.9205 -0.99971 70 49 30
22.32 -1.919 -1.0133 69 49 22
22.334 -1.9211 -1.0052 67 47 22
22.322 -1.9194 -1.0368 67 50 22
22.304 -1.914 -1.0484 69 49 22
22.291 -1.9152 -1.0163 69 46 28
22.318 -1.9162 -1.0279 66 49 23
22.306 -1.9154 -1.0594 65 50 19
22.333 -1.9205 -0.99414 67 50 22
20.583 -1.7591 -0.65729 61 45 22
20.747 -1.7964 -0.64557 73 56 30
20.225 -1.6848 -0.688 39 23 6
20.524 -1.7596 -0.63508 43 29 2
20.491 -1.7518 -0.66289 41 29 5
20.722 -1.7541 -0.6102 70 51 17
20.669 -1.715 -0.66926 73 56 30
20.662 -1.7084 -0.64481 73 56 30
20.769 -1.801 -0.61934 69 52 22
20.698 -1.7484 -0.63428 72 52 28
20.691 -1.7165 -0.62021 74 54 19
20.712 -1.7576 -0.65528 71 54 28
20.801 -1.7444 -0.65653 80 57 23
20.821 -1.7461 -0.61065 78 58 21
20.784 -1.734 -0.63748 78 61 35
20.856 -1.7372 -0.61406 81 60 31
20.876 -1.749 -0.63124 80 61 29
20.879 -1.744 -0.59002 79 60 30
20.933 -1.7507 -0.63242 77 55 32
20.976 -1.767 -0.60549 75 56 24
21.342 -1.817 -0.58994 51 30 9
21.332 -1.7926 -0.59645 76 54 31
21.336 -1.7696 -0.54995 43 26 0
21.318 -1.7446 -0.59007 39 22 2
21.319 -1.7433 -0.57406 40 12 11
21.348 -1.7417 -0.59347 34 19 0
21.323 -1.7648 -0.56968 42 24 4
21.297 -1.7529 -0.58998 39 19 8
21.335 -1.7304 -0.56023 42 18 4
21.291 -1.7076 -0.58389 39 23 0
21.292 -1.6867 -0.57063 41 19 4
21.344 -1.7201 -0.59798 33 18 0
21.307 -1.6139 -0.57075 38 14 4
20.775 -1.8014 -0.75828 71 53 29
20.591 -1.7483 -0.73595 71 50 19
20.704 -1.7838 -0.67303 69 49 22
20.567 -1.7574 -0.68436 41 29 3
20.564 -1.7647 -0.73168 45 30 11
20.54 -1.7414 -0.81861 48 31 3
20.565 -1.7424 -0.76403 63 50 32
20.324 -1.7147 -0.81406 46 30 13
20.646 -1.7653 -0.70503 72 51 24
20.739 -1.7912 -0.78744 69 53 20
20.55 -1.764 -0.75961 47 28 22
20.403 -1.729 -0.72497 48 32 6
20.304 -1.7027 -0.79262 46 28 18
20.529 -1.7331 -0.79572 66 53 35
20.385 -1.7269 -0.75178 43 26 18
20.492 -1.7469 -0.79349 48 29 22
20.398 -1.7171 -0.83792 48 33 0
20.564 -1.7604 -0.70968 45 29 3
20.704 -1.733 -0.6861 72 53 19
20.828 -1.7594 -0.67378 74 57 29
20.748 -1.7294 -0.70788 76 56 29
20.703 -1.7581 -0.67902 73 54 22
20.673 -1.7096 -0.79008 71 54 26
20.774 -1.7258 -0.77972 79 59 25
20.681 -1.7531 -0.70511 67 50 24
20.709 -1.7541 -0.80061 72 53 23
20.732 -1.7481 -0.70578 73 53 26
20.72 -1.7725 -0.72231 72 50 26
20.767 -1.7945 -0.73896 72 55 29
20.7 -1.713 -0.7389 76 59 31
20.704 -1.7183 -0.76128 73 55 31
20.712 -1.7513 -0.7762 70 55 24
20.726 -1.7491 -0.72745 71 53 29
20.702 -1.7434 -0.75401 71 53 33
20.965 -1.751 -0.69512 76 56 31
20.929 -1.7442 -0.76359 76 57 25
20.894 -1.7464 -0.71979 80 58 34
21.018 -1.7556 -0.71086 77 56 29
20.793 -1.7304 -0.75317 79 57 33
21.022 -1.7601 -0.73115 72 53 21
20.922 -1.749 -0.65112 81 60 33
20.942 -1.747 -0.73953 75 54 27
20.825 -1.734 -0.68257 78 58 33
20.966 -1.7485 -0.67299 75 56 24
21.025 -1.7617 -0.73004 72 53 21
20.932 -1.7564 -0.67213 78 56 17
20.861 -1.746 -0.65644 79 58 29
20.878 -1.7425 -0.74467 78 58 33
20.921 -1.755 -0.69423 79 58 27
20.829 -1.7424 -0.72509 79 59 32
20.818 -1.7341 -0.70521 80 55 33
20.885 -1.749 -0.765 78 57 30
21.03 -1.7666 -0.75015 75 54 23
20.96 -1.752 -0.71493 77 56 29
21.163 -1.7825 -0.71674 72 53 23
21.165 -1.781 -0.69714 72 56 30
21.105 -1.7736 -0.70286 75 55 28
21.082 -1.7655 -0.72645 74 54 27
21.311 -1.788 -0.65239 74 58 33
21.324 -1.8101 -0.61091 47 29 7
21.332 -1.7971 -0.63249 73 58 37
21.29 -1.7972 -0.64902 54 34 27
21.358 -1.7894 -0.61659 46 29 0
21.328 -1.7752 -0.63551 44 24 17
21.324 -1.7905 -0.61416 75 56 24
21.343 -1.7852 -0.65043 46 31 8
21.334 -1.7359 -0.61229 39 18 1
21.352 -1.7648 -0.60324 43 20 2
21.366 -1.7631 -0.69057 31 13 0
21.367 -1.7754 -0.61749 38 24 0
21.334 -1.761 -0.65696 33 19 8
21.306 -1.7595 -0.60591 31 13 0
21.351 -1.7468 -0.62692 38 19 2
21.338 -1.7614 -0.64126 38 23 4
21.36 -1.7118 -0.6186 35 16 2
21.35 -1.6862 -0.62253 31 12 0
21.333 -1.6827 -0.69596 33 16 0
21.355 -1.728 -0.61215 33 16 0
21.417 -1.7131 -0.68265 33 14 7
21.329 -1.7154 -0.63248 36 20 5
21.323 -1.6918 -0.63986 30 11 4
21.374 -1.7268 -0.68241 37 15 2
21.384 -1.6129 -0.69319 30 14 0
20.769 -1.7934 -0.88319 69 49 22
20.406 -1.7246 -0.86144 48 31 13
20.477 -1.7166 -0.99736 43 27 4
20.41 -1.7308 -0.88696 50 32 12
20.423 -1.7209 -0.97469 46 31 8
20.403 -1.7181 -1.0078 49 34 1
20.526 -1.745 -0.8716 45 33 7
20.571 -1.7575 -0.83667 50 32 12
20.665 -1.7667 -0.8248 68 51 21
20.626 -1.7557 -0.85916 68 53 24
20.769 -1.797 -0.90703 68 48 23
20.693 -1.7715 -0.95129 68 51 23
20.684 -1.7067 -0.91739 71 51 27
20.661 -1.7388 -0.83419 73 52 31
20.707 -1.7608 -0.8493 71 51 26
20.673 -1.7134 -0.81521 72 53 21
20.787 -1.7383 -0.82199 79 60 28
20.84 -1.7431 -0.8651 77 58 28
20.734 -1.7535 -0.89837 66 49 23
20.688 -1.7124 -0.94195 70 53 27
20.675 -1.6951 -0.87074 78 58 34
20.692 -1.7063 -0.89083 73 57 24
20.746 -1.7546 -0.87153 70 52 30
20.788 -1.7241 -0.90052 75 55 28
20.724 -1.7535 -0.92615 67 50 20
20.823 -1.7503 -0.79153 76 57 25
20.854 -1.7557 -0.90638 78 59 16
20.735 -1.7464 -0.85007 72 52 25
20.77 -1.7896 -0.85949 69 52 26
20.709 -1.7318 -0.83266 73 54 22
21.041 -1.7608 -0.83709 71 50 23
20.943 -1.7424 -0.87669 71 53 17
20.873 -1.7467 -0.78918 76 58 22
20.795 -1.7166 -0.82838 79 58 31
20.983 -1.7483 -0.78082 76 52 24
21.05 -1.7678 -0.8563 73 52 25
20.869 -1.7374 -0.91114 77 53 25
20.967 -1.7442 -0.8061 74 55 23
20.905 -1.7432 -0.83405 78 59 29
20.945 -1.7543 -0.78129 76 55 28
20.858 -1.7472 -0.83642 80 58 34
20.993 -1.7586 -0.82078 77 56 29
20.888 -1.7389 -0.86069 79 56 25
20.949 -1.742 -0.85326 72 53 23
20.899 -1.7474 -0.88007 76 55 28
20.933 -1.7523 -0.80527 78 59 27
21.067 -1.7668 -0.78981 75 57 19
21.039 -1.7568 -0.81746 71 54 24
21.115 -1.7674 -0.78566 74 53 26
21.146 -1.7767 -0.73912 73 53 26
21.116 -1.7705 -0.80541 72 55 27
21.18 -1.7845 -0.83609 67 50 20
21.068 -1.7648 -0.7687 73 55 17
21.071 -1.7631 -0.74834 71 55 22
21.096 -1.7636 -0.83126 71 51 14
21.068 -1.7534 -0.8591 72 53 23
21.131 -1.7723 -0.76177 71 54 28
21.329 -1.7665 -0.7292 35 16 0
21.362 -1.8018 -0.69899 44 24 0
21.349 -1.7655 -0.80359 31 14 7
21.378 -1.8005 -0.78933 37 24 8
21.34 -1.8095 -0.69837 74 54 20
21.336 -1.7679 -0.7114 36 17 0
21.453 -1.8203 -0.75898 37 21 0
21.377 -1.7389 -0.78795 33 14 0
21.37 -1.7354 -0.79052 33 14 0
21.327 -1.7495 -0.77191 31 13 0
21.322 -1.7279 -0.79774 36 17 3
21.294 -1.7292 -0.76147 31 18 2
21.31 -1.7156 -0.74373 33 11 0
21.34 -1.7362 -0.77384 36 18 4
21.382 -1.7734 -0.70423 28 13 0
21.316 -1.721 -0.76075 31 12 5
21.331 -1.7076 -0.74259 27 15 0
21.296 -1.73 -0.76134 31 18 2
21.359 -1.7001 -0.70891 32 16 1
21.32 -1.6788 -0.73452 28 10 0
21.384 -1.7339 -0.69832 31 13 0
21.365 -1.7121 -0.79864 28 11 1
21.341 -1.6778 -0.80827 32 13 0
21.359 -1.6803 -0.71305 31 13 0
21.356 -1.6666 -0.80969 26 7 3
21.34 -1.6752 -0.79052 36 17 1
21.369 -1.6245 -0.71195 27 8 0
21.339 -1.6272 -0.73048 31 14 0
21.383 -1.661 -0.79273 30 12 2
21.365 -1.6235 -0.72914 28 11 0
21.367 -1.6031 -0.71355 23 15 0
20.627 -1.7503 -0.99282 69 52 22
20.774 -1.789 -1.0115 68 51 21
20.346 -1.7021 -1.0496 50 33 13
20.779 -1.7951 -1.0343 68 51 21
20.586 -1.7386 -1.0308 64 49 18
20.736 -1.7823 -1.0726 67 49 27
20.57 -1.7457 -1.1159 44 28 15
20.471 -1.7428 -1.165 46 27 13
20.452 -1.726 -1.1135 43 29 2
20.491 -1.7356 -1.0747 44 25 11
20.479 -1.7408 -1.135 46 29 19
20.571 -1.7371 -1.0614 68 51 33
20.327 -1.7055 -1.1124 42 28 2
20.403 -1.728 -1.0622 45 30 11
20.593 -1.7648 -0.99326 46 29 11
20.52 -1.7419 -1.0402 44 30 4
20.543 -1.7402 -1.1525 40 24 1
20.7 -1.7019 -1.0222 76 55 34
20.709 -1.7096 -1.0461 73 53 18
20.781 -1.7284 -0.94934 74 56 36
20.741 -1.7152 -0.98519 76 54 31
20.688 -1.705 -1.0768 69 52 26
20.8 -1.7252 -1.0521 77 58 26
20.804 -1.7236 -1.0247 75 55 30
20.692 -1.7444 -0.95799 68 51 25
20.689 -1.7367 -1.0964 69 51 27
20.731 -1.7415 -1.0055 70 51 21
20.723 -1.7423 -1.0339 68 52 26
20.71 -1.7558 -0.97848 68 50 26
20.777 -1.7194 -1.0833 75 56 26
20.741 -1.7307 -1.0881 67 49 25
20.838 -1.7347 -0.99056 75 54 27
20.707 -1.7396 -1.0644 69 51 29
20.723 -1.7649 -0.99947 68 50 26
20.71 -1.7288 -0.98753 68 50 28
20.742 -1.7382 -0.95344 69 51 29
20.89 -1.732 -0.98333 76 56 22
20.846 -1.7308 -0.94083 77 58 28
21.042 -1.7525 -0.95289 71 50 21
21.036 -1.753 -0.97704 74 54 27
21.006 -1.7533 -0.91213 71 55 22
20.968 -1.739 -0.94539 72 52 27
20.984 -1.7497 -0.96228 73 53 16
20.81 -1.7189 -0.97498 76 56 29
20.95 -1.7489 -0.89745 76 56 29
21.064 -1.7569 -0.90289 71 51 27
20.933 -1.7329 -1.0263 74 52 28
20.923 -1.7431 -0.95099 74 54 29
20.914 -1.7493 -1.0236 76 55 24
20.893 -1.7368 -1.0061 77 56 25
21.005 -1.7498 -0.89002 73 54 22
21.067 -1.7615 -0.92337 70 50 23
20.918 -1.7375 -0.92853 71 50 29
21.035 -1.7556 -0.99935 73 51 27
20.973 -1.7479 -0.98932 75 54 25
21.094 -1.7685 -0.87244 72 55 25
21.123 -1.7681 -0.93494 72 52 25
21.078 -1.752 -0.99388 69 52 22
21.186 -1.7787 -0.94383 69 52 24
21.127 -1.7672 -0.91227 70 52 16
21.31 -1.7959 -0.89793 74 53 32
21.111 -1.7651 -0.96008 71 52 22
21.165 -1.7659 -0.92891 69 52 26
21.134 -1.765 -0.86942 72 52 28
21.134 -1.7676 -0.89029 67 50 24
21.193 -1.7849 -0.9618 69 53 18
21.299 -1.7627 -0.84826 40 22 10
21.317 -1.7905 -0.81837 74 54 30
21.33 -1.7883 -0.91535 72 55 27
21.346 -1.7944 -0.89125 75 58 30
21.329 -1.7584 -0.84675 32 16 1
21.311 -1.7467 -0.83252 31 18 0
21.336 -1.7805 -0.81862 39 21 9
21.358 -1.7761 -0.85552 32 20 0
21.351 -1.8104 -0.82835 71 51 24
21.333 -1.7852 -0.87546 38 18 0
21.367 -1.783 -0.87312 33 20 1
21.349 -1.7914 -0.85171 37 19 0
21.338 -1.749 -0.90657 34 11 3
21.345 -1.7694 -0.85944 32 20 0
21.353 -1.7308 -0.85011 31 16 0
21.327 -1.733 -0.81494 29 10 3
21.314 -1.7149 -0.91984 35 18 0
21.288 -1.6921 -0.85034 27 13 0
21.334 -1.7035 -0.89994 31 12 5
21.37 -1.7184 -0.83314 28 16 0
21.287 -1.7143 -0.866 35 13 2
21.329 -1.7136 -0.81994 31 13 0
21.317 -1.7296 -0.83641 34 18 3
21.418 -1.7896 -0.84305 27 11 0
21.406 -1.7471 -0.89504 29 16 0
21.44 -1.7822 -0.84285 32 19 0
21.337 -1.6771 -0.83076 32 15 5
21.388 -1.7109 -0.85111 30 14 0
21.385 -1.6907 -0.87643 30 12 2
21.355 -1.6707 -0.86951 34 12 0
21.318 -1.6866 -0.82844 34 16 6
21.374 -1.7045 -0.87248 27 10 0
21.38 -1.7096 -0.8903 28 15 0
21.391 -1.6311 -0.87675 25 15 3
21.35 -1.642 -0.81687 29 15 6
21.384 -1.6066 -0.88013 30 9 6
20.673 -1.7618 -1.1175 70 50 23
20.457 -1.7175 -1.2405 43 30 11
20.761 -1.7822 -1.1769 63 48 17
20.711 -1.7669 -1.2233 62 45 15
20.584 -1.7317 -1.1752 62 46 21
20.513 -1.7433 -1.2471 37 25 1
20.405 -1.7235 -1.2151 39 24 3
20.49 -1.725 -1.1989 43 25 13
20.392 -1.7034 -1.3225 38 23 2
20.354 -1.7102 -1.2627 40 24 7
20.618 -1.7493 -1.1908 67 52 33
20.761 -1.778 -1.1509 65 48 22
20.588 -1.7426 -1.2317 66 49 32
20.719 -1.7022 -1.1568 74 55 25
20.673 -1.691 -1.2273 72 54 18
20.832 -1.7279 -1.1496 77 56 29
20.684 -1.6916 -1.1955 74 54 27
20.698 -1.7443 -1.1195 66 48 26
20.867 -1.7395 -1.1118 76 57 25
20.738 -1.7228 -1.2296 69 48 27
20.689 -1.7343 -1.2675 65 49 23
20.704 -1.732 -1.2067 66 49 23
20.728 -1.7376 -1.1709 68 51 25
20.732 -1.7352 -1.1423 67 49 25
20.732 -1.7042 -1.1246 74 56 18
20.719 -1.7569 -1.1399 70 50 26
20.727 -1.7291 -1.1184 70 49 22
20.735 -1.7255 -1.2579 66 49 21
20.815 -1.7243 -1.1816 73 54 22
20.727 -1.7455 -1.2257 64 49 10
20.788 -1.7165 -1.2179 73 53 28
21.027 -1.7432 -1.1269 68 50 12
20.9 -1.7281 -1.1096 75 54 27
20.993 -1.7422 -1.0603 69 52 26
21.031 -1.742 -1.102 66 50 17
20.973 -1.7431 -1.1402 71 51 24
21 -1.7486 -1.081 70 52 28
20.911 -1.7515 -1.0475 75 55 30
20.873 -1.7269 -1.1954 74 54 29
20.869 -1.7178 -1.1464 72 53 21
21.032 -1.7573 -1.0236 70 50 26
21.007 -1.7373 -1.159 68 51 23
21.036 -1.7414 -1.0763 69 52 22
21.072 -1.7525 -1.0174 70 50 23
20.987 -1.7459 -1.1099 69 52 26
20.874 -1.724 -1.1685 72 51 20
20.935 -1.7406 -1.0722 70 50 26
20.938 -1.7387 -1.047 71 50 21
20.954 -1.7377 -1.1704 71 52 22
21.067 -1.7528 -1.0419 71 53 29
20.856 -1.7312 -1.0903 77 54 23
21.363 -1.8121 -0.96444 69 52 24
21.332 -1.798 -0.99511 66 49 21
21.136 -1.7628 -1.0243 69 52 26
21.146 -1.7702 -1.0426 68 50 26
21.156 -1.7552 -1.0673 68 49 17
21.175 -1.779 -0.98881 70 50 16
21.187 -1.7734 -1.0789 70 50 23
21.13 -1.7657 -1.0709 67 50 20
21.091 -1.7499 -1.1096 67 52 23
21.341 -1.7732 -0.92188 35 16 0
21.359 -1.7711 -0.99791 34 21 5
21.349 -1.7572 -0.92148 36 12 0
21.342 -1.7849 -1.0179 34 2 0
21.319 -1.7635 -0.94582 36 21 0
21.332 -1.7585 -1.0267 33 14 0
21.352 -1.7608 -0.93905 35 18 0
21.345 -1.7982 -0.93102 71 50 23
21.339 -1.7972 -0.95302 69 52 24
21.346 -1.7144 -0.93356 36 17 3
21.313 -1.6973 -0.96642 29 15 4
21.316 -1.7178 -0.94057 37 13 3
21.343 -1.7393 -0.99161 32 17 0
21.294 -1.7072 -0.97042 35 18 0
21.307 -1.717 -0.98537 27 13 2
21.353 -1.7068 -1.0386 27 13 0
21.336 -1.6303 -1.0481 23 9 0
21.374 -1.6295 -0.99605 30 11 0
21.391 -1.6163 -0.95854 26 8 6
21.435 -1.6465 -0.9581 29 13 0
21.365 -1.6023 -1.0076 25 14 0
20.765 -1.7782 -1.3194 48 37 18
20.744 -1.7608 -1.2731 65 48 22
20.784 -1.7815 -1.2844 63 47 22
20.714 -1.7251 -1.322 65 47 23
20.725 -1.6976 -1.2986 70 53 27
20.713 -1.7291 -1.3518 65 49 24
20.887 -1.737 -1.2146 75 54 25
20.721 -1.7087 -1.3846 70 53 27
20.703 -1.6841 -1.2793 74 53 24
20.728 -1.7267 -1.2889 66 49 23
20.812 -1.7156 -1.3259 74 55 25
20.722 -1.7004 -1.3275 73 55 19
20.728 -1.7396 -1.3729 66 48 28
20.72 -1.7039 -1.3561 70 53 25
20.841 -1.7204 -1.2601 74 55 25
20.794 -1.7038 -1.3071 72 52 27
20.702 -1.6838 -1.2804 74 53 24
20.887 -1.7257 -1.3276 72 51 30
20.955 -1.7303 -1.3062 68 51 25
20.979 -1.7342 -1.2452 71 50 29
20.958 -1.7282 -1.2796 70 50 23
21.083 -1.7549 -1.1833 68 50 26
21.014 -1.7439 -1.1794 69 52 22
21.006 -1.7434 -1.2087 66 50 17
20.921 -1.726 -1.2106 69 50 18
21.111 -1.7624 -1.1244 68 52 27
20.923 -1.7191 -1.3475 65 49 14
21.074 -1.7479 -1.1635 67 49 27
21.092 -1.7627 -1.2028 67 50 22
20.93 -1.7412 -1.2823 73 54 24
20.949 -1.746 -1.249 70 51 21
21.104 -1.7507 -1.2534 65 48 20
20.923 -1.7308 -1.2331 73 53 29
21.076 -1.758 -1.2341 66 49 21
21.03 -1.7397 -1.2803 66 49 19
21.111 -1.7507 -1.2266 66 49 21
21.134 -1.7296 -1.1545 65 48 20
21.149 -1.7632 -1.1628 66 49 23
21.175 -1.7728 -1.129 67 52 13
21.113 -1.7485 -1.2017 67 51 16
21.176 -1.7706 -1.1061 71 51 26
21.204 -1.7761 -1.2138 65 49 14
21.389 -1.7586 -1.1204 30 13 5
21.289 -1.6352 -1.188 22 10 0
21.405 -1.7616 -1.0499 27 10 0
21.318 -1.6921 -1.1208 28 14 1
21.344 -1.729 -1.0991 30 12 0
21.352 -1.7139 -1.1254 31 12 6
21.305 -1.6893 -1.1681 32 14 0
21.347 -1.6899 -1.1321 24 4 3
21.254 -1.6512 -1.1016 29 10 4
21.343 -1.6896 -1.156 22 15 0
21.348 -1.7079 -1.0799 27 14 0
21.315 -1.6209 -1.0973 26 12 0
21.382 -1.6676 -1.1321 36 13 7
21.4 -1.6754 -1.081 30 10 0
21.326 -1.6103 -1.1655 23 14 0
21.344 -1.643 -1.1229 29 13 0
21.31 -1.6452 -1.1586 30 10 9
21.448 -1.6831 -1.0449 27 9 0
21.321 -1.6227 -1.0745 29 15 4
21.399 -1.6536 -1.0878 25 14 0
21.349 -1.6234 -1.133 27 9 5
20.414 -3.106 -1.6086 36 22 11
19.804 -2.96 -1.8203 44 28 13
20.286 -2.9662 -1.6544 38 23 0
20.198 -2.9363 -1.6774 42 23 9
20.087 -2.9653 -1.6809 39 31 18
20.333 -2.9335 -1.6434 39 26 8
20.173 -2.9684 -1.6838 38 22 5
20.37 -2.7433 -1.6303 43 25 5
20.147 -2.7387 -1.7037 42 28 2
20.297 -2.7539 -1.691 48 29 13
20.363 -2.6855 -1.6506 39 22 4
20.293 -2.7152 -1.6729 37 20 0
20.211 -2.6663 -1.6553 38 26 10
20.214 -2.6971 -1.6478 40 27 19
20.325 -2.6762 -1.6356 42 24 12
20.377 -2.7052 -1.604 43 28 5
20.309 -2.7058 -1.6353 41 26 3
20.394 -2.6476 -1.6138 43 25 3
20.359 -2.6566 -1.665 42 27 8
20.141 -2.6037 -1.7151 44 26 4
20.206 -2.6146 -1.7148 46 25 4
20.964 -1.7191 -1.3894 45 31 4
21.052 -1.7385 -1.3791 27 21 0
20.909 -1.7166 -1.3812 50 40 13
21.017 -1.7406 -1.3374 63 47 24
21.135 -1.781 -1.3652 14 11 2
21.075 -1.7462 -1.3432 67 50 24
21.089 -1.7463 -1.2852 65 49 14
21.021 -1.7391 -1.3099 66 49 23
21.092 -1.7509 -1.3093 66 49 23
21.151 -1.7316 -1.2971 68 51 25
21.186 -1.7699 -1.2463 66 49 21
21.181 -1.7704 -1.2725 66 52 16
21.147 -1.7567 -1.3143 62 46 23
21.384 -1.7152 -1.1592 30 13 6
22.261 -1.9256 -0.7969 24 3 0
22.246 -1.9099 -0.79625 33 16 6
22.256 -1.9199 -0.81142 25 18 2
22.278 -1.93 -0.80198 47 28 12
22.278 -1.9305 -0.78119 46 29 21
22.278 -1.9302 -0.79178 45 30 1
20.268 -3.0852 -1.7325 38 20 10
20.387 -3.0782 -1.7059 39 22 12
20.214 -3.1504 -1.7395 34 19 0
20.323 -3.1044 -1.6943 40 22 2
20.316 -3.1169 -1.7344 36 17 3
20.65 -2.9826 -1.6549 31 24 18
20.465 -3.0336 -1.7478 30 21 12
20.645 -2.9927 -1.6878 31 24 0
20.495 -3.0253 -1.6271 33 21 0
20.583 -3.027 -1.715 31 23 0
20.451 -2.9524 -1.686 37 20 12
20.384 -2.9217 -1.697 37 23 0
20.279 -2.9489 -1.7012 34 25 8
20.349 -2.9521 -1.6992 41 25 0
20.465 -2.9236 -1.6855 36 15 10
20.286 -2.9195 -1.7082 36 23 7
20.44 -2.8884 -1.674 37 21 8
20.365 -2.8194 -1.6757 39 22 14
20.387 -2.761 -1.6802 38 24 13
20.502 -2.7388 -1.6626 37 21 0
20.485 -2.7945 -1.6526 37 24 6
20.422 -2.7879 -1.6524 39 23 8
20.432 -2.7687 -1.6882 38 22 7
20.511 -2.776 -1.6857 39 23 6
20.784 -2.5216 -1.6669 41 28 9
20.852 -2.1343 -1.6487 45 36 21
20.895 -2.1188 -1.6306 38 28 16
20.933 -2.1605 -1.6271 55 31 19
20.89 -2.1762 -1.6437 55 37 15
20.887 -2.1695 -1.6204 55 43 17
21.139 -1.5183 -1.5632 17 8 0
22.281 -1.9306 -0.85608 51 31 7
22.282 -1.9206 -0.83672 50 28 13
22.281 -1.93 -0.86743 44 27 1
22.282 -1.9196 -0.86995 46 31 2
22.279 -1.9287 -0.84637 45 30 1
22.28 -1.9177 -0.86039 52 31 12
22.28 -1.9176 -0.84945 50 23 14
20.76 -3.5836 -1.6556 37 21 22
20.751 -3.5989 -1.6899 34 20 7
20.192 -3.731 -1.8606 34 27 7
20.437 -3.6161 -1.7439 34 26 23
20.727 -3.521 -1.678 34 18 3
20.699 -3.599 -1.734 39 24 5
20.681 -3.5605 -1.6953 34 21 3
20.645 -3.551 -1.658 32 22 23
20.616 -3.6187 -1.7486 36 23 17
20.51 -3.5645 -1.7099 32 26 14
20.727 -3.4988 -1.6872 36 23 4
20.749 -3.4467 -1.6251 34 19 0
20.647 -3.5384 -1.7611 37 26 4
20.607 -3.5183 -1.6954 31 25 13
20.56 -3.5585 -1.7129 34 24 15
20.508 -3.5397 -1.7161 32 26 10
20.795 -3.4418 -1.6275 35 24 4
20.847 -3.4144 -1.6385 38 22 5
20.755 -3.4661 -1.6773 37 22 15
20.65 -3.5026 -1.6696 31 25 13
20.811 -3.3933 -1.7035 33 19 16
20.715 -3.4375 -1.6591 40 23 5
20.498 -3.5211 -1.8134 36 18 14
20.801 -3.3859 -1.681 30 21 4
20.686 -3.4347 -1.7113 38 24 13
20.65 -3.4121 -1.7119 38 22 5
20.714 -3.437 -1.7256 34 23 4
20.755 -3.3774 -1.7152 31 15 15
20.728 -3.3986 -1.696 42 23 6
20.772 -3.396 -1.6328 35 23 1
20.828 -3.3657 -1.7016 41 19 4
20.674 -3.3248 -1.6982 38 19 3
20.709 -3.3258 -1.7082 41 13 9
20.719 -3.3565 -1.7226 46 20 6
20.828 -3.2903 -1.7034 22 14 1
20.68 -3.345 -1.7561 37 17 8
20.662 -3.3631 -1.7286 44 14 22
20.665 -3.3176 -1.6779 37 28 0
20.641 -3.3796 -1.6937 30 17 9
20.653 -3.3545 -1.7027 40 22 0
20.711 -3.2684 -1.6955 41 12 6
20.695 -3.2627 -1.6776 42 23 16
20.845 -3.2097 -1.6931 34 15 19
20.748 -3.2367 -1.6866 39 17 17
20.792 -3.2578 -1.6776 41 24 17
20.744 -3.2724 -1.6383 26 24 12
20.791 -3.2803 -1.6687 39 20 4
20.73 -3.2864 -1.675 31 15 0
20.806 -3.2416 -1.7067 31 20 1
20.885 -3.2528 -1.6772 33 15 1
20.773 -3.2406 -1.7004 38 21 3
20.816 -3.1849 -1.6932 32 12 14
20.902 -3.1457 -1.5838 37 16 13
20.805 -3.1554 -1.6828 38 14 14
20.812 -3.1436 -1.6469 45 21 7
20.783 -3.1639 -1.6303 37 21 8
20.789 -3.1818 -1.6833 39 17 17
20.879 -3.1577 -1.6919 25 9 10
20.787 -3.2134 -1.6978 29 15 15
20.809 -3.1639 -1.7079 32 13 7
20.869 -3.1821 -1.6888 28 13 16
20.784 -3.1363 -1.702 31 24 8
20.681 -3.1617 -1.6952 38 23 16
20.877 -3.1268 -1.6753 32 14 4
20.783 -3.1005 -1.7562 35 19 2
20.889 -3.1057 -1.6122 35 22 6
20.828 -3.0816 -1.6943 35 22 16
20.769 -3.0412 -1.6545 40 21 4
20.729 -3.0382 -1.6482 31 24 6
20.866 -3.0298 -1.6925 33 20 2
20.8 -3.0219 -1.6742 41 23 3
20.813 -3.0289 -1.6946 35 16 9
20.523 -3.0963 -1.7526 33 29 4
20.832 -3.0496 -1.6766 39 20 14
20.819 -3.0606 -1.7111 32 16 0
20.733 -3.0562 -1.7036 35 23 9
20.903 -3.055 -1.6877 32 19 1
20.71 -3.0186 -1.6771 29 20 3
20.946 -3.0256 -1.6712 37 23 14
20.76 -3.0193 -1.6706 37 25 9
20.689 -2.9813 -1.7347 42 24 12
20.853 -2.9542 -1.7039 39 17 17
20.732 -2.9905 -1.6688 37 25 9
20.76 -2.9389 -1.6732 39 21 11
20.759 -2.9965 -1.6858 39 21 9
20.831 -2.9479 -1.6875 37 19 7
20.849 -2.9373 -1.6501 40 22 8
20.8 -2.9757 -1.6978 41 21 12
20.836 -2.8853 -1.7457 33 15 11
20.816 -2.8789 -1.7324 34 19 12
20.876 -2.8968 -1.6849 30 22 1
20.994 -2.8996 -1.658 35 17 13
20.91 -2.9011 -1.6872 30 22 11
20.828 -2.9247 -1.6994 30 20 11
20.967 -2.8502 -1.6723 35 17 15
20.871 -2.9283 -1.7004 37 20 26
20.793 -2.9111 -1.663 42 19 13
20.811 -2.8614 -1.6723 36 23 7
20.866 -2.8097 -1.6596 38 22 9
20.808 -2.8047 -1.6643 36 22 9
20.739 -2.7997 -1.6737 35 26 9
20.773 -2.8068 -1.6859 36 22 9
21.001 -2.8394 -1.6228 37 22 1
20.789 -2.8303 -1.6661 36 24 12
20.92 -2.8225 -1.6825 27 19 6
20.893 -2.8165 -1.6732 34 21 12
20.966 -2.8044 -1.6905 37 18 11
20.942 -2.7898 -1.6498 35 23 11
20.952 -2.8283 -1.6898 28 20 9
20.857 -2.7863 -1.6744 35 21 10
20.944 -2.7972 -1.6741 32 23 16
20.827 -2.8366 -1.6754 37 24 8
21.035 -2.7478 -1.6378 35 11 11
20.961 -2.7736 -1.6752 40 21 14
20.792 -2.7729 -1.6562 34 28 14
20.952 -2.7658 -1.6511 38 22 0
20.824 -2.6656 -1.6513 34 26 13
20.825 -2.6401 -1.6566 35 26 9
20.846 -2.5833 -1.636 35 21 12
20.811 -2.6146 -1.6745 36 23 5
20.876 -2.5922 -1.6481 37 19 5
20.855 -2.5336 -1.6511 36 22 11
20.927 -2.5458 -1.6396 38 22 7
20.851 -2.5582 -1.641 37 25 1
20.959 -2.4991 -1.6366 40 26 13
21.096 -2.5075 -1.6386 38 24 0
20.959 -2.5062 -1.6656 38 23 4
21.013 -2.4627 -1.6484 41 23 11
20.981 -2.4836 -1.6597 38 24 13
21.052 -2.497 -1.6406 37 23 14
20.98 -2.4277 -1.6493 39 26 8
21.042 -2.4724 -1.6576 36 22 13
21.036 -2.4412 -1.6431 42 26 13
21.06 -2.4506 -1.6559 43 26 16
21.078 -2.4527 -1.6435 43 26 16
21.019 -2.4148 -1.663 43 27 12
21.049 -2.4251 -1.67 43 25 15
21.075 -2.2966 -1.6516 52 33 16
21.036 -2.3074 -1.6403 48 30 18
20.969 -2.2887 -1.6549 80 52 21
21.139 -2.3148 -1.6344 42 26 13
21.051 -2.231 -1.6257 53 36 28
21.003 -2.2703 -1.6399 67 46 17
21.005 -2.2768 -1.6696 50 33 15
21.045 -2.272 -1.7074 71 55 38
21.039 -2.2226 -1.6069 73 55 33
21.097 -2.2769 -1.6456 46 27 20
21.015 -2.2478 -1.6404 58 39 25
21.074 -2.2476 -1.6664 45 26 12
21.064 -2.2641 -1.6371 55 34 17
20.946 -2.1378 -1.6258 46 29 3
21.154 -2.1944 -1.6427 33 21 5
21.023 -2.194 -1.6271 49 33 20
21.07 -2.2109 -1.6255 44 26 16
21.186 -2.179 -1.6293 40 24 11
20.912 -2.1612 -1.6714 46 26 17
21.147 -2.11 -1.6216 42 21 18
21.038 -2.0919 -1.6315 38 19 15
21.146 -2.1148 -1.649 38 20 6
21.141 -2.1276 -1.5871 35 26 11
21 -2.112 -1.6724 35 19 4
21.031 -2.1154 -1.6238 40 21 7
21.093 -2.0888 -1.6312 38 16 16
21.173 -2.099 -1.6395 35 23 9
21.311 -1.7492 -1.4842 27 14 5
21.269 -1.7385 -1.6076 20 11 12
21.361 -1.7789 -1.4742 26 17 0
21.334 -1.7387 -1.4756 24 9 6
21.312 -1.7291 -1.5143 24 11 5
21.359 -1.7354 -1.5139 17 8 0
21.399 -1.7602 -1.5118 22 6 9
21.345 -1.7043 -1.53 23 9 0
21.339 -1.7025 -1.562 18 7 1
21.3 -1.6558 -1.5985 9 4 0
21.366 -1.6437 -1.5196 20 10 0
21.424 -1.7025 -1.4716 17 10 0
21.355 -1.6623 -1.5459 17 0 0
21.362 -1.6698 -1.5598 18 3 0
21.33 -1.6715 -1.5518 10 7 2
21.351 -1.6558 -1.4973 19 5 5
21.354 -1.6345 -1.5019 24 5 9
22.279 -1.926 -0.92705 43 25 13
22.271 -1.9175 -0.94488 45 27 15
22.297 -1.9209 -0.89809 67 46 19
22.286 -1.9209 -0.91404 58 37 10
22.279 -1.9132 -0.93161 65 44 23
22.282 -1.9182 -0.89341 53 34 18
22.299 -1.9236 -0.88514 70 51 34
22.278 -1.9272 -0.88016 46 28 14
22.297 -1.92 -0.91022 68 52 26
22.283 -1.9196 -0.88108 48 31 5
22.299 -1.921 -0.9319 73 47 30
22.281 -1.9153 -0.94195 65 48 22
22.282 -1.9174 -0.90537 45 30 0
22.3 -1.9223 -0.91978 72 52 28
21.045 -3.5016 -1.6841 40 26 17
21.023 -3.4617 -1.6922 43 34 17
21 -3.4404 -1.6897 33 22 0
21.073 -3.4228 -1.6674 39 23 8
21.004 -3.4885 -1.6943 48 35 26
21.073 -3.4515 -1.6824 48 30 26
21.063 -3.4731 -1.6758 35 21 10
21.02 -3.3925 -1.6924 45 30 9
21.042 -3.3656 -1.6893 39 25 16
21.014 -3.3757 -1.7091 39 25 16
21.016 -3.4049 -1.6631 26 18 0
20.933 -3.4239 -1.6875 32 19 13
21.079 -3.3816 -1.68 34 23 17
20.943 -3.4523 -1.7026 28 23 0
21.097 -3.3945 -1.6602 67 51 38
21.016 -3.4145 -1.6878 39 27 5
21.101 -3.3548 -1.6754 32 23 18
20.961 -3.3536 -1.701 45 21 7
21.077 -3.2953 -1.695 37 22 15
21.067 -3.318 -1.6916 34 21 12
20.991 -3.3734 -1.6967 44 26 6
21.016 -3.3453 -1.6911 47 22 2
20.811 -3.3808 -1.7378 40 20 13
21.013 -3.3255 -1.7004 40 22 2
20.979 -3.3158 -1.666 35 19 6
21.011 -3.3272 -1.641 43 16 21
20.997 -3.321 -1.6845 42 20 0
21.099 -3.3266 -1.6599 41 20 0
20.954 -3.283 -1.7034 34 18 3
20.812 -3.3593 -1.7495 28 18 8
21.024 -3.2922 -1.6757 38 21 1
21.076 -3.286 -1.6686 41 25 2
20.981 -3.2947 -1.6737 35 17 3
20.866 -3.2898 -1.7084 33 21 9
21.082 -3.2441 -1.6807 37 24 18
21.085 -3.2724 -1.696 35 20 1
21.067 -3.2687 -1.6833 35 22 14
21.044 -3.2663 -1.6727 37 20 0
20.878 -3.2326 -1.6896 35 18 1
21.141 -3.1805 -1.5719 29 18 16
20.959 -3.242 -1.6573 35 20 17
20.935 -3.1963 -1.6624 34 16 4
20.909 -3.2339 -1.6968 35 20 1
21.101 -3.1311 -1.6921 31 19 5
21.083 -3.1143 -1.7109 38 23 20
20.941 -3.1742 -1.6706 36 13 19
21.11 -3.0996 -1.666 34 21 3
21.031 -3.0789 -1.6779 37 19 17
20.884 -3.1177 -1.8029 27 13 10
21.202 -3.0482 -1.6435 35 18 8
21.122 -3.0573 -1.6796 31 18 2
20.988 -3.1089 -1.6966 32 12 14
21.13 -3.075 -1.6609 32 21 15
21.047 -3.0542 -1.674 33 20 12
21.152 -3.0313 -1.6678 28 15 0
21.038 -3.0483 -1.6581 31 25 11
21.13 -3.0824 -1.6826 25 22 15
21.088 -3.0129 -1.6893 33 14 0
20.998 -3.0036 -1.6732 29 20 1
21.09 -3.021 -1.7146 34 23 4
21.162 -2.9878 -1.6727 33 18 13
20.894 -3.0663 -1.725 27 9 5
21.138 -2.9719 -1.7016 37 19 7
21.069 -3.0088 -1.6801 34 14 13
21.067 -3.0299 -1.6715 33 20 12
21.068 -2.9876 -1.6887 32 16 1
21.031 -3.0066 -1.6779 34 21 15
21.117 -2.9881 -1.6826 30 18 0
21.067 -2.9795 -1.6631 35 19 2
21.09 -3.0343 -1.6829 30 19 0
21.028 -3.0202 -1.6458 36 18 6
21.085 -3.0221 -1.7192 34 23 4
21.093 -2.9753 -1.645 35 19 2
21.042 -3.0262 -1.6629 32 16 3
21.151 -2.9132 -1.6604 45 22 6
21.076 -2.9282 -1.6515 43 19 15
21.122 -2.9588 -1.6631 30 13 6
21.13 -2.9658 -1.6852 26 13 0
21.003 -2.9677 -1.7161 35 13 13
21.199 -2.9141 -1.6489 34 21 2
21.081 -2.9145 -1.6853 35 17 7
21.091 -2.9501 -1.7191 36 21 2
21.089 -2.9342 -1.6672 40 26 15
20.931 -2.97 -1.7395 32 20 4
21.12 -2.9379 -1.6718 41 23 3
21.065 -2.8573 -1.661 40 19 2
21.144 -2.8858 -1.6499 43 20 4
21.155 -2.8926 -1.6705 43 19 5
21.162 -2.8708 -1.6732 37 21 0
21.204 -2.8457 -1.6503 42 20 0
21.15 -2.8354 -1.6356 44 23 6
21.125 -2.845 -1.6778 43 20 4
21.044 -2.8671 -1.7018 45 20 15
21.236 -2.8498 -1.6515 24 21 2
21.108 -2.8684 -1.6832 46 21 17
21.043 -2.9108 -1.6826 41 20 0
21.198 -2.8738 -1.669 35 15 14
21.045 -2.8066 -1.6625 28 21 15
21.064 -2.8131 -1.6774 44 21 5
21.215 -2.8038 -1.6609 37 19 15
21.226 -2.7959 -1.6281 40 19 0
21.052 -2.7845 -1.6704 34 21 5
21.234 -2.822 -1.6342 37 21 4
21.026 -2.8304 -1.6673 27 18 1
21.255 -2.7807 -1.6409 32 18 9
21.107 -2.8174 -1.6735 41 16 11
21.071 -2.8351 -1.6668 40 22 2
21.046 -2.7772 -1.6479 40 19 16
21.112 -2.8248 -1.6971 38 20 10
21.206 -2.7341 -1.6666 27 22 3
21.083 -2.7092 -1.6516 28 15 0
21.12 -2.7445 -1.6679 47 19 6
21.077 -2.7615 -1.667 47 21 6
21.092 -2.7386 -1.664 48 22 5
21.075 -2.7167 -1.6841 29 18 0
21.051 -2.7319 -1.6609 33 19 8
21.236 -2.7612 -1.6635 33 13 12
21.2 -2.7554 -1.6619 38 19 3
21.045 -2.7551 -1.6595 35 20 0
21.154 -2.7217 -1.6531 44 16 13
21.055 -2.7547 -1.6523 35 20 0
21.221 -2.7269 -1.6313 33 15 11
21.259 -2.7124 -1.64 34 17 0
21.134 -2.6496 -1.6719 32 18 9
21.002 -2.6797 -1.687 34 20 11
21.185 -2.7069 -1.6678 34 20 11
21.125 -2.6712 -1.6654 33 19 10
21.178 -2.6787 -1.6579 35 21 12
21.172 -2.6571 -1.6726 39 21 17
21.123 -2.6645 -1.6424 31 18 0
21.185 -2.6642 -1.6909 33 20 2
21.144 -2.7006 -1.6717 38 24 11
21.061 -2.687 -1.6759 30 20 8
21.065 -2.6943 -1.7004 37 20 13
21.206 -2.685 -1.6601 35 16 10
21.225 -2.692 -1.6737 35 20 1
21.164 -2.606 -1.6685 40 24 11
21.049 -2.6337 -1.6742 32 21 0
21.06 -2.6415 -1.698 36 19 2
21.105 -2.6128 -1.6486 38 22 9
21.22 -2.6428 -1.6715 31 19 0
21.114 -2.62 -1.6689 35 16 0
21.147 -2.5987 -1.6557 36 23 4
21.26 -2.6226 -1.6511 25 18 10
21.07 -2.5884 -1.6805 39 22 4
21.253 -2.6011 -1.6657 41 20 0
21.248 -2.5945 -1.6443 32 15 8
21.165 -2.628 -1.6587 35 23 11
21.183 -2.585 -1.668 32 20 8
21.198 -2.6136 -1.6676 36 19 12
21.189 -2.6354 -1.6676 35 17 13
21.242 -2.5296 -1.6769 44 24 0
21.187 -2.5342 -1.6529 40 25 4
21.135 -2.5688 -1.6441 37 22 1
21.098 -2.5374 -1.6564 36 21 0
21.224 -2.5652 -1.6443 33 20 12
21.179 -2.5212 -1.6102 37 19 9
21.255 -2.5736 -1.6491 37 14 0
21.126 -2.546 -1.662 37 21 0
21.274 -2.5535 -1.6431 37 21 0
21.186 -2.5281 -1.6321 30 16 3
21.294 -2.561 -1.6523 41 23 1
21.197 -2.5412 -1.6704 37 17 8
21.133 -2.5754 -1.6715 32 20 0
21.252 -2.5242 -1.6439 33 19 8
21.283 -2.5813 -1.6522 40 19 0
21.161 -2.5548 -1.6629 33 23 0
21.197 -2.4623 -1.6483 40 22 8
21.107 -2.4581 -1.7396 38 25 9
21.338 -2.4752 -1.6333 39 19 10
21.117 -2.4635 -1.6438 36 25 3
21.156 -2.474 -1.6424 36 26 0
21.253 -2.4809 -1.6607 40 22 0
21.131 -2.4944 -1.6522 40 24 11
21.215 -2.4989 -1.6792 40 23 13
21.153 -2.5028 -1.6632 37 21 6
21.173 -2.5111 -1.6777 36 24 8
21.143 -2.4497 -1.6618 41 25 2
21.235 -2.4727 -1.6471 36 23 7
21.12 -2.4406 -1.6506 36 23 14
21.263 -2.4603 -1.6648 38 22 7
21.318 -2.494 -1.6399 39 23 0
21.226 -2.4938 -1.6464 34 22 10
21.309 -2.5142 -1.6377 40 22 10
21.189 -2.4103 -1.6497 41 24 6
21.216 -2.4201 -1.6565 40 25 6
21.199 -2.4342 -1.636 40 25 6
21.162 -2.4002 -1.642 56 34 21
21.206 -2.4411 -1.653 38 21 13
21.189 -2.3814 -1.6305 46 27 13
21.125 -2.418 -1.6576 44 30 21
21.243 -2.4517 -1.6509 35 22 3
21.229 -2.3937 -1.6292 41 25 0
21.262 -2.3549 -1.6271 41 25 10
21.204 -2.3612 -1.6287 43 27 10
21.205 -2.3388 -1.6379 40 22 8
21.213 -2.3686 -1.6497 44 22 9
21.291 -2.3712 -1.6533 34 21 5
21.319 -2.3544 -1.642 41 27 0
21.082 -2.3341 -1.6866 75 51 23
21.367 -2.3688 -1.6278 35 22 4
21.254 -2.3366 -1.6643 54 33 16
21.327 -2.3829 -1.6484 33 25 12
21.287 -2.365 -1.6314 37 24 6
21.325 -2.312 -1.6533 40 24 7
21.352 -2.2963 -1.642 40 22 0
21.384 -2.2824 -1.6261 40 22 8
21.294 -2.3277 -1.6692 41 25 0
21.332 -2.2867 -1.6306 42 24 12
21.211 -2.2195 -1.6546 42 23 6
21.281 -2.2148 -1.6147 39 22 5
21.221 -2.1936 -1.6311 40 21 7
21.196 -2.2104 -1.6393 39 22 2
21.244 -2.2507 -1.62 39 24 17
21.331 -2.2645 -1.6429 40 23 6
21.34 -2.245 -1.6418 41 25 0
21.374 -2.2586 -1.6423 39 22 14
21.187 -2.2316 -1.6351 45 25 14
21.299 -2.2518 -1.6405 38 25 9
21.343 -2.1748 -1.6448 40 22 0
21.221 -2.1422 -1.6206 41 23 9
21.192 -2.1574 -1.6336 37 23 10
21.215 -2.117 -1.6352 34 18 5
21.362 -2.1979 -1.5959 33 21 7
21.26 -2.1586 -1.6206 37 21 8
21.243 -2.1303 -1.6418 39 18 0
21.277 -2.1684 -1.6325 39 23 8
21.34 -2.147 -1.6307 39 19 10
21.227 -2.1771 -1.6632 38 18 7
21.29 -2.1495 -1.6301 33 13 2
21.383 -2.1697 -1.6446 31 16 0
21.375 -2.1625 -1.6293 37 18 1
21.306 -2.1592 -1.645 25 19 7
21.222 -2.1706 -1.638 38 18 7
21.27 -2.1156 -1.6351 41 20 3
21.386 -2.0963 -1.6214 35 16 0
21.257 -2.0882 -1.6508 38 21 3
21.405 -2.1287 -1.6237 37 21 8
21.338 -2.1421 -1.6033 36 18 6
21.229 -2.0978 -1.6358 39 17 2
21.374 -2.1404 -1.6388 42 21 0
21.27 -2.0695 -1.6472 35 20 0
21.357 -2.1082 -1.6346 40 17 1
21.289 -2.1035 -1.6527 36 17 10
21.378 -2.0978 -1.6511 42 21 0
21.345 -2.1265 -1.6351 38 18 9
21.264 -2.0861 -1.6194 36 19 9
21.331 -2.0951 -1.6284 35 16 10
21.403 -2.0584 -1.6266 38 19 2
21.328 -2.0714 -1.6407 38 18 17
21.417 -2.0898 -1.6291 42 19 3
21.416 -2.0675 -1.6389 47 19 18
21.374 -2.0657 -1.6128 37 17 10
21.388 -2.0751 -1.6275 36 20 0
21.348 -2.0336 -1.6436 37 12 8
21.405 -2.0374 -1.6317 40 21 4
21.438 -2.0071 -1.6225 38 23 2
21.356 -2.0141 -1.6453 34 21 5
21.415 -1.9938 -1.6166 35 16 0
21.431 -2.0257 -1.6218 35 18 0
21.364 -1.9947 -1.6483 37 20 0
21.319 -1.7679 -1.6009 17 10 0
21.441 -1.7964 -1.6017 50 35 28
21.445 -1.8016 -1.6218 27 22 1
21.431 -1.768 -1.6182 30 18 2
21.432 -1.7689 -1.6173 30 18 2
21.412 -1.7319 -1.6161 29 9 0
21.418 -1.7582 -1.6038 33 16 0
21.488 -1.7806 -1.6078 40 16 2
21.462 -1.7884 -1.6185 43 27 14
21.388 -1.7641 -1.618 33 10 4
21.477 -1.7523 -1.6222 33 9 0
21.405 -1.7254 -1.5974 31 8 0
21.395 -1.6467 -1.6077 30 12 0
21.381 -1.6614 -1.6103 29 4 10
21.489 -1.7117 -1.609 31 13 3
21.511 -1.7284 -1.6091 27 3 0
21.487 -1.734 -1.5983 36 6 4
21.438 -1.676 -1.5978 30 7 13
21.452 -1.7095 -1.6044 32 11 6
21.457 -1.6902 -1.6063 27 15 1
21.456 -1.7344 -1.5943 31 5 6
21.381 -1.6874 -1.6245 31 3 0
21.492 -1.7387 -1.6199 32 13 0
21.436 -1.7255 -1.6304 26 15 0
21.48 -1.6351 -1.5884 29 20 13
21.503 -1.6746 -1.5861 31 9 0
21.436 -1.6268 -1.5906 28 19 14
21.476 -1.6582 -1.6358 35 13 0
21.465 -1.6472 -1.5961 35 14 9
21.445 -1.6085 -1.5968 31 6 10
21.565 -1.6727 -1.5818 29 9 0
21.42 -1.6385 -1.5989 30 6 6
21.446 -1.6584 -1.5983 34 8 9
21.435 -1.6525 -1.6353 26 15 0
21.45 -1.6623 -1.6231 26 15 0
21.488 -1.6889 -1.6157 32 4 0
21.425 -1.5695 -1.598 22 4 0
21.548 -1.6373 -1.5784 28 5 0
21.429 -1.5958 -1.585 31 6 12
21.467 -1.6007 -1.5869 26 5 0
21.542 -1.6105 -1.5924 27 10 0
21.457 -1.5949 -1.6207 31 11 2
21.56 -1.6227 -1.5511 22 10 0
21.472 -1.5829 -1.615 22 8 0
21.506 -1.6309 -1.6031 39 19 10
21.339 -1.5344 -1.6218 9 12 3
21.561 -1.602 -1.5846 21 8 0
22.274 -1.9445 -1.0072 25 12 0
22.273 -1.9185 -0.98037 44 24 13
22.275 -1.9197 -0.99155 46 26 15
22.256 -1.9127 -1.0296 41 24 6
22.258 -1.9169 -0.97499 41 27 0
22.282 -1.9268 -0.99789 45 28 0
22.282 -1.9257 -1.0113 42 24 10
22.275 -1.9215 -0.9656 44 28 15
22.275 -1.9213 -0.95414 46 30 15
22.285 -1.918 -0.96295 64 42 21
22.283 -1.9153 -0.97719 64 47 27
22.299 -1.9205 -0.94405 66 47 5
22.301 -1.9209 -0.97839 65 48 4
22.3 -1.9192 -0.99224 67 46 17
22.281 -1.9143 -0.95431 65 43 19
22.281 -1.9126 -0.99169 68 46 7
22.283 -1.9139 -1.0149 67 46 27
22.299 -1.9173 -1.0053 69 49 24
22.297 -1.9176 -0.9578 73 53 29
22.31 -1.9185 -0.96322 72 54 32
22.31 -1.9163 -0.98876 69 51 31
22.31 -1.9194 -0.93969 67 51 18
22.309 -1.9159 -0.97735 69 49 22
22.298 -1.918 -0.96953 68 51 21
22.281 -1.9122 -1.004 66 50 1
22.312 -1.9213 -0.94957 66 49 21
21.121 -3.49 -1.6832 47 36 17
21.119 -3.472 -1.693 49 36 0
21.131 -3.5041 -1.6672 43 29 18
21.204 -3.4644 -1.6501 50 32 18
21.126 -3.4952 -1.6431 46 24 27
21.188 -3.4526 -1.6685 56 39 31
21.121 -3.4052 -1.6952 54 37 20
21.128 -3.4209 -1.6795 48 36 10
21.147 -3.4319 -1.6575 49 33 16
21.173 -3.4314 -1.6652 52 38 9
21.142 -3.4238 -1.6909 58 42 27
21.198 -3.3475 -1.68 41 34 6
21.113 -3.3979 -1.6732 44 25 27
21.22 -3.3578 -1.6561 54 39 16
21.124 -3.3657 -1.7102 53 30 24
21.241 -3.3225 -1.6814 52 36 19
21.182 -3.3256 -1.6766 37 24 15
21.201 -3.3558 -1.6456 51 36 5
21.21 -3.3429 -1.6712 41 34 6
21.181 -3.2788 -1.6681 38 26 4
21.102 -3.3351 -1.6835 42 23 16
21.119 -3.3195 -1.7065 30 25 4
21.236 -3.252 -1.6642 39 25 16
21.163 -3.2761 -1.6575 29 23 23
21.148 -3.2997 -1.6583 32 25 15
21.209 -3.2788 -1.6733 38 23 16
21.239 -3.2414 -1.6953 29 21 8
21.133 -3.2382 -1.6716 31 22 17
21.187 -3.2208 -1.6928 41 26 3
21.234 -3.216 -1.6848 38 24 15
21.253 -3.228 -1.6597 38 25 16
21.203 -3.2266 -1.6493 32 12 3
21.137 -3.218 -1.6792 34 19 16
21.196 -3.2093 -1.6611 37 22 0
21.175 -3.2621 -1.6823 39 17 17
21.24 -3.1948 -1.6863 37 21 22
21.253 -3.2286 -1.6618 38 25 16
21.226 -3.1821 -1.649 38 27 5
21.135 -3.179 -1.6976 38 23 16
21.274 -3.1297 -1.6883 37 18 4
21.21 -3.1558 -1.6986 36 23 14
21.216 -3.193 -1.6792 40 24 1
21.17 -3.1592 -1.7078 39 21 7
21.131 -3.2003 -1.6929 36 26 17
21.236 -3.1689 -1.6745 38 23 2
21.198 -3.1704 -1.6761 35 23 0
21.16 -3.1053 -1.6827 44 19 22
21.189 -3.0868 -1.6937 33 22 2
21.236 -3.1309 -1.6916 39 22 2
21.251 -3.0813 -1.6744 28 24 0
21.319 -3.0761 -1.5917 41 19 4
21.262 -3.0136 -1.6674 36 20 3
21.174 -3.0344 -1.6737 32 21 1
21.218 -3.0339 -1.6677 32 17 14
21.247 -3.0551 -1.6614 35 19 6
21.247 -3.0361 -1.6711 31 20 0
21.267 -3.0586 -1.6707 36 19 2
21.193 -3.0781 -1.6677 32 21 17
21.193 -3.0592 -1.6795 28 15 9
21.234 -3.0109 -1.6628 32 17 22
21.255 -2.9961 -1.6838 34 23 4
21.389 -2.9609 -1.6143 31 14 4
21.235 -2.9916 -1.6726 32 21 1
21.219 -2.9665 -1.6668 29 22 6
21.372 -2.9448 -1.6327 37 21 21
21.293 -2.9698 -1.6626 32 21 1
21.278 -2.9648 -1.6495 34 18 5
21.221 -2.9864 -1.6587 33 21 7
21.192 -3.0109 -1.669 36 14 17
21.241 -2.8965 -1.6542 32 13 15
21.256 -2.9219 -1.6596 37 22 19
21.246 -2.9436 -1.6617 36 25 21
21.199 -2.9425 -1.6679 36 18 4
21.31 -2.8954 -1.629 32 14 12
21.314 -2.9167 -1.6988 32 16 16
21.33 -2.8992 -1.6345 37 21 0
21.296 -2.9119 -1.6889 33 21 5
21.326 -2.888 -1.6714 31 19 7
21.319 -2.9086 -1.6701 33 21 5
21.289 -2.9441 -1.6514 32 19 1
21.327 -2.8811 -1.6484 34 22 0
21.302 -2.8578 -1.6534 24 18 4
21.277 -2.8796 -1.6603 32 19 11
21.224 -2.8788 -1.6771 31 18 12
21.292 -2.8389 -1.669 37 15 15
21.246 -2.8565 -1.6717 30 20 11
21.3 -2.7916 -1.6559 27 18 11
21.256 -2.8079 -1.6563 34 18 3
21.239 -2.8294 -1.6588 43 16 5
21.259 -2.8148 -1.6791 34 15 11
21.344 -2.7763 -1.6579 35 19 2
21.299 -2.7846 -1.6314 33 20 2
21.277 -2.7728 -1.6819 31 18 2
21.322 -2.8164 -1.6539 35 19 4
21.238 -2.7403 -1.6705 38 16 3
21.311 -2.7578 -1.6896 31 19 0
21.316 -2.7309 -1.671 35 22 3
21.217 -2.7203 -1.6976 37 23 14
21.29 -2.7251 -1.6668 36 22 13
21.387 -2.7414 -1.6632 35 20 13
21.312 -2.7446 -1.6421 31 18 2
21.305 -2.7514 -1.6703 35 17 3
21.223 -2.769 -1.6988 32 14 12
21.375 -2.7612 -1.6633 31 18 0
21.281 -2.6979 -1.6564 33 21 0
21.321 -2.704 -1.6511 34 26 3
21.331 -2.5901 -1.6398 42 17 12
21.272 -2.6083 -1.6764 41 21 12
21.434 -2.5934 -1.6412 34 19 0
21.411 -2.612 -1.6516 34 18 1
21.324 -2.6371 -1.653 34 18 1
21.309 -2.6303 -1.6393 39 18 13
21.333 -2.6169 -1.6546 46 24 13
21.344 -2.5292 -1.6598 43 23 0
21.414 -2.5408 -1.6257 43 22 5
21.302 -2.5677 -1.6721 44 20 18
21.349 -2.5501 -1.6443 38 22 5
21.367 -2.5693 -1.7036 32 18 9
21.291 -2.5396 -1.6635 43 22 5
21.392 -2.565 -1.6589 36 21 2
21.393 -2.5449 -1.6676 36 21 2
21.378 -2.5584 -1.6493 38 20 0
21.388 -2.4923 -1.6422 39 26 8
21.323 -2.5214 -1.6515 39 21 7
21.465 -2.5117 -1.6247 37 18 11
21.366 -2.4689 -1.6668 40 23 16
21.412 -2.4803 -1.6539 38 23 2
21.433 -2.5284 -1.6443 24 16 0
21.302 -2.4982 -1.6762 42 24 14
21.435 -2.5032 -1.6299 37 20 0
21.375 -2.4852 -1.6288 40 20 9
21.367 -2.5106 -1.6504 43 19 17
21.457 -2.4912 -1.6425 38 23 0
21.44 -2.4435 -1.6501 35 22 6
21.453 -2.4507 -1.6627 41 25 12
21.38 -2.4238 -1.6523 43 24 10
21.459 -2.4714 -1.6473 37 23 12
21.368 -2.4063 -1.6939 40 24 1
21.318 -2.4085 -1.6733 42 25 7
21.445 -2.4644 -1.6376 39 23 0
21.431 -2.4369 -1.6341 38 25 9
21.444 -2.4238 -1.6549 33 20 2
21.371 -2.3748 -1.6506 38 21 11
21.393 -2.405 -1.6479 38 21 13
21.442 -2.3775 -1.6503 40 22 8
21.348 -2.3438 -1.6523 37 24 6
21.484 -2.3705 -1.6477 36 21 16
21.468 -2.4026 -1.6202 35 23 0
21.384 -2.3982 -1.6299 31 21 12
21.464 -2.407 -1.6466 37 21 8
21.47 -2.3627 -1.6379 38 20 8
21.409 -2.3661 -1.6536 44 27 1
21.378 -2.3812 -1.6653 35 23 9
21.51 -2.3952 -1.6167 38 22 5
21.355 -2.3021 -1.6631 39 21 17
21.465 -2.3317 -1.6017 36 24 12
21.446 -2.3528 -1.6338 38 22 5
21.389 -2.3359 -1.656 39 24 17
21.47 -2.3014 -1.6621 27 16 12
21.382 -2.3295 -1.6336 37 24 6
21.425 -2.297 -1.6178 36 23 7
21.517 -2.2684 -1.6154 40 24 0
21.445 -2.2651 -1.6448 42 22 13
21.526 -2.2951 -1.6228 39 26 10
21.508 -2.2704 -1.6457 42 26 13
21.462 -2.2949 -1.6435 23 16 0
21.484 -2.2798 -1.6344 40 19 0
21.423 -2.2335 -1.6432 33 24 9
21.517 -2.2525 -1.6467 41 22 8
21.46 -2.2482 -1.64 40 24 1
21.521 -2.2087 -1.637 39 15 1
21.417 -2.1888 -1.6709 38 20 0
21.47 -2.1843 -1.6338 38 20 0
21.43 -2.1883 -1.6365 41 21 10
21.525 -2.2304 -1.6247 43 20 12
21.484 -2.1928 -1.6466 39 21 11
21.52 -2.2491 -1.6211 39 21 7
21.485 -2.2347 -1.627 42 21 2
21.492 -2.2161 -1.6296 39 23 0
21.542 -2.1506 -1.6226 39 18 13
21.486 -2.1687 -1.6292 40 17 1
21.394 -2.1514 -1.6461 41 16 11
21.522 -2.1846 -1.6226 39 21 7
21.432 -2.1421 -1.625 40 17 11
21.414 -2.1141 -1.6515 39 20 13
21.475 -2.1607 -1.611 37 21 8
21.445 -2.1295 -1.6471 35 19 20
21.405 -2.1591 -1.6626 29 22 12
21.529 -2.191 -1.6394 45 21 17
21.554 -2.1791 -1.6269 40 19 14
21.562 -2.1615 -1.6287 41 21 12
21.514 -2.1573 -1.6148 39 20 3
21.512 -2.1606 -1.64 40 21 4
21.483 -2.1256 -1.6486 40 16 12
21.523 -2.1195 -1.6233 38 19 2
21.508 -2.068 -1.6306 23 17 5
21.447 -2.0578 -1.6251 43 17 16
21.523 -2.1231 -1.6472 40 14 13
21.551 -2.0273 -1.6409 43 17 3
21.537 -2.0175 -1.6297 43 19 7
21.512 -2.049 -1.6349 37 13 1
21.452 -2.0165 -1.6357 33 14 10
21.479 -2.0098 -1.6478 36 17 1
21.463 -2.0462 -1.6439 27 17 5
21.511 -2.0518 -1.66 29 20 1
21.555 -2.0462 -1.6059 35 14 0
21.496 -2.0385 -1.6248 30 16 7
21.466 -2.0436 -1.6195 41 20 15
21.572 -2.057 -1.6148 40 20 13
21.577 -2.0179 -1.6288 41 21 14
21.624 -1.9995 -1.6033 41 17 7
21.587 -2.002 -1.628 41 17 5
21.581 -2.0168 -1.6019 40 18 3
21.568 -1.9906 -1.6178 40 16 2
21.513 -1.9092 -1.5909 26 17 2
21.52 -1.8945 -1.6139 25 18 10
21.563 -1.8559 -1.6287 23 22 4
21.627 -1.8937 -1.5997 23 16 0
21.576 -1.8839 -1.6108 25 16 0
21.483 -1.8529 -1.6536 40 23 13
21.57 -1.7931 -1.6254 38 17 0
21.556 -1.8252 -1.5978 43 31 35
21.513 -1.7759 -1.6165 35 12 6
21.503 -1.7699 -1.6251 32 11 6
21.497 -1.8106 -1.6145 28 17 11
21.613 -1.8208 -1.6123 33 20 14
21.561 -1.8311 -1.6144 16 16 0
21.522 -1.7837 -1.6347 38 24 0
21.587 -1.8265 -1.6263 17 14 0
21.629 -1.8328 -1.6198 21 17 6
21.454 -1.7635 -1.6597 43 26 19
21.583 -1.8219 -1.6077 24 19 0
21.556 -1.7367 -1.6075 28 0 15
21.569 -1.7689 -1.6101 36 10 11
21.597 -1.7671 -1.6167 35 14 0
21.523 -1.7372 -1.6285 37 4 21
21.605 -1.7501 -1.6214 39 13 0
21.51 -1.7514 -1.6311 35 16 9
21.552 -1.7353 -1.6369 36 14 3
21.629 -1.7681 -1.6215 35 11 7
21.569 -1.7708 -1.6343 40 24 0
21.549 -1.7782 -1.6194 35 5 5
21.547 -1.7079 -1.6274 32 10 0
21.575 -1.7066 -1.6343 34 12 0
21.603 -1.7027 -1.5924 29 11 0
21.637 -1.7285 -1.6108 38 9 11
21.603 -1.7474 -1.5985 39 20 4
21.545 -1.6615 -1.6166 31 1 9
21.642 -1.7112 -1.6117 31 6 2
21.529 -1.6952 -1.6138 26 7 0
21.62 -1.7384 -1.6166 33 9 5
21.64 -1.7296 -1.5817 35 9 8
21.575 -1.7057 -1.6057 30 10 1
21.598 -1.6319 -1.5995 30 13 3
21.681 -1.6748 -1.6043 29 7 7
21.62 -1.6706 -1.596 29 18 0
21.532 -1.6281 -1.6136 33 19 18
21.65 -1.6954 -1.6128 34 12 0
21.584 -1.6428 -1.579 25 8 0
21.629 -1.6781 -1.6121 30 10 9
21.631 -1.6579 -1.6189 31 6 10
21.566 -1.6546 -1.6339 35 16 2
21.571 -1.6105 -1.6006 34 9 13
21.581 -1.6202 -1.6396 31 24 0
21.559 -1.6262 -1.6237 32 21 0
21.645 -1.7105 -1.5915 36 7 11
21.59 -1.6262 -1.633 31 24 0
21.589 -1.6014 -1.5938 22 8 8
21.597 -1.5862 -1.6184 27 7 0
21.591 -1.5818 -1.6508 28 13 10
21.66 -1.6369 -1.6076 29 13 0
21.642 -1.6442 -1.6171 25 15 3
21.691 -1.6382 -1.5658 26 11 8
21.677 -1.6274 -1.6036 33 5 1
21.652 -1.651 -1.5844 37 13 3
21.594 -1.6062 -1.6124 23 8 1
21.654 -1.5872 -1.6085 30 8 11
21.64 -1.5769 -1.6443 29 9 0
21.652 -1.5634 -1.6189 28 5 0
22.276 -1.946 -1.0188 20 6 0
22.268 -1.9248 -1.0315 43 26 8
22.281 -1.9116 -1.0296 72 51 32
22.282 -1.9103 -1.0685 67 50 32
22.278 -1.921 -1.04 44 29 0
22.281 -1.9106 -1.0428 68 48 14
22.281 -1.9242 -1.0247 43 27 1
22.282 -1.9115 -1.0545 68 53 24
22.282 -1.9246 -1.0499 49 28 7
22.282 -1.9235 -1.0636 43 28 0
22.311 -1.9165 -1.0126 70 50 23
22.329 -1.9225 -1.0011 66 49 23
22.311 -1.9156 -1.0255 68 52 3
22.325 -1.9196 -0.99176 67 50 22
22.328 -1.9212 -1.0139 68 48 23
22.326 -1.9179 -1.029 69 52 26
22.312 -1.9153 -1.0501 67 52 21
22.313 -1.917 -1.0361 72 48 22
22.299 -1.9162 -1.0308 64 44 9
22.299 -1.9154 -1.0443 67 47 23
22.3 -1.916 -1.0557 67 47 22
22.3 -1.9177 -1.0173 66 48 26
22.313 -1.9192 -0.99829 69 53 30
