2456
0.059044 0.60644 0.049335 0.7914 10.318 -3.0051 -0.052487
14.078 -4.3169 0.99327 87 62 30
14.141 -4.332 0.96465 82 60 36
14.134 -4.3433 1.046 85 63 39
14.012 -4.3276 0.92573 86 62 36
13.596 -4.2516 0.81272 84 62 39
13.427 -4.2336 0.82541 88 65 34
13.664 -4.2466 0.8668 82 61 34
13.889 -4.2908 0.9403 88 62 37
13.732 -4.2651 0.84951 83 61 38
13.554 -4.2421 0.83585 84 63 36
13.534 -4.24 0.85503 86 63 29
13.668 -4.2482 0.86768 82 61 34
13.759 -4.288 0.92807 85 63 39
13.058 -4.1848 0.7345 86 66 32
13.104 -4.1733 0.74994 88 65 34
13.153 -4.1886 0.74029 83 62 33
13.27 -4.2045 0.77627 87 63 35
13.129 -4.2045 0.69803 85 64 37
13.316 -4.2176 0.75244 84 62 39
13.082 -4.1897 0.71357 87 64 31
13.216 -4.2091 0.72344 85 63 40
13.011 -4.1946 0.71598 86 65 34
11.829 -4.0032 0.41631 71 50 7
11.814 -3.9727 0.39804 34 22 0
11.819 -3.9938 0.39797 66 46 22
11.827 -3.996 0.38282 65 43 22
11.778 -4.0051 0.39736 102 58 19
11.786 -4.0077 0.38344 92 54 18
11.797 -4.0118 0.37021 88 55 14
11.834 -4.0216 0.40005 94 64 26
11.732 -4.0023 0.34814 104 67 23
11.754 -4.0063 0.38738 92 56 14
11.808 -4.0015 0.37556 82 53 19
11.759 -4.0039 0.35836 85 51 14
11.834 -4.0247 0.41633 99 67 19
11.752 -4.002 0.3716 93 59 8
11.635 -3.9853 0.32865 97 74 33
11.633 -3.9868 0.34264 100 72 45
11.679 -3.9902 0.37578 105 77 38
11.698 -4.0011 0.36624 100 75 43
11.685 -3.989 0.34759 100 71 40
11.66 -3.9931 0.36701 102 75 40
11.738 -4.0095 0.36493 102 73 42
11.656 -3.9876 0.35144 103 75 46
11.672 -3.9958 0.34055 101 74 37
11.723 -4.0016 0.37571 102 74 34
11.608 -3.9869 0.3471 94 71 37
11.576 -3.9758 0.32205 95 66 42
11.556 -3.976 0.31328 91 68 35
11.559 -3.9813 0.32885 90 67 34
11.608 -3.9841 0.33332 93 70 37
11.625 -3.9835 0.35487 98 76 35
11.578 -3.9799 0.33674 92 67 37
11.615 -3.9865 0.3209 94 72 35
11.53 -3.9767 0.33158 90 65 33
11.483 -3.9685 0.31335 90 67 36
11.478 -3.9621 0.29945 90 67 36
11.498 -3.9664 0.3201 85 65 30
11.51 -3.9701 0.29664 91 68 27
11.508 -3.9715 0.30984 89 63 40
11.485 -3.9651 0.28819 87 65 24
11.524 -3.9687 0.31689 90 65 33
11.529 -3.9703 0.30449 90 67 36
11.548 -3.9749 0.3387 89 65 39
11.456 -3.961 0.30366 87 67 33
11.416 -3.9564 0.28806 90 67 34
11.465 -3.9665 0.29322 88 64 36
11.413 -3.9572 0.30013 89 67 28
11.442 -3.9617 0.28491 89 67 30
11.428 -3.9646 0.27916 88 69 27
11.442 -3.9644 0.29745 86 65 38
11.433 -3.9598 0.30764 89 65 37
11.4 -3.9547 0.26983 86 67 25
14.028 -4.3194 0.85652 84 63 32
14.16 -4.3374 0.73646 86 63 32
14.011 -4.3201 0.89077 83 62 33
14.084 -4.3525 0.71102 87 62 40
14.121 -4.338 0.8052 84 63 36
14.013 -4.2936 0.74139 87 64 30
14.142 -4.3525 0.84441 83 62 35
14.026 -4.3387 0.73362 85 65 38
13.855 -4.2974 0.81279 87 63 35
13.621 -4.2727 0.67012 88 65 31
13.806 -4.3049 0.72052 84 62 23
13.576 -4.2617 0.69918 85 64 37
13.938 -4.3468 0.70826 84 62 38
13.849 -4.334 0.8046 86 63 32
13.853 -4.3031 0.84324 85 64 33
13.509 -4.2479 0.74824 85 65 28
13.694 -4.2697 0.73149 86 65 36
13.81 -4.3063 0.72101 84 62 23
13.425 -4.2384 0.66016 85 64 37
13.533 -4.251 0.72099 85 64 33
13.474 -4.2402 0.77361 82 62 38
13.965 -4.3239 0.76538 83 62 35
13.496 -4.2429 0.74582 85 65 28
13.272 -4.2214 0.67813 85 63 39
13.394 -4.243 0.74385 86 64 40
13.218 -4.2046 0.69437 85 64 33
13.344 -4.2176 0.70161 84 65 35
13.417 -4.2408 0.68357 87 62 40
12.632 -4.2154 0.45488 24 20 9
12.593 -4.2259 0.47027 25 18 0
12.63 -4.2409 0.45174 51 34 14
12.546 -4.175 0.45703 29 20 5
12.442 -4.194 0.42435 61 44 18
12.386 -4.1946 0.45433 40 35 6
12.315 -4.1692 0.39037 67 48 8
12.507 -4.2011 0.42307 59 41 19
12.397 -4.189 0.39236 63 45 23
12.385 -4.1857 0.40743 62 41 24
12.382 -4.1845 0.40717 62 41 24
12.505 -4.2035 0.44164 54 38 15
12.318 -4.1523 0.41897 55 41 5
12.264 -4.1661 0.39647 64 43 26
12.246 -4.163 0.43235 60 43 0
12.246 -4.1819 0.40925 65 47 11
12.31 -4.1744 0.43053 58 41 15
12.26 -4.19 0.41165 64 41 23
12.26 -4.1637 0.39439 64 43 26
12.269 -4.1655 0.37772 62 44 24
12.254 -4.164 0.41423 64 44 10
12.294 -4.2036 0.37997 67 46 15
12.221 -4.1817 0.35635 49 33 8
12.314 -4.1725 0.41176 61 42 26
12.265 -4.197 0.43309 61 41 17
11.894 -4.0147 0.3711 58 40 18
11.814 -3.991 0.29655 69 49 15
11.815 -3.9858 0.36447 59 39 15
11.826 -3.981 0.30232 65 43 19
11.815 -3.9946 0.31373 57 41 16
11.82 -3.9916 0.282 73 49 23
11.809 -3.9937 0.32806 66 41 21
11.811 -3.9739 0.31511 64 46 10
11.847 -3.9911 0.29049 47 26 0
11.807 -4.0011 0.27612 70 44 19
11.805 -4.0027 0.29173 75 46 24
11.807 -3.9777 0.34714 62 41 14
11.812 -3.9775 0.33051 62 43 11
11.815 -4.0035 0.36176 82 55 10
11.806 -3.9942 0.34353 62 41 22
11.753 -4.0085 0.3064 73 42 0
11.736 -3.9991 0.31867 81 46 14
11.762 -3.9968 0.31176 73 41 0
11.807 -4.0127 0.34137 79 46 15
11.794 -4.0071 0.35433 87 50 14
11.77 -4.0083 0.34507 84 52 4
11.785 -4.0095 0.30083 70 41 7
11.757 -4.0079 0.29233 69 39 3
11.726 -4.0035 0.28237 90 64 23
11.723 -3.9986 0.26637 89 58 30
11.827 -4.0231 0.32989 74 43 0
11.786 -4.0075 0.28524 69 39 5
11.735 -4.0014 0.3333 98 61 19
11.806 -4.018 0.27369 68 41 0
11.779 -4.0115 0.33155 78 49 5
11.763 -4.0092 0.27737 69 41 2
11.813 -4.0109 0.31053 74 49 17
11.648 -3.9898 0.30368 93 70 36
11.637 -3.9898 0.25465 88 66 29
11.696 -4.0025 0.28823 92 69 38
11.693 -3.997 0.27188 89 65 37
11.664 -3.99 0.24871 93 66 31
11.639 -3.9857 0.31568 95 70 38
11.678 -3.9974 0.32795 98 74 40
11.646 -3.9938 0.24188 90 67 23
11.714 -4.0006 0.30962 92 67 19
11.662 -3.9968 0.29189 93 68 38
11.706 -3.9982 0.32315 97 69 29
11.615 -3.9789 0.27862 92 70 33
11.674 -3.9923 0.31238 97 70 37
11.651 -3.9861 0.27499 92 68 34
11.664 -3.9932 0.26287 92 67 35
11.635 -3.9906 0.26831 91 67 31
11.711 -3.9964 0.2944 93 68 36
11.679 -3.9931 0.29894 95 67 36
11.698 -3.9951 0.33628 100 72 35
11.707 -4.0047 0.26034 88 65 34
11.557 -3.9764 0.22962 88 65 34
11.624 -3.991 0.30906 91 68 34
11.545 -3.9753 0.26813 87 66 37
11.554 -3.9766 0.24289 86 65 34
11.555 -3.9804 0.25678 87 64 33
11.601 -3.9818 0.25881 91 65 38
11.57 -3.9787 0.27632 88 63 33
11.599 -3.9829 0.2721 90 66 38
11.583 -3.9835 0.25174 88 66 29
11.571 -3.9771 0.26336 88 65 31
11.611 -3.9859 0.24625 86 63 29
11.583 -3.9783 0.31023 91 67 31
11.62 -3.9852 0.29487 93 69 35
11.586 -3.9834 0.23869 90 65 33
11.565 -3.9806 0.30284 90 67 33
11.596 -3.9833 0.28542 90 66 28
11.57 -3.9812 0.2897 86 63 30
11.585 -3.9774 0.29727 92 69 36
11.522 -3.9718 0.26039 86 64 40
11.533 -3.9712 0.29235 91 66 34
11.491 -3.9646 0.26375 87 64 33
11.538 -3.9722 0.28005 86 65 38
11.478 -3.9644 0.23251 86 66 31
11.52 -3.968 0.24648 88 65 34
11.518 -3.974 0.28542 89 66 35
11.476 -3.9677 0.25671 85 64 33
11.503 -3.9669 0.22688 89 65 27
11.522 -3.9745 0.2734 87 63 25
11.49 -3.9711 0.22151 86 62 34
11.501 -3.9702 0.25267 87 64 31
11.539 -3.9801 0.23678 89 67 30
11.477 -3.9661 0.2448 87 63 35
11.491 -3.9679 0.27691 87 66 35
11.537 -3.976 0.22315 85 65 30
11.504 -3.9701 0.24021 87 63 35
11.416 -3.9583 0.22437 86 62 34
11.4 -3.952 0.25732 85 62 28
11.474 -3.9686 0.26952 87 63 35
11.449 -3.9603 0.2493 89 66 35
11.436 -3.9635 0.24336 85 65 31
11.457 -3.9645 0.23832 85 64 35
11.449 -3.9673 0.20862 86 63 30
11.467 -3.9651 0.28115 89 67 28
11.408 -3.9545 0.23512 86 65 38
11.404 -3.9532 0.24607 88 63 33
11.433 -3.9637 0.25536 89 66 24
11.464 -3.9671 0.22655 87 64 30
11.462 -3.9633 0.2138 87 65 18
11.435 -3.9602 0.23072 87 64 33
11.435 -3.9578 0.21827 87 63 25
11.428 -3.9666 0.21441 89 62 29
11.445 -3.9594 0.26049 83 63 28
11.437 -3.9553 0.27112 86 65 34
11.43 -3.9635 0.26674 89 67 30
11.422 -3.9585 0.2009 87 64 31
11.398 -3.957 0.2184 88 66 25
11.396 -3.9533 0.20574 88 61 24
14.125 -4.3181 0.68565 84 63 32
14.042 -4.3304 0.66426 86 63 29
13.533 -4.1619 0.42905 86 66 32
13.497 -4.1548 0.45542 87 65 24
13.828 -4.3 0.65015 87 64 33
13.618 -4.3015 0.42147 37 18 4
13.452 -4.1733 0.44416 88 64 36
13.651 -4.2774 0.43157 47 28 0
13.699 -4.2584 0.44538 85 64 33
13.154 -4.173 0.46814 59 40 8
13.29 -4.2561 0.45628 36 25 0
13.254 -4.2083 0.45547 55 37 17
13.728 -4.4267 0.45329 21 14 0
14.042 -4.5636 0.54291 51 43 20
13.805 -4.4128 0.44027 29 14 0
13.118 -4.3046 0.37705 60 40 16
13.228 -4.3225 0.39891 58 39 22
12.903 -4.2928 0.3293 67 50 22
12.902 -4.2338 0.33541 63 44 14
12.754 -4.2471 0.30243 67 49 29
12.754 -4.1918 0.31338 66 46 12
12.55 -4.2158 0.37937 67 46 15
12.589 -4.2022 0.3474 68 43 20
12.673 -4.2236 0.39102 48 21 10
12.623 -4.2157 0.32815 66 48 28
12.609 -4.2124 0.35063 68 43 20
12.589 -4.2065 0.37352 66 45 16
12.578 -4.2265 0.36255 67 47 22
12.556 -4.2105 0.3382 66 47 17
12.605 -4.2062 0.32547 66 48 28
12.603 -4.222 0.41924 59 42 14
12.623 -4.2284 0.4033 63 43 16
12.401 -4.1994 0.2976 73 51 27
12.377 -4.2055 0.26799 73 53 29
12.495 -4.2069 0.34416 71 49 10
12.354 -4.1883 0.37407 67 47 12
12.492 -4.2091 0.36712 69 47 23
12.392 -4.2063 0.36326 67 47 10
12.392 -4.1824 0.36997 68 48 13
12.335 -4.1696 0.33314 63 43 18
12.443 -4.207 0.35534 67 49 11
12.381 -4.1845 0.27291 73 50 8
12.429 -4.2194 0.32542 58 37 8
12.36 -4.2001 0.28771 73 54 22
12.362 -4.1497 0.27391 68 47 20
12.457 -4.2107 0.33412 46 28 4
12.504 -4.2328 0.31797 61 40 23
12.249 -4.1726 0.34783 60 39 12
12.261 -4.1759 0.32716 53 35 11
12.244 -4.192 0.34147 51 30 0
12.271 -4.1747 0.29078 73 49 23
11.878 -3.9961 0.21315 71 50 19
12.351 -4.1988 0.30927 71 49 25
12.274 -4.2068 0.32561 69 49 14
12.287 -4.188 0.31397 66 45 16
12.268 -4.1574 0.33382 56 38 16
12.244 -4.1774 0.26055 72 54 6
12.294 -4.1849 0.27501 71 51 16
12.279 -4.1676 0.35806 70 45 22
12.307 -4.1885 0.25377 70 53 25
11.824 -3.9914 0.26652 77 54 12
11.808 -4.0077 0.20886 60 33 16
11.828 -3.9852 0.21823 70 49 20
11.815 -4.0096 0.1937 57 37 2
11.814 -3.9939 0.21281 72 56 23
11.81 -3.9945 0.22795 78 55 21
11.808 -3.9957 0.24432 77 49 18
11.805 -3.9822 0.17874 67 47 23
11.871 -4.0069 0.1927 67 51 25
11.814 -4.0026 0.26215 76 47 16
11.817 -3.9932 0.19682 75 52 18
11.813 -3.9785 0.23152 77 54 23
11.852 -3.9977 0.2056 68 51 7
11.796 -3.9941 0.17543 58 34 22
11.809 -3.9787 0.24612 76 52 24
11.761 -4.0053 0.2614 65 37 0
11.823 -4.027 0.26081 65 38 3
11.79 -4.0135 0.20297 53 28 0
11.83 -4.0286 0.24571 67 39 2
11.777 -4.0075 0.21769 60 30 16
11.75 -4.0095 0.22526 83 59 23
11.761 -4.0108 0.19551 56 33 0
11.728 -4.0054 0.18756 80 57 26
11.751 -4.0183 0.17538 80 59 32
11.756 -4.0045 0.17912 50 30 19
11.814 -4.0147 0.22641 60 33 14
11.803 -4.0194 0.1894 56 35 18
11.745 -4.0084 0.23966 87 57 33
11.716 -4.0023 0.21642 84 60 22
11.761 -4.0139 0.21173 56 27 3
11.741 -4.0087 0.25455 84 57 20
11.718 -4.001 0.20123 82 62 27
11.741 -4.0116 0.17411 80 59 32
11.773 -4.0107 0.24846 60 37 3
11.77 -4.0059 0.23219 62 39 5
11.656 -3.9957 0.21487 90 66 30
11.684 -4.0016 0.23736 92 66 26
11.671 -3.9986 0.17315 87 64 31
11.701 -3.9973 0.24383 90 63 30
11.654 -3.9911 0.19951 88 66 29
11.627 -3.9901 0.20638 88 63 31
11.696 -4.002 0.19437 85 61 27
11.647 -3.9918 0.22771 89 66 33
11.637 -3.995 0.19389 87 65 24
11.642 -3.996 0.18027 87 63 25
11.642 -3.9934 0.16578 84 65 31
11.699 -4.0016 0.18007 85 63 40
11.701 -3.9977 0.24397 90 63 30
11.712 -4.0025 0.23043 87 63 25
11.66 -3.9925 0.18562 88 61 26
11.692 -4.0019 0.20861 90 67 26
11.683 -3.9985 0.22246 92 69 36
11.698 -3.998 0.16502 83 62 33
11.598 -3.9894 0.22665 87 62 32
11.573 -3.9814 0.19166 86 67 27
11.557 -3.979 0.15873 82 63 31
11.621 -3.9885 0.2198 89 67 30
11.591 -3.9871 0.1525 67 45 21
11.61 -3.9829 0.2323 87 64 30
11.544 -3.9789 0.21112 89 68 23
11.598 -3.9816 0.18519 87 63 37
11.581 -3.9849 0.17899 86 62 24
11.55 -3.9784 0.1849 87 64 30
11.561 -3.9767 0.21705 88 65 24
11.551 -3.9768 0.17116 88 64 28
11.594 -3.9837 0.2119 87 67 30
11.605 -3.9898 0.1997 86 63 30
11.587 -3.9869 0.16615 86 65 38
11.607 -3.9861 0.17259 87 67 32
11.617 -3.9912 0.15913 85 64 37
11.575 -3.9848 0.20549 90 67 36
11.542 -3.9753 0.19729 86 63 30
11.496 -3.969 0.18371 87 65 26
11.469 -3.9669 0.20234 88 65 31
11.47 -3.9652 0.1895 85 63 24
11.528 -3.9766 0.17826 83 64 32
11.505 -3.9714 0.15912 81 60 39
11.538 -3.9818 0.1665 86 67 35
11.513 -3.9721 0.21561 87 64 30
11.499 -3.9738 0.19708 90 66 30
11.511 -3.9733 0.14659 45 33 21
11.493 -3.9762 0.15428 54 36 14
11.505 -3.9735 0.17212 84 63 16
11.48 -3.9709 0.17857 86 63 29
11.486 -3.9731 0.16655 79 59 22
11.526 -3.9779 0.19171 84 64 27
11.466 -3.9688 0.14773 43 33 23
11.539 -3.9804 0.15302 54 38 15
11.512 -3.9688 0.20254 89 64 34
11.49 -3.9688 0.20872 85 61 33
11.407 -3.9577 0.18329 87 61 38
11.412 -3.964 0.19629 87 64 33
11.46 -3.9712 0.18501 86 64 27
11.429 -3.962 0.18958 91 65 40
11.421 -3.962 0.14825 40 33 15
11.452 -3.9618 0.17122 84 63 36
11.426 -3.9568 0.17691 86 64 27
11.458 -3.9645 0.15948 79 57 16
11.437 -3.9642 0.16606 76 55 26
11.414 -3.9585 0.16005 69 49 14
11.414 -3.9613 0.17211 84 64 37
11.447 -3.9632 0.19607 88 66 27
11.441 -3.9647 0.15395 48 37 18
11.399 -3.9598 0.15473 45 35 0
14.134 -4.3745 0.26603 66 29 34
13.736 -4.2966 0.3669 57 36 5
13.472 -4.2494 0.22701 34 15 0
13.691 -4.3105 0.32299 56 35 18
13.696 -4.3063 0.28607 52 31 14
13.727 -4.2738 0.26069 89 68 37
13.702 -4.3588 0.35207 41 24 6
13.876 -4.3165 0.43044 88 67 36
13.625 -4.2978 0.3858 29 8 5
13.533 -4.2082 0.27678 89 68 39
13.788 -4.3227 0.41209 57 33 5
13.559 -4.2896 0.26937 43 26 6
13.647 -4.2999 0.35209 53 31 7
13.76 -4.3241 0.25524 53 33 6
13.963 -4.3747 0.36012 59 33 6
13.614 -4.3179 0.3118 47 25 12
13.923 -4.3391 0.24254 90 67 34
13.718 -4.3015 0.21538 60 40 5
14.003 -4.5339 0.46518 29 15 12
13.815 -4.4226 0.24783 40 23 3
13.371 -4.307 0.36148 26 12 9
13.037 -4.2618 0.33345 62 44 24
12.851 -4.2052 0.30209 61 43 19
13.428 -4.3657 0.36883 47 28 21
12.76 -4.2545 0.16597 71 51 26
13.012 -4.342 0.3145 65 48 22
12.875 -4.2695 0.2688 62 44 6
12.897 -4.2752 0.24557 59 40 6
12.871 -4.2577 0.21321 62 44 20
12.954 -4.2785 0.28071 59 38 9
12.87 -4.2474 0.15931 69 50 18
12.879 -4.2475 0.30054 42 24 4
12.444 -4.1062 0.20937 67 47 23
12.689 -4.2006 0.21917 72 52 27
12.786 -4.2445 0.20259 69 51 27
12.89 -4.2912 0.18309 76 52 24
12.657 -4.2114 0.2049 65 47 25
12.623 -4.2287 0.24751 66 47 5
12.649 -4.2651 0.22365 50 32 8
12.362 -4.1302 0.16501 44 29 0
12.698 -4.2639 0.23292 66 47 15
12.6 -4.1908 0.2542 56 29 18
12.582 -4.1903 0.14843 73 55 33
12.581 -4.2153 0.13874 73 56 28
12.623 -4.2115 0.15119 73 55 33
12.66 -4.2753 0.24795 50 35 0
12.414 -4.1991 0.2549 70 49 28
12.469 -4.2174 0.1928 67 47 22
12.342 -4.1815 0.23983 68 51 25
12.433 -4.2017 0.21206 68 46 25
12.359 -4.1953 0.12791 75 53 29
12.411 -4.2012 0.13725 75 53 29
12.53 -4.2303 0.22762 69 47 24
12.323 -4.1671 0.2176 67 47 13
12.387 -4.1998 0.20061 66 45 24
12.308 -4.1773 0.19022 72 51 24
12.33 -4.1865 0.16928 71 51 27
12.391 -4.2181 0.15306 70 51 19
12.294 -4.1883 0.16301 69 48 29
12.213 -4.1625 0.15135 70 50 15
12.307 -4.1926 0.14151 74 50 24
12.253 -4.1679 0.18108 69 49 25
12.296 -4.1742 0.2056 70 50 26
12.305 -4.1876 0.11944 74 54 29
12.254 -4.1834 0.13318 70 51 17
12.283 -4.2241 0.1273 68 50 26
12.252 -4.171 0.20068 67 45 21
12.186 -4.1532 0.18876 65 45 20
12.334 -4.2005 0.23573 68 50 26
11.794 -3.9784 0.093982 74 53 32
11.802 -3.9951 0.15989 58 34 0
11.829 -3.9888 0.13341 69 49 22
11.884 -4.0218 0.12181 76 51 29
11.808 -3.9813 0.1628 66 46 11
11.813 -3.9997 0.14446 56 36 12
11.793 -3.9808 0.11029 67 47 20
11.808 -4.0136 0.14119 50 29 0
11.814 -4.0121 0.1091 48 25 0
11.817 -3.9991 0.12902 63 43 16
11.815 -3.9828 0.14787 66 46 21
11.816 -4.0105 0.092499 50 29 10
11.796 -4.003 0.12325 44 26 12
11.819 -4.024 0.15852 49 28 0
11.766 -4.0087 0.16474 50 29 8
11.773 -4.0081 0.13436 51 29 8
11.79 -4.0168 0.11954 43 24 10
11.813 -4.0263 0.089521 43 25 11
11.818 -4.0266 0.17474 56 30 15
11.805 -4.0238 0.10515 43 24 8
11.778 -4.0142 0.15027 48 23 3
11.768 -4.0251 0.14553 75 48 29
11.757 -4.02 0.16025 81 57 21
11.623 -3.9744 0.13568 45 33 17
11.702 -3.9986 0.14989 73 51 10
11.68 -4.002 0.15932 86 63 32
11.694 -4.0094 0.14572 45 32 16
11.641 -3.99 0.15075 71 50 5
11.567 -3.9841 0.14556 46 35 3
11.527 -3.9688 0.13983 48 34 7
11.634 -4.0012 0.14626 51 35 10
14.107 -4.3427 0.14389 51 38 4
13.8 -4.2672 0.086507 87 64 30
13.786 -4.2935 0.039541 90 67 34
13.779 -4.2661 0.12107 89 56 23
13.628 -4.3285 0.12783 43 21 10
13.602 -4.2989 0.018624 39 20 3
13.566 -4.2802 0.19796 41 17 13
13.814 -4.3109 0.076008 88 65 32
13.661 -4.3478 0.16399 37 21 4
13.748 -4.3245 0.065478 51 30 1
13.587 -4.2821 0.16645 46 29 3
13.69 -4.3153 0.13576 49 30 0
13.864 -4.3498 0.19282 63 37 14
13.825 -4.3608 0.10431 53 28 8
13.638 -4.3324 0.12938 43 21 10
13.634 -4.3179 0.055352 38 21 4
13.573 -4.3002 0.090494 43 21 8
13.679 -4.2672 0.10768 51 28 0
13.664 -4.3602 0.013901 33 15 13
13.692 -4.2963 0.02907 56 33 0
13.77 -4.4164 0.090156 35 22 6
13.662 -4.3663 0.049525 35 18 1
13.395 -4.2763 0.14313 34 24 14
13.741 -4.3863 0.20484 36 17 10
13.138 -4.3498 0.029811 71 50 21
13.141 -4.3361 0.12862 63 45 21
13.114 -4.3016 0.0063305 57 38 21
13.004 -4.2814 0.00011982 62 41 14
13.058 -4.2809 0.034809 62 40 17
12.57 -4.1495 0.10278 75 56 22
12.749 -4.2349 0.087253 74 55 21
13 -4.3053 0.1409 70 49 22
12.873 -4.2682 0.097958 70 47 14
12.503 -4.12 0.12224 77 55 31
13.198 -4.4443 0.014116 71 46 23
12.822 -4.2287 0.016007 73 51 27
12.499 -4.2138 0.079215 75 56 16
12.616 -4.247 0.061458 51 27 0
12.632 -4.2381 0.12296 77 56 27
12.716 -4.2779 0.10064 77 57 23
12.629 -4.2099 0.12625 78 60 38
12.596 -4.2497 0.13604 59 38 19
12.73 -4.285 0.10132 77 57 23
12.485 -4.2057 0.077512 75 56 16
12.506 -4.2132 0.055172 63 47 14
12.637 -4.2626 0.089578 48 27 0
12.664 -4.2817 0.11808 58 40 0
12.334 -4.1969 0.076056 74 52 28
12.408 -4.2115 0.064394 74 53 24
12.327 -4.1808 0.014419 71 49 26
12.514 -4.226 0.10323 74 56 16
12.523 -4.227 0.079918 75 56 16
12.357 -4.2024 0.034079 73 53 19
12.438 -4.2085 0.093956 74 53 24
12.47 -4.2184 0.050243 76 56 22
12.406 -4.1946 0.11501 75 53 29
12.499 -4.2303 0.025421 74 51 20
12.422 -4.2076 -0.0031905 71 47 21
12.436 -4.2036 0.071522 79 54 31
12.368 -4.2127 0.057542 74 51 20
12.477 -4.21 0.12266 75 53 29
12.46 -4.2043 0.00074037 71 51 17
12.373 -4.1997 0.10812 77 56 27
12.387 -4.2041 0.08564 76 56 21
12.41 -4.2092 0.044363 78 56 19
12.414 -4.2069 0.020658 73 54 22
12.266 -4.1871 0.11255 71 52 22
12.295 -4.189 0.027504 69 49 22
11.874 -3.9997 0.035746 73 49 21
12.284 -4.2208 0.10889 70 49 22
12.252 -4.2054 -0.0022051 63 42 13
12.288 -4.1964 0.094805 72 51 30
12.306 -4.184 0.098772 74 52 29
12.273 -4.1838 0.070562 72 51 24
12.291 -4.187 0.027598 69 49 22
12.257 -4.1855 0.00059896 65 44 13
11.812 -3.9636 0.050803 71 49 26
12.254 -4.1874 0.023074 68 48 23
12.258 -4.1899 0.023082 68 48 23
12.296 -4.1937 0.05038 74 55 12
12.261 -4.2148 0.016743 67 48 18
12.263 -4.1969 0.045873 70 49 20
12.288 -4.1813 0.0076478 67 45 21
11.793 -3.9745 0.077611 73 52 21
11.806 -3.9861 -0.0064075 63 45 7
11.85 -4.0026 0.031159 78 55 24
11.811 -4.0015 0.060262 44 23 2
11.807 -3.9954 0.043204 42 24 2
11.798 -4.0018 0.0066891 38 20 8
11.828 -3.9919 0.046975 79 60 20
11.8 -3.9851 0.0097532 60 41 11
11.804 -3.9907 0.026563 66 47 7
11.806 -3.9802 0.062302 80 61 31
11.806 -4.0006 0.075329 46 25 8
11.805 -4.0034 -0.0091836 45 17 13
11.806 -4.0156 0.055984 40 22 0
11.809 -4.0119 0.023129 41 22 15
11.806 -4.013 0.039862 33 16 0
11.771 -4.0095 0.050575 39 21 0
11.795 -4.0229 0.03584 39 22 2
11.814 -4.0329 0.020534 40 23 3
11.839 -4.041 0.075266 43 27 12
11.831 -4.0419 0.0044733 39 18 13
11.861 -4.0589 -0.011749 39 17 2
13.86 -4.2997 -0.072482 87 66 21
13.986 -4.3383 -0.11339 87 66 35
13.668 -4.3222 -0.20352 44 27 1
13.623 -4.3546 -0.13496 34 17 0
13.716 -4.3163 -0.12442 44 17 0
13.587 -4.2435 -0.044942 44 24 0
13.766 -4.3424 -0.089009 50 28 5
13.602 -4.3292 -0.019865 33 18 0
13.665 -4.3411 -0.093873 40 17 9
13.677 -4.3214 -0.015059 46 25 6
13.607 -4.3247 -0.057145 37 20 2
13.631 -4.3144 -0.16677 36 18 8
13.66 -4.3082 -0.051121 48 28 19
13.751 -4.2986 -0.080823 43 11 0
13.631 -4.3208 -0.13039 32 15 0
13.522 -4.3326 -0.031203 35 21 8
13.253 -4.2879 -0.043347 43 26 9
13.636 -4.3731 -0.064308 33 20 1
13.335 -4.3635 -0.016737 46 26 0
13.164 -4.3076 -0.087415 49 31 11
13.048 -4.2968 -0.034937 59 41 21
13.333 -4.3904 -0.05527 53 33 0
13.247 -4.3574 -0.028879 58 36 25
13.41 -4.3847 -0.083865 43 24 10
13.351 -4.3646 -0.047358 42 24 4
12.73 -4.2474 -0.10672 50 30 6
12.81 -4.2465 -0.016484 64 45 15
12.835 -4.2587 -0.016895 68 47 20
12.8 -4.2316 -0.069751 60 42 20
13.038 -4.3229 -0.037995 65 44 23
12.699 -4.2364 -0.080578 51 28 0
12.95 -4.2858 -0.0095204 65 46 4
12.864 -4.2579 -0.1005 58 35 4
12.755 -4.242 -0.047141 65 41 15
12.879 -4.2996 -0.078716 64 39 16
12.702 -4.2429 -0.051756 63 41 18
13.063 -4.3297 -0.068097 59 37 22
12.815 -4.2442 -0.0455 62 38 12
12.617 -4.2032 -0.028969 66 51 22
12.449 -4.1943 -0.019088 65 44 27
12.701 -4.3064 -0.01403 60 39 22
12.703 -4.2703 -0.059655 64 43 14
12.655 -4.2543 -0.0090302 68 48 11
12.699 -4.2732 -0.035053 62 43 0
12.672 -4.267 -0.14257 38 16 0
12.666 -4.2827 -0.039292 40 22 0
12.604 -4.2619 -0.12201 53 32 15
12.534 -4.2324 -0.070287 56 37 3
12.477 -4.2131 -0.14244 51 33 13
12.446 -4.1552 -0.083938 60 38 0
12.581 -4.2231 -0.11326 42 18 6
12.555 -4.1839 -0.10589 56 35 16
12.575 -4.1898 -0.13142 57 37 13
12.37 -4.202 -0.010234 67 45 6
12.335 -4.2011 -0.036112 61 41 4
12.335 -4.189 -0.099673 59 37 13
12.32 -4.1844 -0.077603 58 39 9
12.331 -4.2062 -0.13094 56 35 14
12.386 -4.215 -0.12672 53 31 8
12.447 -4.2178 -0.026835 65 42 9
12.406 -4.2019 -0.12112 55 33 10
12.469 -4.2171 -0.095713 53 33 6
12.446 -4.2087 -0.072848 58 36 0
12.41 -4.1925 -0.047739 64 42 3
12.325 -4.1913 -0.057607 61 40 19
12.32 -4.1846 -0.078536 58 39 9
12.386 -4.2072 -0.031529 62 43 3
12.477 -4.2177 -0.12086 52 35 7
12.38 -4.2037 -0.03147 62 43 3
12.399 -4.2062 -0.074991 57 38 0
12.389 -4.2045 -0.054899 64 39 17
12.449 -4.2306 -0.10006 54 30 16
12.231 -4.1811 -0.065418 55 35 0
12.225 -4.1812 -0.044037 62 41 24
12.254 -4.1796 -0.019078 63 43 6
12.264 -4.1892 -0.13062 52 35 7
12.29 -4.1902 -0.084152 53 36 10
12.332 -4.211 -0.10733 54 31 15
12.282 -4.1927 -0.039285 58 39 5
12.255 -4.1919 -0.088354 53 32 11
12.249 -4.1844 -0.10871 52 33 1
11.838 -3.9889 -0.10767 51 34 24
12.217 -4.1796 -0.023645 64 44 9
12.247 -4.2099 -0.092891 58 35 17
12.301 -4.2005 -0.062073 54 34 0
12.336 -4.2056 -0.014237 70 46 18
12.213 -4.1926 -0.073124 54 34 0
11.807 -4.0105 -0.078588 38 19 13
11.806 -4.0072 -0.095354 40 19 0
11.823 -4.0301 -0.029477 35 17 0
11.81 -4.0008 -0.042092 42 17 10
11.794 -3.9813 -0.091157 48 30 10
11.801 -3.9978 -0.025638 43 26 0
11.791 -4.0027 -0.061534 32 22 0
11.843 -4.0014 -0.055382 53 35 0
11.806 -4.0036 -0.11148 31 10 7
11.807 -4.0164 -0.044246 38 19 13
11.815 -3.9919 -0.10928 50 34 19
11.816 -4.0318 -0.099006 30 13 0
11.798 -3.9902 -0.058416 50 27 0
11.786 -3.9791 -0.074868 50 26 0
11.813 -3.9881 -0.022103 61 43 21
11.785 -4.019 -0.04812 38 22 0
11.756 -4.0079 -0.099645 51 35 18
11.94 -4.1487 -0.03808 30 16 3
11.789 -4.0195 -0.065383 38 21 4
11.819 -4.0363 -0.082183 38 24 0
11.768 -4.0108 -0.032081 39 15 3
12.215 -3.5841 -0.234 36 17 1
14.098 -4.3328 -0.36124 82 62 27
13.568 -4.2138 -0.363 81 61 26
13.827 -4.3017 -0.42864 81 59 22
14.102 -4.3606 -0.44763 84 62 25
13.64 -4.3144 -0.38821 43 23 0
13.684 -4.3521 -0.28457 35 21 21
13.657 -4.3484 -0.24572 34 17 10
13.562 -4.2971 -0.31095 33 14 7
13.617 -4.3492 -0.35725 33 13 4
13.609 -4.309 -0.34956 31 13 0
13.697 -4.2889 -0.23244 36 7 0
13.646 -4.3067 -0.23885 37 16 11
13.464 -4.217 -0.32555 51 19 14
13.562 -4.3201 -0.38662 38 16 3
13.866 -4.3454 -0.2807 36 2 1
14.106 -4.4275 -0.33607 36 1 0
13.617 -4.2684 -0.37432 51 17 15
13.777 -4.3223 -0.43502 43 9 10
13.728 -4.3316 -0.28135 44 24 15
13.726 -4.4002 -0.33103 29 14 11
13.653 -4.384 -0.25003 36 19 2
13.649 -4.3757 -0.28688 23 14 7
13.54 -4.3543 -0.35732 31 13 0
13.672 -4.4023 -0.40612 27 14 0
12.516 -4.2307 -0.17062 48 29 12
12.564 -4.2526 -0.19821 49 31 21
12.524 -4.2423 -0.27101 49 23 8
12.431 -4.2402 -0.27453 44 26 6
12.421 -4.2097 -0.2654 50 29 10
12.407 -4.2186 -0.17259 51 35 22
12.413 -4.2134 -0.21955 51 28 20
12.405 -4.2218 -0.14882 51 33 11
12.293 -4.1911 -0.21913 46 26 1
12.363 -4.2091 -0.22117 49 25 0
12.433 -4.2205 -0.24371 50 29 0
12.446 -4.2165 -0.16831 49 31 7
12.345 -4.1983 -0.21949 49 25 0
12.348 -4.2123 -0.15332 54 33 16
12.305 -4.1832 -0.17541 50 30 23
12.293 -4.1872 -0.24004 46 29 0
12.318 -4.1978 -0.26626 47 26 7
12.401 -4.2269 -0.24739 49 27 6
12.218 -4.187 -0.24092 51 34 4
12.303 -4.2087 -0.1543 50 28 15
11.866 -4.0036 -0.12506 50 34 8
12.225 -4.2029 -0.18055 52 26 9
12.25 -4.1999 -0.15498 49 27 4
12.22 -4.1775 -0.17505 50 29 8
11.801 -3.9713 -0.17413 50 25 2
12.212 -4.1875 -0.22102 49 26 10
12.311 -4.2097 -0.17779 52 30 7
12.281 -4.2028 -0.24352 48 23 0
12.221 -4.1782 -0.175 50 29 8
12.217 -4.1941 -0.19848 45 29 4
12.239 -4.1818 -0.22087 48 29 0
12.221 -4.174 -0.19574 46 29 9
12.314 -4.2078 -0.20056 47 29 9
12.296 -4.2119 -0.24526 48 23 0
11.806 -4.0097 -0.1812 37 14 0
11.855 -4.0152 -0.1282 45 26 12
11.801 -3.9946 -0.14445 36 24 2
11.815 -3.9949 -0.19512 43 23 0
11.794 -3.9869 -0.16033 44 24 17
11.8 -3.9878 -0.1775 41 24 0
11.795 -4.0143 -0.11416 27 16 0
11.804 -4.0051 -0.19752 32 13 0
11.797 -4.0095 -0.14713 31 15 0
11.803 -3.999 -0.12812 38 19 15
11.932 -4.0623 -0.15107 43 23 12
11.804 -4.0117 -0.1646 33 15 13
11.81 -4.0301 -0.18465 34 17 0
11.804 -4.0175 -0.13041 31 16 13
11.798 -4.0192 -0.20061 30 12 0
11.819 -4.0428 -0.15182 45 29 12
11.787 -4.0292 -0.20248 69 52 22
11.814 -4.0362 -0.16823 30 13 0
11.798 -4.0309 -0.13366 43 32 13
11.781 -4.0222 -0.11652 50 32 18
14.109 -4.3978 -0.49612 80 60 26
13.593 -4.342 -0.53892 25 12 4
13.62 -4.3465 -0.58238 28 7 2
13.677 -4.3244 -0.61692 40 17 0
13.632 -4.3348 -0.46623 33 15 13
13.694 -4.3286 -0.43227 44 22 9
13.646 -4.3777 -0.47298 31 13 13
13.564 -4.3373 -0.50096 25 12 0
13.818 -4.3697 -0.48456 38 21 4
13.66 -4.3388 -0.50578 29 15 14
13.703 -4.342 -0.58968 28 7 2
13.589 -4.3241 -0.42415 36 18 4
13.681 -4.3401 -0.54613 32 11 8
13.913 -4.3762 -0.65013 41 24 4
13.633 -4.3445 -0.61793 33 16 0
13.588 -4.3605 -0.43173 34 12 1
13.308 -4.2728 -0.43798 23 12 6
13.526 -4.3577 -0.50345 26 11 4
13.643 -4.3998 -0.55595 31 16 0
13.649 -4.3884 -0.63005 33 16 0
13.694 -4.4141 -0.60079 27 13 4
12.548 -4.2514 -0.29655 45 28 0
12.379 -4.2171 -0.36111 48 28 3
12.331 -4.2126 -0.35979 46 26 1
12.308 -4.203 -0.33418 43 26 6
12.39 -4.2363 -0.29722 45 24 0
12.35 -4.2194 -0.38524 44 24 0
12.353 -4.2104 -0.31376 46 26 0
12.472 -4.2303 -0.32297 43 26 8
12.454 -4.2267 -0.41419 49 25 23
12.393 -4.2052 -0.33881 47 23 9
12.381 -4.2027 -0.31385 39 24 17
12.367 -4.2057 -0.38338 46 26 1
12.443 -4.2097 -0.34401 46 24 11
12.39 -4.215 -0.40994 49 25 23
12.359 -4.2097 -0.33816 46 26 19
12.451 -4.2295 -0.39195 47 25 1
12.438 -4.2266 -0.36667 42 23 7
12.274 -4.2095 -0.31187 38 19 5
12.278 -4.2083 -0.33443 42 23 9
12.296 -4.2037 -0.2887 40 23 6
12.256 -4.1866 -0.3731 42 27 0
12.247 -4.1973 -0.286 47 23 21
12.231 -4.194 -0.37527 45 27 13
12.278 -4.2079 -0.33427 42 23 9
12.279 -4.1975 -0.26454 41 22 8
12.296 -4.2151 -0.36125 45 20 15
12.213 -4.1798 -0.25987 45 21 7
11.695 -3.905 -0.24454 46 27 21
12.291 -4.197 -0.30934 44 24 0
12.224 -4.1937 -0.35393 43 25 15
11.839 -3.9951 -0.28161 42 22 0
11.794 -3.9982 -0.29941 42 23 16
11.787 -3.9965 -0.28127 34 18 1
11.788 -4.0001 -0.26468 30 22 0
11.791 -3.9908 -0.22837 35 15 17
11.81 -4.0334 -0.27191 32 16 0
11.8 -3.9937 -0.24609 31 12 8
11.801 -4.0153 -0.23339 29 19 9
11.797 -4.0153 -0.21615 33 14 7
11.807 -4.0162 -0.25113 38 20 18
11.819 -4.0031 -0.26519 40 21 5
11.802 -4.0011 -0.2136 32 16 0
11.867 -4.0314 -0.28916 34 16 12
11.804 -4.0229 -0.30448 33 20 11
11.791 -4.0175 -0.28613 36 19 2
11.763 -4.0331 -0.28823 78 55 14
11.752 -4.0286 -0.27208 71 56 17
11.814 -4.042 -0.23906 48 33 2
11.699 -4.0079 -0.26699 68 52 29
11.779 -4.0268 -0.28685 70 54 21
11.715 -4.0165 -0.28312 81 60 39
11.805 -4.039 -0.22113 51 32 2
11.926 -4.1156 -0.27246 66 49 39
11.761 -4.0171 -0.26769 67 52 21
11.66 -4.0103 -0.28075 77 57 33
11.622 -4.0012 -0.26528 77 57 33
11.708 -4.0288 -0.28581 77 57 33
11.68 -4.0116 -0.26796 77 55 16
11.654 -4.0091 -0.26746 75 55 18
13.982 -4.3711 -0.81588 79 59 25
13.603 -4.3255 -0.65018 27 13 12
13.596 -4.2949 -0.79117 35 18 0
13.578 -4.2808 -0.82046 39 19 12
13.658 -4.3405 -0.69893 29 15 6
13.684 -4.3438 -0.74011 24 10 0
13.67 -4.354 -0.85055 27 13 2
13.65 -4.3817 -0.66577 27 11 0
13.649 -4.36 -0.77386 29 11 0
13.679 -4.3794 -0.74188 27 10 2
13.63 -4.3455 -0.80672 25 13 0
13.591 -4.3507 -0.6901 29 12 5
13.889 -4.377 -0.81057 41 21 0
13.659 -4.3264 -0.7693 31 14 0
13.7 -4.426 -0.75533 24 7 0
13.655 -4.4688 -0.8374 40 24 0
13.524 -4.4184 -0.76951 41 23 0
13.488 -4.3599 -0.78824 23 10 0
13.386 -4.3081 -0.6239 22 13 0
13.625 -4.4019 -0.70505 28 10 0
13.453 -4.4228 -0.76292 32 17 0
13.454 -4.4236 -0.76373 33 15 3
12.525 -4.2485 -0.52579 49 25 0
12.606 -4.2505 -0.48089 34 15 1
12.675 -4.2824 -0.51932 29 12 0
12.646 -4.2946 -0.5236 45 23 0
12.574 -4.2401 -0.58073 41 22 5
12.585 -4.2128 -0.47458 40 24 0
12.616 -4.2241 -0.50114 38 22 0
12.546 -4.2225 -0.44589 21 7 0
12.572 -4.2629 -0.45653 44 24 0
12.643 -4.298 -0.49886 44 25 11
12.588 -4.2743 -0.59093 45 23 2
12.302 -4.1938 -0.49196 44 24 0
12.359 -4.2242 -0.53171 43 25 1
12.378 -4.2148 -0.502 43 26 0
12.432 -4.242 -0.53969 44 24 13
12.426 -4.2266 -0.46178 46 26 0
12.483 -4.2503 -0.52036 44 24 0
12.462 -4.2339 -0.54234 44 22 0
12.329 -4.2145 -0.47829 41 27 0
12.386 -4.2236 -0.48282 48 22 0
12.488 -4.2376 -0.47289 45 28 0
12.464 -4.2438 -0.49172 44 27 0
12.411 -4.2227 -0.43673 46 26 1
12.347 -4.2095 -0.4286 45 23 0
12.299 -4.2008 -0.45126 43 25 1
12.482 -4.2379 -0.44351 46 26 0
12.317 -4.1962 -0.40306 43 21 6
12.331 -4.2155 -0.47897 41 27 0
12.243 -4.1939 -0.42145 45 25 0
12.248 -4.1925 -0.4431 40 23 0
12.282 -4.2093 -0.47225 50 21 0
12.318 -4.2202 -0.40745 41 25 0
11.829 -3.9944 -0.35367 43 27 4
12.212 -4.2125 -0.46907 44 28 2
12.237 -4.2005 -0.48812 47 25 2
12.239 -4.2138 -0.42422 43 23 0
12.252 -4.2336 -0.50069 43 26 8
12.222 -4.1993 -0.4414 45 25 1
12.327 -4.2216 -0.43101 42 24 0
12.296 -4.2093 -0.51935 45 24 5
12.295 -4.2132 -0.4966 41 25 0
12.262 -4.2095 -0.40199 45 23 10
12.22 -4.2059 -0.39974 43 27 1
12.22 -4.1938 -0.46186 43 26 0
11.806 -4.0004 -0.3343 39 24 3
11.801 -4.0146 -0.33694 42 18 6
11.792 -4.0236 -0.35476 33 17 2
11.796 -3.9967 -0.31625 37 19 0
11.792 -3.9965 -0.40138 44 22 7
11.79 -4.0102 -0.3181 30 11 4
11.793 -4.0208 -0.37134 34 20 0
11.8 -4.0079 -0.36963 42 25 0
11.801 -4.0051 -0.3865 37 22 1
11.818 -4.0052 -0.35342 39 15 1
11.795 -4.0287 -0.33976 51 36 5
11.796 -4.0084 -0.35285 44 22 11
11.802 -4.0243 -0.39047 29 14 0
11.837 -4.0145 -0.375 40 26 0
11.717 -4.0237 -0.35088 80 57 15
11.7 -4.0201 -0.29999 79 58 27
11.748 -4.0252 -0.36932 78 59 25
11.779 -4.0326 -0.35693 70 52 4
11.747 -4.0162 -0.31731 73 53 26
11.78 -4.0361 -0.34033 72 52 18
11.765 -4.0343 -0.39 79 56 25
11.698 -4.0153 -0.31523 79 57 16
11.72 -4.0174 -0.30024 77 58 26
11.803 -4.0404 -0.30782 68 50 38
11.794 -4.0398 -0.37616 74 56 8
11.795 -4.0376 -0.39288 69 54 35
11.715 -4.0248 -0.33439 78 57 26
11.745 -4.0323 -0.32118 77 53 25
11.766 -4.0321 -0.3047 73 54 24
11.745 -4.0259 -0.35286 81 58 16
11.728 -4.0288 -0.36941 79 60 17
11.73 -4.0182 -0.33349 76 57 25
11.727 -4.0251 -0.38421 77 57 23
11.62 -4.0046 -0.32485 81 61 26
11.629 -4.0089 -0.34205 78 58 24
11.601 -3.9985 -0.27631 78 57 26
11.659 -4.0149 -0.34483 84 62 11
11.674 -4.0236 -0.36388 80 60 26
11.679 -4.0185 -0.31521 82 62 27
11.648 -4.0151 -0.29758 81 57 29
11.675 -4.0126 -0.32914 78 58 24
11.613 -4.0102 -0.35673 80 55 33
11.601 -4.004 -0.33935 79 56 23
11.651 -4.0197 -0.28254 77 57 23
11.609 -4.0018 -0.29343 79 56 23
11.634 -4.002 -0.30936 78 58 23
11.66 -4.0183 -0.33023 81 61 9
11.63 -4.0069 -0.35684 83 58 26
11.63 -4.0156 -0.31282 82 59 25
11.687 -4.0185 -0.34714 80 57 24
11.691 -4.0186 -0.3641 80 57 24
11.675 -4.0186 -0.29904 78 59 27
11.58 -4.0034 -0.33701 81 58 25
11.559 -3.9949 -0.28941 79 59 22
11.6 -4.0109 -0.29461 76 54 30
11.552 -3.9979 -0.33511 80 59 28
11.552 -4.0001 -0.3204 80 60 26
11.584 -3.9963 -0.30626 77 57 32
11.533 -3.9925 -0.27582 77 56 25
11.601 -4.0067 -0.32446 78 57 10
11.593 -4.0085 -0.27773 80 59 28
11.568 -3.9966 -0.32043 84 61 28
11.526 -3.9845 -0.28719 77 57 30
11.539 -3.9922 -0.30366 82 59 26
11.523 -3.9921 -0.31713 82 59 26
11.527 -3.9934 -0.33203 82 58 30
11.569 -3.9999 -0.30625 80 59 12
11.505 -3.9906 -0.33019 79 58 29
11.476 -3.9864 -0.29961 82 60 19
11.45 -3.9795 -0.29711 78 57 26
11.447 -3.9795 -0.28333 79 58 27
11.492 -3.9845 -0.29989 79 57 18
11.459 -3.9848 -0.31236 81 61 26
11.509 -3.9961 -0.3174 78 56 32
11.5 -3.9936 -0.28831 82 58 30
11.498 -3.9944 -0.274 81 57 29
11.475 -3.9835 -0.31278 80 61 27
11.509 -3.9888 -0.27346 77 57 23
11.522 -3.9945 -0.30384 80 60 26
11.468 -3.9819 -0.28463 76 52 14
11.461 -3.9791 -0.26967 78 58 23
11.485 -3.989 -0.3281 80 58 37
11.517 -3.9921 -0.28889 81 58 27
11.41 -3.9746 -0.29459 78 57 28
11.422 -3.9748 -0.26814 81 59 18
11.389 -3.9727 -0.2806 82 59 25
11.43 -3.9795 -0.2831 74 55 23
11.407 -3.9744 -0.28147 82 61 6
11.397 -3.9778 -0.29496 79 58 27
11.42 -3.9813 -0.30979 78 58 31
11.448 -3.9828 -0.27051 80 59 30
11.395 -3.9736 -0.30668 80 58 37
11.383 -3.9692 -0.26623 77 57 4
11.436 -3.9825 -0.29722 78 59 27
11.434 -3.9781 -0.30975 80 60 33
11.41 -3.9786 -0.2688 81 60 17
13.72 -4.2905 -0.88126 81 60 29
13.912 -4.3545 -0.96933 80 56 28
13.912 -4.3546 -0.9706 80 56 28
13.558 -4.2379 -0.99149 77 57 30
13.635 -4.3487 -0.9923 28 12 0
13.624 -4.3658 -0.88417 30 11 4
13.61 -4.3671 -0.84276 26 13 0
13.675 -4.3417 -0.92291 28 12 0
13.619 -4.3496 -0.95431 30 9 4
13.632 -4.2945 -0.86697 35 16 0
13.872 -4.3796 -0.96835 36 19 9
13.365 -4.2057 -0.90791 36 19 12
13.674 -4.379 -0.93293 25 9 0
13.49 -4.3264 -0.96053 25 11 0
13.566 -4.3509 -1.0169 27 10 0
13.645 -4.3374 -0.88435 30 15 8
13.606 -4.2933 -1.0161 34 19 0
13.712 -4.3491 -0.97105 23 9 0
13.739 -4.3211 -0.97193 39 20 0
13.664 -4.4818 -0.99042 35 12 4
14.02 -4.6301 -1.1348 36 12 2
13.655 -4.4165 -0.90329 26 12 0
13.742 -4.4456 -0.95734 22 13 0
13.647 -4.3987 -0.97018 26 8 0
13.424 -4.3412 -0.9155 23 10 2
13.524 -4.377 -0.98193 18 11 0
13.544 -4.3765 -0.83498 30 13 6
13.625 -4.413 -1.0481 22 2 3
13.52 -4.4256 -0.9158 35 17 0
13.598 -4.4976 -0.95028 41 20 3
12.649 -4.276 -0.62361 41 27 0
12.349 -4.2286 -0.59884 47 27 2
12.422 -4.234 -0.68328 47 25 2
12.351 -4.2212 -0.6449 45 28 2
12.506 -4.254 -0.57398 43 24 8
12.392 -4.2344 -0.58259 44 24 0
12.372 -4.2267 -0.55291 46 25 4
12.462 -4.2503 -0.59492 44 23 6
12.451 -4.248 -0.56597 47 25 2
12.212 -4.2041 -0.50827 46 30 5
12.244 -4.1974 -0.53485 43 23 0
12.221 -4.2016 -0.55192 41 23 0
12.269 -4.2079 -0.55899 45 25 0
12.204 -4.1954 -0.5314 44 24 13
12.249 -4.2039 -0.51103 43 21 10
12.205 -4.202 -0.61762 43 23 0
12.306 -4.2264 -0.59284 42 22 11
12.342 -4.233 -0.5515 43 26 0
12.23 -4.2029 -0.57681 41 21 0
12.292 -4.2139 -0.61044 40 23 3
11.777 -3.9712 -0.47944 41 20 0
12.22 -4.2199 -0.58089 42 27 0
12.217 -4.2033 -0.53396 44 24 13
12.269 -4.2234 -0.60983 42 24 0
12.152 -4.1851 -0.52327 43 23 12
12.232 -4.2045 -0.57722 41 21 0
12.268 -4.2077 -0.55947 45 25 0
12.313 -4.2219 -0.63706 39 25 0
11.83 -4.015 -0.44294 37 19 0
11.844 -4.0213 -0.4653 35 18 1
11.8 -4.0287 -0.4607 56 35 18
11.806 -4.0236 -0.40802 34 22 0
11.8 -4.0165 -0.42403 36 19 2
11.801 -4.0077 -0.47358 37 27 0
11.809 -4.01 -0.49254 40 21 7
11.802 -4.0146 -0.44001 31 14 0
11.799 -4.025 -0.47809 36 18 4
11.794 -4.0065 -0.4555 30 13 0
11.789 -4.0274 -0.42506 51 39 0
11.785 -4.021 -0.44 53 37 14
11.817 -4.0101 -0.42463 43 22 3
11.779 -4.0077 -0.48803 32 12 1
11.721 -4.0262 -0.45024 75 52 34
11.735 -4.0274 -0.40208 79 58 15
11.738 -4.027 -0.41914 77 56 25
11.709 -4.0266 -0.4 77 56 29
11.715 -4.028 -0.41735 78 58 23
11.786 -4.0399 -0.44467 78 55 24
11.724 -4.0317 -0.43593 75 53 30
11.826 -4.056 -0.41773 68 53 22
11.768 -4.0395 -0.47676 77 56 27
11.704 -4.0258 -0.38285 75 53 29
11.724 -4.0258 -0.46715 78 57 26
11.789 -4.0386 -0.46126 69 52 22
11.801 -4.044 -0.48215 72 54 30
11.777 -4.0367 -0.4257 74 54 29
11.748 -4.0312 -0.43781 78 59 17
11.759 -4.0268 -0.40462 76 56 22
11.754 -4.0325 -0.45624 74 57 29
11.693 -4.0233 -0.44617 78 57 26
11.702 -4.0271 -0.46481 77 57 33
11.632 -4.0118 -0.43637 80 59 30
11.611 -4.0064 -0.37066 79 60 30
11.678 -4.0179 -0.41065 77 58 24
11.664 -4.0158 -0.45666 77 56 25
11.627 -4.0103 -0.41929 78 57 28
11.683 -4.019 -0.42755 79 60 17
11.657 -4.019 -0.4093 77 56 27
11.642 -4.0106 -0.38984 78 56 32
11.662 -4.02 -0.4255 78 56 32
11.663 -4.0183 -0.44183 76 57 25
11.612 -4.0044 -0.38572 79 57 33
11.622 -4.0093 -0.4031 78 58 33
11.665 -4.014 -0.3765 78 58 31
11.681 -4.0233 -0.39657 78 58 24
11.608 -4.0123 -0.41796 77 57 22
11.647 -4.0175 -0.37615 78 59 29
11.646 -4.0192 -0.45545 77 55 14
11.61 -4.0112 -0.43283 78 57 28
11.531 -3.9936 -0.34653 81 60 33
11.518 -3.9939 -0.37466 77 56 27
11.539 -3.9977 -0.36305 78 58 24
11.606 -4.0132 -0.40242 79 58 29
11.567 -4.0018 -0.38079 80 59 28
11.563 -4.0066 -0.42642 80 56 30
11.541 -3.9971 -0.37744 83 60 29
11.563 -4.004 -0.35109 79 58 27
11.552 -4.0036 -0.39522 76 55 26
11.555 -4.0031 -0.41074 76 55 26
11.582 -4.0028 -0.35232 77 57 32
11.569 -4.0005 -0.39538 78 57 26
11.534 -3.9991 -0.42101 76 57 27
11.562 -4.0001 -0.36533 81 59 22
11.528 -3.9969 -0.40495 80 58 19
11.582 -4.0058 -0.42825 81 56 34
11.523 -3.9955 -0.38966 80 56 30
11.595 -4.0078 -0.38507 79 59 22
11.59 -4.0066 -0.36901 79 57 33
11.574 -4.0021 -0.41123 78 54 26
11.469 -3.9887 -0.34149 79 58 27
11.469 -3.9862 -0.35426 80 61 19
11.497 -3.9941 -0.35819 78 58 23
11.456 -3.9877 -0.36761 78 58 23
11.5 -3.9941 -0.37282 82 58 30
11.484 -3.9914 -0.39844 78 58 31
11.514 -3.9954 -0.34602 82 58 20
11.464 -3.9903 -0.39724 78 58 23
11.461 -3.99 -0.38262 83 60 26
11.505 -3.9958 -0.38791 78 59 27
11.476 -3.9876 -0.38323 80 59 30
11.474 -3.9885 -0.36941 77 55 31
11.511 -3.9984 -0.40376 75 58 32
11.453 -3.988 -0.35383 78 58 33
11.485 -3.9869 -0.34217 81 55 32
11.457 -3.989 -0.368 78 58 23
11.462 -3.9852 -0.32658 81 60 31
11.514 -3.9931 -0.35949 77 59 21
11.528 -4.0018 -0.37723 77 56 27
11.388 -3.9726 -0.35776 80 59 40
11.409 -3.9795 -0.34834 80 55 32
11.394 -3.976 -0.37214 79 61 21
11.44 -3.9815 -0.32407 81 60 29
11.434 -3.9844 -0.36479 78 56 32
11.404 -3.9768 -0.33409 78 59 29
11.425 -3.9789 -0.34955 79 57 33
11.387 -3.9765 -0.33275 84 60 32
11.388 -3.9751 -0.34542 81 56 34
11.393 -3.9754 -0.37179 76 55 36
11.435 -3.9824 -0.37796 78 58 34
11.421 -3.9792 -0.3223 80 57 26
11.417 -3.9815 -0.37611 77 57 33
11.412 -3.9799 -0.36183 75 58 30
11.428 -3.9835 -0.33758 80 56 30
11.445 -3.9832 -0.33827 79 59 25
11.44 -3.985 -0.39237 79 61 23
11.4 -3.9759 -0.3207 80 56 30
11.38 -3.9727 -0.31885 81 60 33
11.379 -3.9738 -0.30612 80 59 30
11.378 -3.9761 -0.3709 78 56 32
13.584 -4.3513 -1.0589 24 11 0
13.623 -4.3601 -1.1094 26 9 2
13.544 -4.3576 -1.1275 33 10 4
13.574 -4.3331 -1.1273 30 8 0
13.646 -4.339 -1.067 28 15 0
13.614 -4.3046 -1.1654 35 13 2
13.633 -4.4087 -1.0819 23 10 4
13.733 -4.4433 -1.149 22 5 0
12.605 -4.2347 -0.84801 35 15 17
12.613 -4.2443 -0.82596 37 14 6
12.52 -4.2249 -0.77511 40 24 7
12.572 -4.2796 -0.796 43 22 3
12.49 -4.2382 -0.7458 46 28 18
12.655 -4.2886 -0.87035 40 22 8
12.593 -4.26 -0.82246 43 25 11
12.411 -4.2475 -0.7069 39 20 13
12.519 -4.2722 -0.81431 42 16 17
12.465 -4.2455 -0.77019 42 21 0
12.405 -4.2355 -0.7542 33 19 10
12.496 -4.2677 -0.75452 39 21 9
12.403 -4.2343 -0.75377 33 19 10
12.379 -4.2446 -0.75004 38 23 16
12.46 -4.2516 -0.71822 45 23 0
12.253 -4.2203 -0.6971 45 24 5
12.256 -4.2069 -0.64982 43 22 1
12.315 -4.2397 -0.69263 39 20 14
12.228 -4.2319 -0.67484 36 12 8
11.827 -4.0009 -0.51339 34 18 0
12.19 -4.1887 -0.63358 43 27 4
12.217 -4.2016 -0.66289 36 22 0
12.322 -4.2394 -0.71537 40 22 2
11.802 -4.0296 -0.56664 45 31 22
11.786 -4.0275 -0.51093 66 51 30
11.788 -4.005 -0.54122 38 20 6
11.789 -4.0117 -0.50833 37 21 4
11.793 -4.0264 -0.54632 52 33 16
11.817 -4.0123 -0.51235 31 16 0
11.783 -4.0046 -0.52268 31 13 11
11.786 -4.0245 -0.52717 49 32 12
11.749 -4.0231 -0.48673 78 54 28
11.78 -4.038 -0.52878 70 53 23
11.729 -4.0322 -0.55325 73 53 26
11.691 -4.0248 -0.52823 77 57 20
11.718 -4.0297 -0.5168 76 55 34
11.699 -4.0216 -0.47903 77 56 27
11.828 -4.0656 -0.58028 73 53 29
11.726 -4.0329 -0.53619 76 55 36
11.747 -4.036 -0.50622 80 58 34
11.8 -4.0495 -0.5533 73 52 23
11.743 -4.0364 -0.48935 80 56 30
11.769 -4.0338 -0.50945 74 55 25
11.758 -4.0351 -0.55897 73 55 19
11.745 -4.0285 -0.53796 75 58 30
11.709 -4.0263 -0.49864 75 55 31
11.704 -4.0315 -0.54819 77 52 29
11.75 -4.0352 -0.52443 76 57 27
11.637 -4.0185 -0.51651 76 56 29
11.679 -4.0243 -0.47717 81 62 30
11.601 -4.0103 -0.49264 73 55 33
11.65 -4.0143 -0.50228 77 58 28
11.623 -4.0156 -0.46685 75 56 26
11.624 -4.014 -0.48247 77 56 27
11.655 -4.0205 -0.48813 76 59 29
11.609 -4.0138 -0.51077 74 54 27
11.693 -4.0293 -0.51344 77 55 32
11.611 -4.0089 -0.44793 81 58 24
11.668 -4.0249 -0.52405 77 57 33
11.681 -4.0228 -0.49334 73 53 26
11.645 -4.0161 -0.46993 79 58 27
11.598 -4.0105 -0.47755 79 59 24
11.635 -4.0172 -0.51611 76 56 29
11.634 -4.0191 -0.50092 76 59 31
11.548 -4.003 -0.46832 75 58 30
11.574 -4.0076 -0.47271 77 57 33
11.531 -4.0027 -0.48008 76 56 21
11.541 -3.9998 -0.45095 75 57 19
11.594 -4.0128 -0.44717 77 58 26
11.583 -4.0126 -0.4911 76 60 34
11.525 -4.0029 -0.44998 78 58 23
11.544 -4.0053 -0.43849 77 57 33
11.525 -4.0001 -0.46362 79 59 32
11.558 -4.0006 -0.43896 79 58 29
11.587 -4.0043 -0.45882 75 56 22
11.547 -3.9996 -0.48188 78 58 31
11.58 -4.0077 -0.50417 75 55 18
11.569 -4.0068 -0.45732 74 57 27
11.488 -3.9931 -0.41413 78 58 23
11.47 -3.9902 -0.42471 79 56 40
11.481 -3.9973 -0.44235 76 59 33
11.51 -3.9929 -0.43061 80 61 31
11.512 -3.9973 -0.41777 78 58 31
11.497 -3.9978 -0.43037 75 58 30
11.496 -3.9944 -0.44357 78 58 33
11.453 -3.9917 -0.42332 77 56 25
11.48 -3.9943 -0.45521 77 60 32
11.448 -3.9844 -0.43417 76 56 29
11.456 -3.989 -0.45088 79 59 35
11.464 -3.9881 -0.41023 84 60 26
11.503 -3.9978 -0.45961 74 56 34
11.503 -3.9954 -0.47339 78 58 23
11.482 -3.9939 -0.47016 81 58 24
11.436 -3.9873 -0.44679 79 61 11
11.382 -3.9736 -0.40946 77 57 32
11.392 -3.9803 -0.42604 78 59 25
11.423 -3.9846 -0.39065 80 57 24
11.407 -3.9787 -0.42673 75 57 35
11.445 -3.9868 -0.40727 78 58 33
11.386 -3.9791 -0.39815 79 59 34
11.412 -3.9859 -0.41679 77 60 34
11.424 -3.9829 -0.40313 81 63 27
11.416 -3.9845 -0.443 75 57 33
11.424 -3.9812 -0.41663 80 57 26
11.437 -3.9905 -0.43439 78 59 42
11.405 -3.9817 -0.40114 76 56 31
11.4 -3.9794 -0.38643 80 55 33
11.394 -3.9803 -0.43913 80 59 30
11.382 -3.9776 -0.38486 80 58 35
14.128 -4.3515 0.97868 82 61 30
14.188 -4.3305 1.0022 80 58 34
14.191 -4.3665 0.95817 83 62 35
14.06 -4.3349 1.0075 85 63 39
13.527 -4.2165 0.84255 85 63 39
13.789 -4.2705 0.88627 85 62 28
13.547 -4.2599 0.83938 83 63 29
13.685 -4.2822 0.92176 85 64 35
13.899 -4.317 0.95429 88 62 37
13.641 -4.2536 0.8442 83 62 35
13.093 -4.1765 0.7061 85 63 26
13.182 -4.1875 0.7649 86 63 29
13.278 -4.2211 0.75764 84 63 34
13.119 -4.1927 0.73898 88 65 34
13.406 -4.2336 0.76201 82 62 38
13.317 -4.2041 0.7745 83 63 28
13.023 -4.1873 0.73642 87 67 33
13.008 -4.1757 0.70454 86 63 30
11.81 -3.981 0.40465 47 35 9
11.819 -3.9984 0.37119 64 45 15
11.824 -4.0079 0.40617 86 54 6
11.827 -4.0069 0.39047 61 41 17
11.825 -3.9872 0.39115 50 38 26
11.792 -4.004 0.39479 100 56 17
11.775 -4.0104 0.38676 91 57 19
11.738 -4.002 0.37324 85 53 5
11.796 -4.0041 0.37918 93 60 19
11.723 -3.9949 0.38537 105 69 27
11.775 -4.0076 0.37143 90 56 5
11.793 -3.9991 0.363 88 61 16
11.768 -4.0088 0.40078 97 60 14
11.745 -4.0045 0.36257 85 51 0
11.661 -3.984 0.36189 100 75 43
11.718 -4.0052 0.36554 102 73 42
11.655 -3.9932 0.34236 96 72 36
11.684 -3.9951 0.33924 100 72 35
11.716 -4.007 0.38009 105 75 39
11.65 -3.9928 0.3557 100 72 43
11.668 -3.9866 0.34849 103 76 43
11.714 -3.9993 0.34921 103 75 38
11.586 -3.9795 0.34706 92 67 37
11.563 -3.9778 0.33771 90 66 40
11.562 -3.972 0.31022 94 65 41
11.6 -3.9876 0.33658 92 69 36
11.607 -3.9903 0.32504 92 70 33
11.562 -3.9742 0.32403 91 68 35
11.612 -3.9804 0.34281 96 74 33
11.616 -3.9812 0.33 96 73 32
11.551 -3.9788 0.30461 91 68 34
11.613 -3.9841 0.35696 96 73 31
11.511 -3.965 0.30556 90 66 28
11.491 -3.9665 0.31072 88 65 34
11.5 -3.9714 0.30002 90 67 36
11.54 -3.9757 0.32947 90 65 33
11.485 -3.9647 0.32197 90 69 42
11.543 -3.9749 0.31578 90 67 36
11.515 -3.9711 0.31947 90 64 41
11.464 -3.9571 0.28867 86 62 34
11.47 -3.9673 0.3155 87 63 35
11.469 -3.9638 0.30179 85 65 31
11.461 -3.9688 0.28464 88 66 29
11.411 -3.9583 0.28015 89 66 33
11.428 -3.9613 0.29938 87 66 39
11.429 -3.9594 0.2864 90 66 38
11.45 -3.9621 0.29454 88 65 32
11.431 -3.9586 0.27504 87 66 39
11.441 -3.9578 0.30499 90 64 37
14.058 -4.3331 0.76436 82 61 30
13.996 -4.3179 0.78994 84 63 36
14.132 -4.3521 0.743 85 65 30
13.979 -4.3187 0.82426 87 64 33
13.524 -4.2684 0.72724 87 62 39
13.559 -4.2282 0.64817 86 64 25
13.817 -4.293 0.73952 85 64 37
13.515 -4.2357 0.77141 85 64 37
13.559 -4.2465 0.7491 84 65 33
13.641 -4.2714 0.7343 84 63 32
14.03 -4.3639 0.752 85 64 35
13.839 -4.308 0.78956 85 64 37
13.913 -4.3085 0.87941 87 63 37
13.995 -4.3441 0.70644 84 64 37
13.455 -4.2359 0.68658 88 63 40
13.888 -4.2932 0.83941 84 63 32
13.483 -4.2409 0.66087 85 63 26
13.522 -4.2733 0.76268 85 61 35
13.15 -4.1953 0.69089 85 64 35
13.207 -4.1761 0.65104 86 61 39
13.324 -4.2343 0.73829 84 62 39
13.285 -4.2129 0.69957 83 64 34
12.51 -4.1918 0.43828 35 28 10
12.551 -4.2095 0.42021 58 37 20
12.619 -4.2196 0.43894 43 31 9
12.687 -4.2598 0.47968 24 14 5
12.537 -4.1557 0.44586 37 22 1
12.334 -4.1747 0.42708 59 42 16
12.543 -4.235 0.4391 59 41 19
12.381 -4.1698 0.39945 60 43 17
12.357 -4.1842 0.4139 62 43 27
12.379 -4.1926 0.39341 63 45 23
12.292 -4.173 0.41192 64 43 26
12.306 -4.1852 0.43901 58 39 25
12.273 -4.1585 0.3915 65 47 27
12.238 -4.1674 0.42002 62 42 8
12.245 -4.1679 0.3981 66 45 14
12.292 -4.1655 0.37245 67 47 12
12.311 -4.1999 0.37317 66 47 15
11.824 -3.993 0.32478 67 45 8
11.816 -3.9903 0.33926 68 43 23
11.829 -3.9844 0.36184 59 39 15
11.839 -3.9939 0.27893 67 46 19
11.815 -3.9988 0.28826 67 47 13
11.811 -4.0021 0.31883 75 47 18
11.825 -3.9903 0.30934 64 42 18
11.834 -3.9937 0.29486 65 49 16
11.82 -3.9962 0.35695 63 42 23
11.817 -4.0029 0.30411 74 49 17
11.746 -4.0046 0.26412 64 37 0
11.735 -4.0004 0.27882 89 59 23
11.801 -4.0189 0.34618 80 46 8
11.788 -4.0019 0.29528 71 41 7
11.812 -4.0058 0.33531 81 52 20
11.753 -4.0011 0.31619 74 42 1
11.786 -4.0121 0.35777 84 50 13
11.76 -4.0029 0.3021 71 42 8
11.783 -4.0132 0.2753 67 39 0
11.799 -4.0062 0.28064 70 43 0
11.747 -3.9999 0.33032 77 48 4
11.745 -4.0011 0.34572 89 52 8
11.744 -4.0091 0.29505 94 63 19
11.804 -4.0183 0.33146 77 44 13
11.806 -4.0168 0.31543 72 42 16
11.733 -4.0073 0.32379 97 69 29
11.786 -4.0176 0.29194 67 39 8
11.798 -3.9996 0.34795 84 55 33
11.726 -3.9999 0.30688 89 60 16
11.624 -3.9818 0.30393 93 69 35
11.682 -3.9912 0.32349 95 71 37
11.68 -3.9976 0.27513 90 66 38
11.672 -3.9944 0.28842 93 69 35
11.637 -3.9854 0.2775 90 68 31
11.719 -4.0056 0.27147 88 65 32
11.688 -3.9925 0.30969 95 68 35
11.655 -3.9908 0.32801 98 71 34
11.639 -3.9843 0.26396 91 68 34
11.66 -3.9972 0.25334 90 65 33
11.703 -3.9975 0.28372 92 66 25
11.674 -3.9989 0.3034 93 68 38
11.722 -4.0025 0.33587 97 71 30
11.72 -4.0036 0.25667 90 62 33
11.635 -3.9872 0.29255 91 68 35
11.622 -3.985 0.24296 89 66 22
11.68 -3.9978 0.27518 90 66 38
11.7 -3.998 0.29771 94 69 21
11.68 -3.9947 0.26087 91 68 37
11.662 -3.9931 0.3151 95 72 38
11.611 -3.9822 0.26896 88 64 36
11.626 -3.9909 0.25805 90 67 33
11.56 -3.9801 0.27928 89 64 34
11.551 -3.9757 0.29084 89 66 33
11.604 -3.9851 0.30992 91 68 34
11.611 -3.9878 0.29724 92 68 30
11.536 -3.9689 0.23124 87 67 32
11.613 -3.9868 0.28367 91 67 29
11.578 -3.9812 0.30079 90 66 30
11.565 -3.9817 0.26715 85 65 31
11.574 -3.9832 0.24159 86 65 34
11.581 -3.9784 0.27382 88 65 31
11.605 -3.9883 0.23625 88 63 31
11.59 -3.98 0.24802 86 64 27
11.576 -3.9772 0.28656 89 66 33
11.572 -3.9791 0.22773 88 65 34
11.626 -3.9857 0.31803 95 70 40
11.564 -3.9784 0.2534 87 67 33
11.59 -3.9823 0.26167 87 67 32
11.519 -3.9685 0.29384 90 65 33
11.468 -3.9576 0.27636 88 64 36
11.527 -3.9722 0.28253 86 65 38
11.479 -3.9636 0.26576 85 62 31
11.477 -3.9717 0.23709 87 63 35
11.544 -3.9777 0.24595 87 65 28
11.534 -3.9725 0.25761 86 65 36
11.512 -3.968 0.23694 86 64 27
11.472 -3.9652 0.22339 87 63 35
11.516 -3.9761 0.26403 86 64 40
11.525 -3.9686 0.26928 91 67 41
11.519 -3.9758 0.25115 87 64 33
11.525 -3.9761 0.22605 88 64 26
11.481 -3.9704 0.21215 85 62 28
11.495 -3.9664 0.21723 88 63 31
11.494 -3.9681 0.23033 86 65 36
11.48 -3.9623 0.25403 87 64 31
11.487 -3.9651 0.24189 88 64 36
11.506 -3.9712 0.27503 88 65 34
11.506 -3.9733 0.28817 89 67 26
11.428 -3.9676 0.25913 85 60 30
11.401 -3.9537 0.22618 85 64 35
11.443 -3.9637 0.25268 86 66 32
11.433 -3.9616 0.21056 86 62 24
11.441 -3.959 0.23976 86 65 36
11.464 -3.9691 0.27275 86 65 34
11.434 -3.9656 0.22289 88 64 38
11.416 -3.9616 0.20424 85 62 29
11.421 -3.9642 0.26987 88 65 31
11.406 -3.9557 0.21534 87 63 35
11.451 -3.9625 0.2164 89 67 20
11.468 -3.9671 0.24762 85 64 33
11.462 -3.9645 0.25901 87 67 32
11.43 -3.9548 0.26178 87 65 28
11.442 -3.9624 0.25186 86 66 32
11.444 -3.9591 0.2278 85 62 28
11.417 -3.9563 0.24439 86 66 31
11.427 -3.9618 0.23384 86 65 38
13.807 -4.2754 0.444 87 66 35
13.621 -4.2143 0.45347 86 65 34
14.162 -4.3268 0.55381 86 66 31
14.071 -4.3239 0.69516 87 62 40
13.782 -4.261 0.63211 87 61 36
14.159 -4.3675 0.54053 86 66 32
13.701 -4.2811 0.46253 62 33 11
12.767 -3.9992 0.38701 59 42 12
13.808 -4.314 0.43686 63 33 5
13.234 -4.2196 0.46636 43 28 9
13.899 -4.5138 0.45693 40 22 10
13.746 -4.412 0.44888 24 12 0
13.108 -4.2816 0.35838 62 42 18
12.956 -4.2422 0.33489 62 43 13
12.969 -4.2783 0.3296 64 46 22
13.018 -4.3015 0.33612 65 47 23
12.559 -4.227 0.34473 63 44 14
12.577 -4.215 0.37519 67 46 17
12.548 -4.1958 0.35174 69 49 25
12.665 -4.2352 0.40201 68 41 30
12.575 -4.2138 0.37683 67 46 17
12.596 -4.2165 0.33539 70 45 22
12.431 -4.1861 0.34202 70 51 21
12.415 -4.1971 0.3136 62 41 12
12.385 -4.1965 0.25888 70 49 28
12.448 -4.1995 0.36915 68 50 12
12.514 -4.2276 0.33293 50 32 8
12.352 -4.1577 0.28122 64 43 26
12.427 -4.1961 0.26701 71 53 33
12.413 -4.2044 0.36089 67 47 22
12.381 -4.2021 0.30432 71 52 20
12.383 -4.1995 0.28188 69 51 15
12.351 -4.1576 0.28026 69 48 21
12.435 -4.2126 0.33938 52 31 2
12.561 -4.2324 0.36864 71 49 10
12.343 -4.1997 0.27246 72 52 17
12.238 -4.1752 0.33348 51 34 4
12.221 -4.1687 0.35174 53 32 1
12.28 -4.1894 0.27974 73 53 26
12.302 -4.1796 0.28808 70 50 25
12.316 -4.1952 0.33079 53 35 15
12.328 -4.1831 0.35876 68 48 11
12.273 -4.1817 0.25863 71 53 7
12.28 -4.1971 0.32038 65 45 10
12.357 -4.2156 0.31725 65 43 19
11.845 -3.9857 0.21464 73 51 28
11.879 -4.0042 0.20287 70 49 18
11.811 -4.0083 0.25166 66 40 13
11.815 -3.9959 0.27165 73 50 8
11.813 -4.0063 0.23507 67 39 8
11.813 -3.9976 0.18714 70 50 26
11.82 -3.9903 0.22353 80 57 23
11.815 -3.9932 0.25534 76 51 28
11.821 -4.0057 0.20422 66 39 2
11.818 -4.0073 0.21989 64 37 20
11.825 -3.9906 0.20862 74 53 24
11.845 -4.0009 0.19439 69 53 27
11.821 -3.9941 0.23941 82 59 26
11.769 -4.012 0.22226 60 30 16
11.794 -4.0061 0.1975 55 32 0
11.711 -3.9944 0.23932 89 62 29
11.726 -4.0028 0.22709 88 64 26
11.79 -4.0061 0.21285 57 36 5
11.782 -4.0094 0.25964 66 38 1
11.767 -4.0138 0.23738 62 38 4
11.736 -4.0013 0.18297 81 54 43
11.791 -4.0186 0.17745 50 29 8
11.784 -4.0196 0.2087 58 31 22
11.815 -4.0141 0.26919 70 43 0
11.806 -4.0109 0.18271 55 34 17
11.795 -4.0122 0.22975 58 31 12
11.786 -4.009 0.24449 66 38 1
11.766 -4.0157 0.25315 64 34 10
11.733 -4.0016 0.19797 73 50 17
11.72 -4.007 0.17744 83 59 31
11.737 -4.007 0.21392 87 63 25
11.789 -4.0199 0.19339 57 32 2
11.659 -3.9989 0.17701 85 66 32
11.703 -4.006 0.23522 86 63 30
11.688 -3.998 0.24724 90 66 30
11.665 -3.9921 0.21034 89 65 29
11.682 -3.9967 0.16899 83 61 38
11.677 -3.9983 0.19743 89 67 30
11.666 -4.0015 0.16303 84 63 36
11.646 -3.9919 0.18927 86 64 23
11.634 -3.9911 0.23041 88 65 32
11.623 -3.9886 0.1688 87 67 32
11.714 -4.0107 0.22146 87 64 23
11.65 -3.9978 0.2046 88 62 35
11.642 -3.9944 0.21812 90 67 36
11.661 -3.9923 0.22465 90 65 35
11.661 -3.9948 0.23946 92 66 26
11.716 -4.0066 0.1915 82 59 28
11.624 -3.9864 0.15466 85 64 37
11.68 -3.9974 0.18292 91 64 29
11.705 -4.002 0.20464 85 61 33
11.554 -3.9784 0.20798 87 64 33
11.602 -3.994 0.19068 86 61 38
11.57 -3.9804 0.15538 75 55 30
11.556 -3.9773 0.19435 87 64 23
11.582 -3.9841 0.21531 87 67 30
11.606 -3.9866 0.2227 89 68 25
11.57 -3.9823 0.16887 84 65 33
11.622 -3.9905 0.18322 86 62 24
11.607 -3.9845 0.20872 90 68 31
11.552 -3.9814 0.15038 50 36 10
11.597 -3.9878 0.17668 89 65 27
11.598 -3.9934 0.20394 87 64 31
11.607 -3.9927 0.16326 84 63 36
11.615 -3.9878 0.19621 87 63 37
11.558 -3.9761 0.18083 82 63 23
11.546 -3.9819 0.17584 85 61 25
11.547 -3.9799 0.16235 86 65 36
11.555 -3.9811 0.22129 87 64 33
11.479 -3.9659 0.19896 85 65 28
11.496 -3.9702 0.15071 46 34 22
11.467 -3.9635 0.15605 66 48 26
11.46 -3.9601 0.16716 84 62 21
11.522 -3.9707 0.21253 86 63 29
11.53 -3.9746 0.20024 88 63 33
11.502 -3.9777 0.16374 83 63 26
11.509 -3.9706 0.18061 84 65 33
11.485 -3.9684 0.18677 87 65 26
11.508 -3.9749 0.20674 87 63 27
11.508 -3.9723 0.19382 86 64 25
11.54 -3.9879 0.14341 42 33 4
11.522 -3.9761 0.1564 69 50 18
11.542 -3.9816 0.1892 87 64 30
11.516 -3.9732 0.1687 86 64 27
11.496 -3.9752 0.17584 86 63 29
11.451 -3.9601 0.20414 85 62 28
11.414 -3.9575 0.19211 88 62 37
11.408 -3.9595 0.1522 41 33 22
11.454 -3.9673 0.15141 45 34 15
11.404 -3.9585 0.16289 60 41 1
11.424 -3.9637 0.18134 88 65 31
11.446 -3.9654 0.17503 86 61 38
11.466 -3.9703 0.19387 88 66 29
11.457 -3.9719 0.16418 81 60 31
11.441 -3.9659 0.19934 86 63 30
11.423 -3.9606 0.16913 82 62 27
11.425 -3.9595 0.15687 57 37 2
11.465 -3.9667 0.18097 87 63 37
11.434 -3.958 0.186 85 63 26
14.076 -4.3369 0.28641 48 19 0
14.063 -4.3734 0.27363 90 67 34
14.006 -4.3459 0.23467 89 68 37
13.607 -4.2508 0.26302 56 33 0
13.629 -4.3264 0.21691 47 23 19
13.668 -4.3237 0.33606 33 15 0
13.515 -4.2405 0.39227 50 34 11
13.577 -4.2459 0.29563 61 35 8
13.608 -4.2697 0.367 51 33 21
13.616 -4.2843 0.22309 49 32 6
13.586 -4.2492 0.29672 61 35 8
13.585 -4.3152 0.25221 41 24 6
13.687 -4.3249 0.30386 38 21 1
13.727 -4.2893 0.24278 67 41 16
13.64 -4.2999 0.26156 55 35 8
13.76 -4.3662 0.38106 44 26 14
13.71 -4.3529 0.41261 43 22 19
13.655 -4.2816 0.34019 50 28 4
12.772 -4.2309 0.2438 67 50 24
12.802 -4.2643 0.19031 75 53 30
12.819 -4.2636 0.30249 66 49 21
12.586 -4.1641 0.21661 69 49 25
12.748 -4.2142 0.21468 61 44 18
12.867 -4.2678 0.19836 64 46 22
12.914 -4.2764 0.28824 54 34 25
12.923 -4.276 0.26407 61 42 8
12.752 -4.2343 0.15482 78 56 32
12.851 -4.2503 0.30859 46 25 6
12.913 -4.2464 0.2925 50 32 12
12.621 -4.2084 0.21071 64 46 26
12.605 -4.2039 0.23775 69 45 19
12.709 -4.2403 0.14777 72 52 27
12.5 -4.1997 0.21708 47 29 5
12.702 -4.282 0.24388 61 43 19
12.37 -4.1759 0.19165 70 50 25
12.34 -4.1903 0.22386 66 46 12
12.334 -4.1946 0.13589 73 53 29
12.368 -4.179 0.21491 70 51 8
12.463 -4.2167 0.13261 74 53 22
12.312 -4.1701 0.20339 67 46 25
12.513 -4.232 0.21255 69 47 26
12.43 -4.2263 0.14672 74 52 28
12.41 -4.223 0.19094 69 49 22
12.244 -4.1873 0.11997 70 51 21
12.346 -4.1973 0.24898 67 50 22
12.19 -4.1434 0.18091 66 44 20
12.238 -4.1683 0.1665 69 48 29
12.214 -4.1726 0.13901 67 48 16
12.263 -4.1681 0.21433 68 47 18
12.367 -4.2181 0.15984 76 52 26
12.322 -4.1991 0.20068 67 47 23
12.273 -4.1857 0.14778 67 50 24
12.29 -4.192 0.12637 70 53 23
11.814 -3.9986 0.086334 71 50 19
11.813 -4.0126 0.16825 57 31 16
11.82 -3.994 0.13894 70 50 23
11.775 -3.9526 0.16846 67 50 22
11.827 -3.9953 0.12387 68 48 21
11.83 -3.9944 0.10679 79 56 23
11.81 -3.9992 0.10232 55 32 1
11.821 -3.9973 0.15478 68 49 9
11.807 -4.0061 0.15096 49 29 5
11.804 -4.0102 0.081679 45 23 8
11.809 -3.9925 0.17066 64 48 15
11.802 -4.0112 0.097836 44 22 9
11.813 -4.0069 0.13501 55 33 10
11.815 -4.0053 0.11927 49 30 0
11.725 -4.0079 0.16278 81 60 33
11.773 -4.0207 0.15588 54 34 0
11.79 -4.0063 0.11371 42 24 10
11.795 -4.0184 0.16214 53 33 0
11.759 -4.0143 0.17012 77 55 32
11.716 -3.9985 0.14621 74 50 24
11.777 -4.0007 0.12773 47 26 0
11.802 -4.0203 0.14715 52 27 7
11.692 -4.0012 0.15503 83 61 20
11.651 -3.9877 0.14717 74 53 22
11.681 -4.007 0.13439 47 34 18
11.606 -3.9895 0.1494 53 37 2
13.838 -4.2969 0.066409 88 65 32
13.824 -4.2984 0.10002 89 66 33
14.102 -4.3584 0.12051 70 47 13
13.761 -4.3136 0.088981 60 30 4
13.644 -4.3369 0.033601 40 25 6
13.666 -4.3213 0.11507 32 10 0
13.625 -4.3121 0.14964 35 18 0
13.716 -4.2788 0.20645 63 43 8
13.603 -4.2907 0.07472 50 29 0
13.739 -4.2985 0.053762 53 25 0
13.598 -4.2713 0.18751 53 34 20
13.634 -4.2898 0.0048604 47 29 9
13.64 -4.3418 0.071187 35 15 6
13.532 -4.2396 0.14544 59 37 0
13.635 -4.3223 0.18467 43 28 7
13.589 -4.2787 0.039235 48 28 4
13.7 -4.3526 0.00052986 39 22 4
13.658 -4.3555 0.10784 36 21 0
13.657 -4.281 0.11713 55 32 1
13.583 -4.3379 0.17282 35 23 1
13.592 -4.3355 0.14025 38 22 5
13.133 -4.3289 0.019029 62 44 20
12.711 -4.2363 0.12151 69 47 23
12.785 -4.2414 0.10524 75 56 22
12.979 -4.2873 0.0081062 68 46 22
12.912 -4.2848 -0.00090636 63 44 14
12.558 -4.2353 0.096456 62 43 3
12.659 -4.2682 0.13079 53 30 14
12.503 -4.2012 0.068887 51 30 1
12.704 -4.2831 0.083533 53 32 3
12.513 -4.2149 0.11718 59 38 19
12.589 -4.2047 0.13255 75 57 35
12.654 -4.2342 0.11125 76 58 34
12.426 -4.1711 -0.0072793 60 44 19
12.582 -4.2009 0.13119 75 57 35
12.355 -4.1954 0.069813 75 54 25
12.485 -4.2245 0.10966 75 53 30
12.328 -4.1949 0.021485 72 50 26
12.376 -4.1917 0.12126 77 55 31
12.382 -4.1987 0.0059049 69 47 24
12.478 -4.208 0.03983 72 56 23
12.393 -4.2137 0.04698 73 53 18
12.338 -4.1892 0.090719 74 53 24
12.444 -4.2224 0.08216 75 53 32
12.448 -4.2164 0.035309 77 53 25
12.447 -4.2116 0.0093152 69 47 23
12.432 -4.2111 0.05844 78 54 26
12.459 -4.2016 0.063196 80 55 32
12.373 -4.2135 0.11515 72 52 27
12.352 -4.2055 0.0015518 69 46 13
12.421 -4.2129 0.10169 75 54 25
12.429 -4.1896 0.084426 76 55 24
12.25 -4.1797 0.057589 70 49 22
12.276 -4.1916 0.036982 68 48 21
12.282 -4.1835 0.1058 70 51 21
12.287 -4.1824 0.083431 75 53 29
12.303 -4.2191 0.10198 71 48 30
12.256 -4.1982 0.010846 64 44 20
12.239 -4.1912 0.031289 69 49 24
12.291 -4.1963 0.014889 70 50 25
12.263 -4.1757 -0.0063939 64 43 14
12.314 -4.1949 0.063755 77 54 23
12.34 -4.2061 0.042393 77 52 22
11.82 -3.997 0.054284 66 44 20
11.814 -4.014 0.066426 42 23 9
11.82 -3.9941 0.036819 75 56 14
11.814 -4.0045 0.017037 39 26 17
11.815 -4.0027 0.00062911 39 21 9
11.801 -3.9671 0.05623 71 52 12
11.839 -3.9884 0.040296 72 53 13
11.811 -3.9936 0.069651 61 41 16
11.793 -4.0083 0.012985 40 21 14
11.806 -3.9821 0.019703 73 54 24
11.81 -4.0052 0.033595 40 21 4
11.808 -4.0065 0.050317 41 20 0
11.815 -3.9996 -0.015931 56 38 16
11.809 -4.0164 -0.0029654 35 20 1
11.795 -4.013 0.029733 36 24 0
11.784 -4.011 0.06131 39 21 0
11.789 -4.0117 0.04557 36 24 2
13.767 -4.2885 -0.059022 92 69 36
13.953 -4.35 -0.098822 90 67 34
13.989 -4.3226 -0.089517 90 69 24
13.714 -4.3447 -0.07278 34 17 0
13.721 -4.3407 -0.11093 37 14 6
13.534 -4.3164 -0.041437 38 17 12
13.726 -4.3047 -0.099788 58 24 15
13.547 -4.2499 -0.02808 58 29 5
13.531 -4.2607 -0.14557 44 23 2
13.632 -4.2756 -0.065539 57 25 12
13.55 -4.3166 -0.077031 33 16 0
13.636 -4.338 -0.15102 35 17 5
13.662 -4.3312 -0.036513 34 18 5
13.585 -4.3241 -0.11397 33 16 0
13.603 -4.3508 -0.0067429 31 16 0
13.274 -4.3167 -0.028854 48 32 7
13.402 -4.3672 -0.065783 43 26 6
13.257 -4.3479 -0.0047457 57 37 13
13.112 -4.3137 -0.017449 60 39 12
13.064 -4.3172 -0.049473 62 39 5
13.371 -4.394 -0.032487 53 35 15
13.093 -4.2939 -0.07348 55 34 17
13.239 -4.3228 -0.10144 44 24 0
13.013 -4.2983 -0.021684 64 43 22
13.127 -4.3152 -0.042062 58 36 25
12.729 -4.2453 -0.036927 56 34 13
12.825 -4.2605 -0.060512 66 41 18
12.881 -4.2835 -0.090966 61 38 4
12.794 -4.2736 -0.063255 55 34 5
12.982 -4.3134 -0.02791 65 43 19
12.791 -4.2719 -0.063761 55 34 5
12.614 -4.199 -0.11856 52 30 9
12.679 -4.1929 -0.032142 68 47 18
12.866 -4.2522 -0.053864 62 38 12
12.759 -4.2508 -0.093452 58 35 2
12.525 -4.1829 -0.098625 57 34 18
12.654 -4.2734 -0.13089 40 18 0
12.602 -4.25 -0.10873 33 17 0
12.708 -4.2936 -0.0232 48 22 7
12.721 -4.296 -0.050161 42 24 2
12.613 -4.2168 -0.02009 65 50 21
12.639 -4.2259 -0.04219 63 41 18
12.475 -4.2019 -0.12853 54 34 7
12.576 -4.2054 -0.12294 55 33 12
12.717 -4.2571 -0.093139 61 40 9
12.494 -4.2165 -0.10947 57 36 19
12.455 -4.1994 -0.082861 62 40 1
12.725 -4.2659 -0.070818 65 43 19
12.464 -4.2169 -0.012207 67 47 13
12.428 -4.2002 -0.13045 55 33 10
12.359 -4.2129 -0.11734 58 33 11
12.391 -4.2075 -0.11163 55 33 9
12.366 -4.2052 -0.044762 62 43 3
12.343 -4.2077 -0.093902 55 34 5
12.397 -4.1951 -0.062758 63 39 13
12.294 -4.1828 -0.069971 55 36 6
12.439 -4.2105 -0.10973 57 37 12
12.408 -4.226 -0.067201 57 36 5
12.337 -4.204 -0.094808 55 34 5
12.411 -4.1832 -0.032545 65 43 19
12.438 -4.2143 -0.084423 59 35 21
12.385 -4.2208 -0.022421 68 44 16
12.404 -4.2077 -0.016304 69 46 13
12.434 -4.2205 -0.040477 64 42 5
12.36 -4.1939 -0.087208 57 38 8
12.487 -4.2215 -0.058417 63 43 18
12.281 -4.1939 -0.09731 55 32 16
12.267 -4.201 -0.011034 60 43 17
12.221 -4.1881 -0.056232 59 37 16
12.284 -4.1847 -0.027265 62 42 5
12.714 -4.4497 -0.137 49 30 0
12.259 -4.1883 -0.052846 59 38 21
12.271 -4.1923 -0.077164 53 36 10
12.244 -4.1943 -0.10107 52 34 12
12.272 -4.2002 -0.030725 59 40 0
12.22 -4.1837 -0.078061 57 35 12
12.305 -4.193 -0.049255 59 38 17
12.295 -4.1986 -0.11905 53 29 1
11.807 -4.0183 -0.088581 39 20 14
11.805 -3.999 -0.085076 38 18 11
11.805 -4.0078 -0.035439 39 21 0
11.791 -4.0102 -0.071599 34 19 0
11.816 -4.0032 -0.10203 41 20 1
11.797 -3.9729 -0.098697 53 28 0
11.808 -4.0039 -0.0689 37 16 0
11.811 -4.0087 -0.051312 43 18 11
11.787 -4.0102 -0.055231 34 17 0
11.82 -3.9969 -0.048214 58 36 12
11.814 -4.0165 -0.019422 41 19 4
11.821 -4.0007 -0.03246 57 35 12
11.809 -4.0164 -0.10458 34 23 4
11.802 -3.9825 -0.064928 57 34 0
11.799 -4.0246 -0.022716 38 23 2
11.793 -4.0378 -0.026315 64 50 23
11.809 -4.0462 -0.042425 71 48 40
11.796 -4.028 -0.090722 49 30 0
11.787 -4.0193 -0.10792 36 13 21
11.789 -4.015 -0.039213 38 22 0
14.071 -4.3559 -0.29977 81 61 27
13.929 -4.3156 -0.45167 81 61 26
13.629 -4.2512 -0.38997 84 60 32
13.997 -4.3702 -0.30171 84 64 30
13.576 -4.2381 -0.34952 81 61 26
13.643 -4.2906 -0.2182 44 27 1
13.688 -4.3318 -0.29967 43 23 14
13.491 -4.2416 -0.34815 40 22 0
13.795 -4.3348 -0.29578 55 23 20
13.632 -4.3332 -0.37252 35 17 3
13.613 -4.309 -0.25861 35 13 2
13.511 -4.2783 -0.39576 26 9 0
13.647 -4.329 -0.22294 35 16 9
13.699 -4.3807 -0.26941 29 12 5
13.687 -4.3005 -0.25484 55 21 20
13.608 -4.3371 -0.2998 31 18 2
13.62 -4.3354 -0.3363 36 17 13
13.573 -4.3396 -0.40655 33 17 2
13.646 -4.3523 -0.30296 31 18 2
13.48 -4.2439 -0.31307 46 26 15
13.554 -4.3384 -0.37227 33 11 0
13.498 -4.3219 -0.33221 40 15 19
12.389 -4.2264 -0.14258 49 28 7
12.375 -4.2258 -0.23468 50 28 7
12.367 -4.2167 -0.25751 46 28 8
12.302 -4.191 -0.18842 50 24 10
12.375 -4.1976 -0.25253 45 27 7
12.469 -4.2188 -0.15658 50 32 12
12.488 -4.2253 -0.18248 53 34 20
12.486 -4.2318 -0.28013 53 27 12
12.402 -4.2171 -0.23252 46 27 0
12.497 -4.2423 -0.25992 48 27 0
12.325 -4.2005 -0.20987 50 28 15
12.442 -4.2286 -0.15876 52 34 10
12.367 -4.2095 -0.16126 52 31 14
12.321 -4.2063 -0.16529 50 32 20
12.231 -4.1973 -0.16606 51 33 11
12.253 -4.1805 -0.20776 48 28 3
12.262 -4.1975 -0.14313 51 32 16
12.239 -4.1985 -0.18727 48 32 7
12.22 -4.1833 -0.20871 49 30 0
12.237 -4.1894 -0.23091 46 27 0
12.237 -4.1857 -0.25106 42 23 9
12.335 -4.2184 -0.1433 50 31 15
12.265 -4.1839 -0.22807 46 29 0
12.27 -4.1825 -0.25127 46 27 10
12.268 -4.1974 -0.16511 51 35 9
12.277 -4.199 -0.18832 48 27 6
11.817 -4.0032 -0.20519 34 18 1
11.825 -3.9883 -0.11604 46 29 19
11.895 -4.0306 -0.13853 46 30 17
11.793 -3.9763 -0.16709 45 28 0
11.81 -4.0112 -0.13787 31 16 13
11.804 -4.0098 -0.12095 37 15 15
11.818 -4.007 -0.18899 39 23 0
11.784 -3.9731 -0.14976 44 24 13
11.795 -4.0157 -0.15685 33 18 15
11.807 -3.9822 -0.18392 48 27 0
11.807 -4.0211 -0.17444 33 16 0
11.81 -4.0082 -0.15517 28 15 0
11.807 -4.0032 -0.1718 32 15 0
11.819 -3.9988 -0.13519 46 29 19
11.817 -4.0011 -0.11863 37 18 14
11.787 -4.0132 -0.13961 33 18 13
11.799 -4.0096 -0.20635 38 15 7
11.806 -4.017 -0.19103 31 16 0
11.793 -4.0176 -0.14026 33 18 13
11.792 -4.0194 -0.12327 30 11 0
11.782 -4.0187 -0.19285 38 18 11
14 -4.3824 -0.47783 82 62 28
13.594 -4.3578 -0.56287 29 14 0
13.597 -4.3153 -0.59238 23 4 8
13.734 -4.3216 -0.45224 51 17 18
13.581 -4.3359 -0.44402 26 8 0
13.572 -4.2893 -0.47338 36 17 11
13.63 -4.349 -0.48595 29 14 11
13.653 -4.3746 -0.60628 34 13 8
13.558 -4.2927 -0.61674 26 14 0
13.681 -4.3387 -0.45084 28 10 0
13.614 -4.3358 -0.5208 29 16 0
13.705 -4.3653 -0.57392 34 13 8
13.585 -4.3606 -0.52588 31 11 10
13.801 -4.4643 -0.47946 26 13 4
13.587 -4.3684 -0.49269 22 11 5
12.404 -4.2173 -0.37424 46 24 9
12.305 -4.1958 -0.29892 41 25 10
12.339 -4.2118 -0.32539 44 24 0
12.387 -4.2248 -0.28459 45 24 5
12.352 -4.211 -0.37025 47 23 11
12.363 -4.2215 -0.35188 44 24 0
12.34 -4.2235 -0.39668 43 25 13
12.411 -4.2057 -0.32978 46 22 10
12.362 -4.2016 -0.32399 42 23 7
12.373 -4.2191 -0.39873 47 25 10
12.412 -4.2177 -0.40005 45 25 0
12.369 -4.2011 -0.34775 44 20 6
12.365 -4.2075 -0.30435 46 26 19
12.405 -4.1981 -0.35037 46 28 8
12.271 -4.1904 -0.34291 44 24 0
12.258 -4.1942 -0.27487 44 25 9
12.244 -4.1932 -0.36517 41 26 0
12.264 -4.209 -0.34783 42 24 14
12.282 -4.2012 -0.32123 43 23 12
12.37 -4.2387 -0.28553 42 25 8
12.317 -4.2142 -0.37122 44 24 0
12.268 -4.1967 -0.29793 44 27 10
12.223 -4.1757 -0.37982 38 16 16
11.81 -4.0228 -0.27838 32 14 4
11.804 -4.0097 -0.22325 37 17 19
11.82 -3.9964 -0.25543 42 22 15
11.791 -4.0218 -0.20951 29 11 0
11.814 -4.0042 -0.29096 39 20 3
11.822 -4.034 -0.26384 36 16 15
11.792 -4.0198 -0.22594 39 20 22
11.763 -4.0082 -0.27435 47 32 1
11.813 -4.0129 -0.24124 37 19 5
11.796 -4.028 -0.29665 52 34 22
11.796 -4.0099 -0.29234 43 19 7
11.813 -3.9889 -0.27103 38 21 1
11.804 -4.0036 -0.25642 38 19 3
11.832 -4.0191 -0.27705 40 21 5
11.803 -4.0238 -0.24421 32 15 0
11.777 -4.0206 -0.26014 50 36 7
11.775 -4.0314 -0.29629 74 56 32
11.752 -4.0329 -0.29626 74 54 27
11.765 -4.0271 -0.27858 72 54 18
11.736 -4.0243 -0.27772 77 54 13
11.701 -4.0163 -0.27547 78 55 24
11.653 -4.0143 -0.27403 78 58 34
11.679 -4.0175 -0.27492 80 60 36
11.63 -4.0139 -0.27234 74 54 27
13.684 -4.3731 -0.68569 31 7 7
13.711 -4.3247 -0.79802 33 16 0
13.673 -4.34 -0.82865 28 9 2
13.637 -4.3772 -0.75511 29 10 3
13.64 -4.3343 -0.7885 33 15 3
13.704 -4.3669 -0.76365 28 13 6
13.678 -4.3779 -0.64822 29 10 12
13.643 -4.3655 -0.83014 25 10 3
13.623 -4.3417 -0.71262 24 7 0
13.514 -4.3474 -0.6278 26 7 9
13.545 -4.3621 -0.81289 28 15 0
13.752 -4.5342 -0.84504 36 18 6
13.512 -4.3396 -0.66114 28 11 4
13.632 -4.3824 -0.72019 27 14 0
12.684 -4.3038 -0.51097 43 25 5
12.515 -4.2418 -0.46122 44 25 11
12.513 -4.2367 -0.48749 45 25 1
12.608 -4.2357 -0.49197 39 23 8
12.616 -4.2713 -0.47415 43 27 14
12.512 -4.2474 -0.56395 44 25 9
12.553 -4.2109 -0.45713 28 17 0
12.383 -4.2163 -0.44416 45 25 0
12.454 -4.2374 -0.43128 45 25 0
12.478 -4.2422 -0.48382 43 26 0
12.347 -4.1994 -0.4151 44 24 0
12.41 -4.219 -0.51998 48 28 3
12.423 -4.2348 -0.47454 44 27 0
12.332 -4.2065 -0.46686 46 24 3
12.346 -4.1987 -0.41561 44 24 0
12.358 -4.2302 -0.42448 45 25 14
12.398 -4.2317 -0.54377 45 21 11
12.423 -4.2514 -0.52943 42 22 11
12.284 -4.1973 -0.48283 44 24 0
12.436 -4.2134 -0.49526 45 25 0
12.506 -4.2484 -0.53634 46 29 3
12.431 -4.2602 -0.50887 44 24 0
12.287 -4.1946 -0.50098 35 18 0
12.259 -4.2214 -0.39481 41 20 1
12.23 -4.2056 -0.49878 39 23 0
12.263 -4.2073 -0.48108 44 27 0
12.238 -4.1959 -0.45243 44 27 0
12.223 -4.2056 -0.47617 44 26 2
12.283 -4.2005 -0.45825 45 28 2
12.253 -4.197 -0.49916 42 21 2
12.227 -4.1933 -0.43108 44 24 0
12.26 -4.1947 -0.40998 38 20 6
12.223 -4.2094 -0.45314 43 26 0
12.269 -4.1961 -0.43431 44 26 4
12.229 -4.1988 -0.41112 46 24 1
11.807 -3.9902 -0.34065 37 21 0
11.8 -4.0279 -0.31402 31 12 5
11.811 -4.0225 -0.38268 34 20 0
11.807 -4.0233 -0.36411 37 16 0
11.847 -4.0132 -0.36697 43 27 4
11.811 -4.032 -0.33223 34 17 0
11.807 -4.0115 -0.3284 39 17 4
11.787 -4.0271 -0.36358 53 35 0
11.803 -4.0027 -0.36022 38 24 0
11.796 -4.0307 -0.3825 51 30 1
11.812 -4.0115 -0.34607 41 17 5
11.807 -4.0146 -0.31122 27 15 3
11.806 -4.016 -0.39771 40 21 5
11.795 -4.0182 -0.34606 30 14 0
11.79 -3.9911 -0.37459 38 22 0
11.819 -4.043 -0.40553 52 37 18
11.706 -4.0173 -0.29166 76 55 26
11.732 -4.0332 -0.31259 79 59 25
11.697 -4.0194 -0.34031 78 58 24
11.74 -4.0214 -0.31001 79 60 30
11.76 -4.0325 -0.32959 78 54 26
11.731 -4.0236 -0.35986 78 59 17
11.71 -4.0259 -0.35893 81 58 25
11.78 -4.0373 -0.38324 72 52 25
11.792 -4.04 -0.31604 72 53 23
11.79 -4.0354 -0.33246 67 52 21
11.783 -4.0275 -0.34725 72 52 27
11.712 -4.0244 -0.3753 78 58 24
11.758 -4.0282 -0.34573 76 56 22
11.778 -4.0394 -0.36665 73 55 7
11.747 -4.0319 -0.37875 75 56 22
11.72 -4.0213 -0.32627 80 58 17
11.735 -4.029 -0.34494 76 56 22
11.606 -4.0037 -0.31677 76 56 21
11.635 -4.0152 -0.28957 79 59 25
11.628 -4.0068 -0.30302 81 59 22
11.618 -4.0102 -0.33428 82 60 13
11.666 -4.0187 -0.3068 77 57 22
11.639 -4.0094 -0.33466 79 58 13
11.689 -4.0159 -0.32271 79 56 23
11.653 -4.0177 -0.35308 79 55 27
11.669 -4.0184 -0.32285 83 60 27
11.684 -4.0209 -0.37159 79 59 25
11.637 -4.0113 -0.31948 79 59 24
11.684 -4.0181 -0.29135 77 56 25
11.654 -4.0126 -0.28907 78 57 28
11.671 -4.014 -0.35345 79 61 25
11.655 -4.0164 -0.36878 78 58 31
11.614 -4.0042 -0.34752 81 59 22
11.683 -4.0144 -0.30638 80 60 26
11.676 -4.0207 -0.33917 76 60 24
11.579 -4.0039 -0.28401 82 59 25
11.571 -3.995 -0.29776 76 60 24
11.584 -3.9999 -0.32972 81 58 25
11.526 -3.9934 -0.28275 82 60 21
11.563 -3.997 -0.34228 79 58 29
11.581 -4.0005 -0.3143 82 61 16
11.53 -3.9806 -0.27819 79 55 29
11.551 -3.995 -0.2975 79 59 32
11.568 -4.0039 -0.32942 78 58 23
11.559 -3.9987 -0.31333 76 56 22
11.599 -4.009 -0.34725 81 58 27
11.533 -3.9935 -0.31069 79 56 25
11.547 -4.0005 -0.34217 79 58 27
11.538 -3.9955 -0.32582 80 57 24
11.593 -3.9986 -0.28448 79 57 33
11.525 -3.9903 -0.29622 77 57 23
11.618 -4.0158 -0.30449 79 57 33
11.49 -3.9871 -0.32134 83 58 35
11.465 -3.9861 -0.29249 79 57 16
11.497 -3.9848 -0.27926 80 57 26
11.512 -3.9952 -0.29625 81 58 14
11.464 -3.9826 -0.30542 77 57 33
11.446 -3.9804 -0.31761 79 58 29
11.452 -3.977 -0.27624 81 60 29
11.485 -3.9857 -0.30678 82 62 28
11.514 -3.9939 -0.31059 79 60 26
11.488 -3.9927 -0.2809 79 55 27
11.474 -3.9891 -0.32081 79 60 26
11.48 -3.9837 -0.29227 81 59 18
11.519 -3.9957 -0.32516 80 56 28
11.439 -3.981 -0.27709 79 57 16
11.437 -3.9774 -0.28942 81 62 22
11.398 -3.9723 -0.28726 79 58 29
11.426 -3.9804 -0.30339 80 59 30
11.407 -3.9778 -0.30144 81 60 29
11.445 -3.9817 -0.30399 79 58 27
11.414 -3.9738 -0.2748 82 61 18
11.387 -3.975 -0.30045 77 57 30
11.423 -3.9794 -0.28965 84 63 8
11.4 -3.9759 -0.27507 81 59 18
13.841 -4.3519 -0.93469 42 22 0
14.049 -4.4228 -1.0315 54 35 1
14.01 -4.3746 -0.96941 81 57 29
13.686 -4.3689 -0.91645 30 11 4
13.571 -4.3156 -0.92084 27 13 0
13.596 -4.2659 -0.84138 42 22 0
13.672 -4.3865 -0.99108 32 11 6
13.812 -4.3724 -0.9769 37 14 0
13.678 -4.3962 -0.95374 33 14 0
13.587 -4.3361 -0.85508 22 7 4
13.562 -4.3048 -0.95075 29 12 4
13.592 -4.3396 -1.0381 29 13 0
13.493 -4.2705 -0.96522 24 10 0
13.657 -4.3949 -0.91406 31 12 5
13.716 -4.3971 -1.0385 26 11 4
13.594 -4.3017 -0.84658 38 17 0
13.575 -4.2662 -0.9841 37 18 2
13.602 -4.4233 -0.83916 38 15 9
13.684 -4.4366 -0.96602 21 8 0
13.636 -4.3933 -0.87424 30 11 4
13.662 -4.5033 -0.97521 31 12 8
13.599 -4.4308 -0.98768 30 18 2
13.722 -4.4771 -1.0636 37 18 11
13.451 -4.3316 -0.93645 23 9 0
13.515 -4.3517 -0.99119 26 13 0
13.959 -4.6441 -1.0242 35 15 6
12.639 -4.2863 -0.61112 38 24 0
12.342 -4.2342 -0.61074 42 26 0
12.35 -4.2351 -0.63512 43 22 1
12.429 -4.2208 -0.57213 47 27 0
12.441 -4.2526 -0.57983 48 26 11
12.241 -4.2232 -0.57108 47 27 3
12.195 -4.1992 -0.54189 42 22 11
12.26 -4.2121 -0.56976 44 22 11
12.271 -4.2152 -0.59824 41 20 1
12.235 -4.2007 -0.54222 44 24 0
12.276 -4.2068 -0.52729 43 25 5
12.247 -4.2356 -0.53179 47 28 11
12.238 -4.2175 -0.59243 44 28 5
12.251 -4.1981 -0.60982 47 26 5
12.305 -4.2202 -0.55457 42 25 0
12.234 -4.2041 -0.52137 42 26 1
12.227 -4.196 -0.54131 44 24 0
12.309 -4.2189 -0.57959 42 26 0
11.81 -4.0126 -0.43184 36 19 1
11.809 -4.0206 -0.48609 37 19 5
11.791 -4.0299 -0.46939 67 51 18
11.783 -4.0271 -0.44954 70 49 32
11.77 -3.98 -0.45506 38 21 4
11.812 -4.035 -0.42025 34 17 0
11.765 -3.9736 -0.4695 34 22 0
11.814 -4.0271 -0.4707 35 16 0
11.799 -3.993 -0.49663 38 19 2
11.809 -4.0154 -0.41603 39 23 6
11.801 -4.0218 -0.45129 37 21 4
11.803 -4.0137 -0.50195 37 22 0
11.807 -4.0379 -0.49132 52 36 1
11.802 -4.0255 -0.43456 29 15 12
11.803 -4.0047 -0.4469 38 20 0
11.713 -4.0216 -0.39026 79 58 31
11.719 -4.0318 -0.46016 77 56 25
11.721 -4.0246 -0.40855 81 58 25
11.763 -4.0375 -0.41567 74 54 30
11.743 -4.0316 -0.46265 78 56 33
11.749 -4.0328 -0.48102 77 56 27
11.775 -4.0309 -0.39829 72 52 18
11.729 -4.0278 -0.42658 78 57 30
11.79 -4.044 -0.48927 73 54 22
11.717 -4.0277 -0.47475 79 55 29
11.765 -4.0356 -0.43277 78 54 26
11.775 -4.04 -0.45227 77 58 16
11.702 -4.0257 -0.42331 80 61 18
11.732 -4.0268 -0.4434 76 53 35
11.711 -4.0294 -0.44212 73 56 28
11.784 -4.0433 -0.47144 70 52 28
11.767 -4.0224 -0.41289 73 48 26
11.773 -4.0238 -0.43149 67 55 15
11.756 -4.0351 -0.39765 75 55 28
11.658 -4.0127 -0.39976 80 60 26
11.642 -4.0176 -0.39949 79 59 34
11.615 -4.0104 -0.41004 76 55 26
11.615 -4.008 -0.42528 77 57 30
11.633 -4.0135 -0.38194 76 57 27
11.672 -4.0207 -0.41923 79 59 32
11.699 -4.029 -0.39142 78 57 30
11.655 -4.0194 -0.44934 77 58 24
11.704 -4.0297 -0.40843 77 57 22
11.651 -4.0102 -0.38224 78 58 23
11.626 -4.011 -0.36539 79 59 32
11.651 -4.0186 -0.43255 76 55 24
11.677 -4.0188 -0.45129 79 55 27
11.673 -4.0181 -0.43408 77 56 27
11.623 -4.0118 -0.44249 79 58 29
11.6 -4.0043 -0.37665 80 59 32
11.607 -4.0071 -0.39351 80 60 23
11.645 -4.0169 -0.41518 79 58 27
11.55 -4.0003 -0.35684 80 57 24
11.541 -4.0007 -0.40033 76 55 28
11.547 -4.0036 -0.41692 80 58 19
11.543 -3.9921 -0.36902 77 58 28
11.564 -4.001 -0.41721 77 58 18
11.599 -4.0064 -0.36227 82 57 35
11.575 -4.0038 -0.35952 80 58 34
11.551 -3.9954 -0.38501 79 60 26
11.566 -4.0054 -0.40402 79 58 29
11.531 -3.9981 -0.36965 82 59 28
11.59 -4.0103 -0.39255 79 58 27
11.525 -3.9955 -0.35379 78 58 24
11.586 -4.0097 -0.37702 78 58 24
11.517 -3.9912 -0.3379 79 58 29
11.544 -4.0057 -0.38718 77 58 26
11.602 -4.0121 -0.44055 79 56 22
11.598 -4.0112 -0.42426 79 55 27
11.59 -4.008 -0.40743 78 59 16
11.517 -3.9946 -0.41055 78 58 31
11.48 -3.9889 -0.34884 77 56 25
11.505 -3.9917 -0.36532 78 59 25
11.472 -3.9906 -0.39014 75 55 28
11.456 -3.9865 -0.33289 78 58 24
11.489 -3.9941 -0.36493 78 57 36
11.501 -3.9969 -0.40954 75 55 28
11.465 -3.9868 -0.37516 79 56 22
11.506 -3.9909 -0.37985 79 55 29
11.46 -3.9871 -0.34736 79 59 35
11.5 -3.9931 -0.33714 80 58 37
11.471 -3.984 -0.33366 80 60 26
11.493 -3.993 -0.39332 75 58 32
11.473 -3.9889 -0.40364 79 59 32
11.504 -3.9939 -0.35196 79 60 26
11.492 -3.9947 -0.37961 76 60 25
11.45 -3.9867 -0.38737 78 58 34
11.459 -3.9841 -0.3598 77 57 32
11.517 -3.9973 -0.39642 80 59 30
11.382 -3.9737 -0.36416 78 58 31
11.416 -3.979 -0.34214 84 60 34
11.41 -3.9814 -0.38183 76 58 18
11.418 -3.9784 -0.35503 76 55 28
11.39 -3.9728 -0.32565 83 59 33
11.45 -3.9892 -0.37429 77 55 31
11.444 -3.9865 -0.35971 77 55 31
11.431 -3.982 -0.31726 76 60 24
11.397 -3.9772 -0.33992 83 58 35
11.39 -3.9754 -0.31367 80 59 30
11.389 -3.9773 -0.37823 79 57 34
11.431 -3.9797 -0.32958 80 60 26
11.438 -3.9836 -0.34468 83 60 29
11.415 -3.9806 -0.32891 79 59 25
11.408 -3.977 -0.31471 82 59 28
11.423 -3.9804 -0.36956 76 59 31
11.427 -3.9823 -0.38403 81 58 24
11.404 -3.9809 -0.35496 77 60 34
11.409 -3.983 -0.3688 76 55 36
13.634 -4.387 -1.0994 32 19 3
13.583 -4.3729 -1.0449 29 11 0
13.662 -4.3911 -1.141 29 13 0
13.595 -4.3566 -1.1573 27 10 3
13.687 -4.3709 -1.1076 31 14 6
12.514 -4.2059 -0.78113 37 14 6
12.607 -4.2517 -0.83877 32 19 1
12.51 -4.2342 -0.76216 41 23 3
12.488 -4.2432 -0.78254 34 20 0
12.613 -4.2868 -0.81951 42 21 0
12.368 -4.248 -0.75937 39 18 15
12.57 -4.2999 -0.76574 44 26 14
12.376 -4.2087 -0.72929 44 23 4
12.591 -4.3065 -0.7951 42 21 2
12.464 -4.2552 -0.78487 36 24 2
12.431 -4.245 -0.72324 43 22 1
12.423 -4.2444 -0.69627 41 22 8
12.224 -4.2156 -0.67759 43 19 15
12.207 -4.1898 -0.62548 43 23 0
12.247 -4.2112 -0.6613 42 28 2
12.223 -4.2192 -0.65865 43 25 13
12.303 -4.2415 -0.70139 38 23 0
11.799 -4.0228 -0.53825 40 19 2
11.801 -4.0275 -0.52226 37 19 17
11.844 -4.0199 -0.52928 37 20 3
11.818 -4.0481 -0.58384 61 46 13
11.771 -4.0249 -0.516 71 52 35
11.789 -4.034 -0.53911 72 55 25
11.803 -4.0227 -0.55655 37 27 18
11.792 -4.0245 -0.50294 57 38 6
11.802 -4.0099 -0.51788 41 22 5
11.814 -4.0486 -0.56503 65 51 42
11.732 -4.0359 -0.4962 79 58 27
11.724 -4.0272 -0.50936 76 57 27
11.689 -4.0217 -0.48638 79 59 35
11.771 -4.0395 -0.53679 76 54 30
11.74 -4.0354 -0.53077 79 55 29
11.757 -4.0447 -0.55323 77 56 29
11.765 -4.0323 -0.55146 70 53 25
11.773 -4.0294 -0.50125 71 52 22
11.753 -4.0329 -0.49802 78 57 30
11.709 -4.0275 -0.5398 75 55 28
11.772 -4.0433 -0.52111 70 53 23
11.706 -4.0317 -0.50764 79 58 31
11.707 -4.0295 -0.5238 73 57 34
11.688 -4.0237 -0.47023 78 57 26
11.693 -4.0338 -0.53912 77 57 20
11.646 -4.0212 -0.49555 77 56 29
11.669 -4.0212 -0.49855 76 56 29
11.607 -4.013 -0.45621 81 57 31
11.674 -4.0222 -0.5169 73 57 24
11.633 -4.0136 -0.47534 77 58 28
11.609 -4.0121 -0.47235 78 57 30
11.667 -4.0224 -0.48299 77 56 25
11.657 -4.0176 -0.464 76 55 24
11.611 -4.0107 -0.48687 78 58 23
11.629 -4.0137 -0.45971 80 56 28
11.649 -4.0202 -0.51124 72 56 31
11.62 -4.0151 -0.50555 76 58 34
11.654 -4.0218 -0.52872 78 56 19
11.525 -3.9984 -0.42644 78 56 33
11.562 -4.0074 -0.46371 77 57 33
11.596 -4.0127 -0.50025 74 58 32
11.561 -4.0045 -0.47776 80 60 35
11.571 -4.004 -0.43387 77 56 27
11.593 -4.0137 -0.4848 80 61 31
11.529 -3.9992 -0.44229 74 55 25
11.541 -4.0043 -0.47503 75 59 33
11.543 -4.0032 -0.48976 76 56 22
11.53 -3.9981 -0.45622 75 58 30
11.552 -4.0022 -0.44581 75 57 35
11.576 -4.0054 -0.45047 80 61 27
11.579 -4.0046 -0.4655 79 55 29
11.554 -4.0062 -0.43261 78 59 19
11.567 -4.0067 -0.49449 76 56 32
11.496 -3.9987 -0.46625 76 59 31
11.463 -3.9913 -0.43107 77 57 30
11.468 -3.9932 -0.44682 74 58 32
11.486 -3.9924 -0.44861 76 58 34
11.516 -3.9993 -0.4688 78 58 23
11.479 -3.9914 -0.41926 80 59 30
11.453 -3.9929 -0.45822 77 59 23
11.461 -3.9921 -0.41785 78 57 30
11.467 -3.9898 -0.45934 78 58 34
11.513 -4.0002 -0.45518 77 57 32
11.455 -3.9889 -0.40249 81 57 23
11.486 -3.9949 -0.43525 78 58 24
11.505 -3.9981 -0.42481 78 57 30
11.506 -3.9967 -0.43844 78 58 23
11.413 -3.9822 -0.39599 80 60 35
11.418 -3.9821 -0.42257 81 63 27
11.426 -3.9873 -0.43875 79 57 34
11.429 -3.9814 -0.39679 80 58 35
11.435 -3.9844 -0.41197 80 59 28
11.402 -3.9809 -0.43323 77 55 32
11.394 -3.9778 -0.40519 77 57 32
11.391 -3.9775 -0.39161 78 57 36
11.401 -3.9818 -0.42083 76 58 36
11.418 -3.9848 -0.41049 78 57 26
11.437 -3.9835 -0.42572 79 58 37
11.439 -3.986 -0.42696 77 56 35
11.442 -3.9855 -0.44057 73 57 31
