2412
-0.54422 0.20999 -0.7818 0.22026 22.325 38.433 0.11642
20.155 39.153 0.44847 206 171 113
20.069 39.205 0.45815 118 91 56
19.982 39.219 0.51882 126 99 62
20.051 39.266 0.50533 116 89 56
20.094 39.246 0.47612 112 88 54
20.053 39.218 0.50655 119 95 61
20.077 39.261 0.5242 116 92 56
20.074 39.23 0.47925 117 90 55
20.1 39.225 0.49775 117 93 59
20.045 39.217 0.48462 121 94 59
20.069 39.303 0.47831 113 85 48
20.129 39.308 0.49096 114 87 54
20.106 39.313 0.47152 113 86 49
20.104 39.27 0.4969 114 90 56
20.074 39.286 0.52444 113 91 54
20.065 39.281 0.47998 114 86 55
20.111 39.319 0.51706 113 89 55
20.066 39.309 0.50188 112 88 50
20.08 39.307 0.52269 114 90 54
20.097 39.353 0.54207 112 88 52
20.113 39.392 0.51542 113 86 51
20.097 39.395 0.49435 111 87 49
20.093 39.351 0.51956 112 85 52
20.12 39.393 0.53747 112 89 48
20.136 39.357 0.51185 112 85 48
20.093 39.347 0.49583 113 85 54
20.115 39.362 0.49227 111 84 49
20.102 39.376 0.54041 114 87 52
20.12 39.465 0.51232 114 87 54
20.131 39.443 0.5576 119 94 4
20.132 39.413 0.53478 113 86 51
20.125 39.438 0.51269 113 86 53
20.092 39.457 0.54166 114 87 54
20.144 39.399 0.48629 113 84 52
20.111 39.418 0.51555 113 86 51
20.106 39.533 0.562 117 90 55
20.117 39.497 0.53639 116 87 55
20.12 39.47 0.53579 114 85 53
20.107 39.498 0.51385 115 88 55
20.097 39.485 0.56385 114 87 52
20.134 39.511 0.5093 116 89 56
20.139 39.513 0.53181 119 92 57
20.138 39.491 0.55555 116 89 56
20.152 39.56 0.52876 123 95 58
20.122 39.548 0.53503 119 90 58
20.145 39.541 0.55419 119 91 60
19.927 39.179 0.34029 112 86 45
19.789 39.197 0.35091 114 85 54
19.898 39.192 0.36553 108 84 48
19.862 39.253 0.36262 112 85 50
20.045 39.209 0.43907 115 89 49
20.084 39.192 0.41057 113 89 53
20.05 39.218 0.36834 111 87 53
19.99 39.196 0.40006 126 100 60
20.018 39.178 0.35228 105 83 46
20.068 39.193 0.39025 115 88 55
20.026 39.203 0.3714 114 87 50
19.947 39.197 0.33785 108 84 50
19.997 39.189 0.37748 108 89 57
20.093 39.199 0.3416 113 86 49
20.079 39.177 0.32218 121 95 55
19.922 39.194 0.40798 96 77 45
20.088 39.224 0.33968 113 86 49
20.076 39.273 0.45568 113 86 51
20.093 39.235 0.40811 112 85 52
20.061 39.262 0.36431 110 86 52
20.053 39.234 0.46012 114 86 55
20.114 39.254 0.42686 113 87 47
20.092 39.208 0.38662 112 88 54
20.09 39.27 0.33668 111 84 47
20.056 39.228 0.43663 113 89 53
20.095 39.226 0.36189 112 84 53
20.086 39.276 0.36028 111 84 49
20.062 39.241 0.3893 110 86 52
20.087 39.241 0.43162 111 86 56
20.088 39.245 0.4536 110 86 52
20.091 39.246 0.33851 110 86 52
20.088 39.256 0.38449 112 85 52
20.079 39.216 0.41097 111 86 54
20.08 39.263 0.40888 110 86 48
20.078 39.332 0.38194 111 84 47
20.107 39.316 0.35537 110 83 50
20.093 39.306 0.40421 113 86 53
20.13 39.295 0.42277 113 85 54
20.098 39.288 0.45105 112 86 46
20.077 39.284 0.38477 112 84 55
20.124 39.326 0.4452 110 82 51
20.092 39.335 0.42669 113 84 50
20.065 39.325 0.45447 111 86 40
20.088 39.284 0.40565 113 85 56
20.103 39.326 0.40181 109 86 45
20.093 39.286 0.42884 112 85 52
20.102 39.298 0.37997 111 85 45
20.071 39.306 0.36036 112 84 53
20.123 39.388 0.37239 111 85 45
20.12 39.356 0.46841 113 87 47
20.102 39.351 0.40089 112 85 52
20.113 39.396 0.39835 111 87 49
20.114 39.375 0.42186 112 83 49
20.123 39.359 0.35077 111 84 47
20.111 39.343 0.37633 113 86 49
20.112 39.384 0.46901 113 82 52
20.1 39.372 0.37648 113 86 51
20.132 39.392 0.4183 113 84 52
20.079 39.348 0.47531 112 86 46
20.113 39.371 0.39864 111 83 52
20.099 39.385 0.44736 111 85 44
20.089 39.348 0.35609 112 85 50
20.097 39.361 0.44843 111 84 49
20.138 39.34 0.41936 109 84 52
20.095 39.396 0.35305 114 86 55
20.12 39.466 0.36806 112 85 48
20.101 39.44 0.46885 113 85 48
20.138 39.44 0.41505 113 87 47
20.118 39.436 0.4897 114 87 54
20.126 39.403 0.4652 112 85 40
20.114 39.464 0.48961 112 85 52
20.093 39.413 0.44717 111 84 49
20.12 39.418 0.3954 112 85 52
20.081 39.44 0.42445 112 85 52
20.134 39.451 0.46313 114 86 46
20.107 39.42 0.37312 112 85 50
20.109 39.432 0.44412 113 86 53
20.133 39.438 0.39209 112 85 50
20.118 39.407 0.46722 113 86 41
20.132 39.435 0.36807 113 86 51
20.082 39.47 0.44644 112 85 48
20.131 39.465 0.39097 112 85 48
20.136 39.506 0.48461 114 85 53
20.148 39.488 0.41174 115 88 53
20.127 39.494 0.39025 115 88 53
20.141 39.522 0.43546 116 89 54
20.135 39.543 0.38709 114 88 48
20.119 39.484 0.46475 113 86 53
20.126 39.476 0.4398 113 85 54
20.115 39.53 0.41477 112 88 54
20.128 39.506 0.46194 116 87 53
20.143 39.512 0.38703 114 87 54
20.122 39.486 0.48769 115 88 51
20.132 39.487 0.36548 113 86 53
20.116 39.543 0.4875 115 89 49
20.132 39.53 0.46117 117 89 52
20.112 39.478 0.41771 113 87 47
20.103 39.513 0.44212 114 86 55
20.124 39.561 0.46109 116 88 48
20.116 39.547 0.51186 117 89 49
20.131 39.577 0.41042 115 86 54
20.115 39.609 0.3866 115 88 53
20.205 39.547 0.44845 120 91 57
20.133 39.561 0.4837 119 89 51
20.151 39.539 0.40912 113 86 53
20.12 39.559 0.43774 114 87 52
20.147 39.558 0.50604 118 91 56
20.127 39.575 0.38704 114 87 52
20.141 39.576 0.43398 117 90 57
19.788 39.225 0.22312 88 65 34
19.791 39.228 0.24853 95 70 40
20.139 39.154 0.29442 107 84 51
20.071 39.172 0.27623 111 84 47
20.088 39.193 0.29638 111 83 44
20.083 39.21 0.24869 109 81 50
20.093 39.196 0.31741 111 84 47
20.016 39.209 0.25456 108 84 50
19.996 39.192 0.25842 99 76 43
20.139 39.186 0.22366 108 82 55
19.92 39.208 0.21509 88 67 40
20.074 39.194 0.27496 110 83 48
20.085 39.213 0.27121 111 85 45
20.103 39.195 0.20204 111 84 51
19.96 39.199 0.23652 93 69 43
20.097 39.264 0.3128 109 85 49
20.091 39.254 0.24404 107 83 49
20.086 39.264 0.29079 111 84 49
20.101 39.246 0.22071 110 83 50
20.09 39.219 0.31683 110 83 48
20.081 39.238 0.27016 111 84 47
20.095 39.256 0.26731 108 81 48
20.097 39.275 0.24123 111 84 47
20.089 39.223 0.20002 111 83 44
20.071 39.245 0.29469 111 84 49
20.068 39.251 0.31716 109 85 49
20.095 39.214 0.29421 108 84 48
20.085 39.228 0.22329 109 82 47
20.081 39.234 0.24708 108 84 46
20.083 39.248 0.19851 111 84 49
20.088 39.274 0.21802 109 82 49
20.105 39.32 0.23708 111 84 51
20.103 39.317 0.21288 111 84 51
20.096 39.308 0.28618 110 84 44
20.095 39.304 0.26249 111 85 45
20.096 39.28 0.26464 110 83 50
20.097 39.288 0.3103 109 85 49
20.083 39.338 0.28495 113 84 50
20.102 39.326 0.26068 110 83 50
20.102 39.339 0.33101 111 84 51
20.106 39.332 0.30712 110 83 48
20.12 39.303 0.30792 111 84 49
20.107 39.312 0.3319 110 82 51
20.088 39.295 0.33536 112 85 52
20.112 39.289 0.21561 108 84 50
20.082 39.289 0.28865 109 82 49
20.068 39.31 0.24053 111 84 51
20.118 39.336 0.21007 111 84 49
20.116 39.341 0.2339 111 84 47
20.088 39.403 0.2305 111 84 51
20.107 39.382 0.30322 110 83 48
20.096 39.383 0.27999 110 84 44
20.111 39.397 0.25311 110 83 48
20.115 39.358 0.32795 113 84 50
20.116 39.399 0.27701 111 84 51
20.118 39.381 0.32647 112 85 48
20.111 39.351 0.28118 109 82 49
20.125 39.4 0.30043 111 84 47
20.13 39.348 0.30348 110 83 46
20.106 39.374 0.25568 110 83 50
20.101 39.351 0.25825 107 83 49
20.116 39.366 0.23155 110 84 44
20.135 39.447 0.29544 110 83 46
20.131 39.444 0.27179 112 85 48
20.12 39.431 0.32248 112 84 47
20.095 39.447 0.34864 110 86 50
20.111 39.431 0.29915 109 82 45
20.12 39.48 0.29494 111 84 47
20.127 39.468 0.24668 112 86 46
20.109 39.428 0.27553 109 83 43
20.116 39.46 0.32092 113 86 51
20.115 39.477 0.27113 112 85 52
20.102 39.414 0.32563 111 83 52
20.112 39.444 0.22445 111 84 47
20.119 39.419 0.25045 111 83 52
20.127 39.458 0.34396 112 85 50
20.105 39.417 0.34894 110 83 46
20.128 39.411 0.22612 111 84 49
20.128 39.441 0.24785 112 85 48
20.132 39.527 0.28973 112 85 42
20.139 39.537 0.36197 114 87 50
20.138 39.511 0.36247 113 86 53
20.119 39.53 0.26628 111 84 49
20.139 39.493 0.26687 112 86 45
20.137 39.49 0.24263 112 85 50
20.15 39.51 0.23944 113 84 53
20.129 39.502 0.29203 113 87 47
20.124 39.536 0.3148 112 86 46
20.127 39.512 0.34011 113 86 51
20.161 39.536 0.26175 113 86 49
20.135 39.477 0.31764 112 85 52
20.127 39.485 0.34192 113 85 48
20.144 39.54 0.23774 113 85 46
20.139 39.502 0.31526 112 85 50
20.122 39.541 0.34017 114 87 52
20.133 39.595 0.35922 115 88 53
20.126 39.594 0.33522 115 86 52
20.146 39.552 0.31162 113 84 50
20.137 39.576 0.26095 113 85 48
20.129 39.588 0.31124 112 88 52
20.196 39.581 0.30389 113 86 49
20.131 39.611 0.28392 113 86 49
20.152 39.553 0.33431 115 86 52
20.138 39.565 0.36114 113 86 51
20.222 39.571 0.32542 113 86 51
20.146 39.575 0.28406 112 85 50
20.134 39.605 0.25917 114 87 50
20.147 39.547 0.28708 113 86 51
20.145 39.567 0.23537 113 86 51
19.923 39.758 0.32094 189 145 82
19.884 39.757 0.38722 140 116 78
19.778 39.235 0.1159 90 63 18
19.752 39.238 0.089867 90 66 32
19.826 39.224 0.14198 86 62 36
19.725 39.242 0.063812 83 61 14
20.088 39.196 0.17987 90 66 30
20.016 39.216 0.15697 83 62 31
20.128 39.156 0.16036 89 64 32
19.854 39.266 0.1331 87 63 35
20.008 39.19 0.13831 87 63 37
19.925 39.209 0.09139 85 64 37
19.892 39.215 0.064729 86 65 38
20.12 39.2 0.13113 110 82 51
20.088 39.199 0.060118 85 58 37
20.106 39.2 0.10795 107 83 49
20.099 39.211 0.15339 110 83 48
20.108 39.196 0.08437 84 62 38
19.969 39.199 0.11541 87 64 33
20.096 39.267 0.1954 110 83 48
20.106 39.247 0.10225 108 84 50
20.092 39.218 0.17663 108 80 49
20.109 39.274 0.12189 109 85 49
20.102 39.272 0.098513 109 82 47
20.089 39.238 0.15155 109 83 42
20.094 39.224 0.081349 109 85 49
20.09 39.273 0.074946 109 82 49
20.11 39.242 0.078633 109 82 45
20.091 39.265 0.17173 109 82 49
20.115 39.252 0.14833 109 85 47
20.097 39.283 0.14518 108 81 46
20.067 39.242 0.12804 109 82 47
20.107 39.251 0.12503 110 84 43
20.104 39.237 0.1743 110 83 46
20.078 39.234 0.10464 109 82 47
20.133 39.313 0.11563 108 84 48
20.099 39.31 0.16602 108 84 48
20.111 39.289 0.072306 109 80 46
20.107 39.319 0.092091 108 85 44
20.1 39.306 0.14262 110 82 51
20.107 39.336 0.18714 111 84 51
20.103 39.289 0.19206 110 83 48
20.095 39.316 0.18997 111 84 51
20.097 39.332 0.13973 108 84 48
20.123 39.342 0.11335 108 84 50
20.092 39.321 0.068323 110 83 48
20.114 39.329 0.16278 111 84 51
20.11 39.294 0.095929 110 83 50
20.111 39.282 0.16832 108 81 44
20.099 39.302 0.11919 108 84 48
20.119 39.339 0.089208 110 81 47
20.114 39.396 0.10619 111 85 45
20.123 39.379 0.18062 109 81 50
20.128 39.373 0.1572 108 81 46
20.115 39.374 0.1338 111 84 49
20.107 39.365 0.20828 109 85 49
20.125 39.404 0.17893 109 82 49
20.118 39.348 0.13714 109 82 45
20.129 39.394 0.1302 111 83 46
20.115 39.366 0.086088 110 83 50
20.113 39.414 0.2031 113 84 52
20.128 39.411 0.078899 111 82 48
20.127 39.365 0.11025 110 82 51
20.127 39.382 0.20497 111 84 49
20.13 39.385 0.083687 108 84 48
20.112 39.359 0.18463 111 83 46
20.107 39.407 0.15477 110 83 48
20.122 39.351 0.16022 109 80 48
20.124 39.456 0.17373 111 84 49
20.124 39.452 0.14869 109 82 45
20.146 39.425 0.19966 110 83 48
20.152 39.452 0.22057 112 85 50
20.128 39.472 0.12207 113 84 53
20.145 39.473 0.16882 110 83 46
20.12 39.424 0.12786 111 84 51
20.138 39.463 0.096913 111 84 49
20.142 39.44 0.12505 110 82 51
20.115 39.422 0.10334 111 84 49
20.132 39.44 0.10088 111 84 51
20.14 39.419 0.15099 110 82 51
20.129 39.428 0.17616 109 82 47
20.14 39.471 0.14554 110 83 50
20.128 39.459 0.19701 112 85 50
20.153 39.518 0.13935 111 84 47
20.147 39.503 0.19146 112 84 47
20.143 39.478 0.19433 109 86 45
20.154 39.541 0.1117 113 85 48
20.128 39.516 0.21659 110 86 52
20.147 39.513 0.09042 109 85 49
20.158 39.548 0.16041 110 83 48
20.152 39.523 0.16449 111 84 51
20.128 39.49 0.21911 112 85 50
20.152 39.483 0.0945 112 83 51
20.14 39.538 0.21362 113 86 51
20.145 39.499 0.1672 112 85 52
20.128 39.503 0.14291 110 83 48
20.155 39.526 0.18854 112 84 44
20.151 39.547 0.13595 112 85 52
20.158 39.512 0.11543 111 87 53
20.145 39.491 0.11837 110 83 50
20.154 39.586 0.20789 114 87 52
20.201 39.585 0.18026 113 86 51
20.154 39.605 0.15566 112 85 48
20.139 39.598 0.23347 112 85 50
20.163 39.568 0.13331 109 81 44
20.157 39.575 0.15857 112 85 50
20.163 39.577 0.18319 111 84 51
20.134 39.564 0.18636 112 85 50
20.155 39.601 0.12988 113 84 52
20.156 39.595 0.10497 113 86 49
20.157 39.567 0.10823 112 84 47
20.333 39.518 0.19981 113 86 51
20.142 39.564 0.21111 114 87 52
20.321 42.157 0.39916 122 78 41
18.03 39.257 -0.060656 54 37 9
19.846 39.225 0.037377 87 60 39
19.896 39.212 -0.088834 85 64 35
19.689 39.244 0.0075462 132 99 56
19.848 39.22 0.012025 88 64 30
19.675 39.253 0.034795 83 56 19
19.854 39.223 0.037748 87 60 39
19.795 39.233 -0.016569 92 64 25
19.994 39.226 0.033747 88 67 36
20.003 39.195 0.015064 89 66 33
20.074 39.206 -0.059935 88 66 42
19.839 39.227 0.036599 87 60 39
20.097 39.219 0.057924 106 82 48
20.108 39.199 -0.034274 89 64 42
20.128 39.211 -0.059603 108 84 48
20.12 39.199 -0.0099637 89 65 39
20.119 39.203 0.012347 108 81 46
20.079 39.174 0.04189 86 65 36
20.38 39.086 -0.012442 89 64 41
20.1 39.214 0.034878 108 85 44
20.116 39.219 -0.037116 110 83 50
20.103 39.28 0.00075347 109 83 43
20.111 39.273 -0.022698 112 84 47
20.094 39.247 -0.066886 109 82 45
20.09 39.289 0.023682 110 82 45
20.106 39.263 0.051618 108 81 46
20.102 39.248 -0.042645 108 81 46
20.097 39.262 0.028064 109 83 43
20.089 39.233 -0.016243 110 83 46
20.095 39.235 0.0077274 109 82 45
20.094 39.255 -0.019601 109 84 40
20.076 39.246 0.030579 107 83 47
20.098 39.242 0.054907 107 83 47
20.107 39.266 -0.069941 110 83 50
20.116 39.251 0.0053133 108 81 46
20.102 39.272 -0.046967 109 82 49
20.139 39.339 -0.0088349 109 82 49
20.113 39.321 -0.030846 107 83 47
20.126 39.312 -0.053597 110 83 48
20.12 39.331 0.042003 111 84 49
20.117 39.299 -0.0032933 110 84 43
20.115 39.345 -0.034416 110 83 50
20.106 39.307 0.02041 109 82 49
20.108 39.286 0.04713 110 82 51
20.104 39.333 0.016319 108 81 46
20.129 39.348 0.014406 107 79 48
20.112 39.338 0.065416 110 81 49
20.113 39.309 0.044856 110 83 50
20.112 39.342 -0.059086 111 84 51
20.106 39.328 -0.0074318 108 83 51
20.104 39.3 -0.027018 107 83 47
20.092 39.3 -0.051849 108 84 50
20.132 39.419 -0.021913 109 82 45
20.125 39.392 -0.04204 111 84 49
20.121 39.376 0.010171 111 83 44
20.13 39.381 0.059038 111 82 48
20.132 39.376 0.033294 110 82 42
20.124 39.409 0.055585 109 82 47
20.132 39.359 -0.061317 109 85 47
20.131 39.402 0.030917 110 83 46
20.11 39.364 0.061781 108 81 48
20.126 39.387 -0.066637 108 81 46
20.115 39.357 0.037862 107 83 49
20.142 39.388 -0.016773 107 82 50
20.123 39.401 0.0064193 110 83 48
20.125 39.37 -0.01441 109 82 49
20.126 39.417 -0.04706 107 83 49
20.139 39.36 -0.03659 111 82 48
20.137 39.465 -0.055319 110 83 46
20.144 39.43 0.076158 112 83 49
20.14 39.45 0.023896 110 83 46
20.149 39.476 0.04516 112 83 51
20.145 39.465 -0.029727 112 83 49
20.137 39.447 -0.0013454 110 83 50
20.146 39.435 -0.048683 109 81 50
20.138 39.425 0.026805 110 84 44
20.148 39.481 0.069067 111 84 49
20.158 39.482 -0.056863 109 82 49
20.143 39.475 0.02064 107 83 47
20.153 39.435 -0.024363 108 84 50
20.133 39.422 0.0023168 109 82 45
20.137 39.456 0.048487 110 83 46
20.13 39.463 0.072165 108 84 48
20.141 39.472 -0.0047246 110 83 48
20.128 39.433 0.05254 107 84 43
20.16 39.534 0.087122 113 86 49
20.15 39.558 0.033405 109 82 49
20.153 39.524 0.013108 110 83 46
20.162 39.543 -0.016005 111 84 47
20.159 39.549 0.0088739 112 84 44
20.16 39.54 -0.041142 109 81 50
20.144 39.501 0.015961 108 79 45
20.141 39.511 0.065319 109 82 47
20.147 39.504 0.041145 111 82 48
20.148 39.523 -0.01215 109 82 49
20.149 39.495 -0.008335 111 84 47
20.154 39.528 0.03737 111 84 51
20.154 39.488 -0.033504 109 82 49
20.151 39.517 -0.03751 109 82 45
20.162 39.529 0.062631 111 84 51
20.136 39.618 -0.00069411 111 84 49
20.174 39.601 0.028584 109 82 49
20.178 39.575 0.055476 112 85 50
20.149 39.582 0.0047137 111 84 49
20.153 39.576 -0.020891 112 85 50
20.152 39.593 0.080242 112 85 50
20.157 39.558 0.058526 111 85 45
20.13 39.617 -0.027212 111 84 51
20.152 39.585 0.029817 110 83 46
20.356 39.511 0.08279 113 86 51
20.206 39.588 0.052541 110 83 48
20.158 39.562 0.083649 111 84 49
20.146 39.575 -0.047159 110 83 48
20.163 39.574 0.0042837 110 83 50
20.158 39.597 -0.050541 111 84 49
19.884 38.861 -0.23615 34 20 19
19.738 39.249 -0.1831 124 92 54
19.71 39.253 -0.21455 123 90 55
19.707 39.241 -0.12792 125 89 49
19.869 39.217 -0.11685 89 61 24
19.895 39.221 -0.19612 90 70 43
19.847 39.231 -0.22869 91 67 41
19.695 39.253 -0.24271 119 87 49
19.785 39.239 -0.15309 86 63 32
19.998 39.224 -0.11508 91 66 43
20.105 39.227 -0.16019 111 82 50
20.132 39.198 -0.12944 89 68 41
20.093 39.227 -0.18571 108 83 51
19.962 39.212 -0.11451 89 69 42
20.107 39.203 -0.15431 89 70 40
19.949 39.212 -0.1392 89 68 41
19.92 39.217 -0.16792 89 68 37
20.114 39.212 -0.084655 108 81 48
20.077 39.209 -0.18325 92 70 46
20.11 39.217 -0.20695 94 74 49
20.105 39.176 -0.17594 92 72 45
19.96 39.241 -0.096011 90 65 42
19.984 39.236 -0.22101 93 73 46
20.099 39.213 -0.1093 87 65 41
20.116 39.243 -0.18738 108 84 48
20.105 39.291 -0.075047 110 81 50
20.131 39.253 -0.091408 109 81 50
20.122 39.268 -0.16874 109 83 42
20.108 39.258 -0.1173 107 81 41
20.116 39.275 -0.14509 109 82 45
20.113 39.248 -0.16435 110 83 48
20.108 39.27 -0.19403 108 83 51
20.121 39.281 -0.097161 109 82 47
20.119 39.29 -0.19768 109 81 50
20.109 39.282 -0.12198 108 81 46
20.122 39.249 -0.13993 110 84 43
20.088 39.245 -0.091101 107 83 47
20.098 39.245 -0.21341 110 83 50
20.104 39.231 -0.13716 109 82 49
20.124 39.228 -0.11097 108 81 48
20.145 39.338 -0.15637 110 83 50
20.122 39.314 -0.20214 106 82 46
20.118 39.331 -0.10652 107 83 49
20.118 39.319 -0.17863 107 83 49
20.113 39.304 -0.12608 108 81 46
20.135 39.292 -0.14788 111 81 53
20.095 39.345 -0.084712 109 82 45
20.123 39.35 -0.13493 109 82 47
20.135 39.35 -0.10958 106 82 46
20.125 39.325 -0.12975 110 82 45
20.106 39.312 -0.10321 109 80 46
20.126 39.308 -0.077249 108 81 46
20.11 39.327 -0.15565 109 82 49
20.12 39.294 -0.17241 108 84 50
20.108 39.344 -0.20946 108 83 51
20.121 39.343 -0.1833 108 81 48
20.132 39.42 -0.17336 110 83 50
20.145 39.418 -0.14737 107 83 47
20.129 39.373 -0.13906 111 83 52
20.146 39.404 -0.068744 109 82 47
20.153 39.397 -0.093041 108 81 48
20.135 39.389 -0.19185 110 82 51
20.121 39.399 -0.16957 107 82 50
20.129 39.404 -0.11946 110 81 47
20.129 39.356 -0.086412 109 83 42
20.152 39.419 -0.12156 110 83 48
20.133 39.415 -0.19788 107 83 47
20.144 39.371 -0.11266 110 83 48
20.116 39.375 -0.16536 108 81 44
20.134 39.38 -0.090921 111 82 50
20.13 39.399 -0.14354 109 82 49
20.131 39.365 -0.18805 109 82 49
20.128 39.438 -0.075422 110 81 49
20.158 39.451 -0.076578 109 82 47
20.149 39.451 -0.10296 110 83 48
20.148 39.478 -0.10825 109 81 44
20.139 39.429 -0.099419 109 82 49
20.137 39.479 -0.13356 110 82 51
20.14 39.439 -0.20187 109 81 50
20.148 39.447 -0.12764 110 84 43
20.142 39.5 -0.16295 110 83 48
20.142 39.468 -0.18259 110 81 49
20.143 39.441 -0.17712 110 83 50
20.139 39.487 -0.083708 108 82 42
20.149 39.492 -0.18677 110 83 48
20.153 39.468 -0.15597 109 81 50
20.138 39.448 -0.15299 109 82 49
20.167 39.539 -0.19616 110 83 50
20.157 39.505 -0.08642 110 83 50
20.16 39.555 -0.12157 110 83 50
20.158 39.537 -0.065972 109 85 49
20.154 39.549 -0.17209 109 81 50
20.158 39.509 -0.062177 111 84 47
20.156 39.525 -0.14172 110 82 51
20.163 39.494 -0.13581 108 84 48
20.155 39.561 -0.096225 110 83 46
20.148 39.557 -0.14806 110 83 50
20.148 39.506 -0.1128 109 83 43
20.158 39.532 -0.091219 109 82 49
20.156 39.521 -0.16686 109 82 47
20.138 39.525 -0.19473 110 83 48
20.158 39.528 -0.11684 111 83 43
20.171 39.557 -0.069713 109 82 49
20.143 39.579 -0.20481 110 83 46
20.21 39.589 -0.096872 111 84 49
20.165 39.58 -0.12497 110 83 50
20.153 39.582 -0.15162 111 82 48
20.162 39.573 -0.17642 110 83 50
20.151 39.612 -0.15634 110 83 50
20.124 39.622 -0.18725 109 82 45
20.171 39.605 -0.12695 110 82 51
20.136 39.604 -0.076419 110 83 50
20.14 39.598 -0.10145 110 83 48
17.989 39.056 -0.61129 24 13 7
18.663 38.948 -0.56565 27 9 0
18.008 39.155 -0.67933 24 14 12
18.022 39.109 -0.70804 20 10 8
18.009 39.111 -0.71112 20 10 8
18.02 39.094 -0.57835 27 12 15
19.783 39.23 -0.36977 76 56 32
19.75 39.245 -0.34819 112 82 46
19.82 39.231 -0.28506 114 84 48
19.827 39.234 -0.25634 120 91 51
19.872 39.223 -0.38255 93 72 41
19.767 39.243 -0.31933 112 84 47
19.912 39.223 -0.29962 96 75 48
19.705 39.249 -0.41011 73 56 26
19.902 39.222 -0.32663 98 73 50
19.85 39.234 -0.36263 100 74 49
20.106 39.207 -0.2773 96 75 48
20.075 39.213 -0.30771 98 76 52
20.131 39.206 -0.22629 92 71 40
19.953 39.214 -0.26718 96 73 40
20.114 39.232 -0.25888 109 82 49
20.109 39.229 -0.28272 97 78 48
19.991 39.238 -0.34937 98 77 48
20.072 39.187 -0.32508 98 76 52
20.116 39.223 -0.30527 103 81 57
19.954 39.222 -0.37551 98 77 50
20.11 39.221 -0.33051 97 76 47
20.132 39.175 -0.26679 98 73 51
20.13 39.202 -0.24993 95 73 50
20.083 39.187 -0.30065 96 74 50
19.975 39.211 -0.23987 96 71 48
20.014 39.226 -0.36842 95 76 46
20.112 39.277 -0.29415 110 83 46
20.121 39.269 -0.31704 110 82 51
20.124 39.252 -0.2625 110 83 50
20.105 39.247 -0.33745 109 83 43
20.129 39.295 -0.29723 110 83 50
20.112 39.289 -0.2226 111 82 48
20.142 39.249 -0.23551 110 82 43
20.118 39.246 -0.31138 110 83 50
20.111 39.265 -0.21739 109 82 49
20.113 39.236 -0.23514 110 84 44
20.119 39.295 -0.32302 108 84 50
20.121 39.277 -0.26914 109 82 49
20.113 39.252 -0.28806 110 82 53
20.116 39.283 -0.24557 111 83 44
20.088 39.303 -0.35419 110 83 50
20.122 39.265 -0.34068 108 84 50
20.133 39.343 -0.30793 109 82 47
20.122 39.352 -0.2859 109 82 49
20.129 39.357 -0.23646 106 82 48
20.121 39.365 -0.21311 110 83 48
20.122 39.335 -0.2328 109 82 47
20.132 39.298 -0.27243 108 81 46
20.125 39.317 -0.32786 109 81 50
20.134 39.339 -0.33259 108 83 51
20.13 39.327 -0.25463 109 82 47
20.118 39.311 -0.22678 107 83 49
20.123 39.322 -0.30469 107 83 49
20.129 39.366 -0.34031 109 82 49
20.134 39.351 -0.25997 109 82 49
20.142 39.298 -0.24669 109 81 50
20.121 39.327 -0.28005 109 82 45
20.136 39.42 -0.32739 106 82 48
20.133 39.385 -0.21753 108 81 46
20.132 39.391 -0.34611 109 82 49
20.128 39.405 -0.27232 110 83 50
20.136 39.424 -0.30253 110 83 50
20.133 39.377 -0.26607 107 83 47
20.134 39.411 -0.22278 110 83 48
20.15 39.399 -0.24356 107 83 47
20.145 39.412 -0.3491 107 83 47
20.134 39.373 -0.29118 108 81 48
20.142 39.425 -0.276 109 82 49
20.122 39.386 -0.24343 109 81 50
20.141 39.43 -0.2511 107 83 49
20.138 39.393 -0.32015 111 83 46
20.134 39.398 -0.29662 107 82 50
20.125 39.372 -0.3163 107 83 47
20.143 39.478 -0.28775 110 83 50
20.152 39.482 -0.23699 108 81 44
20.145 39.432 -0.22665 110 83 50
20.159 39.498 -0.29147 108 83 53
20.145 39.463 -0.2077 107 82 50
20.146 39.481 -0.2633 109 82 49
20.161 39.447 -0.25406 109 81 50
20.15 39.467 -0.33635 109 81 50
20.16 39.493 -0.31645 109 82 49
20.158 39.444 -0.27916 109 82 47
20.148 39.441 -0.33046 110 83 50
20.138 39.462 -0.23284 109 82 45
20.151 39.471 -0.31265 108 81 46
20.147 39.489 -0.21219 110 83 50
20.152 39.493 -0.34244 109 82 47
20.149 39.445 -0.30574 110 82 51
20.165 39.579 -0.30936 109 82 45
20.154 39.56 -0.28022 107 83 45
20.176 39.569 -0.33287 109 82 47
20.156 39.508 -0.24266 109 82 47
20.154 39.513 -0.21738 109 82 47
20.155 39.564 -0.25474 109 82 45
20.167 39.545 -0.32794 110 83 48
20.143 39.562 -0.30777 108 84 48
20.153 39.533 -0.27286 106 82 48
20.157 39.535 -0.2484 108 80 49
20.156 39.504 -0.26717 108 83 51
20.162 39.524 -0.29777 108 84 48
20.148 39.522 -0.3508 110 83 50
20.156 39.519 -0.3491 110 83 50
20.151 39.543 -0.22284 109 82 47
20.16 39.521 -0.32288 107 82 50
20.169 39.562 -0.22748 110 83 50
20.285 39.559 -0.19449 108 81 48
20.169 39.59 -0.23261 109 82 45
20.222 39.59 -0.2302 109 82 49
20.166 39.595 -0.20734 110 83 46
20.125 39.629 -0.32407 108 81 48
20.159 39.587 -0.28506 107 83 49
20.151 39.62 -0.29256 107 83 49
20.151 39.611 -0.34526 109 82 49
20.177 39.581 -0.25667 109 82 47
20.179 39.609 -0.26305 107 82 52
18.032 38.979 -0.79308 24 21 16
17.966 38.98 -0.85053 37 11 12
18.057 39.011 -0.8025 56 18 15
18.046 39.042 -0.84975 45 4 8
18.003 39.012 -0.85007 48 3 16
18.04 39.078 -0.8657 47 3 13
18.086 39.064 -0.89224 16 3 10
18.064 39.168 -0.76136 11 5 5
18.074 39.152 -0.83986 49 9 10
18.099 39.12 -0.77604 45 8 0
18.037 39.159 -0.8475 49 9 10
18.018 39.118 -0.88095 39 10 12
18.136 39.149 -0.78243 12 0 2
18.407 39.194 -0.82793 25 8 0
18.387 39.226 -0.88819 41 8 0
18.084 39.195 -0.80357 20 5 8
18.538 39.162 -0.83752 21 5 6
18.16 39.227 -0.97341 37 8 12
18.206 39.18 -0.73927 30 12 0
18.459 39.247 -0.87905 45 11 0
18.525 39.28 -0.79802 65 35 19
18.447 39.256 -0.84251 23 11 0
18.425 39.376 -0.837 47 26 5
18.406 39.343 -0.83536 53 35 11
18.34 39.44 -0.84087 84 54 26
19.746 39.245 -0.51896 74 45 21
19.87 39.241 -0.44531 100 80 55
19.902 39.226 -0.46179 113 84 53
19.772 39.233 -0.53942 50 32 8
19.847 39.222 -0.43881 131 103 63
19.841 39.229 -0.41397 91 68 35
19.835 39.235 -0.55772 50 36 7
19.849 39.235 -0.52456 55 36 22
19.755 39.247 -0.48899 137 100 64
19.884 39.227 -0.49039 80 48 33
20.128 39.211 -0.3503 100 75 53
20.131 39.238 -0.48047 104 84 59
20.127 39.207 -0.37349 100 78 55
20.121 39.221 -0.45323 99 80 50
19.916 39.23 -0.4093 101 80 53
20.123 39.229 -0.40429 106 81 58
20.114 39.228 -0.43098 102 78 50
20.124 39.232 -0.38133 106 84 60
20.02 39.233 -0.47203 101 79 55
20.11 39.198 -0.47201 103 82 53
20.118 39.207 -0.39977 104 79 56
20.141 39.211 -0.47069 101 79 56
20.106 39.207 -0.42679 104 82 59
20.127 39.301 -0.425 110 82 53
20.136 39.268 -0.43886 110 83 50
20.133 39.281 -0.36814 109 81 50
20.122 39.257 -0.38786 109 82 49
20.134 39.249 -0.4093 109 82 49
20.138 39.271 -0.41501 110 82 51
20.123 39.237 -0.35777 110 83 48
20.142 39.291 -0.44486 111 84 49
20.133 39.241 -0.45651 110 83 50
20.131 39.266 -0.46448 107 83 49
20.127 39.304 -0.40024 109 84 52
20.125 39.28 -0.39396 108 84 48
20.124 39.26 -0.36441 109 81 52
20.149 39.284 -0.46607 110 82 51
20.127 39.247 -0.43374 111 83 54
20.12 39.266 -0.49142 110 83 50
20.137 39.343 -0.46034 111 84 49
20.128 39.317 -0.47973 110 83 50
20.147 39.368 -0.43997 110 82 51
20.13 39.362 -0.36399 109 82 47
20.134 39.356 -0.388 109 82 49
20.145 39.326 -0.37853 107 83 49
20.126 39.338 -0.35889 108 81 48
20.135 39.369 -0.46784 110 82 51
20.136 39.309 -0.35011 108 84 50
20.15 39.342 -0.43273 110 83 50
20.137 39.351 -0.41137 110 83 48
20.135 39.326 -0.40493 108 84 50
20.123 39.323 -0.45681 108 84 50
20.126 39.309 -0.37654 109 81 50
20.12 39.372 -0.49712 106 83 52
20.136 39.339 -0.48443 108 83 51
20.149 39.317 -0.42593 108 84 48
20.135 39.422 -0.48298 107 82 52
20.142 39.405 -0.40005 108 83 53
20.125 39.39 -0.37252 106 81 49
20.143 39.4 -0.42491 110 83 48
20.142 39.392 -0.4742 109 82 49
20.136 39.377 -0.41828 108 84 50
20.151 39.405 -0.37263 108 81 48
20.136 39.438 -0.38345 108 84 50
20.148 39.437 -0.35562 109 81 50
20.147 39.421 -0.45494 109 81 50
20.153 39.426 -0.40398 111 83 52
20.138 39.398 -0.4503 110 82 53
20.156 39.373 -0.38952 108 81 44
20.146 39.444 -0.48732 106 81 49
20.148 39.424 -0.43013 111 84 47
20.146 39.464 -0.36273 108 81 48
20.15 39.482 -0.41877 107 83 49
20.153 39.468 -0.49271 108 84 48
20.138 39.491 -0.39721 108 82 42
20.147 39.452 -0.43757 111 83 52
20.154 39.511 -0.40005 109 82 47
20.15 39.478 -0.44373 110 83 50
20.156 39.443 -0.4603 107 82 50
20.167 39.492 -0.4727 109 81 50
20.156 39.456 -0.3853 109 81 50
20.139 39.468 -0.36302 108 81 48
20.17 39.464 -0.46379 108 83 53
20.157 39.506 -0.42484 109 82 49
20.155 39.487 -0.36771 110 83 48
20.158 39.451 -0.41042 109 82 49
20.159 39.5 -0.44919 110 84 44
20.166 39.489 -0.49704 107 82 52
20.178 39.571 -0.49258 109 81 50
20.183 39.573 -0.46584 108 83 51
20.165 39.562 -0.41078 110 82 51
20.162 39.559 -0.43811 107 82 50
20.165 39.542 -0.35346 107 83 49
20.164 39.511 -0.37281 109 82 49
20.181 39.541 -0.48343 108 80 49
20.163 39.527 -0.45572 110 83 50
20.162 39.572 -0.36119 107 83 49
20.183 39.521 -0.42558 108 83 51
20.15 39.541 -0.40836 106 81 49
20.161 39.568 -0.38711 108 81 46
20.191 39.572 -0.43726 109 81 50
20.175 39.516 -0.47719 108 84 48
20.162 39.539 -0.37997 108 83 51
20.175 39.548 -0.45959 110 83 50
20.244 39.585 -0.3594 107 80 43
20.166 39.599 -0.36664 109 82 49
20.141 39.629 -0.45872 107 83 49
20.168 39.593 -0.3925 107 83 47
20.152 39.618 -0.48095 107 83 49
20.182 39.615 -0.39659 109 82 47
20.162 39.592 -0.41979 107 82 50
20.181 39.599 -0.49999 109 82 47
18.683 38.898 -0.833 20 11 4
17.957 39.004 -1.1553 12 5 12
18.067 39.046 -1.0171 34 8 19
18.044 39.042 -1.066 0 11 0
18.472 39.218 -1.0308 26 18 15
19.225 39.038 -0.79757 27 22 3
19.964 38.921 -0.55847 6 9 0
18.297 39.21 -1.1064 22 13 0
18.406 39.225 -1.0846 26 13 22
18.356 39.248 -1.0268 21 9 11
18.185 39.262 -1.1958 13 6 0
18.608 39.203 -0.91391 28 3 0
18.348 39.266 -1.1591 17 13 4
18.329 39.267 -0.95265 43 8 4
18.662 39.213 -0.98133 17 8 3
18.454 39.25 -1.0853 9 13 0
19.994 39.213 -0.65163 36 27 8
19.734 39.249 -0.69281 51 39 13
19.835 39.239 -0.69615 47 34 26
19.906 39.22 -0.64622 54 37 29
20.136 39.208 -0.49546 102 80 57
20.143 39.214 -0.59604 104 84 60
20.122 39.229 -0.55451 104 84 59
20.118 39.227 -0.58077 105 85 61
20.13 39.207 -0.52197 104 79 56
20.129 39.235 -0.50424 99 79 54
20.126 39.245 -0.60904 108 84 56
20.109 39.251 -0.61511 108 84 56
20.129 39.231 -0.5283 98 76 52
20.098 39.214 -0.5548 102 85 59
20.157 39.205 -0.61462 105 85 60
20.119 39.276 -0.59607 111 83 52
20.134 39.286 -0.49411 109 82 49
20.139 39.293 -0.59723 109 86 53
20.14 39.297 -0.57254 110 85 53
20.119 39.272 -0.62005 111 84 51
20.146 39.312 -0.62762 110 85 53
20.122 39.258 -0.53848 109 82 49
20.133 39.282 -0.51842 110 83 50
20.111 39.283 -0.57402 110 85 55
20.128 39.294 -0.62528 109 85 51
20.133 39.25 -0.55915 111 86 54
20.138 39.301 -0.54968 110 82 51
20.112 39.266 -0.51765 111 84 49
20.122 39.283 -0.54553 109 81 50
20.121 39.25 -0.58701 105 85 58
20.126 39.31 -0.5286 111 84 47
20.156 39.337 -0.6079 108 83 53
20.144 39.372 -0.59606 110 82 51
20.141 39.359 -0.51601 106 82 48
20.135 39.357 -0.54168 109 81 50
20.136 39.31 -0.50227 109 82 47
20.159 39.339 -0.58248 109 84 54
20.139 39.326 -0.55736 109 84 54
20.156 39.374 -0.543 110 83 50
20.139 39.352 -0.56467 111 84 51
20.142 39.317 -0.60451 109 84 52
20.134 39.372 -0.62449 111 84 51
20.15 39.373 -0.57069 110 83 50
20.143 39.333 -0.50657 107 82 52
20.138 39.331 -0.53321 110 83 48
20.126 39.323 -0.60998 109 84 52
20.128 39.327 -0.5851 108 83 51
20.155 39.419 -0.60867 109 84 52
20.141 39.407 -0.55541 109 82 49
20.146 39.401 -0.57907 108 83 53
20.149 39.438 -0.51128 109 81 50
20.153 39.451 -0.59297 109 84 52
20.162 39.443 -0.61479 109 85 51
20.119 39.425 -0.51289 109 82 47
20.144 39.429 -0.58888 108 83 51
20.149 39.382 -0.51997 110 82 51
20.155 39.389 -0.62587 109 84 54
20.149 39.43 -0.56029 109 81 50
20.134 39.425 -0.64112 111 83 52
20.147 39.386 -0.49695 106 81 49
20.166 39.427 -0.53097 110 81 47
20.147 39.408 -0.52936 109 82 47
20.141 39.399 -0.60594 112 84 53
20.152 39.444 -0.64353 108 84 50
20.166 39.496 -0.63107 109 84 52
20.147 39.466 -0.51952 108 80 49
20.163 39.51 -0.55612 110 83 50
20.159 39.516 -0.53266 108 84 48
20.162 39.506 -0.58198 108 83 53
20.171 39.478 -0.54534 108 81 48
20.162 39.478 -0.57305 108 83 53
20.166 39.485 -0.52201 109 81 52
20.151 39.46 -0.54394 109 81 52
20.166 39.5 -0.60617 109 81 52
20.156 39.473 -0.62562 111 83 54
20.14 39.461 -0.57213 108 83 51
20.158 39.476 -0.59948 108 84 50
20.16 39.52 -0.50747 109 82 49
20.142 39.536 -0.6483 108 84 48
20.172 39.541 -0.5111 109 81 50
20.169 39.583 -0.63071 109 81 50
20.173 39.594 -0.55314 106 82 46
20.175 39.56 -0.56953 107 83 49
20.178 39.534 -0.53438 108 84 48
20.177 39.546 -0.64484 108 83 53
20.173 39.553 -0.62118 108 83 51
20.17 39.558 -0.59588 108 84 50
20.17 39.53 -0.58709 109 85 49
20.182 39.52 -0.60995 110 83 48
20.16 39.576 -0.52313 109 81 52
20.144 39.58 -0.55408 110 82 53
20.183 39.527 -0.55849 108 81 48
20.183 39.585 -0.57584 109 82 49
20.185 39.579 -0.59987 110 82 51
20.136 39.635 -0.62529 110 85 53
20.17 39.621 -0.58779 108 83 51
20.171 39.599 -0.527 107 83 47
20.141 39.628 -0.65047 111 83 52
20.23 39.596 -0.51855 108 80 49
20.212 39.602 -0.54865 105 81 47
18.211 39.033 -1.3626 16 9 0
18.388 38.967 -1.3218 17 12 0
18.356 39.026 -1.2303 17 10 17
18.375 38.976 -1.2872 22 18 0
18.106 39.055 -1.3569 22 18 9
18.487 38.987 -1.293 18 12 0
18.716 38.998 -1.1545 13 7 7
18.318 39.15 -1.2116 11 11 11
18.395 39.129 -1.2222 10 12 11
18.297 39.162 -1.3852 30 23 7
18.427 39.117 -1.247 16 11 5
18.45 39.066 -1.2999 18 15 0
18.191 39.136 -1.233 8 8 0
18.161 39.12 -1.3665 23 19 16
18.541 39.091 -1.2411 21 10 4
18.337 39.119 -1.3558 24 15 0
18.46 39.14 -1.2835 63 45 31
18.31 39.124 -1.3652 24 15 0
18.326 39.1 -1.2681 14 13 19
18.275 39.115 -1.2452 8 13 16
18.228 39.08 -1.2885 21 16 22
18.338 39.182 -1.2104 13 12 8
18.416 39.203 -1.1998 18 14 11
18.309 39.18 -1.262 11 10 8
18.48 39.142 -1.2427 26 24 27
18.45 39.176 -1.3021 35 8 1
18.418 39.231 -1.2512 17 9 6
18.302 39.248 -1.3311 6 11 5
18.397 39.249 -1.1806 13 10 0
18.47 39.144 -1.2442 26 24 27
18.428 39.229 -1.2486 17 9 6
18.383 39.245 -1.2228 16 11 8
18.465 39.187 -1.2204 16 6 4
18.47 39.179 -1.2568 8 8 8
18.629 39.229 -1.1502 11 10 18
18.531 39.243 -1.2248 17 12 9
18.389 39.267 -1.3127 12 6 6
18.4 39.257 -1.3484 17 13 2
18.691 39.29 -1.1202 64 34 0
20.17 39.17 -0.64733 0 0 0
20.075 39.198 -0.70643 2 2 2
19.989 39.223 -0.76341 20 0 1
20 39.207 -0.67331 46 35 5
19.863 39.243 -0.7749 31 20 14
19.962 39.223 -0.82488 41 27 0
19.92 39.212 -0.83038 32 22 10
20.154 39.211 -0.74297 106 85 64
20.143 39.219 -0.72307 106 86 61
20.126 39.237 -0.65734 106 86 62
20.146 39.206 -0.64246 105 83 60
20.113 39.213 -0.67831 104 84 57
20.126 39.241 -0.63316 108 84 58
20.129 39.252 -0.71268 110 86 60
20.144 39.226 -0.67467 106 84 63
20.183 39.177 -0.72105 110 81 85
20.15 39.241 -0.72845 107 88 58
20.147 39.221 -0.69686 107 87 60
20.136 39.242 -0.75785 106 85 64
20.058 39.224 -0.7462 106 86 59
20.032 39.237 -0.73275 106 86 61
20.145 39.263 -0.7636 109 83 60
20.139 39.269 -0.74145 112 85 50
20.147 39.274 -0.69038 112 85 52
20.15 39.29 -0.7467 111 87 51
20.138 39.282 -0.6701 110 83 50
20.136 39.254 -0.68586 108 83 61
20.149 39.269 -0.71336 110 85 55
20.14 39.298 -0.72632 112 85 52
20.129 39.289 -0.64859 111 83 52
20.164 39.297 -0.66896 110 83 48
20.152 39.252 -0.65634 111 83 52
20.14 39.31 -0.65355 111 84 51
20.146 39.258 -0.63343 108 84 46
20.142 39.289 -0.77295 108 83 51
20.152 39.297 -0.69743 109 85 51
20.119 39.328 -0.76827 110 85 55
20.161 39.37 -0.72043 111 83 52
20.14 39.375 -0.75389 111 86 56
20.152 39.356 -0.66647 112 85 50
20.149 39.336 -0.63439 111 84 51
20.165 39.335 -0.75904 111 87 53
20.139 39.388 -0.67996 110 82 51
20.154 39.347 -0.71475 110 85 55
20.138 39.358 -0.69653 110 83 50
20.136 39.355 -0.72208 110 85 55
20.148 39.328 -0.68409 109 85 49
20.15 39.361 -0.64324 110 87 45
20.149 39.32 -0.73177 110 85 53
20.144 39.37 -0.77722 109 86 52
20.121 39.343 -0.66943 111 86 56
20.145 39.347 -0.74282 112 85 52
20.174 39.383 -0.77384 110 85 53
20.155 39.377 -0.69891 109 84 54
20.141 39.327 -0.71023 110 85 53
20.166 39.448 -0.74742 112 84 53
20.153 39.439 -0.66694 110 82 51
20.148 39.452 -0.77947 111 86 56
20.149 39.437 -0.6941 109 85 51
20.152 39.431 -0.71908 111 84 47
20.16 39.401 -0.70611 111 83 54
20.153 39.386 -0.64986 110 84 44
20.155 39.399 -0.73318 110 86 48
20.16 39.405 -0.68062 111 83 52
20.171 39.449 -0.72009 109 84 52
20.176 39.412 -0.7581 109 86 53
20.156 39.395 -0.75659 111 86 54
20.153 39.412 -0.65942 109 84 52
20.155 39.426 -0.74115 110 82 53
20.142 39.495 -0.7144 111 85 45
20.159 39.482 -0.73298 111 83 54
20.172 39.489 -0.65427 108 83 51
20.146 39.469 -0.67985 108 83 51
20.151 39.471 -0.65257 109 84 52
20.167 39.498 -0.79082 112 84 53
20.192 39.494 -0.72978 108 82 55
20.143 39.531 -0.67337 108 84 50
20.183 39.495 -0.75768 112 84 53
20.134 39.531 -0.70154 109 84 54
20.215 39.506 -0.75594 112 84 53
20.21 39.513 -0.73179 110 85 53
20.149 39.464 -0.70328 110 84 44
20.134 39.527 -0.72763 109 84 52
20.151 39.482 -0.76213 111 84 51
20.194 39.513 -0.78942 110 86 52
20.14 39.5 -0.69022 110 83 50
20.168 39.47 -0.78046 112 84 55
20.185 39.578 -0.78738 110 86 52
20.169 39.546 -0.67355 110 82 51
20.144 39.555 -0.7099 111 82 51
20.144 39.551 -0.73328 109 81 50
20.207 39.543 -0.74466 111 83 52
20.17 39.566 -0.73422 111 83 52
20.177 39.596 -0.71422 109 82 49
20.196 39.544 -0.77447 108 83 53
20.2 39.587 -0.68015 109 81 50
20.146 39.629 -0.81546 107 85 48
20.162 39.583 -0.65961 110 83 50
20.153 39.583 -0.68894 109 82 49
20.175 39.567 -0.70647 110 83 50
20.184 39.583 -0.7634 109 82 49
20.182 39.601 -0.66072 108 84 50
20.166 39.597 -0.74454 111 84 51
20.157 39.627 -0.78461 110 82 53
20.182 39.622 -0.72175 106 81 49
20.158 39.631 -0.75777 108 83 53
18.426 38.948 -1.3825 6 14 3
18.415 38.957 -1.3493 14 12 0
18.502 38.991 -1.4548 30 31 0
18.442 39.04 -1.4579 0 6 7
18.616 38.995 -1.2936 2 9 2
18.565 38.962 -1.3435 10 8 11
18.503 39.037 -1.3929 12 14 9
18.482 38.961 -1.4432 25 27 22
18.475 38.982 -1.338 23 13 11
18.521 39.021 -1.4592 27 20 0
18.442 38.973 -1.4263 4 15 11
18.459 39.004 -1.4338 8 13 17
18.502 39.004 -1.3796 7 5 16
18.479 39.082 -1.3764 19 11 22
18.127 39.133 -1.5573 0 6 5
18.426 39.132 -1.3763 10 9 4
18.443 39.123 -1.4051 15 7 22
18.478 39.11 -1.4294 15 11 28
18.563 39.088 -1.4369 3 13 12
18.403 39.081 -1.4845 0 4 10
18.508 39.084 -1.3286 20 18 0
18.414 39.149 -1.5077 19 24 17
18.53 39.08 -1.3205 20 18 0
18.433 39.105 -1.5195 40 34 8
18.484 39.061 -1.4908 36 31 12
18.494 39.231 -1.3525 5 1 0
18.171 39.2 -1.5701 7 7 15
18.474 39.18 -1.4648 6 11 14
18.612 39.166 -1.3335 40 33 15
18.59 39.151 -1.451 32 22 33
18.456 39.233 -1.4037 12 13 0
18.429 39.231 -1.4546 9 9 9
18.344 39.176 -1.4604 4 13 10
18.415 39.338 -1.5435 45 36 21
18.428 39.268 -1.4681 13 17 16
18.589 39.24 -1.3675 27 24 9
18.43 39.261 -1.508 25 12 6
18.301 39.41 -1.5647 41 31 22
19.766 39.217 -0.98517 47 29 17
19.95 39.223 -0.85388 42 29 0
19.949 39.215 -0.90342 47 30 23
19.963 39.215 -0.87264 41 27 16
19.857 39.227 -0.88299 33 26 0
19.803 39.24 -0.93319 39 28 0
19.618 39.289 -1.0653 51 34 17
20.12 39.191 -0.793 55 12 13
20.071 39.204 -0.83833 42 30 6
20.046 39.237 -0.85939 103 86 58
20.156 39.219 -0.84319 109 89 64
20.159 39.214 -0.86702 110 88 65
20.15 39.245 -0.85722 105 85 61
20.134 39.235 -0.80765 106 86 61
20.128 39.213 -0.8003 107 85 61
20.146 39.226 -0.8247 107 86 65
20.168 39.179 -0.75157 37 1 1
20.154 39.248 -0.83139 105 87 65
20.155 39.252 -0.80741 109 84 61
20.153 39.208 -0.76605 109 87 64
20.154 39.232 -0.77571 107 86 59
20.145 39.243 -0.88326 109 89 65
20.157 39.3 -0.82536 113 86 53
20.16 39.291 -0.87196 110 85 53
20.171 39.266 -0.83434 109 86 53
20.183 39.311 -0.84786 109 86 55
20.145 39.259 -0.78819 108 83 53
20.145 39.28 -0.82159 109 84 54
20.163 39.302 -0.79904 110 86 52
20.171 39.312 -0.87918 110 84 57
20.177 39.314 -0.85092 109 86 55
20.165 39.293 -0.84622 111 86 56
20.149 39.271 -0.86839 110 87 56
20.149 39.312 -0.78124 110 85 55
20.148 39.283 -0.79583 112 84 53
20.154 39.335 -0.7882 112 85 52
20.164 39.349 -0.84183 113 85 54
20.162 39.384 -0.80317 111 83 54
20.162 39.328 -0.81018 110 85 53
20.181 39.338 -0.85912 112 87 57
20.169 39.377 -0.8264 109 84 54
20.159 39.355 -0.82128 113 85 48
20.154 39.361 -0.79772 109 84 52
20.176 39.336 -0.88507 109 85 57
20.158 39.326 -0.83504 109 84 54
20.165 39.374 -0.85188 111 87 53
20.159 39.373 -0.87921 111 87 53
20.178 39.453 -0.85246 112 84 55
20.161 39.411 -0.81423 114 85 54
20.164 39.464 -0.83274 112 84 53
20.208 39.431 -0.8867 112 87 57
20.174 39.428 -0.84345 111 86 56
20.162 39.415 -0.78905 109 84 52
20.165 39.428 -0.87287 109 86 55
20.158 39.4 -0.88956 110 85 53
20.164 39.402 -0.86228 111 87 53
20.175 39.45 -0.87762 110 84 57
20.174 39.419 -0.89255 111 86 56
20.162 39.406 -0.83879 110 85 53
20.158 39.443 -0.80013 110 83 48
20.163 39.437 -0.82295 111 84 49
20.167 39.4 -0.86095 111 87 53
20.163 39.484 -0.89352 111 87 53
20.172 39.511 -0.87512 110 85 55
20.17 39.492 -0.81498 110 85 53
20.17 39.465 -0.805 111 84 47
20.152 39.484 -0.92526 110 87 53
20.186 39.5 -0.89327 111 87 53
20.191 39.53 -0.87646 110 85 55
20.163 39.492 -0.84216 111 84 47
20.174 39.514 -0.84859 111 83 56
20.187 39.476 -0.85807 110 85 55
20.163 39.524 -0.8281 111 83 52
20.168 39.538 -0.91346 110 84 57
20.169 39.583 -0.82099 110 83 48
20.178 39.561 -0.91888 110 85 55
20.176 39.546 -0.83245 110 86 50
20.196 39.585 -0.89671 112 84 55
20.178 39.541 -0.85713 111 84 49
20.186 39.569 -0.83864 111 84 47
20.161 39.558 -0.81391 111 84 49
20.189 39.593 -0.87283 109 85 51
20.173 39.593 -0.93258 110 85 55
20.175 39.567 -0.89478 111 85 58
20.166 39.614 -0.83208 110 82 51
20.164 39.632 -0.92313 110 85 53
20.198 39.592 -0.8439 111 83 52
20.184 39.566 -0.8658 112 84 53
20.27 39.585 -0.79545 109 84 52
20.207 39.617 -0.85007 108 84 50
20.167 39.634 -0.8944 110 82 51
20.172 39.631 -0.89188 110 82 51
20.206 39.153 0.47124 126 99 44
20.1 39.185 0.46535 123 97 38
20.088 39.239 0.48849 117 90 55
20.066 39.227 0.51544 118 94 58
20.083 39.268 0.51126 111 87 53
20.066 39.271 0.4911 114 87 54
20.066 39.243 0.46896 111 87 53
20.06 39.226 0.49314 117 93 59
20.075 39.248 0.513 116 92 58
20.075 39.263 0.46684 113 86 51
20.093 39.21 0.46517 115 87 56
20.068 39.298 0.51363 113 88 56
20.107 39.327 0.48332 112 84 53
20.097 39.31 0.50806 111 87 53
20.069 39.293 0.49012 110 85 55
20.105 39.312 0.5292 113 86 49
20.082 39.312 0.48758 112 88 50
20.119 39.354 0.52625 111 84 49
20.095 39.336 0.50745 110 86 50
20.078 39.363 0.487 110 84 44
20.123 39.349 0.50202 110 86 52
20.088 39.343 0.53211 113 86 51
20.098 39.388 0.52943 114 87 52
20.101 39.383 0.50596 111 87 49
20.129 39.429 0.5462 113 86 53
20.099 39.468 0.55237 114 87 54
20.137 39.396 0.52164 111 87 53
20.09 39.412 0.50734 113 86 53
20.102 39.437 0.52857 114 87 54
20.077 39.427 0.55746 114 87 52
20.113 39.458 0.52527 114 87 50
20.136 39.443 0.49812 113 86 53
20.114 39.427 0.50278 113 85 54
20.094 39.493 0.52835 116 87 56
20.136 39.508 0.56842 125 97 8
20.114 39.488 0.5485 113 86 51
20.104 39.519 0.55097 117 90 55
20.133 39.47 0.49815 113 86 49
20.122 39.537 0.54657 116 92 56
20.124 39.532 0.52249 117 90 55
20.139 39.498 0.52012 116 89 56
20.143 39.549 0.51866 120 93 56
20.116 39.567 0.5482 122 93 61
20.123 39.54 0.57074 118 91 56
19.7 39.238 0.3736 108 84 48
20.119 39.167 0.39577 117 93 57
20.063 39.204 0.3789 114 87 54
20.031 39.211 0.36017 113 86 51
19.942 39.212 0.34641 124 98 58
20.087 39.204 0.42124 115 88 53
20.047 39.199 0.45035 117 90 53
20.063 39.208 0.40234 112 87 55
20.1 39.184 0.32846 113 87 47
20.094 39.171 0.37766 133 107 67
19.991 39.201 0.3642 127 100 65
19.842 39.22 0.35914 104 82 45
20.088 39.223 0.39748 112 87 55
20.087 39.238 0.35101 110 86 50
20.096 39.247 0.41807 114 88 48
20.07 39.272 0.3745 111 87 53
20.071 39.214 0.44672 116 90 50
20.066 39.218 0.33116 112 85 50
20.075 39.231 0.42226 113 85 56
20.066 39.226 0.37825 113 85 54
20.076 39.235 0.44436 114 88 48
20.093 39.268 0.39468 113 85 56
20.09 39.253 0.44248 111 87 53
20.061 39.224 0.35467 112 85 48
20.071 39.268 0.35054 112 85 50
20.075 39.251 0.39878 111 87 53
20.076 39.246 0.37421 111 87 51
20.102 39.321 0.43657 110 87 45
20.083 39.324 0.41697 113 84 50
20.083 39.311 0.34652 111 83 52
20.08 39.285 0.46511 114 86 55
20.099 39.302 0.46085 113 85 48
20.079 39.317 0.37106 111 84 49
20.104 39.292 0.41484 112 84 55
20.082 39.296 0.39518 113 86 51
20.096 39.275 0.4401 112 85 50
20.082 39.345 0.39275 111 84 51
20.1 39.333 0.36624 112 83 49
20.092 39.288 0.37039 112 86 46
20.072 39.308 0.44317 112 84 53
20.068 39.281 0.42117 112 85 48
20.099 39.313 0.39133 112 85 52
20.065 39.34 0.46575 110 85 39
20.091 39.333 0.34478 113 85 48
20.111 39.277 0.34544 111 84 49
20.098 39.397 0.43561 111 83 54
20.099 39.366 0.41284 111 86 54
20.114 39.344 0.45734 111 84 49
20.105 39.377 0.48212 112 85 52
20.109 39.379 0.36286 113 86 51
20.112 39.357 0.38707 111 84 49
20.11 39.366 0.43427 111 85 44
20.121 39.391 0.455 113 82 52
20.103 39.403 0.48149 112 83 51
20.11 39.37 0.45781 110 84 44
20.108 39.405 0.36192 111 85 45
20.115 39.336 0.41122 111 82 50
20.12 39.337 0.43424 110 82 51
20.104 39.356 0.36525 112 85 50
20.102 39.386 0.38784 112 84 53
20.135 39.376 0.40666 110 82 51
20.111 39.425 0.47986 112 85 52
20.089 39.43 0.45918 112 85 52
20.133 39.458 0.42671 113 86 51
20.125 39.431 0.40517 114 87 54
20.112 39.441 0.43207 113 86 49
20.083 39.463 0.48333 112 85 52
20.111 39.472 0.45396 110 85 53
20.122 39.403 0.38394 113 86 53
20.14 39.446 0.37833 112 85 50
20.114 39.428 0.35853 111 87 51
20.122 39.428 0.38251 113 86 53
20.117 39.414 0.43129 113 86 51
20.112 39.411 0.40827 110 88 41
20.129 39.438 0.45172 112 85 50
20.116 39.461 0.40567 113 87 47
20.118 39.517 0.42637 115 88 53
20.128 39.526 0.49812 116 88 57
20.146 39.535 0.44591 116 90 50
20.109 39.504 0.47753 114 86 59
20.128 39.531 0.37654 115 88 55
20.111 39.486 0.3812 112 85 50
20.144 39.483 0.44817 113 86 53
20.132 39.506 0.40121 114 87 52
20.131 39.52 0.47361 115 86 54
20.13 39.481 0.40219 113 86 51
20.134 39.537 0.42451 115 88 51
20.119 39.49 0.42872 114 86 55
20.11 39.526 0.45269 115 87 48
20.141 39.529 0.39852 114 87 52
20.122 39.471 0.47626 113 85 45
20.111 39.507 0.50131 116 87 56
20.135 39.501 0.37648 113 84 52
20.141 39.584 0.39603 114 87 54
20.128 39.563 0.39923 114 88 48
20.139 39.57 0.47059 121 92 58
20.114 39.555 0.47531 116 88 51
20.126 39.554 0.49739 120 93 58
20.13 39.57 0.44764 116 89 54
20.131 39.565 0.42255 117 88 56
19.9 39.2 0.2051 91 65 38
20.058 39.205 0.23989 108 84 50
20.073 39.212 0.30765 112 85 50
20.123 39.168 0.2832 123 94 60
19.93 39.212 0.32288 108 85 52
20.124 39.172 0.30541 131 106 60
19.823 39.233 0.25729 95 72 39
20.056 39.209 0.26278 110 82 51
20.105 39.208 0.21194 110 83 48
20.071 39.208 0.28476 110 82 43
20.059 39.185 0.26562 115 86 52
19.821 39.229 0.2324 90 67 36
20.097 39.261 0.23108 110 83 46
20.099 39.265 0.25433 108 83 53
20.086 39.254 0.30311 110 83 48
20.064 39.266 0.32858 112 85 48
20.103 39.255 0.20799 108 81 46
20.085 39.25 0.28039 110 83 46
20.092 39.22 0.25854 111 83 52
20.091 39.224 0.28252 110 83 46
20.091 39.233 0.32712 110 83 48
20.084 39.238 0.2106 110 83 48
20.081 39.243 0.23415 107 83 45
20.093 39.275 0.29983 111 84 49
20.087 39.218 0.23606 109 82 49
20.075 39.234 0.30667 111 84 49
20.071 39.251 0.25848 109 82 49
20.103 39.267 0.27703 111 83 46
20.102 39.32 0.29665 111 84 49
20.115 39.311 0.27155 110 83 50
20.081 39.315 0.2267 110 83 50
20.103 39.331 0.22386 110 83 46
20.113 39.272 0.32185 110 86 50
20.083 39.286 0.20589 109 83 43
20.089 39.305 0.32251 110 83 48
20.121 39.317 0.31832 112 85 52
20.088 39.342 0.24872 111 84 49
20.096 39.314 0.25032 112 85 52
20.097 39.293 0.2748 110 84 44
20.095 39.286 0.22902 109 85 51
20.095 39.298 0.29858 111 83 52
20.076 39.297 0.25306 110 83 48
20.1 39.341 0.27049 110 83 48
20.113 39.394 0.31385 111 84 47
20.108 39.392 0.29031 110 83 46
20.099 39.354 0.34171 111 84 49
20.118 39.375 0.21879 111 84 49
20.102 39.378 0.3408 112 84 53
20.104 39.385 0.24244 112 85 50
20.1 39.37 0.29375 109 83 43
20.119 39.358 0.26786 109 87 50
20.108 39.388 0.26613 109 82 45
20.121 39.399 0.21568 109 85 47
20.109 39.358 0.24491 111 84 49
20.096 39.351 0.31886 111 84 51
20.126 39.363 0.31404 112 85 52
20.121 39.408 0.26379 110 83 50
20.108 39.354 0.22119 110 81 49
20.112 39.408 0.24041 110 83 48
20.098 39.346 0.29488 111 84 51
20.08 39.413 0.34021 110 82 51
20.116 39.453 0.35819 114 85 51
20.118 39.435 0.26121 111 84 47
20.124 39.48 0.23234 112 84 45
20.127 39.453 0.23528 111 85 45
20.111 39.434 0.23758 111 84 49
20.139 39.46 0.30598 112 85 50
20.103 39.455 0.33443 112 85 50
20.097 39.453 0.31139 111 83 46
20.138 39.464 0.33006 112 85 50
20.118 39.478 0.35544 112 85 50
20.137 39.452 0.25817 112 83 51
20.115 39.423 0.33596 111 84 51
20.121 39.438 0.28531 111 85 44
20.125 39.462 0.28405 110 86 48
20.126 39.414 0.31088 111 84 49
20.126 39.41 0.28705 111 84 47
20.111 39.504 0.33067 112 85 50
20.131 39.525 0.35112 113 86 51
20.121 39.549 0.30198 113 84 50
20.146 39.528 0.25049 114 86 47
20.124 39.502 0.35329 113 86 53
20.138 39.513 0.30248 112 85 48
20.131 39.512 0.27856 113 86 51
20.132 39.548 0.32523 114 85 53
20.14 39.517 0.32623 112 85 50
20.142 39.498 0.22919 111 83 52
20.129 39.482 0.25616 113 86 51
20.119 39.495 0.30568 111 85 45
20.124 39.489 0.28113 111 84 49
20.127 39.542 0.27707 114 87 44
20.14 39.503 0.25368 112 85 50
20.14 39.575 0.34708 112 85 50
20.145 39.592 0.29598 114 85 54
20.146 39.549 0.37239 115 88 51
20.004 39.68 0.38757 116 88 51
20.145 39.588 0.27149 114 86 47
20.215 39.586 0.3141 113 87 47
20.155 39.563 0.32189 115 86 52
20.129 39.585 0.37383 115 89 48
20.127 39.61 0.3471 115 87 50
20.161 39.547 0.24811 111 87 49
20.137 39.564 0.27517 114 86 49
20.15 39.617 0.29558 115 88 51
20.157 39.577 0.2458 113 85 48
20.141 39.598 0.3212 111 87 51
20.133 39.551 0.35007 114 87 50
20.149 39.562 0.29789 115 85 51
19.826 39.226 0.077978 86 65 38
19.876 39.206 0.05378 88 61 24
19.978 39.215 0.14516 86 64 40
20.065 39.217 0.19064 109 82 45
20.095 39.18 0.16794 87 66 35
19.967 39.194 0.15193 87 63 37
19.885 39.216 0.12858 86 63 32
20.076 39.209 0.16677 109 82 49
20.087 39.217 0.094421 109 81 50
20.07 39.207 0.14394 109 82 47
20.098 39.194 0.12067 89 65 37
20.087 39.213 0.070338 111 82 50
19.854 39.221 0.10292 88 65 34
20.078 39.26 0.18575 110 83 46
20.087 39.252 0.16195 109 82 49
20.106 39.257 0.087719 110 83 48
20.107 39.273 0.18204 110 83 50
20.094 39.238 0.091471 109 81 50
20.072 39.23 0.14091 109 83 43
20.075 39.225 0.11788 109 82 47
20.085 39.273 0.13521 109 85 49
20.112 39.239 0.13772 108 82 41
20.093 39.266 0.11139 107 83 47
20.104 39.282 0.085586 111 84 49
20.1 39.272 0.15842 109 82 49
20.108 39.229 0.068233 106 82 46
20.09 39.259 0.064899 108 81 48
20.103 39.239 0.11488 107 83 49
20.097 39.225 0.16377 110 83 48
20.091 39.231 0.18773 110 83 46
20.103 39.323 0.17696 110 83 50
20.134 39.323 0.10319 110 83 48
20.115 39.286 0.13221 110 83 50
20.121 39.296 0.20184 111 84 51
20.111 39.303 0.081895 112 85 50
20.108 39.317 0.15236 110 81 47
20.098 39.33 0.20034 111 84 51
20.1 39.349 0.17407 110 83 46
20.113 39.327 0.079081 109 84 52
20.107 39.293 0.15538 108 80 49
20.107 39.338 0.1262 110 83 46
20.1 39.312 0.10507 111 84 51
20.121 39.279 0.10911 107 83 49
20.094 39.318 0.12959 110 83 48
20.111 39.34 0.15028 109 81 50
20.095 39.302 0.17933 109 82 49
20.103 39.398 0.16848 110 84 44
20.144 39.368 0.097017 110 83 46
20.117 39.41 0.1173 110 83 50
20.133 39.39 0.19102 111 84 47
20.114 39.364 0.14697 110 81 49
20.121 39.404 0.092085 110 84 44
20.107 39.363 0.12352 109 81 50
20.118 39.346 0.19713 110 82 45
20.115 39.368 0.17102 109 81 50
20.11 39.374 0.19505 111 82 48
20.127 39.409 0.1408 111 83 44
20.107 39.355 0.076058 111 82 48
20.112 39.39 0.14463 110 82 45
20.123 39.382 0.12025 109 82 47
20.111 39.357 0.099313 111 84 51
20.116 39.445 0.16323 111 82 48
20.138 39.448 0.086387 112 85 50
20.126 39.423 0.21369 112 85 50
20.128 39.435 0.13837 109 85 51
20.133 39.446 0.21013 112 85 48
20.131 39.469 0.18374 110 83 48
20.128 39.488 0.13259 110 83 50
20.15 39.473 0.10799 111 84 49
20.138 39.461 0.15941 110 84 43
20.118 39.462 0.11104 111 83 52
20.123 39.42 0.1892 111 84 49
20.137 39.427 0.11402 110 83 50
20.148 39.465 0.20815 110 87 46
20.132 39.425 0.089972 112 83 49
20.148 39.47 0.083423 111 84 49
20.123 39.415 0.16605 111 83 44
20.139 39.438 0.18628 110 83 48
20.138 39.457 0.13504 110 83 50
20.154 39.525 0.1011 109 85 51
20.148 39.505 0.12862 111 84 51
20.135 39.524 0.20274 111 84 51
20.161 39.535 0.1747 111 84 47
20.144 39.511 0.1541 111 84 47
20.123 39.535 0.22805 114 85 51
20.143 39.558 0.097335 112 85 50
20.131 39.491 0.15651 112 85 48
20.142 39.54 0.151 112 85 48
20.14 39.505 0.10456 112 85 52
20.151 39.531 0.12569 111 84 51
20.152 39.543 0.19971 112 85 50
20.152 39.512 0.1774 112 83 52
20.147 39.491 0.20471 112 85 50
20.154 39.484 0.1801 112 84 47
20.135 39.584 0.22315 113 86 51
20.15 39.572 0.19759 111 84 51
20.157 39.588 0.14461 112 85 48
20.128 39.616 0.22094 113 86 49
20.179 39.567 0.09468 112 83 49
20.17 39.576 0.11941 113 86 49
20.161 39.553 0.12226 111 84 49
20.176 39.582 0.16877 112 86 45
20.143 39.552 0.22464 115 86 52
20.19 39.579 0.19319 113 84 50
20.161 39.557 0.14753 113 85 48
20.149 39.568 0.17221 112 85 48
19.84 39.212 0.026198 83 54 30
19.822 39.214 -0.0015624 129 96 53
20.063 39.217 0.047054 109 85 51
20.112 39.211 -0.024329 110 81 49
19.958 39.224 0.021908 86 62 34
20.102 39.191 -0.021379 89 65 39
20.122 39.181 -0.04291 89 68 39
19.906 39.212 0.00063961 88 65 32
20.095 39.213 -0.048616 86 64 40
20.028 39.225 0.022275 86 63 32
20.095 39.183 0.051877 85 64 37
20.08 39.226 -0.0028566 106 82 46
20.076 39.216 -0.07345 85 65 40
19.889 39.222 0.023269 84 63 34
20.11 39.276 0.061398 109 82 47
20.095 39.253 0.041174 108 81 48
20.08 39.254 0.016804 108 81 46
20.108 39.272 0.038454 109 81 50
20.105 39.285 -0.037085 108 84 48
20.094 39.269 -0.0094581 109 81 44
20.106 39.225 0.045643 106 82 48
20.108 39.26 -0.032956 110 83 48
20.09 39.227 0.021118 109 84 40
20.101 39.234 -0.052416 108 81 46
20.109 39.28 -0.060231 109 82 49
20.114 39.254 -0.055393 109 82 45
20.114 39.238 -0.004627 110 83 46
20.098 39.24 -0.029417 110 83 50
20.109 39.267 0.014949 107 81 41
20.118 39.317 0.031646 107 80 47
20.119 39.329 -0.044514 109 82 49
20.118 39.346 0.051483 109 82 45
20.113 39.315 0.007301 109 82 47
20.103 39.303 0.057633 110 83 46
20.107 39.305 -0.064836 109 82 47
20.098 39.296 0.0098783 109 83 42
20.105 39.289 -0.012978 109 82 47
20.12 39.333 -0.020104 110 83 48
20.137 39.347 -0.04707 111 84 49
20.114 39.331 -0.044954 109 82 49
20.105 39.314 -0.017098 106 81 49
20.116 39.339 0.003429 106 82 44
20.113 39.344 0.027649 108 80 49
20.103 39.298 0.034149 110 81 50
20.116 39.305 -0.040056 107 83 47
20.113 39.323 0.05471 109 80 48
20.12 39.324 -0.067973 110 83 48
20.139 39.413 0.041582 110 83 48
20.125 39.389 0.020604 110 82 42
20.12 39.396 0.044688 111 84 49
20.127 39.371 0.072851 107 83 47
20.125 39.377 -0.052201 109 82 45
20.121 39.409 -0.032424 111 82 50
20.117 39.363 -0.00045358 111 83 44
20.13 39.379 -0.027493 110 83 48
20.125 39.355 -0.023323 108 84 50
20.135 39.407 -0.0071877 111 82 50
20.128 39.396 0.069361 110 83 48
20.146 39.393 -0.055209 107 83 49
20.129 39.367 0.048124 108 84 46
20.135 39.36 0.024663 111 82 50
20.139 39.409 0.017359 109 83 43
20.14 39.379 -0.0026277 110 83 48
20.137 39.418 0.065818 112 83 49
20.165 39.472 -0.017393 110 83 48
20.152 39.455 0.010055 110 83 48
20.153 39.473 -0.042651 109 82 47
20.14 39.435 0.013285 111 82 48
20.149 39.461 0.034484 108 84 48
20.141 39.443 0.061626 108 84 48
20.134 39.455 -0.04012 109 82 45
20.14 39.43 -0.010818 109 82 49
20.138 39.47 0.058764 112 84 47
20.131 39.443 0.037317 107 84 43
20.141 39.487 0.0058161 111 82 48
20.139 39.457 -0.015344 109 85 49
20.13 39.427 -0.060873 109 80 48
20.14 39.426 -0.034789 110 83 46
20.151 39.505 -0.022701 112 83 49
20.165 39.521 -0.050877 111 83 52
20.161 39.555 -0.030415 110 83 46
20.16 39.518 0.076872 110 83 50
20.153 39.544 0.047009 110 82 51
20.15 39.556 -0.055903 110 83 50
20.149 39.51 0.0025805 112 84 47
20.154 39.516 0.052054 110 83 48
20.151 39.55 0.071993 110 83 48
20.152 39.513 0.026559 111 84 51
20.145 39.544 0.022531 108 81 48
20.144 39.536 -0.027185 110 83 48
20.135 39.503 0.079419 108 84 48
20.141 39.506 -0.048312 109 82 49
20.142 39.495 0.054631 109 82 49
20.149 39.538 -0.001954 110 83 48
20.137 39.493 0.030415 111 82 48
20.191 39.585 0.06617 111 84 49
20.13 39.622 0.09187 111 84 49
20.159 39.589 -0.009951 111 84 49
20.183 39.561 0.070223 111 84 49
20.162 39.559 -0.0047742 110 83 50
20.184 39.584 0.042016 111 84 51
20.164 39.566 0.04442 110 84 44
20.149 39.598 0.015002 109 82 47
20.164 39.582 -0.034966 110 83 48
20.153 39.568 0.018882 110 83 50
20.165 39.594 0.040857 111 84 51
18.116 39.108 -0.50423 29 14 7
19.884 39.218 -0.15633 90 67 36
19.867 39.219 -0.18392 88 64 36
19.882 39.202 -0.10008 129 93 53
19.836 39.212 -0.13096 123 92 48
19.888 39.221 -0.13028 91 63 34
19.844 39.222 -0.21241 124 91 56
20.094 39.205 -0.096775 91 66 43
20.114 39.186 -0.16391 91 71 44
20.067 39.199 -0.19375 91 72 42
20.092 39.214 -0.19493 90 70 45
20.104 39.225 -0.099008 109 82 49
20.102 39.222 -0.12346 108 80 49
19.877 39.232 -0.24036 95 70 47
20.097 39.22 -0.14717 90 70 45
19.957 39.203 -0.098964 93 65 28
20.155 39.18 -0.11211 91 67 31
20.094 39.217 -0.17041 93 74 44
20.124 39.242 -0.10196 109 82 49
20.109 39.275 -0.083676 109 82 47
20.129 39.236 -0.12383 108 81 44
20.113 39.29 -0.13531 110 81 49
20.131 39.279 -0.15753 110 84 43
20.122 39.254 -0.17759 111 82 48
20.111 39.255 -0.20213 110 83 50
20.115 39.265 -0.13141 109 83 43
20.108 39.264 -0.15608 109 82 47
20.105 39.273 -0.10838 109 82 49
20.101 39.254 -0.079957 107 83 49
20.121 39.279 -0.18199 107 83 47
20.118 39.236 -0.14949 108 84 48
20.121 39.275 -0.20675 108 83 51
20.114 39.226 -0.074671 107 83 49
20.105 39.237 -0.17381 107 82 50
20.106 39.232 -0.19809 109 81 50
20.109 39.35 -0.09748 109 82 45
20.123 39.348 -0.072444 108 84 46
20.116 39.318 -0.11649 109 80 46
20.126 39.331 -0.16839 110 83 50
20.13 39.308 -0.1387 109 82 47
20.124 39.302 -0.18696 108 84 50
20.124 39.353 -0.1976 109 82 49
20.123 39.357 -0.17365 109 82 49
20.116 39.31 -0.16468 108 81 46
20.119 39.321 -0.091694 109 80 46
20.113 39.298 -0.088113 110 83 48
20.124 39.29 -0.11109 108 81 44
20.122 39.328 -0.19201 107 82 50
20.138 39.334 -0.11901 109 83 43
20.128 39.334 -0.14298 110 83 50
20.136 39.42 -0.084669 110 83 50
20.135 39.368 -0.07544 108 84 48
20.127 39.377 -0.20249 110 82 51
20.153 39.378 -0.12652 110 81 49
20.126 39.394 -0.10537 110 81 47
20.12 39.363 -0.15062 109 82 49
20.13 39.41 -0.1592 109 82 49
20.138 39.41 -0.13318 111 83 46
20.146 39.411 -0.10731 109 82 47
20.143 39.361 -0.098721 107 83 47
20.136 39.403 -0.18286 110 83 48
20.133 39.395 -0.080356 109 82 47
20.146 39.425 -0.1862 110 83 50
20.138 39.398 -0.20637 110 83 48
20.135 39.381 -0.15237 110 82 51
20.136 39.377 -0.17728 109 81 50
20.127 39.364 -0.12487 111 83 43
20.149 39.477 -0.19681 110 83 50
20.148 39.432 -0.13714 107 83 47
20.142 39.457 -0.16796 110 83 50
20.148 39.459 -0.14231 110 83 50
20.147 39.482 -0.17147 111 84 49
20.144 39.469 -0.093382 109 82 47
20.151 39.427 -0.1605 107 83 45
20.156 39.49 -0.096528 109 83 43
20.156 39.459 -0.11633 109 81 50
20.154 39.442 -0.062751 110 83 46
20.144 39.452 -0.19168 107 82 50
20.154 39.483 -0.14675 110 83 50
20.138 39.476 -0.069365 111 84 51
20.134 39.443 -0.11401 109 82 47
20.148 39.49 -0.12227 109 82 47
20.148 39.44 -0.088268 110 81 47
20.15 39.497 -0.072774 109 82 49
20.161 39.506 -0.15078 109 82 49
20.172 39.552 -0.18537 111 84 47
20.158 39.54 -0.13107 109 82 45
20.148 39.549 -0.10749 109 82 49
20.153 39.502 -0.2023 109 82 45
20.157 39.504 -0.1769 110 83 50
20.164 39.545 -0.080654 109 82 47
20.152 39.523 -0.077314 112 83 51
20.158 39.563 -0.16214 108 84 50
20.167 39.531 -0.15553 109 82 49
20.155 39.513 -0.12674 110 82 42
20.154 39.518 -0.10163 108 80 49
20.155 39.533 -0.18163 109 81 50
20.16 39.567 -0.13592 111 84 51
20.201 39.593 -0.19222 109 82 45
20.163 39.578 -0.05967 111 84 51
20.192 39.574 -0.16151 110 83 46
20.162 39.585 -0.19136 107 82 50
20.169 39.599 -0.087506 110 83 50
20.164 39.573 -0.085232 111 85 45
20.167 39.567 -0.11015 110 84 43
20.208 39.574 -0.10805 110 83 50
20.162 39.594 -0.1385 110 82 51
18.015 39.073 -0.59733 32 11 16
18.042 39.127 -0.69005 20 8 10
17.993 39.113 -0.60297 29 12 18
18.385 39.169 -0.68299 34 18 3
19.744 39.248 -0.41913 98 71 36
19.717 39.261 -0.39859 69 43 18
19.848 39.229 -0.32059 114 84 48
19.974 39.205 -0.35318 98 77 50
19.767 39.25 -0.36341 109 79 41
19.943 39.207 -0.25422 93 73 36
20.017 39.195 -0.31919 97 75 51
19.87 39.226 -0.29116 116 86 50
19.955 39.236 -0.36621 98 76 52
20.106 39.22 -0.2678 94 72 48
20.112 39.191 -0.28601 96 75 56
20.115 39.213 -0.29085 95 76 46
20.043 39.21 -0.32456 99 78 51
20.102 39.206 -0.21782 96 72 46
20.121 39.223 -0.21885 110 83 48
20.111 39.231 -0.34514 102 83 53
20.124 39.218 -0.24254 99 77 53
20.093 39.217 -0.31848 98 77 48
20.106 39.236 -0.32262 110 83 48
20.104 39.209 -0.34095 99 79 55
19.939 39.224 -0.31162 98 73 50
20.145 39.183 -0.25666 97 72 50
20.112 39.242 -0.27364 108 84 50
20.117 39.245 -0.24937 108 84 46
20.121 39.271 -0.22964 110 81 47
20.135 39.278 -0.30553 108 84 50
20.119 39.256 -0.32544 110 83 48
20.128 39.285 -0.28227 111 83 52
20.138 39.261 -0.25073 109 82 47
20.134 39.246 -0.34666 110 82 53
20.116 39.297 -0.23649 108 81 46
20.117 39.236 -0.29689 110 83 50
20.114 39.25 -0.22587 110 82 43
20.112 39.283 -0.33378 111 83 52
20.122 39.291 -0.25955 110 82 43
20.126 39.257 -0.30012 110 83 50
20.122 39.263 -0.27708 108 84 48
20.112 39.349 -0.24881 109 82 49
20.134 39.315 -0.23878 107 83 49
20.135 39.311 -0.263 110 83 46
20.124 39.328 -0.34361 110 83 50
20.148 39.344 -0.34471 109 82 49
20.149 39.352 -0.29603 110 83 50
20.126 39.348 -0.22147 110 83 46
20.128 39.297 -0.21026 109 82 47
20.122 39.304 -0.33722 108 84 50
20.129 39.33 -0.31872 110 82 51
20.116 39.314 -0.29006 108 84 48
20.143 39.358 -0.27373 110 82 51
20.14 39.351 -0.322 108 84 50
20.138 39.335 -0.26827 111 84 49
20.135 39.332 -0.29276 108 84 50
20.131 39.304 -0.31199 111 84 51
20.119 39.325 -0.21764 107 83 47
20.136 39.425 -0.21195 106 82 44
20.147 39.43 -0.31554 111 84 49
20.148 39.415 -0.23547 107 83 49
20.128 39.394 -0.25752 107 83 47
20.125 39.391 -0.28259 108 83 51
20.14 39.381 -0.30425 108 84 48
20.144 39.401 -0.33464 107 83 49
20.136 39.409 -0.3108 110 83 50
20.149 39.411 -0.25874 108 84 50
20.13 39.371 -0.22731 110 83 46
20.152 39.424 -0.3397 109 81 50
20.152 39.406 -0.28382 110 83 48
20.139 39.377 -0.32968 109 81 50
20.136 39.395 -0.23095 107 83 47
20.141 39.363 -0.249 111 84 51
20.146 39.474 -0.22177 108 80 49
20.153 39.466 -0.2467 109 82 49
20.144 39.436 -0.29137 109 82 49
20.154 39.497 -0.22672 110 83 50
20.162 39.454 -0.29375 107 83 49
20.151 39.482 -0.32729 107 83 49
20.159 39.451 -0.31933 110 82 51
20.142 39.44 -0.26679 109 82 47
20.145 39.447 -0.21689 109 82 47
20.171 39.454 -0.26704 108 84 50
20.157 39.491 -0.2513 110 82 51
20.145 39.489 -0.30308 110 83 50
20.155 39.507 -0.33298 108 84 50
20.158 39.447 -0.34358 109 82 49
20.15 39.491 -0.27753 106 81 49
20.144 39.444 -0.24121 107 83 47
20.161 39.525 -0.20682 108 81 46
20.163 39.539 -0.28739 107 83 47
20.168 39.557 -0.34427 110 84 43
20.165 39.571 -0.26915 110 83 48
20.171 39.504 -0.30483 109 82 47
20.17 39.573 -0.24113 109 82 49
20.16 39.514 -0.28149 107 82 50
20.158 39.546 -0.26282 109 82 49
20.162 39.549 -0.23755 109 82 45
20.179 39.555 -0.31615 108 81 46
20.163 39.535 -0.31274 107 83 47
20.145 39.562 -0.21437 109 82 47
20.163 39.531 -0.3378 108 84 50
20.162 39.517 -0.25649 109 82 47
20.172 39.563 -0.29165 109 81 50
20.157 39.523 -0.23135 108 81 44
20.16 39.598 -0.30107 108 81 46
20.174 39.575 -0.2163 108 81 44
20.175 39.582 -0.34893 107 83 49
20.179 39.584 -0.3226 109 82 49
20.194 39.593 -0.21886 107 82 50
20.183 39.59 -0.27096 107 83 49
20.192 39.589 -0.24395 106 81 51
18.027 39.015 -0.91255 1 7 0
18.041 38.992 -0.81892 58 13 18
17.964 39.045 -0.81043 59 10 14
17.967 39.03 -0.88658 43 3 12
17.957 39.039 -0.84569 52 14 11
18.067 39.053 -0.87039 42 9 12
18.192 39.125 -0.7461 19 11 0
18.03 39.095 -0.8873 43 6 14
18.069 39.182 -0.78408 15 9 9
18.365 39.245 -0.9184 46 14 0
18.088 39.216 -0.788 24 9 12
18.465 39.196 -0.84328 36 10 9
18.267 39.228 -0.9353 35 6 10
18.213 39.313 -0.96821 81 48 41
18.428 39.28 -0.8396 62 32 16
18.311 39.299 -0.89986 80 48 43
18.306 39.263 -0.89462 43 12 2
18.402 39.402 -0.83756 49 31 11
18.371 39.448 -0.85488 49 32 22
19.867 39.222 -0.47742 101 76 53
19.937 39.213 -0.38544 96 73 40
19.846 39.238 -0.43408 103 82 51
19.734 39.238 -0.49942 93 64 22
19.821 39.233 -0.5166 67 38 14
19.775 39.243 -0.55506 50 36 23
19.843 39.234 -0.45973 145 113 74
20.134 39.235 -0.41704 111 83 54
20.083 39.225 -0.44731 101 79 55
20.111 39.219 -0.41705 104 79 56
20.121 39.219 -0.38971 97 75 51
20.128 39.233 -0.44227 105 86 56
20.169 39.183 -0.34975 97 78 48
20.118 39.224 -0.36746 97 75 51
20.134 39.227 -0.46451 98 76 52
20.178 39.184 -0.46929 103 82 53
20.144 39.2 -0.45539 103 78 55
20.122 39.271 -0.37966 109 81 50
20.154 39.272 -0.44944 110 82 51
20.119 39.244 -0.39698 110 82 51
20.121 39.3 -0.36252 109 82 49
20.124 39.304 -0.4895 106 81 51
20.136 39.283 -0.42978 109 85 49
20.129 39.257 -0.44908 109 82 49
20.12 39.256 -0.47607 107 83 47
20.123 39.275 -0.35519 110 82 55
20.146 39.271 -0.47568 109 84 52
20.136 39.29 -0.38271 111 84 49
20.129 39.306 -0.46344 111 84 49
20.138 39.261 -0.39931 110 83 50
20.129 39.244 -0.37153 108 84 50
20.124 39.291 -0.40978 109 82 49
20.134 39.259 -0.4242 110 83 50
20.15 39.335 -0.39282 108 80 49
20.129 39.348 -0.37352 108 81 48
20.145 39.354 -0.44964 111 84 49
20.147 39.307 -0.41028 108 84 50
20.138 39.307 -0.43824 107 83 47
20.133 39.363 -0.42743 108 84 50
20.136 39.37 -0.37838 109 82 49
20.145 39.362 -0.4009 109 82 49
20.129 39.357 -0.47765 107 82 50
20.134 39.329 -0.46919 107 82 52
20.136 39.315 -0.38954 107 82 50
20.135 39.337 -0.41999 110 82 51
20.146 39.329 -0.44226 107 83 49
20.142 39.317 -0.3633 107 84 43
20.152 39.385 -0.40639 109 82 45
20.153 39.429 -0.46935 107 82 50
20.126 39.411 -0.49441 107 82 50
20.129 39.377 -0.35556 108 83 51
20.135 39.389 -0.43373 108 81 48
20.147 39.406 -0.46327 109 81 52
20.153 39.411 -0.41285 110 83 46
20.143 39.438 -0.44738 108 84 48
20.148 39.409 -0.43849 110 82 51
20.145 39.418 -0.38947 110 83 50
20.141 39.424 -0.36671 108 81 48
20.146 39.392 -0.38337 111 83 46
20.151 39.378 -0.4548 110 83 48
20.146 39.376 -0.48102 109 81 50
20.166 39.432 -0.41725 110 83 46
20.152 39.426 -0.49414 107 81 54
20.136 39.4 -0.35994 110 80 52
20.15 39.47 -0.40238 107 82 50
20.165 39.478 -0.481 108 80 49
20.156 39.499 -0.38287 109 82 49
20.147 39.499 -0.41118 111 82 51
20.155 39.464 -0.42665 108 84 50
20.158 39.474 -0.35135 110 83 48
20.167 39.509 -0.46284 110 83 50
20.145 39.476 -0.37932 109 82 47
20.155 39.487 -0.45827 108 84 50
20.153 39.446 -0.36985 106 82 48
20.164 39.437 -0.39266 108 81 48
20.175 39.493 -0.35438 107 83 49
20.148 39.463 -0.45263 107 82 50
20.164 39.506 -0.4898 107 83 47
20.16 39.453 -0.47492 109 81 52
20.165 39.486 -0.43102 110 82 51
20.172 39.579 -0.37562 107 83 47
20.161 39.581 -0.40316 107 82 50
20.162 39.528 -0.3644 109 81 50
20.181 39.533 -0.44233 110 83 50
20.175 39.56 -0.47566 109 81 50
20.18 39.546 -0.36614 107 79 48
20.168 39.548 -0.39385 107 82 50
20.163 39.515 -0.43933 109 82 49
20.175 39.569 -0.42499 107 82 50
20.16 39.548 -0.42235 108 84 48
20.181 39.562 -0.44939 110 83 50
20.158 39.525 -0.3904 110 83 50
20.18 39.525 -0.49207 107 82 50
20.168 39.516 -0.4127 108 83 51
20.163 39.538 -0.47171 108 81 48
20.156 39.599 -0.48886 108 84 50
20.181 39.607 -0.35424 107 82 50
20.21 39.587 -0.37337 108 81 48
20.191 39.585 -0.45394 107 82 50
20.193 39.592 -0.40225 109 82 47
20.181 39.595 -0.4314 110 82 51
19.253 40.573 -0.58484 80 59 30
19.165 40.634 -0.60589 80 59 30
18.165 39.25 -1.1763 15 8 0
18.791 39.14 -0.91368 15 11 10
18.439 39.204 -1.0539 27 21 7
18.197 39.244 -1.1649 13 6 0
18.423 39.226 -0.94112 38 6 0
18.451 39.236 -1.0617 28 15 24
18.38 39.244 -1.121 26 15 9
18.396 39.284 -1.0859 12 9 4
18.263 39.282 -1.0791 23 20 15
19.741 39.258 -0.70889 47 31 14
19.929 39.224 -0.65643 52 36 19
19.902 39.228 -0.69046 46 35 5
20.123 39.244 -0.54626 105 83 62
20.123 39.227 -0.491 100 78 55
20.122 39.219 -0.53897 104 83 54
20.136 39.218 -0.51169 104 79 56
20.142 39.233 -0.56451 104 84 59
20.095 39.225 -0.57137 105 84 63
20.123 39.232 -0.61862 105 85 58
20.132 39.232 -0.5916 105 85 60
20.132 39.269 -0.528 109 81 50
20.151 39.274 -0.60098 111 83 56
20.128 39.299 -0.51284 109 82 47
20.144 39.26 -0.54779 108 84 50
20.117 39.262 -0.60399 109 86 53
20.129 39.287 -0.585 109 86 53
20.144 39.306 -0.58731 110 83 48
20.137 39.271 -0.50221 107 82 50
20.122 39.264 -0.57828 109 84 52
20.155 39.244 -0.61543 108 83 60
20.131 39.278 -0.63231 110 82 51
20.139 39.304 -0.61291 109 84 52
20.136 39.313 -0.56578 110 82 51
20.134 39.289 -0.55894 111 83 56
20.119 39.298 -0.53919 109 82 49
20.121 39.248 -0.52284 106 86 62
20.13 39.249 -0.49622 109 82 49
20.173 39.36 -0.49758 107 82 50
20.137 39.342 -0.54948 110 81 50
20.143 39.343 -0.52241 109 82 47
20.156 39.352 -0.5997 111 83 52
20.15 39.366 -0.52851 110 83 50
20.154 39.356 -0.57593 109 84 54
20.158 39.316 -0.48665 110 83 50
20.167 39.318 -0.61208 110 83 50
20.135 39.351 -0.50147 108 84 50
20.143 39.353 -0.62882 111 83 52
20.154 39.36 -0.55241 110 83 50
20.155 39.374 -0.63298 110 82 53
20.16 39.376 -0.6071 108 84 48
20.144 39.331 -0.59581 110 85 53
20.141 39.319 -0.5159 109 81 50
20.14 39.336 -0.57253 109 84 52
20.14 39.315 -0.54124 110 83 48
20.153 39.417 -0.54394 108 81 48
20.144 39.386 -0.58767 111 84 51
20.165 39.426 -0.62142 109 84 54
20.143 39.399 -0.51439 108 83 51
20.155 39.404 -0.61776 109 85 51
20.161 39.44 -0.5488 111 84 51
20.161 39.418 -0.5163 109 82 45
20.16 39.41 -0.56626 109 84 52
20.141 39.392 -0.56348 108 84 48
20.154 39.435 -0.60103 110 82 51
20.16 39.406 -0.59064 109 84 52
20.158 39.389 -0.53464 109 82 45
20.155 39.439 -0.57582 107 82 50
20.179 39.505 -0.61822 111 83 52
20.147 39.451 -0.52912 109 82 47
20.161 39.467 -0.55705 110 82 53
20.165 39.493 -0.56451 109 84 54
20.163 39.462 -0.58159 109 81 50
20.15 39.504 -0.54392 109 81 50
20.135 39.461 -0.50672 107 83 47
20.154 39.506 -0.51744 110 83 50
20.189 39.469 -0.63083 109 84 52
20.175 39.511 -0.59448 111 84 51
20.177 39.468 -0.50263 109 81 52
20.155 39.489 -0.61768 107 82 50
20.156 39.493 -0.59225 108 84 48
20.165 39.457 -0.60515 108 84 50
20.161 39.51 -0.64932 108 84 50
20.176 39.464 -0.52712 110 83 46
20.163 39.454 -0.63117 109 85 51
20.177 39.515 -0.56861 108 83 51
20.187 39.537 -0.57313 109 85 51
20.174 39.581 -0.53567 109 81 52
20.194 39.566 -0.55464 108 81 48
20.175 39.597 -0.62043 108 84 48
20.176 39.592 -0.64567 110 82 51
20.172 39.541 -0.6049 110 82 51
20.173 39.557 -0.5024 110 83 48
20.186 39.579 -0.506 107 83 49
20.181 39.561 -0.63497 108 84 50
20.167 39.556 -0.52936 108 80 49
20.182 39.564 -0.6096 107 82 50
20.169 39.551 -0.55482 108 81 46
20.182 39.521 -0.51699 108 80 49
20.184 39.568 -0.58311 107 82 50
20.185 39.515 -0.54092 107 83 47
20.169 39.538 -0.63038 108 84 50
20.211 39.594 -0.50746 109 82 49
20.192 39.601 -0.53821 108 83 51
20.191 39.597 -0.56473 106 82 46
20.2 39.588 -0.58723 109 84 52
18.366 38.99 -1.3186 17 12 0
18.152 39.063 -1.3702 18 21 4
18.196 39.064 -1.3127 15 14 22
18.369 39.004 -1.2349 24 14 22
18.285 39.008 -1.3089 27 14 6
18.428 38.975 -1.3317 15 13 16
18.427 39.097 -1.2581 17 13 10
18.37 39.1 -1.3179 22 15 0
18.428 39.131 -1.2693 23 4 0
18.25 39.14 -1.2437 12 3 8
18.458 39.132 -1.2243 30 20 19
18.501 39.105 -1.3237 21 6 0
18.476 39.116 -1.2896 37 37 25
18.441 39.101 -1.2169 9 11 10
18.178 39.117 -1.2469 16 13 0
18.288 39.106 -1.3863 25 23 0
18.493 39.046 -1.2582 23 18 0
18.511 39.049 -1.2169 12 7 13
18.554 39.196 -1.139 21 10 8
18.361 39.215 -1.3221 11 11 0
18.428 39.215 -1.2214 16 17 12
18.428 39.16 -1.3203 37 19 5
18.489 39.161 -1.2257 19 14 18
18.255 39.198 -1.3475 69 47 32
18.45 39.204 -1.2537 16 12 9
18.304 39.253 -1.1838 18 15 0
18.46 39.237 -1.2611 12 10 11
18.402 39.185 -1.2138 12 8 5
18.382 39.159 -1.1716 13 12 8
18.272 39.172 -1.2497 17 8 9
18.309 39.261 -1.3563 14 10 0
18.429 39.25 -1.2306 13 11 12
19.868 39.235 -0.72893 35 22 3
19.902 39.245 -0.75264 0 0 0
19.909 39.239 -0.77611 33 23 14
20.124 39.227 -0.6419 104 84 59
20.157 39.228 -0.70862 106 86 62
20.153 39.226 -0.73551 107 88 58
20.133 39.192 -0.67762 103 83 56
20.204 39.18 -0.72973 107 85 61
20.131 39.221 -0.66328 105 83 59
20.121 39.221 -0.69093 107 85 62
20.102 39.223 -0.72252 107 87 62
20.151 39.242 -0.64048 105 84 55
20.136 39.228 -0.76492 107 87 63
20.127 39.247 -0.67303 108 85 54
20.157 39.232 -0.686 108 86 65
20.13 39.197 -0.65605 104 84 57
20.192 39.188 -0.71138 107 86 65
20.054 39.211 -0.75573 112 83 87
20.038 39.221 -0.73654 95 91 90
20.157 39.306 -0.7121 108 83 53
20.161 39.272 -0.74952 110 85 55
20.147 39.306 -0.74051 111 86 54
20.143 39.266 -0.67549 110 85 53
20.144 39.261 -0.69925 110 85 55
20.158 39.276 -0.72623 110 86 52
20.152 39.266 -0.64833 110 82 51
20.158 39.288 -0.65494 111 84 49
20.141 39.299 -0.63697 109 84 52
20.137 39.292 -0.6865 112 85 52
20.157 39.281 -0.70348 112 84 57
20.133 39.261 -0.72826 107 86 57
20.145 39.303 -0.76514 111 85 58
20.136 39.256 -0.75022 109 83 60
20.155 39.31 -0.68801 109 84 52
20.156 39.353 -0.75516 112 85 52
20.145 39.374 -0.6613 111 83 54
20.162 39.329 -0.71924 110 85 53
20.153 39.367 -0.68282 110 84 44
20.125 39.348 -0.70874 111 84 51
20.175 39.375 -0.73251 112 85 52
20.158 39.343 -0.64806 110 83 48
20.136 39.348 -0.68021 111 84 51
20.148 39.361 -0.73395 110 86 50
20.153 39.363 -0.70694 109 84 54
20.147 39.331 -0.74895 111 86 54
20.156 39.379 -0.76371 111 86 56
20.15 39.32 -0.64281 110 82 55
20.146 39.318 -0.66814 110 83 50
20.169 39.318 -0.76495 113 85 56
20.142 39.46 -0.6637 109 85 51
20.168 39.458 -0.76342 112 84 55
20.137 39.408 -0.64785 109 84 54
20.177 39.405 -0.71612 110 86 48
20.174 39.441 -0.67724 111 83 52
20.166 39.428 -0.7795 108 83 53
20.183 39.424 -0.74759 110 86 50
20.139 39.395 -0.72216 109 85 51
20.175 39.436 -0.70187 109 82 49
20.159 39.459 -0.79255 109 84 52
20.147 39.426 -0.67758 111 83 52
20.143 39.447 -0.73908 109 84 52
20.167 39.413 -0.69498 112 85 52
20.165 39.422 -0.64669 108 83 51
20.173 39.388 -0.65952 109 85 51
20.153 39.393 -0.69158 110 85 53
20.157 39.409 -0.74897 112 84 53
20.147 39.41 -0.77861 109 84 52
20.192 39.506 -0.74686 109 85 47
20.204 39.496 -0.76728 110 86 52
20.137 39.542 -0.71846 110 83 50
20.171 39.473 -0.66197 110 83 50
20.184 39.455 -0.7319 110 85 53
20.204 39.469 -0.75693 112 84 53
20.146 39.509 -0.70597 111 84 51
20.144 39.514 -0.67994 108 84 48
20.163 39.469 -0.7155 108 83 51
20.172 39.52 -0.73009 111 83 52
20.128 39.514 -0.73801 109 84 52
20.165 39.491 -0.74829 111 83 52
20.154 39.477 -0.69406 109 83 43
20.175 39.58 -0.72337 111 83 52
20.15 39.54 -0.68848 109 84 52
20.207 39.522 -0.77798 111 84 51
20.176 39.559 -0.6627 106 82 48
20.202 39.529 -0.75188 111 83 52
20.182 39.597 -0.78157 110 85 53
20.207 39.531 -0.72556 109 85 51
20.145 39.571 -0.70019 109 81 52
20.189 39.544 -0.7077 111 82 51
20.179 39.574 -0.74743 111 83 52
20.166 39.572 -0.80401 109 84 52
20.197 39.56 -0.7649 109 84 52
20.209 39.59 -0.71938 109 81 50
20.178 39.587 -0.67096 107 82 52
20.169 39.608 -0.76112 110 83 50
20.154 39.542 -0.66126 108 84 48
20.184 39.58 -0.69409 107 82 52
20.2 39.6 -0.69697 109 81 50
18.507 38.997 -1.3135 15 11 0
18.589 38.978 -1.3228 19 10 11
18.636 39.004 -1.311 18 14 13
18.57 39.001 -1.4137 0 9 10
18.424 38.996 -1.4208 11 9 20
18.541 38.966 -1.4477 40 31 24
18.514 39.042 -1.4536 19 9 17
18.434 39.028 -1.435 22 10 12
18.503 38.952 -1.3764 13 14 8
18.45 38.985 -1.4507 14 12 17
18.469 38.963 -1.3559 10 10 12
18.517 39.096 -1.3497 14 4 2
18.434 39.069 -1.4066 18 13 9
18.348 39.147 -1.5062 13 11 12
18.529 39.074 -1.4604 30 25 3
18.415 39.128 -1.5185 32 28 0
18.343 39.154 -1.4755 8 14 12
18.455 39.059 -1.4383 5 9 8
18.525 39.088 -1.3837 8 4 21
18.298 39.119 -1.5179 11 9 14
18.438 39.208 -1.4669 9 9 9
18.573 39.188 -1.3728 13 13 3
18.62 39.185 -1.3153 10 12 1
18.518 39.164 -1.3775 8 12 15
18.391 39.175 -1.5057 12 17 10
18.439 39.244 -1.4733 9 6 13
18.509 39.236 -1.4095 15 5 6
18.291 39.313 -1.55 15 13 18
18.414 39.294 -1.4555 24 21 6
18.452 39.314 -1.4991 35 31 32
18.397 39.267 -1.4129 10 7 0
18.319 39.382 -1.5782 46 34 20
19.783 39.262 -0.93212 42 28 1
20.021 39.214 -0.8176 45 32 0
19.769 39.231 -0.97634 45 30 11
19.879 39.236 -0.86519 43 27 2
19.983 39.223 -0.85694 44 25 11
19.791 39.255 -0.95394 43 29 18
20.153 39.23 -0.86325 108 88 64
20.15 39.247 -0.76904 107 87 52
20.137 39.219 -0.81219 105 88 60
20.147 39.244 -0.7945 107 86 59
20.138 39.223 -0.78954 107 85 61
20.135 39.244 -0.82355 107 87 63
20.159 39.253 -0.87018 105 87 65
20.152 39.21 -0.82926 109 88 67
20.097 39.209 -0.82107 108 79 57
20.18 39.184 -0.76195 117 74 75
20.163 39.23 -0.83421 106 88 64
20.184 39.297 -0.85484 109 84 52
20.161 39.289 -0.80706 112 86 45
20.172 39.251 -0.84074 111 88 57
20.148 39.272 -0.778 110 85 53
20.165 39.275 -0.87718 111 86 56
20.18 39.298 -0.85694 109 84 52
20.164 39.291 -0.78157 109 84 52
20.145 39.291 -0.83877 109 84 54
20.152 39.321 -0.79591 112 84 53
20.176 39.254 -0.81531 109 85 57
20.154 39.266 -0.80124 112 85 50
20.173 39.305 -0.83518 110 87 56
20.164 39.312 -0.81468 113 85 56
20.155 39.283 -0.85795 111 87 59
20.158 39.37 -0.81264 111 83 54
20.16 39.336 -0.85152 109 85 57
20.159 39.348 -0.77823 109 84 52
20.165 39.363 -0.83502 112 84 53
20.174 39.326 -0.86925 110 85 55
20.158 39.344 -0.80286 113 86 53
20.171 39.379 -0.89098 111 85 58
20.167 39.389 -0.84325 111 83 54
20.186 39.347 -0.87386 110 86 58
20.193 39.348 -0.8457 113 85 54
20.167 39.371 -0.78455 112 84 55
20.164 39.338 -0.82524 112 85 52
20.172 39.383 -0.86568 110 86 52
20.159 39.454 -0.81676 110 82 51
20.187 39.456 -0.88912 111 83 54
20.177 39.442 -0.83369 112 85 52
20.181 39.405 -0.87122 111 86 56
20.175 39.42 -0.80087 111 84 49
20.16 39.423 -0.83093 110 82 51
20.166 39.398 -0.79396 113 85 56
20.179 39.437 -0.85782 111 86 54
20.175 39.39 -0.81557 110 85 53
20.154 39.444 -0.89491 110 85 55
20.171 39.414 -0.85259 111 83 54
20.178 39.465 -0.86944 111 85 58
20.182 39.49 -0.87742 110 85 55
20.156 39.499 -0.9151 111 86 54
20.178 39.544 -0.9263 110 85 55
20.178 39.473 -0.8193 111 84 51
20.183 39.475 -0.79118 112 84 55
20.165 39.511 -0.80937 112 84 53
20.176 39.525 -0.86528 111 83 52
20.17 39.537 -0.81669 110 83 48
20.19 39.491 -0.84918 110 85 55
20.162 39.476 -0.85093 112 84 53
20.167 39.506 -0.83401 111 83 46
20.194 39.508 -0.90703 110 86 52
20.19 39.523 -0.8344 111 84 51
20.178 39.52 -0.89049 109 84 54
20.19 39.571 -0.90687 110 85 55
20.181 39.58 -0.88458 113 85 56
20.193 39.607 -0.86418 112 84 53
20.182 39.547 -0.89808 109 83 56
20.197 39.584 -0.80066 112 84 55
20.177 39.558 -0.85023 111 83 52
20.199 39.575 -0.85098 110 83 48
20.171 39.594 -0.83748 111 84 47
20.166 39.567 -0.82984 111 84 49
20.196 39.544 -0.8671 110 85 53
20.23 39.592 -0.82235 111 85 44
20.192 39.599 -0.9164 109 83 56
20.204 39.597 -0.88368 109 84 52
20.228 39.597 -0.79762 107 85 48
