2482
0.38987 0.25522 0.70844 0.53007 17.111 7.8972 -0.11944
17.85 3.2951 -0.60371 74 52 28
16.09 5.526 -0.34794 69 52 24
16.323 5.8616 -0.55555 34 15 8
17.069 4.3686 -0.9969 30 20 11
17.123 5.4197 -1.2615 42 22 11
17.132 5.2733 -1.3606 42 20 5
17.057 4.7324 -1.5736 46 22 8
17.119 4.7852 -1.5214 45 26 12
17.107 4.8433 -1.5813 37 24 5
17.066 4.7061 -1.6216 43 23 22
17.075 4.6752 -1.6722 44 27 10
17.098 4.9269 -1.5023 39 21 7
17.036 4.7961 -1.5913 42 25 8
17.012 5.0157 -1.4971 41 24 0
16.946 4.8966 -1.5752 36 23 5
15.377 5.636 -1.3687 44 25 8
15.318 5.6094 -1.3585 39 21 7
15.238 5.5045 -1.4543 39 22 14
14.722 4.9079 -1.7628 39 20 13
14.959 5.602 -1.4063 45 23 10
14.885 5.4755 -1.42 48 24 14
14.951 5.635 -1.3946 43 25 11
14.877 5.5127 -1.4133 42 24 10
17.576 5.4436 -1.4147 36 20 0
17.642 5.2299 -1.5219 34 18 1
17.639 5.1136 -1.585 37 26 0
17.61 4.7873 -1.7685 39 25 0
17.258 5.1253 -1.5629 36 18 8
17.234 5.0895 -1.5957 38 21 13
17.247 5.1699 -1.5093 34 21 2
17.188 5.0937 -1.5386 39 22 14
17.202 5.1761 -1.5567 41 24 17
17.176 4.8042 -1.73 36 22 11
17.155 5.2644 -1.5627 30 19 13
17.169 5.4052 -1.4442 42 24 14
17.188 5.0589 -1.6702 42 24 10
17.222 4.9417 -1.6063 37 22 0
17.166 4.8083 -1.6929 37 21 8
17.146 5.3383 -1.4921 35 21 20
17.139 5.2196 -1.5227 36 24 0
17.105 4.9252 -1.6599 53 26 17
17.094 5.3094 -1.5329 46 23 15
17.076 5.0755 -1.5898 48 27 6
17.075 5.0329 -1.6118 48 27 6
17.112 5.3098 -1.4893 43 23 12
17.085 5.2448 -1.531 48 31 21
17.133 5.0763 -1.5728 41 25 12
17.067 5.2582 -1.5709 41 23 11
16.985 4.8928 -1.5989 39 20 13
17.006 5.3199 -1.5244 38 18 11
17.014 4.7948 -1.6415 41 22 8
16.974 5.1315 -1.5256 40 18 0
17.013 5.3037 -1.5656 32 19 0
17.042 5.3693 -1.5191 45 29 3
17.049 5.2144 -1.5253 46 27 10
17.029 5.0443 -1.5493 46 24 0
17.024 5.3056 -1.4884 46 27 10
17.042 5.2204 -1.4948 44 27 7
16.952 5.3336 -1.5413 35 21 10
16.901 5.0269 -1.5682 40 22 0
16.915 5.2999 -1.539 40 20 13
16.903 5.2456 -1.5312 37 18 1
16.927 5.1795 -1.5581 39 21 1
16.962 5.0485 -1.5334 32 21 2
16.945 5.1222 -1.545 40 22 0
16.969 5.2793 -1.529 39 19 10
16.978 5.2952 -1.5503 38 21 11
16.955 5.1486 -1.5673 37 22 1
16.93 5.0078 -1.5671 37 19 0
16.94 5.2502 -1.5538 37 16 11
16.85 4.7774 -1.7069 39 23 0
16.872 5.2127 -1.563 40 22 10
16.886 5.2936 -1.5549 40 22 12
16.827 5.1333 -1.5891 76 44 31
16.816 5.1724 -1.498 32 20 0
16.883 5.0894 -1.5792 39 19 10
16.818 5.1213 -1.5591 28 22 0
16.863 5.1923 -1.5461 41 21 10
16.872 5.2143 -1.5596 40 22 10
16.859 5.986 -1.2041 40 22 12
16.761 5.1551 -1.5599 47 24 8
16.799 5.2235 -1.5149 47 22 0
16.782 5.3862 -1.5455 45 25 18
16.763 4.9849 -1.5996 44 26 6
16.749 5.4005 -1.5138 47 29 9
16.78 5.364 -1.5583 45 25 18
16.763 5.2922 -1.5618 44 24 15
16.806 5.2225 -1.5478 41 20 17
16.755 5.3949 -1.5505 47 24 16
16.763 4.9765 -1.605 44 26 6
16.777 5.2317 -1.5503 44 22 7
16.772 5.3634 -1.5252 44 24 15
16.693 5.41 -1.5313 62 45 28
16.733 5.4814 -1.4825 49 30 13
16.642 5.4506 -1.5312 65 46 32
16.512 5.4574 -1.5065 86 59 24
16.536 5.5295 -1.5015 59 44 25
16.498 5.52 -1.484 77 56 29
16.455 5.3739 -1.5374 64 42 19
16.432 5.4083 -1.5286 55 33 22
16.44 5.413 -1.5581 58 36 25
16.513 5.5568 -1.4915 72 52 28
16.442 5.5338 -1.5017 53 35 15
16.424 5.5753 -1.4839 53 31 20
16.311 5.2531 -1.5659 124 95 63
16.373 5.5063 -1.5377 45 22 14
16.315 5.3921 -1.4705 40 23 3
16.345 5.5327 -1.5012 38 19 12
16.329 5.4205 -1.491 45 25 1
16.256 5.5474 -1.5254 40 22 12
16.29 5.3962 -1.5123 44 26 4
16.245 5.278 -1.5427 42 24 0
16.304 5.5039 -1.5311 37 24 6
16.295 5.6677 -1.4252 46 20 5
16.287 5.4693 -1.5145 47 25 4
16.317 5.4622 -1.5101 48 24 10
16.26 5.4056 -1.5184 41 23 13
16.308 5.6052 -1.4795 36 25 6
16.18 5.541 -1.4878 43 23 0
16.124 5.3215 -1.5711 36 22 11
16.149 5.4735 -1.4961 39 20 3
16.194 5.4937 -1.5056 40 22 8
16.145 5.5998 -1.5086 49 27 14
16.146 5.6145 -1.467 44 22 7
16.141 5.5349 -1.4697 38 17 0
16.083 5.4748 -1.5145 43 17 3
16.082 5.5393 -1.5218 47 23 11
16.154 5.5566 -1.4895 43 21 8
15.928 5.3901 -1.4923 53 30 14
16.083 5.6265 -1.4539 38 21 13
15.997 5.5786 -1.5006 38 25 9
15.957 5.4418 -1.5046 49 26 20
15.989 5.4379 -1.4932 48 26 11
16.015 5.5562 -1.4687 45 26 12
15.975 5.4163 -1.47 45 28 11
16.028 5.5126 -1.4845 44 25 9
16.038 5.5977 -1.4807 39 22 12
16.022 5.6235 -1.5075 43 25 15
15.915 5.436 -1.4844 51 29 6
16.013 5.6709 -1.4893 42 23 19
15.983 5.5596 -1.4764 48 26 11
15.96 5.639 -1.487 41 23 9
15.988 5.5788 -1.4348 50 24 7
16.011 5.6673 -1.4911 42 23 19
15.96 5.5732 -1.5171 40 24 11
15.913 5.6822 -1.4542 39 24 5
15.814 5.555 -1.5768 35 25 13
15.854 5.6341 -1.4927 46 23 5
15.906 5.7793 -1.4462 38 24 13
15.912 5.6865 -1.4144 45 24 7
15.764 5.4786 -1.5532 42 22 13
15.897 5.5967 -1.4581 45 22 14
15.834 5.7167 -1.4595 43 24 20
15.833 5.6622 -1.4513 43 19 5
15.828 5.6475 -1.4945 46 22 8
15.709 5.6276 -1.5116 46 24 13
15.715 5.6919 -1.4824 45 25 14
15.683 5.5907 -1.5015 43 26 8
15.767 5.7695 -1.4656 37 27 18
15.58 5.7049 -1.4566 49 27 6
15.606 5.6909 -1.4468 37 22 3
15.683 5.7485 -1.4716 47 24 16
15.611 5.7455 -1.456 37 24 5
15.651 5.7506 -1.4807 47 25 14
15.543 5.5439 -1.5275 39 22 12
15.662 5.8174 -1.4512 46 27 11
15.57 5.6419 -1.446 45 27 5
15.52 5.6725 -1.4534 48 25 9
15.503 5.5963 -1.4829 48 23 16
15.55 5.7582 -1.4792 45 28 2
15.523 5.7235 -1.4649 50 24 7
15.553 5.7171 -1.4597 47 23 13
15.57 5.8323 -1.4426 47 23 21
15.522 5.7692 -1.4451 44 22 11
15.376 5.5797 -1.4568 45 27 3
15.448 5.716 -1.5269 50 29 10
15.424 5.6425 -1.4547 45 24 5
15.304 5.5862 -1.4834 48 25 17
15.355 5.6001 -1.4927 38 24 0
15.461 5.8264 -1.4425 41 22 5
15.442 5.7545 -1.5133 42 23 19
15.271 5.4934 -1.527 45 22 4
15.313 5.6449 -1.4567 46 26 0
15.465 5.8763 -1.392 44 23 6
15.466 5.8358 -1.4102 44 26 6
15.149 5.442 -1.5035 42 23 7
15.377 5.7246 -1.444 44 27 1
15.407 5.8469 -1.4571 45 28 8
15.329 5.7534 -1.4802 43 24 7
15.208 5.5149 -1.4976 42 23 6
15.352 5.6506 -1.4147 49 23 8
15.303 5.678 -1.4851 43 14 8
15.323 5.7455 -1.4856 43 24 7
15.366 5.9256 -1.381 38 27 0
15.296 5.8448 -1.3948 43 23 0
15.17 5.827 -1.4724 46 20 5
15.269 5.8543 -1.3978 42 21 0
15.306 5.8958 -1.441 28 20 7
15.317 5.9472 -1.4158 44 21 13
14.943 5.5374 -1.5683 36 24 0
15.196 5.8144 -1.4334 33 15 1
15.236 5.8996 -1.3985 38 20 0
15.22 5.8417 -1.4547 41 23 1
15.232 5.8121 -1.4569 42 22 13
15.133 5.8271 -1.4507 35 22 13
15.065 5.7565 -1.4961 35 22 13
14.918 5.6446 -1.5082 44 26 2
15.284 6.0241 -1.3707 36 19 9
15.167 5.9016 -1.4136 31 18 9
15.166 5.9388 -1.4323 30 22 9
15.17 5.9053 -1.3801 42 24 10
14.973 5.7019 -1.4102 41 25 0
15.091 5.9749 -1.4152 32 22 13
15.1 5.947 -1.4214 35 28 22
14.8 5.6958 -1.5685 39 18 0
14.857 5.7483 -1.4943 35 20 1
17.551 5.4825 -1.495 45 21 21
17.583 5.3636 -1.5963 44 23 6
17.583 5.341 -1.5106 43 22 5
17.632 5.2559 -1.576 47 20 11
17.612 5.2274 -1.5964 41 26 5
17.576 5.4646 -1.4952 41 23 19
17.662 5.2706 -1.5892 43 22 5
17.576 5.4505 -1.5763 42 23 9
17.597 5.4713 -1.4834 43 25 5
17.615 5.3859 -1.5325 42 23 7
17.635 5.1922 -1.5806 39 22 2
17.602 5.3867 -1.5756 37 26 4
17.504 5.3471 -1.5069 30 14 15
17.606 5.0318 -1.6586 40 22 0
17.514 5.5006 -1.5355 34 15 11
17.586 5.1985 -1.5992 43 22 1
17.627 5.0495 -1.6345 39 23 0
17.552 5.2551 -1.5779 40 21 4
17.49 5.5039 -1.541 33 20 14
17.561 5.1413 -1.6085 33 13 4
17.481 5.3724 -1.6068 35 22 4
17.43 5.3725 -1.5224 39 22 4
17.487 5.3019 -1.5424 33 24 9
17.46 5.3235 -1.5391 37 18 2
17.443 5.4663 -1.5566 37 24 5
17.481 5.5005 -1.5111 40 20 21
17.403 5.6349 -1.4016 38 21 1
17.437 5.4506 -1.5378 36 11 17
17.458 5.5783 -1.5095 40 15 8
17.41 5.2722 -1.5587 45 19 5
17.425 5.2232 -1.6178 42 26 9
17.417 5.4223 -1.5626 38 16 1
17.377 5.3354 -1.5304 40 17 1
17.38 5.3996 -1.5288 40 19 0
17.416 5.3683 -1.5664 36 18 4
17.435 5.2651 -1.5541 40 22 0
17.419 5.2649 -1.5932 42 26 9
17.387 5.4013 -1.5525 31 20 16
17.421 5.2532 -1.6016 42 26 9
17.411 5.4069 -1.5439 36 18 4
17.31 5.4794 -1.545 37 18 12
17.329 5.3366 -1.5526 35 19 2
17.304 5.4497 -1.5315 40 19 16
17.284 5.4971 -1.5407 40 23 15
17.376 5.2077 -1.6506 39 22 4
17.33 5.4219 -1.536 35 23 11
17.241 5.4308 -1.5017 43 19 5
17.215 5.616 -1.5287 38 17 0
17.244 5.6276 -1.4437 39 27 5
17.271 5.3463 -1.5378 42 20 5
17.279 5.3476 -1.5693 37 25 3
17.264 5.4535 -1.5791 39 20 13
17.241 5.6766 -1.4151 33 21 0
17.267 5.5255 -1.5647 34 17 0
17.283 5.4083 -1.5651 40 23 3
17.268 5.5145 -1.5728 34 17 0
17.215 5.4654 -1.5945 21 18 0
17.234 5.5622 -1.5242 42 23 17
17.249 5.4333 -1.5294 43 23 16
17.23 5.7407 -1.4413 36 24 8
17.265 5.5492 -1.5503 34 17 0
17.168 5.4275 -1.5365 31 18 0
17.156 5.5339 -1.543 44 26 14
17.184 5.6298 -1.502 35 22 4
17.137 5.6693 -1.4981 40 21 15
17.182 5.4553 -1.5796 40 21 14
17.131 5.6463 -1.4899 40 20 13
17.162 5.5984 -1.5322 40 23 3
17.142 5.4453 -1.536 35 20 13
17.191 5.6557 -1.5161 28 19 2
17.191 5.2369 -1.6019 33 22 0
17.117 5.456 -1.5411 40 22 0
17.075 5.2797 -1.5899 45 20 15
17.075 5.5753 -1.5195 43 23 14
17.083 5.3423 -1.5852 43 20 2
17.067 5.4898 -1.5414 41 26 5
17.136 5.389 -1.5411 42 21 0
17.124 5.5694 -1.5068 39 18 13
17.114 5.6175 -1.5427 41 17 5
17.092 5.5422 -1.4993 31 21 11
17.107 5.6243 -1.5071 39 22 14
17.091 5.634 -1.5445 43 22 1
17.083 5.3473 -1.5818 43 20 2
17.083 5.6281 -1.516 41 22 15
17.11 5.3907 -1.5494 42 22 13
17.102 5.3691 -1.5309 44 19 12
17.1 5.5929 -1.4993 43 20 12
17 5.4509 -1.526 39 26 7
17.003 5.6113 -1.5307 31 23 2
17.033 5.4217 -1.5636 39 21 1
17.035 5.6537 -1.5205 40 23 3
17.012 5.6468 -1.5394 45 19 4
17.022 5.325 -1.5885 38 22 0
17.041 5.4864 -1.5523 34 21 15
17.052 5.4656 -1.4961 41 23 9
17.05 5.5249 -1.56 41 22 15
16.991 5.5149 -1.5598 40 24 11
17.058 5.587 -1.5513 39 21 11
17.023 5.362 -1.5669 38 22 0
17.028 5.6096 -1.5222 27 18 9
17.035 5.6497 -1.5226 40 23 3
17.009 5.5053 -1.523 39 22 12
17.059 5.4467 -1.5371 45 23 0
16.972 5.4184 -1.5529 38 20 0
16.964 5.4251 -1.5152 38 21 3
16.975 5.5594 -1.572 36 21 14
16.906 5.3573 -1.5792 35 21 8
16.923 5.4814 -1.5414 40 20 11
16.933 5.5157 -1.5507 40 24 0
16.982 5.4731 -1.5568 41 20 0
16.986 5.6241 -1.5646 42 17 13
16.95 5.4838 -1.5284 41 19 4
16.961 5.5514 -1.5231 38 14 12
16.968 5.5484 -1.5502 40 21 14
16.884 5.6844 -1.5378 30 19 0
16.872 5.6401 -1.5359 36 21 14
16.839 5.5089 -1.5273 38 20 10
16.852 5.6845 -1.5209 43 23 12
16.907 5.6123 -1.4726 43 22 1
16.79 5.6526 -1.5315 46 22 12
16.792 5.5733 -1.5049 45 18 0
16.802 5.5945 -1.5254 45 22 14
16.813 5.6279 -1.5352 42 24 0
16.804 5.5063 -1.5075 45 23 10
16.827 5.4683 -1.518 44 21 13
16.833 5.6302 -1.4952 42 20 9
16.805 5.7182 -1.5188 46 27 11
16.839 5.6262 -1.5271 43 23 12
16.762 5.3958 -1.585 41 22 6
16.79 5.6528 -1.5317 46 22 12
16.809 5.4915 -1.5464 44 22 9
16.829 5.701 -1.521 46 26 15
16.679 5.2822 -1.641 49 33 18
16.718 5.6128 -1.5195 45 29 12
16.693 5.6231 -1.5229 53 31 18
16.731 5.4249 -1.5465 45 26 12
16.763 5.7255 -1.4412 43 24 7
16.731 5.6117 -1.5807 51 28 22
16.75 5.506 -1.5317 47 24 6
16.713 5.5426 -1.5937 35 25 16
16.77 5.651 -1.5758 45 23 10
16.767 5.6733 -1.5295 47 26 9
16.632 5.547 -1.487 57 38 22
16.637 5.6476 -1.4976 53 34 2
16.677 5.5693 -1.5251 47 30 4
16.663 5.5312 -1.5155 51 30 9
16.646 5.5865 -1.4967 50 29 12
16.661 5.8096 -1.497 51 29 18
16.589 5.4781 -1.5366 64 43 26
16.679 5.6913 -1.4927 53 30 12
16.614 5.5678 -1.5191 58 33 26
16.621 5.6767 -1.5228 54 30 18
16.646 5.5555 -1.5461 51 30 9
16.683 5.7879 -1.4994 46 26 15
16.648 5.6742 -1.5108 55 31 19
16.547 5.5519 -1.5182 52 36 21
16.57 5.4671 -1.6268 55 32 14
16.524 5.579 -1.5075 63 42 23
16.57 5.8026 -1.4777 44 29 24
16.583 5.5557 -1.5372 59 38 21
16.585 5.8419 -1.4806 34 16 16
16.601 5.6634 -1.4408 72 49 33
16.481 5.6331 -1.5055 44 22 11
16.533 5.8449 -1.4917 37 18 11
16.457 5.5681 -1.5101 52 33 19
16.48 5.7119 -1.4959 44 21 3
16.512 5.6211 -1.5291 49 28 0
16.482 5.6989 -1.5336 47 26 5
16.475 5.5232 -1.5265 61 39 26
16.51 5.7816 -1.5082 47 27 16
16.528 5.745 -1.5227 49 31 19
16.485 5.6044 -1.5862 47 25 12
16.509 5.61 -1.5352 49 28 0
16.498 5.6755 -1.5091 47 26 9
16.546 5.7941 -1.519 48 26 15
16.451 5.6285 -1.5157 45 24 3
16.507 5.622 -1.5018 61 37 25
16.41 5.7753 -1.4584 35 22 3
16.434 5.6711 -1.502 47 26 7
16.358 5.5563 -1.5173 41 23 11
16.455 5.8005 -1.4942 42 26 13
16.482 5.7806 -1.5224 46 25 8
16.402 5.6782 -1.478 24 16 3
16.439 5.671 -1.5311 47 24 6
16.416 5.7809 -1.4874 29 15 6
16.371 5.625 -1.6203 39 22 14
16.422 5.8518 -1.5106 32 17 10
16.464 5.737 -1.5195 43 26 9
16.369 5.5556 -1.5857 33 14 0
16.337 5.6596 -1.511 44 21 5
16.34 5.5944 -1.509 42 26 13
16.294 5.6389 -1.5015 38 20 16
16.332 5.571 -1.5242 42 26 13
16.353 5.8409 -1.4751 43 23 16
16.343 5.8284 -1.4573 39 19 0
16.412 5.8373 -1.4875 39 26 7
16.307 5.5888 -1.521 42 25 5
16.364 5.7228 -1.5016 45 22 6
16.368 5.7896 -1.5316 42 22 11
16.356 5.8366 -1.5081 41 20 15
16.334 5.7353 -1.479 43 22 5
16.372 5.8299 -1.4393 42 23 7
16.356 5.7693 -1.5129 40 24 7
16.382 5.764 -1.5083 42 25 8
16.398 5.8639 -1.5113 44 24 15
16.37 5.6693 -1.4931 40 24 11
16.37 5.6707 -1.4921 40 24 11
16.304 5.8513 -1.524 41 21 14
16.333 5.9926 -1.4339 41 24 7
16.307 5.8062 -1.485 38 23 4
16.273 5.8668 -1.4647 30 19 0
16.296 5.8399 -1.4988 44 20 16
16.32 5.8178 -1.5343 43 20 12
16.334 5.8535 -1.5087 42 22 15
16.26 5.6275 -1.5209 40 23 6
16.318 5.8251 -1.4998 44 21 15
16.201 5.7725 -1.5044 43 22 5
16.17 5.7708 -1.5153 46 23 5
16.234 5.8991 -1.4949 37 23 12
16.223 5.7665 -1.4685 47 21 7
16.249 5.8191 -1.468 38 24 15
16.175 5.7221 -1.5049 48 21 10
16.221 5.8105 -1.5118 45 20 16
16.208 5.9054 -1.5 45 23 12
16.179 5.8019 -1.467 45 23 0
16.175 5.8497 -1.4786 46 20 6
16.173 5.8916 -1.5184 45 23 12
16.182 5.9727 -1.472 47 26 9
16.067 5.709 -1.4864 37 25 13
16.103 5.839 -1.4428 43 23 14
16.139 5.8916 -1.5056 41 23 9
16.039 5.7797 -1.4675 44 19 14
16.063 5.923 -1.4838 42 24 12
16.096 5.9812 -1.4752 45 25 16
16.083 5.8518 -1.4749 42 24 4
16.108 5.9461 -1.4852 39 21 11
16.077 5.8922 -1.4942 48 25 17
16.014 5.6643 -1.5219 42 24 12
16.096 5.8717 -1.4941 25 22 13
16.066 5.9302 -1.4803 42 24 12
16.017 5.9483 -1.4863 46 24 11
15.935 5.8691 -1.4872 38 25 6
16.045 5.9405 -1.5154 44 26 14
16.002 5.8732 -1.4993 45 27 15
16.049 5.9522 -1.4723 44 24 13
15.967 5.9121 -1.5211 49 25 13
16.016 5.9527 -1.4537 47 26 5
16.018 5.9509 -1.4851 46 24 11
15.818 5.7402 -1.4937 44 24 13
15.873 5.8762 -1.4804 48 27 6
15.895 5.8105 -1.4708 42 24 14
15.799 5.7643 -1.4898 44 26 14
15.855 5.8925 -1.5122 47 24 18
15.918 5.8452 -1.4766 39 23 0
15.884 5.8404 -1.4899 44 27 0
15.929 5.9065 -1.5105 33 23 13
15.83 5.7043 -1.502 39 27 13
15.894 5.8517 -1.5154 43 24 7
15.836 5.7644 -1.5064 43 23 12
15.922 5.951 -1.4566 46 26 2
15.93 5.9596 -1.4818 44 28 15
15.876 6.0186 -1.4728 49 29 18
15.837 5.8726 -1.4628 46 26 2
15.854 5.9009 -1.4436 46 26 2
15.721 5.7503 -1.4883 45 25 16
15.776 5.8758 -1.4768 33 28 0
15.759 5.8045 -1.4812 39 25 14
15.882 6.074 -1.449 50 30 23
15.882 5.9492 -1.3824 47 24 16
15.902 6.0118 -1.4671 46 29 11
15.873 5.9257 -1.4581 47 27 3
15.694 5.7608 -1.4978 50 26 12
15.764 6.0374 -1.4757 45 27 5
15.701 5.9091 -1.4891 44 24 0
15.725 5.9017 -1.4572 46 28 6
15.759 5.9016 -1.4798 45 26 12
15.76 5.9901 -1.4651 48 26 15
15.721 5.8511 -1.4482 47 25 12
15.734 5.8675 -1.4721 38 24 11
15.746 5.9278 -1.4694 47 26 5
15.707 5.9212 -1.4534 45 24 5
15.724 5.9003 -1.4583 46 28 6
15.831 6.0887 -1.4249 43 28 23
15.873 6.1033 -1.4341 47 32 13
15.566 5.8241 -1.4797 44 26 14
15.63 5.9088 -1.4545 45 22 4
15.686 5.9376 -1.4524 46 25 6
15.748 6.0179 -1.4589 48 29 15
15.725 6.0298 -1.4614 50 29 10
15.696 6.0328 -1.4687 49 28 7
15.76 6.0734 -1.4576 41 23 13
15.586 5.8053 -1.4806 44 26 16
15.684 5.9308 -1.4874 43 25 5
15.585 5.9782 -1.4411 45 24 7
15.508 5.8824 -1.4736 47 25 1
15.58 6.0112 -1.4928 47 25 12
15.6 6.0373 -1.4446 47 24 6
15.603 5.9195 -1.4287 45 24 5
15.521 5.8556 -1.4811 44 26 6
15.604 5.9611 -1.443 42 24 4
15.703 6.1222 -1.4272 43 23 12
15.633 6.0343 -1.4568 46 26 15
15.639 6.0816 -1.4673 36 23 5
15.584 6.0925 -1.451 47 25 10
15.587 6.0604 -1.4369 46 25 8
15.53 6.0302 -1.467 47 23 9
15.52 5.9795 -1.4612 44 25 11
15.507 6.0413 -1.4677 45 23 10
15.616 6.0929 -1.4729 46 25 6
15.552 6.0579 -1.4175 42 26 1
15.583 6.091 -1.4508 47 25 10
15.615 6.0917 -1.4417 48 27 8
15.479 6.0853 -1.4614 36 18 18
15.421 5.9427 -1.5067 37 18 4
15.426 6.0283 -1.4758 38 21 13
15.431 6.0338 -1.4387 43 22 17
15.573 6.1903 -1.4148 44 22 7
15.343 5.9352 -1.4729 43 23 0
15.471 6.113 -1.4494 39 27 5
15.491 6.0255 -1.4195 42 22 0
15.302 5.9686 -1.4429 26 19 1
15.369 6.003 -1.4729 38 21 1
15.364 5.9974 -1.444 39 21 1
15.133 5.7876 -1.5347 39 23 10
15.352 6.0208 -1.4658 37 15 2
15.45 6.1617 -1.4115 38 21 11
15.43 6.0692 -1.455 39 21 1
15.388 6.0606 -1.4728 39 15 3
15.335 6.0416 -1.4087 26 18 0
15.272 5.8962 -1.4786 33 18 0
15.386 6.0932 -1.4278 37 20 2
15.454 6.199 -1.3909 41 23 3
15.394 6.1377 -1.4695 44 20 16
15.236 5.9361 -1.4442 41 22 15
15.256 6.0314 -1.4362 39 22 5
15.26 6.0707 -1.4485 43 23 0
15.259 5.9974 -1.4155 39 18 13
15.265 6.0418 -1.4624 39 20 4
15.192 5.9662 -1.4485 37 11 12
15.192 6.1082 -1.487 41 17 5
15.088 5.9005 -1.4789 30 17 0
15.274 6.1181 -1.4245 39 20 6
15.248 6.1285 -1.4617 37 20 2
15.268 6.1485 -1.4768 37 21 4
15.244 6.0903 -1.5081 27 15 3
15.23 6.1777 -1.4489 37 15 17
15.107 6.2565 -1.4336 36 18 4
17.575 5.7632 -1.5056 0 0 0
17.567 5.7488 -1.552 25 24 6
17.534 5.776 -1.5191 33 8 4
17.559 5.5769 -1.5236 43 22 5
17.567 5.6672 -1.5508 28 20 7
17.588 5.5384 -1.5379 46 24 1
17.539 5.7854 -1.5364 41 24 0
17.517 5.7528 -1.5395 42 20 7
17.564 5.723 -1.5433 26 26 2
17.51 5.6208 -1.5224 40 22 0
17.492 5.6469 -1.54 40 20 11
17.489 5.6128 -1.5312 37 26 0
17.513 5.5568 -1.532 36 23 5
17.494 5.536 -1.5525 34 18 1
17.469 5.7011 -1.5361 36 16 5
17.47 5.7983 -1.5321 38 22 5
17.489 5.7607 -1.5232 32 24 3
17.46 5.8061 -1.4983 36 21 0
17.526 5.5799 -1.5733 33 17 20
17.444 5.8352 -1.5171 35 18 0
17.488 5.8073 -1.518 37 19 5
17.502 5.6434 -1.5707 39 17 20
17.428 5.4785 -1.5934 35 17 17
17.482 5.4733 -1.5996 36 23 4
17.444 5.7367 -1.5304 36 20 3
17.445 5.6804 -1.5365 35 15 4
17.418 5.6627 -1.5306 34 23 4
17.406 5.7138 -1.5643 37 14 6
17.473 5.5854 -1.5586 38 22 7
17.447 5.6116 -1.5538 29 22 2
17.449 5.7562 -1.5427 38 19 5
17.405 5.906 -1.4495 37 22 3
17.413 5.8106 -1.4897 36 23 15
17.438 5.4659 -1.6293 35 20 1
17.406 5.6601 -1.5724 30 14 0
17.355 5.7789 -1.537 26 14 2
17.409 5.5082 -1.6096 33 17 4
17.373 5.8072 -1.5116 28 17 11
17.376 5.7216 -1.5396 34 23 4
17.376 5.5931 -1.5685 35 19 4
17.347 5.6536 -1.5424 39 22 5
17.35 5.6951 -1.5398 36 21 18
17.407 5.5907 -1.5893 34 21 3
17.347 5.5872 -1.556 37 24 18
17.333 5.7347 -1.5559 36 18 4
17.364 5.6175 -1.5206 31 19 5
17.358 5.8228 -1.535 34 21 3
17.35 5.6912 -1.5418 36 21 18
17.373 5.6849 -1.5391 29 26 11
17.355 5.7215 -1.5499 36 14 3
17.384 5.7844 -1.5551 34 21 5
17.324 5.5901 -1.5639 37 18 2
17.297 5.7236 -1.5139 34 23 3
17.287 5.841 -1.5247 39 24 3
17.32 5.6981 -1.5204 39 20 6
17.283 5.627 -1.5871 40 21 17
17.252 5.9371 -1.444 37 18 22
17.312 5.8022 -1.544 37 21 4
17.306 5.7853 -1.5319 28 18 6
17.284 5.7029 -1.5655 38 13 8
17.299 5.6097 -1.5613 40 19 16
17.26 5.908 -1.4874 34 19 0
17.292 5.6102 -1.5328 39 17 2
17.305 5.7135 -1.5506 38 20 18
17.298 5.704 -1.527 34 23 3
17.326 5.7172 -1.537 38 22 7
17.273 5.6512 -1.5443 40 21 4
17.287 5.7594 -1.5572 24 19 0
17.233 5.6977 -1.5644 36 23 17
17.234 5.787 -1.4387 40 18 3
17.274 5.5434 -1.5848 39 22 2
17.226 5.7004 -1.535 41 19 4
17.241 5.7895 -1.4604 37 23 12
17.203 5.7125 -1.5366 34 22 8
17.215 5.7652 -1.5575 39 20 16
17.207 5.7797 -1.5207 37 19 17
17.196 5.8405 -1.5424 43 22 1
17.218 5.8373 -1.5345 37 22 17
17.244 5.8633 -1.5313 32 17 0
17.222 5.6169 -1.5556 42 20 9
17.238 5.8374 -1.5222 34 16 16
17.203 5.7126 -1.5365 34 22 8
17.174 5.6875 -1.5346 36 21 0
17.145 5.6395 -1.5455 40 25 2
17.134 5.7426 -1.5477 39 20 16
17.141 5.7887 -1.5468 44 20 6
17.201 5.5918 -1.588 35 25 15
17.169 5.8136 -1.5441 41 20 17
17.191 5.8046 -1.5403 42 18 16
17.177 5.7758 -1.5018 37 16 11
17.174 5.8532 -1.5427 43 25 1
17.146 5.8376 -1.5375 39 20 14
17.162 5.7968 -1.5265 37 15 15
17.187 5.7217 -1.5667 38 17 14
17.157 5.7402 -1.5397 47 26 9
17.152 5.8869 -1.5316 45 22 6
17.167 5.6688 -1.5199 42 18 14
17.121 5.6839 -1.531 37 22 0
17.08 5.5579 -1.664 37 19 0
17.067 5.8285 -1.5195 29 24 3
17.104 5.6729 -1.574 41 21 12
17.081 5.9231 -1.5096 26 12 1
17.121 5.6683 -1.5401 43 22 3
17.098 5.684 -1.5405 40 20 11
17.128 5.6874 -1.5547 36 21 16
17.026 5.6536 -1.5938 39 16 8
17.019 5.6747 -1.546 42 21 0
17.006 5.7733 -1.5231 44 23 2
16.996 5.6944 -1.5486 46 18 4
17.05 5.8092 -1.5689 38 21 11
17.059 5.7331 -1.5581 36 18 6
17.059 5.8917 -1.5402 41 23 13
17.059 5.8904 -1.5413 41 23 13
17.022 5.8254 -1.5457 34 23 3
17.051 5.8377 -1.5487 38 21 11
17.008 5.8823 -1.5433 39 22 14
17.052 5.7666 -1.5061 35 24 4
17.046 5.7746 -1.4719 28 15 0
17.058 5.7052 -1.5765 36 18 6
17.037 5.8066 -1.5175 36 24 0
17.038 5.9211 -1.5292 44 23 2
17.013 5.7802 -1.5457 45 17 13
17.007 5.7793 -1.5203 44 23 2
17.065 5.5063 -1.6362 38 20 10
17.045 5.8705 -1.501 38 19 12
17.058 5.7256 -1.5623 36 18 6
16.95 5.7376 -1.5386 41 23 13
16.951 5.8947 -1.4983 39 21 11
16.999 5.834 -1.5471 35 24 20
16.983 5.7708 -1.5346 42 19 11
16.978 5.8787 -1.5234 32 25 19
16.988 5.9341 -1.5146 41 23 11
16.963 5.6627 -1.5502 45 23 2
16.976 5.7597 -1.5147 43 23 12
16.972 5.8689 -1.5066 35 17 0
16.939 5.6701 -1.5563 46 24 3
16.879 5.8193 -1.4874 39 17 6
16.891 5.8188 -1.544 35 23 9
16.882 5.7841 -1.5401 42 24 0
16.882 5.8974 -1.5296 44 27 10
16.891 5.9218 -1.5391 47 25 12
16.923 5.8346 -1.5519 32 24 13
16.916 5.9486 -1.5095 29 16 0
16.899 5.7746 -1.5073 26 13 5
16.904 5.8805 -1.5314 36 19 1
16.864 5.8457 -1.5084 45 24 3
16.872 5.8603 -1.5274 43 23 12
16.834 5.7975 -1.5518 46 24 13
16.832 5.9154 -1.511 45 23 12
16.849 5.7704 -1.5308 45 17 14
16.842 5.8165 -1.5664 42 21 18
16.863 5.9336 -1.5149 46 21 14
16.85 5.9665 -1.5276 47 23 11
16.792 5.7624 -1.527 37 22 1
16.804 5.8022 -1.534 42 20 9
16.823 5.9832 -1.501 45 26 10
16.843 5.9589 -1.5043 44 19 12
16.839 5.7309 -1.5309 47 26 5
16.819 5.772 -1.5127 39 22 14
16.85 5.78 -1.5243 45 17 14
16.804 5.8031 -1.5332 42 20 9
16.871 5.9508 -1.5284 44 25 9
16.818 5.8563 -1.5251 41 23 9
16.818 5.7175 -1.5804 44 20 10
16.811 5.9337 -1.5083 43 24 10
16.735 5.8724 -1.4889 38 20 0
16.808 6.0651 -1.4266 44 22 9
16.731 5.8169 -1.5555 24 14 2
16.747 5.9799 -1.5054 48 27 0
16.744 5.7778 -1.5419 42 27 4
16.734 5.6826 -1.6382 46 22 8
16.786 5.8466 -1.5151 45 23 2
16.763 5.9335 -1.5298 46 24 9
16.789 5.8279 -1.5551 46 23 15
16.768 5.9309 -1.5599 46 26 1
16.754 5.9854 -1.5303 32 23 14
16.808 6.0328 -1.4744 45 23 10
16.758 5.9396 -1.4938 31 18 0
16.657 5.8557 -1.5334 45 24 7
16.683 6.0157 -1.5129 51 24 17
16.695 5.8925 -1.5228 31 18 10
16.7 5.892 -1.5538 55 28 19
16.707 5.852 -1.5136 43 24 10
16.691 5.8034 -1.5165 46 28 8
16.669 5.8912 -1.5326 35 21 12
16.723 5.978 -1.5191 53 22 12
16.691 5.8973 -1.4924 47 25 10
16.705 6.0086 -1.5063 53 27 10
16.738 6.0307 -1.5063 54 23 11
16.729 5.9107 -1.5318 51 28 10
16.672 5.8343 -1.5066 44 20 6
16.693 5.9755 -1.5032 54 27 10
16.689 5.9583 -1.5156 54 27 10
16.627 5.8642 -1.5093 46 24 9
16.651 6.0049 -1.5041 53 27 10
16.641 5.9842 -1.4927 54 30 16
16.603 5.9536 -1.4975 43 27 12
16.589 5.835 -1.5138 47 28 12
16.591 5.9263 -1.489 33 16 6
16.645 5.9183 -1.4987 46 25 6
16.669 6.0583 -1.4905 53 23 7
16.65 6.0799 -1.4877 52 26 9
16.623 5.8702 -1.4775 51 30 13
16.668 5.9734 -1.5156 48 26 11
16.642 5.8158 -1.5321 44 24 15
16.495 5.8055 -1.539 44 24 13
16.562 5.9853 -1.495 48 23 18
16.544 5.8654 -1.5115 48 26 5
16.588 5.9714 -1.5226 35 22 16
16.547 5.8568 -1.5478 47 27 3
16.57 5.9969 -1.5154 51 27 13
16.568 6.0625 -1.4985 31 21 9
16.572 5.8728 -1.4957 43 26 18
16.58 5.9601 -1.5021 43 28 9
16.533 5.9762 -1.5119 46 25 6
16.581 6.0194 -1.5254 38 21 1
16.524 5.8866 -1.5086 45 24 3
16.547 5.9499 -1.4916 46 23 17
16.538 5.9758 -1.5418 47 20 9
16.502 6.1024 -1.4745 37 17 10
16.475 5.9031 -1.519 45 22 6
16.496 5.8846 -1.519 46 25 6
16.499 6.0292 -1.4941 48 27 6
16.526 6.0367 -1.4779 46 25 6
16.527 6.0248 -1.5162 42 17 12
16.461 5.9269 -1.5424 46 25 6
16.502 5.9743 -1.4961 44 26 4
16.512 5.9201 -1.5237 48 27 10
16.51 6.0511 -1.5054 40 15 8
16.544 6.0642 -1.5096 32 27 21
16.431 6.1124 -1.5034 40 23 3
16.432 5.9343 -1.5161 37 21 8
16.444 6.0905 -1.4808 43 24 10
16.399 5.8658 -1.5102 44 24 15
16.467 6.0715 -1.511 43 24 10
16.383 5.9613 -1.492 42 22 15
16.376 5.8792 -1.5092 46 19 8
16.411 5.9654 -1.4829 45 23 8
16.427 5.9329 -1.4907 27 21 0
16.406 6.0127 -1.4879 46 23 7
16.413 6.0176 -1.5067 49 24 2
16.459 6.1202 -1.4857 27 15 3
16.45 6.0496 -1.4744 30 19 0
16.411 6.0723 -1.5044 45 23 8
16.421 5.9537 -1.5758 30 23 7
16.339 6.034 -1.5304 44 22 7
16.336 5.9797 -1.4974 36 15 10
16.343 6.073 -1.418 47 21 6
16.355 5.8968 -1.5086 39 21 1
16.339 6.0431 -1.4954 42 22 13
16.314 5.9356 -1.5073 46 23 5
16.381 6.0157 -1.4944 48 22 7
16.356 6.0651 -1.5328 41 22 8
16.355 6.0156 -1.5023 46 23 7
16.394 6.0935 -1.5006 42 23 6
16.357 5.9638 -1.4994 36 16 7
16.368 6.0395 -1.5151 45 22 14
16.393 6.0354 -1.5045 44 22 11
16.366 6.1509 -1.4775 41 22 15
16.416 6.1394 -1.4923 46 19 10
16.35 5.9576 -1.478 44 23 18
16.264 6.013 -1.4799 45 19 4
16.327 6.0765 -1.4803 47 24 8
16.235 5.9564 -1.4902 45 22 14
16.236 5.8249 -1.5629 37 23 12
16.271 5.9664 -1.5028 27 17 7
16.324 6.1138 -1.5172 44 22 7
16.233 5.9976 -1.5326 48 22 7
16.282 6.0449 -1.4868 39 19 8
16.276 5.9863 -1.4598 34 22 8
16.336 6.0894 -1.4976 46 25 8
16.221 6.0394 -1.4831 45 22 14
16.202 6.1049 -1.4841 45 22 4
16.202 5.946 -1.5115 46 23 15
16.185 6.0215 -1.5077 46 25 6
16.24 6.071 -1.489 50 24 7
16.267 6.168 -1.4783 43 19 7
16.187 6.0324 -1.4707 46 22 12
16.181 5.9619 -1.5117 48 25 7
16.217 6.0794 -1.4933 48 25 9
16.232 6.0033 -1.4992 47 21 6
16.143 5.951 -1.5005 48 22 7
16.197 6.1018 -1.459 47 24 6
16.224 6.1357 -1.5165 44 24 17
16.284 6.15 -1.4843 41 21 23
16.259 6.1036 -1.4882 36 19 11
16.113 6.0043 -1.4795 36 18 6
16.111 6.0888 -1.5309 38 23 4
16.122 6.0703 -1.4745 32 26 14
16.238 6.2138 -1.4645 42 22 15
16.14 6.1485 -1.4579 35 27 6
16.107 6.035 -1.528 44 23 2
16.161 6.0375 -1.4773 46 23 5
16.031 6.0649 -1.4831 46 29 3
16.089 6.1961 -1.4798 45 27 7
16.095 6.122 -1.457 47 25 4
16.109 6.1848 -1.4768 45 27 7
16.126 6.2086 -1.4848 46 29 11
16.104 6.1331 -1.4773 48 26 5
16.086 6.0617 -1.4682 42 26 13
16.138 6.1824 -1.4923 39 26 7
16.066 6.0307 -1.4607 44 27 10
16.09 6.1558 -1.471 49 27 6
16.062 6.1127 -1.4765 47 26 5
16.113 6.2319 -1.4749 49 26 18
16.077 6.0964 -1.4528 47 27 3
16.056 6.0643 -1.4444 43 24 7
16.113 6.1904 -1.4719 45 27 7
16.081 6.0456 -1.5044 48 26 15
16.135 6.1826 -1.4685 45 28 10
16.012 6.1248 -1.4895 49 27 4
16.054 6.228 -1.472 49 32 12
15.956 6.0459 -1.4624 49 29 22
16.073 6.174 -1.4671 48 28 19
16.06 6.1986 -1.4591 51 29 14
16.055 6.2378 -1.4122 49 30 13
16.017 6.1727 -1.4908 52 32 23
15.972 6.1143 -1.453 48 26 11
15.977 6.1166 -1.4739 42 28 2
16.071 6.2117 -1.4761 46 26 15
16.038 6.1197 -1.4813 48 26 3
15.959 6.2143 -1.4917 61 42 26
15.899 6.0505 -1.4792 49 28 11
15.939 6.1472 -1.4726 52 35 9
16.013 6.2564 -1.4184 55 35 10
15.91 6.1517 -1.454 55 32 14
15.942 6.1567 -1.4397 51 28 20
15.976 6.2783 -1.4481 70 48 27
15.953 6.1288 -1.4482 48 28 1
15.936 6.0618 -1.4602 51 24 15
15.978 6.1644 -1.4523 52 34 14
15.957 6.2134 -1.4628 58 40 16
15.923 6.2054 -1.4796 63 43 16
15.793 6.071 -1.5037 46 26 2
15.818 6.111 -1.4518 38 29 12
15.838 6.0928 -1.4793 47 28 12
15.95 6.284 -1.4273 60 38 23
15.928 6.2126 -1.4734 63 43 16
15.928 6.289 -1.4586 62 43 26
15.854 6.1896 -1.5146 58 36 21
15.94 6.2678 -1.4683 70 49 28
15.841 6.0545 -1.5012 48 31 11
15.764 6.0765 -1.4853 56 31 8
15.833 6.2422 -1.4671 47 30 2
15.891 6.2795 -1.4512 55 33 20
15.774 6.1683 -1.4661 48 26 2
15.795 6.1582 -1.4669 51 29 14
15.803 6.2433 -1.449 49 29 5
15.829 6.2719 -1.4798 43 24 7
15.836 6.2484 -1.4361 54 31 13
15.803 6.2417 -1.4787 64 46 24
15.912 6.3441 -1.4104 53 36 19
15.724 6.1845 -1.4502 46 25 4
15.794 6.3025 -1.4507 40 19 2
15.743 6.1697 -1.4492 49 27 6
15.752 6.2177 -1.4532 44 26 4
15.797 6.27 -1.4645 47 29 17
15.697 6.1863 -1.4862 48 27 10
15.652 6.0567 -1.5062 50 27 9
15.75 6.2133 -1.4823 48 25 7
15.656 6.1388 -1.4646 48 27 8
15.699 6.1913 -1.4563 46 23 17
15.762 6.1928 -1.4611 49 27 4
15.764 6.3017 -1.4634 44 28 15
15.649 6.2057 -1.4381 43 25 5
15.746 6.3496 -1.4191 36 21 16
15.65 6.171 -1.4556 43 24 8
15.613 6.1278 -1.4601 48 27 10
15.627 6.1409 -1.5033 38 22 7
15.602 6.1514 -1.4503 46 24 11
15.686 6.2816 -1.4461 45 23 10
15.607 6.1915 -1.4582 39 25 0
15.726 6.2905 -1.4777 43 26 9
15.587 6.2044 -1.4587 39 21 9
15.588 6.2395 -1.4702 42 19 11
15.612 6.2985 -1.489 43 20 12
15.618 6.2386 -1.4621 45 25 0
15.657 6.3167 -1.4423 41 22 8
15.675 6.3022 -1.4367 44 28 15
15.607 6.2942 -1.441 39 22 4
15.652 6.4045 -1.4241 46 17 19
15.547 6.2961 -1.4591 38 14 10
15.442 6.1873 -1.5207 39 22 2
15.592 6.31 -1.465 40 14 17
15.574 6.3237 -1.4652 37 18 4
15.553 6.3325 -1.4654 34 17 10
15.516 6.2645 -1.4317 40 19 0
15.634 6.3548 -1.4563 37 19 9
15.609 6.3912 -1.4468 44 19 15
15.476 6.2567 -1.4773 27 12 7
15.577 6.3269 -1.4627 37 18 4
15.409 6.2208 -1.4307 44 20 16
15.383 6.2277 -1.4629 36 15 0
15.444 6.2554 -1.458 43 22 5
15.503 6.3451 -1.4785 40 20 19
15.53 6.3419 -1.445 40 18 5
15.505 6.3172 -1.4385 40 17 1
15.489 6.2697 -1.4408 43 23 0
15.401 6.2455 -1.422 43 22 3
15.438 6.313 -1.4638 32 22 13
15.385 6.197 -1.4767 41 23 3
15.503 6.3453 -1.4524 20 11 4
15.447 6.2585 -1.4559 43 22 5
15.452 6.2968 -1.4404 43 19 5
15.574 6.3862 -1.4354 35 20 0
15.412 6.3786 -1.441 39 13 12
15.411 6.3483 -1.4312 32 13 17
15.333 6.2744 -1.4595 39 17 0
15.344 6.2537 -1.4383 27 15 3
15.46 6.4236 -1.4326 30 11 4
16.198 7.0991 -0.7615 27 15 3
15.336 6.2768 -1.4299 44 24 0
16.215 7.1147 -0.76514 40 20 0
16.224 7.1236 -0.77249 39 18 0
15.398 6.337 -1.4674 35 17 17
15.487 6.4188 -1.4241 30 16 3
15.378 6.286 -1.4931 31 16 9
15.277 6.2867 -1.4507 44 19 0
15.361 6.4199 -1.4433 23 12 6
15.195 6.148 -1.507 30 18 4
15.297 6.3331 -1.4488 36 11 4
15.347 6.3179 -1.4617 37 18 11
15.288 6.2647 -1.4796 40 19 0
15.335 6.3372 -1.4318 36 20 3
15.351 6.3526 -1.4486 21 10 4
15.31 6.2832 -1.4095 44 21 5
15.332 6.3649 -1.4489 18 19 3
15.261 6.3021 -1.4488 39 20 6
15.214 6.2269 -1.4616 45 17 4
15.352 6.4928 -1.4132 31 17 6
15.256 6.3562 -1.4281 39 16 10
15.159 6.2717 -1.4649 36 17 13
15.255 6.3831 -1.4405 39 24 5
15.28 6.406 -1.4523 36 16 5
15.32 6.3837 -1.4463 48 16 14
15.062 6.1895 -1.5042 22 19 2
15.282 6.3487 -1.4461 37 21 4
15.345 6.4615 -1.4308 19 12 6
15.243 6.3461 -1.463 43 18 11
15.189 6.2679 -1.4825 38 19 3
15.288 6.3857 -1.4853 21 14 4
15.193 6.3593 -1.4449 32 17 0
15.226 6.4128 -1.4077 33 17 2
15.026 6.2513 -1.4894 36 18 4
15.102 6.2812 -1.4477 37 19 0
15.195 6.3289 -1.3983 41 20 3
15.14 6.2856 -1.4658 41 17 7
15.144 6.3758 -1.4547 32 14 4
15.301 6.4508 -1.4238 29 16 0
15.125 6.331 -1.4521 28 15 0
15.1 6.3117 -1.4683 28 15 0
15.171 6.3415 -1.4352 23 18 0
15.192 6.4688 -1.4268 32 13 7
15.249 6.5142 -1.4156 35 20 0
15.075 6.3191 -1.4454 40 15 11
15.063 6.3107 -1.4814 29 17 5
15.238 6.4781 -1.4079 19 10 0
15.118 6.41 -1.4473 31 11 4
15.157 6.4655 -1.411 40 14 15
14.935 6.2437 -1.5583 35 11 7
15.059 6.3075 -1.4837 29 17 5
15.111 6.3781 -1.4637 33 12 7
15.116 6.439 -1.4676 32 11 8
15.076 6.3771 -1.4494 34 16 6
15.178 6.4871 -1.4519 23 15 4
15.089 6.3872 -1.4407 34 16 6
15.083 6.4092 -1.4339 32 7 0
15.098 6.4517 -1.4679 41 17 15
15.106 6.4823 -1.4483 34 16 6
14.946 6.3651 -1.5023 35 19 4
17.563 5.8791 -1.5416 0 0 0
17.553 5.8847 -1.51 0 0 0
17.54 5.8964 -1.5392 40 25 2
17.529 5.9054 -1.5038 30 17 9
17.55 5.8663 -1.4999 29 16 8
17.28 6.847 -0.84237 42 17 13
17.27 6.8492 -0.84618 39 27 3
17.448 5.9462 -1.5167 39 23 8
17.499 5.7913 -1.5547 36 16 5
17.436 5.9509 -1.5478 30 19 0
17.477 5.8865 -1.5486 41 24 7
17.45 5.9345 -1.525 39 23 8
17.476 5.8096 -1.5509 38 20 6
17.475 5.8584 -1.5423 33 21 0
17.455 5.8572 -1.5496 28 22 6
17.388 5.8583 -1.5534 31 19 3
17.406 5.9198 -1.5273 22 15 7
17.389 5.9107 -1.5461 29 20 1
17.404 5.9313 -1.5184 22 15 7
17.408 5.954 -1.5278 29 23 9
17.42 5.9338 -1.5712 34 19 0
17.448 5.831 -1.6097 39 19 8
17.317 5.8914 -1.5359 38 22 7
17.371 5.7798 -1.5955 37 21 21
17.339 5.808 -1.5572 37 18 2
17.338 5.8812 -1.531 34 17 7
17.334 5.9733 -1.4934 40 15 19
17.317 5.9629 -1.5133 35 16 0
17.368 5.8585 -1.5646 38 18 19
17.29 5.8847 -1.5228 44 23 2
17.299 5.8733 -1.558 45 18 11
17.299 5.9383 -1.5374 41 22 8
17.312 5.8764 -1.5229 38 23 4
17.299 5.8679 -1.562 45 18 11
17.219 6.0395 -1.529 45 22 6
17.2 5.9024 -1.5268 44 23 2
17.225 5.9385 -1.5123 31 18 0
17.198 6.0518 -1.5247 38 21 1
17.194 6.0134 -1.5314 39 22 4
17.157 5.9286 -1.5262 30 22 0
17.179 5.8963 -1.5373 40 24 1
17.164 5.9435 -1.5425 37 15 17
17.173 6.035 -1.5254 41 26 7
17.179 6.0541 -1.5359 44 18 4
17.137 5.8988 -1.5592 32 25 5
17.172 6.0601 -1.5061 41 26 7
17.094 5.9846 -1.5188 36 13 19
17.131 5.8835 -1.5446 46 26 2
17.093 6.1052 -1.5115 37 24 5
17.088 5.9471 -1.5177 44 16 5
17.086 6.0719 -1.5106 27 24 7
17.08 6.0643 -1.4937 45 22 16
17.086 6.0697 -1.5123 27 24 7
17.074 6.025 -1.4981 36 25 5
17.106 6.0621 -1.5092 44 22 7
17.031 6.0048 -1.5329 40 19 14
17.053 6.0152 -1.5134 42 19 3
17.017 5.9452 -1.5226 41 21 12
17.018 6.0603 -1.5254 43 17 16
17.046 6.0927 -1.5156 29 20 13
17.066 5.9139 -1.5543 43 22 1
17.059 6.0282 -1.5312 43 19 15
17.024 5.9786 -1.5248 44 21 3
17.005 6.0214 -1.5045 40 21 4
17.009 5.9776 -1.5638 48 18 18
17.039 6.0613 -1.5162 39 19 12
17.066 6.0747 -1.5203 34 21 15
17.045 5.9622 -1.5277 41 23 1
16.991 6.0534 -1.5162 44 19 15
16.993 5.9841 -1.5961 37 14 0
16.973 5.9583 -1.5342 43 17 2
16.952 6.091 -1.5067 44 24 15
16.983 6.0079 -1.5234 41 21 14
16.996 5.9559 -1.5281 35 17 0
17.007 6.1211 -1.5146 39 22 15
16.901 6.0644 -1.5241 40 20 13
16.906 6.0082 -1.5053 39 18 1
16.889 6.1049 -1.5272 46 19 8
16.923 6.076 -1.501 29 19 9
16.923 6.1737 -1.4896 41 20 0
16.925 5.9785 -1.5155 23 11 0
16.931 6.0931 -1.5164 30 22 0
16.933 6.0102 -1.5138 37 16 11
16.941 6.1391 -1.5059 29 11 11
16.911 6.1071 -1.5162 40 17 11
16.941 6.0287 -1.5308 44 23 4
16.881 5.9871 -1.5291 33 20 1
16.832 6.1627 -1.5149 44 19 15
16.83 5.9881 -1.5228 45 21 9
16.83 6.0726 -1.5225 38 21 14
16.858 6.0776 -1.535 44 18 1
16.82 6.0426 -1.5223 46 24 3
16.835 5.9882 -1.5509 48 18 4
16.843 6.1225 -1.5084 39 15 11
16.871 6.0434 -1.523 39 19 12
16.836 5.9944 -1.5459 47 17 3
16.853 6.1599 -1.505 41 18 2
16.881 6.0833 -1.5205 42 19 13
16.86 6.0078 -1.5216 36 25 6
16.872 6.1426 -1.5086 41 17 3
16.758 6.0777 -1.5237 46 22 0
16.774 6.1381 -1.5053 26 16 6
16.792 6.1132 -1.5111 47 20 13
16.808 5.9976 -1.5273 38 23 0
16.822 6.1599 -1.4653 38 20 10
16.822 6.1279 -1.5167 46 21 14
16.767 6.0309 -1.523 24 15 0
16.785 6.1036 -1.4947 48 19 11
16.708 6.1639 -1.4891 44 9 13
16.724 6.0492 -1.5307 51 22 0
16.715 6.094 -1.5328 46 22 10
16.733 6.1562 -1.5083 43 25 11
16.743 6.1161 -1.5046 53 24 2
16.751 6.1346 -1.5177 36 15 10
16.718 6.0435 -1.5076 52 24 10
16.746 6.192 -1.5088 52 25 4
16.691 6.0286 -1.5288 52 22 0
16.754 6.0854 -1.4912 53 27 2
16.709 6.09 -1.5088 52 21 0
16.647 6.048 -1.5367 53 24 0
16.675 6.1982 -1.5082 51 23 12
16.682 6.0716 -1.5359 54 20 21
16.681 6.148 -1.5124 44 16 15
16.674 6.0597 -1.5164 52 26 1
16.664 6.0993 -1.5225 49 22 11
16.705 6.2085 -1.5123 56 23 6
16.624 6.1948 -1.5049 29 8 0
16.621 6.13 -1.4948 29 16 10
16.626 6.1346 -1.5166 45 19 4
16.64 6.236 -1.4957 45 21 17
16.596 6.1917 -1.4919 45 20 0
16.598 6.066 -1.5205 26 16 7
16.576 6.1399 -1.5067 39 20 4
16.558 6.0956 -1.5142 41 17 7
16.585 6.1044 -1.4977 45 23 0
16.589 6.2318 -1.4951 48 21 2
16.613 6.2359 -1.4808 38 24 15
16.612 6.1685 -1.4998 41 21 0
16.594 6.1209 -1.5117 42 21 18
16.619 6.2426 -1.5016 43 24 17
16.526 6.1485 -1.4972 45 23 12
16.526 6.1957 -1.5215 46 18 14
16.57 6.2458 -1.4943 43 16 0
16.565 6.183 -1.48 38 22 0
16.552 6.2596 -1.4929 42 21 0
16.522 6.1966 -1.4953 43 16 0
16.573 6.1948 -1.5004 47 22 17
16.55 6.2092 -1.4735 42 21 0
16.555 6.2123 -1.4964 38 18 7
16.545 6.1333 -1.499 38 17 0
16.498 6.1374 -1.5167 44 22 1
16.53 6.2629 -1.5005 46 24 13
16.521 6.3025 -1.4762 45 23 2
16.455 6.1666 -1.4855 25 19 5
16.445 6.1936 -1.5013 35 17 5
16.507 6.1746 -1.4613 45 21 11
16.465 6.2353 -1.4951 28 14 3
16.515 6.242 -1.4665 45 20 0
16.492 6.2959 -1.4683 44 15 9
16.445 6.07 -1.5536 45 23 10
16.511 6.2193 -1.5109 44 24 0
16.371 6.1531 -1.5016 41 22 6
16.382 6.1707 -1.5171 32 13 9
16.409 6.2762 -1.4918 49 20 16
16.426 6.2184 -1.4661 46 24 0
16.396 6.2553 -1.4845 49 22 13
16.389 6.1876 -1.503 32 13 9
16.422 6.1552 -1.4786 46 19 10
16.431 6.2718 -1.4829 46 21 1
16.446 6.2997 -1.486 46 24 1
16.423 6.3012 -1.4952 46 22 12
16.399 6.1598 -1.4861 45 23 8
16.393 6.1466 -1.497 43 21 6
16.418 6.1355 -1.5224 44 22 7
16.46 6.2735 -1.4973 46 16 14
16.444 6.2435 -1.4972 40 19 0
16.307 6.1906 -1.4777 32 22 10
16.373 6.3045 -1.4874 45 21 7
16.356 6.2833 -1.4577 52 21 9
16.247 6.0535 -1.6175 34 16 2
16.355 6.2338 -1.4583 40 18 5
16.381 6.2275 -1.4782 36 21 14
16.374 6.2596 -1.4899 48 21 12
16.349 6.2113 -1.4993 43 25 5
16.352 6.169 -1.5009 44 20 8
16.381 6.2671 -1.5093 45 21 9
16.349 6.2586 -1.502 48 21 10
16.277 6.2277 -1.4967 44 25 8
16.301 6.2176 -1.5204 39 26 10
16.307 6.2815 -1.4768 37 19 0
16.286 6.284 -1.5116 38 19 3
16.27 6.2578 -1.5069 47 25 12
16.305 6.2394 -1.4484 42 23 16
16.287 6.1966 -1.5111 32 27 5
16.254 6.2387 -1.4709 45 23 0
16.259 6.2422 -1.4937 47 24 8
16.32 6.3023 -1.4852 41 20 3
16.262 6.1768 -1.6221 43 20 12
16.261 6.2028 -1.4891 41 21 14
16.32 6.3447 -1.4822 26 17 2
16.289 6.3383 -1.4771 29 19 10
16.214 6.2559 -1.5064 45 27 5
16.282 6.3713 -1.4583 34 20 11
16.227 6.274 -1.5173 45 28 11
16.251 6.2718 -1.5088 43 24 10
16.199 6.2858 -1.4389 49 26 18
16.217 6.2173 -1.4988 46 25 8
16.193 6.1662 -1.5685 43 25 5
16.198 6.2317 -1.4979 47 26 7
16.208 6.2908 -1.4861 47 24 8
16.219 6.3063 -1.499 41 22 16
16.25 6.357 -1.4799 40 26 13
16.158 6.2987 -1.4735 28 21 3
16.193 6.3111 -1.4798 47 26 9
16.193 6.3962 -1.4256 48 31 14
16.122 6.2736 -1.562 52 34 20
16.206 6.3288 -1.4919 38 26 4
16.163 6.2671 -1.4619 36 25 5
16.164 6.3522 -1.4396 47 26 7
16.222 6.3986 -1.4389 36 26 16
16.062 6.2797 -1.4658 53 36 19
16.104 6.3383 -1.4714 54 33 12
16.083 6.3094 -1.4712 55 34 13
16.126 6.2933 -1.4646 49 28 7
16.162 6.3828 -1.4765 41 24 14
16.085 6.2305 -1.4886 38 26 4
16.153 6.3707 -1.4593 49 29 18
16.112 6.3863 -1.4672 53 34 18
16.068 6.3225 -1.4981 58 36 21
16.107 6.3014 -1.4939 48 28 19
16.127 6.3705 -1.47 51 33 21
16.092 6.2804 -1.4855 51 30 13
16.114 6.3897 -1.4633 53 34 18
16.067 6.2439 -1.4857 46 32 19
16.129 6.369 -1.4974 51 32 16
16.086 6.2313 -1.4881 38 26 4
16.096 6.4005 -1.4647 59 41 19
15.954 6.2038 -1.5271 52 38 12
16.054 6.3484 -1.4347 66 46 21
16.038 6.2796 -1.5059 59 38 11
16.009 6.3233 -1.4372 64 46 24
16.017 6.3354 -1.4272 64 46 24
15.946 6.3468 -1.4769 81 58 17
16.025 6.4507 -1.4122 134 102 61
15.921 6.3142 -1.4749 61 39 18
16.018 6.4068 -1.4431 70 48 0
15.952 6.3196 -1.4629 70 49 20
15.961 6.3988 -1.4967 100 68 29
15.965 6.3354 -1.4767 106 79 42
15.861 6.3099 -1.5024 61 39 18
15.891 6.3503 -1.444 52 36 19
15.912 6.3395 -1.4659 61 41 17
15.907 6.2987 -1.4652 56 38 18
15.983 6.4608 -1.4485 77 51 24
15.976 6.4188 -1.4467 84 65 33
15.947 6.3842 -1.4571 59 42 14
15.957 6.4612 -1.4585 62 41 22
15.897 6.3897 -1.4747 53 37 11
15.922 6.3876 -1.4649 57 38 4
15.899 6.3247 -1.4531 54 35 21
15.981 6.4262 -1.4406 84 65 33
15.872 6.4275 -1.4358 48 28 1
15.857 6.4411 -1.4598 37 22 17
15.866 6.4195 -1.4417 48 28 1
15.803 6.3443 -1.477 49 29 4
15.798 6.373 -1.4945 50 28 13
15.8 6.4695 -1.4649 45 27 13
15.78 6.385 -1.4657 47 26 9
15.737 6.3699 -1.4934 47 26 0
15.836 6.4468 -1.49 39 22 12
15.855 6.4701 -1.4451 49 26 18
15.779 6.4477 -1.4618 42 25 8
15.788 6.4564 -1.4759 45 27 13
15.789 6.427 -1.469 46 24 13
15.8 6.4064 -1.4727 49 26 8
15.851 6.495 -1.4557 42 24 10
15.768 6.3394 -1.4684 45 26 19
15.845 6.4589 -1.4541 49 26 18
15.783 6.3567 -1.453 45 26 19
15.762 6.3317 -1.5037 48 25 9
15.746 6.3479 -1.4739 45 27 7
15.825 6.4666 -1.4579 50 27 21
15.671 6.3936 -1.45 45 25 0
15.762 6.4891 -1.469 35 23 1
15.754 6.5096 -1.4346 39 18 13
15.756 6.4538 -1.4666 43 24 8
15.787 6.4858 -1.4616 42 24 14
15.675 6.3981 -1.4468 45 25 0
15.762 6.4284 -1.4502 45 26 10
15.715 6.4397 -1.4896 40 21 14
15.634 6.4157 -1.4777 44 21 5
15.594 6.4067 -1.4735 35 22 3
15.697 6.5377 -1.4435 23 20 3
15.626 6.4083 -1.4846 44 21 5
15.691 6.5028 -1.4607 23 17 1
15.63 6.3814 -1.4709 43 18 0
15.663 6.4163 -1.4679 36 17 1
15.662 6.4744 -1.4646 41 17 15
15.663 6.4172 -1.4982 31 22 13
15.619 6.4017 -1.4652 35 19 2
15.526 6.3692 -1.4895 36 18 4
15.544 6.4164 -1.4838 39 17 2
15.594 6.4372 -1.4589 34 15 1
15.441 6.3167 -1.5433 32 15 7
15.556 6.3678 -1.4761 40 15 11
15.666 6.5058 -1.4423 35 18 0
15.598 6.4406 -1.4558 35 22 4
15.631 6.529 -1.4477 36 16 17
15.624 6.4944 -1.4442 35 19 2
15.58 6.4786 -1.4381 39 21 0
15.669 6.5385 -1.4544 37 21 4
15.566 6.4674 -1.4797 35 15 14
15.622 6.4921 -1.4693 34 14 7
15.619 6.4609 -1.4636 37 20 3
15.658 6.4977 -1.4493 35 18 0
15.523 6.4824 -1.4595 21 15 0
15.483 6.4165 -1.4542 38 16 5
15.615 6.5406 -1.4458 36 19 9
15.57 6.4984 -1.4608 37 10 17
15.467 6.4306 -1.4546 36 17 0
15.514 6.5034 -1.4555 29 15 4
15.511 6.4707 -1.4424 34 16 14
15.596 6.5497 -1.4484 35 15 6
15.505 6.4949 -1.488 34 17 0
15.507 6.4671 -1.4462 34 16 14
15.593 6.5755 -1.4405 32 14 4
15.528 6.514 -1.4188 35 19 0
15.524 6.565 -1.4436 31 15 0
15.408 6.4053 -1.486 30 12 2
15.516 6.532 -1.4644 17 12 8
15.449 6.5005 -1.4812 23 13 4
15.448 6.5249 -1.4657 28 7 12
15.499 6.5167 -1.5019 34 15 9
15.486 6.5049 -1.4641 27 19 6
15.495 6.5662 -1.4545 36 16 9
15.447 6.4968 -1.4556 30 9 6
15.426 6.4511 -1.4861 31 13 3
15.39 6.501 -1.4499 32 15 0
15.415 6.4962 -1.4682 30 12 8
15.419 6.5269 -1.4755 35 11 7
15.507 6.6016 -1.433 35 17 5
15.417 6.5233 -1.4519 32 16 0
15.455 6.5834 -1.4379 35 13 0
15.347 6.4902 -1.4407 33 16 6
15.435 6.5119 -1.4273 34 16 4
15.392 6.5293 -1.435 36 6 4
15.373 6.5899 -1.4362 24 19 15
15.285 6.5206 -1.4529 37 17 8
15.287 6.4685 -1.4497 27 16 0
15.352 6.5223 -1.4517 15 11 0
15.35 6.5464 -1.4416 35 18 11
15.361 6.5577 -1.4616 37 17 10
15.371 6.6153 -1.4526 38 17 0
15.369 6.5336 -1.4121 35 15 6
15.331 6.557 -1.4442 32 15 7
15.317 6.4956 -1.5023 24 16 3
15.286 6.5462 -1.4395 38 14 4
15.252 6.5441 -1.4501 27 12 5
15.28 6.5693 -1.4588 28 13 6
15.181 6.4659 -1.4902 34 17 0
15.378 6.6195 -1.4243 23 14 0
15.249 6.5422 -1.4529 27 12 5
15.119 6.4462 -1.5206 39 18 0
15.296 6.5535 -1.4327 38 14 4
15.284 6.5473 -1.4691 27 13 0
15.219 6.4665 -1.4712 32 14 0
15.194 6.5746 -1.4321 10 21 7
15.196 6.5542 -1.4675 31 10 7
15.147 6.5183 -1.4777 28 24 0
15.179 6.5116 -1.4377 28 11 1
15.229 6.5499 -1.429 37 18 4
15.188 6.5432 -1.4208 35 16 0
17.107 5.3229 -1.2978 44 27 10
17.087 4.6207 -1.678 41 23 9
17.048 4.8664 -1.5361 42 23 16
17.026 4.8465 -1.5894 40 22 0
17.052 4.55 -1.7187 43 26 0
16.987 4.6351 -1.6994 41 21 10
15.092 5.3454 -1.5333 41 21 14
15.251 5.4966 -1.4357 46 23 15
15.052 5.2954 -1.5632 41 21 14
15.121 5.8351 -1.3069 42 24 10
14.878 5.4903 -1.4361 41 23 9
17.601 5.3481 -1.4448 31 19 23
17.557 5.2075 -1.5506 46 17 9
17.242 5.0949 -1.5679 34 21 2
17.163 5.3023 -1.519 36 21 18
17.151 5.0565 -1.5858 36 24 0
17.194 5.1621 -1.5933 42 24 10
17.157 5.2009 -1.5427 37 16 11
17.183 4.9235 -1.6434 37 21 0
17.123 5.1091 -1.575 44 27 1
17.059 5.1942 -1.5165 48 28 19
17.095 5.2332 -1.5192 52 25 16
17.077 5.3395 -1.5064 40 23 13
17.068 5.2397 -1.5249 50 29 8
17.129 5.3639 -1.4721 33 22 3
17.085 5.2666 -1.5792 44 19 14
16.986 5.2623 -1.5496 35 26 11
16.987 5.1755 -1.4833 45 23 2
17.022 5.2628 -1.5667 41 20 17
16.995 5.281 -1.5668 43 23 12
17.03 5.1701 -1.5363 47 23 9
16.95 5.3737 -1.4353 39 21 1
16.937 5.3592 -1.5165 42 24 22
16.948 5.2183 -1.551 38 22 0
16.967 5.2884 -1.5757 40 24 11
16.886 5.0928 -1.5241 39 23 0
16.918 5.2012 -1.5691 41 17 13
16.933 5.2382 -1.471 43 20 2
16.963 4.8412 -1.6151 32 19 1
16.959 5.1904 -1.4846 37 25 3
16.96 5.2999 -1.5362 36 16 7
16.892 5.0571 -1.5746 41 23 1
16.93 4.8189 -1.6339 40 22 0
16.881 5.2005 -1.5453 41 23 3
16.811 5.1606 -1.559 34 28 4
16.895 5.2763 -1.5368 40 21 4
16.834 5.3122 -1.5141 78 52 38
16.867 5.1225 -1.5533 42 22 13
16.796 5.0995 -1.5546 47 23 9
16.781 5.1636 -1.5653 48 23 0
16.761 5.3571 -1.5493 48 28 17
16.77 5.1337 -1.5479 46 25 8
16.71 5.4052 -1.5461 50 32 12
16.709 5.4 -1.5505 50 32 12
16.702 5.4001 -1.5182 53 35 15
16.748 5.4719 -1.4938 53 29 25
16.526 5.5625 -1.4672 80 53 18
16.486 5.4243 -1.5146 115 85 47
16.499 5.5685 -1.4742 69 49 25
16.451 5.4074 -1.5405 63 41 18
16.463 5.5449 -1.5031 54 35 21
16.32 5.4308 -1.5062 48 26 11
16.336 5.3978 -1.4772 48 28 4
16.339 5.4545 -1.5559 41 24 7
16.333 5.5339 -1.5218 42 24 14
16.275 5.4089 -1.4968 42 24 14
16.323 5.5226 -1.4974 47 23 9
16.283 5.4156 -1.5248 46 22 12
16.293 5.5249 -1.5021 34 21 3
16.285 5.5914 -1.4792 30 16 7
16.157 5.4454 -1.5224 38 21 4
16.142 5.5709 -1.4693 41 24 7
16.157 5.5955 -1.4899 43 22 5
16.113 5.5785 -1.4779 44 24 15
16.148 5.507 -1.4989 41 19 6
16.131 5.6087 -1.4902 45 17 14
15.964 5.4242 -1.4888 49 28 7
16.015 5.5771 -1.5131 41 21 10
16.043 5.5783 -1.4716 42 26 3
16.037 5.5738 -1.4381 45 26 10
15.963 5.4963 -1.4598 51 28 12
15.967 5.4318 -1.4846 49 28 7
16.002 5.5605 -1.489 47 23 13
15.982 5.5277 -1.4756 49 26 18
16.005 5.6918 -1.464 41 22 16
16.013 5.6514 -1.4421 44 26 2
16.009 5.6339 -1.4904 41 23 13
15.796 5.5582 -1.5618 44 20 6
15.837 5.6381 -1.4797 41 24 4
15.957 5.7964 -1.3707 43 25 3
15.852 5.722 -1.4391 43 25 15
15.873 5.7533 -1.4494 42 22 13
15.704 5.644 -1.5234 42 26 3
15.751 5.7732 -1.4514 45 25 14
15.599 5.6571 -1.4465 43 23 14
15.527 5.6033 -1.4907 44 26 4
15.63 5.7482 -1.4734 50 29 10
15.597 5.7023 -1.4644 40 27 8
15.435 5.4735 -1.5321 46 25 4
15.515 5.689 -1.4652 46 23 7
15.563 5.7541 -1.4606 47 24 6
15.51 5.7283 -1.4819 44 27 9
15.345 5.6154 -1.4425 47 28 0
15.337 5.6071 -1.4084 45 26 9
15.501 5.7643 -1.4749 43 25 15
15.279 5.4761 -1.5484 48 25 7
15.481 5.7897 -1.3721 46 23 5
15.327 5.6857 -1.4568 43 26 0
15.237 5.5278 -1.4656 38 22 0
15.382 5.7519 -1.4499 48 21 10
15.25 5.6352 -1.5332 43 24 7
15.451 5.8362 -1.429 41 22 5
15.395 5.7266 -1.4241 42 25 0
15.421 5.8418 -1.4325 44 25 8
15.31 5.881 -1.4287 35 25 0
15.152 5.7872 -1.509 42 21 18
15.166 5.8034 -1.4349 36 22 0
15.295 5.9033 -1.421 42 14 13
15.208 5.7651 -1.4667 39 23 0
15.195 5.8351 -1.4493 43 17 2
15.178 5.7741 -1.4712 38 22 9
15.209 5.8881 -1.4219 39 24 5
15.163 5.8388 -1.4853 39 16 22
15.135 5.8496 -1.4607 47 14 17
15.064 5.9311 -1.4552 40 22 2
15.079 5.8708 -1.4721 19 11 9
15.096 5.9613 -1.4024 32 16 0
17.569 5.37 -1.5082 46 23 7
17.658 5.2102 -1.6116 49 31 11
17.577 5.3838 -1.5363 50 21 25
17.588 5.4227 -1.5713 38 20 0
17.644 5.18 -1.5665 37 18 2
17.604 5.2595 -1.5304 43 22 5
17.573 5.4514 -1.5259 40 21 5
17.593 5.3702 -1.5042 39 24 3
17.595 5.4038 -1.51 42 27 6
17.57 5.5535 -1.5192 32 25 0
17.636 4.9634 -1.707 43 22 1
17.492 5.5388 -1.5036 38 25 7
17.579 5.1411 -1.6194 42 23 6
17.518 5.4323 -1.5939 40 23 6
17.541 5.1615 -1.5893 38 24 0
17.573 5.1759 -1.6006 42 23 6
17.513 5.4643 -1.5747 40 23 6
17.437 5.3904 -1.59 40 18 3
17.447 5.3649 -1.5361 39 20 4
17.48 5.5309 -1.5477 39 24 3
17.478 5.495 -1.5418 39 22 4
17.462 5.3885 -1.5858 37 22 3
17.439 5.3599 -1.5104 39 21 1
17.419 5.1218 -1.666 39 20 4
17.375 5.2938 -1.5768 37 18 2
17.45 5.1609 -1.6633 42 18 18
17.373 5.385 -1.5525 37 20 0
17.426 5.4169 -1.5485 34 21 15
17.387 5.4759 -1.494 42 23 17
17.418 5.3401 -1.5294 44 19 22
17.3 5.2929 -1.612 40 23 3
17.281 5.5434 -1.5635 40 19 0
17.32 5.4513 -1.5425 39 24 1
17.31 5.4731 -1.4976 43 22 1
17.293 5.4941 -1.5247 37 18 11
17.35 5.2863 -1.5888 36 19 9
17.254 5.3403 -1.5316 32 21 2
17.276 5.5011 -1.5574 39 22 14
17.261 5.3714 -1.5446 44 23 4
17.221 5.6458 -1.4912 31 18 2
17.24 5.6967 -1.4512 32 20 4
17.257 5.5634 -1.562 38 20 0
17.261 5.4924 -1.5054 37 25 3
17.271 5.4644 -1.5512 38 19 13
17.243 5.519 -1.5253 39 18 13
17.152 5.3918 -1.5492 42 24 4
17.203 5.1607 -1.6248 42 24 2
17.175 5.6386 -1.5139 37 24 6
17.17 5.3494 -1.5294 35 17 5
17.172 5.512 -1.5638 41 21 12
17.196 5.5286 -1.5451 27 18 11
17.201 5.5911 -1.5374 27 24 5
17.145 5.6416 -1.4968 43 18 11
17.153 5.6418 -1.5255 41 23 3
17.093 5.3392 -1.5653 43 23 0
17.091 5.5566 -1.5412 44 19 15
17.123 5.5336 -1.5746 41 17 5
17.074 5.5673 -1.5752 41 24 4
17.084 5.5801 -1.4968 45 24 3
17.119 5.3404 -1.5567 42 26 1
17.067 5.413 -1.5349 44 24 0
17.133 5.4664 -1.5408 35 20 13
17.066 5.5616 -1.5451 39 19 12
17.074 5.5634 -1.5774 41 24 4
17.115 5.6564 -1.4707 40 24 11
17.099 5.6341 -1.525 41 22 15
17.126 5.4404 -1.529 37 19 0
17.108 5.4516 -1.5633 44 21 13
17.1 5.3909 -1.564 43 26 0
17.05 5.4888 -1.5317 33 20 14
17.02 5.5311 -1.4901 36 18 0
16.999 5.4698 -1.5705 38 26 0
17.031 5.2917 -1.5871 42 22 13
17.026 5.5144 -1.5286 26 17 12
17.004 5.3319 -1.5709 34 25 18
17.018 5.5832 -1.5593 36 28 7
17.006 5.4651 -1.6005 41 21 14
17.042 5.4027 -1.556 41 23 1
17.043 5.611 -1.5316 33 16 9
17.058 5.3332 -1.5491 47 25 14
17.027 5.6673 -1.5322 42 25 5
17.051 5.6817 -1.5108 38 21 4
17.033 5.5108 -1.5588 26 17 10
16.991 5.4538 -1.5452 43 23 0
17.057 5.4734 -1.5704 43 25 15
16.93 5.4523 -1.5347 36 20 0
16.972 5.6635 -1.5282 39 21 1
16.984 5.5511 -1.5583 40 24 9
16.953 5.58 -1.5226 39 21 11
16.969 5.5282 -1.5141 39 21 11
16.94 5.4781 -1.5544 38 18 9
16.978 5.5616 -1.5254 40 21 14
16.921 5.5772 -1.5026 43 17 3
16.98 5.4012 -1.5388 39 22 12
16.989 5.5058 -1.6185 35 22 14
16.908 5.4994 -1.5198 39 21 0
16.859 5.6633 -1.5133 40 25 18
16.866 5.6652 -1.5425 40 23 15
16.827 5.766 -1.4966 43 21 0
16.75 5.4383 -1.5491 42 23 6
16.796 5.3477 -1.5778 43 24 10
16.817 5.7302 -1.3658 44 22 9
16.79 5.4766 -1.5447 46 21 0
16.791 5.7269 -1.507 45 23 8
16.819 5.4882 -1.525 43 23 12
16.835 5.6782 -1.5118 44 22 11
16.804 5.7771 -1.4975 46 21 14
16.828 5.5011 -1.5509 34 22 0
16.798 5.6419 -1.5167 41 21 10
16.823 5.6337 -1.5105 44 22 11
16.85 5.7447 -1.502 42 22 11
16.811 5.6906 -1.5191 45 23 10
16.816 5.6258 -1.4877 37 26 4
16.727 5.4727 -1.5406 47 24 6
16.736 5.5826 -1.5789 47 26 7
16.737 5.5449 -1.6357 48 28 21
16.696 5.582 -1.528 45 29 6
16.709 5.6191 -1.5341 34 22 0
16.659 5.5657 -1.5186 48 31 5
16.599 5.5492 -1.5502 54 33 12
16.641 5.5057 -1.5211 56 34 21
16.666 5.7091 -1.4706 52 31 10
16.634 5.6873 -1.4973 55 31 19
16.664 5.5582 -1.5527 54 32 8
16.633 5.5782 -1.5191 53 31 10
16.618 5.5304 -1.5181 52 33 17
16.599 5.575 -1.5056 59 37 22
16.528 5.5453 -1.5109 63 42 23
16.568 5.5689 -1.5125 67 45 21
16.571 5.8264 -1.5077 32 22 10
16.554 5.7813 -1.5083 49 30 14
16.496 5.7085 -1.5077 46 25 4
16.512 5.746 -1.5128 47 27 20
16.44 5.57 -1.5003 47 29 9
16.493 5.5226 -1.5338 59 38 21
16.486 5.691 -1.4873 45 24 3
16.49 5.6021 -1.529 50 27 11
16.57 5.9576 -1.374 48 28 21
16.471 5.5511 -1.5342 47 28 14
16.526 5.7809 -1.5189 43 25 13
16.477 5.7242 -1.5367 45 27 7
16.47 5.7157 -1.5134 45 24 5
16.459 5.4393 -1.7017 48 28 21
16.389 5.5616 -1.5935 45 24 5
16.414 5.6626 -1.5001 41 25 8
16.494 5.8732 -1.4512 45 25 16
16.372 5.6388 -1.493 42 23 7
16.404 5.7773 -1.5078 31 18 9
16.459 5.6985 -1.4956 46 23 5
16.446 5.8908 -1.4648 38 21 13
16.46 5.7784 -1.4831 43 25 5
16.408 5.8594 -1.4942 40 25 18
16.319 5.7403 -1.4638 43 21 6
16.343 5.6572 -1.4618 38 22 7
16.374 5.7747 -1.5199 45 22 14
16.357 5.8709 -1.5069 44 25 8
16.354 5.7442 -1.4783 43 23 0
16.316 5.7184 -1.5074 43 23 0
16.376 5.793 -1.4755 43 20 4
16.305 5.6171 -1.5264 40 23 5
16.384 5.734 -1.5084 40 18 3
16.353 5.7412 -1.4803 43 23 0
16.304 5.6299 -1.4861 38 19 13
16.393 5.8944 -1.4789 39 19 10
16.359 5.8253 -1.4641 38 22 7
16.336 5.828 -1.5046 44 22 7
16.352 5.6669 -1.4878 41 25 12
16.353 5.6543 -1.5188 42 24 0
16.365 5.8283 -1.4943 42 23 6
16.395 5.7504 -1.5261 31 18 9
16.317 5.8516 -1.5017 46 24 9
16.29 5.8553 -1.5105 40 24 11
16.309 5.8448 -1.4786 43 19 15
16.3 5.7031 -1.4522 37 19 15
16.323 5.806 -1.4887 36 21 2
16.372 5.9856 -1.4379 46 23 15
16.213 5.7622 -1.5229 43 19 5
16.217 5.7822 -1.4805 42 19 1
16.257 5.9151 -1.4895 45 24 7
16.163 5.7947 -1.4888 46 21 14
16.241 5.9432 -1.4816 47 23 13
16.194 5.7965 -1.4797 45 22 4
16.205 5.812 -1.5003 42 22 0
16.091 5.7869 -1.4566 37 20 10
16.047 5.7037 -1.4779 42 22 11
16.169 5.9795 -1.463 45 23 12
16.172 5.9254 -1.485 38 24 15
16.048 5.9257 -1.472 44 24 15
16.086 5.9366 -1.4831 43 25 15
16.057 5.9369 -1.496 44 24 15
15.997 5.669 -1.513 41 23 11
16.035 5.738 -1.5034 41 23 3
16.114 5.9824 -1.4771 30 17 11
16.059 5.9409 -1.4935 44 24 15
16.085 5.8816 -1.4764 44 25 8
16.11 5.9258 -1.481 34 21 5
15.956 5.8636 -1.5685 47 27 3
15.999 5.8979 -1.4711 45 24 3
16.008 5.9619 -1.4707 49 25 13
16.066 6.0081 -1.4537 45 25 14
15.998 5.8899 -1.5069 45 25 18
15.875 5.8549 -1.4694 46 26 0
15.921 5.9714 -1.4607 45 25 14
15.895 5.9361 -1.4633 49 29 5
15.884 5.8652 -1.4967 46 28 4
15.856 5.8771 -1.4725 44 27 1
15.913 5.8185 -1.4446 46 28 8
15.828 5.7808 -1.4873 46 26 15
15.923 6.019 -1.4706 49 27 14
15.923 5.9251 -1.4849 44 24 15
15.859 5.78 -1.4809 43 24 18
15.89 5.8274 -1.4804 43 25 3
15.899 6.0291 -1.4747 48 27 10
15.792 5.8331 -1.446 39 25 14
15.753 5.7672 -1.5212 42 25 5
15.712 5.7606 -1.5036 48 29 13
15.889 6.0588 -1.4618 51 31 24
15.812 5.8092 -1.4833 45 25 14
15.715 5.9077 -1.4721 48 27 6
15.786 6.0451 -1.4768 45 32 13
15.741 5.8999 -1.4689 45 27 5
15.684 5.8195 -1.4895 38 23 20
15.738 5.8466 -1.4917 44 28 5
15.748 5.952 -1.4719 46 27 13
15.75 5.9971 -1.4829 48 29 13
15.713 5.8165 -1.4502 46 26 19
15.748 5.9971 -1.451 44 26 6
15.744 5.8602 -1.4563 40 26 13
15.635 5.7518 -1.5024 46 24 13
15.56 5.8405 -1.4579 42 24 12
15.702 5.9346 -1.4616 46 25 4
15.748 6.0373 -1.4641 45 26 12
15.58 5.8187 -1.4932 43 25 15
15.735 6.0236 -1.4463 44 24 13
15.589 5.8772 -1.4654 45 25 16
15.761 6.0535 -1.4838 48 30 8
15.739 6.0685 -1.453 46 27 11
15.522 5.8787 -1.4882 46 25 6
15.689 6.0857 -1.433 48 28 17
15.676 6.109 -1.429 42 25 15
15.617 6.0752 -1.4667 48 27 8
15.62 6.076 -1.4879 36 25 6
15.555 5.8764 -1.476 48 22 7
15.644 6.0665 -1.4882 45 28 10
15.529 5.8888 -1.4496 47 28 14
15.567 5.8942 -1.4324 42 22 15
15.617 6.0383 -1.454 47 26 7
15.565 6.092 -1.4474 46 24 9
15.56 6.0451 -1.4634 47 25 10
15.625 6.1224 -1.4398 48 23 16
15.588 6.0405 -1.4601 46 23 7
15.51 5.9464 -1.4956 46 25 8
15.531 6.0518 -1.4114 39 22 5
15.625 6.1223 -1.4398 48 23 16
15.478 5.9881 -1.4832 48 25 9
15.541 6.0248 -1.4509 46 25 0
15.593 6.1222 -1.4505 45 25 18
15.427 6.01 -1.4323 40 23 0
15.474 6.0984 -1.441 36 19 11
15.383 5.9978 -1.4825 37 20 0
15.499 6.126 -1.4514 32 19 11
15.38 6.1049 -1.4393 37 15 15
15.372 6.0241 -1.4777 35 18 0
15.435 6.1634 -1.4283 44 20 18
15.357 6.0086 -1.4273 38 20 0
15.272 5.9161 -1.4565 41 22 18
15.404 6.0583 -1.481 36 21 14
15.335 5.9457 -1.4541 38 17 12
15.374 6.0275 -1.4451 42 21 4
15.282 5.9662 -1.4358 38 17 12
15.372 6.061 -1.4617 39 20 6
15.062 5.8146 -1.5291 37 21 0
15.183 5.9762 -1.4957 43 22 1
15.454 6.2798 -1.3704 43 22 5
15.241 5.9971 -1.437 39 20 13
15.055 5.8468 -1.5203 36 21 14
15.225 6.09 -1.5003 35 19 2
15.236 6.1005 -1.5227 16 19 0
15.218 6.1831 -1.4661 29 12 5
15.115 6.2467 -1.4438 35 16 2
15.038 6.2132 -1.4813 39 17 4
17.557 5.7285 -1.5562 23 16 0
17.564 5.7859 -1.5068 21 15 0
17.536 5.7314 -1.5637 41 19 6
17.483 5.5648 -1.5528 37 21 4
17.453 5.767 -1.5166 43 20 12
17.51 5.5834 -1.5599 35 22 6
17.487 5.7381 -1.5544 37 22 0
17.459 5.7788 -1.5348 41 24 6
17.494 5.6475 -1.5842 34 19 0
17.499 5.618 -1.6033 34 19 0
17.504 5.5693 -1.5432 40 25 6
17.478 5.6924 -1.5295 37 17 8
17.507 5.7387 -1.5444 39 20 4
17.46 5.6777 -1.5476 38 22 5
17.43 5.7375 -1.5192 42 25 8
17.435 5.6516 -1.5469 36 25 6
17.391 5.7741 -1.5435 28 18 8
17.433 5.6011 -1.5477 39 20 4
17.41 5.7284 -1.5321 37 24 5
17.454 5.6619 -1.5295 32 25 7
17.432 5.8249 -1.5147 37 22 1
17.405 5.8205 -1.5022 39 22 4
17.43 5.7883 -1.5118 30 17 9
17.324 5.7306 -1.4829 37 20 2
17.338 5.6742 -1.5461 37 21 4
17.381 5.6646 -1.5285 33 14 8
17.388 5.6849 -1.5471 27 10 2
17.341 5.715 -1.5472 39 17 19
17.364 5.699 -1.545 38 22 7
17.366 5.8101 -1.526 35 23 0
17.4 5.4536 -1.635 31 16 0
17.392 5.7133 -1.5552 24 16 0
17.358 5.6935 -1.5259 36 21 18
17.366 5.7483 -1.5397 31 20 1
17.326 5.7125 -1.4948 37 20 2
17.308 5.5945 -1.5511 35 16 0
17.294 5.7659 -1.5364 36 15 12
17.318 5.8046 -1.5254 27 21 5
17.304 5.7194 -1.5004 36 20 3
17.286 5.5839 -1.5666 43 21 6
17.272 5.7664 -1.5412 39 20 14
17.293 5.6897 -1.5577 38 14 12
17.311 5.8027 -1.5015 35 20 15
17.273 5.8508 -1.5134 38 23 2
17.315 5.6805 -1.5506 32 17 12
17.316 5.6726 -1.5564 32 17 12
17.328 5.779 -1.5694 37 21 6
17.296 5.8966 -1.4981 32 19 0
17.298 5.792 -1.5428 31 21 9
17.284 5.7016 -1.5208 33 22 2
17.277 5.8783 -1.5172 41 19 4
17.258 5.6504 -1.5339 39 20 3
17.222 5.7722 -1.5333 26 21 2
17.228 5.7734 -1.558 34 19 14
17.217 5.7267 -1.5358 24 21 2
17.23 5.7494 -1.4809 36 14 14
17.209 5.5811 -1.5733 30 18 4
17.233 5.8259 -1.5532 31 22 3
17.209 5.7336 -1.5046 30 21 2
17.209 5.8513 -1.539 43 22 1
17.204 5.8345 -1.5288 40 23 13
17.2 5.7622 -1.55 36 22 13
17.193 5.7647 -1.5235 42 23 6
17.16 5.6259 -1.5649 38 23 0
17.148 5.798 -1.5185 42 27 4
17.182 5.8304 -1.54 39 18 15
17.182 5.6737 -1.5244 40 24 1
17.138 5.9019 -1.5131 43 17 2
17.135 5.7715 -1.4822 37 22 0
17.187 5.7498 -1.5039 33 23 13
17.161 5.8496 -1.5408 43 20 4
17.189 5.8265 -1.5694 40 24 1
17.177 5.7852 -1.5455 42 21 4
17.144 5.6648 -1.5805 38 21 1
17.165 5.7145 -1.5348 39 22 12
17.169 5.7954 -1.5074 38 19 13
17.154 5.8192 -1.5292 48 20 7
17.09 5.7406 -1.5218 34 21 12
17.082 5.625 -1.5684 42 22 15
17.066 5.7417 -1.5302 36 21 16
17.119 5.7843 -1.5093 42 24 4
17.13 5.6115 -1.5538 40 24 1
17.113 5.6663 -1.5609 31 23 2
17.125 5.862 -1.4878 39 20 3
17.113 5.6684 -1.5593 31 23 2
17.106 5.6709 -1.5283 41 20 1
17.031 5.8432 -1.5149 43 19 15
17.021 5.7594 -1.5431 44 21 3
17.012 5.7009 -1.552 41 23 1
17.009 5.8678 -1.5058 48 20 16
17.034 5.6468 -1.5735 44 23 2
17.014 5.8448 -1.5513 36 19 9
17.03 5.8354 -1.5201 43 19 15
17.058 5.6529 -1.5613 35 16 9
17.037 5.8808 -1.509 38 19 12
17 5.812 -1.5156 43 20 2
17.003 5.9404 -1.5212 41 23 1
17.044 5.7693 -1.5221 36 25 5
17.049 5.6791 -1.6133 39 20 13
17.023 5.8989 -1.5384 42 22 15
17.004 5.6693 -1.543 44 23 0
17.045 5.9065 -1.5192 41 23 13
17.06 5.8658 -1.5132 28 22 6
16.989 5.7305 -1.5425 43 23 16
16.998 5.981 -1.4629 36 18 4
16.96 5.7463 -1.5159 46 24 3
16.979 5.6582 -1.5627 40 22 0
16.956 5.8505 -1.5105 41 25 0
16.986 5.8666 -1.5172 24 17 11
16.964 5.7183 -1.5609 41 25 0
16.904 5.9658 -1.4886 43 21 21
16.865 5.7706 -1.5389 47 19 16
16.891 5.788 -1.5194 28 22 6
16.878 5.7225 -1.5312 45 23 12
16.875 5.8085 -1.5447 44 24 0
16.884 5.8287 -1.5585 46 28 14
16.884 5.936 -1.5478 36 18 0
16.915 5.8409 -1.5666 33 20 1
16.908 5.9519 -1.5243 43 23 16
16.88 5.9564 -1.5052 44 25 9
16.843 5.8 -1.5264 44 22 11
16.861 5.9901 -1.4905 49 22 13
16.824 5.9227 -1.5244 45 22 14
16.826 5.8472 -1.5126 40 22 8
16.841 6.0059 -1.4913 49 22 3
16.864 5.8687 -1.5411 45 20 13
16.793 5.8317 -1.5031 43 23 0
16.835 5.7808 -1.5186 40 17 9
16.797 5.8211 -1.5407 45 23 2
16.819 6.0099 -1.5004 49 22 11
16.816 6.0287 -1.4586 45 18 11
16.842 5.8864 -1.5399 42 23 9
16.815 5.9048 -1.5101 43 24 10
16.846 5.6612 -1.5869 38 16 5
16.831 5.8453 -1.5413 43 18 14
16.855 5.8444 -1.5297 44 24 0
16.807 5.7532 -1.5439 38 21 3
16.77 5.8408 -1.5113 44 22 0
16.79 5.976 -1.5333 39 17 4
16.758 5.9183 -1.4654 33 24 9
16.765 5.773 -1.5843 46 24 1
16.79 6.0052 -1.4871 44 20 8
16.726 5.8722 -1.5073 41 23 3
16.74 5.9169 -1.507 35 20 0
16.759 5.963 -1.5274 29 16 8
16.743 5.9048 -1.5398 36 16 15
16.758 5.849 -1.5684 46 25 8
16.677 5.8082 -1.5044 46 28 8
16.667 5.7321 -1.5862 43 22 17
16.69 5.9141 -1.5273 43 30 22
16.662 5.9032 -1.5445 51 27 15
16.68 5.8965 -1.5108 44 27 7
16.712 5.9945 -1.4983 50 22 9
16.726 5.9465 -1.5223 52 28 0
16.707 5.8016 -1.5275 43 25 5
16.666 5.854 -1.5145 44 25 9
16.699 5.8621 -1.5264 43 24 8
16.705 5.8667 -1.5522 38 27 5
16.705 6.0536 -1.491 51 24 15
16.721 6.0152 -1.5099 51 20 10
16.689 6.0029 -1.5034 52 26 9
16.742 5.9993 -1.5107 51 24 17
16.607 5.8452 -1.5134 50 28 13
16.639 5.847 -1.5297 45 26 12
16.629 5.8259 -1.5165 48 28 3
16.659 5.9977 -1.4911 57 28 20
16.656 6.0635 -1.4796 53 24 16
16.658 5.9065 -1.5197 36 29 1
16.567 5.7925 -1.5593 33 16 0
16.676 6.0501 -1.4775 56 24 11
16.675 6.0233 -1.5252 52 25 18
16.546 5.8347 -1.5101 39 27 5
16.583 6.0099 -1.4865 47 23 9
16.588 6.0078 -1.5152 40 27 19
16.539 5.8852 -1.5185 46 23 17
16.584 6.0833 -1.468 47 22 15
16.579 5.9176 -1.5138 43 28 5
16.524 5.9264 -1.498 47 26 7
16.579 6.0657 -1.4815 47 22 15
16.555 5.8476 -1.5357 46 25 4
16.532 5.9349 -1.5234 48 25 7
16.547 5.9688 -1.5269 47 26 7
16.588 5.9325 -1.5303 42 19 13
16.546 6.0364 -1.5187 29 24 18
16.564 5.9571 -1.4957 46 26 2
16.614 6.1712 -1.4283 43 24 10
16.526 5.859 -1.511 50 31 14
16.579 6.1339 -1.4642 44 22 11
16.513 6.0261 -1.5032 50 27 11
16.505 6.0161 -1.4856 46 25 6
16.502 5.9403 -1.5008 44 24 17
16.495 6.0499 -1.4975 46 26 19
16.488 5.9768 -1.4866 48 25 9
16.507 6.024 -1.4794 46 25 6
16.503 5.8714 -1.5112 45 25 16
16.527 6.0058 -1.4819 45 24 5
16.532 6.0059 -1.5096 48 23 18
16.392 6.0039 -1.5089 45 23 12
16.434 6.034 -1.5045 32 24 11
16.442 6.0449 -1.5252 30 23 7
16.386 5.9372 -1.4899 48 21 10
16.42 5.9443 -1.5023 42 26 0
16.408 5.9749 -1.5206 48 25 9
16.444 5.9762 -1.5665 37 21 6
16.426 6.0837 -1.4769 47 25 14
16.411 5.8546 -1.5247 29 16 7
16.399 5.898 -1.5078 43 26 8
16.49 6.1669 -1.4572 45 23 10
16.395 6.0231 -1.4706 37 20 3
16.432 6.0883 -1.502 42 25 17
16.328 5.9299 -1.5139 45 24 5
16.33 6.0038 -1.4787 37 16 11
16.404 6.2088 -1.4388 42 23 9
16.384 6.1081 -1.4827 45 23 12
16.307 5.8887 -1.5166 44 22 7
16.362 6.0624 -1.4909 43 23 14
16.335 6.0605 -1.501 46 25 8
16.421 6.1256 -1.4837 42 25 5
16.345 6.074 -1.5197 43 24 8
16.345 6.0297 -1.4829 45 24 7
16.364 6.0109 -1.4859 39 24 1
16.368 6.0103 -1.5186 42 23 6
16.366 5.9581 -1.4856 45 24 7
16.392 6.0604 -1.5059 49 26 10
16.379 6.0834 -1.5267 41 22 6
16.258 5.973 -1.4881 46 23 15
16.24 5.994 -1.4854 47 24 6
16.252 5.9584 -1.4986 46 23 15
16.362 6.1772 -1.4495 44 22 9
16.277 6.0069 -1.4933 34 23 1
16.327 6.07 -1.4113 42 25 7
16.254 6.0173 -1.4987 44 23 6
16.19 6.006 -1.4986 45 21 11
16.2 5.914 -1.5128 48 26 15
16.172 6.0341 -1.46 51 25 10
16.27 6.1442 -1.5059 41 22 5
16.277 6.1661 -1.4591 48 24 20
16.224 6.0692 -1.4792 48 24 14
16.214 6.0057 -1.4589 44 21 13
16.235 6.0853 -1.4974 48 25 9
16.247 6.1515 -1.5114 48 24 20
16.21 6.0967 -1.4714 48 24 10
16.202 6.0871 -1.4487 47 24 6
16.21 5.9893 -1.5006 45 24 3
16.23 6.0249 -1.5037 49 23 8
16.167 5.9662 -1.4984 47 26 9
16.061 5.9813 -1.5638 49 25 15
16.186 6.2057 -1.4225 40 20 9
16.082 5.977 -1.4952 43 24 8
16.051 6.0766 -1.4538 41 22 5
16.111 6.2087 -1.4768 49 26 18
16.047 6.1132 -1.4673 48 26 3
16.094 6.1839 -1.4669 46 26 17
16.069 6.0598 -1.4602 40 21 14
16.067 6.0939 -1.4991 45 24 3
16.066 6.1413 -1.4727 48 25 7
16.085 6.0821 -1.4689 47 25 4
16.097 6.1427 -1.4904 44 24 13
16.063 6.0935 -1.474 46 24 11
16.143 6.1803 -1.4226 48 26 13
16.087 6.034 -1.4911 44 27 7
16.123 6.1821 -1.4874 45 25 16
16.12 6.1336 -1.487 41 24 6
16.047 6.1565 -1.4733 50 28 5
16.084 6.2521 -1.4617 48 29 15
16.04 6.1906 -1.4577 50 28 5
16.072 6.1937 -1.4716 47 27 16
16.041 6.188 -1.4866 47 29 19
16.064 6.1758 -1.5137 48 28 17
15.925 6.0181 -1.5037 54 27 18
15.931 6.0739 -1.4687 49 30 14
15.96 6.1159 -1.4693 49 31 11
15.948 6.1417 -1.4599 52 29 13
15.896 6.0666 -1.4862 50 27 21
15.87 6.0767 -1.4673 49 27 14
15.928 6.1543 -1.4592 51 28 20
15.859 6.0489 -1.572 62 39 21
15.876 6.0814 -1.4882 53 31 10
15.98 6.2638 -1.4678 55 40 21
15.978 6.2634 -1.4409 63 44 12
15.841 6.0736 -1.5049 50 29 8
15.942 6.2527 -1.4636 67 49 29
15.823 6.094 -1.4725 42 33 16
15.807 6.1134 -1.4677 49 35 8
15.891 6.261 -1.4479 55 33 20
15.893 6.2618 -1.4773 58 41 24
15.859 6.1038 -1.4555 49 30 16
15.9 6.2321 -1.4877 61 39 24
15.909 6.3204 -1.4384 51 33 13
15.908 6.3581 -1.3931 45 32 16
15.858 6.2899 -1.4704 49 30 13
15.793 6.2126 -1.4526 51 29 6
15.816 6.2404 -1.4608 53 36 16
15.748 6.156 -1.4687 49 26 8
15.809 6.1953 -1.4575 49 27 12
15.748 6.1942 -1.4498 46 25 4
15.732 6.2101 -1.4749 48 25 7
15.719 6.1966 -1.4615 47 26 9
15.765 6.249 -1.4708 50 31 17
15.628 6.0845 -1.5144 47 26 5
15.811 6.269 -1.4744 49 31 9
15.754 6.2006 -1.4732 50 27 9
15.787 6.2405 -1.4689 49 27 6
15.591 6.0776 -1.5618 42 24 4
15.747 6.2978 -1.4844 49 24 20
15.638 6.1381 -1.4594 47 28 11
15.633 6.1679 -1.4764 41 25 8
15.706 6.2187 -1.4261 48 25 19
15.593 6.1223 -1.4837 44 26 6
15.756 6.3414 -1.4555 43 24 20
15.711 6.3253 -1.4269 36 20 7
15.595 6.1955 -1.5085 47 27 2
15.61 6.2819 -1.4609 39 23 0
15.688 6.3334 -1.4058 43 26 0
15.658 6.3641 -1.455 44 20 10
15.597 6.2324 -1.4562 43 23 0
15.561 6.1584 -1.5081 45 25 0
15.612 6.3778 -1.4089 37 18 4
15.484 6.248 -1.4634 25 18 2
15.567 6.3011 -1.465 36 21 0
15.624 6.3924 -1.4301 44 20 6
15.507 6.2713 -1.4736 34 22 0
15.586 6.3827 -1.4465 42 17 13
15.61 6.3449 -1.455 38 18 11
15.451 6.2777 -1.4299 39 21 1
15.5 6.3268 -1.4205 42 19 3
15.434 6.2305 -1.4609 42 16 17
15.516 6.3119 -1.4785 39 15 5
15.573 6.401 -1.418 36 17 11
15.496 6.3236 -1.5053 41 17 7
15.448 6.2443 -1.48 42 19 3
15.37 6.1981 -1.4674 42 22 0
15.611 6.4081 -1.3734 42 18 18
15.444 6.3928 -1.3857 31 16 0
15.496 6.4417 -1.4228 28 16 2
15.293 6.2224 -1.4572 41 20 3
15.416 6.3685 -1.4341 39 20 24
15.348 6.2756 -1.5009 34 19 12
15.295 6.2242 -1.4816 26 17 0
15.481 6.4277 -1.4087 37 14 6
15.236 6.2329 -1.4714 40 19 0
15.312 6.3618 -1.4468 42 17 20
15.303 6.3235 -1.4632 39 14 7
15.277 6.2388 -1.4546 41 18 2
15.315 6.3051 -1.469 25 16 9
15.266 6.2279 -1.4857 40 20 0
15.26 6.2837 -1.4394 38 19 3
15.314 6.3642 -1.4701 44 12 10
15.416 6.3989 -1.4736 34 19 0
15.329 6.4057 -1.4476 36 20 3
15.139 6.2695 -1.4593 30 18 6
15.282 6.4207 -1.4302 32 19 3
15.079 6.1895 -1.541 34 17 0
15.243 6.3607 -1.4712 36 9 18
15.254 6.3717 -1.4911 35 10 3
15.274 6.3286 -1.4466 40 19 0
15.237 6.3239 -1.4548 37 14 8
15.347 6.475 -1.4101 26 19 13
15.242 6.3584 -1.4441 34 19 0
15.316 6.393 -1.4285 35 19 2
15.152 6.3084 -1.4343 35 15 6
15.224 6.3699 -1.4166 37 16 0
15.082 6.3116 -1.4863 28 12 0
15.162 6.3478 -1.4468 25 17 6
15.065 6.2693 -1.4859 26 15 0
15.074 6.3042 -1.4665 27 21 0
15.102 6.3857 -1.4545 36 12 8
15.19 6.4532 -1.4193 26 11 6
15.135 6.4385 -1.447 37 16 0
15.095 6.352 -1.4702 34 13 8
15.141 6.4452 -1.4699 22 14 3
15.156 6.4001 -1.4538 18 16 1
15.046 6.3694 -1.4763 34 16 6
15.189 6.5063 -1.4248 26 9 0
15.103 6.4687 -1.471 41 18 2
14.91 6.2661 -1.539 38 13 8
17.519 6.0097 -1.4382 21 23 10
17.533 5.9146 -1.4822 41 20 17
17.523 5.9947 -1.45 21 23 10
17.273 6.8521 -0.83755 43 21 8
17.552 5.9004 -1.5436 0 0 0
17.455 5.9353 -1.5058 42 20 9
17.465 5.8379 -1.5478 29 23 7
17.479 5.8247 -1.5237 38 22 5
17.459 5.8251 -1.5324 39 23 0
17.439 5.9183 -1.5282 42 22 11
17.445 5.9303 -1.5451 39 22 5
17.487 5.8239 -1.55 38 25 9
17.402 5.8612 -1.5608 27 18 3
17.413 5.9581 -1.5074 26 14 0
17.398 5.9363 -1.5318 26 20 6
17.414 5.9989 -1.5037 22 15 5
17.369 5.9574 -1.5035 29 20 5
17.365 5.8768 -1.5086 39 21 7
17.374 5.8679 -1.5412 36 23 5
17.332 5.8145 -1.5717 31 13 0
17.347 5.8602 -1.5271 34 21 2
17.348 5.9117 -1.519 35 19 19
17.329 5.9041 -1.5363 32 16 1
17.308 5.9205 -1.5344 38 16 18
17.308 5.842 -1.561 36 21 2
17.313 5.9353 -1.5469 40 21 4
17.206 6.0521 -1.5116 41 24 4
17.145 5.886 -1.5493 42 24 2
17.172 5.9176 -1.5431 34 19 0
17.165 5.9161 -1.518 45 23 2
17.187 6.0277 -1.5403 41 24 4
17.1 6.0839 -1.5114 37 13 1
17.08 5.9492 -1.5341 29 12 2
17.073 5.909 -1.5363 33 19 8
17.074 6.0795 -1.4994 42 19 13
17.079 6.1002 -1.5059 37 22 17
17.087 5.9928 -1.53 34 11 17
17.068 6.072 -1.4822 43 20 14
17.039 6.0145 -1.5076 36 18 0
17.039 6.0137 -1.5082 36 18 0
17.013 6.093 -1.5196 30 13 3
17.03 5.946 -1.5284 41 21 10
17.012 6.0091 -1.4951 45 22 6
17.018 6.0097 -1.5238 42 16 15
17.058 5.9325 -1.5565 38 19 12
17.024 6.0205 -1.536 41 22 15
17.052 5.9286 -1.5335 43 23 12
17.053 6.085 -1.506 42 18 14
17.06 6.1049 -1.5143 40 22 10
17.046 6.0436 -1.5107 43 18 14
17.034 6.0997 -1.5069 32 21 15
16.991 6.0144 -1.5041 42 22 15
16.997 6.0292 -1.5151 43 16 5
16.982 5.9593 -1.5157 46 20 5
17.005 6.0515 -1.5251 41 24 0
16.995 6.1519 -1.4824 35 21 10
16.944 6.0957 -1.5215 32 16 3
16.915 6.0757 -1.52 45 20 13
16.924 6.1066 -1.5255 41 25 8
16.937 6.0703 -1.5182 34 11 0
16.896 6.0978 -1.5167 45 20 13
16.919 6.005 -1.5127 33 26 6
16.926 6.125 -1.5099 35 27 4
16.912 6.1893 -1.4693 44 23 2
16.865 5.9765 -1.527 34 21 2
16.878 6.0362 -1.5109 42 20 0
16.876 6.1091 -1.5174 43 20 14
16.836 6.1376 -1.5131 42 17 13
16.857 6.0515 -1.5049 44 22 1
16.844 6.1526 -1.5285 44 16 13
16.839 5.9521 -1.56 35 27 6
16.83 6.1271 -1.4978 39 21 11
16.868 6.1667 -1.5081 37 13 9
16.827 6.0302 -1.5128 35 29 7
16.845 6.0827 -1.5214 45 19 5
16.888 6.1602 -1.5023 43 20 2
16.836 6.0519 -1.5212 44 23 2
16.855 6.1155 -1.5223 41 20 15
16.867 6.0816 -1.5135 43 16 5
16.815 6.0638 -1.5228 44 22 1
16.76 6.043 -1.5325 26 19 3
16.773 6.0818 -1.5288 24 18 4
16.806 6.1477 -1.4671 41 22 8
16.753 6.0347 -1.5113 52 26 1
16.767 5.979 -1.5436 40 20 0
16.704 6.1081 -1.513 50 24 9
16.734 6.0535 -1.5085 52 24 10
16.695 6.0897 -1.5005 51 25 0
16.71 6.0527 -1.5188 53 22 10
16.723 6.0892 -1.5185 50 24 10
16.755 6.1973 -1.4879 49 20 12
16.746 6.0909 -1.5046 51 20 10
16.733 6.196 -1.4931 51 19 14
16.735 6.1242 -1.5161 46 19 8
16.726 6.1033 -1.5075 50 24 10
16.758 6.1268 -1.5047 48 21 14
16.722 6.1668 -1.4923 39 15 3
16.671 6.0881 -1.5134 50 24 0
16.664 6.0773 -1.4955 50 24 7
16.687 6.134 -1.506 50 22 9
16.579 6.1826 -1.4909 43 23 0
16.616 6.1461 -1.5 35 18 0
16.596 6.0923 -1.5158 42 19 11
16.62 6.2134 -1.5087 28 13 8
16.593 6.2155 -1.4895 44 25 9
16.579 6.116 -1.5075 44 22 0
16.606 6.243 -1.4934 47 20 13
16.634 6.1951 -1.4851 27 18 3
16.604 6.1739 -1.5136 49 23 9
16.597 6.1644 -1.4957 46 24 0
16.552 6.1091 -1.5259 43 21 0
16.52 6.1602 -1.506 42 20 9
16.512 6.1488 -1.4892 46 18 5
16.551 6.12 -1.4913 40 24 9
16.579 6.2291 -1.5159 48 21 2
16.514 6.2014 -1.5076 46 20 6
16.558 6.2488 -1.4838 47 17 17
16.575 6.2313 -1.4891 49 18 6
16.537 6.1977 -1.5033 42 20 7
16.538 6.1402 -1.5116 40 22 0
16.559 6.1922 -1.4954 38 18 9
16.523 6.2158 -1.5235 44 22 11
16.529 6.2984 -1.4633 46 24 11
16.449 6.1777 -1.4949 39 21 11
16.52 6.2298 -1.4608 46 19 2
16.43 6.1394 -1.5011 44 23 6
16.463 6.2582 -1.4933 31 24 8
16.463 6.1593 -1.4743 29 15 14
16.471 6.1004 -1.5359 40 18 7
16.381 6.1425 -1.5186 45 23 0
16.44 6.3174 -1.4641 47 23 13
16.393 6.2323 -1.4572 41 19 6
16.363 6.1522 -1.5512 51 23 10
16.402 6.2844 -1.5028 42 20 7
16.398 6.2265 -1.5165 49 17 14
16.421 6.1791 -1.4783 45 23 8
16.444 6.2702 -1.4929 44 19 14
16.441 6.2615 -1.5003 44 19 14
16.402 6.3369 -1.4673 47 25 10
16.378 6.2452 -1.4799 51 23 10
16.325 6.1982 -1.4784 47 22 15
16.342 6.2816 -1.4519 46 22 10
16.345 6.1266 -1.515 44 21 15
16.391 6.2661 -1.4932 46 22 10
16.314 6.2146 -1.5314 43 24 10
16.359 6.2092 -1.4882 39 24 3
16.357 6.2136 -1.4566 42 24 14
16.37 6.2824 -1.4615 47 19 5
16.357 6.2446 -1.5212 47 21 7
16.292 6.1184 -1.5691 40 24 0
16.367 6.22 -1.5024 49 21 8
16.281 6.3023 -1.4904 44 23 18
16.333 6.3071 -1.4632 44 25 11
16.302 6.2494 -1.4859 27 22 0
16.324 6.3315 -1.4782 26 17 2
16.264 6.23 -1.4859 46 24 11
16.286 6.17 -1.5132 31 15 0
16.28 6.2558 -1.4925 46 25 8
16.263 6.2722 -1.4904 46 25 0
16.227 6.1633 -1.5145 45 23 12
16.287 6.3077 -1.5113 28 17 13
16.272 6.1942 -1.5047 46 25 0
16.301 6.2923 -1.4865 35 26 11
16.224 6.209 -1.4867 44 22 7
16.262 6.3136 -1.4909 43 24 10
16.237 6.3579 -1.4737 42 27 0
16.235 6.2689 -1.5034 43 26 9
16.235 6.3161 -1.4735 45 23 10
16.222 6.2484 -1.4911 44 24 17
16.196 6.2908 -1.5042 44 24 15
16.256 6.3486 -1.4706 40 21 7
16.237 6.2286 -1.496 46 23 7
16.214 6.2823 -1.4761 46 25 6
16.141 6.2091 -1.493 40 22 12
16.198 6.3385 -1.4741 48 27 10
16.167 6.3708 -1.4669 39 27 3
16.165 6.3306 -1.465 35 24 2
16.153 6.3144 -1.449 35 28 10
16.086 6.2073 -1.5176 49 28 7
16.132 6.2392 -1.4762 43 26 16
16.195 6.3766 -1.4525 38 25 16
16.19 6.3642 -1.4898 45 26 9
16.118 6.3378 -1.4801 51 27 15
16.085 6.3335 -1.44 55 34 15
16.113 6.4063 -1.4683 52 32 21
16.044 6.2325 -1.4898 41 30 10
16.1 6.2749 -1.471 49 29 4
16.076 6.3165 -1.4828 54 37 9
16.131 6.316 -1.4877 49 29 18
16.14 6.368 -1.4799 51 33 21
16.073 6.2729 -1.4808 52 32 21
16.073 6.3118 -1.4867 54 37 9
16.142 6.4116 -1.4515 49 31 19
16.1 6.3499 -1.4809 52 34 20
16.126 6.3123 -1.4666 47 28 12
16.114 6.3353 -1.4563 53 32 15
16.046 6.3571 -1.4201 57 39 17
16.076 6.3531 -1.4899 57 39 17
15.945 6.3308 -1.4461 62 43 26
16.017 6.4575 -1.4266 160 123 81
15.976 6.4033 -1.4456 73 50 9
15.955 6.3388 -1.4921 107 78 38
15.955 6.3418 -1.4634 86 64 27
15.956 6.3402 -1.4908 107 78 38
15.897 6.3391 -1.4593 61 35 10
15.915 6.3606 -1.47 59 41 21
15.935 6.3833 -1.4711 58 38 14
15.949 6.3685 -1.4478 75 50 18
15.97 6.427 -1.4569 75 51 25
15.912 6.3922 -1.4527 48 32 17
15.911 6.3218 -1.4638 59 39 15
15.789 6.3471 -1.471 46 25 22
15.887 6.4918 -1.4342 43 21 8
15.817 6.3777 -1.4973 42 25 8
15.817 6.3789 -1.4711 48 27 6
15.819 6.4751 -1.4678 45 27 7
15.836 6.4645 -1.4438 46 23 17
15.825 6.4193 -1.471 51 28 10
15.821 6.4149 -1.4751 51 28 10
15.791 6.3809 -1.4782 49 28 0
15.746 6.364 -1.4799 42 25 0
15.757 6.4079 -1.4785 44 24 0
15.795 6.4496 -1.4671 45 28 10
15.766 6.3846 -1.4831 47 26 7
15.795 6.4796 -1.475 42 22 11
15.799 6.3917 -1.4415 48 25 9
15.827 6.4531 -1.4776 48 26 15
15.746 6.4273 -1.4706 38 25 7
15.685 6.4227 -1.4933 39 23 6
15.779 6.4929 -1.4478 43 23 16
15.786 6.4995 -1.4657 35 23 1
15.752 6.4321 -1.4908 41 22 6
15.642 6.379 -1.4822 30 23 5
15.671 6.4975 -1.4618 38 23 2
15.674 6.4986 -1.4284 35 18 0
15.629 6.396 -1.4767 32 20 4
15.607 6.3732 -1.4697 45 19 4
15.649 6.3867 -1.4486 45 16 18
15.637 6.4039 -1.4698 32 20 4
15.601 6.3993 -1.4622 41 19 0
15.603 6.3989 -1.4823 38 22 5
15.585 6.4421 -1.4457 41 19 4
15.572 6.4581 -1.4662 35 19 6
15.572 6.4869 -1.4789 31 11 10
15.521 6.4093 -1.4828 35 13 0
15.568 6.3956 -1.4734 33 7 0
15.671 6.5267 -1.4481 38 11 18
15.625 6.4534 -1.4528 35 17 0
15.512 6.3703 -1.4805 37 14 8
15.551 6.4102 -1.5031 40 14 15
15.604 6.4896 -1.4673 31 18 0
15.567 6.5099 -1.4682 35 20 0
15.481 6.4292 -1.4607 34 15 0
15.501 6.4211 -1.514 38 20 8
15.543 6.5148 -1.4715 32 14 2
15.459 6.4376 -1.4652 34 16 4
15.621 6.56 -1.4456 35 15 6
15.523 6.4958 -1.4625 32 9 15
15.577 6.5734 -1.4345 34 14 3
15.404 6.4723 -1.4685 38 13 9
15.495 6.526 -1.4619 29 13 0
15.441 6.5054 -1.4649 34 16 12
15.487 6.5456 -1.4553 34 16 12
15.511 6.5133 -1.4633 17 9 0
15.441 6.4787 -1.4807 36 12 8
15.501 6.5588 -1.4696 36 16 9
15.537 6.5627 -1.4522 25 6 0
15.483 6.4872 -1.4588 30 13 6
15.469 6.5819 -1.445 37 13 0
15.391 6.5147 -1.4307 38 8 6
15.39 6.5373 -1.4145 31 19 5
15.37 6.5242 -1.458 22 7 2
15.446 6.5347 -1.4231 32 14 2
15.477 6.5619 -1.4483 37 13 9
15.425 6.5182 -1.4661 24 9 6
15.302 6.5214 -1.4598 33 12 9
15.374 6.6049 -1.4435 22 13 0
15.363 6.5693 -1.4369 23 6 0
15.326 6.5149 -1.4781 21 13 0
15.345 6.5825 -1.4426 31 12 8
15.275 6.4446 -1.4753 30 19 0
15.217 6.4782 -1.455 34 17 9
15.185 6.4817 -1.4911 28 16 0
15.374 6.6266 -1.4068 31 10 5
15.262 6.5419 -1.4644 32 13 9
15.199 6.5151 -1.4439 35 18 8
15.154 6.4859 -1.5038 31 18 0
15.252 6.5294 -1.4194 35 18 1
15.299 6.5454 -1.4517 31 19 7
15.284 6.5296 -1.432 35 17 7
15.292 6.5398 -1.4558 31 19 7
15.157 6.5384 -1.478 29 25 0
15.228 6.5616 -1.4133 29 16 10
