2205
0.17148 0.44098 0.24638 0.84583 18.153 5.7938 -0.1399
21.15 2.8881 -0.35704 74 51 20
21.041 2.948 -0.43457 71 47 21
21.105 2.824 -0.40865 75 48 13
21.107 2.8263 -0.44663 71 47 19
20.96 2.7981 -0.38187 87 62 32
20.942 2.8208 -0.41758 82 63 33
20.95 2.7549 -0.425 93 70 36
21.071 2.7341 -0.34626 63 41 20
20.919 2.785 -0.38463 94 70 42
21.078 2.7359 -0.41958 61 41 7
20.946 2.7517 -0.34989 95 72 41
20.966 2.7872 -0.34538 85 64 35
21.018 2.7943 -0.37875 64 42 19
20.88 2.7116 -0.39782 94 70 34
20.887 2.6971 -0.32398 84 62 41
20.884 2.6447 -0.37032 74 53 32
20.87 2.7734 -0.31757 94 73 42
20.885 2.6465 -0.40751 74 54 29
20.881 2.7689 -0.39001 95 72 41
20.911 2.6108 -0.33537 73 52 31
20.863 2.7268 -0.3624 74 55 25
20.892 2.7536 -0.35161 96 71 41
20.838 2.5155 -0.34991 74 54 29
20.809 2.6761 -0.4056 73 52 31
20.852 2.5005 -0.39163 72 52 28
20.879 2.5305 -0.38253 73 53 28
20.849 2.5048 -0.38965 72 52 28
20.835 2.5792 -0.34382 73 53 28
20.857 2.6171 -0.37501 74 54 29
20.858 2.6131 -0.33636 73 53 26
20.794 2.4449 -0.36295 73 52 31
20.853 2.4368 -0.39614 72 50 27
20.842 2.445 -0.32086 72 52 25
20.796 2.3817 -0.40423 69 52 26
20.88 2.4607 -0.31622 73 53 28
20.866 2.4184 -0.36239 69 53 27
20.843 2.3803 -0.32854 74 54 30
20.809 2.36 -0.33204 71 51 24
21.038 2.8472 -0.52726 70 46 10
21.058 2.7612 -0.45697 60 41 1
21.036 2.7958 -0.57002 61 42 12
21.029 2.7988 -0.52941 58 39 9
21.058 2.8314 -0.56497 73 49 21
21.033 2.791 -0.49334 60 39 12
21.017 2.8818 -0.63423 71 49 12
21.028 2.7957 -0.49242 60 39 12
20.97 2.8687 -0.59769 63 43 19
20.861 2.7536 -0.62128 91 67 39
20.951 2.772 -0.61744 84 63 32
20.873 2.7943 -0.57706 92 72 38
20.938 2.7711 -0.46196 88 67 40
20.989 2.7825 -0.53573 84 63 32
20.992 2.7837 -0.57647 74 53 36
20.867 2.7985 -0.53493 91 70 39
20.977 2.7912 -0.49474 83 63 29
20.965 2.7455 -0.50299 90 67 34
20.908 2.7464 -0.46542 93 70 39
20.99 2.7741 -0.45952 82 63 33
20.968 2.7507 -0.57985 87 66 39
20.906 2.7626 -0.61842 92 69 36
21.007 2.7676 -0.57747 74 53 36
20.954 2.7612 -0.53898 87 66 39
20.87 2.7917 -0.49895 94 72 35
20.941 2.7872 -0.65396 81 61 36
20.873 2.6131 -0.56538 71 53 31
20.797 2.7536 -0.47113 71 52 22
20.885 2.7158 -0.51335 95 71 45
20.85 2.6899 -0.43942 74 55 25
20.867 2.6165 -0.52795 75 55 28
20.854 2.6988 -0.5918 75 53 30
20.837 2.6492 -0.48434 71 54 26
20.902 2.7488 -0.42859 93 68 36
20.852 2.7496 -0.4692 91 68 26
20.837 2.7055 -0.43981 74 55 25
20.824 2.7263 -0.51138 72 52 25
20.832 2.6661 -0.63653 71 50 31
20.896 2.7077 -0.54981 94 71 38
20.876 2.7201 -0.43208 89 65 37
20.852 2.6408 -0.60157 72 55 27
20.865 2.6892 -0.63144 72 50 27
20.925 2.6777 -0.5937 92 68 40
20.849 2.7003 -0.55425 74 52 28
20.86 2.5612 -0.49576 71 52 22
20.856 2.5596 -0.42198 73 53 19
20.808 2.5692 -0.61513 71 53 31
20.82 2.4842 -0.51069 70 53 23
20.817 2.5489 -0.46021 67 52 23
20.848 2.578 -0.5337 71 54 26
20.835 2.5321 -0.54111 73 53 19
20.842 2.5157 -0.42631 71 54 26
20.854 2.6262 -0.45005 69 52 32
20.798 2.5194 -0.62127 68 52 26
20.844 2.5185 -0.50337 72 52 27
20.88 2.5344 -0.46186 72 53 19
20.792 2.5867 -0.57441 71 54 28
20.819 2.6181 -0.60845 72 51 32
20.845 2.5847 -0.57123 71 54 26
20.821 2.4155 -0.44454 71 51 24
20.654 2.5082 -0.51251 70 53 23
20.835 2.461 -0.43639 72 52 28
20.809 2.4322 -0.47944 70 53 23
20.821 2.4813 -0.46921 70 53 27
21.1 3.4657 -0.67485 43 25 5
21.08 2.9488 -0.74151 69 43 16
21.012 2.892 -0.672 68 44 8
20.964 2.8375 -0.80432 60 42 18
20.932 2.8795 -0.87498 55 38 12
20.997 2.9112 -0.71082 67 43 9
20.99 2.7983 -0.6912 65 46 6
20.907 2.7086 -0.71017 92 69 35
20.874 2.7426 -0.6617 88 67 40
20.894 2.7269 -0.74657 90 66 38
20.747 2.8976 -0.7878 87 66 39
20.909 2.7772 -0.8143 86 66 32
20.864 2.7701 -0.85812 87 64 33
20.801 2.8333 -0.76444 89 68 39
20.874 2.8116 -0.77036 87 66 35
20.907 2.7831 -0.85508 86 65 36
20.817 2.7601 -0.8181 75 52 21
20.82 2.6957 -0.82896 70 51 19
20.831 2.7343 -0.70334 71 54 11
20.806 2.6997 -0.67066 72 52 25
20.847 2.7184 -0.74809 72 52 27
20.824 2.6232 -0.76364 69 52 24
20.802 2.7732 -0.77653 76 55 24
20.799 2.6585 -0.83684 68 50 30
20.838 2.672 -0.79738 71 51 24
20.801 2.7748 -0.77703 76 55 24
20.843 2.5922 -0.64902 69 54 15
21.005 3.5422 -0.96233 38 22 7
20.865 2.7768 -0.93878 86 62 34
20.748 2.7979 -1.0505 69 51 29
20.847 2.8005 -0.97329 84 63 34
20.827 2.7589 -0.94132 86 65 34
20.497 4.3057 -1.4541 50 28 4
20.648 4.1149 -1.5075 49 28 11
20.683 4.0563 -1.5703 46 26 1
20.404 4.2847 -1.3966 47 29 9
20.621 3.8686 -1.55 41 26 3
20.467 3.9934 -1.5034 39 23 10
20.382 4.0177 -1.469 37 21 4
20.671 3.7764 -1.5597 41 21 12
20.431 3.8863 -1.4929 42 20 5
20.569 3.8635 -1.5424 40 23 5
20.536 3.8448 -1.5426 38 21 3
20.435 3.8277 -1.4413 40 23 3
20.466 3.7659 -1.548 40 23 3
20.413 3.8516 -1.4683 44 20 6
20.375 3.7944 -1.479 39 22 4
20.392 3.7844 -1.5203 42 23 6
20.081 3.6593 -1.3491 42 27 4
20.24 3.3785 -1.4506 48 26 13
20.364 3.3435 -1.4911 42 23 17
20.393 3.2587 -1.5245 49 28 11
20.301 3.3051 -1.4472 43 27 12
19.639 3.9997 -1.1509 36 24 2
19.676 3.8704 -1.1474 45 22 6
20.159 3.3713 -1.4282 52 20 18
20.295 3.2629 -1.4959 44 23 2
20.197 3.1609 -1.5157 43 21 8
20.099 3.2327 -1.467 40 23 6
19.644 3.8695 -1.143 44 23 4
20.044 3.3549 -1.3765 39 21 9
20.967 5.4044 -1.5988 50 25 2
21.125 5.1889 -1.6688 37 20 10
20.907 5.2154 -1.4934 43 25 5
20.787 5.2392 -1.5364 46 23 5
20.931 5.2195 -1.5408 47 22 17
20.876 5.2817 -1.5854 45 28 0
20.923 5.2469 -1.6291 42 24 10
20.894 5.2438 -1.5805 44 24 0
20.847 4.9184 -1.6176 40 24 9
20.822 4.9567 -1.5925 43 18 13
20.725 4.8686 -1.599 43 20 12
20.641 4.9355 -1.5718 45 23 12
20.809 4.8699 -1.631 39 21 11
20.655 4.8635 -1.5741 44 25 9
20.603 4.7144 -1.5556 41 22 15
20.444 4.8205 -1.4836 42 27 8
20.558 4.7409 -1.5599 34 15 0
20.577 4.6931 -1.5505 45 23 8
20.634 4.6744 -1.6173 43 24 17
20.615 4.6691 -1.5523 35 19 6
20.657 4.5403 -1.5825 40 24 7
20.45 4.5576 -1.5804 45 27 15
20.352 4.4691 -1.5491 50 31 14
20.551 4.2779 -1.5201 54 27 16
20.373 4.415 -1.5461 54 30 16
20.532 4.2516 -1.5257 51 29 14
20.312 4.4173 -1.5244 53 29 19
20.333 4.368 -1.5484 51 29 16
20.373 4.3723 -1.5255 55 32 16
20.543 4.1982 -1.516 50 28 5
20.478 4.1754 -1.5768 55 31 21
20.46 4.2272 -1.5556 53 29 17
20.494 4.1976 -1.5408 54 27 8
20.529 4.2146 -1.5419 52 30 17
20.323 4.3378 -1.5633 48 28 17
20.473 4.2063 -1.4917 46 25 8
20.42 4.1239 -1.5088 46 26 2
20.306 4.169 -1.4533 49 25 11
20.342 4.1471 -1.5126 45 23 10
20.507 3.9682 -1.5635 42 24 4
20.35 4.095 -1.5011 38 26 10
20.222 4.1987 -1.4527 43 22 17
20.212 4.2117 -1.4794 48 26 11
20.324 4.0801 -1.5339 45 26 10
20.457 4.007 -1.5308 42 24 4
20.322 4.157 -1.4642 49 25 11
20.486 3.8006 -1.5804 43 22 5
20.243 3.9801 -1.5531 42 22 11
20.374 3.939 -1.4963 42 22 11
20.469 3.8202 -1.6039 40 21 5
20.191 3.931 -1.4848 42 24 4
20.225 3.9431 -1.4839 45 24 5
20.448 3.7865 -1.5762 42 24 2
20.117 4.0487 -1.484 38 26 12
20.327 3.8971 -1.5382 44 23 2
20.13 4.0421 -1.5266 50 25 21
20.238 3.9362 -1.5373 44 24 13
20.111 4.0542 -1.4803 50 22 19
20.272 3.7666 -1.5731 42 24 14
20.271 3.7721 -1.6138 46 23 17
19.939 4.0087 -1.4099 38 21 11
20.245 3.7875 -1.5227 44 19 15
20.115 3.9587 -1.4497 40 21 4
20.151 3.9295 -1.5098 42 17 12
20.178 3.9042 -1.5284 42 17 12
20 3.9889 -1.4401 42 24 14
19.993 3.916 -1.4998 33 23 13
20.02 3.8459 -1.5347 42 24 12
20.246 3.7072 -1.6698 43 21 8
19.919 3.569 -1.381 37 24 5
20.111 3.3804 -1.4989 38 22 5
19.852 3.5105 -1.3836 37 16 0
20.09 3.2442 -1.5063 40 21 4
19.865 3.5419 -1.3744 39 23 8
19.929 3.3032 -1.517 38 19 12
19.788 3.4512 -1.4593 40 24 9
20.054 3.2379 -1.4982 37 20 3
19.883 3.4183 -1.4253 37 21 6
19.772 3.426 -1.4964 31 22 7
19.734 3.4293 -1.4874 44 17 10
19.782 3.3035 -1.5122 49 22 13
19.828 3.3424 -1.5111 37 21 8
19.706 3.4197 -1.4827 49 25 11
19.714 3.2993 -1.4615 42 23 6
19.713 3.2467 -1.4807 44 22 0
19.713 3.3533 -1.4827 49 20 12
19.686 3.3435 -1.4766 48 21 12
19.744 3.1344 -1.5028 38 21 14
19.831 2.7365 -1.5889 39 32 6
19.645 3.0708 -1.532 38 18 19
19.596 3.2199 -1.4297 38 20 8
19.684 3.0616 -1.5461 30 17 8
19.508 3.2666 -1.3889 26 22 0
19.574 3.1379 -1.4947 34 16 4
19.741 2.9023 -1.4707 32 24 1
19.48 3.1989 -1.4173 18 9 2
19.609 3.0132 -1.5149 32 15 5
19.606 3.0862 -1.4116 34 27 1
19.632 3.0394 -1.4338 30 23 13
19.441 3.2192 -1.396 25 19 5
19.61 3.0778 -1.4512 40 33 17
20.587 5.4847 -1.4131 43 21 0
20.392 5.518 -1.4207 48 22 8
19.847 5.5727 -1.0749 44 23 4
19.894 5.5612 -1.0817 32 14 0
20.958 5.3724 -1.6826 53 26 15
20.617 5.4371 -1.544 44 26 16
20.747 5.4109 -1.5906 50 29 2
20.447 5.4981 -1.4897 47 22 17
20.863 5.4269 -1.5731 44 23 0
20.675 5.4535 -1.5701 38 19 3
20.789 5.4452 -1.5625 46 24 1
20.811 5.4097 -1.5584 34 28 6
20.223 5.5056 -1.2869 41 15 14
20.294 5.5029 -1.3495 36 20 7
20.601 5.4545 -1.4974 48 22 21
20.728 5.4464 -1.5996 40 21 5
20.429 5.4796 -1.4916 49 23 24
20.746 5.3305 -1.6055 50 24 9
20.266 5.4009 -1.2832 50 28 4
20.156 5.4268 -1.245 50 29 12
20.688 5.3973 -1.5782 50 30 3
20.662 5.3774 -1.5741 47 32 3
20.619 5.4158 -1.5671 50 26 14
20.551 5.3724 -1.5222 50 31 1
20.811 5.2513 -1.6131 47 22 15
20.511 5.318 -1.5668 46 28 6
20.539 5.3211 -1.5176 55 29 12
20.869 5.2311 -1.6149 40 24 0
20.754 5.3205 -1.5787 52 29 11
20.811 5.2513 -1.6132 47 22 15
20.501 5.3582 -1.5051 49 27 12
20.596 5.2936 -1.5924 63 32 11
20.723 5.2938 -1.5489 54 28 1
20.568 5.3231 -1.5619 35 27 4
20.539 5.3211 -1.5171 55 29 12
20.708 5.3122 -1.5953 43 21 6
20.734 5.2578 -1.6446 51 27 0
20.471 5.3409 -1.4052 51 25 0
20.45 5.3526 -1.5159 35 21 18
20.541 5.2804 -1.5713 54 27 16
20.464 5.2805 -1.5658 45 28 18
20.864 5.2041 -1.619 43 26 6
20.53 5.2258 -1.5596 49 27 12
20.677 5.2529 -1.5501 46 24 1
20.317 5.2896 -1.4841 43 23 14
20.549 5.2714 -1.5501 47 28 0
20.723 5.2167 -1.5863 45 19 2
20.483 5.2687 -1.5478 56 26 24
20.471 5.248 -1.5592 47 28 14
20.645 5.2682 -1.5652 45 23 0
20.548 5.2469 -1.5594 51 25 2
20.58 5.2648 -1.5683 47 28 0
20.772 5.2501 -1.6678 51 27 0
20.455 5.3063 -1.5491 37 23 10
20.606 5.1603 -1.5382 42 24 2
20.542 5.1662 -1.572 45 23 10
20.261 5.2519 -1.4517 43 25 21
20.678 5.1824 -1.6164 47 23 13
20.527 5.2102 -1.6071 35 21 10
20.484 5.1883 -1.5656 47 22 15
20.498 5.1595 -1.5861 41 16 9
20.6 5.1774 -1.5945 53 23 21
20.692 5.1305 -1.5577 40 26 0
20.6 5.1436 -1.5792 50 24 7
20.442 5.182 -1.5851 44 19 12
20.551 5.1968 -1.5924 45 20 13
20.327 5.1881 -1.5224 47 20 25
20.431 5.1019 -1.5909 45 21 11
20.464 5.161 -1.5356 50 26 14
20.552 5.0347 -1.542 45 23 12
20.358 5.0981 -1.5566 45 21 11
20.585 4.989 -1.5445 49 24 1
20.545 5.0172 -1.584 45 24 3
20.435 5.0405 -1.5925 51 28 22
20.556 5.007 -1.5687 44 22 9
20.356 5.0733 -1.5692 52 30 19
20.504 5.0726 -1.6071 43 23 14
20.686 4.8902 -1.6104 45 23 12
20.543 4.9193 -1.5692 48 22 5
20.617 4.8851 -1.5821 48 26 5
20.281 5.0012 -1.4797 42 25 8
20.338 4.9869 -1.546 50 24 10
20.505 4.9958 -1.5456 48 21 12
20.675 4.9307 -1.6142 26 18 5
20.275 4.9568 -1.5323 47 24 16
20.375 4.9109 -1.5699 44 28 5
20.342 4.903 -1.5982 55 35 26
20.266 4.9868 -1.5121 49 25 0
20.35 4.9624 -1.5993 56 32 22
20.36 4.8177 -1.5494 43 21 0
20.386 4.8782 -1.5931 50 24 7
20.583 4.769 -1.596 45 24 5
20.346 4.8594 -1.5564 50 27 19
20.384 4.8367 -1.5467 49 24 19
20.466 4.7947 -1.5687 48 25 7
20.211 4.9015 -1.5341 60 39 22
20.556 4.749 -1.593 46 23 15
20.317 4.8781 -1.5645 48 27 8
20.419 4.7844 -1.5514 49 25 0
20.31 4.8458 -1.5449 48 23 18
20.25 4.9127 -1.5521 59 38 19
20.198 4.8795 -1.5439 41 25 0
20.507 4.7076 -1.5944 44 23 0
20.109 4.8591 -1.4864 58 37 20
20.496 4.7441 -1.5714 47 25 14
20.437 4.7395 -1.5514 44 23 0
20.407 4.7227 -1.5498 47 26 7
20.416 4.7556 -1.5671 50 26 0
20.191 4.726 -1.5564 47 27 18
20.223 4.7758 -1.5804 50 38 14
20.157 4.7496 -1.5618 54 30 20
20.381 4.6337 -1.5497 47 24 16
20.233 4.7282 -1.5408 50 28 13
20.161 4.7771 -1.5509 56 36 12
20.343 4.6209 -1.5389 49 27 4
20.171 4.7059 -1.5621 59 35 23
20.34 4.5899 -1.5593 44 22 1
20.46 4.5316 -1.6674 48 24 12
20.258 4.6091 -1.547 46 27 13
20.378 4.5632 -1.5484 51 29 8
20.223 4.6663 -1.5379 48 31 5
20.369 4.5806 -1.6077 48 24 12
20.267 4.598 -1.5242 45 27 3
20.129 4.6252 -1.5201 46 29 12
20.035 4.6247 -1.513 55 33 20
20.222 4.5589 -1.5264 39 27 3
20.306 4.5031 -1.5508 45 25 14
20.113 4.6405 -1.5383 54 28 13
20.09 4.6594 -1.5523 63 36 29
20.128 4.6314 -1.5478 54 28 13
20.051 4.6459 -1.5095 55 32 16
20.167 4.4527 -1.5209 52 30 6
20.346 4.4374 -1.5648 54 32 21
20.09 4.5798 -1.5008 52 35 17
20.11 4.4962 -1.5165 50 29 10
20.202 4.4647 -1.53 54 30 16
20.141 4.5091 -1.5186 54 30 16
20.286 4.4455 -1.5709 55 32 14
20.054 4.5815 -1.5464 56 34 19
20.26 4.4559 -1.5251 54 32 19
20.16 4.5026 -1.5634 52 33 17
20.302 4.4709 -1.5648 58 32 18
20.099 4.5088 -1.532 54 34 9
20.123 4.5649 -1.5517 57 33 19
20.208 4.4607 -1.5336 54 30 16
20.207 4.4552 -1.4987 52 35 17
20.023 4.5643 -1.5081 56 33 17
20.079 4.5599 -1.532 55 32 16
20.137 4.3744 -1.5826 50 28 17
20.136 4.4396 -1.5168 53 31 7
20.309 4.3283 -1.6732 50 31 15
20.087 4.4437 -1.5329 44 29 8
20.233 4.4031 -1.5313 53 32 15
20.013 4.5329 -1.487 58 33 10
20.026 4.53 -1.5274 54 32 8
20.218 4.3781 -1.5438 49 27 16
20.009 4.4703 -1.5193 42 23 17
20.034 4.3784 -1.5414 48 25 9
19.937 4.4936 -1.5116 44 27 19
19.994 4.4471 -1.5217 53 32 15
19.96 4.4719 -1.4958 53 32 15
19.945 4.4545 -1.532 53 34 17
19.951 4.4109 -1.5284 45 26 10
19.928 4.4674 -1.5181 53 34 17
20 4.4376 -1.4996 51 28 12
19.938 4.3466 -1.5223 42 23 9
19.925 4.3963 -1.5236 48 30 6
19.905 4.3428 -1.5424 43 27 10
19.909 4.3348 -1.5137 49 25 13
19.882 4.2862 -1.5297 47 26 5
19.899 4.308 -1.5224 46 23 5
19.843 4.284 -1.5153 47 22 15
19.881 4.1668 -1.5176 47 26 7
19.877 4.2169 -1.5623 48 28 17
19.855 4.2329 -1.5086 46 24 13
19.883 4.2442 -1.5176 48 26 13
19.754 4.2931 -1.4754 49 29 20
19.866 4.1857 -1.5358 45 24 5
19.888 4.1988 -1.5069 37 25 3
19.938 4.1608 -1.613 48 28 17
19.895 4.2284 -1.5013 43 23 12
19.869 4.1361 -1.4952 40 22 0
19.798 4.1321 -1.5063 49 25 15
19.778 4.1941 -1.5016 49 27 6
19.826 4.1437 -1.506 39 19 10
19.992 3.9632 -1.517 43 23 14
19.919 3.9529 -1.501 44 23 6
19.852 4.031 -1.5032 46 25 0
19.862 3.9788 -1.5322 45 24 5
19.886 3.949 -1.5238 39 24 3
19.729 4.0834 -1.475 44 23 6
19.751 4.1443 -1.5176 41 25 8
19.75 4.0578 -1.4613 45 24 7
19.676 4.0629 -1.4674 42 23 6
19.689 4.0071 -1.4568 48 27 6
19.912 3.8787 -1.5633 45 24 7
19.643 4.0625 -1.4497 44 26 6
19.814 3.9464 -1.5334 43 21 0
19.795 3.9646 -1.4835 48 27 8
19.666 4.1143 -1.4343 50 24 10
19.806 3.9143 -1.5416 47 26 9
19.682 4.0206 -1.5145 49 26 8
19.632 3.9536 -1.4977 40 23 5
19.749 3.8909 -1.5035 45 27 7
19.666 3.9533 -1.5097 45 22 16
19.641 4.024 -1.4684 48 26 5
19.701 3.8199 -1.5165 41 23 1
19.601 3.9512 -1.4867 50 28 13
19.7 3.8234 -1.5485 46 24 0
19.671 3.9037 -1.4991 44 25 9
19.631 3.8684 -1.5028 47 20 11
19.752 3.6558 -1.5039 38 24 0
19.798 3.5435 -1.5285 43 22 3
19.738 3.6271 -1.5109 44 22 9
19.786 3.6537 -1.4855 36 25 5
19.73 3.682 -1.4533 44 22 11
19.639 3.7171 -1.4746 35 24 2
19.638 3.7207 -1.5047 40 23 13
19.598 3.6342 -1.4994 41 20 3
19.756 3.4995 -1.5039 41 21 10
19.694 3.5402 -1.4999 42 21 2
19.636 3.6254 -1.4838 40 17 9
19.739 3.473 -1.5097 40 22 0
19.581 3.6604 -1.5156 37 21 8
19.709 3.5676 -1.495 42 21 0
19.703 3.5789 -1.5548 37 19 9
19.514 3.7145 -1.4667 33 14 8
19.564 3.5896 -1.506 43 22 1
19.62 3.5994 -1.4549 37 19 7
19.62 3.5987 -1.4221 40 22 2
19.664 3.4854 -1.5458 34 19 0
19.569 3.6308 -1.4898 41 23 1
19.611 3.6125 -1.4844 41 20 1
19.451 3.8087 -1.4423 40 22 18
19.476 3.6786 -1.4726 45 20 13
19.472 3.6849 -1.4691 45 20 13
19.496 3.5476 -1.5036 46 19 2
19.46 3.6076 -1.5005 44 23 18
19.501 3.5874 -1.4619 39 18 1
19.512 3.5219 -1.4569 35 16 0
19.532 3.4881 -1.5065 34 19 0
19.45 3.574 -1.5112 41 16 12
19.439 3.6878 -1.4629 46 25 4
19.41 3.6905 -1.3871 38 21 1
19.492 3.4495 -1.5175 44 23 2
19.373 3.5574 -1.4648 40 17 9
19.506 3.4812 -1.4692 37 22 0
19.563 3.3276 -1.4549 39 20 3
19.549 3.3541 -1.4672 34 22 0
18.968 4.2619 -0.99455 34 18 3
19.552 3.4033 -1.4796 37 21 0
19.605 3.1962 -1.654 43 20 2
19.427 3.564 -1.4763 42 16 2
19.444 3.3221 -1.5143 35 15 4
19.489 3.2957 -1.473 36 20 0
19.53 3.2773 -1.522 34 18 3
19.531 3.3304 -1.4742 29 21 0
19.571 3.2023 -1.5026 43 21 10
19.579 3.2483 -1.4816 35 21 12
19.503 3.2682 -1.4617 37 21 0
19.479 3.3701 -1.4425 38 22 0
19.359 3.5846 -1.4152 43 20 2
19.464 3.3926 -1.4975 40 22 2
19.444 3.3781 -1.493 38 20 0
19.457 3.1833 -1.5103 37 16 0
19.465 3.162 -1.5589 33 10 2
19.613 3.005 -1.5543 28 11 3
19.335 3.4197 -1.4473 41 20 3
19.372 3.2895 -1.5097 23 16 0
19.392 3.3601 -1.5224 33 15 0
19.42 3.3099 -1.4873 37 14 8
19.319 3.4532 -1.4285 41 20 3
19.344 3.4013 -1.4886 20 11 0
19.366 3.4116 -1.4632 42 16 1
19.329 3.3787 -1.4316 40 18 3
19.323 3.3336 -1.4774 25 14 10
19.298 3.2683 -1.4702 33 14 0
19.284 3.2966 -1.4858 41 16 9
19.238 3.5064 -1.4136 36 16 15
19.316 3.3435 -1.5051 36 26 17
19.257 3.2963 -1.4772 34 13 8
19.214 3.3362 -1.446 39 16 8
19.314 3.1704 -1.5158 40 19 16
19.306 3.1294 -1.5231 34 19 12
20.54 5.5367 -1.5434 43 23 0
20.514 5.5179 -1.5395 48 28 21
20.477 5.5095 -1.559 45 21 7
20.448 5.4715 -1.5723 28 21 5
20.519 5.4971 -1.5602 42 20 7
20.458 5.4607 -1.5438 36 26 25
20.51 5.4767 -1.5683 44 22 25
20.396 5.4641 -1.5742 41 19 19
20.382 5.4745 -1.5952 40 25 0
20.405 5.4558 -1.556 50 28 7
20.469 5.432 -1.6365 44 30 3
20.211 5.4384 -1.5205 48 26 15
20.425 5.4013 -1.5662 51 24 15
20.348 5.4223 -1.5466 49 25 15
20.33 5.4105 -1.5706 52 32 5
20.687 5.3494 -1.705 50 28 13
20.332 5.4036 -1.55 48 24 0
20.345 5.3424 -1.5283 50 32 22
20.372 5.3669 -1.5602 49 27 12
20.385 5.3872 -1.5587 51 27 17
20.424 5.3504 -1.5708 51 29 14
20.35 5.3496 -1.5637 55 31 3
20.509 5.3256 -1.5924 51 22 24
20.561 5.3397 -1.6127 51 33 21
20.17 5.3354 -1.5328 50 22 19
20.429 5.2955 -1.5705 47 26 9
20.326 5.2797 -1.5607 50 25 3
20.301 5.3223 -1.5859 47 28 12
20.308 5.2909 -1.576 44 23 4
20.337 5.3293 -1.566 47 25 14
20.247 5.3194 -1.4931 50 22 19
20.348 5.3045 -1.587 44 26 14
20.421 5.3042 -1.5915 51 24 17
20.216 5.3465 -1.548 50 29 0
20.237 5.3142 -1.5555 49 24 4
20.283 5.2436 -1.5577 44 20 6
20.362 5.2335 -1.5427 38 25 16
20.239 5.2616 -1.5552 49 27 16
20.301 5.263 -1.5598 41 25 2
20.228 5.2416 -1.5618 49 26 18
20.431 5.2235 -1.614 36 23 17
20.244 5.2901 -1.5732 46 26 2
20.299 5.2095 -1.5583 44 27 7
20.265 5.2255 -1.5639 47 25 14
20.323 5.2196 -1.5303 47 24 16
20.201 5.2783 -1.5578 50 28 4
20.375 5.213 -1.5916 49 25 13
20.11 5.3072 -1.5199 50 26 26
20.123 5.304 -1.5292 50 26 26
20.163 5.2653 -1.5438 47 28 12
20.293 5.2113 -1.5553 44 27 7
20.151 5.2456 -1.5461 51 32 16
20.276 5.2756 -1.5674 44 24 13
20.325 5.1474 -1.5786 55 30 23
20.229 5.2053 -1.5261 38 20 10
20.19 5.2288 -1.5483 50 29 8
20.375 5.1254 -1.5815 47 27 16
20.352 5.1565 -1.5498 46 24 13
20.198 5.204 -1.5719 45 24 19
20.361 5.1858 -1.5715 50 25 28
20.228 5.1587 -1.5553 52 32 8
20.18 5.2027 -1.5341 56 34 10
20.256 5.2043 -1.57 52 30 19
20.396 5.1519 -1.611 60 32 31
20.271 5.1385 -1.5532 47 28 22
20.157 5.1326 -1.532 51 28 10
20.234 5.1323 -1.5718 36 29 9
20.318 5.1174 -1.5592 55 35 24
20.265 5.1092 -1.5382 57 35 24
20.233 5.0449 -1.5614 58 33 26
20.166 5.056 -1.5826 62 40 25
20.167 5.074 -1.5407 57 31 17
20.214 5.0831 -1.5593 53 34 4
20.177 5.102 -1.5603 54 34 23
20.271 5.0246 -1.5613 56 29 22
20.134 5.0923 -1.5468 58 35 17
20.17 5.0481 -1.5579 60 38 17
20.15 5.0491 -1.5156 58 40 18
20.206 5.0026 -1.5687 57 38 22
20.13 4.9807 -1.5472 62 38 28
20.169 5.0233 -1.5739 59 35 23
20.388 4.9196 -1.6376 61 39 28
20.016 5.0687 -1.5291 63 41 18
20.165 4.9926 -1.5578 62 40 27
20.648 4.8192 -1.8132 62 38 26
20.36 4.9377 -1.6512 59 40 26
20.148 4.9797 -1.5886 58 36 23
20.215 4.9794 -1.6201 60 41 11
20.303 4.9855 -1.5891 51 32 16
20.225 4.9629 -1.5737 61 42 26
20.002 4.9636 -1.5246 65 42 24
20.142 4.9371 -1.5184 56 34 21
20.258 4.8938 -1.6225 60 37 19
20.018 4.9506 -1.5105 60 43 26
20.091 4.9327 -1.4945 46 33 15
19.996 4.9972 -1.5316 65 42 26
20.171 4.9038 -1.5813 58 34 22
20.188 4.9509 -1.5626 59 37 26
19.997 4.9711 -1.547 62 39 23
20.285 4.8184 -1.6507 55 38 20
20.158 4.8134 -1.5603 54 35 21
20.134 4.8308 -1.5724 61 40 23
19.991 4.9428 -1.5334 65 39 24
19.96 4.9624 -1.5328 61 39 24
19.973 4.9307 -1.5621 63 38 16
19.972 4.8991 -1.5487 61 38 20
20.093 4.8844 -1.5551 65 45 21
20.058 4.9063 -1.5581 62 42 18
20.108 4.8492 -1.5801 69 43 26
19.962 4.9301 -1.5253 64 37 28
20.201 4.8276 -1.6044 58 37 20
19.968 4.8953 -1.5173 65 39 24
20.175 4.8338 -1.5575 59 36 30
20.023 4.8956 -1.5437 67 41 24
20.24 4.8325 -1.5883 54 36 24
20.129 4.8952 -1.566 62 40 27
19.973 4.9508 -1.5193 65 39 24
20.037 4.8225 -1.5322 59 40 26
20.081 4.7717 -1.585 52 36 23
19.853 4.9066 -1.4845 63 39 27
20.046 4.8515 -1.5494 61 40 19
20.102 4.8124 -1.538 56 34 23
19.931 4.8339 -1.5378 63 37 22
19.949 4.8461 -1.5105 57 37 28
20.087 4.7564 -1.6924 60 38 23
20.115 4.8119 -1.5769 65 41 29
19.922 4.8921 -1.5 61 38 20
20.109 4.7803 -1.5577 60 38 23
20.043 4.7858 -1.5283 65 41 27
19.906 4.9055 -1.5128 60 38 17
19.99 4.728 -1.533 49 32 12
20.093 4.7242 -1.5489 58 36 23
19.941 4.8229 -1.5176 62 40 17
19.817 4.8156 -1.4904 53 34 20
19.958 4.7517 -1.5377 57 35 24
19.918 4.7803 -1.5322 57 35 20
19.918 4.8132 -1.5435 64 37 20
19.991 4.7623 -1.5457 59 35 25
20.002 4.7506 -1.5295 51 31 20
19.981 4.7729 -1.5663 61 34 23
19.866 4.8146 -1.5173 59 36 18
20.104 4.7477 -1.5411 56 32 20
20.004 4.7781 -1.5104 64 39 32
20.064 4.7511 -1.5846 58 39 25
19.832 4.8657 -1.4998 55 37 15
19.936 4.7066 -1.5516 58 36 23
19.922 4.6803 -1.5314 58 31 20
19.944 4.7311 -1.5394 58 34 20
19.848 4.7365 -1.5229 54 32 17
19.942 4.7373 -1.569 59 35 9
19.91 4.6929 -1.5482 55 33 20
20.051 4.6513 -1.5391 55 35 8
19.951 4.692 -1.5365 58 36 25
19.96 4.7163 -1.5243 56 33 25
19.89 4.7395 -1.5429 56 34 19
20.016 4.6471 -1.5601 59 34 27
19.855 4.7323 -1.5288 54 32 17
19.792 4.6762 -1.4758 53 31 10
19.806 4.6767 -1.5369 55 32 24
19.913 4.656 -1.539 56 34 23
19.947 4.6593 -1.5204 60 36 24
19.889 4.6413 -1.5348 56 30 13
19.894 4.6378 -1.5395 56 30 13
19.949 4.6278 -1.537 59 36 28
19.852 4.6706 -1.5277 55 33 22
19.9 4.6695 -1.5556 55 31 19
19.822 4.6257 -1.5127 43 27 12
19.797 4.6478 -1.519 54 31 13
19.97 4.5079 -1.5462 54 28 11
19.821 4.6317 -1.5384 54 31 13
19.866 4.5643 -1.5679 48 30 10
19.908 4.5565 -1.5288 60 32 21
19.923 4.5082 -1.5298 55 28 19
19.758 4.6503 -1.5328 51 28 22
19.847 4.5825 -1.5786 53 30 12
19.899 4.5988 -1.5336 52 34 22
19.952 4.5576 -1.5476 59 36 18
19.849 4.6028 -1.5088 52 36 23
19.828 4.6218 -1.5179 43 27 12
19.861 4.5939 -1.5195 52 36 23
19.91 4.5278 -1.5761 57 35 24
19.886 4.5402 -1.5269 55 33 10
19.76 4.6144 -1.5231 53 30 22
19.801 4.5798 -1.5286 50 30 23
19.788 4.6593 -1.5375 53 32 15
19.858 4.5287 -1.522 49 30 16
19.763 4.5812 -1.5411 51 30 13
19.773 4.5697 -1.5211 50 29 12
19.888 4.4351 -1.5539 51 29 14
19.74 4.563 -1.5117 54 29 22
19.7 4.5678 -1.5216 53 30 12
19.752 4.5541 -1.5216 54 29 22
19.901 4.4917 -1.5275 52 31 14
19.88 4.4749 -1.524 53 26 19
19.902 4.4533 -1.518 52 27 4
19.718 4.5843 -1.5186 52 31 14
19.883 4.4001 -1.5329 48 26 13
19.84 4.4389 -1.5289 49 26 18
19.752 4.4489 -1.5157 49 26 18
19.686 4.5393 -1.4703 46 23 7
19.901 4.4202 -1.5323 48 24 12
19.678 4.5493 -1.4948 51 29 18
19.804 4.4813 -1.5853 52 29 11
19.826 4.4115 -1.5116 46 24 9
19.705 4.4965 -1.5308 44 28 3
19.744 4.4601 -1.5369 49 27 4
19.765 4.3964 -1.4865 48 28 19
19.765 4.3999 -1.5186 41 27 14
19.777 4.351 -1.5205 52 30 19
19.696 4.3968 -1.5202 50 29 12
19.848 4.3595 -1.5394 48 26 15
19.726 4.3999 -1.5027 45 27 13
19.743 4.4271 -1.555 47 28 11
19.714 4.415 -1.5197 48 29 13
19.766 4.4037 -1.5466 47 30 13
19.634 4.3902 -1.5269 49 27 6
19.653 4.4018 -1.502 50 27 21
19.649 4.3726 -1.5122 57 39 19
19.71 4.3075 -1.5117 47 26 21
19.692 4.3593 -1.476 44 21 13
19.687 4.367 -1.5043 49 29 20
19.699 4.3206 -1.5328 50 28 15
19.789 4.3054 -1.5447 48 31 21
19.824 4.1951 -1.5817 36 25 5
19.679 4.3052 -1.5292 44 23 18
19.652 4.4075 -1.5245 50 32 18
19.699 4.2018 -1.4984 48 30 8
19.746 4.2287 -1.5064 42 26 13
19.599 4.3486 -1.4757 50 31 17
19.663 4.2419 -1.4927 46 28 14
19.565 4.3175 -1.5039 54 31 13
19.692 4.2524 -1.5332 39 31 18
19.622 4.2869 -1.4881 51 33 21
19.684 4.2567 -1.4963 47 25 14
19.698 4.279 -1.4918 44 27 19
19.752 4.1859 -1.5265 46 29 19
19.619 4.3321 -1.5232 48 29 13
19.576 4.3774 -1.5107 54 32 19
19.682 4.1059 -1.5373 47 26 9
19.666 4.1646 -1.5355 47 28 14
19.662 4.2025 -1.4855 44 22 11
19.526 4.2882 -1.5059 50 29 12
19.642 4.2303 -1.5223 47 27 20
19.659 4.1682 -1.5016 45 25 18
19.539 4.2704 -1.4919 47 26 7
19.681 4.11 -1.5674 44 25 19
19.557 4.2877 -1.4869 54 30 18
19.587 4.2158 -1.5086 46 28 14
19.683 4.1844 -1.5317 44 23 20
19.524 4.2522 -1.4918 49 27 12
19.697 4.1699 -1.5452 44 23 20
19.535 4.3132 -1.496 50 32 12
19.59 4.1324 -1.4855 45 25 14
19.456 4.2583 -1.46 51 27 13
19.622 4.1339 -1.4991 46 28 18
19.526 4.2131 -1.5125 51 29 14
19.515 4.0655 -1.4939 46 25 8
19.538 4.0742 -1.4673 41 26 7
19.442 4.1623 -1.475 44 23 4
19.624 3.9654 -1.5215 43 24 7
19.623 4.0073 -1.5027 49 26 18
19.538 4.0771 -1.4942 47 29 17
19.526 4.0939 -1.5152 43 25 5
19.478 4.1916 -1.4774 49 27 6
19.588 4.053 -1.4941 41 25 12
19.568 4.08 -1.5069 47 24 18
19.461 4.1779 -1.5066 42 24 0
19.665 3.9988 -1.5212 47 24 16
19.572 4.077 -1.5407 48 23 18
19.47 4.1648 -1.4849 47 24 6
19.487 4.1029 -1.4938 45 23 8
19.418 4.1181 -1.483 32 23 6
19.476 4.0353 -1.4945 45 23 10
19.457 4.0626 -1.5023 45 23 8
19.472 4.0831 -1.4975 42 23 7
19.55 4.018 -1.467 45 23 10
19.543 4.0287 -1.4922 45 24 19
19.525 4.0109 -1.4935 50 24 10
19.48 4.07 -1.479 43 24 7
19.52 3.9724 -1.4478 44 21 15
19.441 4.1254 -1.4922 40 20 9
19.452 4.0296 -1.517 44 22 11
19.438 4.088 -1.4821 47 25 10
19.608 3.8996 -1.5151 44 22 9
19.437 4.0482 -1.4709 45 23 12
19.374 4.0962 -1.4514 38 20 0
19.462 4.0119 -1.4711 48 25 9
19.425 3.9841 -1.4964 39 17 6
19.372 4.0192 -1.4879 40 22 12
19.418 3.9938 -1.5216 42 21 0
19.457 3.9811 -1.5103 44 20 10
19.41 4.0477 -1.5199 40 22 0
19.385 3.9569 -1.5291 44 18 3
19.445 3.8215 -1.4909 40 22 8
19.417 3.8638 -1.4948 35 23 1
19.352 3.9212 -1.5012 41 25 0
19.425 3.8957 -1.4811 35 21 8
19.351 3.9661 -1.5083 40 16 12
19.352 4.0045 -1.4633 42 22 0
19.365 3.9448 -1.4933 40 22 0
19.3 3.8741 -1.5028 41 19 0
19.328 3.9172 -1.4919 40 22 0
19.399 3.8014 -1.4864 37 20 13
19.396 3.8058 -1.5164 32 17 10
19.444 3.7297 -1.4718 26 18 5
19.489 3.7533 -1.509 38 19 12
19.411 3.8287 -1.4754 41 21 22
19.423 3.7645 -1.4795 44 22 25
19.361 3.8169 -1.4964 39 17 2
19.408 3.8349 -1.4998 35 22 13
19.431 3.7039 -1.5406 34 21 12
19.312 3.8995 -1.4939 44 23 2
19.366 3.9001 -1.4863 47 21 4
19.341 3.8946 -1.4809 43 23 0
19.467 3.7408 -1.5046 40 20 11
19.344 3.7544 -1.5154 40 18 18
19.439 3.643 -1.5383 29 15 14
19.406 3.7439 -1.4536 49 27 6
19.388 3.6793 -1.5377 38 20 6
19.29 3.8443 -1.486 35 19 2
19.282 3.8146 -1.4938 43 22 3
19.334 3.8171 -1.485 39 18 0
19.418 3.6284 -1.5079 41 20 3
19.306 3.7734 -1.4916 42 21 2
19.435 3.6487 -1.5042 43 21 8
19.29 3.8453 -1.4853 35 19 2
19.345 3.7055 -1.5093 35 18 0
19.377 3.7439 -1.5067 39 22 2
19.457 3.6623 -1.5356 40 19 14
19.331 3.8216 -1.5102 36 23 4
19.331 3.6809 -1.4863 44 20 6
19.315 3.7088 -1.4981 34 16 12
19.39 3.527 -1.5091 27 17 8
19.318 3.6543 -1.4961 37 21 4
19.416 3.5818 -1.5271 31 19 23
19.413 3.536 -1.5172 40 22 12
19.288 3.7097 -1.488 34 17 0
19.325 3.6429 -1.4733 36 21 14
19.266 3.7464 -1.4956 36 23 4
19.419 3.5765 -1.5305 31 19 23
19.414 3.5839 -1.4977 46 22 10
19.283 3.7659 -1.4873 41 20 3
19.248 3.8274 -1.4767 43 19 5
19.171 3.735 -1.4374 42 18 8
19.242 3.4947 -1.4789 37 21 8
19.303 3.479 -1.4759 39 20 13
19.184 3.6641 -1.4421 24 9 2
19.261 3.5619 -1.4573 33 14 18
19.167 3.6436 -1.4757 40 16 2
19.17 3.6875 -1.4597 40 17 11
19.157 3.6132 -1.4837 36 17 1
19.293 3.448 -1.4821 36 17 19
19.279 3.5234 -1.51 35 11 7
19.342 3.3931 -1.6232 32 16 3
19.162 3.7009 -1.4798 38 15 7
19.204 3.4699 -1.4195 25 16 7
19.203 3.4686 -1.4496 35 17 5
19.28 3.3645 -1.4815 31 13 3
19.215 3.4391 -1.4959 13 14 0
19.108 3.6109 -1.4746 25 14 0
19.275 3.4261 -1.4888 40 17 27
19.218 3.4887 -1.4489 33 18 15
19.196 3.4828 -1.4419 35 17 5
19.127 3.6263 -1.4683 37 18 2
19.121 3.4773 -1.4776 36 12 12
19.101 3.4648 -1.4794 39 14 7
19.223 3.3108 -1.4911 36 18 16
19.204 3.2983 -1.4594 35 15 8
19.191 3.3821 -1.4806 21 17 8
19.104 3.4577 -1.4827 39 14 7
19.214 3.3924 -1.4519 38 15 7
19.044 3.7154 -1.3211 33 15 11
19.092 3.5975 -1.4455 38 15 0
19.096 3.3628 -1.49 37 20 0
19.1 3.3534 -1.4946 37 20 0
19.145 3.3145 -1.4642 32 17 10
19.071 3.3655 -1.4798 33 21 0
19.065 3.4345 -1.4807 39 25 0
19.221 3.1941 -1.5084 39 21 11
19.148 3.3633 -1.4492 26 13 4
19.085 3.3334 -1.4703 34 17 7
19.045 3.3791 -1.4119 32 18 7
19.038 3.3921 -1.4346 34 17 0
19.088 3.197 -1.4999 33 14 7
19.041 3.1895 -1.491 19 18 0
19.012 3.2115 -1.4443 27 14 0
19.051 3.2307 -1.4768 21 15 0
18.984 3.2884 -1.4323 34 22 0
18.99 3.2682 -1.4431 34 22 0
19 3.3033 -1.4588 31 13 0
20.278 5.5018 -1.5705 44 23 20
20.223 5.4977 -1.5772 28 21 3
20.111 5.5075 -1.5572 42 18 4
20.159 5.5121 -1.5508 24 19 16
20.195 5.5278 -1.5663 41 21 10
20.094 5.4522 -1.5026 46 32 32
20.275 5.4555 -1.5748 53 27 26
20.125 5.4986 -1.5436 41 21 20
20.113 5.4548 -1.5368 46 26 17
20.167 5.4793 -1.5269 47 21 6
20.125 5.48 -1.5595 47 28 24
20.162 5.4673 -1.5624 47 28 14
20.225 5.3739 -1.5722 36 29 0
20.218 5.4021 -1.5733 47 25 10
20.211 5.4105 -1.5945 45 27 25
20.167 5.3424 -1.5534 46 25 22
20.16 5.3654 -1.5366 46 29 21
20.164 5.3431 -1.5523 46 25 22
20.196 5.2637 -1.5939 40 28 14
20.088 5.3188 -1.5273 49 28 23
19.99 5.2447 -1.5509 53 34 27
20.014 5.2031 -1.5326 57 35 22
20.046 5.1703 -1.5689 61 38 32
19.966 5.1794 -1.5463 59 35 23
20.078 5.1535 -1.5665 59 41 21
19.982 5.1686 -1.5339 58 36 23
19.928 5.2144 -1.5053 58 34 24
19.948 5.2296 -1.5066 57 33 23
19.942 5.2371 -1.5241 50 33 16
20.011 5.1063 -1.5621 65 39 22
19.985 5.1099 -1.5164 62 38 24
19.967 5.157 -1.5635 50 34 21
19.88 5.1709 -1.5338 57 34 26
20.033 5.1449 -1.5465 64 40 26
20.03 5.1233 -1.5638 64 38 24
19.867 5.1754 -1.5233 57 34 26
19.945 5.0602 -1.557 54 37 20
19.87 5.0725 -1.536 62 43 29
19.798 5.1078 -1.4993 62 41 22
19.881 5.1202 -1.5414 60 35 28
19.823 5.0972 -1.5202 62 41 22
19.829 5.1453 -1.5211 62 42 33
19.982 5.0694 -1.5701 60 41 25
19.876 5.099 -1.552 64 42 27
19.87 5.0727 -1.5357 62 43 29
20.05 5.0613 -1.5776 69 43 28
20.004 4.9996 -1.566 64 41 23
19.796 5.0628 -1.5272 70 49 32
19.866 5.0507 -1.549 65 40 33
19.783 5.0453 -1.5326 75 50 43
19.949 5.0285 -1.5508 79 57 36
19.851 5.0329 -1.548 66 45 28
19.918 4.9871 -1.5287 68 42 28
19.81 5.0798 -1.5238 71 48 32
19.964 4.9915 -1.5477 64 41 25
19.842 5.0134 -1.5595 70 48 35
19.893 5.0576 -1.5301 53 44 29
19.886 4.9768 -1.5198 73 46 37
19.881 4.9539 -1.527 62 40 27
19.935 4.9228 -1.5469 62 38 24
19.838 4.955 -1.5371 45 32 24
19.778 5.0189 -1.5209 67 41 26
19.75 4.9843 -1.5254 67 44 26
19.864 4.968 -1.5438 60 37 29
19.852 4.9788 -1.5606 63 44 30
19.884 4.9275 -1.5513 61 41 30
19.794 4.9821 -1.5241 61 42 26
19.827 4.9097 -1.5566 58 39 25
19.818 4.8834 -1.5388 59 37 24
19.819 4.9089 -1.523 62 37 30
19.771 4.9441 -1.5377 67 44 26
19.835 4.9003 -1.537 62 37 30
19.816 4.941 -1.5294 58 36 23
19.901 4.8927 -1.5772 62 38 26
19.758 4.9561 -1.5477 79 62 44
19.778 4.9101 -1.5302 58 38 27
19.749 4.9307 -1.5326 63 40 24
19.801 4.9539 -1.5468 54 41 25
19.771 4.883 -1.5199 56 33 25
19.794 4.8756 -1.561 55 38 20
19.847 4.8629 -1.5379 58 37 20
19.737 4.8552 -1.5401 56 40 27
19.753 4.8725 -1.5414 62 40 27
19.74 4.9099 -1.5371 58 39 25
19.876 4.8144 -1.5543 56 37 20
19.752 4.8417 -1.5301 57 34 26
19.862 4.8272 -1.5656 60 37 21
19.797 4.8373 -1.5269 58 37 20
19.788 4.8472 -1.5477 58 35 29
19.845 4.8046 -1.541 54 30 16
19.82 4.7916 -1.5362 56 35 16
19.735 4.8203 -1.5062 56 31 24
19.82 4.7964 -1.5639 51 32 25
19.842 4.7499 -1.5739 54 32 17
19.733 4.8264 -1.5298 62 40 27
19.774 4.7026 -1.536 57 35 20
19.726 4.7389 -1.5227 38 29 12
19.689 4.7404 -1.5308 56 30 13
19.778 4.7284 -1.5256 36 29 3
19.681 4.7781 -1.5331 59 35 21
19.657 4.8163 -1.4705 55 35 26
19.648 4.7725 -1.5179 57 37 12
19.7 4.7283 -1.515 50 33 16
19.656 4.799 -1.5327 58 34 20
19.751 4.7275 -1.569 46 26 15
19.646 4.7786 -1.5408 57 35 14
19.728 4.775 -1.5593 53 37 14
19.694 4.7324 -1.5089 52 35 18
19.61 4.7719 -1.5001 54 32 21
19.683 4.6789 -1.5088 48 28 19
19.716 4.6845 -1.5166 53 34 20
19.629 4.731 -1.5338 53 30 22
19.638 4.6913 -1.5333 53 33 22
19.683 4.6538 -1.5515 53 32 11
19.573 4.7433 -1.4972 54 29 22
19.772 4.6747 -1.5518 54 34 10
19.661 4.7037 -1.5378 54 32 21
19.628 4.7501 -1.4639 48 28 17
19.687 4.7135 -1.5451 56 34 21
19.656 4.6696 -1.4981 50 30 5
19.743 4.6307 -1.5367 53 32 11
19.657 4.6643 -1.4751 52 31 10
19.583 4.7084 -1.5229 51 26 21
19.65 4.6116 -1.4966 50 29 10
19.621 4.6084 -1.5156 56 31 26
19.675 4.6262 -1.5348 50 33 15
19.684 4.6148 -1.5144 50 32 8
19.635 4.6271 -1.5127 46 31 28
19.635 4.6648 -1.547 54 31 15
19.664 4.6592 -1.4822 51 30 9
19.603 4.5887 -1.4906 53 31 8
19.543 4.6164 -1.5011 52 28 24
19.517 4.6093 -1.4931 51 30 13
19.576 4.5931 -1.5587 50 30 23
19.631 4.5919 -1.4755 48 30 10
19.628 4.5372 -1.531 52 32 21
19.614 4.5838 -1.5281 53 30 22
19.617 4.5503 -1.548 54 30 20
19.502 4.6222 -1.4778 51 30 13
19.54 4.5928 -1.5397 48 28 21
19.719 4.525 -1.5852 48 32 15
19.607 4.5937 -1.5473 54 33 16
19.567 4.6306 -1.5328 38 18 9
19.602 4.46 -1.5336 59 36 20
19.607 4.4878 -1.5208 53 28 21
19.609 4.45 -1.5128 55 33 12
19.517 4.5483 -1.5277 56 32 22
19.59 4.5421 -1.5396 52 32 21
19.557 4.5363 -1.4967 54 34 23
19.559 4.5387 -1.5259 54 35 19
19.552 4.5092 -1.5124 57 40 23
19.522 4.5401 -1.5074 57 33 23
19.586 4.5418 -1.5087 54 31 23
19.548 4.5515 -1.5433 55 36 20
19.539 4.4544 -1.5062 63 39 27
19.512 4.4832 -1.5058 71 49 34
19.427 4.5376 -1.466 64 35 4
19.517 4.4394 -1.4786 48 25 17
19.584 4.4439 -1.5347 59 37 24
19.514 4.5135 -1.4917 62 38 26
19.547 4.4859 -1.5522 88 66 42
19.537 4.4268 -1.5483 77 58 41
19.413 4.5209 -1.4627 61 42 26
19.509 4.382 -1.5045 50 30 19
19.442 4.4274 -1.5321 70 50 25
19.472 4.4223 -1.4957 98 81 55
19.404 4.4642 -1.4674 58 36 25
19.56 4.3598 -1.5118 56 31 11
19.475 4.4238 -1.519 58 41 24
19.463 4.3993 -1.5004 47 31 18
19.565 4.3209 -1.5319 52 31 10
19.613 4.3099 -1.592 56 35 18
19.445 4.3853 -1.5007 49 33 20
19.437 4.3961 -1.5209 57 35 20
19.497 4.2846 -1.4956 51 29 14
19.387 4.3845 -1.502 51 29 18
19.517 4.3005 -1.5237 49 27 12
19.529 4.3235 -1.5145 50 30 3
19.515 4.3411 -1.5292 52 32 23
19.497 4.2877 -1.5221 49 30 13
19.454 4.3728 -1.4829 50 30 21
19.469 4.3566 -1.4986 50 30 21
19.418 4.4202 -1.5246 57 37 26
19.384 4.4207 -1.4805 53 33 22
19.382 4.3176 -1.4806 54 29 24
19.443 4.2404 -1.4887 45 25 0
19.403 4.2897 -1.4777 53 26 5
19.472 4.2775 -1.4868 49 29 5
19.457 4.2973 -1.4967 46 27 20
19.355 4.3172 -1.4977 38 28 18
19.49 4.2215 -1.5205 51 30 13
19.433 4.2921 -1.5186 37 25 11
19.339 4.3021 -1.4973 55 27 23
19.419 4.195 -1.5072 49 24 20
19.365 4.2304 -1.5204 49 26 10
19.397 4.1866 -1.4993 47 26 9
19.363 4.2695 -1.4984 48 25 19
19.432 4.1385 -1.5147 47 23 9
19.308 4.2695 -1.5016 44 17 6
19.392 4.2696 -1.5124 53 26 17
19.427 4.1485 -1.5655 45 23 12
19.407 4.2489 -1.5005 51 26 19
19.327 4.2807 -1.5042 50 24 7
19.316 4.2573 -1.4847 49 23 9
19.371 4.2567 -1.482 49 26 20
19.382 4.1685 -1.5022 48 24 10
19.252 4.2363 -1.4635 33 20 12
19.405 4.1361 -1.4997 47 25 1
19.345 4.1813 -1.5081 45 22 16
19.384 4.1651 -1.5049 48 24 10
19.291 4.218 -1.4943 44 22 9
19.267 4.2894 -1.4694 39 23 6
19.321 4.2133 -1.5119 46 23 7
19.318 4.1796 -1.4993 48 21 14
19.348 4.1749 -1.4863 46 22 20
19.391 4.1156 -1.5033 44 20 10
19.326 4.1665 -1.4831 39 22 15
19.364 4.1133 -1.4973 49 19 17
19.345 4.218 -1.4901 46 22 12
19.252 4.1985 -1.4868 35 21 12
19.355 4.0446 -1.4976 41 23 1
19.352 4.09 -1.4731 37 25 1
19.257 4.1898 -1.4659 35 20 13
19.312 4.1474 -1.4867 43 17 18
19.311 4.0704 -1.495 38 20 8
19.352 4.0503 -1.4934 41 23 1
19.293 4.1367 -1.4834 44 22 9
19.307 4.157 -1.5056 44 17 10
19.335 4.0759 -1.5019 43 18 13
19.31 4.0306 -1.5154 37 20 13
19.255 4.0728 -1.4757 33 16 9
19.297 4.0074 -1.4956 45 17 14
19.306 3.9938 -1.4759 41 23 0
19.236 4.0638 -1.4952 38 22 5
19.203 4.1164 -1.4808 37 15 17
19.268 4.0955 -1.4899 26 22 13
19.265 4.0987 -1.5206 33 17 2
19.32 4.0137 -1.5019 46 22 18
19.336 4.0325 -1.4952 39 21 11
19.321 3.9272 -1.5146 39 21 11
19.301 3.9169 -1.51 44 16 15
19.206 4.0725 -1.5043 29 9 8
19.25 3.9985 -1.4815 32 19 0
19.217 4.0533 -1.4923 34 18 1
19.299 3.8738 -1.535 31 10 5
19.292 3.9742 -1.5095 46 20 6
19.227 3.8656 -1.4765 37 18 11
19.228 3.908 -1.4848 33 20 14
19.192 3.9693 -1.4964 27 17 8
19.231 3.8548 -1.5167 40 23 16
19.287 3.8058 -1.5284 40 18 3
19.245 3.9207 -1.4886 27 16 12
19.153 4.0367 -1.4745 37 18 14
19.143 3.9679 -1.5063 34 12 14
19.173 3.8242 -1.4794 39 12 19
19.207 3.756 -1.5566 34 16 2
19.146 3.8738 -1.5009 35 16 2
19.141 3.9287 -1.4973 34 15 9
19.214 3.8417 -1.5128 38 17 14
19.131 3.9029 -1.505 38 14 14
19.156 3.9031 -1.4859 36 21 14
19.177 3.9076 -1.4962 33 11 11
19.16 3.9356 -1.5054 36 25 3
19.118 3.8372 -1.4783 36 13 5
19.095 3.8342 -1.4734 34 14 5
19.123 3.8729 -1.4891 39 21 7
19.117 3.8349 -1.5104 28 13 6
19.107 3.9038 -1.4937 38 25 19
19.145 3.8298 -1.4946 34 14 7
19.186 3.7522 -1.517 38 15 7
19.091 3.8875 -1.4965 45 19 22
19.088 3.8455 -1.4943 20 14 0
19.144 3.6889 -1.4759 35 15 6
19.148 3.6325 -1.4988 39 16 10
19.108 3.7104 -1.4831 40 18 3
19.099 3.73 -1.4703 40 18 3
19.101 3.6258 -1.4911 42 22 13
19.089 3.5993 -1.472 35 11 7
19.083 3.6119 -1.491 31 11 12
19.073 3.6853 -1.4796 29 10 12
19.097 3.6862 -1.4859 36 17 13
19.002 3.6899 -1.4779 34 16 6
18.971 3.7604 -1.4594 35 12 20
18.974 3.6977 -1.4926 28 11 1
19.071 3.5831 -1.5016 24 15 16
18.951 3.5958 -1.478 27 15 0
18.971 3.6042 -1.4575 38 20 10
18.981 3.631 -1.4745 29 17 5
18.934 3.6373 -1.4782 34 6 20
18.967 3.5579 -1.4757 33 13 15
18.941 3.6736 -1.4666 30 8 11
18.994 3.6004 -1.4692 35 17 5
18.978 3.5813 -1.4965 26 18 16
18.978 3.6356 -1.4979 36 23 15
18.963 3.5129 -1.4683 36 18 6
18.91 3.5273 -1.4973 27 20 10
18.918 3.5102 -1.4795 33 13 6
18.937 3.5193 -1.4823 33 10 20
18.943 3.5638 -1.4622 33 10 4
18.932 3.5838 -1.4812 40 21 17
18.912 3.5778 -1.4784 16 6 14
18.913 3.525 -1.4718 33 13 6
19.002 3.469 -1.4998 34 13 8
18.879 3.5035 -1.4443 31 12 5
18.939 3.4509 -1.4907 41 21 0
18.898 3.5021 -1.4801 38 19 23
18.886 3.4744 -1.4867 29 14 9
18.865 3.4703 -1.483 27 11 21
18.909 3.4765 -1.4674 29 10 3
18.863 3.539 -1.4761 29 17 3
18.887 3.5325 -1.4843 34 23 17
21.085 2.8752 -0.42144 74 50 22
21.122 2.7712 -0.3534 73 53 28
20.923 2.8067 -0.36346 87 66 37
20.938 2.7941 -0.40476 86 68 32
20.961 2.7087 -0.37224 95 72 41
20.91 2.7676 -0.40668 93 70 36
21.027 2.7537 -0.3674 85 65 41
20.888 2.8409 -0.32398 88 63 40
21.02 2.765 -0.40058 70 52 30
20.854 2.7682 -0.37155 93 72 41
20.875 2.7989 -0.33024 97 73 39
20.918 2.694 -0.34282 96 71 39
20.869 2.6971 -0.41783 73 52 31
20.88 2.743 -0.41142 95 71 35
20.92 2.6353 -0.38909 75 56 26
20.875 2.6268 -0.39143 72 52 27
20.83 2.7339 -0.34645 79 54 32
20.816 2.6338 -0.3532 71 53 29
20.868 2.6322 -0.35477 75 55 28
20.851 2.531 -0.36641 73 53 28
20.852 2.5942 -0.39518 73 54 20
20.865 2.5174 -0.4055 70 53 25
20.828 2.5562 -0.32771 74 54 29
20.826 2.4353 -0.34282 74 54 27
20.867 2.4468 -0.34099 75 52 34
20.82 2.379 -0.34907 72 51 30
20.798 2.4089 -0.38541 72 52 25
20.857 2.4643 -0.41473 70 53 25
20.774 2.5635 -0.36901 73 53 28
20.822 2.3784 -0.38686 72 52 25
20.768 2.3187 -0.4009 70 50 25
20.746 2.2816 -0.36706 70 51 19
21.089 2.9312 -0.45112 73 47 20
21.038 2.8257 -0.58427 67 44 11
21.068 2.8961 -0.4604 73 49 11
20.985 2.8704 -0.50735 60 41 11
21.059 2.8712 -0.65672 70 49 22
20.956 2.9702 -0.59989 71 49 12
21.087 2.8208 -0.4664 72 48 12
21.006 2.8673 -0.65745 67 47 13
20.889 2.7463 -0.56553 93 70 39
20.981 2.7598 -0.51989 85 64 33
20.878 2.8091 -0.4772 93 70 39
21.043 2.7538 -0.51831 70 46 10
20.9 2.7824 -0.44391 91 70 41
20.914 2.7256 -0.64435 91 68 37
20.854 2.8465 -0.58587 92 68 40
20.991 2.753 -0.56034 85 64 33
21.007 2.7834 -0.43709 75 56 26
20.899 2.79 -0.51711 94 72 35
20.893 2.7997 -0.55649 89 68 41
20.994 2.8011 -0.47293 63 42 15
21.034 2.7622 -0.51802 70 46 10
20.905 2.732 -0.6041 91 68 35
21.009 2.7256 -0.48768 82 62 35
20.983 2.75 -0.44408 84 63 36
20.946 2.7498 -0.64143 89 65 37
21 2.7472 -0.6004 83 64 34
20.833 2.6341 -0.61987 73 52 33
20.836 2.6787 -0.46254 69 52 26
20.895 2.6765 -0.53763 79 55 27
20.887 2.6283 -0.58374 76 54 30
20.834 2.7523 -0.60179 80 58 35
20.822 2.7538 -0.44927 73 54 24
20.851 2.6574 -0.42826 73 52 31
20.876 2.757 -0.52412 92 69 36
20.853 2.6066 -0.58833 71 54 26
20.85 2.7243 -0.49222 78 54 28
20.906 2.7176 -0.45062 94 69 37
20.866 2.6561 -0.61726 69 52 22
20.872 2.6396 -0.5043 70 53 25
20.852 2.6655 -0.53933 74 54 27
20.899 2.7285 -0.49106 92 68 34
20.849 2.7325 -0.56615 88 69 37
20.798 2.6107 -0.59032 71 53 29
20.832 2.4977 -0.44391 69 52 24
20.85 2.5383 -0.44317 73 53 28
20.841 2.6156 -0.50736 73 53 26
20.859 2.5972 -0.54922 71 54 26
20.833 2.6188 -0.43268 74 52 28
20.84 2.563 -0.63468 67 49 27
20.819 2.5216 -0.56162 70 55 26
20.837 2.494 -0.48797 72 52 27
20.801 2.5462 -0.59921 70 53 27
20.825 2.5766 -0.55369 70 52 30
20.848 2.6043 -0.47278 68 51 31
20.814 2.4562 -0.45857 68 51 25
20.817 2.4513 -0.4167 72 53 21
20.794 2.4192 -0.46359 71 52 22
20.731 2.3751 -0.54919 69 52 26
20.953 2.8134 -0.74869 75 55 28
20.957 2.813 -0.7886 82 62 35
20.82 2.7841 -0.79413 87 66 37
20.817 2.8469 -0.78188 87 66 35
20.893 2.7672 -0.83873 88 65 34
20.93 2.7111 -0.68673 91 68 35
20.906 2.7412 -0.72409 90 66 38
20.821 2.7796 -0.75537 89 68 41
20.907 2.8119 -0.82687 84 63 34
20.785 2.8269 -0.82406 88 65 34
20.904 2.8072 -0.75192 87 67 33
20.805 2.7949 -0.71305 89 66 33
20.945 2.8143 -0.66749 81 62 22
20.902 2.7492 -0.76272 88 67 36
20.81 2.7366 -0.80173 73 54 22
20.839 2.6932 -0.69144 71 51 24
20.813 2.6602 -0.65979 72 53 23
20.8 2.6219 -0.78406 69 51 31
20.817 2.6645 -0.77696 73 53 26
20.834 2.7559 -0.64076 89 68 41
20.887 2.6347 -0.66103 71 51 24
20.783 2.6455 -0.82005 70 50 23
20.855 2.6811 -0.77348 71 51 26
20.899 2.6851 -0.69246 90 67 33
20.776 2.5858 -0.7498 71 52 18
20.835 2.7776 -0.91677 85 62 29
20.817 2.7945 -0.86975 85 65 31
20.839 2.7776 -0.95781 84 63 32
20.81 2.6817 -0.89271 69 49 22
20.27 3.2837 -1.0572 65 50 19
20.296 4.3413 -1.3661 48 27 8
20.823 3.9728 -1.5875 41 28 12
20.599 4.1306 -1.5051 48 27 10
20.592 3.8653 -1.5256 38 21 3
20.438 3.9919 -1.4756 39 22 2
20.325 3.998 -1.44 39 24 5
20.518 3.8787 -1.5002 36 20 3
20.494 3.9041 -1.5251 39 22 4
20.424 3.7759 -1.5196 36 19 9
20.396 3.2255 -1.5173 45 28 21
20.354 3.3314 -1.5096 46 24 9
20.072 3.5022 -1.3797 45 22 16
20.607 2.9212 -1.6194 43 24 20
20.262 3.3265 -1.4459 43 27 12
20.127 3.2223 -1.4555 40 22 8
20.015 3.3683 -1.4229 43 21 8
19.76 3.7418 -1.1967 48 22 5
20.151 3.1356 -1.5359 38 21 4
21.021 5.4137 -1.6319 46 25 0
20.853 5.2676 -1.5605 45 25 0
20.824 5.2408 -1.5376 48 20 16
20.848 5.2443 -1.5799 45 23 2
21.16 5.1621 -1.6738 36 17 13
20.714 4.8917 -1.602 45 23 2
20.638 4.9535 -1.5672 34 17 7
20.566 4.9146 -1.5314 45 23 2
20.552 4.794 -1.554 40 25 6
20.658 4.7101 -1.5952 32 20 8
20.532 4.7714 -1.5547 41 22 6
20.419 4.7898 -1.4996 36 17 0
20.596 4.6653 -1.561 47 24 16
20.622 4.6856 -1.5564 46 22 12
20.593 4.7063 -1.573 42 20 7
20.424 4.5512 -1.5549 46 23 15
20.347 4.4516 -1.5363 57 33 19
20.297 4.4122 -1.5352 51 35 18
20.352 4.4068 -1.5254 54 37 20
20.324 4.3888 -1.5209 57 35 22
20.297 4.4474 -1.5252 57 35 24
20.237 4.4153 -1.5106 49 30 16
20.324 4.323 -1.3804 51 29 16
20.333 4.3345 -1.4838 59 31 18
20.43 4.2252 -1.5266 53 26 19
20.492 4.2159 -1.5119 49 28 11
20.699 4.1199 -1.6133 51 29 5
20.545 4.2271 -1.5584 58 31 14
20.322 4.179 -1.4725 50 23 4
20.3 4.1166 -1.4935 42 24 0
20.304 4.159 -1.5133 43 22 17
20.222 4.2102 -1.3935 38 25 9
20.358 4.1121 -1.5124 48 24 12
20.28 4.1377 -1.5087 42 24 14
20.441 3.9951 -1.5142 42 24 4
20.431 3.8727 -1.5531 42 24 4
20.524 3.7413 -1.5966 39 22 2
20.344 3.8572 -1.5336 39 23 6
20.112 4.0754 -1.4905 52 25 16
20.242 3.9518 -1.5081 45 24 5
20.097 4.0393 -1.4302 45 23 12
20.412 3.8432 -1.5605 38 21 13
20.328 3.827 -1.546 40 25 6
20.322 3.8719 -1.4865 39 22 2
20.22 3.8849 -1.5331 42 22 13
19.899 4.0689 -1.393 44 23 4
20.119 3.8933 -1.4943 39 21 11
20.33 3.738 -1.6241 40 19 14
19.967 3.9615 -1.454 38 26 12
19.947 3.9857 -1.4739 44 26 16
19.841 3.6877 -1.3046 40 23 6
19.813 3.4405 -1.4532 38 22 7
19.976 3.3172 -1.4657 40 22 0
19.869 3.3108 -1.5505 41 23 11
19.805 3.4033 -1.5367 39 19 12
19.705 3.498 -1.4675 36 22 9
19.726 3.4145 -1.4752 49 23 9
19.716 3.4807 -1.4455 47 26 0
19.7 3.4008 -1.4732 46 17 21
19.631 3.4555 -1.4036 51 22 14
19.81 3.1168 -1.577 49 22 13
19.764 3.1319 -1.5252 44 27 20
19.629 3.1888 -1.4689 38 20 10
19.671 3.0549 -1.5266 41 13 12
19.633 3.1201 -1.5317 39 13 14
19.579 3.161 -1.4981 40 21 5
19.557 3.1418 -1.4725 30 9 4
19.657 3.0247 -1.4268 39 32 6
19.521 3.1502 -1.4605 32 8 6
19.685 2.9709 -1.4891 42 30 16
19.608 3.0475 -1.4847 44 29 10
19.459 3.2107 -1.4229 27 16 10
20.845 5.4128 -1.5556 48 22 0
20.814 5.449 -1.5522 37 21 6
20.691 5.4126 -1.5859 50 26 16
20.573 5.4511 -1.5005 33 18 0
20.774 5.4309 -1.5459 43 24 17
20.717 5.3522 -1.598 48 29 15
20.64 5.397 -1.5717 51 27 1
20.894 5.3736 -1.6695 52 26 12
20.561 5.3319 -1.4364 43 26 0
20.732 5.2754 -1.5456 49 24 1
20.539 5.3133 -1.5392 55 29 12
20.688 5.3161 -1.5341 50 27 9
20.806 5.3028 -1.6306 50 26 12
20.73 5.3249 -1.6173 49 27 12
20.554 5.318 -1.5755 58 29 23
20.451 5.3527 -1.4708 37 28 13
20.454 5.344 -1.5379 39 27 13
20.577 5.2892 -1.6015 52 25 14
20.721 5.3264 -1.6115 49 27 12
20.556 5.2867 -1.4617 47 26 0
20.663 5.2727 -1.5525 47 25 2
20.385 5.335 -1.509 46 28 16
20.578 5.3364 -1.5719 36 28 5
20.426 5.2732 -1.5327 50 21 15
20.51 5.2714 -1.5454 47 17 15
20.411 5.2696 -1.4977 46 23 15
20.737 5.1956 -1.6965 52 30 6
20.46 5.2424 -1.5745 47 22 17
20.603 5.2517 -1.4964 49 25 0
20.494 5.282 -1.5625 56 29 22
20.549 5.2873 -1.5559 51 24 13
20.412 5.184 -1.485 48 21 14
20.524 5.1945 -1.5969 35 17 13
20.658 5.1722 -1.6075 49 19 17
20.692 5.1477 -1.5667 43 21 0
20.508 5.1659 -1.5721 47 25 1
20.564 5.2102 -1.6098 53 23 21
20.551 5.1727 -1.5561 46 24 0
20.555 5.2047 -1.5733 51 25 0
20.578 5.1735 -1.6023 47 25 12
20.556 5.1941 -1.6459 40 23 13
20.442 5.1656 -1.5743 41 16 12
20.354 5.0833 -1.5467 55 26 18
20.384 5.0992 -1.5517 48 28 19
20.619 4.997 -1.5802 44 22 7
20.584 5.0149 -1.5844 48 26 13
20.536 5.0031 -1.5743 45 25 1
20.633 4.9636 -1.6011 40 25 6
20.762 4.8895 -1.6872 40 24 0
20.696 4.9049 -1.6171 46 23 5
20.604 4.9083 -1.5857 40 21 7
20.312 4.9866 -1.5518 49 33 16
20.31 4.9536 -1.534 42 21 4
20.314 4.9787 -1.5201 45 27 7
20.365 4.8969 -1.552 38 16 5
20.305 4.962 -1.56 53 32 15
20.287 4.9412 -1.5592 55 32 24
20.437 4.7887 -1.543 47 23 9
20.378 4.8212 -1.5353 47 26 0
20.461 4.8296 -1.6388 48 25 17
20.274 4.9135 -1.5434 51 25 8
20.344 4.8422 -1.5441 34 22 6
20.5 4.7921 -1.5683 49 26 10
20.222 4.9013 -1.4943 53 25 11
20.15 4.9378 -1.4736 50 28 17
20.135 4.8631 -1.5057 52 31 10
20.431 4.761 -1.5549 48 25 7
20.419 4.7291 -1.533 44 22 7
20.401 4.7438 -1.5506 48 28 1
20.197 4.8061 -1.5651 55 34 15
20.158 4.7603 -1.5397 53 32 13
20.169 4.7251 -1.5642 59 38 21
20.409 4.5662 -1.5764 47 25 12
20.101 4.7314 -1.5343 61 37 25
20.347 4.6062 -1.5684 45 25 0
20.342 4.6346 -1.515 48 26 5
20.4 4.5711 -1.5719 47 25 12
20.203 4.6586 -1.5197 49 25 13
20.278 4.6112 -1.5393 50 30 3
20.402 4.5363 -1.587 46 27 11
20.11 4.6543 -1.5111 45 27 17
20.303 4.4906 -1.5704 51 31 6
20.307 4.4817 -1.5402 56 32 22
20.015 4.6548 -1.5043 57 33 21
20.09 4.6411 -1.544 53 31 16
20.171 4.5043 -1.5164 56 35 8
20.293 4.4326 -1.6343 56 31 9
20.24 4.4542 -1.5308 51 33 19
20.06 4.5907 -1.5281 56 35 16
20.264 4.4037 -1.5621 53 30 12
20.086 4.5366 -1.5316 57 34 18
20.082 4.5334 -1.4994 55 31 17
20.113 4.4857 -1.5677 53 33 22
20.165 4.5194 -1.5718 57 34 18
20.045 4.5685 -1.5321 56 33 15
20.301 4.451 -1.5584 49 27 14
20.175 4.468 -1.5351 55 31 19
20.227 4.3924 -1.5531 51 32 2
20.262 4.3631 -1.5488 52 30 19
19.949 4.4937 -1.4667 50 28 17
20.088 4.463 -1.5397 56 32 18
20.212 4.3418 -1.6478 48 29 23
20.07 4.4122 -1.589 48 25 17
20.135 4.46 -1.5228 51 29 6
20.114 4.4397 -1.5233 44 25 9
20.01 4.4161 -1.5264 50 26 12
19.949 4.4323 -1.5286 51 28 12
19.965 4.3856 -1.5602 52 29 13
19.964 4.3105 -1.565 34 26 5
19.872 4.3502 -1.5085 51 27 15
19.888 4.1822 -1.5286 47 26 5
19.835 4.235 -1.5174 44 22 11
19.884 4.2232 -1.5102 47 25 12
19.857 4.251 -1.5199 46 25 4
19.763 4.1874 -1.4829 46 25 6
19.967 3.924 -1.5044 41 23 11
19.87 3.9885 -1.5191 42 28 1
19.864 3.9548 -1.5265 46 23 5
19.964 3.8837 -1.5238 41 20 3
19.759 4.03 -1.4914 43 25 5
19.767 3.9803 -1.5184 46 25 6
19.778 3.9652 -1.4941 44 22 11
19.726 3.9852 -1.498 46 25 4
19.799 3.9824 -1.4981 42 24 2
19.659 4.0634 -1.4755 36 27 8
19.678 3.9616 -1.5242 48 28 17
19.626 4.0608 -1.4267 43 25 5
19.665 4.0182 -1.4931 48 25 7
19.684 3.8642 -1.5072 44 25 9
19.593 3.8965 -1.4925 44 22 9
19.687 3.8623 -1.5412 45 23 0
19.646 3.8695 -1.4917 49 25 11
19.632 3.8883 -1.5113 44 22 7
19.734 3.7001 -1.4674 42 23 7
19.666 3.7471 -1.4596 44 24 0
19.742 3.5983 -1.5409 43 23 0
19.641 3.5935 -1.4819 39 23 0
19.632 3.6068 -1.4735 39 23 0
19.668 3.6037 -1.5202 40 22 0
19.612 3.6826 -1.4374 36 22 0
19.697 3.5594 -1.4785 41 21 10
19.643 3.6896 -1.5006 39 23 10
19.612 3.5876 -1.4746 33 23 0
19.572 3.6492 -1.4685 39 21 1
19.665 3.5059 -1.459 34 20 9
19.699 3.5079 -1.4987 42 21 2
19.55 3.6357 -1.4651 40 22 0
19.451 3.6968 -1.4692 47 22 15
19.552 3.6802 -1.4808 42 17 12
19.542 3.6948 -1.5063 34 16 12
19.511 3.5481 -1.4631 38 21 1
19.533 3.461 -1.5011 40 19 2
19.437 3.6206 -1.4713 39 18 13
19.473 3.6097 -1.49 42 21 2
19.48 3.5988 -1.4641 38 21 13
19.444 3.4562 -1.5124 42 24 2
19.435 3.5756 -1.4898 47 21 7
19.547 3.331 -1.4617 35 22 3
19.442 3.4101 -1.4628 40 20 11
19.41 3.4655 -1.4659 42 24 4
19.495 3.3129 -1.4837 31 20 1
19.482 3.3904 -1.4548 34 18 3
19.553 3.2659 -1.4835 31 18 0
19.502 3.3017 -1.459 40 18 7
19.36 3.452 -1.4589 39 15 5
19.5 3.3553 -1.5402 39 16 0
19.427 3.2666 -1.5208 33 15 1
19.362 3.34 -1.4724 39 16 0
19.439 3.3044 -1.5047 37 14 8
19.324 3.4138 -1.4606 35 11 11
19.398 3.3214 -1.5237 34 17 7
19.453 3.2167 -1.5173 29 10 0
19.446 3.1714 -1.5311 36 14 0
19.361 3.2847 -1.4926 34 12 0
19.348 3.3061 -1.5168 28 8 7
19.286 3.3196 -1.4927 31 15 0
19.267 3.4211 -1.4393 22 12 3
19.236 3.256 -1.4712 32 15 8
19.311 3.1441 -1.539 34 17 9
19.276 3.2843 -1.5006 33 19 8
19.295 3.2422 -1.4966 32 11 6
20.537 5.5095 -1.5768 41 24 6
20.568 5.4766 -1.5851 36 14 17
20.387 5.4653 -1.5253 45 23 2
20.43 5.4656 -1.5733 29 20 5
20.447 5.47 -1.5203 26 16 15
20.453 5.4981 -1.538 37 17 16
20.349 5.4646 -1.5656 42 26 1
20.414 5.4481 -1.5842 51 26 3
20.364 5.3973 -1.5223 49 25 11
20.309 5.4213 -1.5394 41 27 14
20.375 5.4031 -1.5563 51 27 17
20.182 5.4555 -1.5013 45 27 15
20.482 5.3228 -1.5948 55 28 17
20.384 5.394 -1.6274 49 28 9
20.358 5.3625 -1.5744 39 24 0
20.342 5.3358 -1.5478 49 27 14
20.366 5.3539 -1.5544 51 30 13
20.298 5.3081 -1.5765 41 21 10
20.261 5.2874 -1.5418 43 29 3
20.553 5.285 -1.6564 46 24 24
20.375 5.2831 -1.5973 42 26 11
20.153 5.3527 -1.5254 49 25 13
20.173 5.3486 -1.5397 49 25 13
20.206 5.3132 -1.5512 47 25 14
20.24 5.356 -1.5735 46 29 12
20.267 5.2926 -1.5687 43 26 0
20.335 5.3152 -1.5591 47 25 14
20.295 5.3313 -1.5621 48 29 12
20.372 5.2927 -1.5286 46 25 22
20.518 5.2671 -1.6445 49 27 16
20.21 5.334 -1.5411 46 24 0
20.147 5.2615 -1.5509 52 32 25
20.211 5.2541 -1.5292 48 21 12
20.386 5.2193 -1.5794 42 29 23
20.314 5.2296 -1.5024 43 23 14
20.188 5.289 -1.5284 47 28 14
20.308 5.2153 -1.542 48 31 11
20.312 5.2216 -1.5747 43 23 14
20.182 5.268 -1.5352 47 24 8
20.384 5.2266 -1.6047 36 25 19
20.345 5.2603 -1.5689 47 24 16
20.17 5.2783 -1.5562 49 30 13
20.276 5.2607 -1.5618 44 24 13
20.185 5.2447 -1.5512 49 25 15
20.173 5.2995 -1.5446 46 26 2
20.372 5.1915 -1.5574 47 22 15
20.239 5.2241 -1.564 56 30 16
20.352 5.1479 -1.5723 49 32 22
20.159 5.2294 -1.5485 50 27 11
20.257 5.2127 -1.5515 46 24 13
20.28 5.145 -1.5407 50 30 23
20.173 5.2191 -1.5333 51 28 10
20.392 5.1184 -1.6454 47 25 10
20.295 5.1956 -1.5498 51 33 23
20.195 5.2063 -1.5211 51 22 14
20.263 5.1806 -1.5408 55 27 26
20.321 5.1815 -1.5406 50 25 28
20.236 5.2248 -1.561 56 30 16
20.461 5.083 -1.6312 49 25 21
20.253 5.1286 -1.535 57 35 24
20.232 5.1417 -1.5475 43 17 16
20.14 5.123 -1.5131 53 31 20
20.299 5.1074 -1.5387 49 27 14
20.201 5.0713 -1.5434 54 36 22
20.216 5.0731 -1.5816 58 34 8
20.34 4.9896 -1.6268 53 37 24
20.164 5.041 -1.5742 61 39 24
20.199 5.0786 -1.5694 58 34 8
20.2 5.0467 -1.558 59 34 27
20.178 5.0612 -1.571 57 36 15
20.178 4.9712 -1.5617 57 38 22
20.349 4.9522 -1.6204 56 39 21
20.198 5.0217 -1.5685 59 37 16
20.152 5.0135 -1.5542 58 36 21
20.005 5.0876 -1.5259 65 45 21
20.142 4.9915 -1.5587 59 32 21
20.298 4.9442 -1.6005 56 41 20
20.286 4.9555 -1.6224 57 35 12
20.173 5.0247 -1.5237 55 37 23
20.151 4.9499 -1.531 63 40 22
20.193 4.9049 -1.5734 49 32 22
20.153 4.895 -1.5618 54 40 29
20.003 4.9786 -1.5312 64 43 24
20.336 4.8658 -1.6291 48 29 13
20.093 4.9277 -1.5456 58 41 24
19.965 4.9702 -1.5175 63 39 25
19.984 4.967 -1.557 63 42 23
19.996 4.9873 -1.5535 64 38 23
20.16 4.9128 -1.5202 49 33 20
20.161 4.8292 -1.5673 56 38 18
20.017 4.9034 -1.4925 59 38 21
19.983 4.9043 -1.5338 63 41 26
19.946 4.9278 -1.5339 60 36 24
20.055 4.8578 -1.5354 66 42 30
20.037 4.9317 -1.5447 64 44 20
20.013 4.8839 -1.5308 62 43 27
19.897 4.9254 -1.5118 62 39 21
20.022 4.9065 -1.5225 64 41 33
20.17 4.8535 -1.5598 57 35 22
20.158 4.8652 -1.5821 55 33 18
19.976 4.9395 -1.5421 61 39 24
20.312 4.818 -1.6477 61 35 21
20.053 4.898 -1.5717 65 39 24
20.028 4.8161 -1.5458 51 32 18
20.057 4.8292 -1.5518 56 37 23
19.906 4.8952 -1.533 64 42 21
20.145 4.744 -1.5775 58 39 25
20.131 4.7805 -1.5542 56 34 13
20.103 4.8287 -1.5438 62 40 29
19.949 4.8941 -1.5231 60 38 17
19.849 4.9186 -1.4634 61 38 20
20.108 4.7978 -1.5636 63 41 26
20.051 4.7987 -1.5386 64 40 26
20.247 4.7521 -1.6185 56 34 23
19.985 4.8707 -1.5248 62 41 20
19.953 4.8274 -1.5063 57 41 28
20.045 4.7844 -1.6058 52 37 18
19.984 4.7488 -1.5356 60 33 24
19.849 4.8133 -1.5243 59 36 18
20.061 4.7587 -1.5317 62 35 24
19.991 4.7737 -1.5208 57 35 24
19.946 4.7755 -1.5343 61 37 23
20.015 4.7893 -1.5298 60 35 28
19.955 4.8041 -1.5518 61 39 16
19.943 4.8162 -1.5693 50 37 3
19.965 4.7362 -1.5634 57 33 19
19.979 4.7859 -1.5426 65 38 27
19.905 4.7758 -1.5428 56 32 20
19.887 4.8141 -1.5128 61 34 17
19.928 4.7967 -1.5759 56 39 19
19.91 4.7049 -1.5258 56 34 21
19.857 4.7707 -1.4941 53 31 18
19.967 4.6649 -1.5429 58 34 20
19.886 4.7247 -1.5331 57 33 23
19.863 4.7103 -1.5336 50 30 19
19.801 4.814 -1.4968 49 33 20
19.954 4.7077 -1.5419 59 34 27
19.957 4.7007 -1.5208 58 35 27
19.947 4.7413 -1.5205 62 38 26
19.867 4.6729 -1.5237 57 35 12
19.915 4.601 -1.525 56 29 20
19.823 4.6476 -1.5487 49 29 18
19.791 4.7034 -1.5302 54 29 22
19.889 4.6238 -1.5284 58 34 20
19.928 4.6641 -1.5568 57 35 20
19.881 4.6591 -1.5061 54 32 21
19.915 4.6669 -1.5184 55 32 26
19.761 4.6948 -1.5196 53 31 7
19.918 4.5678 -1.5418 60 32 28
19.837 4.5667 -1.5371 50 29 12
19.908 4.5378 -1.5231 58 30 19
19.864 4.5741 -1.5161 55 31 21
19.982 4.5183 -1.5641 58 32 18
19.85 4.6246 -1.5406 46 29 21
19.751 4.6378 -1.5222 51 31 22
19.952 4.5166 -1.6181 56 34 21
19.751 4.6075 -1.5387 50 29 10
19.875 4.6025 -1.5358 44 26 14
19.902 4.584 -1.5578 52 26 9
19.775 4.6506 -1.5267 53 30 22
19.838 4.6022 -1.5449 47 31 6
19.813 4.5891 -1.5447 49 29 22
19.782 4.5804 -1.5343 55 31 5
19.882 4.4544 -1.5243 51 30 13
19.885 4.4851 -1.5079 54 28 11
19.881 4.4928 -1.5357 54 29 22
19.926 4.4922 -1.5545 52 30 17
19.941 4.4769 -1.534 54 27 16
19.723 4.5936 -1.5005 53 33 6
19.71 4.6084 -1.5148 48 29 12
19.723 4.5631 -1.5193 52 30 6
19.848 4.4135 -1.5284 48 26 11
19.721 4.4927 -1.4965 48 26 11
19.715 4.5022 -1.5165 44 27 10
19.734 4.4908 -1.5629 52 29 23
19.692 4.556 -1.5094 52 31 2
19.749 4.4567 -1.4403 46 30 5
19.872 4.4238 -1.505 52 30 19
19.745 4.4401 -1.5326 47 29 5
19.928 4.3446 -1.566 48 24 10
19.686 4.4945 -1.5078 50 30 19
19.886 4.4173 -1.5434 46 28 18
19.772 4.4884 -1.5526 56 30 16
19.76 4.3853 -1.5083 41 28 22
19.782 4.4044 -1.5385 48 29 22
19.726 4.4189 -1.5069 49 28 23
19.733 4.379 -1.5279 49 32 6
19.711 4.4357 -1.5222 48 29 13
19.65 4.4234 -1.5017 49 29 22
19.752 4.3579 -1.5195 44 26 14
19.779 4.4024 -1.5098 35 25 16
19.701 4.3731 -1.5213 49 29 18
19.729 4.3435 -1.5171 48 25 19
19.681 4.3652 -1.5757 58 36 15
19.67 4.3293 -1.499 45 28 18
19.698 4.3415 -1.5342 47 30 12
19.688 4.3544 -1.5556 57 38 22
19.671 4.3319 -1.5308 49 33 10
19.714 4.3225 -1.52 47 25 12
19.813 4.2268 -1.5739 45 26 10
19.676 4.3196 -1.4789 48 26 15
19.591 4.3783 -1.4998 45 28 8
19.724 4.2411 -1.5667 49 27 12
19.742 4.2526 -1.5047 43 27 14
19.572 4.3638 -1.4992 56 31 9
19.662 4.2627 -1.4989 43 22 17
19.545 4.3226 -1.5059 49 31 7
19.632 4.3346 -1.515 52 29 23
19.694 4.2268 -1.4996 46 26 15
19.691 4.1967 -1.5433 46 27 21
19.756 4.1978 -1.5086 48 26 15
19.689 4.2713 -1.5084 40 21 7
19.74 4.2183 -1.5226 47 25 14
19.672 4.1374 -1.5343 46 27 23
19.565 4.2232 -1.5096 49 25 15
19.715 4.094 -1.6056 41 23 9
19.524 4.2702 -1.5007 51 30 13
19.658 4.1491 -1.4949 45 24 7
19.561 4.263 -1.4912 51 27 13
19.702 4.1784 -1.4966 45 24 7
19.687 4.1977 -1.5101 48 26 15
19.57 4.2923 -1.5066 53 31 10
19.669 4.1782 -1.5144 47 26 7
19.544 4.2842 -1.5028 49 28 7
19.477 4.2527 -1.4872 51 29 6
19.618 4.1587 -1.5 43 23 22
19.526 4.2324 -1.518 50 31 15
19.635 4.0156 -1.516 52 29 21
19.482 4.1687 -1.4729 45 27 5
19.474 4.1801 -1.4954 38 19 15
19.551 4.039 -1.5059 48 27 10
19.428 4.1603 -1.4553 44 20 6
19.555 4.0755 -1.486 40 27 19
19.594 4.0211 -1.4693 48 25 19
19.446 4.1389 -1.5038 39 20 6
19.453 4.1689 -1.4905 44 25 9
19.538 4.0577 -1.5216 46 24 9
19.54 4.0944 -1.5054 41 22 15
19.499 4.1087 -1.5107 44 26 6
19.638 3.971 -1.538 46 25 8
19.486 4.1246 -1.4978 44 26 6
19.469 4.0239 -1.4812 44 22 11
19.48 4.0522 -1.5019 43 24 10
19.512 4.048 -1.4867 49 21 20
19.43 4.1224 -1.5012 42 22 11
19.456 4.0427 -1.4987 45 23 10
19.614 3.9572 -1.503 42 20 7
19.57 3.9696 -1.4858 45 26 12
19.455 4.0864 -1.5033 44 22 7
19.404 4.0754 -1.4909 30 18 4
19.49 4.0368 -1.4832 45 24 7
19.519 4.0388 -1.4942 49 21 20
19.481 4.0904 -1.4829 43 24 8
19.39 4.014 -1.4827 39 24 5
19.464 3.9915 -1.526 40 22 2
19.438 3.9857 -1.5191 32 21 0
19.472 3.9795 -1.5027 44 22 9
19.387 4.0599 -1.4866 44 19 14
19.362 4.0544 -1.4834 42 21 0
19.394 3.878 -1.4934 34 22 0
19.364 3.9669 -1.4994 44 21 13
19.448 3.8402 -1.4988 39 22 12
19.361 3.929 -1.4853 44 19 14
19.363 3.9277 -1.516 40 24 0
19.379 3.9861 -1.4964 44 24 0
19.457 3.6851 -1.5452 35 18 10
19.408 3.8085 -1.5042 31 25 13
19.428 3.7314 -1.482 38 21 13
19.458 3.7316 -1.4915 38 16 19
19.345 3.8638 -1.4857 44 20 16
19.401 3.7768 -1.5095 37 22 15
19.325 3.942 -1.495 42 24 14
19.322 3.9042 -1.4827 45 24 3
19.479 3.746 -1.5228 37 17 18
19.342 3.915 -1.486 43 20 2
19.337 3.8359 -1.5192 44 21 3
19.431 3.8196 -1.5037 39 22 14
19.411 3.8041 -1.5078 27 21 9
19.421 3.7895 -1.4847 43 23 16
19.307 3.9293 -1.4921 42 22 0
19.37 3.8719 -1.484 44 19 14
19.418 3.6532 -1.5126 41 23 13
19.261 3.871 -1.4768 41 19 4
19.299 3.8069 -1.49 38 20 0
19.357 3.7557 -1.4753 34 19 16
19.463 3.6276 -1.5709 31 21 11
19.411 3.712 -1.4566 41 17 13
19.312 3.8292 -1.4589 40 16 2
19.274 3.8058 -1.5076 40 23 5
19.42 3.6504 -1.4824 44 24 15
19.363 3.6973 -1.5354 38 19 3
19.288 3.782 -1.4944 40 19 0
19.455 3.641 -1.5309 47 25 12
19.376 3.7702 -1.5059 41 17 13
19.319 3.8182 -1.4942 45 22 4
19.308 3.6959 -1.5189 42 20 5
19.304 3.7037 -1.4839 40 21 7
19.272 3.763 -1.4981 38 16 1
19.387 3.5566 -1.4843 42 21 2
19.392 3.5448 -1.5259 35 20 13
19.401 3.5851 -1.5016 42 18 14
19.435 3.5754 -1.5206 42 19 3
19.32 3.7236 -1.508 41 24 7
19.328 3.6603 -1.4825 37 18 14
19.338 3.6924 -1.4694 33 21 25
19.285 3.5342 -1.5552 17 7 0
19.278 3.4493 -1.4662 28 11 17
19.187 3.678 -1.484 40 16 4
19.145 3.6635 -1.4731 36 15 0
19.262 3.4811 -1.476 34 15 17
19.247 3.564 -1.4376 36 14 16
19.326 3.4601 -1.4786 24 15 8
19.263 3.5343 -1.4246 27 18 3
19.277 3.502 -1.5314 28 13 6
19.168 3.6647 -1.4829 32 14 2
19.218 3.5652 -1.5139 41 19 8
19.203 3.6461 -1.4771 33 17 4
19.163 3.4585 -1.5485 35 11 0
19.139 3.625 -1.4873 31 12 6
19.185 3.4828 -1.4227 32 18 7
19.183 3.5407 -1.3983 32 17 14
19.226 3.4436 -1.4841 34 16 6
19.3 3.3459 -1.5157 34 16 16
19.215 3.3013 -1.4766 37 13 9
19.134 3.4186 -1.4947 36 16 7
19.137 3.4204 -1.4096 33 8 14
19.123 3.4427 -1.5059 23 16 0
19.207 3.3799 -1.4415 43 20 12
19.232 3.3173 -1.5071 28 10 6
19.109 3.3 -1.5071 39 22 5
19.12 3.3999 -1.4414 36 16 7
19.156 3.3193 -1.4517 25 10 13
19.022 3.5212 -1.4102 40 19 0
19.064 3.3584 -1.4403 34 18 3
19.069 3.2792 -1.4757 39 16 0
19.059 3.3641 -1.4663 27 12 0
19.031 3.25 -1.4765 23 15 4
18.997 3.2781 -1.4559 34 22 0
19.03 3.1892 -1.4725 28 12 12
20.173 5.5169 -1.5438 33 14 0
20.183 5.5153 -1.5497 33 14 0
20.06 5.5209 -1.5033 28 20 7
20.233 5.4896 -1.602 42 22 21
20.197 5.5081 -1.5417 45 23 8
20.129 5.4593 -1.5329 45 25 16
20.227 5.4503 -1.6285 44 25 11
20.069 5.5003 -1.5204 46 27 21
20.159 5.4271 -1.5405 41 24 17
20.189 5.428 -1.5839 50 28 17
20.131 5.2946 -1.554 46 32 19
19.922 5.2513 -1.4944 57 33 19
20.042 5.1799 -1.5462 64 42 19
20.018 5.1651 -1.5431 66 39 28
19.981 5.2053 -1.5271 60 35 31
19.946 5.1945 -1.513 57 32 25
20.047 5.0775 -1.5816 66 40 23
20.033 5.1367 -1.5699 61 40 23
19.952 5.0422 -1.5558 61 52 37
19.92 5.0615 -1.5589 64 39 34
19.901 5.0744 -1.566 63 42 23
19.832 5.0324 -1.5532 70 48 35
19.905 5.0322 -1.5092 66 42 28
19.846 5.0733 -1.5347 63 39 27
19.876 5.0372 -1.5744 71 49 34
19.915 4.9532 -1.5573 54 39 18
19.913 4.9492 -1.5366 67 42 35
19.853 4.9631 -1.5525 62 39 21
19.928 4.9159 -1.5644 57 37 26
19.849 4.9594 -1.5203 51 36 17
19.809 4.9646 -1.5534 61 38 20
19.874 4.992 -1.4867 63 40 24
19.81 5.0183 -1.5525 67 45 30
19.784 5.0016 -1.5197 63 44 30
19.816 4.9559 -1.5382 49 37 23
19.909 4.9665 -1.6034 64 41 25
19.834 4.9215 -1.568 62 40 25
19.825 4.9464 -1.5211 62 40 27
19.742 4.9494 -1.5331 63 40 22
19.764 4.9327 -1.5263 63 36 27
19.766 4.9618 -1.5362 71 51 44
19.877 4.8623 -1.568 58 40 20
19.828 4.8837 -1.5018 56 34 19
19.816 4.8999 -1.5396 57 35 24
19.832 4.9173 -1.5417 57 38 24
19.819 4.8619 -1.5101 58 37 20
19.921 4.8109 -1.621 58 38 29
19.764 4.8455 -1.5198 56 33 25
19.827 4.8035 -1.5481 58 34 20
19.745 4.8612 -1.5298 60 41 25
19.848 4.8191 -1.5504 57 37 28
19.74 4.8947 -1.5327 60 39 20
19.796 4.8586 -1.5574 59 36 28
19.793 4.8865 -1.5428 56 39 21
19.829 4.8023 -1.5499 58 34 20
19.78 4.8624 -1.5212 60 38 27
19.849 4.7627 -1.5822 56 36 12
19.758 4.8221 -1.531 55 36 20
19.733 4.8422 -1.5321 61 37 27
19.715 4.7628 -1.5198 55 35 24
19.709 4.7435 -1.5503 54 33 12
19.811 4.6947 -1.5752 42 29 11
19.713 4.736 -1.5321 45 33 11
19.67 4.7743 -1.5415 58 31 24
19.665 4.7411 -1.5034 44 30 19
19.65 4.8099 -1.4838 51 35 12
19.763 4.693 -1.5214 53 31 7
19.753 4.7045 -1.5406 54 32 21
19.613 4.7852 -1.5063 54 32 19
19.667 4.7438 -1.5321 58 32 15
19.653 4.6887 -1.5021 47 28 21
19.734 4.6886 -1.5426 53 33 22
19.596 4.7383 -1.4978 55 30 23
19.681 4.6635 -1.5026 54 34 9
19.629 4.7468 -1.538 53 31 20
19.648 4.6959 -1.5255 56 34 13
19.738 4.6516 -1.537 53 33 6
19.658 4.7179 -1.5123 51 35 22
19.669 4.7144 -1.5507 56 34 19
19.706 4.7036 -1.4925 53 34 20
19.653 4.7256 -1.5357 56 34 19
19.614 4.6973 -1.5307 54 32 21
19.722 4.5725 -1.5713 43 24 18
19.649 4.6627 -1.5123 48 35 26
19.666 4.6118 -1.4949 53 31 10
19.713 4.6099 -1.546 53 31 20
19.654 4.6628 -1.5453 52 32 25
19.579 4.5696 -1.5318 51 29 5
19.562 4.6132 -1.4996 55 34 17
19.634 4.5847 -1.5516 53 31 20
19.644 4.5414 -1.5518 52 30 15
19.572 4.6094 -1.5337 51 30 11
19.629 4.5844 -1.5215 53 28 23
19.599 4.5481 -1.5259 54 34 23
19.52 4.6234 -1.4982 56 31 26
19.667 4.55 -1.5284 45 28 8
19.605 4.5078 -1.5218 54 31 13
19.56 4.5511 -1.5037 54 34 23
19.529 4.5163 -1.5122 62 38 28
19.534 4.5773 -1.5066 55 32 26
19.527 4.546 -1.4652 54 35 19
19.558 4.4865 -1.5139 62 40 25
19.546 4.5362 -1.535 54 35 19
19.552 4.5267 -1.5166 55 33 22
19.533 4.5514 -1.5514 54 37 27
19.542 4.5745 -1.5407 46 29 19
19.636 4.4437 -1.5449 54 32 11
19.534 4.5163 -1.5361 83 61 40
19.508 4.5048 -1.5075 82 60 36
19.497 4.5117 -1.4712 62 39 23
19.482 4.4695 -1.5391 65 44 23
19.527 4.4517 -1.516 64 42 27
19.577 4.4656 -1.5042 58 35 19
19.477 4.5028 -1.4924 120 91 51
19.534 4.3368 -1.5254 50 30 21
19.417 4.4653 -1.4555 50 33 7
19.44 4.4112 -1.5281 60 38 25
19.501 4.3745 -1.5207 53 33 22
19.549 4.389 -1.5066 58 34 22
19.544 4.3609 -1.517 54 34 9
19.515 4.3938 -1.5156 56 39 29
19.358 4.4027 -1.4916 51 25 24
19.468 4.339 -1.4948 51 29 14
19.54 4.2919 -1.5244 50 29 2
19.365 4.4266 -1.4827 52 34 12
19.416 4.4017 -1.4922 54 35 21
19.516 4.3208 -1.5265 52 30 15
19.4 4.4214 -1.5024 58 37 20
19.496 4.3046 -1.4986 49 30 14
19.478 4.2897 -1.4971 48 26 11
19.462 4.3854 -1.5225 53 33 24
19.455 4.3897 -1.4891 52 32 23
19.41 4.2644 -1.5082 54 29 24
19.408 4.3022 -1.4878 55 31 17
19.426 4.248 -1.5533 49 27 14
19.475 4.2571 -1.5134 46 26 15
19.388 4.2898 -1.4541 44 27 19
19.448 4.2529 -1.5028 44 25 18
19.378 4.2312 -1.5123 47 26 9
19.428 4.2035 -1.5211 49 24 20
19.381 4.2245 -1.458 41 30 11
19.378 4.2676 -1.4933 43 24 17
19.36 4.2166 -1.5134 45 23 8
19.38 4.2672 -1.5215 54 27 20
19.31 4.2847 -1.4797 46 23 15
19.361 4.2553 -1.5191 48 23 16
19.327 4.3003 -1.506 49 24 17
19.38 4.227 -1.4885 48 24 20
19.397 4.1263 -1.4862 49 23 8
19.321 4.1956 -1.5049 46 24 11
19.404 4.1587 -1.5336 42 18 4
19.396 4.129 -1.5165 44 20 10
19.289 4.2393 -1.4977 39 24 19
19.305 4.2557 -1.4924 40 24 7
19.407 4.0723 -1.522 47 22 0
19.305 4.1768 -1.4825 47 20 13
19.35 4.1918 -1.4898 47 23 11
19.331 4.2188 -1.497 48 25 19
19.344 4.16 -1.4797 43 21 21
19.337 4.1708 -1.4991 44 20 10
19.313 4.1688 -1.5152 41 25 0
19.402 4.1587 -1.504 45 23 8
19.339 4.0891 -1.4827 37 18 12
19.33 4.1417 -1.4817 45 23 12
19.301 4.1456 -1.4955 50 23 16
19.359 4.06 -1.5378 45 23 10
19.338 4.0494 -1.4738 42 24 2
19.351 4.1099 -1.4796 50 20 18
19.325 4.0686 -1.488 38 20 10
19.269 4.1908 -1.4866 32 17 10
19.355 3.9806 -1.5196 43 22 1
19.314 4.0455 -1.493 40 22 12
19.292 4.0368 -1.4919 44 20 20
19.283 4.0506 -1.5126 27 23 14
19.313 4.004 -1.4885 41 17 13
19.284 4.0084 -1.5009 41 13 10
19.297 3.9007 -1.5323 30 16 16
19.273 3.9835 -1.4812 44 21 3
19.207 4.0494 -1.5054 32 12 11
19.317 3.8674 -1.5291 45 23 2
19.329 3.9364 -1.5283 42 24 4
19.22 4.0706 -1.4953 38 22 7
19.264 3.91 -1.4878 38 19 13
19.199 3.9783 -1.5084 38 19 5
19.289 3.7767 -1.5623 39 22 15
19.281 3.8367 -1.5294 30 17 0
19.157 3.9206 -1.4961 40 18 7
19.135 3.9163 -1.5147 30 14 17
19.144 3.9442 -1.5054 29 14 17
19.131 3.8783 -1.5047 36 12 12
19.134 3.8736 -1.4816 35 17 3
19.232 3.8338 -1.5078 40 18 18
19.129 3.928 -1.479 42 20 9
19.285 3.7346 -1.6111 31 9 9
19.113 3.8189 -1.5025 29 6 0
19.201 3.7473 -1.5112 37 14 6
19.162 3.8207 -1.4917 36 11 15
19.094 3.9045 -1.4784 38 18 9
19.13 3.8352 -1.4991 34 16 4
19.174 3.7494 -1.529 32 13 15
19.122 3.6576 -1.4971 35 17 3
19.103 3.5936 -1.4942 36 16 17
19.085 3.6333 -1.4953 23 14 9
19.117 3.6166 -1.511 35 17 3
18.982 3.7048 -1.4829 29 13 13
19.081 3.5892 -1.4871 30 13 6
19.018 3.676 -1.5046 36 17 3
18.987 3.5349 -1.4821 32 20 4
18.959 3.6542 -1.4948 27 11 12
18.949 3.6286 -1.4755 35 7 21
18.984 3.5951 -1.4813 36 18 18
18.971 3.5744 -1.4838 27 9 9
18.978 3.6082 -1.4971 29 19 7
18.96 3.5429 -1.4935 34 23 3
18.948 3.517 -1.5003 29 22 2
18.904 3.5675 -1.4939 36 18 14
18.922 3.529 -1.4632 39 9 9
18.895 3.5368 -1.5008 29 12 18
18.955 3.5629 -1.4549 29 6 14
18.958 3.4958 -1.4834 35 17 5
18.945 3.4591 -1.5282 25 18 8
18.872 3.485 -1.4666 32 15 7
18.886 3.5094 -1.4579 23 12 10
18.88 3.4489 -1.5149 27 17 8
18.902 3.5233 -1.4794 25 19 7
18.905 3.4455 -1.5204 39 20 24
