2867
-0.019862 0.49671 -0.018742 0.86749 6.3942 -1.4346 -0.36916
9.1476 0.15142 -0.43138 82 63 33
9.2215 0.15436 -0.41208 82 61 42
9.2654 0.16774 -0.38637 83 63 38
9.2849 0.14984 -0.39278 84 63 34
9.2919 0.1653 -0.42013 86 63 29
9.2181 0.18079 -0.40729 84 64 39
9.2286 0.17528 -0.37896 85 65 40
9.1969 0.15179 -0.43829 81 62 32
9.2936 0.15466 -0.3929 84 63 34
9.3839 0.157 -0.43773 84 62 39
9.3574 0.13108 -0.40835 84 63 36
9.3208 0.15216 -0.42719 83 61 40
9.4119 0.1482 -0.37976 82 63 31
9.3842 0.12741 -0.4435 79 61 37
9.4793 0.16515 -0.41529 81 63 41
9.4422 0.13408 -0.38704 84 64 30
9.5263 0.12789 -0.43215 82 62 35
9.5471 0.12616 -0.40187 84 65 35
9.4468 0.11816 -0.42336 82 60 39
9.572 0.12644 -0.37173 82 64 28
9.483 0.12465 -0.39337 85 61 33
9.5382 0.078906 -0.37977 82 62 28
9.662 0.13144 -0.4498 81 60 39
9.7139 0.11123 -0.42624 86 61 38
9.6119 0.12678 -0.41043 86 62 36
9.6406 0.08917 -0.45674 77 59 37
9.6626 0.075053 -0.39526 83 62 35
9.6621 0.11912 -0.41819 83 64 34
9.538 0.10268 -0.43939 82 62 38
9.6606 0.10615 -0.38747 79 59 32
9.8446 0.10448 -0.44236 84 64 37
9.9178 0.11176 -0.38045 82 60 36
9.7302 0.086047 -0.43353 84 62 38
9.8411 0.069287 -0.45266 82 62 35
9.9089 0.08622 -0.42101 84 63 36
9.7703 0.05886 -0.4103 83 63 36
9.7786 0.095694 -0.40265 86 63 30
9.8084 0.096722 -0.37133 80 61 29
9.9415 0.030923 -0.43664 81 61 36
10.048 0.09804 -0.39711 83 62 33
9.9038 0.0026823 -0.40223 79 59 35
9.8738 0.036848 -0.42759 82 60 39
9.8884 0.055729 -0.46109 83 63 36
9.8872 0.064041 -0.3871 81 63 25
10.085 0.0052432 -0.42155 88 67 36
10.32 0.084037 -0.38957 64 49 16
10.124 -0.0027374 -0.46583 74 51 33
10.09 0.043261 -0.41286 81 60 29
9.9621 -0.077672 -0.42756 18 0 0
9.9927 0.016886 -0.44453 84 63 36
10.183 0.057381 -0.45863 90 66 38
10.421 0.1625 -0.38239 91 66 34
9.1404 0.17644 -0.56978 80 63 35
9.1829 0.18325 -0.45798 81 63 27
9.1806 0.19345 -0.48544 82 60 36
9.2579 0.16415 -0.53635 81 59 38
9.2768 0.18016 -0.47476 82 62 37
9.2452 0.17397 -0.50101 80 62 40
9.2533 0.17858 -0.50156 80 62 40
9.1969 0.1748 -0.49285 83 63 38
9.1468 0.15726 -0.51723 80 58 35
9.265 0.17998 -0.56543 79 60 28
9.1996 0.15973 -0.5271 81 61 34
9.2708 0.14798 -0.48135 83 62 33
9.1995 0.1545 -0.58795 80 60 36
9.183 0.18986 -0.54572 80 60 35
9.1815 0.15451 -0.46539 82 61 34
9.1728 0.1674 -0.57901 79 61 41
9.4314 0.15797 -0.53901 81 60 41
9.3272 0.14415 -0.55474 79 60 30
9.3346 0.16577 -0.51972 79 61 39
9.3209 0.15252 -0.58233 78 61 33
9.2428 0.15034 -0.59788 81 59 38
9.399 0.14701 -0.47221 80 63 35
9.2953 0.15591 -0.54476 80 58 35
9.2387 0.11878 -0.45301 77 60 34
9.3851 0.16949 -0.46591 81 62 32
9.2776 0.15804 -0.57308 78 59 25
9.3662 0.1353 -0.56266 80 60 36
9.3749 0.15792 -0.52824 79 61 37
9.3135 0.11916 -0.58881 79 59 35
9.3512 0.13344 -0.49886 82 62 35
9.2479 0.12439 -0.60534 78 58 33
9.5987 0.14484 -0.47113 81 61 36
9.4582 0.13587 -0.45243 85 60 38
9.4009 0.1236 -0.57192 79 59 35
9.4675 0.1341 -0.51778 80 60 35
9.5465 0.16234 -0.49163 80 61 29
9.4551 0.12141 -0.58451 81 60 31
9.5196 0.1419 -0.55703 80 60 35
9.4475 0.13584 -0.5458 81 62 32
9.4138 0.13679 -0.50972 79 62 34
9.3994 0.13496 -0.60249 78 58 34
9.5352 0.1375 -0.52745 80 60 35
9.4518 0.1316 -0.6123 76 59 31
9.5565 0.15396 -0.62913 77 59 35
9.505 0.1157 -0.59431 79 58 41
9.4482 0.14268 -0.48153 80 60 36
9.6426 0.11474 -0.51878 82 62 35
9.5908 0.10222 -0.54843 81 64 38
9.6522 0.11171 -0.58724 79 59 34
9.6509 0.073991 -0.49358 80 63 37
9.6514 0.13881 -0.48135 81 61 37
9.5732 0.11796 -0.60541 79 59 34
9.6416 0.089602 -0.45632 77 59 37
9.5577 0.11747 -0.53681 80 60 33
9.6132 0.10567 -0.61748 77 59 39
9.5408 0.12134 -0.56614 80 60 35
9.606 0.077465 -0.55413 82 62 27
9.6792 0.11969 -0.48783 81 61 34
9.6304 0.076777 -0.52488 85 60 40
9.5979 0.12501 -0.50884 82 62 35
9.6019 0.11977 -0.57773 80 55 33
9.7088 0.080541 -0.53407 81 61 36
9.7203 0.098664 -0.56934 83 60 42
9.771 0.084048 -0.4739 82 61 40
9.7054 0.10448 -0.60256 80 60 33
9.8367 0.092494 -0.51543 82 61 32
9.8036 0.065463 -0.48729 82 63 33
9.7222 0.091644 -0.64087 80 59 40
9.7312 0.070509 -0.57665 82 63 33
9.6669 0.098835 -0.62922 79 59 32
9.8418 0.073807 -0.55998 83 64 34
9.7896 0.06349 -0.58979 80 60 33
9.8615 0.10825 -0.62654 80 62 24
9.7933 0.085828 -0.5466 83 61 37
9.797 0.1084 -0.50647 81 61 37
9.7261 0.080812 -0.60882 81 59 35
9.7856 0.08689 -0.65258 76 58 36
10.012 0.063798 -0.54874 84 60 34
9.9539 0.04885 -0.4702 81 61 34
9.963 0.034024 -0.62301 77 58 28
9.8964 0.063206 -0.57151 81 62 32
9.9865 0.092719 -0.65218 78 60 36
9.9392 0.10341 -0.52911 82 62 35
9.9675 0.071433 -0.61646 78 60 36
9.9861 0.092575 -0.65251 78 60 36
9.8753 0.06287 -0.49509 82 61 30
9.9939 0.043251 -0.51362 80 59 32
9.9948 0.060403 -0.66057 80 59 32
9.8934 0.036269 -0.5031 82 60 36
9.8778 0.067846 -0.60085 83 61 38
9.9664 0.05787 -0.58156 83 63 39
9.8842 0.08348 -0.63466 80 59 32
9.9075 0.042234 -0.50351 82 60 36
9.9063 0.05447 -0.53668 85 64 37
10.156 0.01272 -0.58373 87 64 33
10.11 0.044601 -0.60652 82 61 34
10.124 0.01048 -0.50098 88 64 36
9.9259 0.0058267 -0.5862 80 59 40
10.068 0.054441 -0.6738 80 60 33
10.023 -0.051815 -0.53983 81 62 32
10.077 0.041359 -0.52474 80 60 35
10.191 0.0636 -0.57712 87 65 44
10.099 0.0138 -0.53589 87 63 35
10.065 0.0032065 -0.6466 84 62 39
9.9856 -0.063378 -0.65119 83 63 36
10.036 0.011801 -0.49113 87 67 42
10.074 0.043731 -0.64113 82 60 36
10.05 0.043149 -0.55715 83 63 39
10.015 -0.029234 -0.60768 88 64 38
10.223 -0.023807 -0.64031 83 63 36
10.229 -0.034864 -0.60352 84 62 38
10.323 -0.014437 -0.56801 82 62 35
10.353 -0.014903 -0.65838 80 60 35
10.177 -0.030036 -0.55671 83 62 35
10.228 -0.046573 -0.68547 81 62 30
10.252 -0.078058 -0.5745 81 61 34
10.315 0.035414 -0.60173 82 61 34
10.383 -0.017959 -0.62006 82 62 35
10.138 -0.041888 -0.67084 82 62 28
10.117 -0.050141 -0.66854 82 62 28
10.225 -0.099075 -0.65802 80 60 33
10.417 -0.058925 -0.59787 83 62 35
10.353 -0.094725 -0.55378 80 60 33
10.284 -0.064907 -0.69899 81 59 36
10.402 -0.050633 -0.63238 81 61 34
9.0482 0.15184 -0.70402 78 57 40
9.1186 0.18228 -0.68412 80 56 30
9.1933 0.16269 -0.6158 81 60 41
9.1303 0.1566 -0.75452 78 59 27
9.1388 0.16629 -0.69357 80 63 35
9.2102 0.16253 -0.74463 76 59 33
9.1256 0.17024 -0.71961 78 56 33
9.1504 0.14971 -0.64 80 57 26
9.1536 0.17967 -0.6336 79 58 37
9.1202 0.17144 -0.6563 78 56 35
9.2168 0.18294 -0.70839 78 58 33
9.1661 0.17041 -0.66848 77 56 39
9.1569 0.16983 -0.6057 78 60 36
9.2054 0.1646 -0.67921 78 59 25
9.1132 0.17458 -0.74531 77 56 35
9.2221 0.15048 -0.62438 82 60 36
9.156 0.15968 -0.72903 78 58 34
9.2348 0.18842 -0.7756 79 57 36
9.2121 0.15654 -0.65129 76 59 31
9.3131 0.14273 -0.64662 79 58 39
9.3333 0.14802 -0.71435 78 58 31
9.2825 0.15525 -0.63644 82 60 37
9.2721 0.1561 -0.72909 79 59 35
9.3546 0.15329 -0.62257 82 61 34
9.3198 0.15841 -0.67668 79 59 34
9.3261 0.13211 -0.68397 80 58 34
9.3178 0.16395 -0.77245 79 59 34
9.3298 0.15831 -0.744 77 60 34
9.2431 0.15194 -0.75453 75 59 33
9.2342 0.15203 -0.68861 78 58 34
9.2256 0.15921 -0.71699 79 58 41
9.4053 0.12581 -0.73662 78 60 36
9.39 0.13615 -0.69828 78 56 32
9.4228 0.14121 -0.67204 79 59 32
9.3768 0.12319 -0.76366 79 59 32
9.4347 0.10443 -0.64853 79 62 36
9.4246 0.12369 -0.70901 76 58 34
9.4682 0.11511 -0.72066 79 58 31
9.3614 0.12692 -0.6286 80 59 32
9.4455 0.1407 -0.64311 80 58 37
9.3237 0.13725 -0.78006 79 59 34
9.3615 0.1453 -0.75459 81 59 36
9.411 0.15349 -0.79901 77 59 37
9.3166 0.10935 -0.7196 77 56 37
9.4521 0.11906 -0.74867 79 59 32
9.4369 0.12379 -0.77891 78 57 36
9.3763 0.14693 -0.66 80 60 35
9.6414 0.099237 -0.65835 81 60 33
9.5648 0.093161 -0.81949 79 57 34
9.5378 0.10647 -0.70772 78 62 29
9.5491 0.10502 -0.77793 79 59 35
9.6109 0.09729 -0.68781 82 61 34
9.5278 0.10809 -0.63433 81 61 37
9.5066 0.064829 -0.81028 79 57 34
9.4609 0.10492 -0.78896 76 58 36
9.5265 0.12545 -0.76604 82 60 36
9.537 0.093584 -0.6746 79 59 34
9.6083 0.10147 -0.79246 76 58 36
9.59 0.11253 -0.75173 79 59 35
9.5316 0.11555 -0.73535 78 59 27
9.6196 0.12125 -0.6497 80 60 26
9.5393 0.1127 -0.80823 78 58 33
9.5311 0.12215 -0.66588 80 60 36
9.6197 0.11419 -0.72178 80 59 38
9.5088 0.12337 -0.69497 80 58 37
9.6658 0.095844 -0.80674 78 60 40
9.7808 0.11063 -0.72012 80 60 36
9.7125 0.071408 -0.78725 80 56 28
9.762 0.081033 -0.75916 80 60 33
9.6617 0.10148 -0.733 79 59 34
9.6186 0.093657 -0.76063 79 60 28
9.7212 0.050009 -0.72231 80 60 35
9.6773 0.083384 -0.66871 82 60 39
9.6866 0.079978 -0.7426 78 61 33
9.6773 0.088555 -0.77568 78 58 34
9.6961 0.059205 -0.67905 79 61 37
9.6341 0.10109 -0.7628 79 60 28
9.7511 0.10203 -0.82639 79 59 32
9.6345 0.075898 -0.6964 81 61 36
9.8813 0.060759 -0.6788 77 60 32
9.8349 0.07104 -0.85453 79 59 32
9.9095 0.041672 -0.80089 77 59 35
9.8488 0.029101 -0.82914 81 61 34
9.8768 0.049959 -0.75496 81 59 35
9.9043 0.048704 -0.72366 80 60 33
9.8132 0.078396 -0.69917 81 60 31
9.8385 0.046402 -0.78459 79 58 37
9.9135 0.039447 -0.68903 82 62 37
9.82 0.07303 -0.77592 81 63 27
9.8314 0.0735 -0.66637 78 60 22
9.8597 0.068768 -0.82279 81 60 33
9.8598 0.046854 -0.86555 80 58 34
9.8216 0.047797 -0.70698 83 62 35
9.8821 0.087285 -0.74823 79 59 34
9.7947 0.074757 -0.80654 77 60 34
9.7167 0.052739 -0.83057 80 58 34
10.058 0.027457 -0.7208 84 63 36
9.9787 0.02167 -0.78251 77 60 34
10.098 0.023214 -0.89057 81 61 36
10.022 0.016397 -0.83399 80 58 34
10.115 0.026167 -0.7688 83 62 35
10.133 0.047428 -0.8096 83 62 35
9.9758 0.056361 -0.77353 79 57 33
10.077 0.048378 -0.75658 80 60 35
9.9882 0.038788 -0.81919 76 59 29
10.128 0.041525 -0.68826 82 62 38
9.9418 0.03295 -0.85011 79 58 37
10.094 0.0047142 -0.73208 86 62 36
10.036 0.035653 -0.87261 79 58 37
10.043 -0.011877 -0.84488 80 60 36
10.195 0.030736 -0.7045 84 63 36
10.011 -0.063767 -0.73114 82 61 30
10.033 -0.068575 -0.69673 82 60 37
10.108 -0.037303 -0.82342 78 58 31
10.231 -0.05691 -0.76952 83 62 33
10.014 -0.060125 -0.84805 80 59 30
10.122 -0.0050519 -0.90098 83 61 37
10.135 -0.0032283 -0.78098 83 62 33
10.222 -0.046265 -0.80838 81 59 35
10.249 -0.025447 -0.72419 83 59 31
10.268 0.0090941 -0.80442 81 62 32
10.198 -0.027874 -0.88247 79 63 28
10.126 0.0070361 -0.81719 84 61 30
10.189 -0.044885 -0.84126 79 59 25
10.309 -0.039957 -0.86646 79 60 26
10.34 -0.056752 -0.79279 81 62 32
10.3 -0.084155 -0.75452 84 61 30
10.234 -0.053226 -0.89549 80 60 36
10.327 -0.047448 -0.82872 77 60 34
10.291 -0.072169 -0.9134 79 60 28
10.325 -0.036626 -0.74043 82 62 37
9.0349 0.15096 -0.78868 76 58 36
9.0475 0.18208 -0.84637 78 59 29
9.032 0.16082 -0.81581 76 60 37
9.0957 0.14346 -0.83977 74 56 34
9.0734 0.12598 -0.89929 75 57 35
9.1438 0.15512 -0.88386 75 55 28
9.1216 0.18271 -0.9026 73 55 33
9.0758 0.16409 -0.76851 78 56 32
9.0174 0.15966 -0.90321 77 57 30
9.102 0.17536 -0.83484 76 56 31
9.1217 0.147 -0.81645 78 59 27
9.1136 0.15401 -0.8432 74 56 34
9.0504 0.16802 -0.88202 76 53 35
9.1216 0.1993 -0.86805 77 56 37
9.1133 0.1702 -0.8082 79 60 30
9.0905 0.15226 -0.8675 80 56 30
9.1532 0.15349 -0.79315 78 59 27
9.1471 0.14525 -0.85616 75 57 33
9.2701 0.15674 -0.89214 81 56 33
9.2547 0.14117 -0.79249 77 57 33
9.206 0.14494 -0.939 78 58 34
9.2649 0.13616 -0.9276 75 58 32
9.2163 0.17302 -0.83895 79 56 38
9.2932 0.15712 -0.86498 80 59 38
9.261 0.16396 -0.92117 78 57 26
9.1687 0.129 -0.86704 75 54 33
9.1947 0.15563 -0.90022 75 57 33
9.2599 0.16831 -0.85247 77 57 32
9.3437 0.16022 -0.81263 78 59 25
9.2036 0.15365 -0.8072 78 58 31
9.2662 0.15966 -0.82371 77 55 34
9.2913 0.14414 -0.83647 77 56 37
9.2319 0.15773 -0.78262 77 56 25
9.1715 0.15439 -0.9251 75 57 33
9.201 0.17149 -0.9316 75 57 33
9.4503 0.13693 -0.88252 78 58 34
9.3274 0.13356 -0.8477 77 57 32
9.3948 0.12655 -0.83424 78 59 25
9.386 0.13431 -0.86418 78 58 33
9.3827 0.11433 -0.90258 77 56 35
9.4071 0.15815 -0.90045 76 59 33
9.4091 0.12156 -0.80494 78 57 36
9.3353 0.13215 -0.91789 73 56 28
9.3279 0.11017 -0.95474 75 57 33
9.2621 0.12235 -0.8961 78 59 25
9.3819 0.12609 -0.9328 76 56 29
9.3096 0.13622 -0.87545 79 57 34
9.35 0.13338 -0.82044 80 58 21
9.2526 0.099755 -0.93213 78 58 34
9.2919 0.12108 -0.94058 76 56 32
9.4162 0.13766 -0.83715 78 59 25
9.3233 0.10759 -0.95304 75 57 33
9.4592 0.11026 -0.89262 81 59 35
9.4773 0.10668 -0.86206 79 59 35
9.4568 0.089897 -0.93024 75 57 33
9.5132 0.10552 -0.90805 80 58 34
9.424 0.12957 -0.98068 76 58 34
9.4664 0.10721 -0.96427 76 56 22
9.3918 0.10058 -0.94317 79 59 24
9.5798 0.11864 -0.96002 74 54 27
9.4661 0.15153 -0.98991 76 58 34
9.4772 0.094403 -0.83157 79 58 31
9.447 0.11651 -0.9222 73 56 30
9.4546 0.11388 -0.99478 78 57 36
9.5215 0.084638 -0.84557 78 59 27
9.5394 0.10589 -0.88016 76 58 36
9.4904 0.14493 -0.85673 81 58 25
9.4627 0.11827 -0.82082 79 58 37
9.5598 0.12189 -0.9911 76 55 28
9.6929 0.093281 -0.96241 77 57 33
9.6831 0.10188 -0.99601 80 58 37
9.6791 0.11512 -0.84282 78 61 35
9.6899 0.11277 -0.92073 80 59 30
9.5558 0.081598 -0.89002 78 58 34
9.6615 0.086325 -0.88116 78 58 34
9.5785 0.098155 -1.0015 76 56 29
9.5575 0.095068 -0.92315 78 57 36
9.7168 0.065587 -0.86446 78 58 33
9.6933 0.067863 -0.896 78 57 28
9.6714 0.075475 -1.0355 78 57 36
9.5873 0.089568 -0.96934 77 58 28
9.5434 0.06314 -0.8555 79 58 31
9.6192 0.092134 -0.94247 79 57 34
9.6469 0.066716 -0.84522 78 58 34
9.629 0.089396 -1.0204 78 57 36
9.6786 0.073788 -0.92599 78 58 31
9.6809 0.067094 -1.0037 78 56 33
9.5492 0.07848 -0.88925 78 58 34
9.7725 0.035267 -0.92424 79 59 35
9.7541 0.066236 -1.0264 76 55 34
9.9147 0.083762 -0.90914 79 59 34
9.7284 0.07582 -0.9778 79 58 41
9.8143 0.044736 -1.0092 77 57 30
9.7779 0.085063 -0.95069 79 58 29
9.7826 0.065805 -0.99596 78 58 33
9.8185 0.059885 -1.0466 76 60 27
9.8267 0.072028 -0.96721 80 61 29
9.8896 0.050842 -0.95116 80 58 35
9.7331 0.039118 -0.87485 79 59 25
9.9049 0.070669 -0.98925 80 61 29
9.7557 0.062046 -0.91233 79 57 34
10.073 0.044221 -1.086 79 57 34
10.089 0.036834 -1.0489 77 54 38
9.9239 0.029426 -0.96448 80 55 33
10.144 0.055162 -0.93459 79 58 31
10.027 0.035719 -0.99195 76 54 31
10.027 0.081964 -0.89834 79 57 34
9.9787 0.0023942 -0.94522 78 56 35
9.9648 0.019746 -0.89808 78 57 26
9.9876 0.022899 -1.1046 78 58 34
9.9536 0.064505 -0.92364 78 57 26
9.986 0.03253 -1.0237 80 58 34
9.8845 0.026341 -0.99512 79 57 34
9.9808 0.057349 -1.0965 79 58 27
10.025 0.076112 -1.1061 79 58 27
10.019 0.059573 -1.066 80 56 30
9.9016 0.046726 -1.0338 78 60 22
9.8987 0.05903 -1.0708 77 55 31
9.9584 0.030459 -0.93358 76 55 26
10.177 -0.033016 -1.0043 79 58 37
10.197 -0.014827 -0.91919 81 59 38
10.167 0.02579 -0.94456 81 60 31
10.102 -0.020465 -1.1082 78 57 36
10.064 -0.024207 -1.0149 81 61 36
10.156 -0.052233 -1.0876 77 57 33
10.123 0.022699 -0.97776 81 60 29
10.111 -0.044469 -1.0309 79 58 31
9.9849 -0.081222 -0.92701 82 58 30
10.136 -0.010066 -0.98905 82 61 30
10.156 -0.054603 -0.96243 79 58 37
9.927 -0.10062 -1.0353 80 58 34
10.25 -0.033777 -0.93726 81 59 35
10.15 0.022474 -1.0679 80 59 30
10.204 -0.020506 -1.1366 77 56 27
10.032 0.00041086 -0.99948 80 58 35
10.153 0.038071 -1.1099 78 56 32
10.299 -0.067547 -1.0416 77 57 32
10.246 -0.060536 -0.98517 79 59 35
10.295 -0.056707 -0.95347 79 58 29
10.237 -0.075354 -1.0731 78 59 29
10.15 -0.068027 -1.0476 79 59 35
10.243 -0.047929 -1.0246 80 59 30
10.263 -0.093991 -0.9951 77 57 33
10.218 -0.054485 -1.1509 76 56 32
9.0263 0.17713 -0.93428 73 53 18
9.0423 0.19893 -0.9663 71 54 28
9.0089 0.18655 -1.0522 76 53 22
9.0902 0.1675 -1.0563 73 56 28
9.0819 0.17472 -1.0842 74 52 31
9.0285 0.17453 -0.9984 73 57 22
9.1079 0.18248 -0.99515 78 54 26
9.1242 0.17547 -1.0344 76 59 33
8.9931 0.16472 -1.0189 74 58 33
9.1026 0.16718 -0.96437 75 54 27
9.0916 0.14856 -0.93222 78 58 34
9.0511 0.16424 -0.94521 76 51 28
9.039 0.17707 -1.0662 72 51 20
9.0964 0.17974 -0.9268 78 58 31
9.1492 0.17804 -1.0106 75 54 25
9.0366 0.15138 -1.0062 74 57 31
9.0233 0.15932 -0.96819 75 54 37
9.0355 0.16298 -1.0367 76 55 34
9.1394 0.16011 -0.97833 74 53 26
9.2167 0.14615 -1.0097 73 54 24
9.1981 0.14797 -1.0366 72 54 30
9.2069 0.16536 -1.0697 76 58 34
9.219 0.15465 -1.1098 75 54 37
9.1119 0.13953 -1.0383 76 58 34
9.121 0.15708 -1.0712 73 55 33
9.2007 0.15437 -0.96941 76 54 33
9.2341 0.1982 -1.0378 78 57 28
9.2889 0.1618 -0.9636 75 57 33
9.2018 0.1327 -1.0746 74 57 31
9.2999 0.18058 -0.99819 75 57 33
9.2104 0.17219 -1.0017 77 55 18
9.1514 0.14586 -1.0866 73 57 32
9.1877 0.17608 -0.95936 75 54 35
9.0897 0.15081 -1.0933 74 54 29
9.2033 0.13351 -1.0748 74 57 31
9.3346 0.12602 -0.98726 78 57 36
9.3117 0.14536 -1.1483 74 51 33
9.3312 0.11831 -1.0567 78 53 30
9.242 0.11821 -0.99086 74 56 32
9.3458 0.13889 -1.0937 76 59 31
9.3241 0.14532 -1.0487 76 55 34
9.277 0.13211 -1.0691 76 59 33
9.3049 0.16003 -1.1082 74 57 31
9.272 0.15414 -1.1306 73 56 30
9.2755 0.14915 -1.0304 75 56 13
9.3212 0.13821 -1.1198 76 58 36
9.3552 0.12537 -1.1357 74 57 31
9.319 0.099477 -1.022 78 56 32
9.3939 0.12651 -1.0071 77 60 32
9.3284 0.12332 -1.1594 74 53 24
9.3487 0.16436 -0.98376 77 57 33
9.3429 0.14301 -1.0214 76 54 31
9.2865 0.16786 -1.0654 75 57 35
9.4176 0.12029 -1.0531 72 55 27
9.5369 0.11648 -1.0951 75 55 20
9.4448 0.12803 -1.1333 77 56 35
9.4635 0.11206 -1.0709 76 54 30
9.4688 0.1019 -1.0381 77 57 30
9.4482 0.11711 -1.1014 76 54 30
9.5447 0.12741 -1.0227 77 55 31
9.4656 0.13877 -1.1388 77 57 32
9.4639 0.09292 -1.1119 75 55 30
9.4667 0.13276 -1.0304 78 60 24
9.3849 0.10962 -1.1506 74 56 34
9.4498 0.098491 -1.1418 76 58 36
9.4784 0.12582 -1.1832 74 53 32
9.4121 0.12995 -1.0838 76 54 31
9.3919 0.13219 -1.1127 77 55 31
9.62 0.11101 -1.0871 76 55 34
9.5253 0.07795 -1.0991 77 54 21
9.5595 0.10186 -1.032 76 59 29
9.4795 0.093845 -1.1905 73 55 35
9.6978 0.10099 -1.077 78 59 27
9.5746 0.081705 -1.1534 79 56 38
9.7087 0.11957 -1.1163 75 53 29
9.6263 0.07305 -1.176 77 57 33
9.6459 0.10293 -1.1365 77 54 21
9.5969 0.1202 -1.0406 76 59 29
9.6133 0.11359 -1.1995 76 56 32
9.6037 0.09034 -1.0499 79 57 34
9.6544 0.086307 -1.1835 77 57 33
9.5592 0.12054 -1.1772 80 55 35
9.5132 0.072233 -1.0973 77 54 21
9.5375 0.104 -1.0618 77 55 31
9.6266 0.086212 -1.2113 80 57 41
9.5491 0.095551 -1.2181 76 56 29
9.5503 0.10315 -1.1404 77 55 32
9.7742 0.080071 -1.1463 76 56 19
9.7611 0.065786 -1.2256 78 57 30
9.7993 0.099922 -1.0715 77 56 25
9.7503 0.056064 -1.1043 76 59 31
9.8588 0.055458 -1.1011 78 59 29
9.6548 0.073188 -1.1466 76 56 29
9.8254 0.054226 -1.1301 76 57 27
9.6823 0.064824 -1.1973 78 56 32
9.7725 0.092908 -1.184 76 55 28
9.7253 0.027926 -1.2609 71 55 30
9.6669 0.071103 -1.2308 75 55 28
9.7293 0.033664 -1.0642 77 57 33
9.7566 0.076975 -1.2606 74 56 34
9.8575 0.081515 -1.1733 76 56 29
9.7528 0.048766 -1.1865 75 55 30
9.6864 0.074808 -1.1188 75 55 30
9.7738 0.036271 -1.238 78 57 36
9.7794 0.10428 -1.1037 75 57 33
9.8674 0.049828 -1.1843 75 54 25
9.8602 0.01102 -1.1933 75 56 24
10.033 0.069665 -1.1953 76 55 24
9.9486 0.038106 -1.299 74 56 32
9.8229 0.0083897 -1.2203 76 56 31
9.9342 0.051476 -1.1253 78 58 33
9.9952 0.016463 -1.1951 75 53 32
9.8211 0.021066 -1.2585 77 56 35
10.017 0.038932 -1.2385 76 54 31
9.8472 0.055024 -1.2202 76 57 27
10.061 0.071 -1.2901 77 56 29
10.046 0.060761 -1.1575 77 57 32
9.8229 0.057861 -1.2515 78 57 36
9.9149 0.056719 -1.158 76 55 34
10.194 0.029191 -1.1673 78 57 26
9.9942 -0.0080432 -1.2407 74 57 31
10.004 0.0061201 -1.1562 77 56 29
10.21 0.063707 -1.2526 77 56 27
10.098 0.030217 -1.139 78 58 34
9.7647 -0.16986 -1.2016 77 56 29
9.9945 -0.018489 -1.328 75 54 35
9.9976 -0.068191 -1.3006 76 56 31
9.997 0.0069277 -1.282 76 56 31
10.111 0.0001377 -1.2797 76 57 25
10.149 0.029011 -1.3306 78 56 32
9.8321 -0.14697 -1.0976 80 59 32
10.071 -0.029623 -1.2271 76 55 24
10.144 0.0018463 -1.3802 75 55 30
10.1 0.0066031 -1.1871 78 58 34
9.9432 -0.091858 -1.1598 78 58 31
9.9735 0.011076 -1.3152 78 59 27
10.186 -0.076023 -1.3679 76 56 32
10.199 -0.047545 -1.1871 79 58 31
10.193 -0.036059 -1.2261 77 57 32
10.158 -0.060288 -1.3094 76 56 31
10.192 -0.075516 -1.2362 77 57 33
10.192 -0.089632 -1.1936 77 57 33
10.2 -0.030871 -1.362 75 54 33
8.9455 0.17918 -1.1858 75 56 24
8.9604 0.16795 -1.0669 74 54 20
9.0135 0.16564 -1.221 71 55 20
9.0673 0.17813 -1.1101 73 53 29
9.0279 0.16613 -1.1282 74 56 34
8.985 0.19193 -1.1682 70 52 28
9.1031 0.17082 -1.1265 74 55 38
9.079 0.16881 -1.1507 73 55 31
9.0461 0.18945 -1.1632 72 54 30
8.9849 0.16777 -1.1097 75 58 32
9.035 0.18666 -1.0942 74 52 29
9.0645 0.18466 -1.2073 71 50 29
8.9844 0.18815 -1.2353 75 54 27
9.051 0.15976 -1.2394 71 53 31
8.9709 0.15543 -1.1716 71 51 27
9.0769 0.17984 -1.1804 74 53 32
8.9886 0.18195 -1.1393 72 56 33
8.9861 0.17694 -1.2057 75 54 27
9.226 0.16611 -1.2142 73 56 30
9.107 0.16853 -1.1949 72 54 30
9.1664 0.16662 -1.1204 71 54 26
9.1557 0.15562 -1.186 73 56 38
9.1663 0.15704 -1.2601 74 58 9
9.1466 0.15804 -1.2852 71 54 28
9.1224 0.16057 -1.2369 70 54 19
9.0887 0.17008 -1.2205 69 53 20
9.099 0.15911 -1.2605 73 54 24
9.1123 0.15951 -1.1662 74 53 32
9.1531 0.16633 -1.2158 74 54 29
9.1799 0.15734 -1.1626 77 58 28
9.1909 0.15124 -1.1343 74 54 27
9.1535 0.13728 -1.2244 73 53 26
9.1359 0.161 -1.1418 74 53 32
9.291 0.14123 -1.2484 74 56 32
9.2447 0.15913 -1.2605 73 51 27
9.3372 0.16043 -1.336 72 50 27
9.2711 0.13616 -1.172 72 53 23
9.2725 0.11299 -1.2834 71 52 22
9.1926 0.13486 -1.1734 78 57 38
9.3425 0.14381 -1.1975 75 54 33
9.3416 0.15637 -1.2318 74 56 32
9.1831 0.11171 -1.2075 76 56 31
9.2486 0.1539 -1.1575 73 55 31
9.2611 0.13727 -1.2714 71 52 22
9.3058 0.16747 -1.212 74 54 27
9.1762 0.13322 -1.2723 72 54 34
9.2188 0.12624 -1.2899 72 54 32
9.2617 0.063964 -1.2537 73 55 31
9.332 0.11366 -1.3095 71 51 14
9.4269 0.12524 -1.2378 75 55 30
9.4966 0.1415 -1.3004 75 57 35
9.4158 0.13864 -1.3787 75 55 28
9.4582 0.12839 -1.2119 75 58 32
9.507 0.12085 -1.2346 74 54 29
9.4313 0.1211 -1.3158 75 54 27
9.377 0.14391 -1.2499 77 57 32
9.3206 0.10111 -1.1991 72 55 29
9.3893 0.11821 -1.2592 76 54 31
9.3868 0.12327 -1.1844 75 53 32
9.3942 0.082358 -1.3446 72 54 16
9.4192 0.12762 -1.3457 73 52 25
9.3258 0.12295 -1.3408 74 54 19
9.3402 0.13686 -1.2717 76 54 31
9.4335 0.096399 -1.2468 76 55 36
9.5055 0.067401 -1.2859 78 55 39
9.561 0.11414 -1.2551 74 54 27
9.5937 0.075788 -1.3167 76 54 33
9.573 0.078591 -1.3448 76 56 32
9.5581 0.079652 -1.264 75 55 30
9.5322 0.093119 -1.3278 76 54 31
9.5739 0.07406 -1.2321 76 53 20
9.4551 0.087873 -1.2962 76 55 34
9.5827 0.13099 -1.3786 72 53 21
9.5261 0.11016 -1.2814 76 56 32
9.5162 0.11117 -1.393 71 54 24
9.5265 0.069621 -1.3678 74 52 29
9.5116 0.12911 -1.3481 75 55 21
9.5008 0.070021 -1.395 76 55 34
9.8156 0.081544 -1.3243 76 56 22
9.7335 0.058447 -1.34 73 57 31
9.6518 0.047564 -1.3882 71 54 34
9.6919 0.079274 -1.4384 71 52 22
9.673 0.087087 -1.2686 76 57 23
9.6991 0.077234 -1.3179 72 55 27
9.7586 0.060512 -1.4294 75 55 30
9.6214 0.094368 -1.4439 73 56 30
9.7219 0.066349 -1.373 76 54 31
9.651 0.04249 -1.2702 75 56 22
9.6391 0.020275 -1.4297 72 52 28
9.6431 0.064608 -1.3386 75 55 31
9.6658 0.10246 -1.4231 72 53 23
9.536 0.020093 -1.4238 72 54 30
9.7082 0.10856 -1.397 74 54 30
9.6483 0.088904 -1.299 75 53 29
9.8568 0.049604 -1.3046 74 56 32
9.8843 0.052409 -1.4015 76 55 36
9.9446 0.026642 -1.3867 74 53 32
9.9368 0.064732 -1.5042 70 51 19
9.7873 0.060025 -1.4013 75 55 30
9.9275 0.056897 -1.3732 73 53 28
9.7924 0.053316 -1.4899 73 54 22
9.944 0.039935 -1.4252 76 53 37
9.9259 0.04647 -1.4618 76 56 31
9.8256 0.049644 -1.3345 75 53 29
9.7816 0.044122 -1.3617 75 54 35
9.9009 0.03174 -1.3252 73 55 33
9.8388 0.046345 -1.426 74 56 32
9.7828 0.035145 -1.4454 73 52 21
10.131 0.024701 -1.458 72 51 30
10.079 0.018667 -1.4872 74 54 27
10.034 0.038787 -1.4612 73 55 33
9.9995 0.035377 -1.3616 74 55 25
10.098 0.040303 -1.535 74 53 36
10.07 0.025386 -1.3899 73 51 27
9.9422 0.015848 -1.4776 69 52 24
9.9489 0.032363 -1.5197 72 52 28
10.082 -0.0082687 -1.4043 75 54 27
10.049 -0.04608 -1.4446 76 54 30
10.076 0.028173 -1.3927 73 51 27
9.985 0.0053197 -1.4068 73 54 24
10.092 -0.015577 -1.4999 72 51 30
9.9259 -0.1066 -1.3673 75 53 32
10.147 -0.036917 -1.3882 74 54 27
8.884 0.17264 -1.3184 72 50 27
8.8876 0.16258 -1.2891 69 51 29
9.0033 0.17158 -1.2479 71 53 31
8.9948 0.15846 -1.3812 72 52 27
8.9333 0.16798 -1.2477 72 51 32
8.9246 0.17092 -1.3401 70 50 23
8.925 0.18374 -1.3717 74 52 29
9.0276 0.17026 -1.2935 71 51 27
9.0497 0.17151 -1.2707 74 53 26
8.9853 0.18147 -1.3719 70 50 25
8.9586 0.17715 -1.3929 71 51 26
8.9416 0.16996 -1.3181 68 51 31
8.9727 0.15736 -1.4047 68 49 32
8.9836 0.1556 -1.3088 72 51 24
8.916 0.16907 -1.2712 71 52 10
9.0028 0.18359 -1.2784 73 52 23
8.9838 0.16796 -1.3395 71 53 31
8.9573 0.16746 -1.2928 70 50 23
9.1259 0.1588 -1.3117 71 50 31
9.1641 0.16376 -1.3645 71 52 18
9.062 0.13324 -1.3193 71 52 22
9.0837 0.12457 -1.4378 68 50 28
9.0739 0.15679 -1.2843 71 53 31
9.0994 0.13854 -1.3728 73 56 30
9.0248 0.16425 -1.3605 70 53 23
9.0886 0.15684 -1.4316 71 54 28
9.0327 0.14063 -1.3723 73 54 24
9.0655 0.16429 -1.3133 71 52 22
9.0822 0.15743 -1.3577 70 52 28
9.1515 0.14366 -1.3264 71 53 31
9.0623 0.18317 -1.4463 68 49 32
9.0564 0.16709 -1.4122 71 50 23
9.073 0.13517 -1.3935 74 53 26
9.0174 0.14755 -1.3272 72 53 23
9.2285 0.14685 -1.5112 72 51 24
9.2253 0.1374 -1.3997 71 51 26
9.2196 0.14705 -1.4315 74 52 31
9.2212 0.15334 -1.3587 70 52 30
9.1829 0.14973 -1.3078 74 54 30
9.2311 0.14597 -1.3278 75 55 31
9.1194 0.13289 -1.4194 67 49 27
9.2658 0.12894 -1.4223 72 54 16
9.1774 0.13627 -1.4506 70 52 30
9.1547 0.1281 -1.3672 71 52 20
9.2325 0.12846 -1.3678 72 51 22
9.1496 0.13798 -1.3994 71 54 24
9.1561 0.1362 -1.4729 71 51 26
9.2483 0.1247 -1.3406 69 54 23
9.2127 0.12523 -1.4708 73 52 31
9.2493 0.13247 -1.4495 72 54 34
9.346 0.11529 -1.3915 73 53 29
9.3424 0.10664 -1.4651 74 54 29
9.3611 0.13605 -1.4311 74 54 19
9.3188 0.13879 -1.483 72 55 27
9.3507 0.12439 -1.5055 72 55 27
9.4193 0.10805 -1.3879 72 55 27
9.3957 0.10887 -1.4151 72 52 27
9.4529 0.15179 -1.4716 73 51 27
9.311 0.14805 -1.517 72 52 25
9.3155 0.14319 -1.4061 71 50 21
9.3294 0.13204 -1.4542 71 50 19
9.3188 0.13211 -1.3731 71 52 18
9.4281 0.092327 -1.4318 72 51 30
9.3994 0.09111 -1.4589 73 50 32
9.4651 0.065314 -1.418 75 56 26
9.4639 0.13771 -1.5207 73 52 33
9.5035 0.097607 -1.469 70 52 32
9.4156 0.033517 -1.4788 70 52 12
9.48 0.099262 -1.4982 71 51 16
9.5447 0.13879 -1.4396 74 54 19
9.6428 0.047792 -1.504 73 52 33
9.5828 0.089982 -1.4728 75 54 33
9.6671 0.095006 -1.5081 73 54 24
9.7253 0.072854 -1.4977 73 52 31
10.071 0.22051 -1.7096 17 10 0
9.5567 -1.9653 -1.6312 51 39 17
9.825 -2.1685 -1.697 44 27 9
9.6495 -2.1717 -1.6052 45 29 12
10.028 -2.2179 -1.7401 45 31 4
9.2788 -2.0789 -1.5253 51 40 18
8.2993 -1.8631 -1.1329 54 39 20
9.5426 -2.1423 -1.5956 44 26 12
9.6984 -2.2873 -1.6466 43 27 12
9.442 -2.6781 -1.5832 32 23 6
9.738 -2.7698 -1.6186 45 27 3
9.514 -2.7104 -1.5765 41 23 0
8.8204 0.15277 -1.4205 71 50 29
8.878 0.17702 -1.4102 70 52 28
8.9311 0.17191 -1.4117 69 49 24
8.9115 0.15602 -1.4724 70 50 26
8.9438 0.16359 -1.4534 70 53 33
8.846 0.1445 -1.3684 71 50 33
8.9439 0.15132 -1.4224 72 49 33
8.9231 0.17566 -1.5084 63 47 24
8.9886 0.17592 -1.5132 62 40 17
8.8627 0.14044 -1.4138 71 51 26
8.8942 0.17255 -1.4563 71 49 26
8.9223 0.20358 -1.5009 72 51 32
9.0492 0.1459 -1.4483 73 52 25
9.0761 0.14541 -1.5012 71 52 22
8.9871 0.14973 -1.4477 70 49 32
9.0212 0.1413 -1.4681 71 50 33
9.0181 0.15242 -1.501 70 50 26
8.9741 0.15396 -1.4734 70 50 25
9.1121 0.15346 -1.4809 67 50 22
9.1309 0.13482 -1.498 69 51 31
9.2785 -0.83739 -1.7077 45 27 15
9.157 -0.89409 -1.6584 44 28 11
9.0228 -0.91291 -1.6225 42 26 3
9.5103 -0.94329 -1.6465 62 44 22
9.2277 -0.91203 -1.6989 42 29 13
9.4062 -0.91292 -1.7876 44 28 11
9.2143 -0.97836 -1.7073 57 40 32
9.2048 -0.99759 -1.632 71 55 40
9.2078 -0.98336 -1.5546 51 36 15
9.3849 -0.92639 -1.7387 45 27 13
9.391 -0.97717 -1.6813 50 32 20
9.2729 -1.0104 -1.705 46 29 19
9.4553 -1.0016 -1.7162 50 33 16
9.4336 -0.99529 -1.7458 50 34 11
9.3003 -1.0484 -1.6862 54 37 11
9.1186 -1.2263 -1.6431 41 25 8
9.2375 -1.2249 -1.6644 40 26 0
9.4017 -1.229 -1.6683 45 33 11
9.1886 -1.189 -1.672 44 27 19
9.3223 -1.3329 -1.6623 46 30 15
9.3045 -1.3583 -1.6943 44 27 17
9.1276 -1.3562 -1.6469 44 25 11
9.4499 -1.2602 -1.6919 43 29 16
9.1564 -1.2856 -1.6768 44 28 11
9.2627 -1.3672 -1.6405 43 27 12
9.1739 -1.3159 -1.6925 42 25 18
9.2304 -1.3755 -1.5925 40 24 11
9.1941 -1.8168 -1.6396 53 36 10
9.0223 -1.7595 -1.5897 57 41 16
9.0975 -1.7983 -1.629 55 36 20
9.3827 -1.7954 -1.6014 71 55 19
9.0264 -1.8287 -1.5385 47 31 6
9.2613 -1.9258 -1.6631 44 23 2
9.3049 -1.8694 -1.6652 46 30 5
9.1434 -1.9608 -1.6584 46 22 8
9.2621 -1.9314 -1.6293 45 29 16
9.249 -1.9548 -1.6648 43 25 13
9.2782 -1.9656 -1.6457 43 23 14
9.3458 -1.9511 -1.6251 38 25 19
8.1547 -1.8284 -1.098 52 40 16
9.0195 -1.9662 -1.6077 41 23 11
9.0832 -1.9198 -1.6177 47 29 19
9.701 -2.048 -1.7873 43 25 11
9.3227 -2.0789 -1.6166 42 22 15
9.3556 -2.086 -1.6295 42 22 15
9.0678 -2.0387 -1.6104 39 25 16
8.995 -1.9796 -1.4641 41 25 0
9.7205 -2.1356 -1.7414 52 37 18
9.5668 -2.137 -1.6791 50 38 14
9.1394 -2.0345 -1.5715 40 21 14
9.1455 -2.0858 -1.6538 43 26 9
9.1386 -2.5745 -1.6025 42 22 11
9.483 -2.6835 -1.7494 38 11 2
8.9852 -2.4808 -1.557 39 22 14
9.1527 -2.577 -1.6389 36 21 0
9.4553 -2.7104 -1.6707 37 20 10
9.1824 -2.5926 -1.6223 42 22 11
9.3753 -2.6424 -1.6621 39 25 0
8.9579 -2.4698 -1.544 39 22 14
9.4082 -2.6565 -1.6809 39 25 0
9.149 -2.5426 -1.6597 39 19 18
9.2528 -2.6565 -1.5892 44 16 12
10.151 -3.0345 -2.019 36 13 0
9.9329 -2.9856 -1.8454 33 14 7
9.3357 -2.6633 -1.5831 33 26 0
9.9208 -2.9335 -1.9576 40 16 6
8.8671 -0.78073 -1.7119 39 28 9
8.8488 -0.79386 -1.6747 39 25 12
8.8639 -0.80965 -1.7197 49 30 13
8.7836 -0.85844 -1.6773 50 32 18
9.2064 -0.80194 -1.7391 41 25 10
8.8383 -0.87291 -1.7158 47 31 18
8.9045 -0.86657 -1.7168 47 30 20
8.8397 -0.85285 -1.6783 49 34 13
9.1663 -0.85174 -1.6917 38 25 6
9.1569 -0.8537 -1.6884 38 25 6
9.1705 -0.87326 -1.7338 41 27 16
8.8594 -0.90484 -1.7018 48 31 13
9.3751 -0.82122 -1.877 38 26 4
8.8587 -0.94929 -1.648 42 30 18
9.011 -0.93592 -1.6606 42 27 6
9.0524 -0.86721 -1.6711 43 27 2
8.9555 -0.93811 -1.668 39 22 12
8.8437 -0.92409 -1.6361 44 28 2
9.051 -1.0104 -1.737 47 30 13
9.0281 -0.96289 -1.6735 44 26 6
9.241 -0.90102 -1.735 40 27 8
8.9627 -0.95778 -1.7097 45 29 4
8.9234 -0.97357 -1.6555 46 27 11
9.0472 -1.0581 -1.6729 43 26 8
8.8785 -1.0746 -1.6244 43 31 5
8.9124 -1.0908 -1.6768 45 28 18
9.0066 -1.0474 -1.7239 44 26 2
8.8179 -1.1449 -1.7024 45 24 3
8.69 -1.1339 -1.6297 43 27 4
8.9206 -1.1763 -1.705 42 28 15
9.1031 -1.1889 -1.6656 47 28 11
9.093 -1.1128 -1.7101 48 30 20
8.6333 -1.1813 -1.5433 45 29 14
9.0053 -1.205 -1.7221 44 21 13
8.8951 -1.1864 -1.6607 47 30 20
8.7587 -1.1862 -1.6527 43 27 12
9.2593 -1.1417 -1.7361 43 24 10
8.7473 -1.1604 -1.6415 43 28 7
8.9408 -1.1526 -1.676 45 28 11
9.1187 -1.2494 -1.6836 43 25 11
8.8961 -1.3007 -1.6876 45 27 15
8.8797 -1.2733 -1.6706 44 27 7
8.9196 -1.2346 -1.7141 39 26 10
8.8979 -1.2721 -1.6802 44 27 7
9.0401 -1.2699 -1.7213 44 26 12
8.846 -1.2475 -1.648 41 26 3
8.9081 -1.3001 -1.6926 44 28 5
9.001 -1.2206 -1.6542 43 25 13
9.0122 -1.2271 -1.6277 45 30 11
8.8118 -1.2712 -1.6633 38 24 13
8.7663 -1.3558 -1.6632 35 25 0
8.8382 -1.3109 -1.6304 45 26 10
9.1832 -1.3393 -1.7453 43 25 13
8.9042 -1.3577 -1.7087 42 23 16
8.9245 -1.3133 -1.6407 42 26 11
9.2285 -1.3055 -1.7556 43 29 20
8.8887 -1.3298 -1.6889 41 28 12
8.8247 -1.3258 -1.6905 39 22 14
9.0195 -1.331 -1.726 46 29 21
9.2934 -1.3431 -1.7625 42 26 9
8.7606 -1.4499 -1.6188 47 28 21
8.8817 -1.4437 -1.7136 41 24 6
8.8375 -1.4159 -1.6813 42 26 3
9.1549 -1.3791 -1.7039 46 30 17
8.935 -1.4215 -1.704 49 31 11
8.9677 -1.3849 -1.7463 39 27 15
8.7001 -1.5285 -1.6021 47 31 18
8.8233 -1.4778 -1.6615 46 30 17
8.791 -1.4984 -1.6762 45 29 16
8.7773 -1.5372 -1.617 54 37 19
8.7246 -1.5558 -1.6248 56 37 23
9.0541 -1.787 -1.642 57 40 23
9.0615 -1.8119 -1.685 52 36 11
8.8733 -1.7812 -1.6305 67 29 1
8.9989 -1.8953 -1.6495 45 25 14
8.8997 -1.8069 -1.6755 49 32 22
8.8855 -1.8703 -1.6191 44 26 12
8.9247 -1.8161 -1.6611 47 29 15
8.9112 -1.819 -1.6173 51 33 21
8.9757 -1.8572 -1.6576 44 29 8
8.9572 -1.9158 -1.6302 42 26 3
8.7635 -1.9454 -1.6435 42 23 9
9.1701 -1.9909 -1.7107 42 25 7
8.873 -1.9275 -1.5945 44 26 4
8.8782 -2.0377 -1.6243 43 25 13
8.9883 -2.0116 -1.6309 40 26 0
8.9581 -2.0331 -1.6259 39 23 8
9.1019 -2.0412 -1.6547 41 24 6
9.0701 -2.0342 -1.6402 41 24 6
8.7669 -1.9986 -1.655 40 23 6
8.7092 -1.9594 -1.6183 41 24 7
9.0709 -2.0006 -1.6687 43 26 6
8.8135 -1.9605 -1.6405 39 23 6
8.8223 -2.104 -1.614 40 20 13
8.8321 -2.0536 -1.6096 41 25 10
8.8529 -2.0542 -1.6443 37 24 8
9.0077 -2.1345 -1.6413 37 19 9
8.7377 -2.0554 -1.5661 34 21 5
8.7607 -2.0838 -1.6152 32 18 5
8.7916 -2.0733 -1.5628 37 20 10
8.725 -2.0447 -1.6189 40 22 12
8.7941 -2.0889 -1.6619 39 21 9
8.9189 -2.0515 -1.6113 36 20 7
8.9788 -2.1585 -1.5966 38 21 11
9.0633 -2.1781 -1.674 36 15 10
8.9085 -2.1317 -1.63 39 24 1
8.8595 -2.1412 -1.6408 36 14 14
8.714 -2.1545 -1.5515 35 21 10
8.8313 -2.1862 -1.6346 35 20 15
8.6501 -2.1834 -1.525 26 18 0
8.7521 -2.214 -1.6099 34 15 0
8.8012 -2.2363 -1.5733 39 24 17
8.8121 -2.2367 -1.6096 33 23 14
8.7881 -2.2221 -1.6556 34 21 2
8.8965 -2.2336 -1.6771 42 21 4
8.8455 -2.2213 -1.6234 26 18 0
8.9367 -2.3616 -1.6992 31 20 0
8.8613 -2.3099 -1.6191 41 26 7
8.822 -2.2665 -1.6217 36 16 15
8.8753 -2.2846 -1.6499 36 16 15
8.8827 -2.3446 -1.6367 39 24 5
8.8538 -2.304 -1.6437 36 16 15
8.7118 -2.2775 -1.6097 30 13 0
8.8911 -2.2934 -1.6282 37 20 2
8.8553 -2.4184 -1.6156 39 18 15
8.8541 -2.3605 -1.6243 37 25 1
9.116 -2.5562 -1.6856 35 23 1
9.001 -2.4807 -1.6201 37 22 1
8.737 -2.4426 -1.6272 43 24 7
8.7136 -2.4354 -1.5885 43 21 6
8.903 -2.4664 -1.6116 37 22 15
8.7761 -2.4097 -1.6071 34 16 4
8.9162 -2.4694 -1.6502 38 20 18
8.7024 -2.4027 -1.6036 39 20 4
8.8501 -2.5736 -1.6742 31 14 6
8.8354 -2.5404 -1.6625 32 17 0
8.8954 -2.5973 -1.6724 34 17 0
8.7347 -2.4672 -1.6309 47 21 22
8.7584 -2.4775 -1.6431 47 21 22
8.8168 -2.588 -1.6396 33 18 0
8.7142 -2.5631 -1.6196 36 11 7
8.7906 -2.7065 -1.6506 28 18 6
8.9178 -2.7236 -1.6183 38 18 19
8.7809 -2.6776 -1.616 29 19 0
8.7891 -2.6816 -1.6196 29 19 0
8.9807 -2.7541 -1.6821 43 26 0
8.8124 -2.6947 -1.6002 38 23 2
8.8666 -2.8077 -1.5906 37 24 18
8.7387 -2.736 -1.5559 38 21 3
8.8851 -2.7593 -1.6408 26 23 8
8.8024 -2.715 -1.6326 33 15 5
8.8556 -2.8547 -1.6273 36 20 5
8.769 -2.778 -1.607 39 24 5
8.8127 -2.8565 -1.6097 36 25 6
8.9507 -2.8817 -1.6368 42 20 5
8.7716 -2.8036 -1.6376 39 19 20
8.912 -2.8349 -1.5864 32 24 1
8.8143 -2.8566 -1.6403 35 22 16
8.7666 -2.8021 -1.608 42 24 2
8.8236 -2.8362 -1.61 36 20 5
8.7668 -2.8009 -1.6352 39 19 20
8.7331 -2.7591 -1.5607 36 23 4
8.5524 -0.72569 -1.658 36 22 11
8.5128 -0.72272 -1.6901 36 22 11
8.5035 -0.73383 -1.6572 43 20 14
8.6614 -0.64553 -1.7771 43 25 3
8.6335 -0.70754 -1.6749 42 24 2
8.6102 -0.74066 -1.6689 42 22 11
8.7116 -0.73538 -1.7351 43 20 12
8.6193 -0.7562 -1.7053 36 23 17
8.6354 -0.72426 -1.7132 37 23 14
8.607 -0.72485 -1.7266 42 24 2
8.5421 -0.77128 -1.6912 41 23 1
8.5407 -0.79666 -1.6974 38 24 11
8.5016 -0.75097 -1.6905 42 24 0
8.6013 -0.72669 -1.7232 42 24 2
8.5464 -0.82068 -1.7039 43 25 1
8.8188 -0.78499 -1.7177 43 26 9
8.492 -0.89211 -1.6617 43 28 9
8.544 -0.84592 -1.7125 38 21 11
8.6947 -0.84591 -1.6506 43 28 7
8.5726 -0.85387 -1.6712 41 28 20
8.535 -0.88904 -1.6545 43 29 18
8.8228 -0.87637 -1.7084 47 31 18
8.6955 -0.92535 -1.6708 43 31 19
8.497 -0.96512 -1.6786 44 29 8
8.6397 -0.92967 -1.6722 50 32 12
8.6693 -0.8782 -1.6461 43 28 9
8.5305 -0.91472 -1.661 39 20 13
8.6849 -0.86584 -1.6893 42 24 0
8.5877 -0.89263 -1.727 43 27 2
8.6555 -0.86577 -1.6976 36 24 2
8.7701 -0.88057 -1.7097 44 30 19
8.5823 -0.92779 -1.6957 43 27 12
8.6529 -1.0053 -1.6999 45 29 14
8.5968 -0.99102 -1.6571 46 32 5
8.5184 -0.98512 -1.6985 53 31 10
8.7 -0.93163 -1.647 48 31 14
8.6074 -0.96321 -1.6566 46 29 1
8.505 -0.98806 -1.6896 53 31 10
8.7199 -1.069 -1.661 45 26 12
8.4802 -1.0981 -1.6729 54 28 5
8.7462 -1.03 -1.7 46 29 11
8.5391 -1.0955 -1.6784 43 30 14
8.8495 -1.0198 -1.7265 52 27 4
8.5555 -1.0816 -1.6254 42 27 4
8.6732 -1.0468 -1.758 43 28 7
8.6551 -1.0385 -1.6793 44 27 7
8.7102 -1.0095 -1.6736 37 30 12
8.5777 -1.1034 -1.6436 42 27 6
8.6123 -1.0909 -1.6933 42 25 7
8.4417 -1.1287 -1.6518 53 28 5
8.6435 -1.0333 -1.7012 45 30 7
8.6199 -1.0449 -1.6577 43 25 15
8.5624 -1.0733 -1.6602 43 29 3
8.7342 -0.997 -1.7216 41 27 1
8.478 -1.074 -1.6652 53 30 14
8.632 -1.1469 -1.6892 45 25 14
8.5177 -1.1739 -1.6806 51 24 5
8.694 -1.1189 -1.6924 36 28 5
8.4815 -1.136 -1.6207 44 32 8
8.7992 -1.1471 -1.6934 45 24 3
8.558 -1.1179 -1.6951 43 29 20
8.6857 -1.1539 -1.6622 44 27 19
8.7069 -1.1439 -1.7068 42 28 2
8.5882 -1.1272 -1.6562 42 25 15
8.5475 -1.1447 -1.6943 41 24 16
8.5617 -1.1746 -1.6835 38 25 7
8.5985 -1.1769 -1.6761 40 24 9
8.6454 -1.2308 -1.6835 41 26 5
8.6299 -1.18 -1.6654 38 28 3
8.5597 -1.2322 -1.6635 41 29 5
8.6306 -1.2129 -1.6405 40 22 20
8.5738 -1.2241 -1.7029 43 26 16
8.7249 -1.176 -1.6889 44 26 12
8.5571 -1.2006 -1.685 40 26 15
8.6172 -1.2397 -1.6428 39 24 3
8.7682 -1.1781 -1.6851 42 26 13
8.6032 -1.2157 -1.6245 40 22 20
8.5235 -1.2107 -1.6389 45 25 16
8.594 -1.2099 -1.6493 44 26 6
8.6169 -1.1747 -1.6875 40 24 9
8.5749 -1.2494 -1.7106 41 28 12
8.5947 -1.2476 -1.723 40 27 11
8.4358 -1.3336 -1.6385 31 24 4
8.7164 -1.2911 -1.6842 42 25 15
8.5642 -1.2757 -1.7105 36 23 15
8.6456 -1.2894 -1.6681 38 26 2
8.6192 -1.304 -1.7219 43 25 5
8.6599 -1.2622 -1.6706 40 28 4
8.4642 -1.332 -1.6575 33 26 6
8.7226 -1.2638 -1.6796 38 24 13
8.5784 -1.2811 -1.6901 38 24 11
8.6253 -1.2843 -1.6865 41 26 5
8.569 -1.2631 -1.6468 45 27 5
8.5982 -1.254 -1.6937 45 29 14
8.4829 -1.3369 -1.6433 37 23 12
8.6215 -1.2975 -1.749 34 24 14
8.5378 -1.3652 -1.6523 46 28 18
8.4734 -1.3616 -1.6427 42 24 14
8.4498 -1.3569 -1.6519 39 26 7
8.6871 -1.3525 -1.6467 40 23 13
8.5743 -1.3891 -1.6843 38 19 12
8.6681 -1.3793 -1.645 41 27 14
8.4624 -1.4102 -1.6492 44 27 10
8.5938 -1.3947 -1.6684 42 25 15
8.5039 -1.385 -1.6696 45 26 9
8.7631 -1.4374 -1.6805 39 22 2
8.5853 -1.4456 -1.6709 43 26 16
8.699 -1.4579 -1.6819 43 30 12
8.5718 -1.4204 -1.6573 41 22 15
8.5341 -1.4399 -1.6671 38 25 9
8.512 -1.4341 -1.6841 40 24 11
8.5365 -1.4398 -1.6688 38 25 9
8.5322 -1.415 -1.6635 37 23 12
8.8567 -1.4654 -1.7396 45 27 13
8.5018 -1.4643 -1.6555 44 25 8
8.4549 -1.4583 -1.6553 42 25 7
8.4855 -1.4641 -1.6452 44 25 8
8.7084 -1.523 -1.6424 47 29 17
8.6653 -1.5417 -1.6506 55 34 13
8.6706 -1.5362 -1.6827 42 25 15
8.5886 -1.5077 -1.6304 47 28 22
8.4769 -1.5123 -1.6516 49 26 8
8.5897 -1.5133 -1.6023 52 32 23
8.6225 -1.4831 -1.6437 47 25 12
8.492 -1.4885 -1.6579 45 27 17
8.6768 -1.49 -1.642 35 26 11
8.6728 -1.5885 -1.6942 44 28 2
8.6637 -1.6193 -1.6677 52 35 15
8.5483 -1.5753 -1.6472 38 22 9
8.4779 -1.6138 -1.6488 43 25 15
8.9086 -1.5586 -1.7504 59 43 20
8.6778 -1.5683 -1.6629 54 40 14
8.4809 -1.566 -1.6376 46 28 6
8.5879 -1.5579 -1.6394 42 25 8
8.6646 -1.6507 -1.6474 52 36 21
8.4988 -1.6545 -1.5823 49 31 11
8.43 -1.6568 -1.6296 45 26 9
8.6643 -1.6764 -1.6525 52 35 25
8.6016 -1.675 -1.5888 74 50 24
8.5249 -1.6716 -1.6589 45 25 14
8.444 -1.6817 -1.6413 42 25 7
8.6304 -1.6476 -1.6287 52 36 21
8.4836 -1.6383 -1.6554 44 25 18
8.7637 -1.7134 -1.7118 42 24 12
8.4752 -1.6901 -1.6354 44 25 21
8.6015 -1.6397 -1.6376 48 33 14
8.4716 -1.6372 -1.6491 44 25 18
8.4931 -1.6922 -1.6454 44 25 21
8.6324 -1.7239 -1.6458 54 43 24
8.5502 -1.7285 -1.6584 47 29 25
8.7384 -1.7587 -1.7442 45 28 21
8.6083 -1.7508 -1.6113 49 29 20
8.4802 -1.6955 -1.6126 42 28 19
8.4401 -1.7328 -1.6259 44 25 8
8.4849 -1.763 -1.6584 44 26 6
8.5663 -1.7107 -1.6352 45 29 4
8.6663 -1.7538 -1.6697 50 27 11
8.6742 -1.7084 -1.6354 50 32 10
8.5705 -1.7606 -1.6476 47 26 5
8.4569 -1.7115 -1.6293 44 23 20
8.6389 -1.7753 -1.6555 44 25 11
8.4809 -1.7624 -1.6561 44 26 6
8.5027 -1.7463 -1.6378 43 23 22
8.5706 -1.8391 -1.6384 41 24 7
8.66 -1.8087 -1.6443 44 24 13
8.5972 -1.7941 -1.6419 47 26 7
8.6642 -1.7839 -1.6432 47 27 20
8.6718 -1.8363 -1.6612 45 24 7
8.5081 -1.771 -1.6441 47 31 8
8.5557 -1.803 -1.6784 44 17 10
8.6318 -1.9048 -1.6553 44 22 7
8.4703 -1.883 -1.6469 34 17 10
8.5862 -1.8463 -1.6193 46 22 8
8.6712 -1.8919 -1.6448 47 22 17
8.6135 -1.8761 -1.6396 48 20 19
8.6561 -1.9141 -1.6401 46 22 12
8.5941 -1.8931 -1.6648 39 20 4
8.2642 -1.8219 -1.4932 36 18 14
8.4755 -1.8606 -1.6468 36 21 0
8.3477 -1.8644 -1.5212 40 21 5
8.5269 -1.8993 -1.6581 41 21 12
8.5557 -1.861 -1.6379 39 26 8
8.6474 -1.8622 -1.628 46 26 19
8.7276 -2.0154 -1.6417 39 23 10
8.4558 -1.9537 -1.6283 39 20 3
8.6181 -1.9562 -1.6345 33 21 0
8.6286 -1.9621 -1.6052 35 21 8
8.5683 -1.9608 -1.6614 35 20 15
8.692 -1.9514 -1.6367 34 21 3
8.7557 -1.9612 -1.703 40 18 0
8.5526 -1.9371 -1.6239 33 23 11
8.5287 -1.9274 -1.6329 39 26 18
8.5137 -1.9203 -1.6538 35 18 8
8.6155 -1.9801 -1.6352 37 23 0
8.6624 -1.9955 -1.6345 38 24 13
8.4751 -1.9351 -1.6367 39 17 2
8.6935 -1.9517 -1.6374 34 21 3
8.7322 -2.0644 -1.6857 39 22 12
8.5739 -1.998 -1.5887 37 23 12
8.6003 -2.0011 -1.633 39 23 0
8.4931 -1.9867 -1.6575 36 20 3
8.5856 -2.0218 -1.6298 39 18 1
8.7452 -2.0458 -1.6576 38 20 10
8.5054 -2.0137 -1.6714 37 18 1
8.5431 -2.0346 -1.6122 37 17 10
8.6323 -2.0628 -1.6355 35 18 0
8.5938 -2.1009 -1.624 37 20 2
8.6896 -2.1329 -1.6489 37 21 8
8.7466 -2.0981 -1.6701 36 20 5
8.5218 -2.0966 -1.6428 44 22 9
8.4576 -2.0737 -1.63 41 13 0
8.5624 -2.1127 -1.6423 35 22 16
8.6681 -2.13 -1.6096 45 26 9
8.5952 -2.0979 -1.6526 36 17 1
8.5867 -2.0707 -1.6383 37 20 0
8.6024 -2.0795 -1.6276 38 21 4
8.6312 -2.0906 -1.6107 34 19 14
8.5114 -2.0699 -1.6322 44 19 14
8.6303 -2.1365 -1.65 37 18 4
8.473 -2.1019 -1.6464 48 20 6
8.4193 -2.1567 -1.6077 39 19 0
8.7348 -2.2823 -1.648 32 15 5
8.6868 -2.2872 -1.6546 36 21 2
8.5192 -2.2178 -1.6435 45 20 0
8.5254 -2.1963 -1.642 37 24 8
8.5284 -2.1972 -1.6428 37 24 8
8.5976 -2.2492 -1.6628 37 16 13
8.6229 -2.2609 -1.6464 36 17 1
8.5018 -2.287 -1.596 37 23 14
8.5267 -2.2704 -1.6291 34 21 3
8.5285 -2.2741 -1.6065 35 23 1
8.7448 -2.3918 -1.6476 34 14 13
8.5262 -2.2943 -1.6372 27 18 0
8.5122 -2.3131 -1.6377 36 20 5
8.6098 -2.4103 -1.59 29 20 1
8.6348 -2.3698 -1.6224 32 21 0
8.6684 -2.3858 -1.6111 39 20 6
8.5751 -2.3647 -1.649 35 22 13
8.4933 -2.3284 -1.6302 37 24 5
8.5374 -2.3276 -1.5963 41 16 9
8.4796 -2.3717 -1.6082 38 19 2
8.4561 -2.3361 -1.6148 36 21 2
8.6007 -2.3513 -1.6605 29 15 6
8.672 -2.4628 -1.632 34 16 0
8.6425 -2.4516 -1.5876 37 18 2
8.6085 -2.4321 -1.6229 28 23 1
8.5745 -2.4683 -1.5939 34 17 7
8.6504 -2.4783 -1.6272 29 21 0
8.6463 -2.4534 -1.5898 37 18 2
8.7105 -2.5074 -1.6292 38 20 8
8.53 -2.517 -1.6118 37 18 4
8.5294 -2.4661 -1.6207 37 22 17
8.6099 -2.5092 -1.6179 31 17 14
8.623 -2.5416 -1.6022 31 20 0
8.6204 -2.5636 -1.6349 37 19 15
8.4253 -2.4386 -1.5969 40 22 8
8.5829 -2.519 -1.6363 31 18 0
8.7965 -2.6258 -1.7301 37 19 7
8.4855 -2.4926 -1.6096 37 25 3
8.4789 -2.4879 -1.6328 39 22 2
8.7023 -2.633 -1.6267 33 15 13
7.8783 -2.2598 -1.1759 33 13 22
8.7151 -2.6386 -1.6652 32 19 0
8.7291 -2.6458 -1.6731 32 19 0
8.6106 -2.6075 -1.637 35 17 13
8.68 -2.6475 -1.6238 33 19 6
8.7341 -2.6244 -1.6426 51 35 0
8.7008 -2.6577 -1.6664 43 19 17
8.4674 -2.5317 -1.5848 36 27 0
8.8046 -2.658 -1.7095 34 24 0
8.5583 -2.6071 -1.5931 37 25 3
8.4896 -2.5896 -1.6358 40 18 3
8.6449 -2.6551 -1.6147 37 21 8
8.6404 -2.6765 -1.6128 39 27 5
8.5616 -2.6568 -1.6033 40 28 12
8.6099 -2.6589 -1.625 43 22 19
8.6222 -2.692 -1.6109 25 18 0
8.717 -2.7462 -1.6353 34 22 0
7.907 -2.2911 -1.1893 29 19 7
8.5193 -2.6069 -1.6266 38 19 3
8.6223 -2.7159 -1.6436 36 18 18
8.6195 -2.7419 -1.5957 39 24 5
8.6639 -2.7402 -1.6374 40 21 4
8.734 -2.7815 -1.6485 35 23 1
8.4406 -0.69168 -1.659 36 15 0
8.2981 -0.80459 -1.6072 34 30 5
8.3651 -0.75854 -1.6466 33 23 14
8.4814 -0.70148 -1.6892 40 26 0
8.3977 -0.72269 -1.6665 37 26 4
8.4915 -0.72186 -1.7048 32 22 12
8.477 -0.68539 -1.7494 41 22 16
8.5598 -0.7575 -1.7316 40 24 0
8.3273 -0.84741 -1.702 37 23 10
8.4288 -0.84698 -1.6594 36 19 1
8.3459 -0.84902 -1.6884 38 19 3
8.3425 -0.82702 -1.6799 32 21 15
8.437 -0.83704 -1.6919 37 25 3
8.27 -0.88791 -1.6652 37 18 14
8.3452 -0.89534 -1.701 38 22 5
8.334 -0.90558 -1.6675 34 19 12
8.5076 -0.88076 -1.6961 40 25 2
8.3507 -0.8708 -1.6973 33 18 13
8.3545 -0.89184 -1.6176 36 19 1
8.4364 -0.86113 -1.6984 35 22 3
8.373 -0.90196 -1.6674 41 26 19
8.4865 -0.87863 -1.7127 40 26 0
8.313 -0.92744 -1.683 39 22 4
8.3296 -0.88387 -1.659 32 12 11
8.4939 -0.90943 -1.691 40 22 8
8.4006 -0.97327 -1.671 45 22 14
8.5195 -0.92775 -1.7142 39 26 8
8.4547 -0.96756 -1.6801 43 32 13
8.3936 -0.95123 -1.6612 37 25 3
8.4674 -1.0133 -1.7019 54 29 24
8.4552 -0.99174 -1.686 54 30 16
8.4014 -1.0199 -1.6884 42 29 23
8.4081 -0.99495 -1.6843 41 27 24
8.4376 -1.0268 -1.6515 53 27 12
8.4722 -1.0442 -1.679 53 28 6
8.3816 -1.0477 -1.6795 41 23 23
8.4547 -1.0404 -1.6973 56 29 20
8.4501 -1.0657 -1.6996 51 29 8
8.4589 -1.095 -1.6858 53 24 16
8.4964 -1.0639 -1.7035 55 26 5
8.3563 -1.0761 -1.6673 44 27 19
8.4382 -1.1225 -1.6791 52 27 7
8.4115 -1.0965 -1.6811 54 28 11
8.5106 -1.0615 -1.7114 55 26 5
8.366 -1.0977 -1.6791 43 29 18
8.3974 -1.1223 -1.6811 48 27 24
8.4212 -1.1184 -1.6972 48 27 24
8.315 -1.1977 -1.6682 40 23 6
8.3797 -1.2025 -1.6525 34 23 17
8.276 -1.2193 -1.6704 44 29 10
8.3882 -1.1947 -1.6889 32 22 10
8.3315 -1.1559 -1.6409 52 26 25
8.5298 -1.1585 -1.7488 51 26 19
8.4509 -1.1447 -1.6929 52 25 18
8.4269 -1.1657 -1.7109 47 22 15
8.4859 -1.1465 -1.6855 53 27 4
8.35 -1.2396 -1.7037 41 23 9
8.3682 -1.2731 -1.6691 39 26 18
8.3748 -1.2666 -1.6996 36 26 14
8.4702 -1.1977 -1.6851 44 19 0
8.3583 -1.3437 -1.6759 41 29 15
8.3758 -1.3427 -1.6887 40 28 14
8.3931 -1.2946 -1.6897 39 27 15
8.2807 -1.2917 -1.6654 39 20 13
8.3551 -1.3207 -1.6687 41 29 17
8.4111 -1.2993 -1.6732 36 23 15
8.4834 -1.3004 -1.6913 39 24 5
8.317 -1.3174 -1.6683 42 27 6
8.2493 -1.3163 -1.6485 42 27 6
8.4183 -1.275 -1.673 39 24 19
8.4265 -1.2803 -1.6518 38 25 6
8.3661 -1.3258 -1.6486 40 24 7
8.4321 -1.3279 -1.6626 40 25 6
8.3219 -1.2942 -1.6677 32 23 14
8.2714 -1.3428 -1.6413 45 30 7
8.4079 -1.3594 -1.7382 44 27 10
8.4498 -1.3632 -1.7455 44 31 22
8.354 -1.4066 -1.606 40 25 6
8.4155 -1.376 -1.6679 37 22 3
8.4152 -1.3818 -1.6407 41 24 7
8.3268 -1.4017 -1.6135 42 24 20
8.4015 -1.353 -1.6535 42 27 8
8.3274 -1.3962 -1.6433 44 27 19
8.4003 -1.3472 -1.6799 40 23 15
8.4261 -1.4764 -1.6709 38 23 16
8.4929 -1.4473 -1.7361 39 31 10
8.3762 -1.4184 -1.6778 42 25 18
8.2887 -1.4812 -1.661 47 29 7
8.3845 -1.4238 -1.656 38 27 7
8.3374 -1.4698 -1.6405 39 29 17
8.4722 -1.4529 -1.6956 38 25 7
8.3131 -1.4417 -1.6418 45 31 22
8.3507 -1.4647 -1.6727 43 28 23
8.2638 -1.5028 -1.6472 48 27 8
8.3719 -1.5396 -1.6751 41 27 16
8.2612 -1.5295 -1.631 38 25 16
8.2929 -1.5136 -1.6188 39 26 17
8.3645 -1.5214 -1.6376 41 28 9
8.5016 -1.4832 -1.6894 36 23 14
8.3364 -1.4925 -1.6423 43 25 23
8.3193 -1.4869 -1.6572 44 27 17
8.3703 -1.5396 -1.6734 41 27 16
8.3894 -1.5405 -1.686 41 27 16
8.4168 -1.547 -1.6759 41 22 16
8.3382 -1.4976 -1.6162 39 26 7
8.4442 -1.506 -1.655 40 23 13
8.3099 -1.5092 -1.6569 41 28 12
8.3695 -1.6136 -1.6667 42 24 20
8.3529 -1.5894 -1.6509 45 31 18
8.2547 -1.5946 -1.6405 46 28 16
8.3938 -1.5641 -1.6938 44 28 15
8.3067 -1.6035 -1.6497 43 26 6
8.4732 -1.5741 -1.7232 48 31 24
8.4032 -1.598 -1.6568 43 26 16
8.4078 -1.6032 -1.6292 35 25 13
8.3288 -1.5553 -1.6763 47 30 20
8.505 -1.5865 -1.687 42 28 2
8.3403 -1.5836 -1.6632 38 24 15
8.3879 -1.6706 -1.6319 34 21 2
8.3734 -1.6645 -1.6524 29 20 15
8.1742 -1.6216 -1.5139 43 26 18
8.2914 -1.6686 -1.6553 37 29 8
8.3265 -1.6547 -1.6465 32 23 16
8.4352 -1.629 -1.6543 42 27 8
8.2055 -1.6204 -1.5597 42 24 20
8.234 -1.6188 -1.6048 42 25 7
8.4298 -1.6519 -1.6549 41 24 4
8.3565 -1.6853 -1.6458 43 29 20
8.3407 -1.6788 -1.6607 44 24 17
8.3297 -1.7267 -1.638 36 23 14
8.3436 -1.7018 -1.6682 39 26 8
8.3909 -1.694 -1.6407 43 26 16
8.3331 -1.7495 -1.6456 40 22 18
8.2496 -1.6852 -1.631 33 24 9
8.3174 -1.743 -1.6622 37 23 10
8.3981 -1.7411 -1.6569 40 22 8
8.2457 -1.7278 -1.6383 35 23 11
8.4274 -1.7033 -1.6398 42 25 5
8.3792 -1.7111 -1.6672 39 21 21
8.4171 -1.725 -1.6339 45 23 8
8.252 -1.7072 -1.6394 35 21 12
8.279 -1.7151 -1.6308 40 23 6
8.2473 -1.6849 -1.6292 33 24 9
8.445 -1.7527 -1.6627 34 26 15
8.3209 -1.7922 -1.6503 32 22 0
8.3046 -1.767 -1.6299 37 23 10
8.4225 -1.7997 -1.6293 41 25 8
8.3092 -1.7638 -1.6612 36 22 13
8.3333 -1.7905 -1.6843 31 15 0
8.259 -1.7986 -1.6367 31 19 5
8.3347 -1.7542 -1.6248 50 25 20
8.3746 -1.7832 -1.6535 40 25 22
8.4028 -1.8113 -1.6789 34 18 18
8.2782 -1.8062 -1.6264 39 22 15
8.2833 -1.8508 -1.641 37 21 0
8.317 -1.8358 -1.6576 36 19 12
8.3331 -1.8651 -1.6465 40 21 14
8.2626 -1.8209 -1.6441 32 23 16
8.4539 -1.9262 -1.6475 39 21 1
8.4385 -1.946 -1.6467 36 21 0
8.4345 -1.8988 -1.6343 37 15 2
8.3733 -1.9039 -1.6265 22 15 0
8.3192 -1.9283 -1.6532 40 19 14
8.4032 -1.9565 -1.6551 31 20 1
8.4219 -1.9383 -1.6626 29 20 11
8.3147 -1.9309 -1.6273 39 20 14
8.2615 -1.9104 -1.639 35 20 13
8.4365 -1.911 -1.7202 22 13 6
8.2799 -1.8969 -1.6231 42 21 16
8.3526 -1.988 -1.6316 38 24 15
8.429 -1.99 -1.6532 40 21 17
8.3821 -2.0676 -1.6452 34 21 12
8.4225 -2.0599 -1.6351 37 12 5
8.3764 -2.0687 -1.6147 44 17 6
8.3866 -2.0236 -1.6356 23 20 3
8.3662 -2.0206 -1.595 34 19 0
8.4403 -2.1603 -1.6398 44 21 5
8.355 -2.1035 -1.6379 32 17 12
8.4259 -2.1527 -1.6588 42 17 13
8.4183 -2.1047 -1.6461 36 16 9
8.4362 -2.1335 -1.6623 41 15 0
8.4468 -2.1397 -1.6401 43 17 16
8.3238 -2.1146 -1.6207 36 20 3
8.4051 -2.2164 -1.6377 36 16 7
8.4465 -2.2061 -1.6812 31 21 19
8.4139 -2.1714 -1.6569 40 24 9
8.4031 -2.2136 -1.6645 37 19 15
8.4521 -2.1877 -1.6537 38 16 3
8.4406 -2.2039 -1.6771 31 21 19
8.3808 -2.157 -1.6629 33 20 14
8.4246 -2.2715 -1.6303 23 12 0
8.3508 -2.22 -1.5834 43 22 3
8.4131 -2.2408 -1.6788 34 16 12
8.3457 -2.2599 -1.6163 26 23 16
8.3191 -2.2251 -1.6207 30 21 2
8.2817 -2.2293 -1.6262 38 19 5
8.4283 -2.2482 -1.6572 39 23 23
8.4434 -2.2982 -1.7037 36 19 2
8.451 -2.3545 -1.6412 33 15 1
8.4422 -2.3273 -1.6285 32 19 0
8.4178 -2.3156 -1.6441 38 27 21
8.4252 -2.3155 -1.6681 31 20 14
8.342 -2.3246 -1.6297 36 26 1
8.2938 -2.2813 -1.5935 32 19 13
8.2612 -2.2633 -1.6218 34 22 0
8.4083 -2.2891 -1.6341 31 11 10
8.3896 -2.3256 -1.6298 42 28 25
8.243 -2.2349 -1.608 38 16 16
8.4624 -2.3595 -1.6476 33 15 1
8.3872 -2.5316 -1.6259 26 0 3
8.3129 -2.4905 -1.6056 46 28 4
8.3616 -2.4955 -1.606 43 33 24
8.4477 -2.5416 -1.6285 33 15 3
8.3824 -2.529 -1.6229 26 0 3
8.3414 -2.528 -1.6276 42 28 2
8.3026 -2.5296 -1.5843 54 37 20
8.3272 -2.5644 -1.6275 41 27 1
8.3722 -2.5452 -1.6177 66 46 21
8.3198 -2.562 -1.602 34 23 17
8.3431 -2.5509 -1.6317 44 28 13
8.4601 -2.5717 -1.6414 55 34 13
8.2606 -2.5708 -1.5999 41 26 3
8.2764 -2.6022 -1.6151 37 22 15
8.402 -2.6561 -1.6647 37 22 3
8.3914 -2.6495 -1.6288 45 26 19
8.2654 -2.595 -1.5798 34 25 10
8.3342 -2.5929 -1.6165 38 26 2
9.3186 0.17712 -0.37537 82 62 37
9.2743 0.16417 -0.40428 86 63 29
9.2621 0.18589 -0.39598 82 61 42
9.2195 0.17317 -0.42277 82 63 33
9.3432 0.18499 -0.43851 82 62 35
9.243 0.15805 -0.42944 80 62 40
9.4143 0.15233 -0.42715 82 63 29
9.4165 0.14156 -0.39748 82 63 31
9.3598 0.15293 -0.41887 82 60 39
9.3426 0.1552 -0.44476 81 60 29
9.4514 0.14794 -0.36838 83 63 29
9.3347 0.16847 -0.40976 81 60 41
9.5407 0.10154 -0.39119 84 64 39
9.5036 0.12567 -0.41109 84 65 35
9.6122 0.14873 -0.42002 83 62 33
9.4705 0.15152 -0.43519 79 61 39
9.5462 0.13527 -0.38432 87 64 33
9.5093 0.14064 -0.44145 83 61 40
9.4967 0.15292 -0.40511 83 61 38
9.5128 0.16125 -0.40576 83 61 38
9.5453 0.12793 -0.45133 82 63 29
9.6192 0.12052 -0.4287 86 62 36
9.6098 0.091814 -0.36866 83 61 37
9.6832 0.11917 -0.43746 82 61 40
9.6743 0.1027 -0.40693 83 63 38
9.6313 0.070238 -0.37452 81 62 28
9.6752 0.13525 -0.39838 84 64 37
9.7056 0.097213 -0.44507 80 60 36
9.8109 0.12097 -0.38492 82 63 31
9.9186 0.13565 -0.39157 80 60 33
9.7706 0.081767 -0.42247 83 61 37
9.9058 0.10833 -0.43169 82 62 35
9.7396 0.10054 -0.41423 84 63 36
9.8964 0.091562 -0.40096 83 62 35
9.7888 0.10252 -0.45454 81 61 34
9.9694 0.040897 -0.3836 81 60 33
10.048 0.12218 -0.40871 82 61 34
9.8918 0.067999 -0.44111 84 64 39
9.9773 0.069777 -0.45021 83 61 40
9.9382 0.062519 -0.37653 83 62 33
9.961 0.027882 -0.45695 83 62 35
9.9672 0.052754 -0.41718 81 61 37
9.9874 0.013335 -0.39177 83 62 33
10.104 0.050581 -0.46931 84 64 39
9.9785 -0.060075 -0.40867 81 63 39
10.117 0.029445 -0.4013 88 63 33
10.085 0.029936 -0.43526 87 65 41
10.067 -0.012962 -0.44291 85 62 44
9.1706 0.1794 -0.50246 83 61 37
9.2015 0.14608 -0.45511 82 63 33
9.2714 0.15687 -0.46388 79 62 32
9.2369 0.17771 -0.48359 81 61 37
9.1546 0.14231 -0.50884 80 62 40
9.1475 0.16092 -0.56052 78 61 33
9.2569 0.16042 -0.49139 81 61 36
9.179 0.16285 -0.59822 79 61 41
9.2819 0.16894 -0.55483 81 62 30
9.2744 0.17671 -0.58371 80 61 31
9.1749 0.17044 -0.47584 82 61 34
9.2332 0.15877 -0.51823 82 60 39
9.1476 0.17245 -0.58705 82 62 27
9.2315 0.19162 -0.45047 82 61 34
9.193 0.1758 -0.53621 79 62 34
9.3164 0.11759 -0.54173 79 63 30
9.3621 0.11864 -0.49032 83 62 31
9.3885 0.16228 -0.4829 81 62 32
9.3853 0.14863 -0.61275 81 60 33
9.344 0.15028 -0.51046 80 62 40
9.3319 0.1378 -0.57218 80 60 36
9.3039 0.13468 -0.60017 78 61 33
9.3296 0.16618 -0.56584 80 61 31
9.3259 0.17604 -0.59409 78 59 25
9.3134 0.15101 -0.47193 81 62 30
9.3421 0.16113 -0.53876 82 62 38
9.3834 0.14177 -0.52068 80 59 40
9.3916 0.15213 -0.45492 82 60 37
9.4971 0.12126 -0.5763 79 60 26
9.4281 0.1413 -0.46177 83 58 36
9.5482 0.13455 -0.54761 81 61 34
9.4276 0.12843 -0.59285 78 58 34
9.4589 0.13902 -0.49997 80 63 35
9.5014 0.12993 -0.50777 81 61 36
9.4489 0.15178 -0.62533 78 61 35
9.4195 0.15457 -0.58496 79 59 35
9.4413 0.14188 -0.5281 80 62 38
9.5253 0.16104 -0.47257 81 62 30
9.5184 0.14427 -0.60775 78 60 36
9.4334 0.14982 -0.55699 79 60 30
9.6552 0.11835 -0.46989 82 61 42
9.6161 0.11687 -0.59811 80 58 34
9.6617 0.10147 -0.50713 79 59 32
9.7072 0.11536 -0.58103 82 62 37
9.6034 0.12327 -0.6295 80 61 27
9.6166 0.13151 -0.45871 82 62 38
9.5631 0.098457 -0.52796 81 61 34
9.6038 0.13762 -0.48978 80 63 33
9.5609 0.13406 -0.61704 79 58 37
9.655 0.11574 -0.63996 80 60 33
9.667 0.11643 -0.53872 82 57 37
9.5455 0.11415 -0.58578 79 58 41
9.6305 0.11147 -0.56835 82 60 36
9.6198 0.1578 -0.52011 81 61 36
9.577 0.092944 -0.49701 82 62 35
9.8843 0.090286 -0.50691 82 62 28
9.8131 0.10535 -0.528 83 61 37
9.7274 0.091764 -0.59018 82 57 34
9.7111 0.096847 -0.62133 79 59 32
9.803 0.0755 -0.46322 79 61 37
9.7651 0.10427 -0.48587 80 59 38
9.7489 0.088716 -0.5564 83 61 37
9.8161 0.093874 -0.49489 79 58 37
9.5943 0.049954 -0.54136 82 59 41
9.8118 0.075415 -0.64342 80 62 24
9.6879 0.08112 -0.51424 79 62 36
9.8242 0.076399 -0.53578 82 63 33
9.7509 0.069243 -0.59966 81 61 37
9.7846 0.071556 -0.56691 83 64 34
9.8241 0.055333 -0.57848 81 60 39
9.8373 0.073754 -0.61114 82 62 35
9.983 0.066795 -0.63908 78 58 31
9.8859 0.043765 -0.48058 84 63 34
9.8784 0.053481 -0.51597 82 61 34
9.869 0.0662 -0.65569 78 60 38
9.8739 0.072934 -0.47325 81 61 34
9.8657 0.07354 -0.58161 81 60 39
10.095 0.09646 -0.4942 80 58 34
9.9794 0.074502 -0.561 82 60 36
9.9977 0.059664 -0.60391 83 63 39
10.005 0.049397 -0.56877 79 59 34
9.9334 0.068081 -0.5938 81 62 32
9.9677 0.056515 -0.52603 82 59 25
9.9296 0.088414 -0.55158 84 62 38
9.8733 0.055175 -0.62246 79 61 37
9.9699 -0.058207 -0.6265 86 65 38
10.06 -0.0029081 -0.47715 87 66 37
10.091 0.022188 -0.51259 88 61 40
10.071 -0.0057634 -0.67081 86 62 34
10.112 0.056799 -0.5826 81 61 37
10.108 0.045513 -0.66566 82 60 37
10.058 -0.026744 -0.52202 83 59 31
10.053 0.010324 -0.62492 86 65 34
9.9378 -0.0003303 -0.60891 79 57 33
10.159 0.03897 -0.59643 86 65 38
10.021 0.046716 -0.64849 80 59 32
10.068 0.026259 -0.54704 81 61 36
10.089 -0.0017141 -0.55929 89 66 35
10.264 -0.047981 -0.59043 84 62 38
10.178 -0.0044142 -0.57092 83 61 37
10.02 -0.074692 -0.63972 81 58 40
10.269 -0.057608 -0.6747 80 59 30
10.308 0.058831 -0.61188 83 62 33
10.157 -0.0098209 -0.68546 80 59 32
10.005 -0.11617 -0.64582 82 63 31
10.203 -0.019085 -0.61689 84 62 39
10.332 -0.0099033 -0.6326 83 61 37
10.234 -0.021002 -0.58002 84 63 36
10.315 -0.081592 -0.56594 83 63 29
10.311 -0.081168 -0.69277 81 59 36
10.388 -0.042818 -0.60697 82 62 35
10.314 -0.14589 -0.62091 80 60 35
10.301 -0.13821 -0.5425 81 60 33
9.1653 0.15694 -0.74886 79 57 36
9.1717 0.16542 -0.68649 80 60 35
9.2187 0.15189 -0.67 77 57 33
9.1644 0.16601 -0.6235 81 61 36
9.135 0.16061 -0.64919 77 55 34
9.2201 0.16949 -0.63445 78 61 33
9.1316 0.15377 -0.7092 76 59 39
9.157 0.18051 -0.74108 78 57 36
9.1966 0.1445 -0.60518 83 61 40
9.1099 0.18087 -0.7291 77 56 39
9.1977 0.16862 -0.66109 78 59 25
9.1731 0.19451 -0.67927 80 59 40
9.2434 0.17781 -0.7013 80 60 36
9.2078 0.16943 -0.72551 81 61 36
9.1473 0.18401 -0.6147 79 61 37
9.0894 0.15706 -0.69958 77 60 32
9.3032 0.14607 -0.62791 80 60 33
9.3534 0.18006 -0.72784 77 60 32
9.3306 0.13151 -0.63845 80 59 40
9.2721 0.16471 -0.71103 78 58 33
9.2223 0.16088 -0.76378 80 58 35
9.2549 0.16725 -0.73889 76 59 33
9.3181 0.16632 -0.65903 79 58 39
9.3032 0.1349 -0.75797 78 58 33
9.3439 0.18725 -0.75755 78 60 38
9.3029 0.14049 -0.69394 80 58 34
9.2593 0.1509 -0.61614 77 59 37
9.3268 0.13575 -0.73255 77 60 34
9.3541 0.15599 -0.66828 79 59 34
9.4035 0.15233 -0.68069 78 58 33
9.4563 0.13691 -0.662 78 61 31
9.4031 0.14609 -0.74796 77 59 35
9.3739 0.14306 -0.77599 79 59 32
9.4402 0.12242 -0.72905 77 59 35
9.4389 0.14025 -0.69121 79 59 32
9.4602 0.12642 -0.80127 78 57 36
9.4343 0.13166 -0.75893 78 60 36
9.3799 0.11556 -0.78199 78 57 36
9.3449 0.13326 -0.70414 77 58 28
9.4061 0.13557 -0.71946 76 59 29
9.4763 0.11628 -0.67167 80 63 37
9.3858 0.13087 -0.6499 78 61 35
9.5744 0.089727 -0.66622 82 60 37
9.56 0.095167 -0.69658 80 59 38
9.606 0.097743 -0.74047 78 56 33
9.5064 0.11929 -0.64463 80 60 36
9.5128 0.10918 -0.78488 76 58 34
9.5124 0.11553 -0.71359 79 58 31
9.5897 0.10246 -0.77093 79 59 35
9.6123 0.14018 -0.66162 80 59 30
9.5631 0.12155 -0.75936 81 60 31
9.5281 0.11121 -0.68606 77 61 28
9.4823 0.11288 -0.74199 79 60 30
9.5094 0.11999 -0.81638 77 58 28
9.6115 0.12567 -0.80565 79 57 34
9.615 0.13457 -0.73429 79 60 28
9.5304 0.14972 -0.77943 79 59 35
9.8337 0.098071 -0.67852 80 60 36
9.7818 0.079539 -0.78331 77 60 34
9.5977 0.036501 -0.68128 80 60 36
9.7178 0.10474 -0.72574 80 60 36
9.7353 0.092099 -0.76861 76 59 31
9.6987 0.088212 -0.79853 78 60 40
9.7537 0.074796 -0.70339 80 60 35
9.7155 0.11148 -0.65281 78 56 32
9.7352 0.071232 -0.81021 80 60 33
9.7483 0.093214 -0.6626 80 58 34
9.7179 0.076547 -0.84409 78 58 33
9.6792 0.099511 -0.7548 79 59 34
9.672 0.12193 -0.82135 79 59 35
9.7112 0.10684 -0.83341 79 59 34
9.6398 0.10651 -0.8166 79 59 35
9.7333 0.078452 -0.73554 82 60 37
9.6904 0.11227 -0.68216 81 61 36
9.6621 0.1043 -0.78624 77 59 39
9.6404 0.10139 -0.71041 79 60 28
9.87 0.058006 -0.73343 78 61 33
9.8495 0.053407 -0.84294 80 59 32
9.8823 0.076421 -0.76916 80 62 26
10.01 0.08235 -0.75554 80 60 36
9.8965 0.043374 -0.66733 80 59 38
9.92 0.070493 -0.81581 79 58 37
9.8111 0.053954 -0.68591 82 61 42
9.9071 0.060905 -0.70254 81 60 39
9.8943 0.037377 -0.85681 78 60 24
9.8773 0.039088 -0.77539 78 58 31
9.777 0.064388 -0.74816 79 59 34
9.8359 0.069201 -0.79815 79 59 34
9.818 0.07451 -0.83172 81 59 36
9.7923 0.058524 -0.71792 81 60 33
10.186 0.090672 -0.7085 80 60 33
10.013 0.024053 -0.80933 74 57 31
9.9921 0.065214 -0.83383 81 60 33
9.9635 0.040073 -0.79521 79 58 37
10.02 0.053625 -0.88129 80 59 38
10.025 0.0061047 -0.85714 82 61 40
10.004 -0.01907 -0.70074 88 64 38
10.023 0.0018481 -0.73888 79 58 29
10.01 0.045699 -0.76264 79 57 34
10.028 0.04379 -0.8487 80 59 40
10.07 0.01027 -0.82552 78 58 34
9.964 0.036249 -0.67913 77 58 28
10.078 0.036972 -0.77999 81 60 29
10.024 -0.021285 -0.78124 83 63 28
10.336 0.0076449 -0.79525 81 59 35
10.003 -0.05246 -0.82369 83 61 37
10.23 -0.017457 -0.82344 80 60 26
10.137 0.0097896 -0.75895 84 63 32
10.167 -0.013797 -0.89034 81 61 36
10.177 -0.061463 -0.86444 81 61 37
10.054 -0.072503 -0.72026 82 62 35
10.223 -0.031009 -0.90978 78 62 27
10.196 0.018826 -0.72705 87 66 39
10.149 -0.023343 -0.76735 82 62 37
10.127 0.0091757 -0.879 82 60 36
10.224 -0.022225 -0.69887 83 59 31
10.281 0.040762 -0.82235 79 59 32
10.081 -0.059484 -0.84288 81 60 31
10.243 -0.053594 -0.70871 82 63 31
10.318 -0.012805 -0.75491 81 61 36
10.343 -0.13537 -0.75007 82 61 30
10.305 -0.056137 -0.7643 83 63 36
10.33 -0.059119 -0.85432 78 58 33
10.384 -0.081915 -0.74281 80 59 32
10.367 -0.073878 -0.78167 82 60 36
10.33 -0.045546 -0.89247 80 61 27
10.381 -0.043187 -0.73383 80 60 36
10.306 -0.040066 -0.93025 80 59 30
10.318 -0.038284 -0.8008 78 61 35
10.311 -0.026581 -0.84289 81 60 31
9.0366 0.16767 -0.86262 75 53 30
9.113 0.17375 -0.8541 77 53 27
9.0899 0.17208 -0.87982 78 58 33
9.0865 0.15376 -0.91386 78 58 34
9.148 0.1541 -0.83887 76 58 34
9.1811 0.16107 -0.8141 77 58 26
9.0733 0.13397 -0.88161 75 57 37
9.1049 0.19726 -0.84683 77 56 37
9.0826 0.15998 -0.78581 75 53 30
9.1254 0.15728 -0.79894 78 58 34
9.083 0.14862 -0.75885 78 54 28
9.0671 0.17012 -0.90269 78 55 37
9.1314 0.15607 -0.86323 76 56 31
9.1652 0.19269 -0.83465 79 60 28
9.1539 0.16475 -0.93342 77 56 37
9.0901 0.17634 -0.8154 76 58 36
9.2431 0.15533 -0.80169 76 55 24
9.2623 0.17343 -0.90298 76 56 31
9.3151 0.15368 -0.7908 78 58 33
9.1269 0.12521 -0.86956 77 56 35
9.252 0.15526 -0.86992 75 57 33
9.2808 0.16629 -0.94381 77 58 26
9.1732 0.16386 -0.9076 77 57 30
9.2102 0.15603 -0.92196 77 57 33
9.2333 0.16184 -0.82921 81 58 40
9.272 0.14207 -0.81338 77 57 33
9.2131 0.16768 -0.79179 75 54 23
9.2667 0.15113 -0.84169 78 57 36
9.2597 0.1422 -0.90887 75 58 32
9.2501 0.12471 -0.87639 77 57 32
9.1963 0.15306 -0.85362 78 59 27
9.3845 0.13034 -0.814 79 59 24
9.3144 0.14779 -0.85803 78 59 29
9.3981 0.12531 -0.95534 79 60 28
9.3339 0.15269 -0.92914 75 55 31
9.3684 0.13427 -0.84322 79 57 34
9.3223 0.13987 -0.82916 78 57 38
9.3953 0.12993 -0.8845 78 60 38
9.2388 0.11329 -0.94235 77 57 33
9.4049 0.11659 -0.92603 76 56 22
9.3498 0.14894 -0.90114 78 56 33
9.4212 0.13122 -0.8585 78 58 31
9.3568 0.14606 -0.80285 77 59 23
9.3416 0.13879 -0.96915 74 56 32
9.3861 0.13769 -0.91542 76 56 31
9.346 0.12875 -0.93854 76 54 33
9.3289 0.12528 -0.86598 80 60 35
9.5199 0.092307 -1.0033 77 56 35
9.4542 0.11704 -0.87106 79 59 32
9.5224 0.10723 -0.8577 75 58 32
9.435 0.10106 -0.94014 80 54 39
9.4331 0.11237 -0.97049 78 58 24
9.5066 0.1119 -0.88724 77 60 30
9.5593 0.093174 -0.87051 78 59 27
9.4162 0.11025 -0.89797 77 60 34
9.4658 0.11038 -0.84083 78 57 30
9.4549 0.098549 -0.91082 79 60 28
9.5288 0.10355 -0.93124 78 58 31
9.5246 0.095859 -0.8266 79 58 29
9.5543 0.12881 -0.96823 77 58 28
9.5319 0.13063 -0.99821 77 56 25
9.5515 0.10223 -0.90359 78 59 29
9.6516 0.10474 -0.89276 79 58 29
9.6375 0.1035 -0.99995 76 55 34
9.6185 0.043479 -0.86169 79 59 34
9.6104 0.098053 -0.92053 78 57 36
9.6502 0.09653 -0.9679 77 55 32
9.676 0.082893 -0.90479 79 59 25
9.6421 0.087575 -0.85902 76 59 33
9.6806 0.077434 -0.98316 79 57 34
9.7699 0.10539 -0.96354 81 61 34
9.5769 0.089018 -0.84029 78 58 34
9.6149 0.11281 -0.95319 76 55 26
9.626 0.092688 -0.88955 79 58 29
9.6116 0.10425 -1.0304 77 56 35
9.6567 0.086964 -0.93697 80 60 36
9.499 0.069346 -0.96506 77 57 30
9.6692 0.085046 -1.0151 76 56 31
9.754 0.042254 -1.0117 77 56 35
10.007 0.098411 -0.90845 80 58 34
9.843 0.095085 -1.0656 76 55 34
9.7709 0.058267 -0.93705 78 56 33
9.7551 0.072383 -0.89119 78 56 33
9.8318 0.037017 -0.91914 80 60 26
9.7482 0.082337 -0.92515 78 58 34
9.7716 0.066861 -0.85951 80 58 34
9.7786 0.04838 -0.90149 81 61 27
9.8037 0.042481 -1.0662 76 60 27
9.8029 0.046217 -0.87165 80 60 35
9.8774 0.069922 -0.96213 78 58 34
9.7203 0.048514 -0.96231 78 57 28
9.8665 0.078539 -0.9965 80 60 33
9.7261 0.064333 -0.99974 77 55 32
9.7124 0.071204 -1.0327 80 59 30
9.8096 0.031657 -1.0299 77 57 32
10.008 0.039335 -0.96359 78 57 30
10.069 0.013385 -0.9466 76 58 22
9.9679 0.045874 -0.91315 80 60 35
9.9406 0.038709 -1.0298 79 57 33
9.9479 0.054736 -1.0644 78 60 22
10.061 0.034049 -0.90045 79 57 34
9.8945 0.055138 -1.0113 78 58 33
10.03 0.024961 -1.0149 78 58 34
9.9858 0.033871 -1.0808 76 56 32
10.031 0.011532 -0.97638 80 58 35
10.058 0.046191 -0.93506 79 58 27
9.9666 0.049487 -1.0335 79 57 33
10.003 0.051115 -1.0035 78 59 25
9.8806 0.022649 -0.93589 79 58 27
9.9067 0.046902 -0.97619 79 57 34
10.045 0.021097 -1.1048 76 56 32
10.094 0.060851 -0.94103 79 58 27
10.043 0.043908 -1.056 74 56 32
10.274 0.040907 -0.9458 79 59 32
10.033 -0.075023 -0.95588 80 56 28
10.069 -0.072669 -1.0452 80 58 35
10.123 -0.038548 -1.0957 79 60 30
10.143 0.0045837 -0.96699 80 59 28
10.148 -0.018108 -1.0136 80 58 34
10.062 -0.010461 -1.1136 76 55 24
10.081 0.021769 -1.0725 78 56 33
10.105 -0.061571 -0.92894 80 60 35
10.051 -0.0040308 -1.0269 79 59 34
10.257 0.02607 -1.1628 77 56 27
10.062 -0.023858 -1.0758 79 58 27
10.148 -0.0044771 -1.0528 81 60 33
10.156 0.023661 -1.0072 81 59 38
10.063 -0.0025619 -0.90724 78 58 33
10.224 -0.028139 -1.0363 78 58 31
10.264 -0.027416 -1.0031 79 59 24
10.184 -0.06806 -1.0784 78 58 34
10.214 -0.071026 -1.0436 78 59 29
10.266 -0.080076 -0.97227 78 57 28
10.243 -0.048903 -0.96142 79 58 37
10.174 -0.057816 -1.1164 77 58 26
10.266 -0.064139 -1.1451 76 56 31
10.196 -0.091153 -1.0001 79 59 35
8.9883 0.15774 -0.97184 72 55 29
9.1019 0.1585 -0.98178 75 54 27
9.1266 0.18531 -1.0172 74 57 31
9.0447 0.16422 -0.98995 75 54 37
9.017 0.15946 -1.013 75 59 36
9.084 0.14344 -1.0429 73 55 33
9.0489 0.16282 -1.0566 73 52 35
9.1036 0.16729 -1.0783 72 55 27
9.0251 0.16841 -0.95111 77 56 27
9.1106 0.18003 -0.94752 75 54 27
9.0914 0.17637 -1.038 76 58 38
8.9948 0.16981 -1.0657 77 54 23
9.0429 0.16719 -0.92568 79 54 31
9.1318 0.16398 -0.95851 76 53 35
9.0001 0.16084 -1.0368 76 58 22
9.0434 0.1518 -0.96217 73 53 16
9.1918 0.16029 -1.115 74 53 26
9.139 0.12755 -0.93777 75 58 30
9.2406 0.19818 -0.98982 75 53 32
9.2388 0.16732 -0.99593 75 53 32
9.2114 0.13472 -1.0286 77 58 26
9.2399 0.18045 -1.0276 75 57 33
9.1629 0.16537 -1.0018 75 54 27
9.1424 0.13692 -1.0354 76 55 34
9.1348 0.16089 -1.024 77 57 30
9.2222 0.14556 -0.96132 77 59 39
9.2733 0.15692 -1.0117 74 55 23
9.1625 0.16043 -1.0692 76 55 34
9.202 0.16618 -1.118 74 53 26
9.2204 0.15175 -1.0599 73 55 33
9.1342 0.15664 -1.0946 72 53 19
9.169 0.13527 -1.0799 77 55 34
9.2124 0.1422 -1.1272 73 56 26
9.3028 0.13054 -0.99391 76 57 25
9.323 0.098464 -0.97264 78 57 36
9.3577 0.11681 -0.98029 78 57 36
9.2935 0.14464 -1.1245 74 56 34
9.322 0.12941 -1.1394 76 55 34
9.2478 0.12503 -1.0431 77 56 35
9.2933 0.13747 -1.0217 77 56 13
9.345 0.16017 -1.1055 75 57 35
9.2718 0.15082 -1.0813 78 56 33
9.3295 0.11425 -1.0056 77 55 32
9.3356 0.12989 -1.0386 76 58 10
9.3052 0.12609 -1.0637 78 53 30
9.3371 0.12516 -1.1122 78 58 33
9.242 0.14647 -1.104 77 56 39
9.3533 0.12114 -1.0832 77 55 31
9.2551 0.13419 -0.97492 79 57 34
9.4478 0.10097 -1.014 78 60 24
9.411 0.12614 -1.031 78 56 32
9.5542 0.1222 -1.045 80 58 35
9.4802 0.10399 -1.1699 77 57 32
9.373 0.12572 -1.162 73 56 30
9.4201 0.13735 -1.139 77 56 35
9.4583 0.11252 -1.1238 76 55 36
9.3726 0.11852 -1.054 77 52 30
9.4253 0.10848 -1.1492 77 57 32
9.4753 0.088884 -1.1352 78 56 32
9.387 0.10771 -1.0992 76 56 32
9.4923 0.1362 -1.056 76 56 31
9.4819 0.098991 -1.0625 76 56 29
9.4828 0.1121 -1.0958 76 56 31
9.4561 0.13683 -1.0078 75 58 30
9.4677 0.13638 -1.0838 80 57 26
9.4438 0.13086 -1.1884 73 56 30
9.6025 0.066573 -1.0351 79 59 32
9.5561 0.062848 -1.1707 78 55 39
9.5512 0.093507 -1.1615 79 57 34
9.5682 0.11488 -1.2011 77 57 30
9.5393 0.10753 -1.1155 75 57 37
9.611 0.076194 -1.1509 78 57 28
9.6265 0.10972 -1.2253 76 56 31
9.6599 0.10697 -1.0841 78 59 27
9.6088 0.067573 -1.2295 73 55 31
9.5301 0.090348 -1.0802 75 53 29
9.6112 0.096645 -1.1068 75 55 28
9.7008 0.091985 -1.1002 77 57 32
9.671 0.091216 -1.1288 77 53 25
9.5331 0.071601 -1.1211 76 55 36
9.5393 0.082147 -1.0491 77 56 35
9.6214 0.026376 -1.2031 78 57 38
9.7777 0.057608 -1.134 74 55 25
9.823 0.06429 -1.1072 75 58 28
9.7542 0.038546 -1.2098 78 57 38
9.749 0.10087 -1.0737 77 56 35
9.738 0.074577 -1.1164 76 55 28
9.8496 0.067115 -1.1961 75 56 26
9.7007 0.070815 -1.1443 75 55 20
9.6531 0.053981 -1.2483 74 54 27
9.7625 0.055384 -1.2482 74 57 31
9.7636 0.064464 -1.1665 75 55 18
9.7359 0.060395 -1.0796 75 58 30
9.7629 0.077465 -1.203 77 56 29
9.7003 0.097203 -1.2172 78 57 38
9.6392 0.0556 -1.165 74 54 27
9.9218 -0.01534 -1.1149 78 53 31
10.085 0.068611 -1.3199 77 56 35
9.9138 0.067851 -1.1355 78 58 34
9.9555 0.071964 -1.106 78 58 33
9.8985 0.042458 -1.3014 73 55 33
9.9465 0.04901 -1.2748 77 56 35
9.923 0.035184 -1.1455 78 57 30
9.9347 0.017055 -1.196 77 53 25
9.8904 0.062071 -1.2523 76 56 31
10.045 0.072347 -1.1338 79 59 35
9.811 0.041357 -1.2707 73 56 28
9.7713 -0.015581 -1.1474 74 53 32
9.7697 -0.0031895 -1.1839 75 54 27
9.9928 0.027209 -1.17 77 57 32
9.9285 0.027926 -1.2321 75 55 31
9.8721 0.063232 -1.1626 75 54 33
9.9117 0.011158 -1.3139 77 57 33
10.071 0.0070853 -1.1561 78 56 32
9.9897 -0.099186 -1.1569 77 57 30
10.193 -0.009446 -1.241 76 55 28
10.014 -0.03956 -1.1904 77 54 23
10.035 0.034157 -1.2673 75 55 31
9.9572 -0.021161 -1.2947 75 57 33
10.059 -0.0081355 -1.2422 75 54 25
10.068 0.019971 -1.1958 78 56 35
10.04 -0.04279 -1.1579 78 57 30
10.178 0.013179 -1.3214 78 56 32
10.205 0.009474 -1.2857 75 55 28
10.094 0.01972 -1.2914 77 59 23
9.9877 0.0013849 -1.2159 76 55 26
10.063 -0.016998 -1.3337 76 55 34
10.101 -0.016583 -1.3011 78 56 32
10.247 -0.057135 -1.1805 76 56 31
10.184 -0.077737 -1.2997 75 55 30
10.049 -0.074596 -1.2986 78 56 32
10.212 -0.055748 -1.2137 79 58 31
10.13 -0.069836 -1.3682 76 54 30
10.107 -0.093996 -1.1911 79 58 31
10.079 -0.079706 -1.1354 78 57 30
10.137 -0.069306 -1.2376 77 57 32
10.188 -0.0081784 -1.3763 77 57 32
10.092 -0.072024 -1.2702 76 55 26
8.9737 0.17716 -1.1838 75 55 20
9.0012 0.18173 -1.1607 73 52 21
9.0367 0.17194 -1.2481 75 54 33
9.0608 0.17821 -1.1569 70 54 31
9.0521 0.16893 -1.2221 72 51 30
9.0215 0.16626 -1.1744 74 54 30
8.992 0.17978 -1.0925 74 53 36
9.0492 0.17517 -1.0866 73 51 28
8.9907 0.17181 -1.2255 72 54 32
9.0506 0.15972 -1.1233 76 55 38
9.0985 0.18451 -1.2055 71 52 18
9.0768 0.16351 -1.1014 73 56 28
8.9641 0.18319 -1.21 73 54 22
9.0476 0.18651 -1.1167 76 54 31
9.0058 0.16891 -1.2 73 54 22
9.0066 0.17325 -1.1338 72 54 32
9.162 0.14632 -1.2804 72 53 21
9.1311 0.16651 -1.1213 73 53 19
9.1437 0.14518 -1.1341 72 55 27
9.1793 0.14821 -1.1809 74 56 34
9.2044 0.1502 -1.157 75 54 33
9.173 0.14028 -1.2527 70 51 17
9.1196 0.17238 -1.1504 74 53 32
9.0669 0.14873 -1.2322 72 53 23
9.1182 0.15025 -1.2574 71 55 30
9.0979 0.17174 -1.1745 72 54 32
9.1601 0.14954 -1.2065 71 54 28
9.1405 0.15512 -1.1618 75 55 31
9.0495 0.15068 -1.2579 71 53 33
9.1486 0.15534 -1.2346 72 52 27
9.2076 0.16456 -1.1901 74 56 34
9.0983 0.14309 -1.1817 74 56 32
9.0918 0.15148 -1.2104 69 50 16
9.3366 0.14412 -1.2496 73 55 31
9.2352 0.12629 -1.3149 70 52 30
9.253 0.14749 -1.1783 74 54 27
9.2765 0.14777 -1.1518 76 55 26
9.3078 0.1344 -1.1685 75 53 29
9.2045 0.12752 -1.2668 71 51 27
9.2633 0.14766 -1.2526 70 52 28
9.3333 0.12991 -1.2168 75 57 33
9.2629 0.11671 -1.2595 75 54 33
9.1624 0.12164 -1.216 74 54 30
9.2029 0.1393 -1.2996 74 54 30
9.3268 0.15741 -1.2066 73 57 31
9.2876 0.14856 -1.2277 73 55 33
9.2211 0.14159 -1.1988 73 55 33
9.3892 0.11476 -1.2039 72 55 29
9.465 0.10939 -1.2012 73 53 29
9.3796 0.10373 -1.2774 74 58 32
9.3502 0.14556 -1.3287 75 55 20
9.4769 0.12796 -1.2369 74 54 30
9.3767 0.12095 -1.234 75 53 32
9.3211 0.085583 -1.2915 74 53 26
9.3636 0.12091 -1.3406 73 53 26
9.4109 0.10062 -1.3291 74 53 32
9.4328 0.11862 -1.2603 77 57 32
9.3569 0.12361 -1.2634 73 55 31
9.3189 0.11621 -1.2858 75 53 32
9.5121 0.1396 -1.3277 75 53 32
9.4056 0.11099 -1.3631 73 52 31
9.3294 0.11469 -1.1799 73 54 22
9.4705 0.10499 -1.2772 74 56 36
9.6062 0.079214 -1.2634 77 54 21
9.5687 0.1003 -1.3589 75 53 30
9.443 0.08456 -1.3475 71 50 31
9.5538 0.087637 -1.2407 75 55 30
9.5843 0.12145 -1.4018 72 53 23
9.5053 0.096852 -1.2191 74 54 30
9.4695 0.072661 -1.2895 75 55 28
9.5673 0.10717 -1.2794 76 53 37
9.5288 0.047311 -1.3536 74 52 29
9.4746 0.079811 -1.3985 75 54 37
9.5116 0.059933 -1.3072 76 56 31
9.4825 0.117 -1.3939 73 56 30
9.4844 0.092281 -1.3251 73 55 33
9.4976 0.10619 -1.2532 73 53 28
9.5511 0.065924 -1.2829 75 55 30
9.5706 0.080617 -1.4046 75 55 21
9.7767 0.088692 -1.3276 75 53 30
9.6776 0.026375 -1.464 70 54 31
9.6382 0.030334 -1.4052 72 50 27
9.6077 0.051012 -1.3885 72 50 29
9.7047 0.047627 -1.3906 73 55 35
9.7053 0.069688 -1.3448 75 59 33
9.6441 0.081361 -1.4381 73 54 24
9.6487 0.078129 -1.3192 75 58 30
9.5536 0.0050026 -1.4159 73 52 31
9.74 0.058796 -1.2804 76 54 30
9.7628 0.046851 -1.3321 75 55 21
9.7775 0.066784 -1.3743 78 56 33
9.6106 0.073413 -1.3445 75 55 28
9.7044 0.082373 -1.3806 76 56 32
9.6278 0.055453 -1.2778 74 57 29
9.9384 0.035464 -1.3584 75 56 26
9.8294 0.03005 -1.4435 71 53 29
9.832 0.054879 -1.4003 73 55 33
9.8838 0.016591 -1.471 73 52 31
9.7653 0.034279 -1.2933 75 57 21
9.9187 0.041384 -1.3948 74 54 27
9.8816 0.0024572 -1.4326 72 54 30
9.8775 0.037501 -1.4213 75 53 30
9.7487 0.031432 -1.4109 73 55 33
9.7803 0.05911 -1.461 73 52 21
9.8933 0.053914 -1.339 76 55 28
9.8221 0.037153 -1.3595 74 54 27
10.011 0.0035447 -1.4387 76 54 30
10.038 -0.037896 -1.4166 72 51 30
9.9801 -0.046404 -1.4415 75 54 33
10.041 -0.011931 -1.3669 75 54 33
9.9995 0.023419 -1.3869 74 55 25
9.9681 -0.027249 -1.386 72 50 26
10.007 0.015906 -1.4791 76 56 29
10.024 0.019561 -1.3536 75 53 29
9.9953 0.035654 -1.4268 73 56 30
10.072 0.0030556 -1.5081 72 51 34
9.9688 0.014245 -1.5081 73 53 28
10.074 -0.037789 -1.3848 74 52 31
10.057 -0.083073 -1.389 76 51 29
10.143 -0.090248 -1.4244 75 55 31
10.038 -0.076527 -1.4239 74 51 35
8.8728 0.15771 -1.3322 71 49 26
8.9914 0.16834 -1.2926 73 52 23
8.9114 0.17027 -1.3167 74 53 26
8.9361 0.16189 -1.2666 72 50 26
8.9138 0.14068 -1.3923 69 51 13
8.9175 0.16248 -1.2908 72 52 25
8.9402 0.14872 -1.3046 74 53 34
9.017 0.15538 -1.3077 71 50 23
8.9725 0.17271 -1.2496 73 52 31
8.9802 0.15725 -1.3554 70 53 23
8.9232 0.17503 -1.3909 71 51 27
8.9674 0.16234 -1.3844 72 49 31
9.0065 0.1615 -1.3357 73 52 25
8.9571 0.17152 -1.3412 70 51 34
8.9896 0.15486 -1.2609 71 52 22
8.9413 0.17388 -1.366 70 50 25
9.0158 0.15084 -1.3774 73 52 25
9.0771 0.17513 -1.3674 74 54 29
9.0705 0.15461 -1.4051 70 50 23
9.0729 0.13905 -1.4453 70 53 27
9.0957 0.14497 -1.3521 71 51 24
9.0696 0.14128 -1.3716 72 55 29
9.0389 0.1566 -1.2852 71 50 29
9.1268 0.14568 -1.4017 75 53 30
9.1428 0.17699 -1.2963 71 54 28
9.024 0.13916 -1.4187 70 50 23
9.1023 0.14391 -1.4249 68 50 28
9.1104 0.14094 -1.3247 71 52 22
8.9892 0.14689 -1.3981 68 48 23
9.0383 0.13988 -1.3238 74 50 22
9.0761 0.14993 -1.305 71 50 29
9.1268 0.15059 -1.3307 71 52 22
9.1479 0.15014 -1.305 71 53 33
9.229 0.1307 -1.4229 71 53 29
9.1149 0.12164 -1.4377 71 51 27
9.2585 0.13411 -1.399 72 51 22
9.1803 0.14635 -1.4294 72 52 28
9.2483 0.14623 -1.3526 69 51 27
9.185 0.1313 -1.4725 69 52 22
9.2585 0.10921 -1.3342 75 54 23
9.2219 0.12037 -1.4917 68 50 28
9.2371 0.14766 -1.4583 73 53 29
9.2282 0.14815 -1.3808 72 52 28
9.147 0.13242 -1.3445 72 50 27
9.1433 0.11318 -1.3846 71 49 28
9.204 0.15267 -1.3335 72 53 21
9.127 0.14068 -1.4735 67 50 22
9.1321 0.13639 -1.3718 71 52 18
9.1228 0.12603 -1.4402 71 51 27
9.2693 0.12712 -1.3683 72 52 28
9.3092 0.11752 -1.3902 71 50 33
9.3917 0.11675 -1.3936 76 54 30
9.3127 0.10636 -1.356 74 53 26
9.3506 0.1337 -1.4827 71 54 28
9.3699 0.11827 -1.4211 73 51 27
9.3799 0.10406 -1.467 69 52 24
9.3074 0.12967 -1.4253 71 50 19
9.3236 0.086972 -1.4784 75 55 30
9.3376 0.14603 -1.4366 71 50 19
9.3853 0.12614 -1.4255 69 52 24
9.3636 0.12751 -1.452 70 51 17
9.2744 0.13663 -1.4785 69 51 31
9.379 0.090495 -1.4304 73 53 19
9.289 0.11314 -1.4922 74 54 27
9.256 0.11413 -1.4386 72 52 28
9.4906 0.11432 -1.478 73 50 32
9.5096 0.11096 -1.4496 72 54 34
9.3883 0.075422 -1.4756 72 50 27
9.4651 0.068247 -1.4764 75 53 16
9.3989 0.087752 -1.402 71 54 26
9.5401 0.078807 -1.43 73 55 33
9.5004 0.072477 -1.4524 75 53 29
9.5818 0.065184 -1.4541 75 56 24
9.6284 0.051661 -1.4747 71 55 32
9.5321 0.041665 -1.4373 75 56 24
9.6117 0.09293 -1.5035 74 53 26
9.8197 -2.0302 -1.7234 53 40 21
9.1939 -2.0476 -1.4712 50 34 19
9.9392 -2.2148 -1.731 43 27 10
8.9463 0.15775 -1.4759 72 52 18
8.9014 0.15728 -1.4485 68 50 26
8.9507 0.14758 -1.4443 69 51 31
8.9612 0.17961 -1.5141 62 48 22
8.9252 0.16015 -1.4277 72 52 27
8.9693 0.14686 -1.421 67 48 31
8.8675 0.17556 -1.4576 71 50 19
8.9092 0.17388 -1.4802 69 49 25
8.8493 0.15172 -1.4203 69 48 17
8.8997 0.17101 -1.4074 70 48 25
8.9873 0.14167 -1.4673 69 51 29
8.9811 0.1503 -1.4965 68 48 24
9.1006 0.16815 -1.4897 69 53 27
8.9329 0.03976 -1.4252 69 51 29
9.0144 0.14567 -1.4463 71 50 33
9.0183 0.13091 -1.4854 69 53 30
9.147 0.12177 -1.4882 70 50 23
9.2273 -0.89174 -1.7101 42 29 13
9.1408 -0.87764 -1.6609 44 26 12
9.1775 -0.94184 -1.6593 43 27 12
9.4425 -1.0064 -1.774 48 31 13
9.2971 -0.98569 -1.7322 46 29 19
9.3224 -1.0328 -1.6786 49 32 6
9.4798 -0.97607 -1.7411 50 33 16
9.1456 -1.1733 -1.6662 44 27 19
9.4262 -1.2405 -1.6959 43 29 16
9.3415 -1.2539 -1.628 45 29 14
9.2935 -1.1999 -1.7073 47 28 14
9.0311 -1.2445 -1.6215 44 27 9
9.1187 -1.2068 -1.6589 43 28 9
9.4589 -1.349 -1.7081 45 29 16
9.3076 -1.3458 -1.6761 43 25 15
9.1528 -1.3672 -1.679 44 27 17
9.2794 -1.3791 -1.6687 51 27 17
9.0565 -1.7755 -1.6231 59 43 20
9.1974 -1.799 -1.6567 53 36 10
9.1841 -1.9058 -1.576 45 28 8
8.2459 -1.84 -1.1218 50 39 17
9.1711 -1.9334 -1.5726 44 28 11
9.1312 -1.9161 -1.6227 45 24 3
9.287 -1.9485 -1.6541 45 27 3
9.1611 -1.9514 -1.6428 45 28 21
9.1914 -1.9371 -1.5825 44 28 11
9.4842 -2.1053 -1.6267 52 37 18
9.129 -2.0246 -1.5145 61 41 17
8.8724 -1.9923 -1.4416 41 22 15
9.2957 -2.0547 -1.6139 42 25 15
9.2143 -2.0889 -1.6638 39 23 6
9.0954 -2.5375 -1.6244 39 24 1
9.2755 -2.6169 -1.6432 40 24 1
9.1308 -2.5552 -1.6111 43 16 7
9.4856 -2.7377 -1.7043 41 21 12
8.9102 -0.78799 -1.7231 41 29 3
8.5536 -0.87363 -1.5566 38 27 8
8.7853 -0.87559 -1.668 50 34 21
8.8014 -0.87176 -1.6768 50 34 21
8.8658 -0.8279 -1.7062 50 35 14
8.9012 -0.95898 -1.6607 41 29 15
8.8448 -0.89005 -1.7047 44 29 10
9.169 -0.83157 -1.6994 40 22 12
9.0627 -0.8845 -1.664 38 26 10
9.1142 -0.90499 -1.6899 38 24 11
8.9967 -0.91094 -1.7007 42 24 12
9.0034 -0.91805 -1.6729 39 27 5
9.2023 -0.91028 -1.7762 41 26 5
9.2222 -0.92444 -1.719 43 26 19
9.0793 -0.94207 -1.6834 44 24 15
8.8763 -1.0854 -1.64 48 28 21
8.8912 -1.0546 -1.6422 45 28 11
8.7698 -1.1406 -1.659 44 29 8
9.021 -1.1845 -1.7466 47 29 5
8.7093 -1.1819 -1.6044 41 27 16
8.7789 -1.1671 -1.6684 42 26 11
8.9705 -1.16 -1.7137 42 29 13
8.8796 -1.2558 -1.6803 42 28 17
8.8687 -1.2916 -1.6581 42 26 3
9.0571 -1.2047 -1.6605 46 29 12
8.8268 -1.2316 -1.6503 44 29 6
8.8143 -1.2883 -1.654 45 28 20
9.062 -1.2344 -1.6713 43 25 15
8.9798 -1.2921 -1.6799 41 25 8
8.8754 -1.3196 -1.665 42 24 12
8.8594 -1.3134 -1.6882 42 26 9
9.1161 -1.339 -1.7927 45 27 7
9.1404 -1.3602 -1.708 42 22 15
8.9102 -1.3318 -1.6231 42 23 16
9.272 -1.3238 -1.7608 45 28 11
8.7856 -1.4605 -1.6474 44 28 15
8.9558 -1.455 -1.7737 42 25 17
8.9248 -1.4038 -1.709 47 30 13
8.7928 -1.4269 -1.6764 41 25 10
8.7944 -1.4332 -1.6486 44 28 15
8.8369 -1.5165 -1.6906 49 30 13
8.6668 -1.5374 -1.607 52 34 22
8.8456 -1.5509 -1.6656 55 37 23
8.875 -1.7923 -1.6476 48 31 21
8.9205 -1.8038 -1.6342 49 33 10
9.007 -1.8795 -1.6637 44 25 21
8.8828 -1.826 -1.6232 48 30 18
9.068 -1.9535 -1.6727 41 24 4
9.0158 -1.9772 -1.623 41 21 14
9.0913 -1.9631 -1.653 41 24 6
8.809 -1.944 -1.6502 36 18 0
8.8892 -1.8874 -1.6119 43 25 11
8.9787 -1.9647 -1.6327 42 27 8
8.7451 -1.9567 -1.6218 42 22 11
8.706 -1.9991 -1.609 41 21 20
8.9509 -2.0196 -1.6012 40 23 5
8.9663 -2.0186 -1.6419 35 28 12
8.9873 -1.9995 -1.6134 40 22 18
8.7469 -2.0649 -1.6162 35 21 8
8.8735 -2.1105 -1.5941 38 19 2
8.8488 -2.0422 -1.6298 34 22 6
8.8566 -2.0751 -1.609 36 20 7
8.7996 -2.0752 -1.677 36 18 8
8.8403 -2.0443 -1.5958 39 21 11
8.7888 -2.084 -1.5817 40 24 1
8.8013 -2.0569 -1.6108 36 23 7
9.0804 -2.1702 -1.6617 35 24 0
8.8249 -2.1161 -1.6337 31 22 25
8.8924 -2.2781 -1.6361 35 21 10
8.7044 -2.2124 -1.5714 31 21 12
8.8957 -2.249 -1.6667 31 22 5
8.8066 -2.2167 -1.6482 35 22 3
8.8403 -2.2041 -1.6279 36 22 13
8.7184 -2.2688 -1.5971 37 20 2
8.7981 -2.3254 -1.6104 35 18 8
8.8826 -2.3023 -1.6417 31 19 7
8.8982 -2.3346 -1.6528 35 16 2
8.8975 -2.4763 -1.6261 32 25 5
8.7824 -2.4762 -1.6396 41 15 16
9.2094 -2.5806 -1.7099 44 23 4
8.9259 -2.4616 -1.6399 37 23 12
8.9317 -2.466 -1.6095 33 20 11
8.6621 -2.3995 -1.5706 37 19 0
8.8167 -2.415 -1.6141 37 15 2
8.7996 -2.4287 -1.6677 42 23 7
8.8265 -2.5486 -1.6758 36 20 5
8.8189 -2.5472 -1.6411 35 18 0
8.9001 -2.614 -1.6617 36 14 1
8.7933 -2.5621 -1.6356 34 17 0
8.9745 -2.7395 -1.6294 29 19 9
8.765 -2.6837 -1.5986 31 21 0
8.859 -2.7052 -1.6389 51 34 8
8.8595 -2.7064 -1.6063 37 9 21
8.7529 -2.675 -1.6174 36 24 8
8.8146 -2.7336 -1.6543 35 18 8
8.7373 -2.6936 -1.5837 36 18 4
8.7716 -2.7907 -1.6186 44 27 9
9.0525 -2.9531 -1.7069 37 22 0
8.7572 -2.7849 -1.5893 34 21 2
8.8304 -2.8529 -1.6308 38 22 7
8.8602 -2.8171 -1.6056 35 20 1
8.7207 -2.788 -1.5996 38 23 4
8.9675 -2.8781 -1.6286 41 24 6
8.4607 -0.76423 -1.6202 37 18 12
8.5945 -0.71289 -1.7251 39 22 14
8.4874 -0.72421 -1.6521 40 22 10
8.478 -0.69382 -1.674 37 20 12
8.6123 -0.72289 -1.6821 42 22 11
8.5853 -0.74911 -1.7 41 28 12
8.4735 -0.80113 -1.665 39 23 0
8.4977 -0.81816 -1.687 40 23 3
8.6487 -0.73759 -1.708 39 19 10
8.6031 -0.72595 -1.6762 47 27 2
8.6205 -0.77244 -1.6967 36 24 10
8.4958 -0.76926 -1.6753 41 23 1
9.5162 -0.5129 -2.1976 42 22 21
8.4973 -0.87511 -1.6716 43 25 13
8.5425 -0.87076 -1.67 36 23 15
8.8087 -0.7695 -1.7244 41 24 14
8.4844 -0.90277 -1.6721 40 25 6
8.6571 -0.84821 -1.7101 39 27 3
8.6984 -0.88809 -1.652 52 36 13
8.6364 -0.92142 -1.6514 55 34 13
8.7898 -0.8938 -1.709 53 33 22
8.822 -0.83053 -1.7125 49 33 16
8.6867 -0.85677 -1.6666 45 30 11
8.563 -0.90816 -1.725 37 24 6
8.4582 -0.91736 -1.6245 43 26 9
8.5072 -0.89682 -1.6869 40 25 6
8.6012 -0.97313 -1.6743 47 32 13
8.6748 -0.93929 -1.6774 48 31 11
8.4762 -0.98606 -1.6519 44 30 19
8.7127 -1.0803 -1.6715 49 30 16
8.5161 -1.0974 -1.6169 42 27 4
8.5077 -1.1096 -1.6763 53 26 7
8.6019 -1.039 -1.6296 37 30 12
8.7123 -1.0109 -1.7258 45 29 4
8.8449 -1.0353 -1.8484 38 28 18
8.7204 -1.0365 -1.7367 43 28 5
8.6719 -1.06 -1.6447 50 28 13
8.6217 -1.0611 -1.6479 43 26 6
8.5516 -1.0772 -1.6994 43 30 14
8.4843 -1.057 -1.6826 54 25 4
8.8018 -1.0101 -1.7135 53 31 16
8.4238 -1.1707 -1.633 52 27 7
8.7417 -1.1369 -1.675 46 26 17
8.7111 -1.1335 -1.6921 42 24 12
8.5346 -1.1624 -1.6753 41 26 7
8.6 -1.1352 -1.6785 44 27 7
8.5827 -1.1047 -1.6948 38 29 14
8.6229 -1.1384 -1.6694 43 26 16
8.6472 -1.1613 -1.6881 45 27 3
8.6239 -1.1056 -1.6882 39 27 3
8.5638 -1.1333 -1.6864 42 25 18
8.6196 -1.1581 -1.699 47 27 16
8.4773 -1.1388 -1.663 54 27 6
8.6287 -1.1706 -1.6476 37 24 15
8.7766 -1.1875 -1.7065 44 28 15
8.6248 -1.2093 -1.7167 43 26 18
8.5337 -1.1875 -1.6811 40 24 11
8.7415 -1.1841 -1.7181 39 27 13
8.6083 -1.2435 -1.6827 43 26 16
8.4258 -1.2715 -1.6366 39 27 5
8.5649 -1.229 -1.6193 35 26 11
8.5437 -1.2244 -1.6383 42 25 5
8.6196 -1.2361 -1.7161 40 24 9
8.5583 -1.1978 -1.6396 43 26 18
8.7166 -1.1669 -1.6686 44 30 17
8.5968 -1.1933 -1.6636 43 26 18
8.5509 -1.1918 -1.6664 44 24 17
8.524 -1.3007 -1.6456 42 28 15
8.6466 -1.2795 -1.6531 39 25 14
8.5618 -1.2918 -1.6967 41 27 14
8.7136 -1.2412 -1.7118 42 27 6
8.6425 -1.2735 -1.6769 42 25 15
8.5509 -1.2863 -1.7167 39 27 5
8.6714 -1.2513 -1.661 42 25 15
8.5726 -1.2721 -1.6684 46 27 20
8.5878 -1.2643 -1.7071 44 26 14
8.5242 -1.3194 -1.6767 44 26 6
8.4918 -1.3701 -1.6735 39 26 10
8.5526 -1.3992 -1.6879 42 21 16
8.676 -1.363 -1.6565 41 26 7
8.5245 -1.375 -1.6619 38 26 10
8.7535 -1.3395 -1.6677 39 23 10
8.4729 -1.3466 -1.6518 44 31 15
8.7365 -1.3671 -1.6656 41 24 14
8.4652 -1.3952 -1.6608 39 26 8
8.5674 -1.3797 -1.6635 44 25 18
8.7147 -1.4744 -1.677 45 25 14
8.5456 -1.4244 -1.6863 46 24 9
8.6089 -1.4041 -1.6946 40 28 14
8.8078 -1.448 -1.721 42 25 5
8.6152 -1.4555 -1.7074 38 24 11
8.4047 -1.4491 -1.6038 44 26 16
8.5117 -1.4304 -1.6382 42 28 17
8.4412 -1.4728 -1.6353 43 26 6
8.5771 -1.5476 -1.6163 49 30 16
8.6511 -1.5253 -1.6518 50 32 18
8.6496 -1.4994 -1.6461 48 32 19
8.8092 -1.482 -1.6972 47 31 18
8.4847 -1.4977 -1.6669 45 25 16
8.6074 -1.5293 -1.602 48 32 15
8.7034 -1.5066 -1.6476 50 30 21
8.5049 -1.5631 -1.6077 67 47 22
8.6618 -1.5573 -1.6337 52 32 23
8.4466 -1.6206 -1.6436 42 27 4
8.6839 -1.6939 -1.6477 50 32 10
8.7249 -1.6931 -1.7029 53 37 12
8.5072 -1.6842 -1.6385 40 26 17
8.5811 -1.6528 -1.6127 53 40 24
8.6661 -1.6664 -1.6373 56 36 11
8.6263 -1.6318 -1.6354 54 38 15
8.458 -1.6739 -1.6329 45 25 14
8.6962 -1.7213 -1.6621 37 25 13
8.488 -1.706 -1.6325 40 23 15
8.6749 -1.7702 -1.6615 45 25 18
8.6356 -1.7393 -1.6349 52 31 14
8.5619 -1.7201 -1.6498 48 31 14
8.5889 -1.7532 -1.6424 48 28 3
8.6654 -1.7125 -1.6752 42 31 12
8.4795 -1.7525 -1.6386 44 24 17
8.3973 -1.713 -1.6082 46 23 17
8.5682 -1.7703 -1.663 48 30 18
8.5998 -1.7501 -1.6782 46 29 22
8.6426 -1.7354 -1.6689 54 34 10
8.4761 -1.7283 -1.6315 42 24 12
8.4992 -1.7027 -1.6684 45 26 9
8.5939 -1.8331 -1.6344 46 23 7
8.6702 -1.8512 -1.6498 47 23 19
8.6393 -1.7904 -1.6462 47 26 7
8.5941 -1.7789 -1.6507 48 26 15
8.534 -1.785 -1.6773 45 24 7
8.5835 -1.9051 -1.6448 47 22 0
8.4718 -1.8977 -1.6437 35 16 0
8.4734 -1.878 -1.6091 38 19 13
8.6397 -1.8709 -1.6379 46 23 7
8.6352 -1.8952 -1.6417 47 22 0
8.4747 -1.8742 -1.6356 38 22 7
8.5589 -1.8756 -1.6253 47 24 8
8.6094 -1.8607 -1.648 45 24 5
8.6253 -1.9685 -1.6568 40 25 4
8.6608 -1.9846 -1.6177 39 21 11
8.6996 -1.9638 -1.6569 35 22 14
8.6843 -1.9392 -1.6175 41 24 7
8.499 -1.9069 -1.6263 31 18 0
8.6707 -1.9614 -1.6132 35 21 8
8.57 -1.9511 -1.6482 33 23 11
8.6047 -1.967 -1.6116 40 22 8
8.5397 -1.9606 -1.6929 39 22 5
8.6723 -1.9323 -1.6381 46 20 6
8.4546 -1.9012 -1.577 43 24 10
8.2595 -1.9139 -1.5212 39 22 5
8.5505 -1.9263 -1.6035 40 16 4
8.6322 -1.9986 -1.634 38 22 0
8.539 -1.9398 -1.6551 36 15 12
8.4013 -1.9045 -1.602 36 19 11
8.5519 -2.0027 -1.5943 37 21 8
8.5782 -2.0339 -1.616 38 23 2
8.6715 -2.0375 -1.6338 36 15 20
8.6683 -2.0115 -1.627 36 22 11
8.5361 -2.0465 -1.5987 36 20 0
8.513 -2.0665 -1.5613 35 18 0
8.4446 -2.0597 -1.6057 48 23 18
8.5856 -2.0849 -1.6331 35 16 0
8.678 -2.1188 -1.6276 31 16 9
8.59 -2.1103 -1.639 36 19 2
8.5018 -2.0805 -1.6161 32 21 19
8.6507 -2.1319 -1.6421 35 16 0
8.6454 -2.0807 -1.6317 34 19 0
8.4097 -2.0463 -1.6125 48 16 1
8.4681 -2.1602 -1.6442 39 19 0
8.4785 -2.1899 -1.6289 43 19 5
8.5957 -2.3381 -1.6403 37 23 14
8.6702 -2.3663 -1.7141 33 20 1
8.7417 -2.3955 -1.7573 33 20 1
8.3227 -2.2463 -1.5101 30 17 0
8.5191 -2.281 -1.6171 30 22 11
8.4051 -2.324 -1.5981 36 18 4
8.6294 -2.3831 -1.579 39 20 13
8.705 -2.3872 -1.6431 29 24 2
8.6184 -2.372 -1.659 36 17 13
8.417 -2.3068 -1.6011 36 21 2
8.7482 -2.4589 -1.6491 39 18 15
8.6134 -2.4477 -1.6154 37 19 9
8.7375 -2.506 -1.656 31 18 12
8.6425 -2.4386 -1.6007 41 22 6
8.5207 -2.4978 -1.6429 36 18 4
8.625 -2.5295 -1.6145 33 20 4
8.714 -2.6003 -1.6415 32 14 12
8.6476 -2.5625 -1.6909 46 21 17
8.7134 -2.5982 -1.6697 40 22 18
8.709 -2.5681 -1.6876 34 21 3
8.6391 -2.5598 -1.6569 34 19 16
8.5797 -2.5258 -1.7077 41 24 4
8.6658 -2.6248 -1.6531 38 21 3
8.4642 -2.5631 -1.6299 45 27 3
8.7586 -2.6483 -1.6698 57 41 5
8.688 -2.6636 -1.6441 33 21 9
8.8361 -2.7161 -1.7245 33 24 7
8.5056 -2.6108 -1.6348 38 23 0
8.681 -2.7122 -1.6247 31 23 2
8.4361 -2.6001 -1.47 34 22 0
8.6223 -2.6789 -1.6218 41 24 6
8.6347 -2.7114 -1.636 32 14 14
8.6793 -2.6849 -1.6473 35 20 0
8.6931 -2.6924 -1.6552 35 20 0
8.6573 -2.7248 -1.6196 39 24 5
8.7293 -2.7922 -1.6334 36 24 0
8.6453 -2.7436 -1.62 44 25 8
8.5921 -2.711 -1.6135 46 29 21
8.4205 -0.75502 -1.6723 30 26 1
8.4808 -0.68507 -1.7011 39 24 1
8.4869 -0.70802 -1.7084 36 22 0
8.4401 -0.7154 -1.7111 37 20 10
8.545 -0.69486 -1.7223 36 18 0
8.353 -0.83866 -1.6791 38 25 7
8.3189 -0.86524 -1.6849 36 17 1
8.3158 -0.84312 -1.6784 35 23 0
8.328 -0.86256 -1.6909 36 17 1
8.3462 -0.86391 -1.68 34 19 14
8.3308 -0.89158 -1.6743 35 18 1
8.4614 -0.87703 -1.6794 35 20 0
8.432 -0.87743 -1.6902 36 18 18
8.4752 -0.83344 -1.738 35 20 13
8.4451 -0.85046 -1.6866 33 20 1
8.3229 -0.88699 -1.6934 38 22 5
8.3136 -0.91938 -1.6675 37 17 18
8.3061 -0.91415 -1.6905 39 15 15
8.6887 -0.78776 -1.8174 35 21 8
8.3417 -0.89559 -1.6558 34 20 7
8.4389 -0.85228 -1.6824 33 20 1
8.4643 -0.90078 -1.6854 36 22 9
8.4127 -0.93829 -1.6566 38 23 0
8.4414 -0.9793 -1.687 53 26 9
8.4722 -0.95499 -1.6738 41 25 8
8.4901 -0.94366 -1.7117 38 27 8
8.4065 -1.0582 -1.6835 56 31 9
8.4656 -1.0051 -1.6827 55 29 14
8.4718 -0.97934 -1.6808 45 35 8
8.3758 -1.0172 -1.653 56 29 22
8.5003 -1.0226 -1.7102 55 28 17
8.4333 -1.0289 -1.6966 51 24 15
8.3395 -1.1173 -1.6489 50 30 21
8.4884 -1.0743 -1.7151 54 27 18
8.4578 -1.1037 -1.7053 49 27 4
8.4513 -1.0567 -1.6842 51 27 13
8.3665 -1.0892 -1.6632 48 31 11
8.5111 -1.102 -1.7092 51 24 7
8.456 -1.0866 -1.6681 53 29 3
8.5146 -1.1514 -1.7219 50 25 5
8.4524 -1.1358 -1.6758 53 26 5
8.3993 -1.1914 -1.6495 48 28 4
8.4225 -1.1817 -1.6951 44 19 12
8.4304 -1.1565 -1.6961 55 30 10
8.4223 -1.1576 -1.6916 55 30 10
8.4392 -1.1378 -1.6671 53 26 5
8.3917 -1.1384 -1.6651 47 25 12
8.3082 -1.281 -1.6698 44 27 20
8.43 -1.313 -1.6738 40 27 19
8.4538 -1.3175 -1.6611 38 23 4
8.3564 -1.3352 -1.657 41 29 17
8.257 -1.2966 -1.5834 40 22 8
8.4155 -1.2902 -1.6592 37 22 17
8.4097 -1.2784 -1.7119 38 25 16
8.3493 -1.3297 -1.6801 39 25 14
8.2729 -1.3564 -1.6337 38 26 4
8.2086 -1.3542 -1.6135 42 25 15
8.3809 -1.3102 -1.6704 42 29 23
8.3344 -1.3018 -1.6923 40 29 9
8.2983 -1.3272 -1.6707 42 25 5
8.313 -1.3091 -1.6515 36 28 15
8.3418 -1.3872 -1.6368 40 25 6
8.3464 -1.4154 -1.6157 42 25 7
8.3625 -1.3578 -1.6697 43 25 15
8.4328 -1.3904 -1.6654 40 22 18
8.4607 -1.3412 -1.6734 41 24 4
8.395 -1.3621 -1.6652 35 22 4
8.4433 -1.366 -1.6681 40 23 6
8.308 -1.4107 -1.6171 45 26 19
8.2893 -1.3556 -1.645 38 26 4
8.4494 -1.4324 -1.7142 34 29 23
8.4556 -1.4436 -1.6681 32 26 4
8.3758 -1.4792 -1.6798 38 25 19
8.4026 -1.4616 -1.6656 37 24 6
8.2117 -1.455 -1.5636 42 28 17
8.442 -1.438 -1.6868 37 24 18
8.2894 -1.4726 -1.6467 46 33 14
8.4703 -1.4677 -1.6807 37 24 15
8.3076 -1.5054 -1.6132 42 26 11
8.4776 -1.4921 -1.6895 38 25 6
8.4163 -1.5326 -1.6885 40 30 21
8.3307 -1.5465 -1.6623 40 26 15
8.3911 -1.5134 -1.6378 41 25 8
8.2728 -1.5165 -1.6453 45 32 16
8.3801 -1.5259 -1.694 43 28 7
8.3434 -1.5015 -1.6648 43 26 16
8.4242 -1.4855 -1.6847 42 27 8
8.3046 -1.4953 -1.6618 40 26 15
8.3723 -1.6094 -1.6243 43 24 17
8.3671 -1.6043 -1.6489 45 26 9
8.2206 -1.6047 -1.605 42 25 5
8.3993 -1.5552 -1.6817 44 30 19
8.3264 -1.5962 -1.6436 40 26 13
8.3115 -1.6174 -1.6426 42 25 15
8.2744 -1.5875 -1.6342 42 27 6
8.4368 -1.5625 -1.6781 41 29 7
8.3375 -1.5696 -1.6718 44 27 17
8.3415 -1.5747 -1.6487 42 25 18
8.4227 -1.5853 -1.6798 42 25 17
8.4187 -1.6881 -1.6427 43 26 6
8.4403 -1.6672 -1.6493 41 24 4
8.2942 -1.6423 -1.609 47 27 18
8.3067 -1.6614 -1.6495 41 28 12
8.4578 -1.6454 -1.6581 42 25 5
8.3551 -1.6715 -1.6556 31 27 18
8.4166 -1.6833 -1.669 43 24 17
8.2803 -1.6803 -1.6361 42 26 1
8.2869 -1.6768 -1.6665 35 27 6
8.2938 -1.6468 -1.5841 46 24 9
8.3196 -1.712 -1.6427 40 22 18
8.4008 -1.7092 -1.639 46 28 14
8.249 -1.698 -1.6218 35 23 7
8.4212 -1.7396 -1.6307 47 26 7
8.3425 -1.7194 -1.6306 41 24 16
8.435 -1.7371 -1.6657 40 26 13
8.2682 -1.7224 -1.6384 35 25 0
8.4218 -1.7073 -1.678 43 28 9
8.3443 -1.7422 -1.6373 42 27 8
8.3527 -1.6939 -1.66 39 26 8
8.319 -1.7341 -1.6474 37 26 6
8.2701 -1.7663 -1.6517 30 22 9
8.2914 -1.7739 -1.6393 37 23 12
8.3095 -1.7548 -1.6452 40 25 18
8.2977 -1.7491 -1.6666 34 20 11
8.3843 -1.7712 -1.6688 38 25 17
8.2896 -1.7776 -1.6142 36 22 9
8.3016 -1.7977 -1.6522 37 20 13
8.3085 -1.8469 -1.6408 40 21 15
8.3013 -1.8197 -1.6565 35 20 0
8.4321 -1.8963 -1.7277 33 18 11
8.2502 -1.8311 -1.628 33 21 0
8.4408 -1.8635 -1.6445 42 25 5
8.2772 -1.9053 -1.6361 39 21 11
8.3985 -1.923 -1.6326 35 16 10
8.4358 -1.9086 -1.6486 39 22 15
8.2784 -1.9091 -1.6127 34 18 3
8.4382 -1.9091 -1.6494 39 22 15
8.4213 -1.9513 -1.6504 33 16 8
8.443 -1.9839 -1.6457 38 21 3
8.324 -1.9457 -1.6208 33 19 6
8.4121 -2.0896 -1.6511 42 16 17
8.3684 -2.0538 -1.622 39 15 3
8.4417 -2.0791 -1.6391 47 17 17
8.3704 -2.0313 -1.6126 35 28 10
8.3568 -2.1162 -1.6262 33 18 25
8.4198 -2.1406 -1.6397 43 22 3
8.4172 -2.0942 -1.6285 46 19 8
8.4033 -2.1126 -1.6264 44 23 4
8.4034 -2.11 -1.6541 34 14 25
8.4076 -2.1568 -1.6661 24 13 7
8.36 -2.1617 -1.637 36 18 14
8.4489 -2.1967 -1.6661 43 25 3
8.4142 -2.1647 -1.6191 41 22 18
8.4491 -2.1737 -1.6622 39 15 3
8.3745 -2.2613 -1.616 16 12 1
8.1729 -2.1749 -1.5401 31 22 3
8.3147 -2.2346 -1.6045 34 21 13
8.4355 -2.2408 -1.646 35 18 11
8.4629 -2.2747 -1.6678 47 24 8
8.4098 -2.2512 -1.6618 31 21 12
8.3568 -2.2079 -1.6233 28 20 7
8.2705 -2.2361 -1.6078 37 19 0
8.3932 -2.2924 -1.6379 30 20 8
8.2782 -2.2842 -1.5981 39 20 6
8.2545 -2.2491 -1.6289 35 22 3
8.402 -2.3183 -1.6455 34 23 17
8.4421 -2.3374 -1.6419 35 19 4
8.4289 -2.5426 -1.633 36 26 17
8.4105 -2.5323 -1.6511 42 22 13
8.3217 -2.5286 -1.6048 37 24 18
8.3381 -2.5365 -1.6392 48 32 17
8.2447 -2.5704 -1.5989 41 26 19
8.4595 -2.7029 -1.6904 39 24 1
8.3853 -2.6344 -1.6368 35 28 0
8.2538 -2.578 -1.5863 38 26 2
