2690
0.016053 0.45732 -0.009431 0.88911 7.8406 -1.4252 -0.37283
10.401 -0.13187 -0.7063 78 58 34
10.426 -0.14398 -0.71408 77 56 35
10.471 -0.15606 -0.7008 76 53 35
10.455 -0.13933 -0.69303 73 55 31
10.505 -0.12998 -0.72897 73 55 35
10.413 -0.14051 -0.7371 72 54 30
10.406 -0.13931 -0.68313 76 50 35
10.529 -0.14386 -0.73772 32 21 17
10.55 -0.14342 -0.7156 35 24 2
10.349 -0.13394 -0.82636 73 53 28
10.443 -0.1457 -0.82685 73 56 30
10.453 -0.13578 -0.77279 74 53 26
10.47 -0.1373 -0.74953 69 53 30
10.382 -0.14644 -0.75719 75 54 25
10.396 -0.13967 -0.75926 75 54 25
10.374 -0.14071 -0.78036 73 56 26
10.472 -0.1615 -0.75469 73 53 29
10.371 -0.14736 -0.83438 73 51 27
10.445 -0.14973 -0.88464 73 53 29
10.36 -0.14306 -0.85755 73 52 31
10.424 -0.14027 -0.79307 73 53 29
10.46 -0.15734 -0.77862 72 51 34
10.422 -0.14609 -0.84865 73 51 28
10.519 -0.14411 -0.81985 75 54 33
10.544 -0.1378 -0.88142 69 51 31
10.558 -0.13571 -0.79898 35 17 3
10.493 -0.14668 -0.84035 73 54 24
10.534 -0.15282 -0.85246 29 25 13
10.455 -0.17034 -0.89104 71 54 24
10.296 -0.14619 -0.92038 73 56 30
10.313 -0.12703 -0.94968 73 51 27
10.387 -0.1486 -0.94988 75 50 27
10.405 -0.14431 -1.0122 71 54 28
10.351 -0.12727 -0.90749 73 52 33
10.398 -0.13842 -0.89545 73 53 29
10.32 -0.13794 -0.9831 73 52 21
10.38 -0.11679 -0.97062 76 51 28
10.363 -0.13592 -0.9397 70 49 30
10.327 -0.14881 -1.014 74 53 32
10.43 -0.15203 -0.96544 73 51 30
10.408 -0.1482 -0.92867 72 51 30
10.348 -0.1389 -0.88127 73 53 29
10.43 -0.14709 -0.90726 75 54 25
10.39 -0.14133 -1.0355 71 53 33
10.311 -0.13245 -1.0051 71 56 27
10.359 -0.15282 -0.96947 72 51 22
10.34 -0.15225 -0.99088 74 55 23
10.534 -0.14798 -0.93888 71 53 31
10.522 -0.16405 -0.90971 36 18 0
10.471 -0.1524 -0.92052 73 56 30
10.452 -0.15699 -1.0016 72 51 20
10.442 -0.15666 -0.94048 73 52 31
10.562 -0.14021 -1.0058 71 50 21
10.408 -0.22881 -1.0008 44 32 8
10.54 -0.15627 -1.0621 67 52 9
10.484 -0.18769 -0.96061 61 44 14
10.509 -0.15506 -1.0217 70 51 21
10.485 -0.16113 -0.95617 71 53 31
10.495 -0.15127 -1.0457 71 51 24
10.461 -0.16254 -0.97783 72 51 32
10.256 -0.14122 -1.0431 72 52 25
10.285 -0.13619 -1.0247 73 52 25
10.222 -0.14324 -1.1416 72 52 25
10.24 -0.14376 -1.1212 68 50 26
10.337 -0.14782 -1.075 70 52 28
10.344 -0.14866 -1.1367 71 51 24
10.322 -0.14535 -1.0979 71 50 23
10.291 -0.15129 -1.115 70 50 23
10.26 -0.14319 -1.1015 68 49 33
10.34 -0.14032 -1.1629 71 53 33
10.397 -0.14258 -1.0972 73 52 33
10.343 -0.15982 -1.1089 69 48 29
10.295 -0.13479 -1.0852 71 49 28
10.306 -0.13916 -1.0617 72 52 28
10.354 -0.14929 -1.0532 74 53 32
10.307 -0.13247 -1.1477 70 50 26
10.369 -0.172 -1.1216 72 51 24
10.485 -0.16174 -1.1033 71 53 33
10.476 -0.16084 -1.1924 72 53 23
10.462 -0.15166 -1.1547 72 51 30
10.405 -0.14913 -1.0723 71 54 24
10.46 -0.16312 -1.126 70 49 18
10.464 -0.15596 -1.0652 73 53 29
10.389 -0.15168 -1.1548 72 51 32
10.368 -0.17723 -1.1815 71 54 28
10.501 -0.15941 -1.1709 70 52 30
10.41 -0.15689 -1.0469 72 53 37
10.515 -0.15788 -1.0833 71 52 20
10.388 -0.17285 -1.0991 71 52 22
10.459 -0.15816 -1.2167 73 54 11
10.418 -0.12626 -1.193 71 55 32
10.446 -0.1547 -1.0879 74 53 22
10.401 -0.17142 -1.1638 73 54 24
10.554 -0.15049 -1.2238 72 52 28
10.521 -0.17117 -1.1193 69 48 27
10.51 -0.16583 -1.1455 69 53 20
10.201 -0.13755 -1.2471 71 53 29
10.206 -0.14557 -1.2213 71 53 33
10.188 -0.13441 -1.2691 69 49 25
10.346 -0.15234 -1.1975 72 52 25
10.315 -0.15777 -1.2144 68 48 21
10.306 -0.15596 -1.3027 70 53 25
10.301 -0.1296 -1.233 71 51 26
10.274 -0.14791 -1.2841 69 50 33
10.267 -0.14091 -1.3111 70 52 12
10.224 -0.13578 -1.228 71 53 33
10.283 -0.13506 -1.1666 73 52 31
10.291 -0.15351 -1.3248 71 49 10
10.267 -0.17227 -1.2259 67 50 20
10.245 -0.14866 -1.241 69 53 30
10.192 -0.15698 -1.2748 69 47 24
10.286 -0.14779 -1.2002 68 47 20
10.232 -0.14195 -1.2033 68 51 23
10.296 -0.15273 -1.1765 70 49 28
10.249 -0.13598 -1.2701 73 52 35
10.308 -0.14042 -1.2688 70 52 28
10.221 -0.15783 -1.1726 67 50 22
10.438 -0.17372 -1.2737 70 49 22
10.384 -0.1743 -1.2492 70 51 8
10.356 -0.17286 -1.206 70 51 21
10.39 -0.16571 -1.3439 70 50 23
10.378 -0.16625 -1.2764 70 50 23
10.315 -0.1621 -1.2765 68 51 31
10.31 -0.15431 -1.3038 70 53 25
10.347 -0.15674 -1.2582 71 49 25
10.375 -0.18365 -1.309 73 52 35
10.454 -0.15511 -1.3091 69 49 24
10.345 -0.16201 -1.3222 69 49 24
10.325 -0.1824 -1.2855 70 53 27
10.435 -0.1597 -1.2377 70 51 19
10.339 -0.17075 -1.2287 73 48 25
10.488 -0.17141 -1.3929 69 51 31
10.442 -0.17715 -1.3401 72 51 32
10.502 -0.17551 -1.3676 68 50 30
10.492 -0.16393 -1.3284 70 53 25
10.486 -0.17209 -1.2303 74 54 27
10.449 -0.17941 -1.2471 70 51 21
10.579 -0.14417 -1.2976 70 49 22
10.49 -0.19799 -1.3984 67 49 27
10.432 -0.17097 -1.3669 68 48 21
10.527 -0.15815 -1.3094 71 51 24
10.182 -0.12052 -1.3819 65 46 29
10.176 -0.13399 -1.3524 71 49 34
10.215 -0.13717 -1.3736 70 48 25
10.214 -0.16254 -1.3809 69 49 24
10.261 -0.15228 -1.4328 69 47 24
10.195 -0.15249 -1.4255 68 50 28
10.296 -0.14041 -1.3543 70 50 26
10.261 -0.14807 -1.3697 68 51 25
10.198 -0.13651 -1.3931 69 47 32
10.247 -0.14129 -1.3301 71 51 26
10.18 -0.13527 -1.415 64 48 23
10.242 -0.15169 -1.4538 70 49 28
10.229 -0.14017 -1.3512 71 50 29
10.187 -0.14589 -1.4514 69 50 18
10.211 -0.13575 -1.3116 71 49 26
10.15 -0.1412 -1.4305 67 48 32
10.243 -0.1364 -1.4204 70 48 24
10.174 -0.1459 -1.323 70 52 14
10.371 -0.16911 -1.4322 70 49 30
10.32 -0.169 -1.4044 69 50 33
10.356 -0.16591 -1.4558 66 51 8
10.325 -0.15519 -1.4371 69 47 23
10.362 -0.16863 -1.3641 69 50 10
10.396 -0.16763 -1.412 69 49 22
10.27 -0.15843 -1.4073 68 50 10
10.335 -0.15448 -1.5092 62 48 21
10.325 -0.16163 -1.3431 69 52 26
10.284 -0.17188 -1.3559 70 51 34
10.342 -0.16212 -1.4795 68 50 30
10.373 -0.15251 -1.3977 69 49 24
10.408 -0.17236 -1.387 71 51 24
10.323 -0.14589 -1.4658 68 49 33
10.294 -0.1564 -1.3883 70 50 25
10.27 -0.16212 -1.4736 72 51 24
10.434 -0.19207 -1.4701 68 48 21
10.46 -0.16803 -1.5144 62 42 17
10.505 -0.16916 -1.4672 69 52 24
10.416 -0.16282 -1.4877 67 50 22
10.442 -0.1828 -1.4058 72 51 30
10.414 -0.15238 -1.5197 66 48 26
10.533 -0.16699 -1.448 71 51 27
10.451 -0.22169 -1.4533 68 50 30
10.411 -0.1758 -1.4549 70 53 25
10.461 -0.16275 -1.4443 70 53 27
10.53 -0.17399 -1.5172 69 47 23
10.739 -0.98836 -1.6573 71 53 39
10.764 -1.0252 -1.6385 49 29 22
11.565 -0.9542 -1.798 44 27 17
11.404 -0.93569 -1.733 51 38 6
10.844 -1.0059 -1.7054 56 43 27
11.063 -1.0998 -1.7468 46 31 10
10.588 -1.1184 -1.5368 45 27 13
10.603 -1.1168 -1.5419 45 27 13
10.637 -1.1201 -1.5245 47 30 12
10.791 -1.0871 -1.6617 43 29 0
10.693 -1.1138 -1.5495 47 30 12
11.141 -2.4374 -1.7722 41 30 0
10.145 -0.13401 -1.4554 70 49 18
10.105 -0.13486 -1.4946 63 48 29
10.103 -0.14675 -1.4648 66 48 24
10.214 -0.14521 -1.5004 58 44 8
10.18 -0.13889 -1.4779 70 48 25
10.156 -0.14114 -1.4968 59 41 17
10.093 -0.16699 -1.4906 0 6 16
10.233 -0.14609 -1.4787 71 50 29
10.262 -0.15611 -1.4984 67 50 30
10.512 -0.68956 -1.7636 32 18 15
10.335 -0.76702 -1.6752 38 25 6
10.34 -1.0355 -1.6689 50 37 21
8.999 -1.3085 -0.95473 48 29 12
9.0379 -1.2905 -0.97299 45 32 14
10.26 -1.0823 -1.6117 56 44 28
10.737 -1.013 -1.6954 52 33 16
10.466 -1.0823 -1.7196 59 44 25
10.802 -1.1448 -1.7126 38 25 7
10.72 -1.145 -1.718 46 33 17
10.246 -1.172 -1.4547 45 31 22
10.736 -1.1764 -1.7362 43 28 9
10.443 -1.159 -1.6546 44 27 10
10.536 -1.1565 -1.6616 48 29 13
10.326 -1.9727 -1.5973 42 26 11
10.332 -1.9452 -1.5953 43 29 18
10.23 -1.9213 -1.5774 44 25 11
10.708 -2.1378 -1.6212 43 26 6
10.576 -2.0996 -1.6317 39 27 5
10.475 -2.0661 -1.6809 41 22 15
10.287 -1.9927 -1.5855 39 21 11
10.767 -2.1493 -1.6836 42 23 17
10.822 -2.1627 -1.7083 43 24 18
10.764 -2.1853 -1.6567 41 23 11
10.486 -2.1355 -1.6341 41 19 19
10.517 -2.1494 -1.5855 36 23 5
10.587 -2.1335 -1.6406 40 23 5
10.593 -2.1982 -1.6573 36 23 4
10.243 -2.0689 -1.5493 41 24 16
10.566 -2.1596 -1.6371 42 21 16
10.696 -2.2655 -1.6478 41 25 12
10.556 -2.2533 -1.624 39 23 10
10.664 -2.29 -1.6024 44 30 4
10.487 -2.2611 -1.6327 37 23 14
10.318 -2.1749 -1.6045 36 23 7
10.374 -2.1663 -1.5591 37 24 6
10.339 -2.4738 -1.6124 36 24 0
10.353 -2.4799 -1.5824 39 21 7
10.452 -2.6125 -1.6538 34 16 2
10.198 -2.4704 -1.523 33 20 12
10.203 -0.60086 -1.732 93 70 36
10.288 -0.61674 -1.7193 51 33 13
10.251 -0.62014 -1.7307 54 33 14
10.226 -0.65559 -1.7211 47 33 6
10.342 -0.62725 -1.7516 47 32 13
10.174 -0.63767 -1.7176 64 46 24
10.428 -0.67549 -1.7453 34 22 0
10.195 -0.75402 -1.6877 41 28 19
10.027 -0.81116 -1.6654 37 27 15
10.294 -0.74159 -1.6839 37 25 0
10.45 -0.66902 -1.7566 34 22 0
10.039 -0.776 -1.6888 44 30 19
10.088 -0.77627 -1.6639 45 26 19
10.109 -0.79561 -1.6852 42 23 6
10.269 -0.74083 -1.6991 40 25 18
10.209 -0.72316 -1.6909 40 24 9
10.236 -0.6792 -1.7341 44 32 6
10.082 -0.84715 -1.7073 41 27 14
9.8662 -0.92752 -1.5797 38 25 6
10.162 -0.80811 -1.7137 42 29 11
10.286 -0.79896 -1.6902 41 25 8
10.127 -0.8245 -1.6687 34 22 0
10.232 -0.77766 -1.6901 39 25 16
10.148 -0.83776 -1.7147 51 26 6
10.209 -0.83809 -1.6851 41 22 5
10.194 -0.81452 -1.6784 42 23 19
10.184 -0.83636 -1.7045 47 27 0
10.303 -0.82254 -1.7044 41 23 3
10.248 -0.78172 -1.6641 43 20 12
10.146 -0.80379 -1.7404 42 25 7
10.087 -0.90548 -1.6875 48 27 10
10.187 -0.87009 -1.6804 46 28 18
10.129 -0.92885 -1.6914 51 25 10
10.164 -0.8945 -1.706 48 25 7
10.184 -0.86283 -1.7127 46 25 6
10.137 -0.93452 -1.6644 47 29 19
10.319 -0.81838 -1.7141 41 23 3
10.268 -0.82642 -1.8249 37 23 14
10.346 -0.94074 -1.6942 49 29 4
10.292 -0.97213 -1.6992 35 25 15
10.157 -0.9904 -1.6588 35 20 13
10.272 -0.98159 -1.7942 48 25 19
10.19 -0.93794 -1.6307 42 28 0
10.042 -0.9919 -1.6829 39 23 10
10.096 -0.96207 -1.6795 45 24 3
10.412 -0.89905 -1.7161 44 32 18
10.048 -1.0299 -1.6335 46 26 1
10.17 -0.95403 -1.6896 41 24 4
10.069 -1.0124 -1.705 43 22 17
10.188 -0.97761 -1.7028 44 23 2
10.331 -0.97241 -1.6867 45 29 3
10.138 -0.96757 -1.6438 42 21 0
10.233 -0.9559 -1.662 51 29 16
10.102 -0.98682 -1.6909 45 24 5
10.103 -0.95358 -1.7128 45 25 16
10.16 -1.0364 -1.7024 45 27 7
10.066 -1.0722 -1.6804 41 24 14
10.046 -1.1138 -1.6167 42 25 8
10.229 -1.0592 -1.7173 45 27 15
10.245 -1.0435 -1.6512 49 31 0
10.233 -1.0308 -1.7144 42 30 18
10.104 -1.0723 -1.6749 38 26 14
10.293 -1.0072 -1.6747 45 30 0
10.223 -1.0123 -1.6687 41 28 10
10.054 -1.0481 -1.669 41 21 10
10.277 -1.0309 -1.703 48 33 12
10.274 -1.0663 -1.678 45 27 13
10.071 -1.1033 -1.6666 42 25 8
10.216 -1.0065 -1.6956 40 26 17
10.058 -1.0473 -1.672 41 21 10
10.073 -1.1816 -1.684 41 23 9
10.223 -1.1289 -1.6662 45 28 11
10.203 -1.1253 -1.6781 42 28 15
10.138 -1.1666 -1.6193 42 26 11
10.185 -1.1545 -1.6807 44 26 14
10.131 -1.128 -1.6716 47 30 13
10.06 -1.131 -1.6654 43 27 12
10.095 -1.1527 -1.6901 41 27 14
10.107 -1.1575 -1.6664 43 29 2
10.248 -1.0983 -1.6657 45 29 12
10.309 -1.0828 -1.731 46 28 18
10.351 -1.0767 -1.7547 46 28 18
10.378 -1.0581 -1.6969 57 42 19
10.213 -1.2406 -1.6796 41 25 10
10.359 -1.1767 -1.7155 45 33 11
10.137 -1.2139 -1.6628 41 23 11
10.355 -1.1771 -1.7138 45 33 11
10.285 -1.2191 -1.6509 39 30 15
10.229 -1.2114 -1.6839 41 25 12
10.126 -1.1819 -1.6825 44 26 4
10.072 -1.2143 -1.6546 42 26 3
10.296 -1.2117 -1.6862 42 24 12
10.324 -1.1869 -1.6672 45 33 21
10.222 -1.1845 -1.6703 45 25 14
10.197 -1.236 -1.7 34 23 1
10.239 -1.2727 -1.6688 43 25 21
10.292 -1.2753 -1.6654 52 36 11
10.085 -1.298 -1.6521 38 22 5
10.11 -1.3289 -1.6449 43 25 13
10.246 -1.3005 -1.6756 45 23 10
10.07 -1.3197 -1.6791 42 25 15
10.303 -1.2462 -1.6713 48 34 23
10.272 -1.3049 -1.6597 43 29 18
10.2 -1.3189 -1.7223 41 25 2
10.092 -1.2653 -1.6796 41 21 10
10.019 -1.2964 -1.6429 31 22 15
10.066 -1.3199 -1.6761 42 25 15
10.127 -1.4091 -1.6699 42 22 11
10.259 -1.3904 -1.6724 39 25 14
10.198 -1.3582 -1.6655 43 27 12
10.185 -1.3807 -1.6967 37 23 12
10.048 -1.4048 -1.6533 39 26 8
10.103 -1.3559 -1.645 40 23 13
10.072 -1.378 -1.6622 39 23 10
10.215 -1.33 -1.6655 40 22 10
10.015 -1.3483 -1.6539 40 25 20
10.029 -1.3532 -1.6279 42 24 14
10.033 -1.3894 -1.5788 40 26 15
10.24 -1.3347 -1.6482 48 36 22
10.22 -1.3298 -1.6669 40 22 10
9.9807 -1.4823 -1.6289 48 30 20
10.201 -1.4469 -1.6553 44 29 8
10.142 -1.4363 -1.682 44 24 13
10.076 -1.4627 -1.6517 38 26 10
10.242 -1.419 -1.6662 41 29 17
10.164 -1.4141 -1.6575 65 48 30
10.166 -1.4742 -1.6434 48 31 13
10.288 -1.4816 -1.6724 48 39 20
10.004 -1.4312 -1.634 44 25 19
10.284 -1.4242 -1.6624 57 46 18
10.012 -1.4571 -1.6439 47 26 23
10.158 -1.4415 -1.6597 45 30 11
10.008 -1.5654 -1.637 69 51 37
10.138 -1.5008 -1.6325 47 29 15
10.05 -1.5414 -1.6523 52 34 20
10.073 -1.5159 -1.6596 56 40 25
10.091 -1.5482 -1.6498 50 33 16
10.156 -1.7839 -1.6378 62 44 20
10.051 -1.7906 -1.6128 49 33 16
10.029 -1.784 -1.6342 58 40 18
10.154 -1.8111 -1.6434 51 35 9
10.163 -1.7813 -1.6724 53 36 16
10.095 -1.828 -1.6137 49 33 16
10.026 -1.8419 -1.5811 46 28 16
10.039 -1.8379 -1.6481 48 32 19
9.9882 -1.8378 -1.5295 49 41 18
10.323 -1.8717 -1.7087 51 41 14
10.036 -1.8113 -1.6423 51 36 17
9.9689 -1.8506 -1.6131 45 25 16
10.06 -1.8186 -1.6244 47 32 13
10.055 -1.9499 -1.652 41 24 17
10.06 -1.9538 -1.6252 42 23 7
10.014 -1.889 -1.6205 47 30 4
10.264 -1.9252 -1.6274 40 28 14
10.302 -1.9645 -1.6186 43 25 11
10.073 -1.9038 -1.621 41 22 15
10.261 -1.9524 -1.6266 41 30 0
10.23 -1.9431 -1.6444 45 33 21
10.028 -1.9175 -1.6307 43 23 14
10.141 -1.9483 -1.6338 44 36 13
10.091 -1.945 -1.5142 40 23 15
10.129 -1.9539 -1.534 40 23 15
10.274 -1.9235 -1.6589 51 42 23
10.104 -1.9369 -1.6419 42 22 11
11.225 -2.2788 -2.1587 39 26 17
10.095 -1.9889 -1.6509 41 18 12
10.186 -1.9889 -1.6341 47 39 16
10.11 -2.0193 -1.6616 37 22 3
10.117 -1.97 -1.6278 43 19 5
10.139 -2.0049 -1.614 39 31 18
10.056 -1.9824 -1.6026 41 23 3
9.8678 -1.9303 -1.5464 41 24 7
10.153 -2.0332 -1.658 42 22 11
10.065 -2.0632 -1.6212 43 21 10
10.005 -2.0696 -1.6191 37 17 8
10.118 -2.0509 -1.6438 40 22 0
11.035 -2.2648 -2.1024 37 27 15
10.938 -2.2411 -2.0603 41 27 1
10.107 -2.0481 -1.6381 40 22 0
10.068 -2.097 -1.5419 37 28 11
10.11 -2.1582 -1.6308 31 17 4
10.085 -2.1773 -1.6256 38 20 6
10.147 -2.172 -1.6211 36 30 8
10.152 -2.1468 -1.6208 41 28 20
10.303 -2.1682 -1.6274 35 22 3
10.244 -2.1793 -1.6087 34 25 16
10.055 -2.1389 -1.6296 33 19 6
10.198 -2.1897 -1.6146 40 33 7
10.003 -2.1483 -1.607 31 19 7
10.074 -2.2272 -1.5948 37 24 15
10.06 -2.1952 -1.6155 35 14 11
10.087 -2.2587 -1.6104 38 25 16
10.001 -2.201 -1.5898 31 17 8
10.029 -2.2365 -1.6102 37 20 13
10.12 -2.2169 -1.6165 34 27 9
10.022 -2.2861 -1.6175 38 20 10
10.019 -2.2856 -1.5847 34 19 0
10.018 -2.3096 -1.6163 34 20 11
10.076 -2.2829 -1.5833 32 27 8
9.9786 -2.2947 -1.5652 36 17 11
10.049 -2.3496 -1.6112 29 19 17
10.082 -2.341 -1.5113 42 24 10
10.029 -2.3674 -1.6073 37 20 12
10.081 -2.3903 -1.6056 32 18 5
10.24 -2.4581 -1.6583 54 44 17
10.021 -2.3392 -1.5688 29 19 0
10.05 -2.4027 -1.6244 37 19 15
10.124 -2.3842 -1.5689 41 28 10
10.162 -2.5092 -1.6424 36 21 14
10.137 -2.4432 -1.5217 33 18 0
10.331 -2.4988 -1.6448 37 18 11
9.9856 -2.426 -1.5694 36 17 3
10.308 -2.4892 -1.6003 39 24 1
10.185 -2.4919 -1.5542 34 16 12
10.676 -2.7468 -1.8843 49 44 14
10.833 -2.8545 -1.9737 71 53 39
10.108 -2.5107 -1.6172 41 32 0
10.023 -2.5215 -1.6062 36 19 12
10.104 -2.5351 -1.648 36 17 11
10.059 -2.4866 -1.6164 35 17 13
11.295 -3.074 -2.1764 34 23 1
10.021 -2.5465 -1.6099 39 17 17
10.015 -2.6737 -1.5766 27 14 6
10.092 -2.6915 -1.6447 27 10 16
9.9759 -2.6519 -1.5824 31 9 0
10.841 -3.0721 -1.984 41 26 21
10.022 -2.7043 -1.5868 30 8 10
10.031 -2.7622 -1.6009 28 10 0
10.023 -2.7045 -1.5864 30 8 10
10.106 -2.7518 -1.6021 39 30 1
9.9424 -2.6818 -1.5179 16 7 0
9.9782 -2.7046 -1.5676 37 15 2
10.241 -2.9127 -1.5723 26 14 0
9.9806 -2.7538 -1.4928 25 18 0
10.049 -2.8009 -1.6193 26 9 2
10.076 -2.8173 -1.6091 31 6 9
10.284 -3.0641 -1.7149 22 18 9
10.305 -2.9814 -1.6093 37 16 13
10.028 -2.8952 -1.6035 30 14 0
10.082 -2.955 -1.5802 21 13 0
9.9489 -2.8658 -1.5339 20 16 7
9.7842 -0.30301 -1.7004 31 6 1
9.8003 -0.31611 -1.7168 24 17 7
9.943 -0.26568 -1.7269 32 25 5
9.8024 -0.4467 -1.6877 35 15 6
9.7624 -0.48081 -1.6904 31 18 2
9.7693 -0.47753 -1.6947 31 18 2
9.7973 -0.41784 -1.706 33 14 8
9.7746 -0.54947 -1.6907 35 19 2
9.8845 -0.47514 -1.7627 35 20 0
9.7986 -0.56131 -1.7114 36 18 18
9.8746 -0.53646 -1.7336 38 21 14
9.7992 -0.56098 -1.7122 36 18 18
9.8411 -0.52899 -1.7029 32 23 8
9.7653 -0.65007 -1.6832 45 25 0
9.7559 -0.67625 -1.6809 43 26 6
9.8584 -0.78378 -1.667 64 51 33
9.9392 -0.79083 -1.6867 52 36 0
9.9542 -0.80268 -1.7333 50 38 22
10.047 -0.79841 -1.7017 45 30 9
9.8526 -0.80923 -1.6655 48 35 19
9.9203 -0.84385 -1.6917 46 32 19
9.997 -0.80563 -1.699 45 31 2
9.9362 -0.79182 -1.6844 52 36 0
9.9226 -0.83568 -1.7237 46 35 16
10.011 -0.75138 -1.6978 54 38 23
10.051 -0.82252 -1.711 44 32 18
9.9218 -0.89918 -1.6731 42 25 0
9.9873 -0.8324 -1.7042 41 27 16
10.049 -0.87378 -1.7235 40 25 2
9.9925 -0.8309 -1.7079 41 27 16
10.036 -0.85191 -1.7082 41 24 14
9.9543 -0.93991 -1.7065 40 24 9
9.7479 -0.96919 -1.6552 43 33 21
9.8344 -1.0082 -1.6701 41 32 13
10.042 -0.90836 -1.6955 33 22 18
9.9591 -0.94554 -1.6833 38 25 9
9.5911 -1.0489 -1.56 39 33 9
9.9605 -0.92126 -1.6715 35 22 3
9.9098 -0.92643 -1.6704 41 27 0
9.8842 -0.99355 -1.6099 37 24 6
9.951 -0.97224 -1.6809 36 21 16
9.9806 -0.91664 -1.6824 35 22 3
9.8327 -1.0023 -1.6951 45 36 5
9.9493 -1.0534 -1.6667 43 28 9
9.8511 -1.0283 -1.6883 41 28 19
9.8591 -1.0684 -1.7337 38 32 6
9.8018 -1.0555 -1.6873 36 36 12
9.9631 -1.0444 -1.7046 43 26 0
9.8661 -1.0213 -1.6021 36 26 16
9.9688 -0.99333 -1.6966 37 24 5
9.8974 -1.0501 -1.6923 39 22 15
9.8119 -1.03 -1.6898 38 29 14
9.9547 -1.0276 -1.6651 40 23 15
9.8227 -1.0577 -1.6733 42 35 17
9.9919 -1.1027 -1.6751 48 30 20
9.9331 -1.1303 -1.6745 47 26 7
9.838 -1.1206 -1.6084 45 27 7
9.9802 -1.0795 -1.6615 39 23 8
9.8089 -1.1015 -1.7005 31 26 4
9.8758 -1.1328 -1.6654 41 24 7
9.9415 -1.1291 -1.6794 47 26 7
10.046 -1.0427 -1.6951 41 29 13
9.9811 -1.0728 -1.6925 43 26 6
9.8497 -1.1007 -1.6997 41 27 18
9.9324 -1.0745 -1.6937 40 25 4
9.9997 -1.1839 -1.6717 40 24 1
10.002 -1.1836 -1.6725 40 24 1
9.9585 -1.1828 -1.6736 44 26 16
9.8809 -1.1564 -1.6731 46 24 11
9.9474 -1.1651 -1.6368 41 24 6
9.9118 -1.2072 -1.6787 43 25 5
9.9515 -1.1588 -1.6609 42 27 4
9.8986 -1.1597 -1.6581 51 26 4
9.9917 -1.1279 -1.6833 47 25 10
9.8851 -1.1857 -1.6577 47 24 6
9.8759 -1.1628 -1.6437 51 26 4
9.9835 -1.2053 -1.6949 43 22 5
9.927 -1.2611 -1.6717 45 24 3
9.866 -1.2364 -1.6572 46 23 7
9.9068 -1.2381 -1.6521 42 24 4
9.7616 -1.344 -1.5812 46 23 5
9.9353 -1.3463 -1.6386 39 25 14
10.032 -1.2901 -1.6865 37 25 13
9.9227 -1.3167 -1.6508 43 23 12
9.8407 -1.3111 -1.6549 45 25 14
9.8789 -1.3436 -1.629 43 24 10
9.9376 -1.2908 -1.6548 36 28 17
9.893 -1.2885 -1.6544 44 20 6
9.9409 -1.3103 -1.6916 46 26 1
9.9214 -1.3967 -1.6392 37 19 15
9.8565 -1.4125 -1.6594 44 25 11
9.8892 -1.3825 -1.7021 47 25 12
10.11 -1.3987 -1.7194 41 25 12
9.8539 -1.4173 -1.6284 44 27 1
9.8482 -1.3641 -1.6452 47 26 7
9.9454 -1.3912 -1.6802 46 25 4
9.6979 -1.4098 -1.5817 43 25 13
9.9504 -1.4215 -1.6613 38 25 7
9.8416 -1.3885 -1.6447 48 28 21
9.8487 -1.4614 -1.6666 46 26 15
9.9698 -1.447 -1.6788 35 22 13
9.9116 -1.4966 -1.6519 44 24 17
9.8183 -1.485 -1.6506 47 28 14
9.8264 -1.4656 -1.6218 44 26 4
9.8686 -1.4908 -1.6544 50 29 10
9.9523 -1.442 -1.6983 44 27 1
9.9429 -1.4722 -1.6645 43 28 7
9.9771 -1.4263 -1.6475 41 24 14
9.8836 -1.5495 -1.6206 57 39 25
10.066 -1.5642 -1.699 66 48 28
9.8384 -1.5385 -1.6449 57 39 27
9.8714 -1.5199 -1.6348 53 32 11
9.8753 -1.5693 -1.6465 59 39 14
9.8385 -1.5099 -1.6671 50 32 18
9.8248 -1.562 -1.6452 60 41 25
9.9054 -1.5463 -1.6605 56 39 11
10.017 -1.5353 -1.6664 58 40 20
9.7436 -1.5104 -1.5805 53 33 22
9.9472 -1.5998 -1.6996 67 52 23
9.8569 -1.6171 -1.6448 47 34 16
9.9187 -1.5764 -1.6434 95 72 41
9.9781 -1.598 -1.7491 49 35 9
9.8285 -1.6835 -1.6705 58 41 21
9.8395 -1.6679 -1.6194 125 110 45
9.8974 -1.6997 -1.6615 94 71 14
9.8229 -1.6865 -1.6416 62 44 24
9.8333 -1.7122 -1.6538 59 41 21
9.8166 -1.6616 -1.6321 66 45 24
9.9612 -1.7662 -1.6497 64 44 17
9.9834 -1.7732 -1.6352 69 46 13
9.8251 -1.7626 -1.6296 51 35 22
9.8621 -1.7475 -1.6204 87 60 17
9.7887 -1.7534 -1.6337 48 32 17
9.8553 -1.7186 -1.6384 64 43 16
9.874 -1.774 -1.6325 48 28 1
9.9487 -1.7897 -1.6494 55 38 18
9.7614 -1.7695 -1.6491 45 24 3
9.825 -1.7351 -1.6514 53 35 23
9.9158 -1.7308 -1.649 63 46 20
9.8297 -1.7391 -1.6271 60 39 10
9.7731 -1.7745 -1.629 45 29 12
9.8026 -1.8307 -1.632 38 19 15
9.9305 -1.8369 -1.6453 47 27 18
9.9186 -1.8378 -1.6123 47 27 20
9.7865 -1.8275 -1.6217 38 19 15
9.8909 -1.8016 -1.6472 40 26 13
9.7215 -1.7941 -1.5474 42 26 13
9.7873 -1.8486 -1.6536 37 25 3
9.9295 -1.8367 -1.6449 47 27 18
9.8736 -1.8477 -1.645 48 29 12
9.7022 -1.7875 -1.5599 45 25 16
9.7443 -1.793 -1.6178 45 22 14
9.7853 -1.8718 -1.6549 37 17 8
9.8628 -1.8701 -1.6451 43 27 12
10.027 -1.9145 -1.6599 47 28 21
9.7728 -1.8952 -1.6248 39 23 8
9.9939 -1.9331 -1.6466 45 24 7
9.8297 -1.9117 -1.6375 38 24 15
9.8399 -1.9168 -1.6176 41 17 3
9.8506 -1.9167 -1.651 38 24 15
9.9938 -1.8815 -1.636 43 29 2
9.7879 -1.8513 -1.6256 42 28 19
9.8339 -1.8884 -1.6351 40 22 10
9.8173 -1.8818 -1.6498 38 21 11
10.017 -1.9928 -1.6382 38 19 13
10.058 -2.0014 -1.6966 37 18 2
9.753 -1.9628 -1.6005 35 15 8
9.8878 -1.9797 -1.6247 34 22 0
9.7308 -1.955 -1.6161 37 22 1
9.7421 -1.9581 -1.6235 37 22 1
9.9475 -1.9982 -1.6347 37 19 9
10.046 -1.9953 -1.7168 33 15 0
9.7415 -1.9346 -1.6179 38 21 1
10.031 -2.0229 -1.6548 38 26 10
9.8796 -2.0019 -1.6229 39 19 10
9.8078 -1.9802 -1.61 31 22 13
9.8311 -1.9602 -1.6464 39 21 11
9.8692 -1.9725 -1.6417 29 16 8
9.9401 -1.9456 -1.618 46 25 8
9.8269 -1.9348 -1.6379 39 23 10
9.8652 -1.9471 -1.6357 41 22 5
9.9379 -1.9426 -1.6458 44 23 6
9.7803 -1.9211 -1.6385 37 21 8
9.7842 -1.922 -1.6405 37 21 8
9.723 -2.0251 -1.5693 34 19 0
9.9853 -2.0618 -1.6377 31 19 7
9.7652 -2.0369 -1.6258 34 17 0
9.9269 -2.0179 -1.6283 36 19 9
10.021 -2.0725 -1.6601 31 19 7
9.8155 -2.0308 -1.6277 37 13 11
9.8265 -2.0364 -1.6089 32 18 9
9.9247 -2.069 -1.6066 34 13 8
9.9103 -2.0355 -1.647 34 15 0
9.8248 -2.0092 -1.6268 32 21 1
9.903 -2.0355 -1.6147 32 18 9
9.9131 -2.0639 -1.6307 34 17 0
9.789 -2.0206 -1.6365 31 17 8
9.7238 -1.976 -1.6158 37 20 3
9.924 -2.019 -1.5969 39 21 9
9.8139 -2.0037 -1.645 37 13 11
9.9329 -2.1219 -1.6238 35 21 10
9.7676 -2.0867 -1.6118 32 19 0
9.9496 -2.102 -1.6281 32 18 9
9.8789 -2.127 -1.624 38 19 3
9.877 -2.0777 -1.6153 32 17 0
9.992 -2.1432 -1.6306 34 22 10
9.8094 -2.0751 -1.6612 28 16 2
9.8819 -2.1038 -1.6228 39 20 13
9.7595 -2.0821 -1.6318 27 14 0
9.958 -2.1063 -1.6031 27 19 16
9.9408 -2.1495 -1.6322 38 23 0
9.7946 -2.1196 -1.6339 37 18 4
9.8637 -2.1475 -1.5905 38 23 4
9.766 -2.1327 -1.6184 33 16 0
9.8617 -2.1458 -1.6198 38 17 12
10.008 -2.1999 -1.6478 38 20 10
9.757 -2.1532 -1.6192 36 21 2
9.8229 -2.1548 -1.6282 28 22 10
9.7364 -2.1682 -1.6084 34 16 2
9.774 -2.1835 -1.6034 39 19 8
9.8251 -2.1315 -1.6245 25 17 4
9.8158 -2.1761 -1.6277 38 14 4
9.9374 -2.2254 -1.6184 33 22 3
9.9463 -2.2806 -1.6073 27 18 3
9.9257 -2.2449 -1.6446 36 18 4
9.9415 -2.3023 -1.6334 33 18 0
9.7996 -2.2205 -1.5774 39 18 15
9.9433 -2.2782 -1.633 37 20 2
9.9237 -2.2452 -1.6152 35 20 0
9.6802 -2.1942 -1.506 34 17 7
9.8056 -2.2205 -1.6331 34 16 12
9.7563 -2.1992 -1.6248 33 15 1
9.7992 -2.2413 -1.631 34 15 0
9.9124 -2.2904 -1.6173 33 18 0
9.9093 -2.3404 -1.6017 37 19 0
9.9938 -2.3775 -1.6206 34 18 1
10.125 -2.3804 -1.6852 29 11 9
9.8513 -2.338 -1.6258 37 12 15
10.155 -2.3927 -1.7025 29 11 9
9.9425 -2.3284 -1.6419 36 14 3
9.6808 -2.2383 -1.5398 18 14 2
9.9 -2.3609 -1.6305 36 21 2
9.7726 -2.278 -1.6257 33 15 3
9.8359 -2.3306 -1.6439 22 14 3
9.9573 -2.3354 -1.6222 32 19 0
9.7839 -2.259 -1.6275 38 21 1
9.8249 -2.278 -1.6304 26 14 0
9.8798 -2.3264 -1.6097 34 17 0
9.8254 -2.3253 -1.6643 28 19 2
9.8611 -2.3179 -1.6272 34 16 12
9.9832 -2.3209 -1.6333 30 19 15
9.6521 -2.2039 -1.4893 35 18 11
9.8537 -2.3889 -1.5839 30 14 0
9.8399 -2.3575 -1.596 36 15 12
9.7559 -2.3649 -1.6062 32 19 3
9.9326 -2.4002 -1.6216 35 12 6
9.9184 -2.3689 -1.61 32 19 3
9.7769 -2.3281 -1.6124 35 19 2
9.8507 -2.4114 -1.6128 35 13 15
9.8414 -2.3577 -1.6237 33 9 9
9.8662 -2.4682 -1.5778 34 17 0
9.826 -2.449 -1.6123 32 19 3
10.031 -2.4993 -1.636 38 23 4
9.9329 -2.5026 -1.6466 32 18 9
9.8342 -2.4768 -1.6189 36 14 3
9.7555 -2.3882 -1.6107 37 22 3
9.9408 -2.4809 -1.5892 35 20 0
9.9609 -2.491 -1.6871 19 16 0
9.7395 -2.4281 -1.5884 35 16 2
9.738 -2.4036 -1.5814 32 19 3
9.8956 -2.533 -1.6046 40 18 7
9.7454 -2.4777 -1.5995 28 20 0
9.7109 -2.4817 -1.5806 34 17 0
9.8726 -2.4965 -1.6146 31 11 2
9.8935 -2.5068 -1.598 36 20 3
9.7753 -2.4704 -1.6151 36 19 1
9.9257 -2.5985 -1.5757 34 12 0
9.744 -2.5722 -1.5958 27 12 5
9.8015 -2.5566 -1.5943 33 16 6
9.8293 -2.5969 -1.6161 27 8 4
9.9895 -2.6084 -1.6091 32 15 0
9.8733 -2.6208 -1.6118 30 8 8
9.7502 -2.5519 -1.5943 25 11 0
10.027 -2.7352 -1.6256 31 12 0
9.867 -2.642 -1.5888 24 9 2
9.8007 -2.6042 -1.6018 28 10 0
10.012 -2.7004 -1.6137 35 16 0
9.9225 -2.6982 -1.5699 31 13 3
9.9991 -2.7183 -1.609 31 12 0
9.9371 -2.6571 -1.5975 23 13 1
10.023 -2.7084 -1.678 28 11 4
9.7003 -2.5688 -1.5706 26 12 9
9.7768 -2.6356 -1.5423 27 13 4
9.9703 -2.7021 -1.6204 26 9 2
9.9367 -2.7075 -1.6045 26 9 0
9.7603 -2.6281 -1.5867 24 10 1
9.8451 -2.6287 -1.5746 24 9 2
9.8426 -2.6284 -1.6013 31 13 1
9.774 -2.6339 -1.541 27 13 4
9.9255 -2.7296 -1.6625 17 20 9
9.7574 -2.6739 -1.5923 24 7 0
9.8116 -2.7075 -1.5995 36 9 0
9.8282 -2.6938 -1.6068 26 13 0
9.7679 -2.7046 -1.581 28 8 0
10.003 -2.8034 -1.6867 33 11 0
9.8977 -2.7619 -1.6029 35 8 13
9.7841 -2.7143 -1.5661 27 11 0
9.9627 -2.7488 -1.5992 28 12 0
10.005 -2.8812 -1.6189 32 13 0
9.8972 -2.8378 -1.6149 28 13 10
9.7907 -2.7673 -1.5785 37 5 2
9.8771 -2.7728 -1.592 26 1 5
10.048 -2.8834 -1.6633 22 8 5
10.015 -2.8862 -1.6181 32 13 0
9.8893 -2.781 -1.6 26 1 5
9.7671 -2.7531 -1.5912 24 10 9
10.015 -2.8597 -1.6149 24 15 0
9.8778 -2.8225 -1.5745 21 8 2
9.897 -2.8125 -1.6118 28 10 0
9.8729 -2.8195 -1.5728 21 8 2
9.9665 -2.8821 -1.602 29 12 0
9.8228 -2.8146 -1.604 28 12 0
9.7603 -2.7729 -1.5917 14 14 14
9.7525 -2.7173 -1.551 22 11 0
9.8754 -2.7948 -1.5657 27 14 6
9.9804 -2.9174 -1.5895 25 9 0
10.01 -2.9399 -1.635 23 12 8
9.7734 -2.8043 -1.5764 36 9 16
10.065 -2.9471 -1.6293 24 7 0
9.8212 -2.8634 -1.6107 33 11 0
9.6669 -0.33409 -1.7238 36 12 0
9.6014 -0.38174 -1.6532 31 20 0
9.6572 -0.40024 -1.6767 33 16 8
9.7037 -0.33163 -1.6958 31 18 10
9.6724 -0.36117 -1.7082 32 13 0
9.6927 -0.36899 -1.6664 27 14 8
9.6765 -0.35948 -1.7087 32 13 0
9.7549 -0.31045 -1.707 26 13 5
9.5699 -0.40265 -1.6863 36 22 13
9.5763 -0.39114 -1.7121 24 20 8
9.6988 -0.38623 -1.6785 26 17 2
9.6311 -0.39767 -1.7074 43 24 20
9.5935 -0.40903 -1.7103 26 14 14
9.551 -0.45553 -1.6774 24 10 7
9.732 -0.40186 -1.7405 29 12 0
9.5716 -0.49276 -1.6793 36 16 5
9.7035 -0.44767 -1.7004 32 20 6
9.5783 -0.45965 -1.7062 33 21 5
9.7417 -0.38378 -1.715 25 13 0
9.5317 -0.52527 -1.6825 30 12 0
9.5932 -0.50124 -1.7025 42 19 27
9.7086 -0.42379 -1.6965 23 14 7
9.5513 -0.49541 -1.689 39 16 10
9.7227 -0.4253 -1.6795 33 12 7
9.6395 -0.42191 -1.6967 36 14 0
9.7341 -0.45581 -1.7184 28 14 5
9.5641 -0.53733 -1.6843 32 16 3
9.6939 -0.49642 -1.7011 28 18 6
9.6871 -0.52086 -1.704 35 15 6
9.6885 -0.4904 -1.7243 38 13 8
9.8259 -0.39315 -1.7556 31 10 7
9.6158 -0.51902 -1.6973 38 22 22
9.6218 -0.4953 -1.6955 34 11 17
9.7463 -0.47918 -1.7097 36 17 0
9.6202 -0.53762 -1.706 37 17 8
9.7015 -0.47983 -1.6742 37 18 11
9.6498 -0.53221 -1.6977 33 16 0
9.5937 -0.56305 -1.7187 33 19 6
9.6151 -0.53167 -1.7288 31 17 16
9.612 -0.54159 -1.7006 37 17 8
9.6704 -0.59368 -1.7055 25 18 2
9.6783 -0.53462 -1.6668 35 11 7
9.5683 -0.6249 -1.6823 36 18 6
9.56 -0.60038 -1.697 35 15 8
9.7424 -0.53386 -1.6901 36 15 10
9.6165 -0.55176 -1.7361 33 19 6
9.7759 -0.53988 -1.7214 35 24 2
9.668 -0.55163 -1.6955 35 15 8
9.7949 -0.48589 -1.7238 42 16 17
9.7478 -0.52263 -1.7216 40 22 12
9.7462 -0.53201 -1.6931 36 15 10
9.6198 -0.57958 -1.717 40 20 13
9.5991 -0.63879 -1.6869 41 25 12
9.6762 -0.64214 -1.6933 29 17 1
9.5349 -0.70865 -1.6448 35 19 2
9.6278 -0.65529 -1.6844 36 19 2
9.787 -0.54892 -1.7618 26 16 4
9.6238 -0.6447 -1.6468 36 20 5
9.649 -0.62518 -1.693 35 16 0
9.6129 -0.66683 -1.7334 30 18 2
9.5892 -0.63662 -1.6999 38 18 20
9.7284 -0.60597 -1.6972 27 20 4
9.6571 -0.66665 -1.6236 33 26 0
9.7267 -0.62869 -1.7012 38 26 4
9.5711 -0.6647 -1.6943 35 17 5
9.7241 -0.68152 -1.6834 41 24 17
9.5681 -0.7355 -1.6798 42 20 22
9.732 -0.65645 -1.683 43 23 25
9.7383 -0.64588 -1.7147 42 26 1
9.6716 -0.66553 -1.6955 38 23 4
9.7105 -0.70105 -1.7066 38 20 16
9.6466 -0.71864 -1.6873 36 19 1
9.7234 -0.70343 -1.6901 42 24 10
9.6317 -0.70368 -1.67 39 24 3
9.7534 -0.64743 -1.699 39 25 12
9.6725 -0.66529 -1.6955 38 23 4
9.6049 -0.70815 -1.6724 34 23 3
9.692 -0.68675 -1.6873 38 23 16
9.7668 -0.70916 -1.7258 39 22 12
9.7065 -0.76161 -1.6589 57 32 0
9.683 -0.76245 -1.6711 40 23 13
9.6418 -0.79148 -1.674 41 23 3
9.7732 -0.69186 -1.6982 49 31 11
9.551 -0.78255 -1.6805 42 18 14
9.6793 -0.78556 -1.6729 41 25 10
9.5426 -0.8334 -1.6587 49 25 11
9.5873 -0.7836 -1.653 45 36 7
9.6557 -0.74409 -1.6714 35 23 1
9.6561 -0.77235 -1.6517 40 23 13
9.7054 -0.74662 -1.7155 39 23 0
9.5461 -0.8048 -1.6822 44 26 14
9.7339 -0.72916 -1.6752 48 29 0
9.5759 -0.84264 -1.6877 48 24 20
9.7574 -0.76522 -1.7023 45 31 18
9.6963 -0.84539 -1.7007 43 32 28
9.557 -0.89046 -1.683 50 31 14
9.5625 -0.86796 -1.6822 51 25 11
9.5952 -0.93353 -1.6714 38 22 5
9.6904 -0.89779 -1.6818 45 30 0
9.5912 -0.92902 -1.6899 45 32 26
9.6992 -0.85201 -1.6726 38 24 15
9.7286 -0.86423 -1.7041 48 27 0
9.6106 -0.90803 -1.6767 41 23 9
9.6615 -0.92133 -1.6929 42 25 0
9.6601 -0.87885 -1.678 45 26 20
9.6906 -0.89775 -1.6819 45 30 0
9.5282 -0.92001 -1.6656 49 23 8
9.6039 -0.88283 -1.6895 41 25 10
9.6005 -0.89031 -1.6619 41 25 10
9.5576 -0.91823 -1.6584 47 33 22
9.6473 -0.90371 -1.6775 44 27 9
9.6036 -0.90997 -1.6726 41 23 9
9.7154 -0.94188 -1.6826 45 28 11
9.5959 -0.98202 -1.6548 40 25 4
9.672 -0.94685 -1.6787 42 27 6
9.7189 -0.91226 -1.7048 43 26 6
9.5539 -0.98033 -1.6784 39 25 12
9.7268 -0.96142 -1.6955 45 28 10
9.5496 -0.98789 -1.6465 35 23 9
9.6959 -0.96256 -1.7023 41 27 18
9.6039 -0.95866 -1.6563 33 17 0
9.7627 -0.95917 -1.6918 41 32 1
9.7564 -0.93789 -1.6827 40 32 9
9.647 -0.93838 -1.6295 45 31 20
9.5807 -1.007 -1.6481 38 26 2
9.583 -1.0063 -1.6507 38 25 6
9.6125 -0.99275 -1.7002 37 27 18
9.6359 -0.9433 -1.7091 32 23 8
9.5261 -1.0081 -1.663 42 24 10
9.7081 -1.0108 -1.6929 44 27 9
9.5956 -1.0185 -1.6909 39 22 12
9.5642 -1.0528 -1.6457 39 25 0
9.688 -0.98686 -1.701 43 27 10
9.7086 -1.0391 -1.6731 39 31 10
9.6612 -1.0153 -1.6864 44 25 19
9.6736 -0.99666 -1.6633 40 25 6
9.6102 -1.0641 -1.6857 36 20 3
9.6386 -1.0143 -1.6979 39 26 10
9.7747 -1.0018 -1.7158 36 23 17
9.6885 -1.0372 -1.6873 41 30 11
9.6656 -1.0361 -1.6973 42 27 8
9.5437 -1.1193 -1.6489 39 24 17
9.5583 -1.0958 -1.6523 43 24 8
9.6976 -1.1085 -1.6825 41 24 7
9.7397 -1.043 -1.7565 34 20 0
9.6771 -1.1066 -1.6916 43 26 8
9.7925 -1.0276 -1.7053 39 32 3
9.6016 -1.0931 -1.658 38 27 5
9.6659 -1.0864 -1.6786 33 26 10
9.5606 -1.122 -1.6328 44 27 0
9.5569 -1.138 -1.6631 43 26 16
9.636 -1.0764 -1.6247 38 26 14
9.7583 -1.0579 -1.6847 31 30 0
9.6686 -1.1636 -1.6431 37 30 12
9.5452 -1.182 -1.6648 39 21 9
9.6674 -1.1361 -1.6638 42 23 16
9.5863 -1.1384 -1.6592 38 22 0
9.5753 -1.1561 -1.6824 36 22 11
9.7307 -1.1317 -1.6803 36 30 4
9.5923 -1.1804 -1.6739 39 20 3
9.6716 -1.1578 -1.6704 41 24 7
9.6419 -1.1346 -1.6735 39 22 5
9.6319 -1.1801 -1.6753 39 22 12
9.62 -1.1545 -1.6896 34 20 7
9.6736 -1.1517 -1.7022 36 22 9
9.7326 -1.1082 -1.6813 42 37 8
9.6547 -1.1823 -1.6655 36 22 11
9.6629 -1.2256 -1.6835 41 25 0
9.6702 -1.2025 -1.682 36 19 9
9.6685 -1.1972 -1.709 38 19 2
9.6303 -1.2462 -1.6924 35 23 9
9.6929 -1.2275 -1.6785 42 28 15
9.5527 -1.2495 -1.6588 37 23 12
9.7464 -1.2269 -1.6879 39 31 8
9.6301 -1.2514 -1.664 39 23 8
9.5739 -1.1991 -1.6928 35 16 9
9.583 -1.2031 -1.6728 36 24 0
9.5748 -1.2306 -1.6462 38 22 0
9.5906 -1.2238 -1.6828 40 26 17
9.6619 -1.2705 -1.6936 38 20 10
9.6287 -1.2685 -1.6962 40 24 1
9.7342 -1.2513 -1.6845 40 30 20
9.6859 -1.2735 -1.6837 37 25 9
9.5856 -1.2675 -1.6912 36 22 11
9.5337 -1.3193 -1.6347 28 18 9
9.7331 -1.3027 -1.6677 42 33 16
9.6632 -1.3027 -1.6474 39 30 23
9.5695 -1.3215 -1.6364 35 17 5
9.6212 -1.2573 -1.6321 39 27 5
9.5973 -1.3415 -1.6622 43 21 8
9.6278 -1.3446 -1.6574 36 23 5
9.5425 -1.3611 -1.6502 44 25 19
9.584 -1.3638 -1.6566 39 20 6
9.6402 -1.3217 -1.661 36 23 7
9.5661 -1.3817 -1.6734 40 20 9
9.6243 -1.3668 -1.6588 42 25 5
9.5533 -1.3393 -1.6551 48 27 24
9.6909 -1.4193 -1.6604 47 32 9
9.6752 -1.4149 -1.682 37 28 11
9.6512 -1.4107 -1.6911 41 22 8
9.6203 -1.389 -1.6617 41 22 8
9.589 -1.3854 -1.664 44 22 9
9.5479 -1.4292 -1.6444 40 20 9
9.6429 -1.4376 -1.663 44 31 13
9.5794 -1.4031 -1.6873 40 20 9
9.5797 -1.4333 -1.643 41 22 5
9.6154 -1.3892 -1.6574 41 22 8
9.5955 -1.4071 -1.676 39 21 9
9.614 -1.4816 -1.6501 46 27 13
9.5948 -1.499 -1.6699 41 22 8
9.591 -1.477 -1.6599 41 22 8
9.5964 -1.4552 -1.6604 42 22 0
9.5576 -1.4506 -1.6571 47 23 19
9.5689 -1.4941 -1.6763 38 22 5
9.6476 -1.46 -1.6698 40 28 16
9.6904 -1.465 -1.6717 42 35 9
9.5667 -1.4724 -1.6693 43 24 8
9.6409 -1.5047 -1.6748 53 30 22
9.7042 -1.5656 -1.6523 52 40 24
9.5459 -1.5614 -1.6464 43 27 12
9.6104 -1.5737 -1.6462 49 37 15
9.5637 -1.552 -1.5766 44 33 3
9.7449 -1.5565 -1.765 37 18 2
9.669 -1.5477 -1.7357 37 22 15
9.6329 -1.5345 -1.623 50 38 22
9.5597 -1.5193 -1.6488 41 23 0
9.6666 -1.5326 -1.6749 40 30 18
9.5492 -1.5652 -1.6237 32 23 6
9.6167 -1.526 -1.6648 41 22 6
9.6218 -1.6072 -1.5782 54 41 22
9.5638 -1.5845 -1.6665 37 24 6
9.5919 -1.5904 -1.66 42 24 14
9.7388 -1.5953 -1.6544 59 43 17
9.7782 -1.5947 -1.7068 48 39 24
9.5323 -1.603 -1.6468 41 25 2
9.6265 -1.6384 -1.6969 43 23 14
9.5687 -1.6101 -1.6488 39 26 7
9.5542 -1.6516 -1.6471 42 24 10
9.5712 -1.6786 -1.6371 45 26 9
9.5314 -1.6914 -1.641 41 21 12
9.5664 -1.6997 -1.6405 42 20 7
9.5747 -1.6761 -1.6676 39 20 16
9.5468 -1.7181 -1.6303 43 26 8
9.6375 -1.7449 -1.5916 49 37 15
9.5577 -1.7632 -1.6491 39 21 7
9.6638 -1.7494 -1.6093 49 37 15
9.6877 -1.7309 -1.622 52 41 11
9.5574 -1.7414 -1.6425 38 19 2
9.5807 -1.7896 -1.6715 33 20 12
9.609 -1.7981 -1.6675 37 25 9
9.5447 -1.7638 -1.6175 41 31 19
8.262 -1.6171 -0.6807 42 29 21
8.2635 -1.6122 -0.67978 38 30 19
9.5277 -1.9319 -1.615 36 25 5
9.7369 -1.931 -1.6407 34 19 0
8.2595 -1.6213 -0.68034 53 42 23
9.522 -1.9724 -1.6191 34 22 8
9.7471 -2.0039 -1.661 32 22 10
9.7232 -1.999 -1.6206 36 19 1
9.5577 -1.9623 -1.6411 32 23 8
9.7501 -2.0303 -1.642 38 19 3
9.5497 -1.9824 -1.6107 45 32 23
9.7296 -2.0953 -1.6178 33 20 1
9.5094 -2.054 -1.6036 31 24 4
9.6333 -2.0319 -1.6782 49 41 20
9.7056 -2.062 -1.6202 30 19 0
9.9111 -2.1063 -1.7565 26 17 0
9.6989 -2.153 -1.6121 33 17 0
9.5727 -2.1009 -1.6317 43 29 26
9.6398 -2.1288 -1.5966 33 26 6
9.6882 -2.1684 -1.6872 51 37 26
9.5368 -2.1076 -1.6066 36 23 17
9.7004 -2.1309 -1.6092 29 14 7
9.6898 -2.104 -1.5962 36 19 1
9.5868 -2.152 -1.6005 36 32 7
9.6732 -2.1647 -1.6258 33 26 6
9.5783 -2.1458 -1.6404 28 25 20
9.7519 -2.2214 -1.6296 28 15 0
9.614 -2.1847 -1.6215 40 31 2
9.7139 -2.2049 -1.6312 30 15 10
9.7135 -2.2296 -1.6137 39 14 17
9.5867 -2.1941 -1.6027 60 45 22
9.686 -2.2161 -1.6166 33 17 2
9.6768 -2.1673 -1.6032 35 15 6
9.5556 -2.1811 -1.6113 31 23 10
9.6524 -2.1785 -1.6145 31 25 0
9.649 -2.2688 -1.6105 36 29 23
9.6902 -2.2407 -1.624 30 11 13
9.711 -2.2969 -1.6227 19 18 0
9.5382 -2.1945 -1.6014 38 25 16
9.7166 -2.2997 -1.5995 31 18 2
9.6506 -2.2236 -1.6267 33 26 0
9.7124 -2.2512 -1.6134 32 16 0
9.5421 -2.1953 -1.6272 35 22 13
9.6733 -2.2575 -1.5957 31 19 3
9.6706 -2.3239 -1.6064 33 17 0
9.6727 -2.325 -1.6081 33 17 0
9.6699 -2.3004 -1.6539 25 25 0
9.7425 -2.3351 -1.6213 31 12 5
9.6985 -2.3378 -1.5997 35 18 1
9.6205 -2.2778 -1.5955 30 24 0
9.7353 -2.4254 -1.635 33 15 5
9.7643 -2.4172 -1.625 35 13 2
9.6653 -2.3667 -1.6117 31 11 2
9.6708 -2.4147 -1.6225 18 19 1
9.7175 -2.3701 -1.6161 29 16 8
9.6844 -2.3762 -1.5981 30 17 0
9.6478 -2.4028 -1.584 35 15 6
9.7183 -2.417 -1.6001 33 17 4
9.7019 -2.4554 -1.6016 35 11 7
9.6933 -2.4267 -1.5878 36 20 5
9.6724 -2.462 -1.6105 33 17 4
9.7028 -2.4785 -1.6048 32 15 0
9.6869 -2.4472 -1.6164 34 22 0
9.7635 -2.5601 -1.6282 24 15 8
9.6881 -2.5395 -1.5851 19 9 7
9.5704 -2.4936 -1.5858 38 42 18
9.7067 -2.5513 -1.623 27 9 7
9.7728 -2.6375 -1.6229 31 8 14
9.7664 -2.6106 -1.6417 31 10 5
9.685 -2.5613 -1.6119 31 14 7
9.7333 -2.6378 -1.6281 28 8 9
9.6832 -2.5839 -1.6169 34 16 2
9.7178 -2.6267 -1.5914 26 5 0
9.7636 -2.6573 -1.6491 28 8 9
9.7653 -2.6336 -1.6435 28 13 8
9.6766 -2.6033 -1.6176 22 13 6
9.7657 -2.6099 -1.6401 31 10 5
9.7355 -2.6862 -1.6133 24 13 0
9.7599 -2.6776 -1.6231 27 14 0
9.672 -2.6242 -1.6208 28 11 1
9.6653 -2.6653 -1.5999 35 13 2
9.6248 -2.6165 -1.5933 22 13 0
9.6112 -2.6312 -1.5913 28 21 3
9.6624 -2.6167 -1.5884 33 9 0
9.6551 -2.6347 -1.5869 26 14 0
9.6997 -2.7348 -1.6069 31 15 0
9.7415 -2.7384 -1.6047 28 9 2
9.6309 -2.665 -1.5812 32 11 6
9.7362 -2.7584 -1.6043 24 17 0
9.701 -2.7108 -1.5998 36 11 4
9.7316 -2.7554 -1.6018 30 13 0
9.6196 -2.6804 -1.5785 32 13 0
9.7551 -2.7476 -1.6129 28 9 2
9.7038 -2.8078 -1.5966 40 16 12
9.6335 -2.7369 -1.5773 26 17 0
9.7074 -2.7868 -1.5962 39 13 16
9.6915 -2.7535 -1.6077 28 12 0
9.5421 -0.49179 -1.7078 34 19 14
9.5404 -0.47268 -1.7009 32 11 8
9.5196 -0.55228 -1.6756 38 18 9
9.4785 -0.59715 -1.7027 40 25 6
9.5346 -0.63291 -1.682 34 11 17
9.4197 -0.69555 -1.7008 34 15 8
9.3864 -0.69247 -1.6673 30 16 3
9.561 -0.64077 -1.7082 32 19 1
9.4931 -0.71198 -1.6631 29 17 1
9.508 -0.69751 -1.7027 30 23 7
9.5192 -0.72038 -1.69 36 9 18
9.4853 -0.7271 -1.6906 38 22 9
9.4862 -0.69973 -1.7103 37 15 18
9.4302 -0.70562 -1.6594 36 16 15
9.5229 -0.71876 -1.6931 36 9 18
9.4811 -0.72877 -1.688 38 22 9
9.4775 -0.79003 -1.6982 31 18 0
9.5726 -0.72576 -1.7119 40 23 16
9.5242 -0.73844 -1.6991 37 18 2
9.5278 -0.76442 -1.6814 43 17 16
9.5183 -0.72773 -1.6659 28 26 4
9.4568 -0.75285 -1.6924 39 21 19
9.493 -0.79098 -1.6853 43 22 1
9.4982 -0.76898 -1.6843 41 22 8
9.4813 -0.77592 -1.6701 41 22 8
9.4682 -0.77392 -1.6859 59 37 16
9.466 -0.7692 -1.703 41 22 15
9.4744 -0.85765 -1.6851 44 19 12
9.5427 -0.82661 -1.6838 46 23 15
9.5365 -0.80161 -1.699 43 23 0
9.4312 -0.86618 -1.6763 46 26 15
9.4776 -0.81691 -1.6771 43 22 3
9.5331 -0.78246 -1.6915 39 20 13
9.5286 -0.82507 -1.697 41 18 0
9.4652 -0.84085 -1.6747 45 19 4
9.516 -0.87684 -1.6713 52 25 14
9.4853 -0.88027 -1.6744 47 25 1
9.5461 -0.88707 -1.7024 50 24 9
9.5252 -0.85315 -1.6752 48 24 12
9.4765 -0.8635 -1.6618 47 20 13
9.484 -0.86082 -1.6681 47 20 13
9.4067 -0.99652 -1.6611 32 26 12
9.4518 -0.97055 -1.6651 42 24 12
9.4935 -0.94433 -1.6696 34 24 0
9.4408 -0.94212 -1.6997 41 22 15
9.414 -0.97522 -1.661 30 24 12
9.4603 -0.94786 -1.6697 42 25 17
9.5078 -0.9604 -1.6862 40 23 13
9.4638 -0.94056 -1.698 30 25 19
9.5433 -0.95719 -1.6846 36 26 25
9.5549 -0.93236 -1.6932 45 23 10
9.4309 -0.98415 -1.7035 37 22 0
9.4794 -1.0086 -1.6738 39 21 9
9.533 -1.0009 -1.6891 39 23 0
9.5158 -0.97848 -1.6986 41 20 15
9.4273 -0.99708 -1.6502 41 27 0
9.4357 -1.0337 -1.67 36 22 9
9.4423 -1.0127 -1.6673 40 19 14
9.5295 -0.9812 -1.6814 40 24 11
9.4174 -1.0325 -1.6805 29 23 11
9.4764 -1.0293 -1.6784 41 23 1
9.4692 -1.0917 -1.6853 42 24 2
9.4663 -1.052 -1.674 39 18 13
9.4985 -1.0502 -1.6739 39 23 0
9.5029 -1.0695 -1.6835 40 22 0
9.4476 -1.0507 -1.6842 43 25 15
9.5449 -1.0662 -1.6899 42 24 14
9.4334 -1.0938 -1.6816 39 26 10
9.5472 -1.024 -1.6808 44 28 11
9.4427 -1.0519 -1.6799 43 25 15
9.4206 -1.0514 -1.6879 33 28 7
9.4601 -1.0936 -1.6781 42 24 2
9.4704 -1.0802 -1.7386 40 28 16
9.4472 -1.0765 -1.6624 41 22 15
9.5497 -1.0445 -1.6859 38 20 18
9.4027 -1.0808 -1.6519 42 26 13
9.5482 -1.0655 -1.6926 42 24 14
9.4432 -1.066 -1.7108 32 25 19
9.5223 -1.0242 -1.6864 41 25 0
9.48 -1.1354 -1.6811 41 21 10
9.4316 -1.1139 -1.6865 42 23 16
9.453 -1.115 -1.6785 40 24 1
9.539 -1.1146 -1.672 44 27 20
9.4029 -1.1396 -1.6644 43 23 14
9.4698 -1.1171 -1.6675 40 22 12
9.5243 -1.1328 -1.6901 42 22 11
9.4389 -1.1525 -1.7021 26 21 2
9.5165 -1.0931 -1.6716 39 22 12
9.4966 -1.0915 -1.6819 37 21 8
9.5015 -1.1468 -1.7298 38 22 7
9.5185 -1.1134 -1.6779 40 22 12
9.4464 -1.1363 -1.6791 46 24 1
9.4004 -1.2233 -1.6592 36 21 18
9.4842 -1.2014 -1.6726 34 25 10
9.4214 -1.1805 -1.6681 36 29 23
9.414 -1.2015 -1.6676 36 18 18
9.5146 -1.2021 -1.673 39 24 19
9.4504 -1.2012 -1.6706 40 22 12
9.4127 -1.177 -1.6846 29 16 7
9.5134 -1.2649 -1.6861 34 19 0
9.4638 -1.2244 -1.6635 34 17 10
9.5088 -1.2236 -1.6735 35 20 15
9.5626 -1.2221 -1.6874 27 18 11
9.4675 -1.2444 -1.6695 33 20 11
9.4272 -1.2444 -1.6626 33 21 0
9.5525 -1.2448 -1.6823 28 26 14
9.5179 -1.2435 -1.6838 35 19 6
9.4344 -1.2683 -1.6473 39 20 14
9.4253 -1.2647 -1.6643 38 21 3
9.3932 -1.2634 -1.6642 40 25 2
9.4436 -1.2223 -1.6706 41 22 6
9.4258 -1.2398 -1.6856 32 22 10
9.4193 -1.3097 -1.6459 39 19 12
9.4476 -1.2963 -1.6136 28 20 7
9.5156 -1.316 -1.6473 34 19 0
9.5257 -1.2687 -1.6665 31 25 9
9.4047 -1.3263 -1.6629 40 19 14
9.4282 -1.2844 -1.6727 35 28 10
9.41 -1.306 -1.6632 39 21 17
9.4874 -1.309 -1.6739 35 20 1
9.4638 -1.3311 -1.6616 38 19 13
9.4285 -1.329 -1.6577 38 22 0
9.4662 -1.3354 -1.6419 33 23 11
9.4724 -1.2849 -1.683 39 22 14
9.5016 -1.287 -1.6806 37 21 0
9.4524 -1.3727 -1.6603 37 23 12
9.4206 -1.3496 -1.6564 37 23 12
9.5193 -1.3577 -1.661 44 25 19
9.4142 -1.3699 -1.6563 39 22 14
9.3959 -1.3467 -1.6602 37 23 10
9.5131 -1.379 -1.659 38 18 17
9.5315 -1.3359 -1.6663 44 22 11
9.3628 -1.3954 -1.5925 37 21 8
9.5306 -1.336 -1.6654 44 22 11
9.5116 -1.3747 -1.6854 41 25 2
9.4777 -1.3509 -1.6772 39 20 14
9.4414 -1.434 -1.6674 49 24 2
9.3905 -1.4104 -1.6465 23 18 14
9.4177 -1.4139 -1.6439 34 21 12
9.4636 -1.438 -1.6611 54 23 11
9.5236 -1.4423 -1.68 34 18 3
9.383 -1.4302 -1.6444 50 25 21
9.5525 -1.425 -1.6716 42 23 9
9.4301 -1.4138 -1.6537 34 21 12
9.5121 -1.4462 -1.6492 43 24 10
9.4002 -1.4501 -1.6639 47 24 16
9.4122 -1.4541 -1.6489 47 23 9
9.4137 -1.4979 -1.6348 38 20 8
9.4228 -1.4744 -1.6628 45 25 18
9.5232 -1.4887 -1.6676 39 22 15
9.3727 -1.4695 -1.6446 41 21 10
9.5458 -1.4679 -1.6801 44 21 13
9.5153 -1.5096 -1.6656 40 21 7
9.3951 -1.5135 -1.6489 44 23 20
9.4056 -1.494 -1.6529 41 23 9
9.461 -1.4586 -1.6629 43 14 19
9.4653 -1.4793 -1.6709 41 24 7
9.4672 -1.5246 -1.6605 39 21 7
9.4476 -1.5403 -1.6722 39 23 10
9.4976 -1.5508 -1.6617 35 23 7
9.4989 -1.5544 -1.6367 32 23 16
9.4224 -1.5589 -1.657 36 22 21
9.4017 -1.5339 -1.659 37 23 12
9.5433 -1.5147 -1.6616 43 21 6
9.462 -1.5655 -1.6633 34 21 13
9.4683 -1.5694 -1.6433 37 24 8
9.6708 -1.5439 -1.7667 36 18 4
9.4965 -1.5473 -1.6885 36 12 8
9.3982 -1.5537 -1.6606 39 21 11
9.4339 -1.5191 -1.6566 40 20 11
9.454 -1.6297 -1.6437 38 17 0
9.4345 -1.6008 -1.6766 35 20 13
9.4728 -1.6112 -1.6534 41 23 11
9.486 -1.6159 -1.6419 41 23 11
9.5315 -1.6243 -1.6523 36 18 4
9.5031 -1.5967 -1.6491 39 22 14
9.4901 -1.5921 -1.6647 40 24 7
9.4378 -1.5839 -1.6492 39 20 14
9.5157 -1.5768 -1.6555 37 24 6
9.4071 -1.5778 -1.648 36 19 12
9.4195 -1.6225 -1.6424 35 18 8
9.4234 -1.6028 -1.6418 37 20 2
9.4849 -1.6577 -1.6516 37 12 8
9.3709 -1.6531 -1.6359 45 20 16
9.4799 -1.636 -1.6411 40 22 0
9.5061 -1.6817 -1.6719 38 20 0
9.4994 -1.6416 -1.631 37 19 19
9.5305 -1.6669 -1.6605 35 18 8
9.4858 -1.6814 -1.6293 38 14 12
9.3826 -1.6778 -1.6304 46 24 11
9.5183 -1.7503 -1.6703 40 17 0
9.4461 -1.7162 -1.6087 40 20 11
9.5291 -1.7551 -1.6533 38 21 14
9.4646 -1.7171 -1.6511 42 22 11
9.5326 -1.713 -1.6468 38 20 8
9.4392 -1.7101 -1.6565 41 23 13
9.3972 -1.7001 -1.6465 41 16 9
9.4045 -1.7414 -1.6582 38 16 16
9.4815 -1.7409 -1.6681 41 16 12
9.5149 -1.7311 -1.637 41 23 11
9.3769 -1.7163 -1.633 41 20 0
9.3734 -1.7182 -1.6066 41 26 5
9.4826 -1.7018 -1.6325 38 25 9
9.4839 -1.6994 -1.6607 39 21 11
9.4063 -1.7844 -1.6437 41 24 7
9.4336 -1.7952 -1.618 38 22 0
9.4767 -1.7842 -1.6477 29 26 9
9.4876 -1.8098 -1.6358 37 18 11
9.5841 -1.7878 -1.7017 27 24 9
9.5339 -1.8016 -1.6429 37 19 5
9.4831 -1.7878 -1.6267 42 20 9
9.392 -1.7612 -1.6277 46 24 11
9.4505 -1.8421 -1.6156 35 18 11
8.2568 -1.62 -0.68424 37 29 16
8.2599 -1.6054 -0.68321 36 29 1
9.4129 -1.8306 -1.6107 39 21 1
8.2572 -1.6096 -0.68268 43 35 22
9.431 -1.8124 -1.6414 30 13 6
8.2571 -1.6148 -0.68331 34 24 12
8.2563 -1.609 -0.68809 41 33 20
9.4711 -1.8245 -1.6525 34 22 0
9.4706 -1.9116 -1.6219 35 18 1
9.4014 -1.9076 -1.6187 28 18 17
9.4422 -1.9012 -1.6223 35 18 11
9.4828 -1.9358 -1.6343 37 18 2
8.2598 -1.6268 -0.68157 57 44 28
9.4913 -1.919 -1.6101 38 19 15
8.2569 -1.6253 -0.68546 35 26 7
9.4091 -1.9086 -1.6517 33 17 0
9.4498 -1.9239 -1.6329 39 14 17
9.4525 -1.8837 -1.626 37 16 11
9.4328 -1.9597 -1.6297 37 15 0
9.4736 -1.9543 -1.6348 34 18 1
9.5207 -1.9933 -1.6234 30 19 17
9.3881 -1.9629 -1.6188 27 20 0
9.4424 -1.942 -1.6303 34 15 1
9.4504 -1.9877 -1.6247 29 16 0
9.4957 -1.9619 -1.6208 29 15 6
9.4145 -1.9518 -1.6371 27 11 14
9.5289 -1.9944 -1.6537 35 13 0
9.5559 -1.96 -1.6655 38 19 5
9.4567 -1.9884 -1.6539 38 16 1
9.4627 -1.9711 -1.6292 34 16 12
9.5021 -2.0289 -1.6172 30 20 8
9.4819 -2.0411 -1.63 37 20 0
9.4397 -2.0244 -1.6228 38 16 3
9.4782 -2.0191 -1.624 35 23 9
9.4282 -2.0406 -1.6186 32 17 0
9.4168 -1.9773 -1.5738 31 17 4
9.4035 -2.0306 -1.6255 24 14 5
9.5034 -2.05 -1.6205 35 16 12
9.4899 -2.022 -1.6582 28 23 4
9.4133 -2.0749 -1.6421 35 11 1
9.4106 -2.0745 -1.6151 37 20 13
9.5215 -2.1223 -1.627 43 22 5
9.4577 -2.0943 -1.6267 30 13 0
9.4113 -2.0954 -1.6219 41 22 18
9.5253 -2.103 -1.6272 33 21 23
9.4491 -2.0704 -1.6163 35 20 13
9.4816 -2.0837 -1.6144 39 17 2
9.4251 -2.0594 -1.6479 23 14 0
9.4271 -2.0611 -1.6251 32 17 10
9.472 -2.0581 -1.6264 37 15 4
9.4641 -2.0579 -1.5762 35 24 22
9.5382 -2.0848 -1.6535 35 15 14
9.477 -2.1031 -1.6175 36 17 1
9.3905 -2.0854 -1.6269 30 7 13
9.4545 -2.1142 -1.6034 38 16 3
9.3741 -2.0981 -1.6163 19 17 4
9.4711 -2.1424 -1.6225 37 15 4
9.4332 -2.1457 -1.6215 39 22 5
9.532 -2.1692 -1.6424 38 12 0
9.4668 -2.1186 -1.6368 33 15 1
9.4336 -2.1257 -1.6185 36 17 3
9.4235 -2.1204 -1.6334 37 18 4
9.4547 -2.156 -1.6146 38 19 5
9.421 -2.1395 -1.6351 36 13 5
9.5324 -2.148 -1.6389 37 18 2
9.4944 -2.195 -1.6235 34 15 0
9.4606 -2.1795 -1.6239 40 18 3
9.396 -2.1692 -1.6259 38 15 21
9.4529 -2.1757 -1.6434 38 16 19
9.4593 -2.2201 -1.6301 42 18 6
9.453 -2.1965 -1.6216 37 18 4
9.411 -2.1969 -1.6186 35 17 5
9.5379 -2.1932 -1.6509 35 18 1
9.4049 -2.153 -1.6285 36 18 16
9.436 -2.1879 -1.6318 36 18 14
9.4901 -2.2141 -1.6247 35 11 0
9.3813 -2.1825 -1.6195 36 12 0
9.4326 -2.2693 -1.6244 29 17 5
9.5241 -2.2959 -1.618 26 26 0
9.4463 -2.2766 -1.6116 31 15 2
9.4214 -2.2222 -1.6299 39 13 14
9.4916 -2.2791 -1.6176 33 15 1
9.5418 -2.3265 -1.635 30 23 17
9.4319 -2.2904 -1.6313 32 14 4
9.4645 -2.328 -1.6109 33 15 5
9.4195 -2.3038 -1.6013 34 15 8
9.501 -2.3051 -1.6288 32 16 3
9.5179 -2.3345 -1.6183 36 24 2
9.4061 -2.2967 -1.6144 31 12 6
9.458 -2.3036 -1.6249 30 14 14
9.4081 -2.3181 -1.6197 35 14 11
9.5483 -2.374 -1.6501 27 16 0
9.4139 -2.3211 -1.6007 32 13 6
9.384 -2.2644 -1.6154 33 12 17
9.493 -2.3219 -1.6265 35 15 8
9.4639 -2.3694 -1.6182 34 17 0
9.3832 -2.3251 -1.6066 31 12 14
9.4054 -2.3776 -1.6069 31 17 6
9.3991 -2.3539 -1.6209 33 17 4
9.4156 -2.3425 -1.6061 33 16 6
9.429 -2.3504 -1.6174 33 16 6
9.4551 -2.3437 -1.6081 35 15 8
9.4716 -2.3949 -1.6281 35 17 15
9.4425 -2.379 -1.6317 35 11 7
9.376 -2.3603 -1.6059 38 14 10
9.461 -2.4317 -1.6309 34 16 6
9.4661 -2.4554 -1.6158 32 19 3
9.4361 -2.437 -1.6151 33 12 7
9.4183 -2.4274 -1.627 33 14 8
9.3831 -2.3844 -1.5932 31 19 7
9.4037 -2.4585 -1.6001 20 5 8
9.381 -2.4453 -1.6072 31 12 5
9.4301 -2.4563 -1.642 35 19 2
9.4246 -2.4919 -1.597 28 10 0
9.432 -2.4563 -1.619 28 11 1
9.3718 -2.5002 -1.5917 30 17 1
9.4499 -2.5313 -1.6242 24 8 0
9.45 -2.5748 -1.6342 31 13 13
9.3841 -2.4877 -1.5959 30 15 0
9.4404 -2.5875 -1.6062 32 14 10
9.4354 -2.5854 -1.6255 33 14 0
10.461 -0.14399 -0.70949 77 54 36
10.486 -0.16658 -0.69275 33 22 0
10.494 -0.14314 -0.74364 74 54 30
10.438 -0.1204 -0.7258 72 54 30
10.45 -0.12459 -0.702 78 52 37
10.508 -0.14636 -0.71894 69 51 31
10.432 -0.1431 -0.67553 71 53 33
10.484 -0.1379 -0.76727 72 51 24
10.376 -0.13741 -0.82022 73 52 35
10.444 -0.14758 -0.78625 74 53 26
10.351 -0.14033 -0.84141 73 52 31
10.42 -0.11965 -0.74818 76 55 26
10.395 -0.14238 -0.85389 72 49 33
10.511 -0.14034 -0.80147 71 50 33
10.446 -0.15189 -0.84239 71 53 31
10.424 -0.14268 -0.75357 75 54 25
10.452 -0.15868 -0.81798 74 53 32
10.357 -0.15156 -0.87225 74 54 30
10.5 -0.15085 -0.85685 71 53 33
10.466 -0.17172 -0.76983 61 46 7
10.487 -0.16701 -0.83007 59 37 16
10.431 -0.19961 -0.87641 43 33 8
10.311 -0.13526 -0.96555 73 51 27
10.356 -0.13678 -0.97946 72 51 32
10.424 -0.14779 -0.94804 74 52 37
10.363 -0.14803 -1.0128 70 52 30
10.363 -0.13884 -0.89845 75 55 30
10.333 -0.13852 -1.0004 71 52 20
10.374 -0.1378 -0.95771 73 48 25
10.405 -0.13662 -0.99635 71 49 26
10.344 -0.13854 -0.92042 72 51 32
10.414 -0.14237 -0.9717 73 52 31
10.421 -0.13424 -0.91537 75 55 31
10.383 -0.14334 -0.93342 75 54 35
10.402 -0.15309 -1.0284 73 54 24
10.343 -0.12866 -0.94567 71 50 23
10.483 -0.16471 -0.91245 69 52 22
10.467 -0.1675 -0.99513 74 53 34
10.454 -0.15844 -0.95945 74 52 31
10.491 -0.16612 -0.97333 68 51 21
10.5 -0.14616 -0.94292 72 54 32
10.472 -0.14435 -0.90552 70 50 26
10.451 -0.1493 -0.98614 72 53 21
10.479 -0.1514 -1.0244 72 51 30
10.417 -0.21142 -0.92915 73 53 28
10.447 -0.15627 -1.045 71 52 36
10.478 -0.17779 -1.0303 73 51 28
10.39 -0.22948 -0.98123 73 52 23
11.031 0.073292 -1.135 27 22 3
10.304 -0.14158 -1.1629 70 52 32
10.368 -0.14988 -1.0721 71 53 31
10.3 -0.1454 -1.0178 70 55 26
10.294 -0.1526 -1.0743 70 52 28
10.285 -0.16159 -1.1295 71 53 33
10.348 -0.15002 -1.0935 72 51 30
10.294 -0.14243 -1.1003 71 49 28
10.291 -0.14003 -1.0419 73 53 29
10.34 -0.148 -1.1791 73 53 29
10.338 -0.14009 -1.0594 74 55 25
10.284 -0.13337 -1.0666 70 49 30
10.261 -0.13976 -1.1437 70 55 26
10.356 -0.13546 -1.1235 70 50 23
10.286 -0.1366 -1.1251 72 52 28
10.341 -0.16833 -1.1237 71 50 31
10.364 -0.14607 -1.1589 69 51 31
10.392 -0.14778 -1.0525 72 51 22
10.502 -0.16157 -1.1259 71 53 29
10.424 -0.15749 -1.0666 72 51 30
10.47 -0.1607 -1.084 73 53 29
10.442 -0.16395 -1.1043 69 53 20
10.496 -0.15876 -1.0625 71 53 29
10.448 -0.15561 -1.1965 71 52 9
10.451 -0.19593 -1.0852 71 51 26
10.41 -0.15395 -1.0896 73 52 21
10.427 -0.19227 -1.1948 73 56 28
10.426 -0.15137 -1.1541 69 51 31
10.426 -0.16174 -1.1272 71 50 23
10.4 -0.1534 -1.1752 69 50 20
10.462 -0.15988 -1.1709 70 50 23
10.442 -0.1799 -1.1371 67 51 18
10.402 -0.14783 -1.1149 71 52 22
10.509 -0.16341 -1.1917 72 51 20
10.191 -0.13978 -1.2876 70 50 25
10.299 -0.15275 -1.2821 73 52 35
10.285 -0.1491 -1.3057 68 51 23
10.29 -0.13837 -1.1848 73 52 31
10.283 -0.14639 -1.2434 67 50 20
10.229 -0.14653 -1.1593 69 51 29
10.328 -0.14815 -1.2631 69 48 31
10.236 -0.15023 -1.2833 69 49 25
10.3 -0.14785 -1.2211 69 51 11
10.243 -0.14257 -1.2237 67 50 22
10.233 -0.13761 -1.248 71 51 26
10.21 -0.13978 -1.2657 73 53 29
10.261 -0.14727 -1.2635 70 52 30
10.243 -0.15349 -1.1955 70 49 22
10.298 -0.15916 -1.1923 73 52 25
10.412 -0.17284 -1.3411 72 51 32
10.323 -0.17608 -1.2678 71 53 31
10.393 -0.17755 -1.2697 70 50 23
10.399 -0.16953 -1.208 70 52 30
10.341 -0.17282 -1.1848 70 52 28
10.448 -0.16123 -1.259 68 49 17
10.445 -0.17292 -1.2292 71 50 29
10.368 -0.15835 -1.3471 68 49 9
10.344 -0.16104 -1.2136 71 52 20
10.367 -0.17979 -1.2888 70 48 24
10.378 -0.17895 -1.3576 66 48 28
10.321 -0.16683 -1.295 70 52 28
10.37 -0.17334 -1.2273 67 46 25
10.391 -0.15224 -1.2637 72 49 8
10.328 -0.15238 -1.3278 66 49 21
10.308 -0.16889 -1.2291 70 50 25
10.38 -0.16235 -1.3243 71 51 24
10.509 -0.14731 -1.3167 70 50 25
10.468 -0.18852 -1.2428 72 51 24
10.481 -0.17182 -1.2756 68 50 26
10.473 -0.19742 -1.3751 69 52 24
10.425 -0.20414 -1.3204 71 54 26
10.433 -0.17344 -1.3192 69 52 22
10.455 -0.17861 -1.3635 68 50 30
10.23 -0.14325 -1.3073 70 50 23
10.179 -0.16349 -1.3771 67 45 30
10.234 -0.14832 -1.4344 68 51 23
10.294 -0.14882 -1.3719 68 50 26
10.258 -0.14275 -1.3507 69 48 29
10.175 -0.14547 -1.4287 66 48 26
10.275 -0.14388 -1.3306 72 52 25
10.268 -0.15195 -1.3899 70 53 27
10.24 -0.1351 -1.4637 69 47 24
10.217 -0.154 -1.3634 69 48 31
10.198 -0.14987 -1.3224 71 50 29
10.189 -0.14437 -1.346 71 50 23
10.275 -0.13704 -1.4231 70 48 25
10.194 -0.15572 -1.382 69 47 24
10.161 -0.13892 -1.39 67 51 26
10.184 -0.13691 -1.3717 68 51 25
10.377 -0.16927 -1.386 68 50 30
10.304 -0.1895 -1.4792 63 49 22
10.387 -0.15853 -1.4857 66 47 30
10.337 -0.1628 -1.3665 71 51 26
10.301 -0.15599 -1.3444 69 50 33
10.257 -0.15123 -1.4769 65 49 24
10.284 -0.16875 -1.4024 71 53 13
10.301 -0.14927 -1.4391 69 49 25
10.379 -0.15708 -1.4181 70 50 25
10.322 -0.1754 -1.4226 70 49 30
10.364 -0.18022 -1.4477 70 49 30
10.332 -0.15928 -1.4578 72 52 25
10.268 -0.15627 -1.453 71 50 29
10.324 -0.15909 -1.3882 68 48 23
10.278 -0.17635 -1.4657 70 50 25
10.422 -0.17354 -1.4106 72 52 25
10.454 -0.1689 -1.3919 70 50 23
10.453 -0.20226 -1.4643 68 50 28
10.487 -0.18014 -1.4113 71 51 24
10.455 -0.17365 -1.4608 68 50 26
10.472 -0.17646 -1.4353 70 49 28
10.412 -0.1835 -1.4733 69 49 22
10.509 -0.18644 -1.4567 71 52 22
10.415 -0.20924 -1.4795 68 46 22
10.409 -0.16898 -1.4357 67 50 22
10.424 -0.16165 -1.4421 67 50 22
10.389 -0.18452 -1.4923 69 52 24
10.825 -0.99598 -1.6779 48 33 12
11.281 -0.96695 -1.7102 49 34 11
10.801 -1.1065 -1.6502 46 31 12
10.875 -1.1063 -1.6474 47 30 12
10.171 -0.10335 -1.551 9 6 0
10.179 -0.13226 -1.4608 65 47 23
10.164 -0.1547 -1.4875 53 33 8
10.136 -0.13543 -1.4962 68 50 26
10.205 -0.16817 -1.4829 68 48 23
10.132 -0.14806 -1.4669 66 45 24
10.183 -0.15507 -1.4669 71 49 26
10.288 -0.1611 -1.4964 66 52 23
9.0049 -1.2996 -0.96406 47 35 13
10.381 -1.0466 -1.6868 54 41 25
9.0005 -1.3032 -0.94811 47 34 16
10.748 -0.99939 -1.6768 54 36 22
10.306 -1.0862 -1.649 52 40 24
10.674 -1.1622 -1.7117 40 28 6
10.632 -1.1735 -1.6569 53 37 20
10.305 -1.9811 -1.6065 40 24 11
10.295 -1.9505 -1.5982 39 23 8
10.804 -2.14 -1.7164 37 25 3
10.33 -2.0157 -1.6265 41 22 15
10.601 -2.1861 -1.6424 36 23 4
10.712 -2.1534 -1.6423 39 25 12
10.257 -2.0621 -1.5058 40 23 5
10.687 -2.3076 -1.7038 39 23 8
10.29 -2.4673 -1.5706 34 19 14
10.193 -2.4543 -1.5325 35 20 1
10.22 -0.67555 -1.7028 42 29 11
10.251 -0.63843 -1.715 48 32 19
10.172 -0.62967 -1.6972 62 44 20
10.23 -0.6365 -1.7366 50 35 12
10.369 -0.70228 -1.7353 35 29 5
10.34 -0.71949 -1.6852 35 24 4
10.18 -0.74052 -1.6951 40 23 6
9.969 -0.81257 -1.6369 42 28 17
10.185 -0.76538 -1.7069 42 26 9
10.018 -0.80555 -1.6398 42 27 22
10.423 -0.72445 -1.7368 43 25 1
10.126 -0.80792 -1.6797 40 24 7
10.147 -0.86271 -1.6704 47 25 14
10.233 -0.76795 -1.6741 41 24 14
10.351 -0.77273 -1.7027 42 26 3
10.488 -0.70627 -1.773 43 25 1
10.181 -0.8013 -1.6762 37 26 7
10.06 -0.8441 -1.6756 50 25 18
10.178 -0.83659 -1.6488 43 24 7
10.12 -0.79464 -1.7327 42 28 17
10.164 -0.83192 -1.6763 40 26 23
10.085 -0.83725 -1.6912 50 25 18
10.158 -0.82598 -1.7013 39 27 3
10.186 -0.83721 -1.7574 48 23 16
10.19 -0.84483 -1.7228 50 24 7
10.282 -0.7818 -1.7054 39 26 7
10.285 -0.7812 -1.7063 39 26 7
10.09 -0.81034 -1.6882 38 25 17
10.204 -0.8758 -1.7073 45 22 4
10.228 -0.85063 -1.6837 40 23 15
10.139 -0.88345 -1.7029 44 26 6
10.104 -0.99611 -1.708 48 24 10
10.159 -1.0069 -1.6467 42 25 15
10.283 -0.99157 -1.68 47 31 5
10.149 -0.97529 -1.6648 43 28 21
10.289 -0.93445 -1.6737 44 28 3
10.195 -0.99327 -1.6953 44 31 22
10.365 -0.8909 -1.7032 41 27 0
10.144 -0.94263 -1.6863 48 28 1
10.237 -0.9649 -1.6853 37 28 9
10.349 -0.95081 -1.7118 40 25 4
10.161 -0.96598 -1.6996 44 27 7
10.036 -1.0351 -1.6713 48 25 19
10.117 -1.0007 -1.6858 49 25 15
10.085 -0.97377 -1.6907 43 23 16
10.064 -1.0559 -1.6936 39 23 8
10.238 -1.0476 -1.7014 42 26 13
10.335 -1.018 -1.6824 68 52 37
10.145 -1.0556 -1.6829 35 25 0
10.296 -1.0172 -1.6949 46 34 12
10.296 -1.0098 -1.7287 47 28 21
10.287 -1.054 -1.6628 57 38 24
10.177 -1.0233 -1.6973 44 26 16
10.092 -1.0579 -1.679 43 22 1
10.082 -1.0922 -1.6497 41 25 8
10.027 -1.088 -1.6753 39 25 12
10.245 -1.0814 -1.6771 47 30 12
10.333 -1.061 -1.7611 46 29 12
10.144 -1.1697 -1.6767 42 28 1
10.075 -1.1839 -1.6021 44 26 12
10.16 -1.1139 -1.6693 41 25 8
10.104 -1.1354 -1.7034 38 24 11
10.053 -1.1741 -1.6504 44 28 3
10.235 -1.0895 -1.6423 59 43 18
10.202 -1.1147 -1.6626 47 29 19
10.083 -1.1182 -1.6564 43 26 9
10.206 -1.1415 -1.676 45 27 13
10.314 -1.1213 -1.7672 44 29 10
10.004 -1.1736 -1.6589 43 28 9
10.134 -1.1376 -1.6945 43 27 12
10.281 -1.202 -1.6621 42 31 11
10.019 -1.2095 -1.6077 43 27 12
10.159 -1.2285 -1.6624 46 28 16
10.098 -1.228 -1.6576 43 28 7
10.18 -1.1783 -1.6327 44 26 14
10.153 -1.202 -1.6541 40 32 9
10.137 -1.1912 -1.7052 42 24 2
10.195 -1.2314 -1.6526 44 26 14
10.246 -1.1991 -1.673 40 25 6
10.19 -1.3143 -1.6656 43 25 13
10.222 -1.2907 -1.6487 41 27 18
10.197 -1.3198 -1.6381 51 29 16
10.11 -1.2803 -1.6769 44 26 12
10.07 -1.3356 -1.6675 40 24 1
10.287 -1.2583 -1.6758 44 33 11
9.9992 -1.3078 -1.6532 39 27 5
10.097 -1.3079 -1.6734 38 27 7
10.113 -1.3125 -1.6563 39 23 6
10.196 -1.3198 -1.6377 51 29 16
10.216 -1.4024 -1.6655 43 26 16
10.098 -1.3988 -1.6317 43 27 14
10.119 -1.393 -1.6765 40 27 9
10.178 -1.3699 -1.6754 38 25 16
9.9783 -1.3651 -1.6175 40 23 13
10.017 -1.3487 -1.5815 42 26 13
10.14 -1.3384 -1.673 39 22 14
10.054 -1.389 -1.6692 44 26 16
10.192 -1.4633 -1.6366 42 29 20
10.297 -1.4358 -1.6869 57 44 28
10.147 -1.4578 -1.6469 45 25 16
10.041 -1.4467 -1.6417 42 28 15
10.169 -1.4905 -1.6315 45 27 13
10.296 -1.407 -1.679 44 32 20
10.194 -1.4304 -1.6599 39 24 3
10.103 -1.4202 -1.6732 43 29 3
10.136 -1.4253 -1.6629 40 29 7
9.9035 -1.4412 -1.592 44 27 17
10.02 -1.4726 -1.6364 45 26 20
10.079 -1.5586 -1.661 50 33 23
10.207 -1.5192 -1.6562 49 32 22
10.065 -1.5266 -1.6764 45 32 16
10.093 -1.5324 -1.6603 47 30 12
10.042 -1.5519 -1.6656 63 45 31
10.199 -1.7784 -1.6438 67 52 23
10.003 -1.7911 -1.6367 54 37 19
10.079 -1.7802 -1.6437 53 37 11
10.13 -1.7916 -1.6397 50 34 17
10.069 -1.7556 -1.5995 52 37 18
10.125 -1.8485 -1.6182 51 38 22
10.022 -1.8589 -1.5413 49 37 21
10.109 -1.8154 -1.6359 49 32 15
10.131 -1.8494 -1.6209 51 38 22
10.009 -1.821 -1.6121 50 33 16
9.9898 -1.8691 -1.6144 27 7 0
10.096 -1.8097 -1.6572 51 36 17
10.029 -1.8278 -1.594 45 27 15
10.137 -1.8237 -1.6215 55 40 19
10.108 -1.9261 -1.6286 40 23 3
10.327 -1.951 -1.6794 55 42 26
10.161 -1.9681 -1.6331 43 31 15
10.068 -1.9145 -1.636 45 23 10
9.9939 -1.8841 -1.4717 49 30 16
10.206 -1.9561 -1.585 41 31 6
10.112 -1.954 -1.6366 41 23 3
10.169 -1.9422 -1.6299 43 35 12
10.027 -1.9317 -1.6174 43 23 14
10.039 -1.9054 -1.6495 39 22 12
10.121 -2.0125 -1.6209 47 22 15
10.106 -1.9827 -1.613 45 21 7
10.093 -1.9763 -1.6307 41 24 6
10.084 -2.0007 -1.6313 40 20 9
10.086 -2.0253 -1.6668 39 14 7
10.08 -2.0259 -1.6313 36 17 3
9.9881 -1.9483 -1.5999 41 22 16
10.017 -1.9552 -1.6168 41 22 16
9.9094 -1.9544 -1.5626 45 22 16
10.99 -2.2368 -2.0579 38 28 16
10.094 -2.1678 -1.6118 32 26 4
10.015 -2.1389 -1.6281 39 21 9
10.123 -2.1504 -1.6234 34 27 1
9.9953 -2.1594 -1.5909 38 20 10
10.063 -2.1556 -1.6222 38 18 9
10.323 -2.1896 -1.6261 39 23 0
10.034 -2.1998 -1.5875 35 19 0
10.056 -2.2334 -1.6044 32 16 0
10.078 -2.1892 -1.6091 37 19 5
10.007 -2.2931 -1.5949 39 22 15
10.027 -2.2761 -1.605 36 21 2
9.9719 -2.3298 -1.5845 34 14 15
10.124 -2.3941 -1.638 39 22 12
10.006 -2.3705 -1.5807 37 20 10
10.304 -2.4731 -1.6119 39 20 13
9.9768 -2.3081 -1.5581 22 12 10
10.017 -2.35 -1.5528 34 30 21
10.075 -2.481 -1.6082 32 17 10
10.349 -2.5515 -1.6168 35 23 1
10.104 -2.5216 -1.6305 35 19 4
10.956 -2.8948 -2.0161 36 27 0
10.005 -2.474 -1.6045 31 21 9
10.054 -2.683 -1.6108 31 12 8
9.9723 -2.6871 -1.5452 26 17 10
10.048 -2.7336 -1.6204 28 15 0
10.15 -2.7909 -1.6139 45 31 5
10.198 -2.8492 -1.6783 32 13 9
9.9924 -2.673 -1.5513 26 13 5
10.087 -2.8097 -1.621 32 14 12
9.9766 -2.8994 -1.5678 25 14 0
10.078 -2.9386 -1.5863 18 14 5
9.8634 -0.2952 -1.6805 31 10 15
9.8868 -0.25997 -1.7597 33 11 0
9.744 -0.33311 -1.6868 34 10 8
9.7693 -0.41625 -1.7 35 11 9
9.7028 -0.4827 -1.6281 32 5 0
9.8602 -0.50349 -1.7304 38 20 6
9.7623 -0.51694 -1.6913 32 12 3
9.8215 -0.54461 -1.7078 38 23 4
9.7569 -0.63941 -1.6825 43 27 14
10.042 -0.80841 -1.7187 41 29 15
9.8604 -0.83823 -1.6941 42 32 22
9.9684 -0.82143 -1.7069 50 35 6
9.8876 -0.81405 -1.6756 47 41 9
10.004 -0.80406 -1.7544 51 37 24
9.9455 -0.90899 -1.6752 37 20 13
9.9469 -0.8601 -1.6633 45 32 16
10.037 -0.84258 -1.6923 46 29 11
9.897 -0.89689 -1.6427 46 28 8
10.113 -0.84818 -1.7444 43 28 5
9.8609 -0.98364 -1.6064 40 26 0
9.9473 -0.9574 -1.6895 41 23 9
10.003 -0.90225 -1.6792 40 27 8
9.9522 -0.92462 -1.7164 33 22 0
9.8061 -1.0167 -1.6932 43 34 3
9.9017 -0.9433 -1.6607 39 23 8
9.982 -0.98155 -1.6867 39 26 7
10.085 -0.96708 -1.7181 39 25 16
9.945 -1.0386 -1.6751 40 25 6
9.8418 -1.0629 -1.7028 43 32 13
9.7911 -1.0258 -1.6594 34 25 6
9.9765 -1.0392 -1.6663 39 25 12
9.9855 -1.0058 -1.6954 41 23 9
9.814 -1.0444 -1.6799 34 27 7
9.9493 -1.0559 -1.7167 43 24 8
9.8391 -1.0414 -1.5764 41 25 12
9.674 -1.0662 -1.6135 35 30 0
9.8293 -1.131 -1.6173 50 24 7
9.9633 -1.0666 -1.6636 41 25 2
9.9329 -1.0719 -1.6444 43 27 4
9.9266 -1.0665 -1.6712 39 20 6
9.9832 -1.0882 -1.6827 42 26 11
9.8463 -1.0859 -1.712 36 29 1
10.027 -1.1909 -1.7007 39 25 22
9.8354 -1.1774 -1.6326 48 23 1
9.9602 -1.1922 -1.6924 44 26 6
9.9546 -1.149 -1.6445 40 23 5
9.9713 -1.1717 -1.6636 46 29 11
9.9203 -1.1721 -1.6612 48 26 5
9.9072 -1.1433 -1.6755 35 26 7
9.9751 -1.1401 -1.6865 44 24 0
9.9377 -1.2756 -1.6644 44 26 4
9.9326 -1.2453 -1.6867 45 22 4
9.9036 -1.2233 -1.662 40 19 2
9.9024 -1.3277 -1.6525 40 20 9
9.9286 -1.3315 -1.6454 37 24 5
9.8604 -1.354 -1.633 46 23 5
9.8285 -1.3263 -1.6363 50 30 6
9.9599 -1.3353 -1.6366 38 25 7
9.8937 -1.3034 -1.6464 46 24 13
9.9428 -1.3057 -1.6453 38 24 15
9.8966 -1.2979 -1.673 47 24 6
9.8734 -1.3976 -1.6826 48 24 20
9.8571 -1.4271 -1.649 45 26 12
9.9656 -1.4062 -1.6801 40 27 9
9.9068 -1.377 -1.6689 30 24 0
9.9419 -1.4114 -1.6379 42 28 2
9.8727 -1.4025 -1.6541 49 28 9
9.8185 -1.3746 -1.6431 36 28 15
9.8471 -1.4515 -1.649 45 29 4
9.8859 -1.4812 -1.6487 46 28 4
9.9189 -1.4568 -1.6632 44 26 4
9.8442 -1.4757 -1.6511 49 31 21
9.821 -1.4993 -1.6413 53 35 21
9.9524 -1.4366 -1.6488 42 23 17
9.9367 -1.4318 -1.6713 44 27 1
9.8989 -1.5313 -1.6647 57 36 17
9.9313 -1.5668 -1.6345 72 57 36
9.8306 -1.5239 -1.6495 55 33 22
9.8843 -1.5351 -1.6328 47 23 21
9.8637 -1.5051 -1.6402 49 30 16
9.8513 -1.5535 -1.6448 56 38 26
9.8838 -1.5596 -1.6349 60 40 15
9.9752 -1.5911 -1.6957 91 66 46
9.8923 -1.6058 -1.6795 54 40 14
9.6775 -1.6032 -1.6016 65 49 23
9.9133 -1.5825 -1.6911 67 51 26
9.832 -1.6736 -1.6568 59 43 18
9.8315 -1.6772 -1.6296 70 51 8
9.879 -1.7078 -1.6648 61 43 23
9.8239 -1.6968 -1.6553 57 40 20
9.8885 -1.7127 -1.6433 99 80 20
9.8872 -1.7655 -1.6247 59 39 12
9.9583 -1.7802 -1.6375 61 41 16
9.8012 -1.7691 -1.6313 48 32 15
9.8778 -1.7359 -1.6412 74 53 24
9.7804 -1.7623 -1.6429 43 25 15
9.8133 -1.7469 -1.632 56 34 21
9.8562 -1.7327 -1.6274 77 60 34
9.8486 -1.7558 -1.627 56 38 24
9.7826 -1.7184 -1.608 60 42 22
9.9341 -1.7511 -1.6171 161 111 120
9.9091 -1.7908 -1.6724 53 37 14
9.8778 -1.8596 -1.6662 39 27 11
9.8779 -1.8376 -1.6302 43 25 15
9.9638 -1.829 -1.6796 43 27 1
9.7338 -1.778 -1.6219 43 20 12
9.7656 -1.8336 -1.6238 50 38 16
9.9625 -1.8351 -1.6213 47 27 18
9.7322 -1.8062 -1.5692 45 24 5
9.7782 -1.7887 -1.621 44 27 17
9.7416 -1.8055 -1.6049 46 25 20
10.024 -1.9283 -1.6465 40 26 17
9.8763 -1.912 -1.6519 38 21 4
9.9309 -1.9295 -1.6242 43 23 16
9.7739 -1.8587 -1.6319 39 24 5
9.8126 -1.9183 -1.6423 42 24 12
9.8371 -1.8998 -1.6523 40 26 15
9.7982 -1.8668 -1.6215 43 27 12
9.8302 -1.9226 -1.6538 42 24 12
9.7739 -1.8824 -1.637 37 20 13
9.764 -1.8565 -1.6252 39 24 5
9.965 -1.9402 -1.6158 41 24 17
9.8965 -1.9958 -1.6207 38 18 9
9.9517 -1.9622 -1.6111 42 23 7
9.8541 -1.9553 -1.6452 33 20 11
9.8824 -1.9648 -1.6333 33 15 3
9.8557 -2.0024 -1.684 37 18 2
9.7463 -1.9484 -1.6085 36 19 9
9.7742 -1.956 -1.6275 36 19 9
9.8643 -1.9844 -1.6253 36 22 9
10.089 -2.0239 -1.7009 31 19 7
9.9789 -1.9664 -1.6551 42 22 13
9.8354 -1.9482 -1.6624 36 18 8
9.9394 -2.0098 -1.6187 35 23 7
9.7891 -1.962 -1.6077 35 22 14
9.9785 -1.9925 -1.6653 36 24 0
9.8378 -1.9974 -1.6727 37 18 2
9.7362 -1.9207 -1.6268 36 18 0
9.8438 -1.9312 -1.6092 43 24 7
9.8307 -1.9252 -1.6264 35 22 6
10.041 -2.0659 -1.6518 40 15 18
9.8225 -2.0213 -1.6122 27 17 5
9.8403 -2.0022 -1.6171 34 17 9
9.8815 -2.0656 -1.6279 35 20 1
9.9055 -2.0499 -1.6079 35 16 9
9.8936 -2.0441 -1.6254 34 19 0
9.9367 -2.0841 -1.6293 36 15 10
9.8124 -2.0409 -1.6418 33 16 9
9.8219 -2.0194 -1.6411 34 17 7
9.7503 -2.0196 -1.6268 37 22 1
9.9974 -2.0791 -1.6315 33 21 9
9.8353 -2.07 -1.6867 30 13 0
9.9112 -2.0265 -1.6039 34 20 11
9.7795 -2.0048 -1.6402 36 21 0
9.8898 -2.0452 -1.598 35 16 9
9.797 -1.9886 -1.6225 33 15 5
9.9137 -2.0252 -1.6339 35 23 1
9.8426 -2.0029 -1.619 34 17 9
9.9095 -2.072 -1.6706 32 12 1
9.881 -2.1407 -1.6132 35 18 11
9.9459 -2.1143 -1.6134 34 21 15
9.8845 -2.093 -1.6071 40 19 2
10.062 -2.1255 -1.6778 27 19 16
9.9381 -2.1369 -1.6145 35 21 10
9.762 -2.0485 -1.6126 40 15 8
9.7895 -2.1046 -1.6383 32 20 0
9.7906 -2.0812 -1.6342 30 17 8
9.7909 -2.1067 -1.613 27 19 6
9.9024 -2.1234 -1.622 34 15 1
9.8158 -2.1394 -1.634 34 17 10
9.79 -2.1543 -1.6246 37 20 2
9.7953 -2.131 -1.6504 34 17 0
9.8658 -2.1587 -1.6382 32 18 9
9.9383 -2.1621 -1.6198 35 19 0
9.7798 -2.1738 -1.621 34 14 3
9.7388 -2.1341 -1.618 34 19 12
9.769 -2.2403 -1.6277 33 18 0
9.9795 -2.2804 -1.6373 34 23 4
9.9505 -2.2952 -1.5974 32 15 8
9.8906 -2.2439 -1.6106 28 13 10
9.7808 -2.2216 -1.6316 32 13 0
9.9343 -2.2873 -1.6134 37 22 3
9.926 -2.2837 -1.6408 31 19 0
9.8991 -2.2229 -1.6128 34 19 0
9.824 -2.2642 -1.6368 30 16 13
9.735 -2.1807 -1.6009 34 19 0
9.9677 -2.3525 -1.6137 31 21 11
9.8804 -2.3144 -1.623 32 15 8
9.9183 -2.3569 -1.6251 34 16 2
9.9906 -2.3366 -1.6555 35 18 0
9.7684 -2.2651 -1.6089 34 17 0
9.9046 -2.3252 -1.6082 31 18 0
10.004 -2.3941 -1.641 34 18 1
9.7823 -2.3184 -1.6266 38 15 9
9.6748 -2.2473 -1.5264 30 17 1
9.9899 -2.3367 -1.6242 26 15 11
9.8352 -2.294 -1.6218 29 16 0
9.8806 -2.3391 -1.628 32 16 0
9.7961 -2.3003 -1.6285 18 20 0
9.8984 -2.2964 -1.624 39 20 4
9.8455 -2.3724 -1.5885 34 16 6
9.9314 -2.3869 -1.6331 34 18 1
9.9146 -2.3794 -1.6542 36 12 12
10.031 -2.4323 -1.7579 28 14 1
9.7244 -2.3163 -1.5985 36 17 0
10.163 -2.5783 -1.7015 38 23 2
9.9181 -2.4824 -1.6492 37 20 3
9.8195 -2.4331 -1.6447 36 19 0
9.8889 -2.4923 -1.6346 31 12 6
9.7669 -2.4301 -1.6147 36 21 0
9.9118 -2.5042 -1.6217 34 20 11
9.7581 -2.4257 -1.5839 22 15 0
9.9881 -2.5169 -1.603 36 21 2
9.7844 -2.4156 -1.5961 21 19 7
9.9111 -2.5287 -1.6248 34 12 1
9.7748 -2.4583 -1.5997 32 25 5
9.8119 -2.4781 -1.6503 33 16 0
10.018 -2.6905 -1.6272 26 9 0
9.8518 -2.6209 -1.614 25 11 0
9.9712 -2.6371 -1.5932 33 11 0
9.8382 -2.615 -1.6382 15 12 0
9.8038 -2.57 -1.6102 31 12 8
9.8589 -2.6001 -1.613 25 7 7
9.9746 -2.7173 -1.6116 26 9 0
10.073 -2.7751 -1.639 28 15 0
9.977 -2.6938 -1.6373 27 12 5
9.7881 -2.6102 -1.6129 18 19 3
9.8746 -2.6343 -1.604 31 12 5
9.7865 -2.6571 -1.6189 30 10 11
9.9584 -2.682 -1.5982 30 10 1
9.8693 -2.6551 -1.5781 27 10 0
9.8888 -2.691 -1.5673 24 10 0
10.002 -2.7592 -1.6047 30 10 1
9.7918 -2.7073 -1.58 29 7 0
9.7413 -2.6775 -1.58 26 12 9
9.8213 -2.7014 -1.5923 31 9 0
9.9437 -2.7491 -1.5758 31 13 0
9.9034 -2.7276 -1.6354 27 9 5
9.9522 -2.8081 -1.6196 34 17 10
9.7965 -2.7823 -1.5697 39 7 4
9.8375 -2.8076 -1.543 27 13 12
9.7609 -2.7607 -1.578 28 10 0
9.8769 -2.7841 -1.5785 25 11 8
10.067 -2.9101 -1.6672 31 16 11
9.9697 -2.8719 -1.6155 25 12 6
9.7535 -2.7071 -1.5633 29 20 1
10.017 -2.902 -1.6141 31 15 0
9.7854 -2.7792 -1.6197 29 14 9
10.065 -2.9068 -1.6363 30 7 0
9.7993 -2.7889 -1.6289 29 14 9
9.8884 -2.818 -1.5928 29 7 9
9.9806 -2.8829 -1.6796 34 2 0
9.9048 -2.8053 -1.6269 33 11 0
9.8871 -2.8399 -1.5448 29 12 0
9.8043 -2.8147 -1.6071 22 13 0
10.096 -3.0117 -1.6711 26 13 0
9.8834 -2.8382 -1.5451 29 12 0
9.664 -0.34836 -1.655 23 14 0
9.5894 -0.39673 -1.7167 29 14 9
9.6575 -0.36401 -1.6814 34 10 8
9.6679 -0.38125 -1.7553 34 13 10
9.7667 -0.30938 -1.7332 34 13 10
9.6517 -0.35859 -1.7017 26 15 0
9.7091 -0.3649 -1.6966 37 12 15
9.793 -0.32681 -1.7277 23 16 6
9.661 -0.41413 -1.6654 28 13 8
9.5779 -0.504 -1.6731 37 17 8
9.6161 -0.453 -1.7263 33 9 7
9.6969 -0.43667 -1.703 26 17 10
9.5623 -0.50291 -1.6909 34 20 20
9.7568 -0.38191 -1.7418 24 14 5
9.742 -0.42297 -1.7032 33 21 9
9.7701 -0.38414 -1.7233 37 19 9
9.5382 -0.5568 -1.6795 36 18 6
9.788 -0.42916 -1.7166 32 10 20
9.6235 -0.54212 -1.7248 31 17 6
9.5758 -0.52485 -1.6795 36 18 6
9.5975 -0.53452 -1.6995 33 15 15
9.6766 -0.49128 -1.6952 37 14 6
9.7532 -0.46001 -1.7264 28 18 6
9.6072 -0.53828 -1.6793 32 12 5
9.6257 -0.50811 -1.6875 39 14 7
9.5672 -0.52129 -1.6971 33 17 4
9.6857 -0.51601 -1.6828 34 16 6
9.6631 -0.51818 -1.6957 33 17 2
9.6947 -0.5114 -1.6897 34 16 6
9.6535 -0.48987 -1.6501 33 12 9
9.8281 -0.43159 -1.7492 35 17 7
9.5385 -0.57672 -1.685 38 17 0
9.729 -0.54722 -1.6958 32 14 4
9.5695 -0.61025 -1.693 36 23 7
9.5613 -0.63442 -1.6925 30 17 11
9.8148 -0.48316 -1.7544 34 16 6
9.5651 -0.63266 -1.6954 30 17 11
9.8743 -0.43124 -1.7891 32 16 3
9.7398 -0.51163 -1.7249 40 18 5
9.6532 -0.62526 -1.6515 34 18 3
9.6763 -0.60621 -1.6972 25 16 1
9.6715 -0.6591 -1.6778 34 24 15
9.5818 -0.6945 -1.6987 33 31 9
9.6734 -0.62903 -1.7001 34 23 4
9.7654 -0.6048 -1.7134 30 21 14
9.629 -0.63981 -1.6986 37 18 4
9.705 -0.6231 -1.6967 38 17 14
9.836 -0.52848 -1.7498 36 19 2
9.6804 -0.59533 -1.7315 39 20 4
9.6419 -0.61836 -1.7598 36 16 5
9.6918 -0.64297 -1.7175 32 19 0
9.659 -0.72813 -1.686 40 23 5
9.6516 -0.71012 -1.6733 43 21 6
9.6379 -0.68753 -1.6819 35 20 1
9.7392 -0.66048 -1.7049 37 23 12
9.6915 -0.65929 -1.6619 41 21 23
9.5438 -0.77236 -1.681 41 24 16
9.5562 -0.74684 -1.6864 38 19 15
9.7439 -0.68797 -1.6904 44 26 12
9.7448 -0.68035 -1.7147 41 25 2
9.7306 -0.67147 -1.6739 48 28 1
9.6261 -0.71302 -1.6802 31 25 0
9.6753 -0.67868 -1.6873 36 21 14
9.7411 -0.73398 -1.6954 38 25 7
9.6914 -0.76648 -1.6939 41 23 3
9.6915 -0.72343 -1.6806 42 22 15
9.6453 -0.77598 -1.687 36 21 0
9.5554 -0.8151 -1.6791 44 24 13
9.6643 -0.74807 -1.6924 39 20 14
9.6664 -0.75402 -1.6708 39 23 0
9.7517 -0.7074 -1.6997 37 25 13
9.6952 -0.77263 -1.6685 45 27 17
9.7175 -0.78638 -1.6918 44 28 15
9.5366 -0.86307 -1.6721 51 31 24
9.5598 -0.88301 -1.6669 49 25 13
9.5622 -0.8338 -1.6863 50 28 15
9.5728 -0.90626 -1.6555 38 22 7
9.6021 -0.90392 -1.651 43 26 0
9.6122 -0.91474 -1.6949 37 24 18
9.6909 -0.86174 -1.6848 38 33 4
9.6684 -0.91196 -1.6805 43 28 9
9.554 -0.90528 -1.6686 48 28 19
9.6575 -0.91508 -1.6728 43 28 9
9.6685 -0.9182 -1.6564 40 28 6
9.6385 -0.87109 -1.6747 44 27 0
9.5838 -0.94395 -1.68 43 31 5
9.6338 -0.91492 -1.6851 38 21 3
9.6955 -0.88208 -1.695 44 25 9
9.5922 -0.91428 -1.7048 51 25 10
9.3952 -1.0538 -1.5491 46 31 10
9.6986 -0.93227 -1.6795 43 28 0
9.7344 -0.95173 -1.6828 36 28 5
9.6632 -0.96316 -1.6628 44 26 16
9.6287 -0.93774 -1.6878 42 24 10
9.7212 -0.91926 -1.7244 44 27 10
9.5868 -0.99157 -1.6659 38 27 5
9.607 -0.98014 -1.7083 42 25 8
9.5917 -0.96948 -1.6621 43 26 9
9.6617 -0.95727 -1.6875 42 28 19
9.7477 -0.92545 -1.6884 37 29 8
9.5859 -0.95874 -1.7085 44 31 25
9.7006 -0.96959 -1.7198 41 29 5
9.6904 -0.9783 -1.687 43 28 9
9.5546 -1.0146 -1.6718 44 29 8
9.7133 -1.0017 -1.6795 41 23 13
9.5955 -1.0323 -1.6797 33 24 9
9.6307 -1.0084 -1.6758 39 22 15
9.6969 -0.99912 -1.6957 42 23 17
9.6763 -1.0318 -1.663 44 27 9
9.6719 -1.0392 -1.6293 40 32 19
9.6159 -1.0332 -1.6716 40 23 6
9.7457 -1.0271 -1.7721 37 21 4
9.6515 -1.0035 -1.6905 39 22 15
9.6507 -1.0314 -1.6709 42 25 7
9.6529 -0.99401 -1.6318 40 23 15
9.6073 -1.0355 -1.6621 40 23 6
9.628 -1.0028 -1.7015 39 22 12
9.6695 -1.0272 -1.6844 42 25 7
9.7318 -1.0772 -1.6575 33 27 1
9.6813 -1.0976 -1.6789 44 27 10
9.5665 -1.1288 -1.6521 37 23 14
9.6846 -1.0688 -1.7028 36 22 9
9.676 -1.0646 -1.7233 31 15 16
9.6881 -1.0575 -1.6481 39 32 3
9.7493 -1.0326 -1.747 36 26 17
9.5652 -1.1079 -1.6463 37 24 8
9.683 -1.0525 -1.6726 40 24 0
9.628 -1.1235 -1.6717 41 23 9
9.5454 -1.106 -1.6585 34 22 10
9.6249 -1.1023 -1.6646 46 29 0
9.6864 -1.1472 -1.665 34 27 9
9.6558 -1.1461 -1.6731 42 24 2
9.6089 -1.1644 -1.6965 41 25 12
9.7028 -1.1274 -1.6487 34 28 2
9.6797 -1.1703 -1.6676 40 23 15
9.5894 -1.1513 -1.6512 40 24 0
9.7342 -1.1166 -1.6954 39 28 9
9.6258 -1.1294 -1.6443 46 22 12
9.5747 -1.1485 -1.664 37 23 10
9.619 -1.1737 -1.6513 38 20 10
9.6082 -1.1699 -1.6694 36 22 9
9.5871 -1.1944 -1.6605 37 18 1
9.5697 -1.1916 -1.6731 39 22 14
9.6453 -1.1919 -1.6747 36 21 14
9.6834 -1.2147 -1.6808 39 25 14
9.541 -1.2378 -1.6602 36 22 9
9.6035 -1.2357 -1.6809 34 18 0
9.553 -1.2152 -1.6644 39 21 11
9.6139 -1.2126 -1.6853 34 19 0
9.6302 -1.2429 -1.6483 39 23 8
9.6271 -1.2381 -1.6746 33 19 8
9.5637 -1.2566 -1.6817 39 23 10
9.6011 -1.2194 -1.648 40 24 1
9.7656 -1.2339 -1.7178 38 28 18
9.6482 -1.2681 -1.6433 41 29 13
9.5268 -1.328 -1.646 34 25 10
9.5934 -1.2634 -1.6532 38 20 8
9.6064 -1.2572 -1.6887 38 19 12
9.6558 -1.2624 -1.6726 37 24 6
9.5779 -1.3727 -1.668 40 20 9
9.5933 -1.3285 -1.6693 38 24 13
9.615 -1.3319 -1.6591 30 22 0
9.5468 -1.3525 -1.6399 45 21 9
9.6328 -1.3531 -1.6774 41 22 8
9.5521 -1.3478 -1.6689 42 19 1
9.5665 -1.3775 -1.6326 34 18 1
9.7352 -1.4283 -1.7121 46 33 15
9.6766 -1.424 -1.6992 46 22 10
9.6063 -1.4201 -1.6734 44 20 10
9.5555 -1.4164 -1.6589 46 28 16
9.5319 -1.4378 -1.6457 41 21 10
9.6054 -1.3982 -1.6656 43 21 8
9.5755 -1.442 -1.6547 42 22 0
9.6049 -1.4464 -1.6516 42 23 6
9.5591 -1.3948 -1.6569 45 26 12
9.6489 -1.4017 -1.6736 38 24 15
9.5708 -1.4636 -1.6576 44 20 16
9.6078 -1.4684 -1.6578 42 21 0
9.6547 -1.496 -1.6672 43 31 7
9.5397 -1.5057 -1.6434 45 26 12
9.5406 -1.4591 -1.6609 43 24 10
9.6176 -1.4907 -1.6695 41 24 6
9.6009 -1.4862 -1.6848 47 25 12
9.6574 -1.4511 -1.6576 40 28 14
9.5963 -1.5303 -1.6935 45 21 9
9.6166 -1.5612 -1.6592 38 26 4
9.6378 -1.5364 -1.6963 40 18 3
9.6369 -1.5666 -1.6507 46 33 25
9.6633 -1.5419 -1.6904 44 24 13
9.6498 -1.5448 -1.6508 50 39 9
9.5191 -1.547 -1.6367 29 19 9
9.6027 -1.5123 -1.6646 39 23 0
9.5597 -1.5534 -1.6415 36 17 1
9.5576 -1.5964 -1.6502 42 26 9
9.7155 -1.6029 -1.6524 56 45 23
9.7124 -1.5797 -1.649 50 39 7
9.499 -1.6326 -1.6166 41 23 9
9.5795 -1.6204 -1.6724 41 25 10
9.5829 -1.5805 -1.6399 52 40 18
9.5672 -1.5757 -1.6542 39 23 8
9.5735 -1.6665 -1.6494 43 25 11
9.5635 -1.6869 -1.6493 47 25 12
9.5303 -1.6577 -1.6452 38 22 7
9.56 -1.7297 -1.6562 39 27 11
9.7928 -1.7612 -1.6769 47 29 7
9.5379 -1.7045 -1.6352 42 25 15
9.5372 -1.7471 -1.6423 40 22 10
9.5505 -1.7525 -1.6297 42 23 16
9.5359 -1.7925 -1.629 40 22 8
9.5819 -1.7772 -1.6789 40 22 8
9.5717 -1.7783 -1.6511 44 25 8
8.2607 -1.6085 -0.68136 35 28 0
8.2614 -1.6139 -0.6823 36 23 15
9.5466 -1.9469 -1.641 32 23 8
9.6392 -2.0231 -1.664 36 24 2
9.5433 -1.9905 -1.6232 34 22 6
9.7244 -2.0099 -1.6366 32 15 0
9.7108 -1.983 -1.6242 37 22 1
9.5428 -1.969 -1.6183 33 25 14
9.7367 -2.0849 -1.6306 34 19 0
9.7735 -2.0742 -1.6521 31 20 0
9.747 -2.1602 -1.6266 37 17 6
9.6669 -2.1519 -1.6083 25 18 2
9.5384 -2.098 -1.6223 38 25 19
9.5532 -2.1041 -1.6047 25 23 10
9.5695 -2.0883 -1.6402 34 23 1
9.5921 -2.1415 -1.6385 35 26 9
9.4881 -2.0987 -1.5878 33 26 10
9.508 -2.1067 -1.6023 33 26 10
9.6446 -2.2087 -1.6297 39 28 9
9.7369 -2.2027 -1.6281 35 17 3
9.7435 -2.2291 -1.6703 23 21 8
9.5647 -2.1949 -1.6294 43 35 22
9.6638 -2.1715 -1.6331 31 24 4
9.7025 -2.1886 -1.636 32 17 12
9.72 -2.1731 -1.6142 33 15 1
9.553 -2.1458 -1.6365 35 25 13
9.5793 -2.1587 -1.5777 30 26 1
9.656 -2.2144 -1.6125 31 23 12
9.7184 -2.1725 -1.6136 33 15 1
9.7365 -2.2258 -1.6324 29 14 7
9.7214 -2.2898 -1.6406 35 19 6
9.7272 -2.2467 -1.6093 36 20 5
9.687 -2.2515 -1.6135 34 11 5
9.8307 -2.3148 -1.677 30 21 4
9.7442 -2.253 -1.6453 34 18 1
9.6177 -2.2651 -1.6038 28 23 4
9.6742 -2.2692 -1.5844 25 13 0
9.6557 -2.2831 -1.6036 29 15 2
9.7097 -2.3546 -1.6221 34 14 7
9.7195 -2.3596 -1.6024 34 14 3
9.7062 -2.3295 -1.6138 30 17 0
9.7343 -2.3438 -1.608 37 19 0
9.7319 -2.3177 -1.6221 36 16 5
9.7614 -2.4035 -1.6325 30 17 9
9.6959 -2.3934 -1.6196 37 17 8
9.7043 -2.4217 -1.6332 38 18 9
9.7202 -2.4062 -1.6114 31 15 2
9.7103 -2.3781 -1.6271 33 20 4
9.7107 -2.4246 -1.6101 29 13 0
9.6882 -2.4366 -1.6033 34 16 6
9.7291 -2.4821 -1.6596 26 19 3
9.6759 -2.4293 -1.6177 26 17 2
9.7141 -2.4737 -1.6243 33 17 4
9.7394 -2.4869 -1.6131 34 16 4
9.7056 -2.446 -1.5899 33 15 3
9.6814 -2.5476 -1.5963 27 9 7
9.7382 -2.6044 -1.6107 26 5 0
9.6378 -2.5909 -1.6071 22 13 6
9.6743 -2.5662 -1.5956 32 13 9
9.7963 -2.6165 -1.6465 19 14 0
9.6755 -2.59 -1.6004 33 10 2
9.7886 -2.6606 -1.6504 31 10 5
9.7334 -2.6741 -1.6248 29 10 12
9.6222 -2.6253 -1.5805 23 14 5
9.6757 -2.6136 -1.6056 33 9 0
9.7159 -2.6377 -1.5827 25 9 9
9.7033 -2.6776 -1.6081 31 10 15
9.7019 -2.6291 -1.597 28 3 9
9.6342 -2.6101 -1.5835 33 9 0
9.7269 -2.7657 -1.6159 28 15 9
9.6732 -2.6838 -1.6224 30 9 4
9.7204 -2.7358 -1.6034 33 16 0
9.6819 -2.7112 -1.6051 22 9 0
9.667 -2.7249 -1.6012 33 14 0
9.6812 -2.7584 -1.5933 31 15 0
9.6809 -2.7804 -1.5936 39 15 11
9.5378 -0.50908 -1.6922 32 17 0
9.5325 -0.4907 -1.6875 38 15 7
9.4936 -0.50414 -1.6813 34 20 7
9.5335 -0.61909 -1.693 33 15 5
9.417 -0.6911 -1.683 33 16 6
9.4671 -0.72193 -1.6838 41 22 16
9.478 -0.69702 -1.6896 38 18 9
9.5164 -0.70789 -1.6977 37 15 4
9.4929 -0.7056 -1.6493 30 14 1
9.5123 -0.71683 -1.6702 33 21 5
9.5232 -0.75246 -1.6886 40 23 6
9.4849 -0.78081 -1.6884 42 23 6
9.5435 -0.72387 -1.6993 39 17 17
9.4681 -0.76037 -1.6971 43 19 17
9.4942 -0.78437 -1.6693 42 22 13
9.5219 -0.72539 -1.7087 36 23 7
9.5402 -0.72515 -1.6972 39 17 17
9.4557 -0.78604 -1.6872 34 12 24
9.5218 -0.74568 -1.7138 39 22 5
9.5192 -0.79456 -1.6951 41 23 3
9.5237 -0.84042 -1.6828 48 21 14
9.5095 -0.81841 -1.6925 40 24 0
9.5474 -0.79074 -1.6924 39 21 9
9.527 -0.81888 -1.6806 46 24 13
9.4833 -0.80149 -1.6912 41 20 0
9.4651 -0.84752 -1.689 39 24 5
9.4778 -0.84963 -1.6741 45 20 13
9.4784 -0.86956 -1.6778 48 23 16
9.5364 -0.88303 -1.6807 45 26 19
9.4838 -0.89409 -1.6624 47 23 9
9.502 -0.86772 -1.6735 46 22 10
9.4544 -0.87118 -1.6845 38 23 2
9.4479 -0.95844 -1.6742 41 23 1
9.4253 -0.95951 -1.6779 33 24 17
9.5432 -0.90181 -1.6881 50 24 9
9.5404 -0.94387 -1.6967 37 24 15
9.4649 -0.94572 -1.6343 52 23 15
9.4144 -0.98156 -1.6785 40 23 13
9.4792 -0.9557 -1.6721 43 24 10
9.4272 -0.98425 -1.661 42 24 4
9.5164 -0.99183 -1.6871 36 18 6
9.4858 -1.0199 -1.6694 43 23 16
9.4583 -1.0011 -1.6676 40 21 15
9.4377 -1.001 -1.674 39 21 11
9.5046 -0.96877 -1.6965 42 28 1
9.5481 -1.0102 -1.6929 40 24 11
9.4294 -1.0424 -1.6788 42 22 13
9.5043 -0.97479 -1.6719 41 25 2
9.5332 -0.99325 -1.6763 45 20 23
9.4507 -1.017 -1.6924 37 25 3
9.4516 -1.0227 -1.6677 38 24 15
9.4211 -1.084 -1.68 29 22 16
9.4766 -1.0625 -1.6718 40 24 0
9.5186 -1.0793 -1.6852 40 24 11
9.4769 -1.0625 -1.6718 40 24 0
9.4246 -1.0885 -1.66 40 21 14
9.4455 -1.064 -1.6716 41 20 3
9.5125 -1.0396 -1.6692 40 22 10
9.4231 -1.0636 -1.6787 43 25 15
9.4116 -1.1056 -1.678 30 20 11
9.5174 -1.0589 -1.6793 39 23 10
9.4851 -1.0809 -1.6838 43 24 17
9.4862 -1.0401 -1.6743 39 21 1
9.4504 -1.1432 -1.695 45 23 12
9.4764 -1.1033 -1.6791 40 22 12
9.4441 -1.1042 -1.6806 41 23 1
9.4554 -1.1273 -1.6702 39 18 1
9.5248 -1.1048 -1.6654 43 19 17
9.4185 -1.1292 -1.6643 42 22 13
9.4752 -1.129 -1.6602 40 22 12
9.4968 -1.1046 -1.671 38 21 11
9.3736 -1.1328 -1.6505 31 16 9
9.5098 -1.1376 -1.7209 47 22 0
9.4281 -1.1669 -1.6837 35 19 4
9.423 -1.2077 -1.6888 38 21 1
9.5647 -1.1871 -1.6962 26 15 11
9.4147 -1.1891 -1.6758 38 23 2
9.4467 -1.2142 -1.6587 38 20 10
9.4206 -1.213 -1.6616 38 20 10
9.435 -1.191 -1.6681 40 20 13
9.4579 -1.2581 -1.6517 39 19 12
9.5007 -1.2583 -1.659 37 20 10
9.4327 -1.2561 -1.6573 35 18 0
9.4107 -1.2738 -1.6674 33 26 8
9.4372 -1.2759 -1.6632 35 20 1
9.5698 -1.2078 -1.706 29 21 8
9.4901 -1.2388 -1.6477 30 21 14
9.4756 -1.2307 -1.687 37 20 13
9.5189 -1.2095 -1.6903 42 20 5
9.4101 -1.2342 -1.6582 38 20 8
9.4231 -1.2526 -1.673 35 20 17
9.5686 -1.208 -1.7038 29 21 8
9.4641 -1.237 -1.6529 37 18 12
9.4327 -1.3208 -1.6476 35 21 8
9.4822 -1.3014 -1.6544 37 22 0
9.381 -1.316 -1.6531 40 23 15
9.5136 -1.2778 -1.6752 35 23 9
9.482 -1.3219 -1.6601 32 13 7
9.4154 -1.2978 -1.6524 39 22 12
9.4977 -1.2745 -1.6891 38 21 13
9.591 -1.2755 -1.7088 31 23 10
9.4559 -1.2989 -1.6594 32 20 8
9.497 -1.3253 -1.6495 37 17 6
9.3964 -1.3389 -1.6464 40 24 11
9.4276 -1.3168 -1.667 37 16 11
9.4461 -1.3851 -1.6457 33 17 0
9.5043 -1.3666 -1.6654 31 19 7
9.4784 -1.3427 -1.6632 34 17 0
9.5503 -1.3693 -1.6719 41 21 10
9.4589 -1.3394 -1.6732 35 16 10
9.4119 -1.3579 -1.6633 32 19 3
9.4198 -1.3618 -1.6448 38 21 11
9.471 -1.3637 -1.6614 36 21 0
9.4022 -1.3824 -1.6365 40 23 3
9.4284 -1.4219 -1.6665 48 23 19
9.4545 -1.4463 -1.6685 48 24 10
9.6023 -1.3894 -1.7154 42 24 10
9.4376 -1.4258 -1.6522 34 28 16
9.4089 -1.4021 -1.6462 36 22 9
9.4189 -1.4421 -1.6646 47 29 9
9.4498 -1.4502 -1.6366 50 24 9
9.4843 -1.5132 -1.6836 40 23 6
9.5127 -1.4548 -1.6617 37 24 8
9.5227 -1.4589 -1.6472 43 24 10
9.4079 -1.4621 -1.66 42 22 15
9.54 -1.4805 -1.6638 41 22 6
9.4157 -1.4861 -1.6473 41 23 11
9.4141 -1.4824 -1.6695 41 23 1
9.5493 -1.5023 -1.6757 40 21 15
9.3961 -1.5053 -1.6346 41 21 12
9.4323 -1.4664 -1.6548 47 22 0
9.5503 -1.5707 -1.6654 40 21 5
9.3971 -1.5685 -1.626 35 21 8
9.5218 -1.5437 -1.6658 31 13 0
9.3988 -1.5454 -1.6469 40 21 14
9.4527 -1.5528 -1.6672 35 23 9
9.5575 -1.5243 -1.6889 40 16 12
9.4147 -1.5299 -1.6319 38 20 6
9.4885 -1.5623 -1.6439 43 22 19
9.4237 -1.5269 -1.6629 38 25 19
9.4221 -1.5674 -1.6703 36 21 18
9.472 -1.5576 -1.6573 31 22 3
9.4988 -1.6294 -1.6413 36 23 4
9.3875 -1.5843 -1.6457 38 21 13
9.4662 -1.5778 -1.6554 33 17 2
9.528 -1.6116 -1.6592 37 23 10
9.4618 -1.6013 -1.6319 39 23 8
9.4556 -1.6181 -1.6562 36 20 3
9.5734 -1.5909 -1.7144 36 18 4
9.4901 -1.601 -1.68 37 28 13
9.5456 -1.5919 -1.6677 39 22 14
9.448 -1.5935 -1.6719 35 18 0
9.4749 -1.6234 -1.6462 40 19 0
9.5028 -1.675 -1.6289 37 24 8
9.4496 -1.641 -1.6319 37 14 6
9.4919 -1.6705 -1.6458 38 18 9
9.4044 -1.6698 -1.6581 42 23 9
9.5169 -1.6528 -1.6604 38 22 9
9.4917 -1.6914 -1.65 41 23 11
9.3984 -1.689 -1.6574 44 22 11
9.5074 -1.6757 -1.6318 37 24 8
9.4986 -1.7374 -1.6403 38 20 10
9.494 -1.734 -1.663 40 22 2
9.3816 -1.7282 -1.6256 43 23 16
9.5272 -1.6999 -1.6516 39 17 17
9.4257 -1.6962 -1.6557 45 23 10
9.4629 -1.7075 -1.6316 39 21 11
9.3938 -1.7109 -1.6339 42 22 15
9.4334 -1.7206 -1.6418 39 21 11
9.5119 -1.7187 -1.6455 35 22 6
9.5837 -1.7752 -1.7112 38 18 9
9.5209 -1.808 -1.6468 43 17 16
9.3903 -1.7698 -1.6415 44 21 13
9.4606 -1.792 -1.6237 36 23 7
9.4282 -1.7648 -1.5954 24 21 6
9.492 -1.7806 -1.6197 30 26 15
8.2558 -1.6062 -0.68388 39 29 20
9.4237 -1.8222 -1.6297 33 16 9
8.2578 -1.6179 -0.68175 40 29 10
8.2574 -1.6122 -0.68636 35 27 14
9.5137 -1.8466 -1.6762 37 20 12
9.4817 -1.8176 -1.6453 36 21 2
8.2594 -1.6238 -0.68377 34 26 13
9.4777 -1.9229 -1.6402 35 13 13
9.464 -1.8981 -1.6246 33 16 0
9.4663 -1.9178 -1.6564 39 20 3
9.5075 -1.9339 -1.6405 35 17 0
9.475 -1.9626 -1.6743 28 18 9
9.4316 -1.9278 -1.6331 35 20 1
9.5368 -1.9653 -1.638 34 16 12
9.4877 -1.9696 -1.6331 33 15 1
9.4434 -1.9745 -1.6302 38 16 1
9.4908 -1.9496 -1.6306 38 19 5
9.4988 -1.9751 -1.6188 34 17 10
9.4637 -1.9391 -1.6321 31 16 9
9.4624 -1.9822 -1.6193 34 14 3
9.4665 -1.9613 -1.6422 34 15 9
9.3964 -1.9567 -1.6138 36 20 23
9.4716 -2.0472 -1.6372 37 20 2
9.4435 -1.9965 -1.6108 27 14 0
9.5023 -2.0151 -1.678 28 13 8
9.4662 -2.0244 -1.6286 36 21 14
9.4222 -2.0279 -1.6251 39 22 14
9.5026 -2.0389 -1.6324 36 17 11
9.4505 -1.9997 -1.589 33 20 1
9.4886 -2.0549 -1.6271 36 21 0
9.5637 -2.0174 -1.6687 31 17 4
9.493 -2.0784 -1.6091 37 17 16
9.4398 -2.075 -1.6743 39 13 12
9.4627 -2.066 -1.6129 33 15 1
9.4465 -2.0804 -1.6061 35 15 6
9.5222 -2.0693 -1.6305 35 13 13
9.5067 -2.1052 -1.626 38 16 3
9.4236 -2.0904 -1.6155 39 17 6
9.4358 -2.0753 -1.6222 32 15 8
9.4146 -2.0452 -1.6232 37 18 12
9.428 -2.0714 -1.641 40 16 6
9.4471 -2.0592 -1.6265 36 17 3
9.4011 -2.0802 -1.6214 39 13 12
9.4598 -2.1059 -1.6183 39 15 3
9.4839 -2.1379 -1.618 39 15 1
9.4228 -2.1095 -1.6429 37 15 4
9.4351 -2.1568 -1.6384 38 15 7
9.4357 -2.1364 -1.634 37 15 17
9.4747 -2.113 -1.6056 38 17 0
9.4143 -2.1259 -1.6385 43 22 5
9.4637 -2.1285 -1.6267 38 16 3
9.4235 -2.1107 -1.6199 36 20 5
9.5569 -2.1909 -1.6492 43 20 14
9.4957 -2.1636 -1.6296 39 14 18
9.4496 -2.1431 -1.6206 35 17 3
9.485 -2.1172 -1.6133 38 17 0
9.4012 -2.1822 -1.6216 45 20 13
9.5691 -2.218 -1.6613 36 17 10
9.4442 -2.1819 -1.6249 39 17 2
9.4178 -2.1695 -1.6294 39 22 4
9.4189 -2.211 -1.6147 47 18 22
9.481 -2.1787 -1.6256 34 15 0
9.4966 -2.2067 -1.6408 37 18 4
9.4507 -2.2053 -1.6329 33 15 11
9.4941 -2.2267 -1.6435 41 19 4
9.3799 -2.1915 -1.607 39 15 3
9.5215 -2.3049 -1.6291 35 19 2
9.5021 -2.295 -1.6399 33 15 5
9.516 -2.2807 -1.6206 32 26 0
9.4656 -2.3181 -1.6212 35 17 7
9.4198 -2.3144 -1.5929 33 14 16
9.5244 -2.3486 -1.6361 31 19 0
9.4729 -2.3009 -1.622 38 20 0
9.4382 -2.2831 -1.6447 35 14 19
9.4361 -2.2817 -1.6185 32 15 5
9.4853 -2.3495 -1.6155 34 18 3
9.4391 -2.325 -1.6299 34 14 7
9.4132 -2.3102 -1.631 33 12 9
9.4361 -2.3024 -1.6229 31 12 6
9.5009 -2.3154 -1.618 26 15 0
9.4213 -2.2949 -1.6363 37 17 19
9.4005 -2.3646 -1.6119 28 10 6
9.4059 -2.3271 -1.6089 35 18 0
9.3896 -2.3386 -1.602 31 12 5
9.4446 -2.3692 -1.6185 34 15 17
9.4163 -2.3323 -1.5924 35 16 9
9.3953 -2.3213 -1.6233 32 14 4
9.4596 -2.3989 -1.6336 38 14 10
9.433 -2.4047 -1.62 31 19 5
9.4231 -2.3994 -1.636 35 17 3
9.4541 -2.4381 -1.6174 32 18 5
9.441 -2.4509 -1.632 32 13 6
9.4228 -2.4188 -1.6146 34 16 6
9.4506 -2.4569 -1.6186 33 16 6
9.4251 -2.4629 -1.6278 29 9 0
9.4449 -2.5166 -1.6261 27 9 9
9.417 -2.5202 -1.613 32 12 14
9.438 -2.5764 -1.6154 27 9 9
9.4249 -2.588 -1.6085 24 13 7
