1907
-0.5587 0.12674 -0.79856 0.18462 19.378 -2.0302 -0.1113
16.856 0.71762 0.4065 74 52 11
16.763 0.77755 0.46198 94 73 46
16.831 0.79204 0.40435 85 61 27
16.818 0.76661 0.44624 88 68 43
16.789 0.74259 0.42178 74 53 24
16.844 0.74643 0.47632 91 70 39
16.926 0.74178 0.41076 93 70 37
16.969 0.73997 0.40029 95 70 38
17.018 0.69809 0.45362 97 74 41
16.867 0.76031 0.43163 87 64 31
17.014 0.73482 0.38847 93 70 39
16.922 0.7539 0.44727 95 74 45
16.998 0.7148 0.42879 94 73 46
16.937 0.74448 0.47523 97 74 43
16.921 0.70825 0.45204 96 72 44
16.919 0.71033 0.4525 96 72 44
17.089 0.70676 0.4293 99 73 46
17.11 0.72792 0.4207 97 71 48
17.027 0.72623 0.41677 95 71 43
17.063 0.72268 0.37218 93 69 33
17.08 0.71098 0.4022 97 72 42
17.105 0.72551 0.38875 95 72 39
17.04 0.71925 0.44635 98 74 46
17.264 0.66515 0.34498 93 70 36
17.196 0.66755 0.39748 98 73 50
17.204 0.70993 0.42241 101 77 51
17.167 0.69577 0.37249 93 69 33
17.205 0.70152 0.39057 97 73 47
17.282 0.65601 0.39982 98 78 44
17.252 0.6951 0.40656 98 78 44
17.197 0.7045 0.36416 93 70 28
17.193 0.6792 0.4282 101 76 44
17.264 0.67242 0.37409 95 72 38
17.341 0.67619 0.40802 96 76 42
17.256 0.7269 0.37208 90 68 29
17.321 0.69476 0.38377 91 67 39
17.331 0.67423 0.35098 89 65 39
17.355 0.70248 0.40225 93 69 43
17.279 0.70481 0.39565 94 72 35
17.36 0.67993 0.33999 86 64 27
17.385 0.65376 0.36417 88 67 40
17.428 0.67667 0.31925 83 64 34
17.461 0.63839 0.34132 83 65 25
17.494 0.6365 0.33008 82 62 27
17.399 0.68656 0.38896 88 68 33
17.414 0.70991 0.37885 85 65 31
17.398 0.6734 0.32941 84 61 20
17.389 0.69337 0.36124 84 63 32
17.486 0.65485 0.36067 86 66 29
17.574 0.65228 0.30112 83 64 32
17.502 0.67591 0.35286 84 62 25
17.484 0.69452 0.32812 83 62 35
17.545 0.6648 0.36789 86 66 32
17.569 0.66637 0.33192 83 64 22
17.539 0.6598 0.31256 83 61 37
17.545 0.65853 0.34017 84 64 27
17.522 0.6545 0.37475 85 66 26
17.582 0.6548 0.35589 86 63 22
16.749 0.75278 0.29645 95 66 24
16.638 0.86097 0.27408 102 73 33
16.677 0.80459 0.41696 82 62 27
16.61 0.88224 0.24225 94 73 30
16.84 0.74299 0.23502 76 52 18
16.81 0.73505 0.27789 92 60 21
16.92 0.68602 0.35581 81 61 24
16.785 0.73824 0.39052 88 61 26
16.797 0.71793 0.35421 89 65 14
16.807 0.70004 0.32029 93 65 28
16.811 0.71841 0.21309 90 67 0
16.8 0.7545 0.31457 81 53 16
16.828 0.73959 0.37747 73 50 8
16.861 0.74341 0.33169 83 58 26
16.927 0.70165 0.25047 88 66 27
16.885 0.74107 0.22277 83 63 26
16.841 0.75766 0.30379 82 61 34
16.81 0.75101 0.34705 81 56 12
16.827 0.7648 0.27108 76 53 11
16.834 0.70209 0.24147 94 60 25
16.91 0.69752 0.35792 81 61 24
16.907 0.74749 0.35209 90 66 38
16.921 0.73979 0.38507 92 68 40
16.967 0.73398 0.36795 88 68 33
16.989 0.71778 0.1982 29 21 8
16.899 0.74898 0.32201 90 65 42
16.992 0.72132 0.23104 84 64 29
16.899 0.74092 0.28708 89 69 35
16.987 0.73479 0.26145 88 67 40
16.968 0.70986 0.27106 86 65 36
17.018 0.73772 0.21993 86 63 30
16.956 0.73142 0.3036 89 69 35
16.937 0.73031 0.21067 86 63 29
16.926 0.74954 0.24441 89 65 31
16.958 0.73712 0.3379 90 68 31
17.001 0.72643 0.2932 93 70 37
17.001 0.73368 0.32604 92 68 40
17.041 0.69522 0.35092 92 68 34
17.036 0.74646 0.34498 91 65 38
17.067 0.70287 0.30857 90 69 40
17.129 0.7278 0.31931 90 69 38
17.058 0.69909 0.24643 86 65 34
17.157 0.70142 0.34566 91 68 27
17.111 0.71986 0.19742 32 23 14
17.14 0.69998 0.25426 84 65 33
17.083 0.7156 0.23859 88 63 31
17.094 0.69451 0.20518 44 24 0
17.103 0.69891 0.2674 90 66 38
17.18 0.65904 0.27989 89 68 39
17.047 0.71857 0.28007 88 68 33
17.112 0.70225 0.3271 92 69 36
17.065 0.69011 0.24436 86 65 34
17.11 0.72832 0.22834 85 60 37
17.088 0.72412 0.29912 92 67 35
17.225 0.70725 0.32261 91 67 39
17.263 0.69679 0.2817 90 66 38
17.246 0.71129 0.25429 82 61 32
17.234 0.68131 0.26123 89 65 37
17.154 0.72073 0.21637 50 37 0
17.219 0.69291 0.23171 76 52 24
17.2 0.6938 0.33292 91 68 37
17.199 0.68702 0.30266 91 68 35
17.29 0.67565 0.33335 89 66 33
17.287 0.689 0.17957 55 46 27
17.223 0.70228 0.29279 86 66 32
17.178 0.72911 0.1759 43 38 19
17.256 0.69185 0.22297 62 39 6
17.228 0.67488 0.20228 35 28 2
17.237 0.70752 0.19336 34 25 10
17.17 0.71548 0.27558 89 66 32
17.175 0.70217 0.2443 85 60 40
17.277 0.68492 0.30551 88 63 40
17.346 0.67036 0.22707 42 24 0
17.374 0.68516 0.24771 76 59 31
17.394 0.66479 0.27379 83 64 30
17.322 0.66454 0.26563 86 66 39
17.325 0.66778 0.29471 86 66 29
17.338 0.7033 0.31676 86 63 32
17.307 0.68442 0.26816 86 61 39
17.349 0.64459 0.32118 88 68 33
17.393 0.65226 0.21574 42 27 0
17.298 0.68142 0.21074 33 28 0
17.352 0.67682 0.28714 81 62 30
17.357 0.66397 0.25562 82 63 33
17.343 0.66738 0.20022 34 27 11
17.414 0.64456 0.29845 81 59 36
17.33 0.67842 0.17233 59 47 33
17.376 0.66789 0.18829 58 45 26
17.314 0.66823 0.23934 79 61 21
17.466 0.66875 0.30882 87 64 30
17.453 0.70337 0.18985 59 47 33
17.501 0.64324 0.21567 43 34 1
17.476 0.62746 0.19461 51 37 28
17.422 0.67104 0.2644 83 63 29
17.476 0.63403 0.22201 38 32 0
17.453 0.67245 0.2545 78 61 33
17.411 0.69381 0.29343 83 62 35
17.498 0.6533 0.24154 55 34 5
17.48 0.64135 0.27803 81 61 37
17.438 0.64297 0.23369 43 34 0
17.383 0.7106 0.21217 39 32 3
17.494 0.66615 0.27022 81 64 21
17.433 0.65651 0.26387 86 63 29
17.572 0.6482 0.27292 81 64 34
17.604 0.6374 0.23834 33 26 0
17.566 0.64333 0.223 44 40 3
17.594 0.64596 0.21249 63 41 18
17.569 0.63147 0.19367 58 31 20
17.551 0.62826 0.25671 73 55 31
17.575 0.62998 0.22136 44 40 3
17.558 0.69127 0.18975 55 34 13
17.528 0.65462 0.23314 41 32 13
17.513 0.66938 0.20711 94 76 56
17.559 0.65997 0.24991 43 27 2
17.506 0.67275 0.17986 48 34 21
17.545 0.64383 0.28326 83 62 31
17.498 0.66684 0.29714 82 62 37
17.615 0.62849 0.26287 80 61 31
16.71 0.80179 0.11877 80 56 28
16.579 0.93139 0.090644 83 56 19
16.859 0.71386 0.19601 75 50 18
16.972 0.66784 0.10334 60 41 7
16.92 0.70973 0.046254 57 40 23
16.808 0.71351 0.17743 99 72 35
16.798 0.71684 0.14065 89 62 25
17.022 0.50152 0.023037 75 51 23
16.967 0.66606 0.075037 59 43 8
16.895 0.72227 0.18681 76 56 19
16.911 0.7125 0.014339 65 45 20
16.763 0.80972 0.17394 72 50 26
17.12 0.58304 0.053618 55 48 30
16.967 0.78993 0.19252 34 28 16
17.024 0.74003 0.052001 57 45 7
18.425 -0.83026 0.002814 52 43 38
17.008 0.67304 0.099318 43 38 16
16.992 0.76944 0.01844 57 44 2
16.941 0.74152 0.070967 41 35 13
16.903 0.76058 0.1794 51 34 16
17.113 0.64272 0.075783 55 47 8
16.996 0.71732 0.024316 53 44 29
17.045 0.67656 0.091644 60 48 22
16.994 0.67419 0.033283 39 35 10
16.838 0.84153 0.0077076 33 26 6
17.153 0.67139 -0.00091893 54 43 0
17.152 0.64863 0.10094 58 43 12
17.158 0.65592 0.16004 58 46 30
17.058 0.79345 0.033063 56 49 20
17.125 0.67358 0.068126 49 38 10
17.223 0.64509 0.05135 50 38 12
17.033 0.75945 0.17708 52 41 13
17.161 0.6841 0.095044 52 44 21
17.156 0.62977 0.036595 48 42 8
17.164 0.67241 0.060181 51 46 7
17.096 0.6695 0.10834 68 52 27
17.305 0.53651 0.017086 55 46 27
17.156 0.71298 -0.0089905 46 40 8
17.294 0.68255 -0.0062607 46 41 2
17.24 0.66192 0.014871 53 45 6
17.282 0.65951 0.03113 57 46 24
17.232 0.64845 0.10893 61 47 10
17.365 0.60457 0.049865 50 39 11
17.268 0.63987 0.070963 46 40 14
17.356 0.60893 0.018631 48 43 4
17.367 0.5446 0.00037391 49 45 0
17.206 0.6726 0.08199 47 44 11
17.268 0.68458 0.0646 42 36 12
17.3 0.70273 0.11551 61 50 4
17.307 0.78488 0.10483 51 46 7
17.398 0.64154 0.0082698 43 41 3
17.345 0.67515 0.048001 54 47 3
17.324 0.66433 0.08129 53 43 16
17.357 0.6657 0.075066 48 44 0
17.429 0.60668 0.038028 58 43 14
17.341 0.67329 0.017531 44 38 12
17.482 0.50697 0.09397 46 38 0
17.454 0.57995 0.063351 47 45 4
17.435 0.75269 0.10341 35 30 0
17.568 0.58068 -0.0203 32 25 9
17.497 0.65046 0.039333 36 26 0
17.501 0.65243 0.068018 28 25 6
17.405 0.6972 0.090876 59 50 21
17.396 0.76184 0.11145 53 46 2
17.321 0.79782 0.034545 50 40 15
17.35 0.7651 0.063234 55 48 22
17.557 0.6589 0.055023 31 18 9
17.57 0.59734 0.058751 25 15 14
17.555 0.61223 0.03054 30 23 7
17.574 0.62719 0.024691 28 20 0
17.03 0.6112 -0.064303 32 16 0
16.854 0.76768 -0.017874 63 45 5
16.862 0.75079 -0.050451 70 50 25
16.87 0.65623 -0.0019942 69 47 0
16.994 0.64438 -0.092841 45 35 25
16.961 0.66459 -0.16026 44 35 6
16.998 0.70793 -0.0056615 48 43 4
17.163 0.55574 -0.04941 58 47 19
17.026 0.70714 -0.081943 60 50 23
17.013 0.69973 -0.1757 63 54 25
17.102 0.65705 -0.11739 64 52 26
17.178 0.56011 -0.14859 65 51 25
16.876 0.79105 -0.027193 35 28 0
16.953 0.72108 -0.16954 33 28 9
17.038 0.63984 -0.1052 40 36 25
17.142 0.6242 -0.05556 58 47 17
17.051 0.67079 -0.11192 61 50 28
17.023 0.67184 -0.038725 50 39 20
17.066 0.7062 -0.089574 66 51 32
17.019 0.66931 -0.07102 44 38 16
17.052 0.69221 -0.018083 57 45 3
17.002 0.75883 -0.18639 58 46 24
17.007 0.66779 -0.135 40 35 16
17.005 0.71616 -0.14645 60 49 4
17.239 0.57551 -0.16334 65 52 20
17.11 0.78646 -0.1445 55 51 6
17.132 0.67453 -0.095479 60 50 25
17.211 0.63804 -0.039882 55 45 8
17.141 0.67766 -0.031175 54 43 0
17.226 0.65771 -0.079499 44 38 22
17.213 0.62865 -0.073691 48 37 5
17.149 0.67716 -0.1963 63 48 25
17.23 0.64505 -0.10877 44 40 13
17.196 0.67276 -0.17159 63 49 23
17.158 0.62146 -0.18931 63 49 23
17.153 0.69524 -0.10028 45 37 14
17.207 0.62129 -0.13217 55 43 3
17.049 0.7587 -0.16082 66 53 17
17.092 0.69048 -0.025298 51 44 2
17.081 0.74292 -0.063487 60 47 11
17.331 0.65075 -0.13087 54 42 4
17.314 0.66685 -0.16155 56 48 12
17.342 0.60744 -0.061997 46 37 0
17.216 0.67747 -0.048714 55 47 9
17.292 0.5981 -0.17482 59 47 23
17.319 0.62252 -0.12351 55 46 5
17.178 0.73205 -0.016589 50 43 14
17.305 0.64006 -0.12403 55 46 5
17.328 0.66167 -0.099083 45 40 0
17.288 0.65534 -0.1563 55 47 8
17.25 0.65821 -0.14774 46 37 8
17.214 0.71837 -0.088076 45 41 2
17.32 0.65097 -0.19135 62 50 24
17.28 0.64161 -0.054344 51 47 0
17.309 0.61165 -0.025123 45 40 0
17.289 0.64664 -0.18063 54 45 2
17.411 0.61756 -0.020952 46 38 2
17.264 0.75321 -0.070737 45 39 3
17.466 0.60279 -0.1494 57 46 26
17.373 0.7233 -0.18505 54 48 26
17.392 0.66659 -0.11501 51 44 15
17.068 1.1126 -0.080298 50 41 22
17.406 0.63336 -0.17154 57 45 21
17.425 0.61498 -0.14624 54 46 25
17.374 0.63957 -0.13673 52 47 7
17.29 0.74341 -0.17006 57 46 26
17.392 0.62262 -0.1074 49 41 18
17.378 0.654 -0.049154 52 44 6
17.382 0.72539 -0.12121 55 44 12
17.344 0.65551 -0.045216 57 50 4
17.389 0.6324 -0.080139 50 39 19
17.497 0.61754 -0.098425 44 35 6
17.568 0.57414 -0.048513 30 23 3
17.521 0.63418 -0.078115 35 25 0
17.529 0.62268 -0.078225 35 25 0
17.539 0.63274 -0.16661 37 28 23
17.502 0.60448 -0.12464 51 42 0
17.535 0.57031 -0.070922 48 39 20
17.569 0.59573 -0.13831 30 25 6
17.463 0.64457 -0.18534 48 43 24
17.571 0.59883 -0.1135 38 22 9
17.519 0.61717 -0.16074 34 26 5
17.429 0.6983 -0.15755 44 37 17
17.51 0.64292 -0.10738 31 23 0
17.575 0.6678 -0.17996 33 16 9
17.646 0.52617 -0.14707 38 24 15
17.592 0.5987 -0.17436 31 22 5
17.572 0.62856 -0.17512 31 22 5
17.699 0.49022 -0.14995 28 14 13
16.771 0.76733 -0.40818 55 35 11
16.85 0.69133 -0.36409 58 43 24
16.927 0.71079 -0.34251 31 25 11
16.999 0.65299 -0.23918 22 15 5
16.915 0.62996 -0.3228 59 37 16
16.932 0.71244 -0.30562 28 23 0
16.923 0.73061 -0.2733 29 22 2
16.933 0.71962 -0.27222 29 22 2
16.936 0.69227 -0.37628 30 22 0
17.003 0.71118 -0.38701 60 46 9
17.055 0.68986 -0.21569 65 50 29
17.006 0.7154 -0.35366 61 44 26
17.023 0.7118 -0.28682 59 48 20
17.078 0.69386 -0.28824 60 45 22
17.072 0.69317 -0.32228 63 50 31
16.965 0.72337 -0.31713 48 38 3
17.018 0.7251 -0.25182 67 50 6
16.938 0.73014 -0.20625 38 28 18
17.098 0.61748 -0.31087 61 48 30
17.011 0.70998 -0.35401 61 44 26
17.083 0.70327 -0.21949 61 47 20
17.148 0.61831 -0.24986 64 50 21
16.982 0.78266 -0.3993 64 48 22
16.978 0.70087 -0.34791 47 42 23
17.001 0.69791 -0.24817 56 47 18
17.025 0.67775 -0.20892 56 45 23
17.039 0.72408 -0.35672 58 43 20
16.972 0.72322 -0.28545 52 46 14
17.207 0.67623 -0.30309 62 50 28
17.174 0.70902 -0.34066 28 16 2
17.157 0.69902 -0.26938 63 47 24
17.072 0.75578 -0.26324 64 52 26
17.161 0.64117 -0.29093 65 50 27
17.201 0.6525 -0.23185 61 49 23
17.113 0.68314 -0.35818 59 45 6
17.223 0.67086 -0.24308 61 49 27
17.135 0.68661 -0.23004 64 48 15
17.17 0.70663 -0.3768 36 27 12
17.13 0.72408 -0.30318 60 48 24
17.186 0.70906 -0.2764 61 48 16
17.2 0.66137 -0.20412 62 52 27
17.008 0.81609 -0.33679 62 49 31
17.265 0.65627 -0.27689 59 50 17
17.33 0.62467 -0.24978 65 51 24
17.308 0.68454 -0.32053 32 21 1
17.237 0.66037 -0.20937 59 47 25
17.347 0.64755 -0.25733 56 45 15
17.237 0.76872 -0.36054 33 22 0
17.358 0.63221 -0.25647 56 45 15
17.183 0.73664 -0.37811 31 23 2
17.247 0.67104 -0.30825 59 47 21
17.28 0.66774 -0.34533 30 25 6
17.295 0.63189 -0.21315 55 48 22
17.253 0.67872 -0.24784 62 53 20
17.281 0.69458 -0.22222 60 51 22
17.312 0.64111 -0.28066 62 49 17
17.326 0.66815 -0.29024 60 49 19
17.261 0.68508 -0.37742 31 19 3
17.321 0.62164 -0.30886 51 39 23
17.257 0.65108 -0.34103 26 24 1
17.383 0.66759 -0.35932 34 18 1
17.385 0.67289 -0.32782 39 23 0
17.36 0.76006 -0.30783 53 44 29
17.359 0.6379 -0.22729 57 45 19
17.44 0.6119 -0.26323 56 49 21
17.33 0.79269 -0.34481 46 32 0
17.323 0.6932 -0.1997 58 42 25
17.31 0.73468 -0.30087 51 44 18
17.403 0.67632 -0.21045 52 48 23
17.356 0.66631 -0.32557 31 25 3
17.366 0.67418 -0.23419 57 47 22
17.391 0.633 -0.2634 53 48 19
17.429 0.59685 -0.20009 55 48 22
17.476 0.55559 -0.29096 57 46 27
17.304 0.71714 -0.19969 58 42 25
17.381 0.62591 -0.35014 26 21 0
17.493 0.61937 -0.30482 42 39 24
17.553 0.5986 -0.22035 29 23 0
17.552 0.62431 -0.31567 59 43 8
17.415 0.70377 -0.21486 47 37 12
17.545 0.64073 -0.29034 60 45 22
17.465 0.68655 -0.19268 33 19 16
17.49 0.66204 -0.34258 58 43 10
17.425 0.70747 -0.3414 47 37 10
17.502 0.6514 -0.31325 64 43 24
17.413 0.69968 -0.24555 48 37 15
17.522 0.64939 -0.19495 31 21 0
17.518 0.66618 -0.34594 60 41 24
17.634 0.63526 -0.33045 42 37 8
17.497 0.73071 -0.20583 33 22 0
17.591 0.61734 -0.29002 62 47 26
17.52 0.69076 -0.22984 47 38 19
17.566 0.64219 -0.34868 58 45 13
17.607 0.63116 -0.32505 61 42 8
17.619 0.62073 -0.2927 57 42 1
17.67 0.51396 -0.22924 62 44 20
17.558 0.65943 -0.32205 58 45 11
16.793 0.79314 -0.41962 63 46 18
16.89 0.736 -0.41172 48 32 0
16.928 0.71632 -0.52161 20 25 5
16.89 0.75083 -0.56536 8 12 0
16.617 1.0284 -0.48561 27 15 15
16.971 0.70017 -0.59525 25 24 0
16.982 0.69498 -0.55965 40 35 13
17.005 0.64616 -0.44328 21 12 15
16.957 0.69272 -0.48481 22 18 17
17.071 0.69482 -0.52895 51 43 4
17.101 0.66739 -0.48939 54 41 0
17.012 0.70888 -0.56328 50 44 18
17.056 0.6812 -0.45683 60 49 19
17.02 0.68443 -0.42307 64 49 28
17.065 0.69398 -0.56227 48 44 7
17.042 0.64345 -0.4823 43 39 27
17.034 0.69081 -0.52855 51 43 7
17.035 0.64363 -0.51777 39 34 5
17.163 0.61645 -0.38464 63 48 25
17.073 0.73115 -0.57058 54 47 18
17.019 0.77238 -0.47158 60 47 29
17.045 0.68585 -0.49104 54 43 15
17.111 0.69387 -0.53105 48 40 19
16.991 0.70969 -0.45773 57 47 20
17.143 0.7247 -0.4399 40 28 6
17.159 0.75914 -0.41561 39 19 10
16.826 1.1058 -0.52752 19 13 0
17.195 0.68479 -0.53913 51 39 23
17.184 0.61478 -0.48376 61 49 11
17.115 0.68989 -0.53008 48 40 19
17.153 0.72887 -0.57927 57 43 14
17.24 0.67424 -0.54028 57 46 26
17.256 0.6241 -0.46365 15 9 0
17.234 0.6584 -0.43387 23 14 7
17.381 0.61918 -0.38101 43 27 1
17.254 0.70229 -0.54615 52 43 24
17.26 0.67192 -0.43996 40 16 16
17.27 0.71217 -0.41713 27 18 11
17.266 0.65644 -0.47273 41 25 2
17.325 0.68587 -0.41707 23 17 5
17.367 0.64715 -0.54357 55 46 7
17.342 0.65601 -0.44554 52 29 0
17.292 0.61682 -0.49604 59 45 19
17.346 0.64432 -0.47903 26 13 0
17.323 0.59861 -0.40005 34 24 15
17.294 0.68756 -0.38368 39 26 17
17.29 0.67919 -0.4423 40 25 6
17.459 0.58857 -0.44585 16 22 12
17.343 0.7155 -0.39799 39 20 6
17.453 0.6557 -0.39647 32 31 27
17.348 0.77971 -0.50548 27 30 3
17.398 0.62071 -0.47786 41 35 21
17.378 0.65333 -0.45268 46 27 13
17.404 0.71598 -0.43359 33 33 9
17.338 0.71413 -0.42792 32 13 15
17.413 0.69729 -0.46309 38 34 0
17.266 0.88527 -0.55264 41 35 0
17.503 0.66805 -0.43651 56 38 14
17.502 0.63197 -0.39736 52 39 23
17.48 0.65517 -0.42973 45 32 13
17.56 0.63745 -0.40652 58 40 0
17.465 0.66962 -0.4617 47 35 23
17.468 0.64103 -0.36536 41 37 10
17.464 0.66481 -0.49357 48 32 7
17.468 0.68569 -0.37449 62 47 26
17.437 0.74105 -0.53653 57 39 15
17.521 0.64943 -0.4039 59 42 24
17.522 0.67918 -0.47091 59 41 27
17.465 0.65647 -0.52033 51 35 2
17.509 0.69114 -0.50396 53 37 1
17.528 0.64529 -0.37548 61 45 10
17.547 0.64881 -0.43716 58 36 21
17.555 0.61829 -0.52109 56 40 17
17.525 0.6745 -0.4703 59 41 27
17.513 0.64648 -0.46233 60 40 16
17.514 0.63923 -0.4924 63 42 23
17.577 0.64975 -0.44033 53 38 15
17.639 0.60777 -0.40977 56 40 4
17.633 0.62377 -0.38295 45 33 17
17.573 0.66233 -0.41109 57 39 1
17.566 0.63463 -0.37868 62 44 24
17.596 0.64108 -0.35367 61 44 16
17.639 0.63886 -0.47437 50 38 0
17.641 0.61788 -0.35554 45 35 23
17.614 0.60889 -0.37694 60 45 24
17.656 0.62664 -0.41606 0 0 0
17.653 0.61242 -0.49753 50 37 19
17.644 0.6388 -0.4485 0 0 0
17.581 0.6376 -0.46662 59 41 21
17.592 0.61459 -0.49362 50 35 6
17.579 0.69155 -0.44708 53 35 21
17.605 0.64624 -0.47283 46 33 17
17.595 0.65541 -0.5034 54 37 7
17.633 0.63019 -0.3568 45 35 23
17.652 0.63957 -0.38984 0 0 0
17.629 0.69368 -0.51501 0 0 0
16.907 0.73888 -0.74734 75 53 14
16.975 0.68679 -0.62816 35 29 7
16.835 0.75215 -0.82764 73 54 14
16.949 0.73967 -0.75261 71 51 26
16.818 0.77858 -0.79401 73 53 19
16.925 0.71028 -0.77757 74 53 22
16.877 0.81287 -0.80474 74 53 22
16.863 0.76989 -0.83156 75 55 30
17.011 0.76494 -0.75743 71 53 31
17.072 0.74126 -0.75112 69 51 29
16.993 0.71436 -0.63136 52 43 10
17.105 0.68532 -0.60002 54 44 7
17.01 0.70353 -0.60096 51 43 7
16.995 0.72687 -0.78302 72 54 18
16.973 0.75281 -0.78996 72 54 18
17.03 0.71887 -0.6384 50 41 8
17.054 0.69929 -0.60049 49 40 7
16.967 0.80828 -0.80499 78 54 26
17.073 0.70826 -0.67556 12 3 0
17.069 0.72049 -0.64176 52 41 11
16.978 0.75488 -0.75344 71 52 18
17.021 0.72233 -0.67765 9 10 0
17.075 0.72965 -0.78539 73 52 23
17.237 0.67143 -0.57451 59 43 20
17.209 0.71512 -0.74941 71 52 12
17.168 0.68724 -0.67433 0 5 0
17.15 0.72533 -0.60966 49 41 20
17.193 0.66476 -0.63568 45 37 16
17.106 0.74759 -0.75353 69 49 22
17.147 0.66717 -0.66775 8 8 0
17.216 0.68931 -0.6073 57 46 16
17.223 0.6736 -0.63993 41 34 16
17.14 0.75383 -0.75578 73 56 28
17.122 0.71175 -0.60605 52 40 16
17.087 0.74688 -0.64852 51 38 4
17.095 0.75316 -0.78972 70 51 19
17.191 0.70564 -0.67856 6 3 0
17.309 0.67129 -0.57766 57 46 18
17.322 0.63918 -0.6346 48 43 11
17.294 0.72143 -0.65242 43 34 17
17.268 0.73276 -0.75414 68 48 23
17.295 0.68096 -0.6097 58 45 29
17.245 0.7159 -0.74999 70 52 12
17.231 0.70241 -0.68009 0 7 0
17.328 0.67004 -0.67796 10 12 0
17.351 0.6541 -0.60449 54 45 30
17.281 0.68509 -0.67641 0 11 0
17.349 0.66391 -0.57795 56 46 19
17.237 0.70307 -0.64734 37 34 27
17.268 0.67015 -0.60616 54 43 21
17.423 0.67945 -0.68255 24 32 21
17.508 0.53248 -0.58768 53 41 17
17.449 0.66521 -0.58476 49 38 18
17.474 0.63716 -0.54732 49 36 4
17.453 0.61398 -0.5712 59 43 26
17.345 0.6935 -0.6841 15 20 13
17.32 0.73469 -0.65801 34 27 7
17.442 0.63612 -0.54601 55 45 8
17.364 0.68952 -0.58434 59 44 23
17.45 0.59792 -0.66213 39 25 0
17.464 0.58555 -0.62829 27 15 0
17.405 0.71871 -0.62506 42 33 16
17.355 0.78052 -0.6694 18 15 0
17.483 0.6409 -0.67397 22 21 16
17.34 0.71449 -0.62124 52 41 19
17.474 0.71438 -0.62823 44 36 0
17.539 0.6527 -0.6796 36 35 7
17.554 0.6566 -0.56003 61 40 21
17.469 0.67536 -0.61795 47 36 6
17.513 0.60573 -0.63443 39 28 0
17.477 0.70278 -0.65704 27 12 0
17.545 0.62612 -0.55268 59 44 5
17.536 0.67678 -0.59325 53 35 15
17.489 0.66068 -0.55302 57 39 17
17.503 0.65865 -0.67963 34 22 10
17.502 0.63533 -0.58115 59 43 26
17.523 0.68195 -0.65494 6 14 0
17.57 0.65273 -0.68199 50 32 10
17.561 0.63297 -0.61479 44 29 0
17.633 0.62193 -0.58658 51 36 7
17.625 0.64191 -0.55918 56 39 21
17.597 0.64467 -0.52911 55 41 5
17.663 0.63367 -0.53316 0 0 0
17.636 0.66964 -0.56938 0 0 0
17.662 0.62284 -0.58705 0 0 0
17.607 0.64147 -0.67897 50 34 21
17.627 0.67025 -0.62855 0 0 0
17.631 0.61843 -0.61449 43 32 2
17.601 0.63258 -0.55798 58 39 25
17.589 0.63749 -0.61701 40 29 10
17.631 0.6579 -0.65325 0 0 0
17.617 0.60172 -0.58148 50 32 12
17.602 0.65649 -0.65085 6 4 0
17.562 0.65225 -0.53026 55 35 24
17.623 0.65107 -0.53439 60 39 12
17.589 0.63112 -0.64533 0 8 0
16.745 0.82243 -0.96509 63 47 21
16.626 0.94138 -1.044 66 48 24
16.801 0.77082 -0.9099 64 44 10
16.864 0.76086 -0.86628 73 56 13
16.915 0.75307 -0.86436 73 52 23
16.924 0.78306 -0.90969 70 52 28
16.831 0.7886 -0.91268 76 54 15
16.875 0.77192 -0.98281 72 55 12
16.916 0.78354 -0.94786 74 51 20
16.894 0.75913 -0.94085 72 55 25
16.906 0.77202 -0.83135 73 54 24
16.915 0.7442 -0.89893 75 56 24
16.841 0.75043 -1.0178 72 53 21
16.916 0.76588 -1.0178 71 52 22
16.804 0.84234 -1.0472 72 52 25
16.84 0.74321 -1.0545 73 54 22
16.851 0.75745 -0.94271 72 56 23
16.806 0.79818 -0.99371 76 53 19
16.941 0.74717 -0.97423 71 51 24
16.814 0.83121 -1.0437 72 52 25
17.079 0.7477 -0.8975 71 54 28
17.032 0.747 -0.93504 73 52 23
17.011 0.77229 -0.94297 73 52 23
16.965 0.79427 -0.87502 74 55 15
16.953 0.78175 -0.98368 74 54 20
17.011 0.78108 -0.90795 73 54 20
17.069 0.72816 -0.82027 72 54 14
17.036 0.73402 -0.96877 71 54 24
16.952 0.7746 -1.0199 72 52 25
17.013 0.72982 -0.8924 72 55 29
17.042 0.75174 -0.86239 73 53 26
16.994 0.76841 -0.83217 75 54 27
17.008 0.75899 -1.012 73 53 29
16.997 0.74034 -0.93436 73 53 26
16.975 0.73304 -0.8574 74 55 15
17.133 0.67498 -0.91178 72 52 27
17.01 0.70132 -0.81232 75 54 25
17.013 0.8104 -0.99151 73 52 21
17.172 0.77823 -0.90505 73 54 11
17.173 0.752 -0.79179 72 50 29
17.154 0.72007 -0.81818 69 48 17
17.139 0.73135 -0.85688 75 54 33
17.139 0.78723 -0.8359 70 49 30
17.116 0.73473 -0.96515 69 52 26
17.117 0.807 -0.87722 74 53 32
17.175 0.70226 -0.77831 72 50 29
17.163 0.7258 -0.96046 74 55 23
17.104 0.73407 -0.82252 68 51 25
17.065 0.77326 -0.86894 74 56 18
17.092 0.78112 -0.90659 73 52 31
17.211 0.68186 -0.87643 68 52 26
17.199 0.68898 -0.91323 68 53 14
17.232 0.68668 -0.94645 72 53 23
17.206 0.72679 -0.92532 70 49 20
17.117 0.74227 -0.93124 71 53 17
17.267 0.75168 -0.89561 73 52 25
17.276 0.73172 -0.92453 70 51 9
17.262 0.71918 -0.85372 74 54 29
17.339 0.71141 -0.85054 71 49 25
17.217 0.72843 -0.85564 69 51 27
17.257 0.73283 -0.82313 70 53 27
17.349 0.66633 -0.77159 72 53 13
17.319 0.69869 -0.8135 74 53 36
17.327 0.70206 -0.74717 71 51 14
17.247 0.70558 -0.78165 72 47 25
17.294 0.66963 -0.87142 70 49 22
17.221 0.75598 -0.93341 69 52 22
17.308 0.70569 -0.84787 71 50 29
17.352 0.68579 -0.87561 72 53 13
17.233 0.71553 -0.81724 72 54 30
17.248 0.75122 -0.79305 71 50 23
17.348 0.6837 -0.90884 71 55 22
17.408 0.70415 -0.88009 70 50 26
17.443 0.7091 -0.84788 73 52 25
17.333 0.751 -0.92887 69 52 24
17.39 0.69562 -0.81305 72 54 30
17.409 0.66233 -0.83573 73 51 14
17.43 0.71941 -0.88407 72 55 29
17.401 0.68767 -0.77791 71 53 29
17.322 0.74087 -0.82545 70 54 29
17.431 0.69964 -0.74887 70 55 16
17.422 0.70526 -0.78416 71 53 31
17.414 0.70991 -0.81671 72 52 25
17.382 0.7212 -0.75283 66 51 12
17.398 0.72407 -0.85323 70 50 25
17.314 0.75961 -0.79609 72 52 25
17.355 0.71134 -0.74896 68 50 12
17.372 0.70648 -0.882 70 48 27
17.419 0.68078 -0.90548 73 51 27
17.473 0.72703 -0.78868 68 51 31
17.505 0.68769 -0.74657 72 51 22
17.458 0.74091 -0.82478 71 52 12
17.485 0.69573 -0.84512 70 52 16
17.532 0.69458 -0.7493 68 52 27
17.471 0.7556 -0.8919 70 51 21
17.473 0.67294 -0.80701 70 52 30
17.481 0.69442 -0.87616 69 51 27
17.524 0.72576 -0.88616 74 55 25
17.498 0.72348 -0.85085 70 52 28
17.51 0.75317 -0.85911 73 52 31
17.538 0.67806 -0.77698 74 53 26
17.494 0.65106 -0.76996 69 52 34
17.471 0.68938 -0.74608 69 52 34
17.532 0.68064 -0.80902 71 50 29
17.597 0.71567 -0.85051 0 0 0
17.596 0.69029 -0.74922 71 50 31
17.625 0.64029 -0.7688 69 48 31
17.635 0.7036 -0.84576 0 0 0
17.553 0.70205 -0.78293 69 50 18
17.578 0.67231 -0.74513 70 54 28
17.541 0.71325 -0.81775 70 50 26
17.613 0.69767 -0.81382 0 0 0
17.595 0.67927 -0.80881 69 53 18
17.643 0.665 -0.74526 0 0 0
17.563 0.72045 -0.85268 74 54 29
17.621 0.69231 -0.78279 0 0 0
17.665 0.66944 -0.77617 0 0 0
17.659 0.6732 -0.80765 0 0 0
16.667 0.91156 -1.1956 71 53 29
16.81 0.76668 -1.1043 74 53 24
16.853 0.76938 -1.101 70 53 27
16.917 0.78861 -1.1397 69 49 25
16.871 0.74093 -1.1316 70 53 23
16.899 0.79997 -1.1839 71 50 23
16.886 0.74147 -1.0508 74 55 21
16.882 0.75149 -1.2478 71 50 31
16.901 0.69006 -1.1875 71 54 24
16.898 0.76892 -1.0966 72 54 18
16.804 0.78652 -1.2678 71 52 22
16.888 0.8128 -1.188 71 50 23
16.817 0.79114 -1.1889 70 50 26
16.873 0.78862 -1.1436 73 49 21
16.88 0.77209 -1.177 72 51 20
16.947 0.76331 -1.0921 73 53 26
16.832 0.81578 -1.2346 73 53 28
16.873 0.80598 -1.0719 73 54 20
16.9 0.78136 -1.2574 72 52 28
16.897 0.79421 -1.2218 69 53 27
16.982 0.77238 -1.0925 72 50 29
17.057 0.74145 -1.0442 73 51 28
17.042 0.7675 -1.0143 72 52 28
17.068 0.76035 -1.1212 67 50 22
17.065 0.75549 -1.1569 70 52 30
16.976 0.78836 -1.0609 72 53 21
17.031 0.76423 -1.0871 70 50 26
16.971 0.75965 -1.204 70 52 30
17.022 0.76592 -1.1268 70 49 28
17.088 0.74421 -1.077 71 52 22
16.921 0.83483 -1.1535 73 54 22
16.976 0.81129 -1.1803 69 51 29
17.029 0.78379 -1.0198 72 52 28
17.037 0.78093 -1.2042 69 51 27
16.987 0.79034 -1.2124 70 53 23
16.99 0.72221 -1.0394 78 56 19
16.959 0.7812 -1.1732 71 52 22
17.133 0.77904 -1.1207 69 52 24
17.208 0.73329 -1.1013 71 54 26
17.191 0.73078 -0.99628 70 51 21
17.139 0.69864 -0.98891 73 53 28
17.146 0.72994 -1.0326 71 50 29
17.097 0.75809 -1.1909 70 50 13
17.181 0.75964 -1.1486 72 51 30
17.168 0.72699 -1.1392 71 50 33
17.222 0.72276 -1.062 68 50 30
17.137 0.72584 -1.1053 72 53 23
17.171 0.7393 -1.0706 68 51 25
17.172 0.74659 -1.0365 71 51 27
17.121 0.76983 -1.0105 72 51 30
17.216 0.73914 -1.0328 72 52 25
17.133 0.73851 -1.0705 68 49 19
17.06 0.78726 -1.0557 70 52 30
17.163 0.72481 -1.1744 70 50 13
17.104 0.75748 -1.1543 70 52 28
17.326 0.73061 -1.0575 71 51 26
17.299 0.73385 -0.99185 71 49 34
17.268 0.75152 -1.103 69 51 27
17.181 0.79205 -1.0159 72 55 27
17.314 0.72145 -0.95433 70 50 23
17.275 0.71103 -1.0214 70 49 28
17.212 0.75979 -0.96871 70 52 30
17.257 0.72683 -1.0626 72 52 28
17.266 0.74662 -1.1372 66 49 21
17.328 0.73592 -1.0252 70 50 25
17.292 0.72784 -1.0596 70 50 15
17.316 0.7043 -1.0169 68 51 21
17.219 0.76687 -1.1101 70 52 32
17.32 0.72381 -1.124 70 48 27
17.235 0.73913 -1.1378 65 47 23
17.297 0.68978 -0.97875 70 49 28
17.299 0.75966 -1.1029 69 51 31
17.319 0.66814 -0.93854 70 53 25
17.274 0.71994 -0.98918 70 49 28
17.396 0.72389 -1.0854 68 49 17
17.408 0.72893 -0.98634 67 47 22
17.417 0.7242 -0.95235 71 51 26
17.457 0.70029 -1.0077 69 51 27
17.295 0.79488 -0.97587 73 51 28
17.4 0.72444 -1.051 68 52 27
17.382 0.71667 -0.98272 71 49 25
17.375 0.73411 -0.95674 72 52 27
17.448 0.7052 -1.0425 69 53 28
17.393 0.69441 -1.0089 68 47 26
17.363 0.69572 -0.97749 72 50 27
17.44 0.71617 -1.0464 69 53 28
17.375 0.71195 -1.0488 68 50 26
17.369 0.71315 -1.0858 70 51 19
17.404 0.71931 -1.0499 68 52 27
17.406 0.74613 -0.92489 71 56 13
17.446 0.70126 -1.0745 69 51 5
17.414 0.71267 -1.0139 71 51 27
17.489 0.67546 -0.90288 73 51 28
17.507 0.68191 -0.96722 68 50 28
17.575 0.64334 -0.89346 73 50 34
17.532 0.679 -1.0291 70 50 23
17.561 0.68301 -1.0299 75 53 12
17.501 0.70423 -0.90921 72 53 23
17.486 0.70493 -1.008 71 55 22
17.569 0.67781 -0.99486 70 50 26
17.456 0.734 -1.0845 69 48 31
17.534 0.69017 -0.96938 69 53 27
17.499 0.70125 -0.94061 71 52 20
17.485 0.69962 -1.0391 71 52 22
17.484 0.67618 -0.93462 66 50 24
17.539 0.67551 -0.99643 72 55 27
17.443 0.72676 -0.98406 69 50 16
17.574 0.63771 -0.91802 68 48 21
17.587 0.65669 -0.95706 72 53 23
17.591 0.69749 -0.96893 70 53 33
17.646 0.6338 -0.8583 0 0 0
17.63 0.67163 -1.0208 0 0 0
17.639 0.63895 -0.89007 73 52 25
17.601 0.65078 -0.89423 70 47 29
17.606 0.68248 -0.93396 71 52 18
17.653 0.65645 -0.92309 0 0 0
17.601 0.67541 -0.99221 73 49 35
17.641 0.68034 -0.90061 0 0 0
17.631 0.69684 -0.90581 0 0 0
17.607 0.63483 -0.91961 71 46 24
17.662 0.67458 -0.98994 0 0 0
17.566 0.71014 -0.88061 72 51 30
17.604 0.66465 -1.0206 70 50 25
17.615 0.70177 -1.0004 0 0 0
17.637 0.67368 -0.95968 0 0 0
17.631 0.70284 -0.87652 0 0 0
17.651 0.68555 -1.0231 0 0 0
17.67 0.6753 -0.92841 0 0 0
17.639 0.71763 -0.97276 0 0 0
16.705 0.88515 -1.3528 57 39 0
16.956 0.56511 -1.2204 48 32 7
16.878 0.79785 -1.3036 65 48 22
16.92 0.74167 -1.3222 22 9 0
16.83 0.79094 -1.3489 7 7 7
16.974 0.72932 -1.3095 23 21 24
16.943 0.78234 -1.2513 68 49 7
16.956 0.7593 -1.2802 67 50 22
16.84 0.78926 -1.3052 67 50 22
16.984 0.76786 -1.3212 28 19 2
17.05 0.75728 -1.2323 71 50 23
17.071 0.78139 -1.2383 71 49 25
17.009 0.79742 -1.2886 71 51 26
17.108 0.71081 -1.3236 9 13 0
16.95 0.81649 -1.3026 69 51 13
16.963 0.80912 -1.2579 67 50 20
17.041 0.80903 -1.2883 69 51 31
16.963 0.83397 -1.3826 0 4 0
17.025 0.76999 -1.3162 39 28 9
17.079 0.75559 -1.3067 51 34 16
17.114 0.76907 -1.2665 72 52 27
17.122 0.75176 -1.2974 66 47 15
17.211 0.74602 -1.2451 68 50 26
17.241 0.71623 -1.2013 70 50 26
17.183 0.71643 -1.3148 19 13 0
17.223 0.72243 -1.2735 66 47 15
17.161 0.76846 -1.2239 69 52 24
17.137 0.82356 -1.3565 14 12 15
17.092 0.77947 -1.3486 2 5 0
17.141 0.7765 -1.3025 65 50 27
17.012 0.86932 -1.4296 0 0 10
17.159 0.72207 -1.2097 68 51 23
17.144 0.78083 -1.2647 69 51 31
17.176 0.75773 -1.1842 67 51 25
17.224 0.75421 -1.3552 1 1 11
17.305 0.76874 -1.2436 65 51 15
17.264 0.75965 -1.3181 30 24 0
17.323 0.71209 -1.1545 69 48 27
17.27 0.73381 -1.1668 67 49 27
17.316 0.74629 -1.2705 68 47 26
17.254 0.74739 -1.2098 68 55 23
17.337 0.68572 -1.1791 67 51 26
17.213 0.75922 -1.1808 67 45 21
17.336 0.7346 -1.1952 68 52 27
17.336 0.73525 -1.1957 68 52 27
17.315 0.73966 -1.3031 52 38 1
17.242 0.75413 -1.2473 67 49 25
17.256 0.729 -1.2744 66 47 15
17.286 0.73829 -1.2725 67 48 16
17.286 0.74609 -1.2385 71 50 19
17.251 0.72656 -1.3072 22 13 6
17.393 0.70505 -1.1797 68 51 33
17.348 0.75149 -1.2673 68 48 21
17.418 0.72627 -1.1512 72 53 23
17.45 0.71335 -1.2104 71 52 10
17.432 0.67659 -1.2664 62 48 22
17.43 0.73438 -1.2532 68 52 26
17.371 0.72725 -1.2212 68 47 30
17.46 0.70663 -1.1739 67 50 24
17.431 0.71434 -1.1125 69 51 29
17.331 0.74961 -1.1659 73 54 20
17.447 0.70406 -1.2753 66 47 33
17.4 0.70357 -1.1447 70 55 26
17.471 0.69881 -1.1377 71 52 9
17.334 0.75311 -1.1328 69 48 29
17.404 0.73776 -1.1874 65 48 28
17.383 0.75934 -1.2326 70 50 23
17.404 0.70443 -1.1105 69 48 29
17.424 0.696 -1.2423 69 54 13
17.291 0.82215 -1.3346 57 40 30
17.52 0.70794 -1.1995 66 47 33
17.542 0.68229 -1.1572 68 47 26
17.489 0.71265 -1.1737 71 50 29
17.543 0.69579 -1.0973 71 53 33
17.555 0.69743 -1.2264 67 49 27
17.525 0.71456 -1.1372 70 50 26
17.551 0.70983 -1.1986 68 47 28
17.468 0.70919 -1.1081 74 55 12
17.464 0.71576 -1.1106 74 55 12
17.528 0.67796 -1.0621 73 54 24
17.478 0.73602 -1.1486 70 48 24
17.508 0.7186 -1.2378 66 48 24
17.568 0.69853 -1.1281 68 51 25
17.555 0.71057 -1.1649 70 52 14
17.548 0.69425 -1.0638 71 51 26
17.467 0.73652 -1.2142 66 51 32
17.482 0.70885 -1.2381 69 53 27
17.498 0.71406 -1.1058 73 51 27
17.667 0.68176 -1.144 0 0 0
17.659 0.68816 -1.1782 0 0 0
17.598 0.69425 -1.1549 68 50 30
17.596 0.68973 -1.1864 70 52 32
17.635 0.69806 -1.0899 0 0 0
17.586 0.68568 -1.0591 72 50 27
17.623 0.6754 -1.0549 0 0 0
17.579 0.68866 -1.094 69 52 24
17.621 0.70543 -1.1574 0 0 0
17.646 0.68641 -1.0547 0 0 0
17.624 0.66092 -1.111 70 49 30
17.645 0.67513 -1.1139 0 0 0
17.697 0.64025 -1.0976 0 0 0
17.631 0.68442 -1.1813 0 0 0
17.573 0.71784 -1.2308 65 50 11
17.589 0.70043 -1.1903 70 52 32
17.625 0.66568 -1.0817 71 49 26
17.669 0.69201 -1.0857 0 0 0
17.325 0.67188 -1.3152 0 1 0
17.432 0.62341 -1.2837 0 10 0
17.317 0.72964 -1.3368 0 4 0
17.447 0.74493 -1.3219 11 10 5
17.413 0.73695 -1.3586 4 6 19
17.468 0.70794 -1.3419 0 8 0
17.4 0.71394 -1.3179 14 7 0
17.424 0.72859 -1.3203 2 7 11
17.568 0.71163 -1.2941 40 27 36
17.48 0.7524 -1.2866 59 44 21
17.564 0.71163 -1.3264 1 5 17
17.529 0.7149 -1.334 5 8 0
17.551 0.69666 -1.2576 66 48 24
17.515 0.74383 -1.3132 35 21 0
17.525 0.67355 -1.3212 1 5 14
17.559 0.71177 -1.3589 0 6 0
17.49 0.73103 -1.3109 29 26 9
17.472 0.71575 -1.2748 64 47 29
17.652 0.67835 -1.2704 0 0 0
17.67 0.69868 -1.2759 0 0 0
17.63 0.70599 -1.3144 0 0 0
17.633 0.6677 -1.2387 0 0 0
17.624 0.68876 -1.2151 0 0 0
17.653 0.69028 -1.212 0 0 0
17.626 0.72626 -1.2597 0 0 0
17.659 0.65517 -1.3254 0 0 0
17.565 0.7241 -1.2668 67 51 28
17.676 0.6828 -1.2999 0 0 0
17.645 0.69033 -1.2757 0 0 0
17.583 0.72419 -1.3612 8 8 8
17.685 0.66233 -1.3253 0 0 0
17.619 0.68283 -1.2769 45 30 11
17.599 0.70661 -1.3196 8 4 0
17.684 0.6821 -1.2365 0 0 0
17.431 -1.6741 0.18608 105 82 48
16.862 0.69241 0.42523 75 54 25
16.822 0.78238 0.42658 83 60 27
16.863 0.74472 0.45007 92 71 42
16.847 0.7707 0.48884 92 68 40
16.807 0.75943 0.47027 94 70 44
16.746 0.75948 0.41658 81 60 29
16.986 0.70797 0.44719 97 74 43
16.93 0.71759 0.43227 94 71 40
16.906 0.75285 0.47096 97 71 44
17.033 0.6928 0.40258 95 70 38
16.933 0.76062 0.42595 94 71 38
17.01 0.72684 0.43865 98 74 46
16.915 0.77383 0.3967 92 68 34
16.927 0.71345 0.40166 92 69 38
17.109 0.73996 0.37041 94 70 34
17.062 0.71305 0.42328 96 73 42
17.151 0.70373 0.42405 100 75 52
17.139 0.711 0.39547 96 73 40
17.101 0.71231 0.41072 98 72 45
17.095 0.71154 0.38169 92 70 33
17.064 0.71049 0.42284 96 73 42
17.021 0.75246 0.3984 96 71 41
17.268 0.68645 0.35743 93 70 29
17.204 0.68365 0.40847 97 73 47
17.196 0.68699 0.38025 97 73 47
17.186 0.75185 0.40859 96 73 40
17.217 0.71957 0.43183 101 75 48
17.279 0.6793 0.3832 96 73 39
17.237 0.68021 0.36752 93 70 36
17.175 0.70564 0.35512 92 69 27
17.345 0.67427 0.33136 88 66 29
17.367 0.69697 0.35249 87 64 33
17.381 0.63337 0.35213 86 68 22
17.373 0.65138 0.3839 91 70 43
17.275 0.72875 0.38048 93 69 41
17.316 0.68249 0.39945 94 74 40
17.311 0.67494 0.34376 91 69 30
17.294 0.66707 0.41153 98 78 44
17.481 0.64363 0.37672 85 65 28
17.418 0.68692 0.39423 90 67 36
17.411 0.73393 0.36434 85 65 13
17.458 0.62411 0.35834 86 66 31
17.507 0.63616 0.31246 82 61 34
17.377 0.69047 0.37916 88 68 34
17.449 0.67414 0.32774 78 59 29
17.502 0.64992 0.34087 87 65 28
17.427 0.66 0.33614 85 64 33
17.528 0.66461 0.35937 84 65 35
17.512 0.68051 0.33476 84 62 38
17.489 0.67493 0.36938 86 67 27
17.57 0.63997 0.32076 84 61 28
17.554 0.6694 0.34919 84 63 16
17.507 0.67957 0.30703 83 63 38
16.799 0.69646 0.37107 85 61 10
16.841 0.73788 0.32296 78 54 2
16.805 0.73672 0.36615 87 62 6
16.937 0.65588 0.2033 77 53 19
16.759 0.77816 0.34186 87 62 18
16.823 0.68599 0.22956 101 74 29
16.822 0.72614 0.39621 78 49 9
16.756 0.76472 0.27254 97 68 28
16.804 0.76943 0.29514 72 49 7
16.767 0.76187 0.30603 93 65 28
16.894 0.71061 0.24088 82 58 24
16.835 0.79204 0.3167 86 65 38
16.914 0.71237 0.3374 86 61 29
16.836 0.75088 0.35566 76 53 11
16.893 0.6968 0.37974 72 50 13
16.781 0.78639 0.2633 74 51 7
16.839 0.78696 0.31701 86 65 38
16.747 0.81519 0.23135 84 61 0
16.865 0.75073 0.28008 86 65 34
17.009 0.69831 0.31101 91 68 37
16.936 0.74181 0.3608 93 66 33
16.927 0.72961 0.26361 87 67 33
16.932 0.77871 0.28919 89 68 41
16.909 0.72528 0.37121 92 68 40
16.987 0.73079 0.34678 90 70 35
16.886 0.75144 0.37536 92 68 40
16.968 0.72948 0.25262 89 66 35
16.977 0.71198 0.21822 86 63 29
16.909 0.76436 0.33234 92 70 33
16.879 0.76742 0.20324 71 53 17
17.016 0.73555 0.30355 93 70 37
16.957 0.70349 0.29172 94 69 37
17.012 0.70956 0.37382 92 69 38
16.999 0.73352 0.21057 69 46 13
16.899 0.75237 0.2346 87 63 35
17.032 0.71027 0.26979 91 66 36
17.012 0.72493 0.23849 88 64 36
17.08 0.7144 0.31837 91 68 35
17.035 0.75215 0.26401 88 68 33
17.055 0.69851 0.33028 91 67 39
17.103 0.72513 0.27752 88 69 37
17.173 0.6861 0.26343 87 65 41
17.042 0.7365 0.23101 82 61 32
17.139 0.71985 0.23741 84 61 30
17.095 0.70395 0.34889 89 68 39
17.126 0.72901 0.2082 40 27 0
17.093 0.71546 0.18732 36 30 18
17.099 0.68389 0.2855 93 70 37
17.131 0.68488 0.24572 88 63 40
17.018 0.74852 0.36555 93 67 40
17.122 0.71775 0.33944 90 68 31
17.052 0.71729 0.19655 32 27 0
17.143 0.68421 0.30381 88 68 34
17.09 0.72606 0.21913 77 57 22
17.248 0.68195 0.24154 86 63 30
17.238 0.70278 0.27341 90 66 38
17.276 0.66786 0.32432 89 67 30
17.285 0.67251 0.20125 32 27 0
17.186 0.72964 0.31743 90 66 38
17.244 0.67356 0.18327 32 27 8
17.171 0.70303 0.32648 93 70 29
17.205 0.6838 0.22238 80 55 35
17.158 0.71205 0.29569 89 67 43
17.2 0.6829 0.19065 32 24 13
17.227 0.68496 0.3376 90 67 36
17.202 0.73282 0.21796 35 28 2
17.208 0.69478 0.28368 88 67 38
17.189 0.71177 0.25473 87 64 30
17.264 0.67665 0.29741 87 68 38
17.287 0.68471 0.2602 84 63 34
17.258 0.71452 0.23429 57 39 0
17.374 0.65212 0.20551 35 28 12
17.372 0.68344 0.32153 82 62 27
17.41 0.64782 0.19755 36 31 12
17.346 0.65999 0.2756 83 63 36
17.351 0.63867 0.21693 48 30 8
17.368 0.6675 0.23618 62 44 20
17.356 0.69702 0.29692 86 64 41
17.267 0.71018 0.26308 84 63 34
17.293 0.69098 0.31675 89 64 41
17.263 0.7229 0.29261 84 65 33
17.294 0.70668 0.19547 46 34 20
17.298 0.71548 0.25227 85 60 38
17.333 0.72085 0.27117 79 62 34
17.395 0.67524 0.22701 41 32 0
17.445 0.67196 0.29997 83 62 35
17.51 0.61111 0.22907 37 31 0
17.453 0.68462 0.2097 37 32 0
17.495 0.64579 0.28642 85 62 28
17.428 0.64478 0.28029 84 61 27
17.412 0.65989 0.25421 81 61 27
17.427 0.68956 0.27383 85 64 35
17.445 0.652 0.21629 38 33 0
17.426 0.68413 0.24618 68 47 18
17.487 0.65095 0.26073 78 61 33
17.413 0.6715 0.30953 84 64 27
17.505 0.65565 0.19797 60 49 19
17.506 0.67467 0.28097 81 60 29
17.562 0.66708 0.20646 58 36 13
17.584 0.65523 0.28388 83 64 32
17.56 0.64063 0.26525 82 65 35
17.555 0.62684 0.18543 48 34 21
17.573 0.66427 0.25895 55 37 13
17.58 0.64685 0.22958 38 30 17
17.547 0.64588 0.21369 98 71 60
17.515 0.65505 0.24964 48 30 6
17.567 0.62381 0.23956 42 26 1
17.58 0.61774 0.28702 84 63 36
17.492 0.68071 0.22687 38 29 0
16.806 0.69642 0.19919 101 73 34
16.866 0.7267 0.17977 78 56 32
16.815 0.73382 0.18995 79 56 12
16.958 0.68712 0.02464 37 24 6
16.893 0.76776 0.058048 37 20 3
16.957 0.78197 0.0069535 53 47 15
17.087 0.6471 0.068962 61 49 23
16.992 0.68704 0.18561 38 27 0
17.11 0.65055 -0.0058786 60 47 5
17.041 0.64759 0.045514 50 43 25
16.939 0.72351 0.087408 35 30 8
16.9 0.79949 0.018537 49 42 26
17.066 0.67862 0.099866 64 48 31
16.878 0.88205 0.043869 56 44 20
17.01 0.68218 0.046363 50 43 25
16.967 0.73928 0.084148 54 46 10
17.076 0.70505 0.061543 55 43 5
17.216 0.62752 0.037853 49 40 21
17.065 0.71079 0.029077 55 50 11
17.137 0.71724 0.012023 54 45 4
17.143 0.67098 0.045938 47 42 3
17.167 0.64907 0.078393 50 39 19
17.179 0.68738 0.099769 61 45 20
17.18 0.62009 0.015319 57 45 0
17.093 0.69209 0.087348 53 44 3
17.204 0.64953 0.071627 46 38 15
17.237 0.66074 0.091334 45 39 13
17.292 0.58539 0.057428 48 36 10
17.242 0.67766 -0.0039848 48 41 12
17.265 0.7155 0.076178 51 41 14
17.372 0.56957 0.037102 57 51 17
17.262 0.66087 0.027124 55 44 22
17.22 0.6674 0.033323 57 47 20
17.364 0.57345 0.0074314 44 39 0
17.17 0.72192 0.0025549 50 42 0
17.395 0.67096 0.020962 48 40 4
17.392 0.64505 0.085731 51 39 15
17.319 0.68238 0.035696 53 44 15
17.384 0.63531 -0.0005891 43 38 0
17.341 0.70643 0.060283 46 44 3
17.349 0.6581 0.090908 48 44 0
17.314 0.68306 0.0069889 45 40 10
17.361 0.7313 0.08251 53 48 9
17.371 0.65953 0.028269 53 38 9
17.357 0.64059 0.062109 50 39 11
17.536 0.62091 0.049063 29 22 6
17.518 0.61575 0.10936 46 41 19
17.482 0.65946 0.085372 39 32 14
17.48 0.7076 0.084082 31 26 0
17.54 0.65901 0.045067 27 21 23
16.807 0.83111 -0.0738 51 35 18
16.827 0.82519 -0.0046476 36 23 0
16.803 0.84392 -0.038684 50 35 14
16.919 0.73922 -0.14971 30 21 0
16.918 0.73195 -0.18456 29 16 0
17.139 0.63215 -0.1384 66 52 26
16.983 0.76888 -0.13248 63 52 30
17.016 0.66016 -0.018989 43 36 8
17.046 0.64183 -0.15432 57 46 1
17.046 0.68774 -0.16591 67 53 27
17.078 0.6654 -0.1007 61 50 22
17.023 0.68377 -0.090821 58 50 27
16.98 0.70996 -0.1894 46 36 26
17.005 0.65751 -0.083574 34 28 6
16.964 0.69646 -0.11556 33 28 9
17.082 0.63027 -0.027984 55 50 11
17.119 0.64865 -0.1675 66 52 25
17.024 0.67504 -0.12446 54 43 21
16.98 0.74099 -0.057398 57 46 27
17.026 0.70337 -0.19627 63 52 24
17.014 0.65505 -0.051275 33 31 8
17.138 0.68616 -0.11408 52 40 2
16.995 0.86633 -0.082338 52 40 14
17.245 0.61454 -0.060748 56 48 0
17.164 0.6857 -0.18493 60 47 29
17.082 0.72245 -0.046876 56 51 12
17.193 0.60568 -0.17645 67 54 18
17.187 0.60395 -0.013639 48 41 0
17.219 0.62535 -0.15092 62 51 23
17.217 0.6422 -0.088469 43 35 12
17.108 0.76953 -0.12289 46 40 14
17.122 0.77476 -0.027583 51 43 5
17.081 0.71558 -0.07329 57 44 12
17.2 0.68724 -0.19166 58 46 20
17.214 0.67718 -0.15864 59 45 19
17.21 0.62086 -0.019485 47 38 5
17.053 0.80348 -0.051646 57 46 14
17.065 0.7278 -0.10963 66 51 30
17.151 0.66305 -0.14539 65 53 13
17.249 0.66135 -0.036337 53 46 4
17.239 0.69141 -0.16519 56 48 9
17.26 0.69338 -0.041705 53 49 4
17.162 0.75704 -0.10417 47 40 14
17.348 0.57359 -0.073378 44 40 0
17.291 0.65985 -0.015539 44 39 0
17.299 0.66694 -0.14276 51 47 10
17.281 0.68286 -0.17472 56 49 3
17.249 0.64027 -0.1279 53 43 6
17.148 0.78106 -0.066303 48 37 0
17.338 0.65328 -0.17868 51 44 18
17.278 0.70144 -0.11168 49 45 16
17.367 0.64384 -0.06243 48 43 4
17.363 0.68637 -0.09834 46 40 16
17.388 0.60154 -0.11821 51 46 6
17.325 0.76972 -0.16682 58 47 27
17.373 0.6801 -0.067285 50 39 19
17.405 0.59959 -0.031201 51 42 11
17.382 0.65429 -0.1246 51 44 0
17.36 0.67018 -0.18497 52 45 19
17.347 0.64851 -0.14809 51 43 7
17.394 0.60109 -0.088755 47 41 9
17.396 0.68028 -0.13272 52 45 16
17.401 0.62196 -0.15361 51 43 22
17.492 0.64281 -0.11607 42 31 9
17.471 0.62866 -0.10879 51 42 0
17.493 0.64895 -0.089069 37 25 1
17.466 0.629 -0.1381 55 44 24
17.484 0.64718 -0.14424 37 28 9
17.561 0.58833 -0.12166 29 21 0
17.448 0.64591 -0.16841 56 50 24
17.574 0.51388 -0.16961 46 39 19
17.556 0.60295 -0.094748 27 20 0
17.568 0.57247 -0.1489 34 23 17
17.526 0.62559 -0.17772 31 21 19
17.592 0.62463 -0.16702 30 13 6
17.533 0.64932 -0.03743 42 26 1
17.616 0.54549 -0.15395 34 25 20
17.505 0.69987 -0.18515 27 17 16
17.519 0.69403 -0.12816 30 23 5
16.903 0.76574 -0.33257 36 30 14
16.982 0.64502 -0.24917 41 28 10
16.976 0.67567 -0.35817 28 26 11
16.972 0.74301 -0.30391 58 47 19
17.103 0.68385 -0.30693 66 53 21
16.997 0.72185 -0.2669 56 50 18
17.075 0.67821 -0.27013 63 48 25
16.927 0.76236 -0.23158 40 35 13
17.06 0.67988 -0.33427 66 54 30
17.027 0.71081 -0.3733 61 48 6
17.041 0.72505 -0.23629 64 50 21
17.041 0.67862 -0.23076 62 47 26
17.13 0.62817 -0.20092 62 50 28
17.091 0.69079 -0.33973 68 52 29
17.123 0.61422 -0.29839 66 49 29
16.941 0.72998 -0.29593 44 34 0
17.038 0.74464 -0.37927 60 48 6
16.949 0.72888 -0.2616 40 34 10
16.96 0.74889 -0.33663 57 48 19
16.993 0.7028 -0.36693 59 45 8
17.176 0.70971 -0.22469 62 50 28
17.213 0.65646 -0.25402 65 52 20
17.151 0.67998 -0.28071 59 47 23
17.125 0.71788 -0.24991 61 49 23
17.129 0.66079 -0.27042 64 49 18
17.081 0.73182 -0.21243 65 51 24
17.238 0.64985 -0.35886 29 24 0
17.175 0.66456 -0.21441 57 47 22
17.131 0.6656 -0.23853 58 49 10
17.119 0.71102 -0.31344 64 51 33
17.145 0.72607 -0.32231 61 49 25
17.261 0.62763 -0.31791 43 30 24
17.209 0.65364 -0.28401 61 48 16
17.301 0.69579 -0.20974 58 46 20
17.243 0.6712 -0.22853 62 50 28
17.282 0.62971 -0.19361 54 42 20
17.305 0.66937 -0.29953 62 51 21
17.243 0.71792 -0.23552 61 52 23
17.312 0.64539 -0.36191 36 23 4
17.3 0.66796 -0.33053 27 22 3
17.325 0.65733 -0.239 61 52 9
17.332 0.672 -0.33695 29 23 1
17.243 0.67125 -0.22877 62 50 28
17.281 0.66108 -0.26412 55 46 13
17.23 0.67395 -0.29187 61 49 23
17.317 0.69148 -0.33932 29 23 1
17.222 0.71487 -0.36575 27 15 0
17.321 0.67913 -0.36955 31 20 0
17.348 0.61982 -0.26527 58 47 17
17.287 0.66852 -0.20262 61 51 24
17.245 0.69244 -0.32935 34 22 0
17.21 0.7058 -0.26183 65 51 22
17.285 0.64884 -0.29404 63 52 24
17.341 0.75139 -0.35374 37 21 4
17.356 0.7197 -0.19388 53 46 28
17.374 0.71382 -0.31834 47 38 23
17.373 0.6628 -0.33989 35 23 0
17.408 0.63654 -0.24979 54 49 20
17.407 0.68932 -0.22757 55 43 17
17.353 0.70371 -0.28311 57 50 24
17.389 0.66854 -0.22103 50 46 21
17.466 0.63249 -0.31756 43 35 0
17.455 0.6095 -0.27945 56 45 23
17.401 0.60891 -0.21508 56 44 18
17.457 0.62783 -0.1966 51 45 23
17.338 0.67146 -0.3086 55 47 24
17.457 0.63784 -0.34778 42 32 5
17.38 0.62968 -0.24223 55 44 12
17.386 0.6515 -0.31127 37 31 7
17.375 0.62944 -0.27649 60 49 29
17.516 0.65064 -0.32819 61 46 13
17.554 0.62275 -0.21492 33 29 0
17.547 0.65065 -0.33218 57 44 10
17.53 0.63762 -0.30089 62 46 11
17.545 0.59178 -0.20493 35 25 0
17.509 0.65343 -0.35611 58 42 9
17.426 0.72581 -0.36191 52 39 20
17.472 0.66816 -0.32767 56 41 12
17.558 0.64126 -0.30688 58 41 13
17.629 0.6173 -0.33996 53 37 20
17.592 0.61043 -0.21932 47 38 19
17.556 0.68177 -0.34082 63 46 18
17.646 0.59895 -0.30944 53 34 0
17.574 0.66183 -0.30991 59 44 15
16.583 0.99065 -0.45619 61 44 16
16.88 0.7187 -0.42685 56 40 7
16.961 0.70801 -0.50703 37 34 0
16.911 0.77205 -0.48052 48 38 28
17.058 0.56045 -0.44663 48 31 11
17 0.65557 -0.53245 34 29 0
16.92 0.73701 -0.57991 18 22 8
17.031 0.68336 -0.47234 60 45 24
17.068 0.71039 -0.58406 51 42 9
17.061 0.69495 -0.47524 51 39 15
17.049 0.70086 -0.51133 50 42 6
17.046 0.68156 -0.4058 60 45 24
17.016 0.72417 -0.5858 49 41 20
17.035 0.70987 -0.54728 42 36 10
17.022 0.70083 -0.44219 56 45 15
16.904 0.78904 -0.4517 45 40 21
17.103 0.68469 -0.5103 49 44 2
17.066 0.72036 -0.55081 43 35 14
17.042 0.76462 -0.48904 60 48 10
17.017 0.69143 -0.5101 54 45 6
16.965 0.73413 -0.58483 48 39 22
17.011 0.72943 -0.5865 49 41 20
16.987 0.71725 -0.54547 46 42 7
17.257 0.64105 -0.48293 44 27 10
17.147 0.77173 -0.53618 58 44 18
17.237 0.64387 -0.39088 43 26 18
17.199 0.68324 -0.42037 31 21 22
17.134 0.68644 -0.54911 53 42 22
17.087 0.73528 -0.58875 59 45 18
17.177 0.70249 -0.45514 17 7 5
17.197 0.70143 -0.56014 56 45 15
17.283 0.6689 -0.42418 34 25 18
17.298 0.69512 -0.43478 33 24 5
17.366 0.64318 -0.46182 17 9 0
17.329 0.66157 -0.39706 29 20 13
17.263 0.68671 -0.46107 46 24 0
17.325 0.62193 -0.38791 39 20 13
17.239 0.67819 -0.42415 31 18 12
17.206 0.71299 -0.46141 29 22 4
17.236 0.68941 -0.39108 36 21 0
17.221 0.72535 -0.53058 54 42 30
17.314 0.66684 -0.45932 52 25 8
17.42 0.59221 -0.36485 48 31 14
17.411 0.71938 -0.4825 36 39 12
17.396 0.64895 -0.46894 9 9 0
17.487 0.57554 -0.4284 39 31 0
17.418 0.66376 -0.47255 35 30 0
17.361 0.66433 -0.40037 37 18 4
17.341 0.73028 -0.44633 32 21 0
17.44 0.67148 -0.50522 39 32 14
17.374 0.64035 -0.43198 29 20 15
17.502 0.57966 -0.52163 49 36 4
17.496 0.68322 -0.51388 57 41 5
17.497 0.65119 -0.44412 57 39 15
17.502 0.63633 -0.47523 53 39 26
17.571 0.62724 -0.47963 56 39 21
17.477 0.64757 -0.38193 49 35 6
17.518 0.65928 -0.48213 63 43 16
17.483 0.65684 -0.50786 55 39 6
17.425 0.7064 -0.44995 40 36 1
17.431 0.70467 -0.41889 46 33 17
17.533 0.65807 -0.39405 65 48 30
17.521 0.66753 -0.42325 60 38 1
17.531 0.66667 -0.36517 62 44 24
17.497 0.65756 -0.41447 60 45 2
17.514 0.67078 -0.45399 60 39 20
17.562 0.63361 -0.51083 56 40 5
17.537 0.6068 -0.38325 61 46 25
17.629 0.65501 -0.37255 50 38 22
17.642 0.65367 -0.49399 0 0 0
17.576 0.64528 -0.3652 60 44 27
17.618 0.64649 -0.48675 52 40 2
17.592 0.63419 -0.51137 52 37 6
17.551 0.66236 -0.45486 57 39 25
17.67 0.58559 -0.39504 55 43 1
17.599 0.64319 -0.42676 58 40 4
17.572 0.67627 -0.45973 55 37 23
17.562 0.6847 -0.49153 53 38 9
17.579 0.63443 -0.393 59 44 23
17.633 0.63684 -0.42792 54 40 3
17.664 0.58248 -0.44995 46 31 8
17.624 0.61819 -0.36627 54 37 27
17.562 0.7047 -0.40447 54 38 2
17.56 0.65567 -0.42386 60 38 23
16.933 0.71418 -0.612 22 18 7
16.863 0.7592 -0.77059 72 51 20
16.835 0.7814 -0.81524 76 57 17
16.947 0.75342 -0.80766 76 56 29
16.918 0.7469 -0.76926 74 52 29
16.881 0.77921 -0.8137 76 58 22
17.079 0.68894 -0.61631 50 41 8
17.102 0.70153 -0.65553 39 30 25
16.979 0.71071 -0.61608 44 36 0
16.907 0.79944 -0.82001 76 56 29
17.069 0.69254 -0.65166 39 30 0
16.99 0.73811 -0.65953 41 31 6
17.02 0.77445 -0.77834 71 51 26
16.922 0.79062 -0.78071 74 54 19
17 0.73415 -0.6236 50 41 8
16.952 0.79681 -0.81947 72 52 28
16.992 0.75938 -0.77495 71 53 17
17.218 0.69974 -0.66145 4 2 0
17.182 0.65869 -0.61434 52 41 22
17.193 0.69868 -0.58878 52 44 23
17.166 0.71773 -0.66527 17 10 0
17.173 0.71585 -0.62963 50 42 21
17.155 0.68415 -0.65154 29 21 0
17.022 0.80431 -0.64169 55 43 19
17.24 0.67859 -0.62392 48 41 23
17.118 0.70585 -0.76092 72 54 30
17.107 0.76643 -0.77695 72 53 21
17.172 0.73403 -0.77049 71 50 29
17.325 0.66963 -0.59249 58 44 18
17.272 0.68484 -0.6255 52 39 20
17.357 0.61993 -0.61465 54 41 25
17.267 0.6978 -0.59527 59 47 9
17.303 0.68327 -0.66023 4 4 0
17.266 0.68537 -0.65943 25 20 0
17.318 0.6852 -0.56684 58 43 20
17.336 0.69348 -0.62808 47 36 4
17.224 0.70679 -0.59273 59 45 16
17.307 0.72399 -0.67277 3 3 0
17.383 0.66868 -0.66023 11 8 0
17.459 0.62508 -0.59076 47 34 18
17.359 0.70806 -0.63756 46 34 10
17.34 0.74873 -0.57874 59 44 23
17.486 0.61857 -0.65138 11 8 0
17.488 0.592 -0.55736 49 33 16
17.419 0.71886 -0.64139 48 37 7
17.386 0.64123 -0.55813 60 46 20
17.431 0.65602 -0.62759 46 34 8
17.383 0.68392 -0.60031 54 41 22
17.362 0.66628 -0.59424 57 45 21
17.394 0.69954 -0.66711 3 5 0
17.42 0.61919 -0.65014 11 8 0
17.512 0.67129 -0.66643 0 6 0
17.507 0.64736 -0.59758 51 34 26
17.467 0.6977 -0.63886 45 30 9
17.507 0.69242 -0.60956 42 34 0
17.471 0.66713 -0.53648 55 39 3
17.514 0.69018 -0.57997 62 41 22
17.451 0.68784 -0.57275 57 36 7
17.551 0.6672 -0.63687 47 32 1
17.451 0.68064 -0.60219 49 33 7
17.537 0.61095 -0.56138 60 42 22
17.505 0.66446 -0.54143 57 39 15
17.51 0.72094 -0.67861 15 8 15
17.47 0.6863 -0.66714 0 7 0
17.518 0.70911 -0.6756 15 8 15
17.534 0.64712 -0.63173 48 33 10
17.558 0.66337 -0.60599 46 28 8
17.568 0.61766 -0.53736 57 37 26
17.568 0.6624 -0.54653 56 37 21
17.6 0.66685 -0.51991 54 37 7
17.587 0.69783 -0.67625 38 22 0
17.658 0.64164 -0.63762 0 0 0
17.633 0.65517 -0.55129 0 0 0
17.597 0.65115 -0.60545 45 33 0
17.655 0.6272 -0.51568 0 0 0
17.607 0.67433 -0.64176 36 24 10
17.598 0.64326 -0.6333 32 27 0
17.653 0.61708 -0.56971 54 37 19
17.592 0.64584 -0.66299 10 8 0
17.629 0.64718 -0.60691 45 32 0
17.634 0.60858 -0.53999 58 39 25
17.567 0.65728 -0.57355 58 44 17
17.581 0.68119 -0.58188 56 37 21
16.814 0.75973 -1.0032 64 45 13
16.778 0.82533 -0.90398 72 55 12
16.852 0.7684 -1.0036 73 55 17
16.783 0.81138 -0.9389 71 55 29
16.924 0.78647 -1.0046 72 52 25
16.849 0.80614 -0.85947 71 51 26
16.828 0.7795 -0.85313 74 53 24
16.912 0.75927 -0.958 76 54 31
16.876 0.76764 -0.88719 72 51 22
16.955 0.73639 -0.84031 76 52 16
16.883 0.78353 -1.0056 73 53 26
16.896 0.78579 -0.9296 75 56 26
16.824 0.84046 -1.0658 74 52 28
16.776 0.8096 -0.97862 71 53 29
16.831 0.80016 -0.97389 73 56 13
16.83 0.78325 -1.0458 74 54 17
16.919 0.76913 -0.88848 72 55 12
16.878 0.75701 -0.92228 73 53 28
17.007 0.74796 -0.95441 71 51 26
16.987 0.76355 -0.99701 70 53 25
16.992 0.81516 -0.97416 76 53 22
17.076 0.74831 -0.80733 71 51 26
17.07 0.76271 -0.99427 74 55 23
17 0.78148 -0.85303 72 53 13
16.991 0.7356 -0.87648 74 57 31
17.048 0.77305 -0.8516 72 55 29
16.972 0.76592 -0.84787 75 54 25
16.946 0.77896 -0.92652 71 54 24
17.026 0.78313 -0.92723 74 54 29
17.031 0.75382 -0.80914 73 52 23
17.001 0.7718 -0.88609 74 54 27
17.046 0.74256 -0.98877 72 52 28
17.029 0.7306 -0.912 73 50 32
16.952 0.76323 -0.96097 77 54 23
17.067 0.74253 -0.87855 74 54 27
17.18 0.7399 -0.91099 72 53 23
17.176 0.76891 -0.81385 69 53 17
17.13 0.74657 -0.94874 69 54 15
17.072 0.7853 -0.89096 73 56 30
17.116 0.73978 -0.84031 75 55 18
17.193 0.71623 -0.9383 73 52 23
17.162 0.72211 -0.87137 74 53 32
17.181 0.75469 -0.8441 69 51 27
17.169 0.70613 -0.90138 72 53 21
17.076 0.77224 -0.92183 72 51 30
17.141 0.7162 -0.79952 70 50 25
17.086 0.75199 -0.95172 73 52 21
17.192 0.70046 -0.7954 71 49 28
17.181 0.74627 -0.87951 69 53 27
17.142 0.75495 -0.84524 74 53 32
17.225 0.74653 -0.84288 72 55 29
17.24 0.71954 -0.87017 71 52 22
17.234 0.75955 -0.95041 72 53 23
17.348 0.69456 -0.7632 71 51 14
17.21 0.73366 -0.77143 72 51 24
17.29 0.7162 -0.80099 71 53 31
17.19 0.76695 -0.95369 71 52 22
17.236 0.74027 -0.8079 75 54 11
17.257 0.72023 -0.76823 73 48 26
17.291 0.7084 -0.83306 69 53 28
17.248 0.74922 -0.91295 74 52 11
17.332 0.69327 -0.86129 68 47 20
17.289 0.72545 -0.76997 68 48 11
17.312 0.73502 -0.80718 70 51 21
17.208 0.75292 -0.91516 71 51 27
17.287 0.73824 -0.94278 71 51 26
17.319 0.71835 -0.8359 70 52 28
17.246 0.75878 -0.88143 69 51 31
17.307 0.71906 -0.9023 71 50 31
17.352 0.71362 -0.86797 70 50 25
17.411 0.70174 -0.76514 72 52 25
17.411 0.69427 -0.79593 69 51 29
17.352 0.72116 -0.83572 73 54 24
17.429 0.72304 -0.77124 67 51 25
17.442 0.69688 -0.79693 70 53 27
17.359 0.74434 -0.90882 72 52 25
17.365 0.68897 -0.89337 71 51 24
17.34 0.75171 -0.7771 69 54 15
17.383 0.72509 -0.83759 67 49 25
17.441 0.69169 -0.82738 71 53 17
17.33 0.7579 -0.81272 70 54 29
17.409 0.7214 -0.90211 70 53 25
17.405 0.7343 -0.87231 71 50 23
17.385 0.71574 -0.8678 73 54 14
17.46 0.71912 -0.80322 73 54 20
17.473 0.73191 -0.86995 72 53 21
17.516 0.72353 -0.83513 70 50 26
17.506 0.6993 -0.79798 72 51 24
17.416 0.74041 -0.77586 67 51 25
17.511 0.65262 -0.75494 67 50 32
17.457 0.7157 -0.83441 71 51 16
17.5 0.71436 -0.77008 74 54 30
17.498 0.70288 -0.83079 70 52 16
17.495 0.74812 -0.87716 70 50 26
17.565 0.66537 -0.75888 70 52 32
17.548 0.68298 -0.79431 71 50 21
17.431 0.73792 -0.90501 71 53 29
17.476 0.68107 -0.85631 70 51 17
17.573 0.69259 -0.79706 73 52 23
17.634 0.65254 -0.75764 0 0 0
17.642 0.68561 -0.76559 0 0 0
17.62 0.6676 -0.7898 70 54 19
17.614 0.72324 -0.80514 0 0 0
17.612 0.66651 -0.85261 73 53 28
17.553 0.7162 -0.83446 70 52 32
17.624 0.70061 -0.82953 0 0 0
17.557 0.70278 -0.86361 74 52 29
17.578 0.7253 -0.83744 73 50 32
17.563 0.71494 -0.77207 72 53 21
16.925 0.62641 -1.2241 60 41 27
16.859 0.79255 -1.0875 72 52 25
16.9 0.76974 -1.1939 74 50 22
16.943 0.75667 -1.0328 75 55 21
16.802 0.81902 -1.2585 70 54 28
16.825 0.81265 -1.1748 72 51 22
16.813 0.81698 -1.2185 70 54 19
16.815 0.79037 -1.0908 71 51 14
16.953 0.73565 -1.0638 72 52 28
16.778 0.83663 -1.3068 72 52 28
16.886 0.83615 -1.2174 72 51 24
16.896 0.76499 -1.2323 70 54 28
16.843 0.87665 -1.2726 70 49 28
16.797 0.79281 -1.172 70 51 17
16.758 0.8437 -1.1487 69 52 26
16.896 0.74259 -1.1108 73 50 17
16.894 0.786 -1.161 71 51 17
16.911 0.77473 -1.1158 71 50 23
17.012 0.77456 -1.0353 73 53 29
17.008 0.79523 -1.1927 72 52 25
17.022 0.72914 -1.169 68 50 26
16.97 0.78079 -1.23 70 49 32
17.021 0.78795 -1.1509 74 52 31
17.091 0.72902 -1.0193 74 55 23
16.988 0.77797 -1.1526 68 52 26
16.952 0.77765 -1.1147 71 52 20
17.076 0.7713 -1.1431 70 51 21
16.993 0.80376 -1.2348 69 50 10
17.037 0.78615 -1.0755 73 53 28
17.062 0.74794 -1.0998 68 49 19
16.935 0.78818 -1.1565 72 51 20
17.022 0.75492 -1.0678 73 51 30
16.984 0.74984 -1.0675 73 53 28
17.074 0.77349 -1.1435 70 51 21
16.969 0.77513 -1.038 72 52 28
16.98 0.79531 -1.117 72 51 22
17.073 0.76581 -1.1765 69 51 27
17.166 0.73402 -1.0161 70 51 21
17.109 0.74783 -1.0596 69 53 20
17.177 0.75184 -1.0905 70 50 25
17.169 0.75414 -1.1299 69 54 23
17.141 0.72418 -0.97952 73 53 28
17.19 0.75148 -1.0197 73 53 28
17.199 0.73174 -1.0481 70 50 25
17.134 0.76604 -1.0632 71 52 22
17.228 0.71182 -0.97185 70 55 12
17.131 0.72919 -1.0145 69 51 29
17.073 0.81657 -1.1939 69 48 31
17.08 0.77484 -1.1063 70 50 23
17.171 0.73612 -0.98137 70 51 21
17.172 0.74238 -1.1614 68 50 12
17.179 0.7824 -1.1741 69 51 15
17.217 0.74213 -1.1218 69 51 27
17.164 0.72033 -1.0817 72 51 32
17.126 0.75864 -1.1344 70 52 32
17.313 0.74263 -0.97599 70 52 32
17.329 0.72897 -0.93846 73 53 28
17.335 0.6669 -0.95389 69 51 29
17.227 0.74511 -1.0519 70 53 10
17.309 0.72628 -1.0753 71 53 31
17.313 0.7275 -1.0397 68 51 23
17.252 0.70438 -1.0723 68 51 21
17.248 0.7498 -1.1217 70 50 26
17.32 0.67888 -0.99192 70 50 26
17.331 0.73627 -1.1109 68 49 17
17.287 0.74719 -1.1163 67 51 15
17.253 0.71941 -1.008 68 52 19
17.23 0.75664 -0.98528 71 51 24
17.339 0.70077 -0.99768 70 50 16
17.25 0.75569 -1.0878 72 52 27
17.293 0.70726 -1.0357 66 49 21
17.357 0.7172 -1.035 71 51 26
17.428 0.71295 -1.0297 69 52 32
17.407 0.73489 -1.07 69 53 28
17.397 0.66957 -0.98493 74 52 29
17.38 0.73996 -1.0082 71 50 19
17.393 0.72929 -0.97066 70 50 25
17.417 0.70406 -0.9294 73 53 26
17.439 0.71955 -0.93256 71 51 26
17.333 0.74205 -1.0777 68 50 26
17.33 0.77532 -0.95126 71 54 26
17.437 0.71562 -0.96481 66 50 24
17.39 0.71916 -1.0342 70 49 20
17.374 0.72605 -1.1039 71 51 17
17.376 0.70582 -0.96473 69 49 24
17.403 0.69366 -1.0592 72 50 37
17.426 0.72361 -0.99981 70 49 18
17.423 0.70604 -1.0936 68 47 28
17.5 0.7264 -0.93451 71 52 22
17.551 0.67102 -1.0419 70 51 21
17.542 0.69088 -1.0164 72 52 28
17.476 0.69993 -0.99118 68 50 26
17.47 0.70086 -1.0248 69 53 28
17.536 0.66734 -0.94563 71 52 20
17.566 0.66831 -0.94525 72 51 24
17.491 0.69996 -0.89309 69 53 18
17.494 0.70661 -1.0559 68 53 20
17.56 0.67136 -0.97886 70 52 32
17.512 0.68745 -1.0176 70 51 21
17.461 0.72886 -0.96704 70 51 19
17.53 0.66909 -0.97888 68 52 26
17.502 0.67582 -0.91699 71 53 29
17.458 0.71108 -1.0597 67 50 22
17.587 0.64436 -0.90833 74 50 22
17.568 0.69158 -1.046 70 50 25
17.5 0.73405 -0.90495 73 54 24
17.61 0.66224 -0.88169 69 52 22
17.576 0.68755 -1.014 71 51 27
17.635 0.66417 -0.91103 0 0 0
17.582 0.68529 -0.98091 72 51 30
17.611 0.68721 -0.98062 0 0 0
17.617 0.68497 -0.94898 0 0 0
17.609 0.68434 -1.0105 70 50 25
17.646 0.67299 -1.0049 0 0 0
17.61 0.65531 -0.91005 73 52 25
17.561 0.69007 -0.89097 70 49 28
17.609 0.7175 -0.86632 0 0 0
17.64 0.70219 -0.92166 0 0 0
17.654 0.66672 -0.97146 0 0 0
17.597 0.66949 -0.94626 70 51 21
17.634 0.672 -0.88203 0 0 0
17.666 0.65524 -0.93767 0 0 0
16.894 0.80965 -1.2853 71 51 24
16.875 0.77061 -1.3152 53 35 11
16.887 0.7671 -1.2728 68 51 23
16.886 0.80961 -1.3251 60 46 20
16.709 0.90249 -1.3787 26 14 0
17.056 0.80363 -1.3429 20 13 0
16.93 0.81808 -1.2831 72 47 24
17.036 0.79381 -1.2659 67 52 23
16.978 0.80412 -1.3149 66 50 37
16.964 0.81153 -1.3535 9 10 5
17.081 0.7488 -1.2082 69 49 24
17.045 0.77517 -1.2954 64 44 20
16.989 0.80014 -1.2734 71 50 23
17.039 0.77356 -1.3333 4 11 3
17.137 0.76896 -1.2441 70 53 25
17.154 0.78125 -1.3209 58 43 0
17.118 0.75268 -1.2063 71 49 25
17.163 0.72965 -1.2669 70 51 19
17.245 0.61215 -1.2902 3 11 0
17.151 0.8104 -1.2208 66 50 24
17.192 0.70924 -1.1844 69 49 25
17.1 0.76609 -1.2492 71 50 29
17.091 0.76912 -1.2892 68 49 17
17.115 0.78069 -1.3242 49 34 13
17.191 0.74275 -1.2665 68 52 16
17.18 0.76437 -1.2388 73 52 35
17.219 0.74834 -1.3003 57 40 10
17.217 0.74285 -1.3351 2 10 0
17.243 0.77415 -1.2724 68 47 16
17.361 0.71396 -1.2365 66 50 17
17.277 0.74511 -1.1871 72 51 22
17.271 0.74514 -1.2239 69 53 20
17.343 0.71226 -1.1357 69 53 18
17.292 0.7426 -1.3255 3 6 0
17.247 0.76053 -1.3034 64 49 26
17.302 0.73725 -1.2862 67 46 25
17.371 0.66795 -1.1524 72 51 34
17.244 0.72436 -1.2538 68 49 17
17.302 0.75227 -1.2219 70 53 27
17.347 0.71709 -1.3084 10 5 2
17.308 0.77783 -1.2996 67 51 15
17.319 0.72273 -1.2453 67 49 3
17.256 0.72446 -1.1852 72 51 32
17.255 0.73361 -1.1512 74 51 18
17.264 0.70728 -1.2148 68 51 25
17.22 0.78808 -1.3507 10 9 4
17.233 0.81126 -1.1782 70 51 17
17.454 0.72896 -1.2305 68 48 24
17.41 0.73461 -1.2729 69 53 27
17.429 0.68332 -1.1521 67 50 22
17.444 0.71707 -1.1294 74 55 25
17.355 0.74403 -1.1453 70 51 21
17.35 0.74332 -1.1799 69 54 25
17.383 0.73075 -1.2374 70 50 23
17.423 0.73919 -1.172 65 48 28
17.363 0.7512 -1.2833 69 48 29
17.337 0.75336 -1.218 67 53 17
17.426 0.72101 -1.2352 69 49 24
17.446 0.7211 -1.0979 71 50 19
17.469 0.7002 -1.2529 69 49 24
17.418 0.70488 -1.1267 68 50 28
17.363 0.76712 -1.2168 69 50 20
17.422 0.73336 -1.2031 70 51 11
17.558 0.70038 -1.082 72 50 27
17.52 0.70954 -1.0867 73 51 27
17.5 0.69184 -1.0843 72 51 24
17.565 0.71017 -1.2141 69 53 30
17.498 0.73388 -1.1293 67 49 29
17.527 0.72543 -1.1864 66 48 24
17.562 0.68739 -1.1084 70 50 26
17.529 0.71553 -1.2173 72 50 29
17.471 0.74439 -1.267 68 47 26
17.467 0.71716 -1.1934 71 52 10
17.502 0.70723 -1.2177 67 51 25
17.507 0.71357 -1.1553 71 53 33
17.485 0.73951 -1.1985 70 49 28
17.558 0.69973 -1.0826 72 50 27
17.551 0.69624 -1.1447 71 51 27
17.494 0.69281 -1.116 71 55 30
17.484 0.70003 -1.1526 71 49 25
17.633 0.67392 -1.098 0 0 0
17.654 0.69468 -1.0723 0 0 0
17.647 0.69947 -1.1057 0 0 0
17.605 0.67684 -1.0712 74 54 29
17.607 0.70729 -1.1441 0 0 0
17.576 0.69943 -1.176 69 46 28
17.649 0.68977 -1.1336 0 0 0
17.613 0.69036 -1.168 0 0 0
17.607 0.68065 -1.0407 68 51 25
17.64 0.69062 -1.1986 0 0 0
17.623 0.69661 -1.0761 0 0 0
17.636 0.68184 -1.0384 0 0 0
17.635 0.70451 -1.1716 0 0 0
17.617 0.67901 -1.1962 69 45 31
17.586 0.6981 -1.1113 73 51 28
17.555 0.73767 -1.1573 68 50 10
17.445 0.72006 -1.3303 4 6 19
17.427 0.70402 -1.2936 39 32 12
17.451 0.71852 -1.2956 53 36 18
17.391 0.74639 -1.3475 0 10 0
17.406 0.6854 -1.2912 13 17 0
17.541 0.73203 -1.2877 64 47 30
17.534 0.73548 -1.3233 8 6 11
17.474 0.73397 -1.2971 61 47 36
17.557 0.71441 -1.2481 68 48 24
17.531 0.70518 -1.2468 67 49 27
17.532 0.69049 -1.3097 12 4 2
17.543 0.71499 -1.3471 3 3 3
17.501 0.7437 -1.2985 61 44 27
17.465 0.73913 -1.3341 2 2 0
17.631 0.69815 -1.2346 0 0 0
17.66 0.68649 -1.2883 0 0 0
17.602 0.72167 -1.3387 0 0 0
17.589 0.70051 -1.3022 12 8 0
17.647 0.72067 -1.238 0 0 0
17.567 0.72659 -1.3472 1 13 1
17.647 0.70012 -1.3244 0 0 0
17.6 0.69789 -1.2362 70 48 33
17.612 0.71398 -1.3039 0 0 0
17.667 0.68321 -1.2558 0 0 0
17.605 0.68378 -1.2634 67 47 20
17.638 0.68038 -1.2574 0 0 0
