3053
-0.48772 0.091344 -0.85558 0.14756 20.076 6.3171 3.3738
16.402 8.2649 3.3173 74 41 8
16.434 8.3452 3.3406 67 33 0
16.394 8.3604 3.3041 70 37 18
16.564 8.6417 3.3131 55 29 4
16.578 8.8277 3.3148 68 40 1
16.587 8.7148 3.2598 57 32 9
16.577 8.7216 3.2584 57 32 9
16.571 8.7739 3.2474 74 45 21
16.621 8.9364 3.2504 70 43 24
16.799 9.4606 3.2937 81 49 26
16.461 8.2811 3.0752 72 41 10
16.44 8.3601 3.1827 60 33 14
16.471 8.4485 3.2337 64 38 13
16.698 8.5132 3.0569 60 35 12
16.68 8.5885 3.1561 56 32 4
16.601 8.6937 3.18 50 27 0
16.636 8.6117 3.1164 55 34 15
16.632 8.7675 3.1608 68 37 16
16.575 8.7175 3.2192 56 31 9
16.604 8.7822 3.123 65 39 0
16.716 8.7922 3.0753 69 44 21
16.935 8.8682 3.1227 70 39 19
16.877 8.9109 3.0821 70 44 21
16.535 7.9678 2.8608 8 3 7
16.985 8.3853 2.892 50 29 0
16.644 8.6064 2.7977 47 26 5
16.632 8.6978 3.0213 57 32 2
16.786 8.8483 2.7822 65 37 0
17.622 8.4773 2.9324 14 16 2
17.464 8.6124 2.8714 14 10 0
16.84 8.6583 2.417 66 37 15
16.798 8.5261 2.3214 44 23 2
18.238 7.6422 2.7561 37 19 0
17.79 6.255 2.5445 87 58 34
17.844 6.2703 2.5347 81 52 31
16.108 6.3121 1.8875 83 52 31
16.112 6.2631 1.8628 85 52 33
16.105 6.2635 1.8628 85 52 33
16.194 6.2644 1.8943 85 52 33
16.292 6.554 1.9617 88 57 37
16.338 6.6127 1.9042 89 59 35
16.222 6.5834 1.8743 86 57 33
16.304 6.7031 1.9047 90 60 34
16.476 6.8573 1.9983 82 52 24
16.411 6.8668 1.9731 80 50 22
16.384 6.8093 1.8909 82 52 28
19.284 6.5446 3.0539 77 46 25
16.565 7.2032 1.9331 80 50 24
16.521 7.1836 1.9734 77 49 22
16.522 7.3076 1.9376 78 49 25
16.54 7.2619 1.9636 77 51 26
16.739 7.4997 1.9726 81 51 23
16.701 7.4618 1.9354 109 66 22
16.762 7.4916 1.9808 82 52 24
16.644 7.5761 1.9168 80 49 28
16.658 7.6143 1.9088 79 49 25
16.833 7.5896 1.9746 76 47 15
16.632 7.7754 1.938 75 48 15
17.366 7.516 2.3075 54 25 4
16.723 7.7807 1.9606 74 45 21
16.779 7.6539 1.9402 75 47 18
16.783 7.7465 1.9411 74 48 7
16.757 7.7137 1.9498 71 45 22
16.873 7.7498 1.9696 73 44 23
17.112 8.8753 1.9196 83 56 23
17.152 8.7932 1.9497 84 57 22
17.16 8.9416 1.9962 87 58 26
17.117 8.9849 2.0167 86 59 24
17.299 8.8149 2.0137 85 56 25
17.246 8.8126 2.0072 82 56 15
17.392 8.6804 2.0463 85 56 22
17.171 8.9825 1.9828 86 56 20
17.328 8.8858 2.0456 84 56 25
17.427 8.9475 2.2052 58 28 2
17.196 9.1653 1.9776 61 27 0
17.359 9.0022 2.0111 86 59 16
17.55 8.865 2.1739 63 37 14
17.689 8.7332 2.3428 63 39 11
17.216 9.1969 1.9766 64 32 19
16.321 5.7718 1.7971 80 51 29
17.427 6.0353 2.2529 77 52 29
16.582 6.0042 1.8682 78 48 30
16.832 5.9978 1.9858 77 47 31
16.403 5.9976 1.8186 79 53 30
16.636 6.1115 1.8839 79 50 29
16.251 6.2178 1.8871 84 52 29
16.559 6.3128 1.9261 88 54 25
16.578 6.2479 1.8422 84 53 33
16.422 6.3238 1.7768 82 56 31
16.393 6.3355 1.8053 86 57 33
16.694 6.2822 1.8799 84 53 32
16.313 6.3013 1.7935 85 54 34
16.463 6.3823 1.8679 87 58 34
16.753 6.3884 1.9003 92 62 36
16.524 6.4044 1.8402 89 59 35
16.728 6.3888 1.889 92 62 36
16.453 6.4165 1.845 86 57 35
16.587 6.4377 1.8568 92 62 28
16.503 6.4497 1.8507 92 60 35
16.72 6.3561 1.8952 87 57 31
16.614 6.3689 1.8922 86 55 37
16.404 6.3942 1.8807 87 55 32
16.767 6.4205 1.894 95 60 38
16.304 6.3481 1.8121 84 55 34
16.698 6.3564 1.8866 84 58 35
16.826 6.4828 1.8931 98 67 37
16.651 6.4674 1.8615 95 63 38
16.484 6.4857 1.8288 93 61 36
16.549 6.5418 1.7873 100 69 41
16.469 6.5106 1.7659 100 67 34
16.532 6.4494 1.8673 92 60 35
16.341 6.5636 1.8768 90 58 33
16.714 6.4548 1.8553 97 66 38
16.52 6.6134 1.8863 89 58 37
16.444 6.6293 1.8846 89 57 32
16.72 6.5869 1.9321 93 61 40
16.253 6.6073 1.8268 89 57 36
16.655 6.6465 1.9585 89 57 32
16.619 6.57 1.9387 88 59 28
16.845 6.5567 1.9106 103 70 39
16.732 6.609 1.8822 95 66 35
16.714 6.5761 1.8869 97 66 38
16.731 6.586 1.9367 93 61 40
16.649 6.6823 1.9443 89 61 30
16.904 6.6931 1.9165 93 62 34
16.567 6.7018 1.9526 96 62 37
16.713 6.6905 1.8846 89 61 32
16.85 6.7092 1.9289 87 59 32
16.4 6.8347 1.8367 81 49 24
16.502 6.8316 1.9241 81 49 26
16.954 6.7879 1.9022 83 51 28
16.905 6.7615 1.8963 87 53 26
16.784 6.8329 1.8984 80 50 24
16.819 6.7916 1.9215 80 49 28
16.961 6.7905 2.0626 78 48 24
16.922 6.7247 1.9135 91 57 30
16.886 6.807 1.9021 84 54 26
16.603 6.8333 1.8699 82 49 30
16.947 6.9114 1.9328 81 49 24
16.894 6.9297 1.9359 81 51 27
16.524 6.9322 1.8454 79 47 26
16.993 6.8934 1.9169 80 49 29
16.834 6.9054 1.9276 77 46 25
17.029 6.8523 1.9432 82 52 26
16.976 7.0111 1.9015 77 48 26
16.764 7.0295 1.8529 76 50 23
16.635 7.0381 1.8909 76 45 24
16.69 6.9786 1.8874 77 46 26
16.756 7.0033 1.9014 77 49 22
16.697 6.9875 1.9323 78 50 21
16.617 7.0419 1.8827 76 45 24
16.705 7.0523 1.8696 78 50 23
17.004 6.9693 1.9249 76 47 25
16.968 6.9329 1.8897 74 45 24
16.709 7.0515 1.8715 78 50 23
16.714 7.0599 1.9111 76 47 15
16.928 6.9497 1.9047 75 44 23
16.552 7.0655 1.8925 77 48 26
17.046 6.9517 1.9081 76 47 23
16.99 6.9722 1.9192 76 47 25
16.933 6.9578 1.9442 76 47 23
16.628 7.1778 1.9253 77 48 24
16.938 7.0649 1.9051 77 46 25
16.848 7.133 1.8831 78 49 25
17.043 7.0314 1.9188 78 49 27
17.063 7.0622 1.9178 77 47 23
16.893 7.0851 1.9263 78 47 19
17.05 7.0298 1.9224 78 49 27
16.473 7.2055 1.8137 76 45 24
16.795 7.1462 1.8582 78 49 25
17.068 7.0693 1.9523 77 48 24
16.775 7.1704 1.9345 77 48 14
16.887 7.0495 1.9366 76 47 23
16.798 7.1551 1.9021 76 47 23
16.924 7.0314 1.9117 77 48 27
17.141 7.0772 1.9313 76 46 18
16.65 7.1723 1.9322 75 46 22
16.842 7.1345 1.8814 78 49 25
16.814 7.1413 1.8689 78 49 25
16.874 7.1737 1.9232 76 45 17
16.976 7.1745 1.9176 77 47 21
16.869 7.2134 1.909 76 47 15
16.748 7.2168 1.9097 79 47 26
16.606 7.2236 1.9001 76 48 19
17.048 7.1459 1.9122 78 48 24
17.045 7.1194 1.9632 77 47 23
16.773 7.2194 1.9585 77 47 21
16.955 7.1804 1.9079 77 47 21
16.986 7.2092 1.9109 77 48 17
16.804 7.2507 1.963 72 46 19
16.804 7.2409 1.9206 74 48 25
17.037 7.1856 1.8938 78 49 15
17.053 7.1086 1.9288 77 48 24
16.865 7.3583 1.9826 83 52 31
17.026 7.3186 1.9222 79 51 24
17.03 7.3086 1.8859 80 51 27
17.174 7.1823 1.9483 78 50 23
17.104 7.2477 1.9364 78 48 22
16.796 7.3714 1.9124 82 53 22
17.082 7.2916 1.9105 80 51 27
17.214 7.2057 1.9573 77 46 25
17.03 7.3086 1.8839 80 51 27
16.6 7.3588 1.8888 75 47 20
17.3 7.2138 1.9841 74 46 19
16.828 7.3212 1.9374 79 50 18
16.903 7.3071 2.0083 78 47 26
17.023 7.3961 1.8914 83 55 26
16.968 7.441 1.9827 82 51 23
16.983 7.4273 1.944 83 53 27
16.86 7.3816 1.8848 83 55 18
17.043 7.3516 1.922 83 55 26
16.955 7.3592 1.9692 81 51 25
16.784 7.4247 1.9297 91 57 28
16.937 7.3954 1.9051 86 53 18
17.218 7.3198 1.9492 81 51 23
16.687 7.5512 1.8956 81 51 25
17.028 7.4026 1.9329 83 54 22
16.776 7.4684 1.9085 82 53 22
17.02 7.3972 1.8891 83 55 26
17.116 7.3178 1.9122 80 50 26
16.963 7.3569 1.9742 83 53 25
17.084 7.4988 1.9216 81 52 20
17.202 7.4896 1.9615 79 50 18
17.058 7.5248 1.9804 80 49 18
16.962 7.5226 1.9522 79 50 16
16.997 7.4527 1.9041 86 56 28
17.06 7.477 1.959 83 54 23
16.659 7.6044 1.8702 80 50 26
17.176 7.4922 1.9107 80 50 24
16.728 7.6217 1.8852 77 49 22
17.048 7.5208 1.9373 81 51 23
16.878 7.5142 1.929 81 52 21
17.086 7.4587 1.9326 86 55 25
16.937 7.4833 1.9133 85 54 24
16.987 7.6014 1.9706 75 46 14
16.754 7.7065 1.9071 76 48 21
16.87 7.6923 1.9069 76 48 17
17.021 7.6683 1.9597 74 45 23
16.83 7.7174 1.9251 74 45 23
17.139 7.6085 1.9765 74 48 23
16.872 7.6406 1.8757 77 49 20
16.832 7.7168 1.9265 74 45 23
16.716 7.6698 1.8579 77 47 19
17.099 7.5394 1.9468 80 50 22
17.114 7.6596 1.9531 75 46 24
17.059 7.7249 1.9078 73 47 22
17.064 7.6973 2.0002 69 44 14
17 7.7523 1.8784 73 47 22
17.27 7.6127 1.9414 76 48 21
16.994 7.771 1.9503 71 43 16
17.169 7.6985 1.8706 73 47 20
17.269 7.6588 1.9606 73 47 24
17.242 7.6789 1.9791 74 45 23
17.436 7.6092 1.9962 74 45 23
16.805 7.807 1.8404 74 46 15
17.135 7.6822 1.9087 74 46 15
17.018 7.7516 1.9249 74 47 14
16.847 7.7532 1.9167 70 44 17
16.767 7.931 1.8822 54 29 7
16.892 7.9135 1.9216 56 30 13
17.406 7.6812 2.0722 59 33 8
16.919 7.8411 1.8616 72 46 21
17.126 7.8377 2.0122 60 34 17
17.223 7.7198 1.9196 73 47 20
17.352 7.6946 1.9712 75 46 22
17.145 7.7727 1.961 64 38 15
17.371 7.6787 1.9434 74 45 23
17.189 7.7439 1.9404 74 46 15
17.124 7.8314 1.9717 61 31 13
17.133 7.9022 1.9141 59 32 11
17.415 7.7763 1.9688 59 36 3
17.445 7.7981 1.9642 59 36 5
17.458 7.7592 2.02 64 41 10
17.472 7.7893 2.0144 64 36 5
17.113 7.8858 1.9902 58 31 10
17.224 7.8467 1.9231 58 37 20
17.349 7.9843 1.9519 45 30 11
17.377 7.9281 1.9691 58 33 10
17.347 7.9392 1.9215 71 47 19
17.342 8.6742 1.9908 87 58 14
17.281 8.6793 1.9757 83 54 20
17.395 8.674 2.0027 86 56 18
17.56 8.4824 2.0687 86 59 22
17.309 8.8475 1.9707 87 60 3
17.617 8.5998 2.0004 90 62 15
17.316 8.7936 1.995 83 55 5
17.482 8.7288 1.9637 91 61 25
17.743 8.5212 2.0251 85 57 26
17.434 8.7766 1.9773 84 57 22
17.58 8.7722 1.9723 90 63 20
17.603 8.7002 1.9681 92 64 15
17.445 8.8088 1.9319 90 61 30
17.538 8.8157 1.9894 90 58 35
17.645 8.6173 2.0037 90 60 24
17.625 8.7242 1.9628 91 60 30
17.636 8.8061 1.98 89 61 24
17.477 8.8758 1.9547 88 58 22
17.347 9.0109 1.9626 87 57 21
17.627 8.7642 1.9131 90 58 19
17.478 8.9697 1.9284 90 61 27
17.523 8.877 1.9668 89 62 7
17.376 9.0311 1.9656 86 59 6
17.513 8.8901 2.0013 87 57 19
17.787 8.6935 2.0134 89 59 25
17.656 8.8345 2.0113 90 62 25
17.596 8.8013 1.9678 90 61 29
17.71 8.7291 1.9796 86 56 18
17.425 8.93 1.9671 88 59 25
17.653 8.8344 1.9734 88 61 16
17.793 8.6024 2.0439 90 61 19
17.62 8.9217 2.0104 88 60 23
17.624 8.9105 1.9431 88 61 26
17.78 8.7891 1.9777 88 58 20
17.721 8.8055 1.9646 88 60 21
17.616 8.9226 1.9732 88 57 26
17.606 9.0265 1.8966 87 59 20
17.709 8.8744 2.0873 87 59 22
17.507 9.0893 1.9337 89 61 21
17.657 8.9257 1.9801 88 61 18
17.866 8.7391 2.0198 89 56 23
17.718 8.9984 1.9731 87 59 22
17.831 8.8243 2.0174 85 56 22
17.615 9.0183 1.9431 88 58 20
17.7 8.9716 1.9815 88 59 28
17.778 8.929 1.9725 89 59 21
17.791 8.9601 1.9671 87 57 23
17.583 9.1038 1.9487 88 60 21
17.63 9.0017 1.9519 88 58 20
17.66 9.0668 1.9751 86 59 26
17.849 8.9399 1.9832 85 56 22
17.659 9.1672 1.983 68 39 17
17.813 8.9842 1.9962 85 57 8
17.706 9.064 1.9807 88 59 15
17.799 9.0473 1.9722 88 59 27
17.596 9.1918 1.9597 64 33 13
17.695 9.1231 1.965 85 56 14
17.765 9.1896 1.991 66 35 5
17.843 9.1394 2.0273 67 35 23
17.752 9.3045 1.9597 66 32 21
18.04 9.026 2.0725 66 35 5
16.893 5.8131 1.9065 78 47 29
16.828 5.7746 1.8874 79 47 22
16.882 5.7455 1.8901 76 45 17
16.895 5.8017 1.8717 76 46 12
16.897 5.8135 1.9076 78 47 29
16.996 5.7554 1.9113 75 46 12
16.917 5.7794 1.8974 74 43 23
17.059 5.7922 1.9278 73 42 22
16.981 5.8704 1.8923 74 43 22
16.701 5.8631 1.863 79 50 18
16.434 5.7651 1.7735 78 44 17
16.964 5.8928 1.8639 77 42 12
17.009 5.8473 1.9155 71 40 20
16.808 5.8664 1.8758 77 48 26
16.41 5.7716 1.7924 78 49 25
16.698 5.8346 1.8773 77 48 27
16.748 5.8306 1.865 78 48 20
16.56 5.8253 1.8489 79 48 18
16.981 5.906 1.9063 76 47 26
16.696 5.9495 1.8166 77 47 29
16.452 5.9023 1.7531 77 48 26
17.068 5.9449 1.939 73 42 21
16.981 5.9224 1.8603 75 45 21
16.812 5.9234 1.8511 78 49 28
17.041 5.9679 1.913 75 47 20
17.109 5.9658 1.9137 75 47 20
16.831 5.9866 1.9494 78 48 24
16.597 5.9505 1.8096 77 50 13
16.882 6.0162 1.8423 73 44 20
16.863 6.048 1.9431 79 52 19
16.659 5.9991 1.8621 80 50 22
16.882 6.0452 1.8306 75 46 22
16.639 5.9855 1.8156 78 50 23
16.953 6.04 1.8259 78 48 24
16.9 6.0679 1.9083 80 52 25
17.018 6.0679 1.9322 79 48 27
16.858 6.043 1.819 75 46 22
17.119 6.0828 1.9005 80 50 16
17.068 6.0785 1.8744 80 50 16
16.946 6.0434 1.941 79 49 23
16.76 6.0153 1.8184 80 53 32
16.848 6.0741 1.9178 77 49 22
16.786 6.0884 1.8425 80 51 29
17.068 6.116 1.8948 80 50 26
17.049 6.1146 1.8848 80 50 26
16.897 6.1244 1.8754 79 51 20
16.694 6.1343 1.8568 81 52 20
16.901 6.1439 1.8328 79 49 31
17.005 6.0845 1.8803 78 45 26
16.777 6.098 1.8706 81 51 25
16.572 6.0957 1.8168 81 51 27
16.862 6.083 1.8417 79 47 24
17.109 6.1091 1.8828 79 47 22
17.002 6.1396 1.8487 80 49 28
16.954 6.118 1.8706 79 49 25
16.757 6.1465 1.7991 79 49 21
17.134 6.1381 1.883 81 49 28
17.121 6.222 1.9513 83 50 31
17.033 6.2467 1.8918 82 51 33
16.9 6.2034 1.8075 82 51 33
16.823 6.1617 1.8706 81 51 27
16.997 6.1788 1.8705 79 51 24
16.795 6.2309 1.8618 83 52 31
16.9 6.194 1.8883 82 53 32
17.059 6.1991 1.8497 81 50 22
17.13 6.1746 1.8992 78 47 29
16.94 6.2254 1.897 86 54 33
16.921 6.2249 1.8884 86 54 33
17.187 6.2323 1.9052 84 53 22
17.05 6.1912 1.9298 79 50 19
16.811 6.2009 1.8823 83 53 27
17.166 6.2411 1.9267 85 51 24
16.933 6.3244 1.8867 87 55 30
17.093 6.297 1.9804 84 53 33
16.802 6.2723 1.887 83 52 22
17.173 6.2593 1.8838 86 54 29
17.122 6.2867 1.9557 82 52 26
16.847 6.3351 1.8844 87 57 33
17.165 6.2966 1.9001 87 55 32
16.704 6.2604 1.8084 82 53 29
16.621 6.2585 1.7683 82 53 29
17.17 6.2592 1.8824 86 54 29
17.133 6.2774 1.9286 83 53 27
16.993 6.3148 1.8824 88 55 24
17.026 6.3046 1.8607 88 54 27
17.01 6.2655 1.8346 83 50 33
17.166 6.2874 1.8686 86 55 27
17.009 6.3243 1.8042 88 56 33
16.993 6.2558 1.9074 83 53 25
16.923 6.3859 1.8566 92 60 37
16.903 6.3861 1.8463 92 60 37
16.789 6.4088 1.8635 91 60 39
16.998 6.3743 1.8562 94 60 33
16.985 6.4247 1.9069 98 63 41
16.855 6.3759 1.9077 88 58 34
17.008 6.3446 1.8767 88 58 30
16.997 6.4049 1.8438 102 68 39
17.136 6.3825 1.8454 95 60 28
17.043 6.4133 1.901 102 67 38
16.873 6.3349 1.7736 91 56 36
16.967 6.4155 1.8634 102 67 38
17.209 6.41 1.8717 100 65 35
17.12 6.4213 1.8545 111 73 45
17.195 6.3914 1.913 98 64 39
17.205 6.353 1.8955 89 57 32
17.165 6.363 1.9093 94 60 33
17.067 6.3539 1.9395 89 58 30
16.89 6.3654 1.889 90 59 38
16.885 6.3965 1.8726 95 60 38
17.231 6.4554 1.9325 153 108 63
16.809 6.4409 1.8617 98 67 37
16.939 6.4478 1.8377 134 92 44
16.832 6.5144 1.8779 104 71 40
16.992 6.4354 1.8256 130 88 48
17.058 6.5049 1.8735 173 125 75
17.219 6.5055 1.8697 138 92 49
17.18 6.4876 1.8965 160 114 65
17.235 6.4553 1.9347 153 108 63
17.162 6.4788 1.8505 134 90 53
17.091 6.4717 1.8991 173 122 75
17.173 6.4488 1.8697 129 90 49
16.881 6.5014 1.8636 112 77 45
17.137 6.5901 1.8682 161 111 61
17.176 6.5264 1.9144 178 124 74
17.203 6.5361 1.8467 116 76 48
17.257 6.5411 1.9095 158 107 62
17.291 6.5674 1.9133 138 96 54
17.182 6.5175 1.8867 167 116 69
16.827 6.5474 1.8613 106 71 41
16.996 6.6634 1.8862 103 65 37
17.208 6.6139 1.8911 159 109 59
16.918 6.6815 1.8844 95 61 32
17.116 6.6137 1.8062 127 84 49
17.171 6.6083 1.8361 127 84 49
17.335 6.6219 1.9113 110 74 32
17.258 6.6691 1.8894 106 68 39
16.809 6.7288 1.8212 90 55 33
17.247 6.64 1.8978 125 88 46
17.195 6.6852 1.8876 99 66 33
16.994 6.6964 1.8725 93 58 36
17.378 6.6467 1.9237 101 64 28
16.982 6.741 1.8935 86 57 25
16.994 6.7722 1.8815 86 51 29
17.173 6.7693 1.9206 82 53 22
17.094 6.7166 1.9105 90 57 26
17.277 6.7676 1.8947 87 55 30
17.199 6.7163 1.8788 97 58 35
17.361 6.7459 1.9062 92 56 34
17.257 6.748 1.93 86 57 26
17.238 6.7331 1.8492 94 58 32
16.996 6.8054 1.8665 83 49 22
17.386 6.6745 1.9128 97 59 23
17.349 6.6875 1.9238 99 66 25
17.109 6.7376 1.8678 89 57 32
17.1 6.7481 1.8999 85 55 31
17.188 6.7669 1.9272 82 53 22
17.236 6.7426 1.8864 93 58 36
17.447 6.7916 1.9259 84 52 27
17.394 6.8397 1.9159 83 51 26
17.203 6.8606 1.8937 83 52 32
17.268 6.8404 1.8945 84 52 29
17.291 6.8045 1.9195 83 53 25
17.096 6.8563 1.8921 81 49 24
17.053 6.8301 1.8816 80 50 14
17.315 6.7922 1.9001 86 55 27
17.159 6.8036 1.8994 81 50 29
17.047 6.8066 1.9262 82 52 16
17.059 6.8966 1.8562 78 50 23
17.066 6.8708 1.9138 80 48 25
17.204 6.8282 1.9081 81 51 27
17.06 6.8378 1.9202 81 50 22
17.374 6.7744 1.9007 87 53 24
17.244 6.7813 1.9105 86 55 27
17.339 6.8193 1.9006 84 52 27
17.128 6.926 1.9153 78 48 10
17.164 6.9606 1.9519 75 46 24
17.135 6.9583 1.9029 78 47 17
17.359 6.9256 1.9368 80 51 19
17.12 6.9277 1.9107 78 48 10
17.364 6.8849 1.9198 74 44 20
17.349 6.896 1.9444 79 49 25
17.266 6.8813 1.9149 81 51 25
17.239 6.9277 1.9227 76 47 25
17.251 6.9579 1.9153 81 49 24
17.472 6.885 1.9295 81 50 29
17.352 6.9192 1.901 79 48 27
17.149 6.9132 1.8907 72 47 15
17.455 6.9196 1.9092 78 49 27
17.365 6.8765 1.8858 79 49 11
17.353 6.8952 1.9466 79 49 25
17.092 6.8996 1.9122 80 50 26
17.402 6.8462 1.9512 82 52 28
17.273 6.9857 1.9113 80 50 24
17.475 6.9466 1.9117 78 47 26
17.208 7.0185 1.9514 75 49 22
17.405 6.9388 1.9152 78 48 24
17.4 6.9797 1.9309 80 50 26
17.122 7.0302 1.8698 73 48 18
17.439 7.0094 1.9725 78 46 21
17.117 7.0757 1.8951 77 48 27
17.417 6.9995 1.8947 78 49 27
17.288 7.0237 1.9425 78 49 18
17.418 6.9673 1.9068 79 49 21
17.308 7.0353 1.8669 78 47 19
17.121 6.9954 1.8803 75 44 23
17.346 7.0009 1.9351 77 47 21
17.128 7.0028 1.9221 77 46 26
17.299 6.9712 1.8886 78 49 17
17.286 7.0911 1.9109 77 47 23
17.167 7.132 1.8854 74 43 22
17.191 7.1688 1.919 78 48 22
17.514 7.0446 1.9525 78 48 24
17.43 7.1087 1.9251 80 50 26
17.542 7.0611 1.9265 78 47 19
17.284 7.0659 1.954 78 49 18
17.194 7.133 1.9351 77 47 23
17.496 7.0108 1.9239 79 49 25
17.484 7.0217 1.9535 76 47 25
17.36 7.1038 1.9382 77 48 14
17.307 7.1108 1.8702 78 48 20
17.479 7.0472 1.903 76 46 28
17.238 7.1475 1.9118 78 48 22
17.526 7.0729 1.9472 79 51 24
17.309 7.0513 1.9355 78 49 25
17.466 7.0508 1.895 76 46 28
17.486 7.0291 1.9876 78 47 16
17.253 7.2206 1.9253 77 48 17
17.389 7.1697 1.9592 78 48 24
17.58 7.1195 1.9512 77 47 23
17.498 7.1133 1.9166 79 49 23
17.366 7.2111 1.9324 80 51 19
17.411 7.122 1.9494 79 48 17
17.367 7.1431 1.9583 79 49 23
17.428 7.1498 1.9455 78 48 20
17.374 7.193 1.8706 79 49 25
17.441 7.1795 1.9439 78 49 18
17.572 7.1541 1.9338 80 50 26
17.258 7.2542 1.9087 81 50 20
17.239 7.1898 1.9319 78 46 31
17.433 7.1482 1.9485 78 48 20
17.443 7.1378 1.9227 77 47 23
17.469 7.1956 1.9063 78 47 26
17.428 7.2584 1.9378 77 47 21
17.499 7.2594 1.9314 81 51 23
17.471 7.262 1.8794 80 50 26
17.303 7.31 1.9084 84 53 25
17.393 7.2363 1.9343 82 51 23
17.36 7.2396 1.8793 77 47 21
17.638 7.1637 1.9613 78 47 26
17.329 7.3365 1.9085 98 65 24
17.366 7.2952 1.9738 82 52 28
17.599 7.2091 1.9224 79 49 25
17.496 7.227 1.9411 79 48 17
17.338 7.2626 1.9384 83 52 22
17.251 7.3003 1.9308 81 51 23
17.441 7.2876 1.9314 81 50 22
17.566 7.1954 1.9493 78 50 23
17.266 7.2597 1.9481 80 50 26
17.556 7.2645 1.9142 78 48 22
17.676 7.2835 1.9602 78 49 17
17.372 7.3557 1.918 98 66 18
17.493 7.3779 1.9503 80 51 20
17.23 7.4257 1.9102 100 62 25
17.555 7.2721 1.9484 81 51 25
17.384 7.3436 1.8885 86 55 24
17.676 7.2516 1.9731 80 51 27
17.456 7.3581 1.9511 86 52 17
17.492 7.337 1.9365 84 54 20
17.338 7.4123 1.918 83 52 22
17.513 7.3556 1.899 80 50 24
17.459 7.3424 1.8816 83 52 22
17.637 7.3319 1.9253 77 47 23
17.369 7.3642 1.9485 124 74 24
17.28 7.4429 1.9247 82 51 21
17.245 7.4569 1.9059 82 51 21
17.287 7.4771 1.9184 78 49 17
17.27 7.5218 1.8885 74 48 21
17.573 7.4402 1.9251 76 48 19
17.369 7.436 1.9206 77 47 19
17.641 7.4035 1.931 74 45 23
17.579 7.4443 1.9604 74 47 14
17.583 7.3611 1.9253 77 47 21
17.51 7.44 1.9383 77 48 16
17.558 7.4125 1.9301 77 47 19
17.402 7.4581 1.9265 75 48 13
17.675 7.3556 1.9626 75 47 20
17.603 7.5086 1.9834 76 48 17
17.661 7.4615 1.9182 72 46 21
17.38 7.6223 1.8928 75 47 18
17.395 7.5851 1.9554 73 44 22
17.431 7.6048 1.9559 72 43 19
17.652 7.5064 1.9291 72 45 12
17.569 7.5182 1.9287 75 49 24
17.372 7.5512 1.9177 75 47 20
17.647 7.5151 1.9605 75 47 16
17.584 7.4763 1.9513 74 47 14
17.374 7.5577 1.9554 73 47 24
17.445 7.5545 1.9452 73 45 16
17.507 7.4834 1.9569 76 48 8
17.672 7.4627 1.9559 73 45 18
17.727 7.3976 1.9709 74 43 23
17.544 7.5017 1.9602 75 47 16
17.609 7.4582 1.9345 75 46 22
17.78 7.5426 1.9695 72 41 20
17.476 7.6123 1.9315 73 45 14
17.647 7.5498 1.9476 74 48 21
17.648 7.5555 1.9823 74 48 23
17.409 7.6969 1.9526 75 45 7
17.613 7.6085 1.9453 76 48 21
17.464 7.6991 1.9352 73 45 8
17.699 7.5514 1.9324 75 46 22
17.478 7.6483 1.9189 74 50 14
17.566 7.639 1.9579 74 50 16
17.698 7.592 1.9522 76 48 19
17.717 7.5081 1.9569 71 45 20
17.59 7.5498 1.9607 75 45 17
17.451 7.6686 1.939 72 44 15
17.654 7.5808 1.9409 78 47 26
17.79 7.5708 1.9637 75 45 17
17.413 7.8092 1.9127 61 36 13
17.622 7.7166 1.9475 77 48 14
17.451 7.75 1.9502 64 40 14
17.732 7.6085 1.956 76 46 20
17.786 7.6466 1.9642 75 46 15
17.599 7.6876 1.9103 76 47 23
17.446 7.7463 1.9118 74 44 18
17.593 7.7454 1.9977 59 33 6
17.734 7.6477 1.9781 75 47 20
17.771 7.6209 1.9663 74 45 23
17.335 7.7739 1.9007 74 46 17
17.667 7.6149 1.965 78 48 22
17.785 7.5735 1.9606 75 45 17
17.636 7.7871 1.9631 60 34 19
17.494 7.8398 1.9282 56 35 6
17.436 7.8415 1.9434 56 32 4
17.702 7.7836 1.9845 60 34 9
17.588 7.8273 2.0036 56 33 2
17.692 7.7063 1.9423 76 48 21
17.67 7.761 1.9458 58 37 18
17.519 7.8189 1.91 59 32 15
17.582 7.8254 1.9657 58 34 6
17.772 7.6944 1.9771 55 29 6
17.623 7.795 1.9543 60 34 19
17.758 7.6971 1.9366 77 47 19
17.745 7.7461 1.944 55 34 15
17.642 7.814 1.9166 56 32 18
17.555 7.8103 1.9968 54 31 15
17.563 7.9181 1.965 40 22 0
17.866 7.7741 1.9807 54 32 9
17.791 7.7929 1.9826 57 34 16
17.748 7.8149 1.9196 49 25 11
17.765 7.8454 1.9489 59 31 17
17.542 7.8872 1.9273 59 34 14
17.795 7.7504 1.9591 55 31 17
17.677 7.8351 1.958 57 31 16
17.674 7.8311 1.9233 61 36 16
17.873 7.7692 1.9866 54 32 9
17.728 7.87 1.9247 59 31 17
17.743 7.8187 1.9151 49 25 11
17.852 8.5378 2.0097 85 56 14
17.955 8.5134 2.011 83 57 34
17.915 8.5952 1.9737 90 61 30
17.912 8.5595 2.0191 91 59 21
17.766 8.7128 1.9644 89 60 29
17.824 8.6111 2.0108 83 54 14
17.893 8.6201 1.995 88 58 20
17.81 8.6221 1.9686 87 59 19
17.974 8.5341 2.0092 89 59 21
17.865 8.7382 1.9838 89 60 18
17.98 8.5679 1.9994 88 58 22
18.106 8.5477 1.9788 84 55 24
17.822 8.7407 1.9767 90 56 21
18.006 8.6211 1.9924 90 62 23
18.042 8.4993 2.0085 47 32 29
17.921 8.6762 1.9811 88 59 15
17.992 8.639 2.0157 91 62 31
17.897 8.6588 1.9836 88 60 21
17.854 8.6643 2.0056 86 58 19
18.03 8.554 2.0206 91 61 23
17.933 8.7083 2.0074 88 58 22
17.996 8.6788 2.0369 88 60 23
17.904 8.7411 2.0254 87 57 29
17.972 8.7041 1.9874 90 60 26
18.075 8.5868 2.0184 90 60 24
17.829 8.9152 1.9523 88 58 20
18.234 8.4788 2.0439 84 56 16
18.125 8.5671 2.0109 90 60 10
17.838 8.9036 1.9189 89 59 31
18.096 8.5602 2.0036 88 60 10
17.857 8.8371 1.9844 87 58 27
18.119 8.5726 1.9756 83 55 26
18.061 8.6834 1.9505 85 57 17
18.042 8.6662 2.0198 87 58 24
18.035 8.6732 1.9779 88 60 13
17.995 8.853 1.9769 89 58 28
18.127 8.733 1.9847 87 57 21
18.137 8.7219 2.024 85 57 17
17.791 9.0059 1.909 88 59 27
17.859 8.9742 1.974 85 57 10
18.126 8.6919 2.0006 88 57 13
18.021 8.8204 1.9595 87 58 27
17.902 8.9699 1.9834 85 56 14
17.827 9.0124 1.9135 84 57 22
18.006 8.752 2.0149 90 60 24
17.55 9.3968 1.7143 88 61 26
18.138 8.721 2.0242 85 57 17
18.01 8.7888 1.9723 87 60 25
18.002 8.8012 1.9954 85 57 26
17.926 8.9827 1.9175 83 55 15
17.9 9.0175 1.9731 90 61 17
18.118 8.7891 2.0314 84 59 11
17.75 9.2537 1.8137 87 59 28
18.118 8.7883 1.9975 87 57 23
18.179 8.7085 1.9777 88 57 29
18.163 8.775 2.0832 87 59 28
18.056 8.9116 1.9739 87 58 27
17.998 8.8952 1.9999 89 60 26
18.173 8.6792 2.1156 89 58 28
18.074 8.8019 2.0494 89 60 26
18.133 8.9024 2.0286 86 58 21
18.027 9.0448 2.0233 68 39 5
18.123 8.9136 1.9575 86 58 21
18.074 9.0289 1.9683 88 59 25
18.04 9.0254 2.0005 90 61 29
18.253 8.7828 2.0075 87 58 24
18.084 9.0146 2.0118 86 56 42
18.26 8.8173 1.9961 85 58 25
18.13 8.9073 1.9886 86 57 23
18.155 8.9159 1.9641 86 55 24
18.127 8.8654 2.0413 86 58 19
18.155 8.8289 2.0258 86 55 27
17.972 9.1639 1.9789 70 39 8
17.153 5.8277 1.8546 75 44 24
17.299 5.8668 1.8891 75 42 25
17.191 5.8095 1.8872 74 45 13
17.309 5.8585 1.8639 71 42 21
17.304 5.8241 1.8446 75 44 14
17.359 5.8532 1.9329 74 45 11
17.333 5.8385 1.8876 76 42 17
17.218 5.8042 1.8705 77 46 18
17.082 5.7532 1.8089 74 43 15
17.313 5.8012 1.8587 74 42 17
17.206 5.8866 1.8582 76 45 24
17.127 5.8639 1.7829 77 44 13
17.384 5.8958 1.8971 76 42 13
17.233 5.926 1.8926 78 46 25
17.209 5.8631 1.8756 76 46 22
17.148 5.8628 1.8727 73 40 21
17.409 5.9088 1.9385 77 44 13
17.183 5.8927 1.8743 76 44 29
17.413 5.9226 1.8965 76 43 12
17.244 5.9175 1.867 78 42 26
17.428 5.949 1.8957 69 45 7
17.449 5.952 1.9074 70 46 8
17.233 5.9766 1.869 71 40 22
17.425 6.0058 1.9012 74 43 15
17.294 5.9389 1.8477 72 43 21
17.328 6.0035 1.8774 77 47 9
17.276 5.9729 1.8635 69 43 18
17.382 5.9659 1.8554 74 44 18
17.284 5.9579 1.9077 74 42 21
17.352 5.9719 1.8704 77 44 13
17.388 5.9666 1.8583 74 44 18
17.158 5.988 1.8953 74 48 23
17.226 5.9851 1.8943 75 44 24
17.343 5.956 1.9079 76 45 24
17.244 6.0049 1.8677 76 44 19
17.195 6.0072 1.8657 76 43 24
17.25 6.0052 1.8697 76 44 19
17.419 6.0296 1.8875 74 46 9
17.093 6.0704 1.8535 79 49 15
17.33 6.063 1.8842 77 46 18
17.294 6.0945 1.8831 78 46 21
17.191 6.0332 1.853 75 49 22
17.275 6.0675 1.8864 77 47 21
17.436 6.0545 1.8808 72 41 21
17.518 6.0868 1.9168 74 44 8
17.211 6.0448 1.8944 78 46 23
17.221 6.0198 1.9107 78 48 24
17.399 6.0594 1.8869 78 44 19
17.009 6.0347 1.8199 80 48 27
17.453 6.0337 1.9078 74 46 9
17.125 6.0635 1.8384 78 49 18
17.395 6.0935 1.9063 77 45 20
17.429 6.0871 1.8937 73 44 20
17.103 6.1533 1.8183 80 49 29
17.389 6.1772 1.8959 78 48 22
17.207 6.1334 1.8889 78 46 33
17.181 6.0946 1.8534 80 48 27
17.354 6.1495 1.8883 79 47 26
17.438 6.1627 1.8656 76 47 15
17.297 6.1203 1.8715 80 47 28
17.347 6.1406 1.8574 80 49 29
17.357 6.1165 1.8774 78 47 26
17.264 6.1272 1.8847 80 49 28
17.462 6.1145 1.9009 75 43 22
17.179 6.167 1.8876 76 47 26
17.275 6.1536 1.8753 79 50 29
17.411 6.1357 1.8616 77 47 21
17.194 6.0956 1.86 80 48 27
17.504 6.2498 1.8978 78 47 19
17.241 6.215 1.8666 81 51 25
17.458 6.2223 1.88 76 46 20
17.382 6.2283 1.8678 82 53 22
17.322 6.2353 1.8657 81 52 28
17.286 6.1808 1.8705 83 55 28
17.285 6.2435 1.8782 81 50 30
17.441 6.1873 1.852 78 47 26
17.272 6.2527 1.9048 86 53 22
17.285 6.2074 1.8584 81 51 23
17.197 6.1956 1.8884 81 50 22
17.367 6.2019 1.8721 79 49 13
17.19 6.1855 1.8517 79 49 25
17.451 6.1964 1.8859 75 42 27
17.156 6.2213 1.8543 82 47 25
17.502 6.2152 1.875 77 46 15
17.471 6.2731 1.8611 78 48 24
17.448 6.3075 1.8676 84 50 21
17.37 6.3073 1.9301 84 52 27
17.334 6.298 1.8791 87 52 30
17.41 6.2898 1.8889 85 52 35
17.397 6.2561 1.8692 82 51 23
17.408 6.2638 1.9 82 50 25
17.51 6.2998 1.8744 81 49 26
17.513 6.3333 1.8915 85 52 17
17.251 6.279 1.8793 84 51 18
17.353 6.2714 1.9004 84 49 29
17.461 6.2816 1.8855 83 52 21
17.223 6.3152 1.8819 89 55 30
17.51 6.3163 1.9319 85 53 30
17.387 6.3247 1.8946 86 55 25
17.366 6.3517 1.8712 89 57 32
17.537 6.3927 1.9118 89 55 20
17.33 6.3427 1.927 91 57 30
17.325 6.3974 1.8996 99 64 35
17.422 6.3777 1.8897 93 59 34
17.308 6.3698 1.8999 94 59 30
17.374 6.3871 1.8927 92 59 28
17.512 6.3593 1.8801 86 52 25
17.544 6.3847 1.8878 85 52 21
17.263 6.362 1.847 87 57 31
17.289 6.4922 1.8732 111 72 41
17.292 6.4631 1.8852 108 69 36
17.348 6.48 1.8736 107 68 35
17.253 6.4943 1.8536 111 72 41
17.346 6.424 1.8956 98 63 33
17.348 6.443 1.8521 98 62 38
17.435 6.4309 1.8712 97 63 36
17.598 6.4677 1.9103 100 63 31
17.595 6.4337 1.8882 94 58 36
17.559 6.4102 1.8852 93 61 23
17.421 6.4487 1.9265 106 68 39
17.503 6.4816 1.8854 104 65 42
17.509 6.446 1.8695 98 61 29
17.538 6.4612 1.948 102 64 36
17.512 6.4545 1.9041 98 63 34
17.204 6.4382 1.8509 105 68 36
17.255 6.4944 1.856 111 72 41
17.306 6.4172 1.8454 93 62 32
17.544 6.4184 1.9028 93 58 36
17.511 6.4891 1.9191 103 65 37
17.527 6.5151 1.9183 104 65 42
17.246 6.5621 1.8524 114 77 35
17.416 6.5124 1.9309 111 73 37
17.598 6.5542 1.9013 99 65 38
17.556 6.5047 1.9028 100 62 34
17.418 6.5316 1.8874 106 68 31
17.439 6.5664 1.9188 106 67 36
17.394 6.5333 1.8731 106 68 31
17.255 6.5527 1.8272 108 68 41
17.642 6.5165 1.9108 97 61 35
17.468 6.5551 1.9007 101 66 36
17.586 6.5288 1.9067 98 62 36
17.534 6.5412 1.9075 102 63 40
17.442 6.5022 1.9136 105 68 36
17.643 6.5425 1.8994 99 63 37
17.567 6.4959 1.8794 100 63 27
17.361 6.5811 1.9019 109 72 38
17.306 6.6164 1.8629 107 67 40
17.42 6.6621 1.9003 94 58 32
17.516 6.5976 1.8713 99 64 34
17.66 6.6012 1.9151 96 61 32
17.453 6.6495 1.8863 96 61 32
17.492 6.6084 1.889 101 65 39
17.448 6.593 1.9071 102 65 33
17.574 6.6189 1.8938 95 60 30
17.642 6.6302 1.8915 91 56 24
17.536 6.6315 1.9035 99 61 33
17.522 6.6214 1.9701 104 67 35
17.474 6.6184 1.9097 101 63 34
17.462 6.5833 1.8826 101 66 36
17.655 6.5674 1.8931 93 59 32
17.623 6.5785 1.9035 101 63 34
17.482 6.5732 1.8644 101 66 34
17.735 6.7046 1.938 86 54 16
17.435 6.7101 1.8493 91 55 33
17.689 6.6776 1.8949 86 57 26
17.68 6.6864 1.9188 88 52 28
17.423 6.7279 1.9048 88 52 26
17.634 6.7017 1.9251 90 54 28
17.517 6.6696 1.9093 93 57 31
17.42 6.6908 1.8839 97 60 26
17.612 6.6414 1.902 95 56 33
17.615 6.6683 1.891 90 57 26
17.469 6.7133 1.9018 89 54 34
17.522 6.7267 1.8898 88 54 29
17.718 6.6469 1.9253 89 54 32
17.404 6.7011 1.9071 95 58 26
17.604 6.6779 1.9174 92 57 35
17.601 6.6784 1.9162 91 57 32
17.585 6.6528 1.9175 95 59 33
17.659 6.7594 1.9371 82 52 24
17.662 6.7721 1.8693 78 48 20
17.403 6.7528 1.8491 84 54 30
17.486 6.8062 1.9001 80 47 28
17.68 6.7761 1.9092 84 51 20
17.493 6.7757 1.9197 84 50 23
17.574 6.747 1.9075 86 53 20
17.426 6.7574 1.8956 86 52 15
17.406 6.8292 1.8865 85 52 21
17.688 6.7205 1.9454 85 54 33
17.598 6.8067 1.9224 79 51 24
17.558 6.7851 1.9084 82 50 27
17.6 6.7494 1.949 87 51 27
17.726 6.74 1.9478 82 53 22
17.7 6.7375 1.9052 86 51 29
17.582 6.8022 1.882 82 52 26
17.693 6.8727 1.9402 79 48 28
17.463 6.8791 1.8941 80 49 18
17.638 6.8489 1.8892 77 47 23
17.605 6.8633 1.9004 81 49 26
17.564 6.8209 1.9336 79 50 6
17.741 6.8475 1.9095 77 47 11
17.732 6.7864 1.8981 80 49 29
17.735 6.7931 1.9312 82 50 29
17.551 6.853 1.9131 71 41 13
17.429 6.8556 1.8875 80 49 21
17.723 6.8028 1.9538 82 52 26
17.7 6.8709 1.9439 79 48 28
17.544 6.8544 1.9093 71 41 13
17.682 6.8318 1.8838 80 47 14
17.682 6.8679 1.904 80 50 24
17.552 6.89 1.9321 79 49 25
17.598 6.8723 1.9274 79 50 26
17.462 6.8634 1.827 79 46 27
17.702 6.8205 1.8676 78 48 20
17.512 6.9296 1.8963 79 49 25
17.66 6.9019 1.8751 77 46 16
17.562 6.9858 1.9271 78 49 17
17.593 6.9403 1.9293 76 45 24
17.741 6.8756 1.8972 80 47 14
17.598 6.9019 1.9147 78 49 25
17.746 6.9098 1.9156 76 47 16
17.707 6.9267 1.9221 79 47 24
17.668 6.9071 1.9109 78 48 22
17.619 6.9562 1.8999 76 47 23
17.513 6.9676 1.9123 79 49 23
17.801 6.9169 1.9073 77 47 23
17.645 6.9201 1.9277 78 48 22
17.797 6.8901 1.919 76 46 12
17.535 6.9854 1.8821 77 48 24
17.75 6.9374 1.906 77 47 21
17.837 6.9987 1.9249 75 45 9
17.596 7.0379 1.925 77 46 25
17.654 7.0141 1.9248 76 48 19
17.717 6.96 1.946 78 47 26
17.549 7.0201 1.9099 78 47 16
17.785 6.992 1.934 78 45 26
17.744 6.9746 1.9195 77 46 25
17.625 6.9921 1.9214 78 48 24
17.74 7.012 1.9351 78 47 26
17.822 6.9466 1.9401 77 49 22
17.642 7.0551 1.9381 76 46 20
17.662 7.042 1.9165 76 47 25
17.79 6.9838 1.9072 77 46 15
17.705 6.9563 1.91 77 48 17
17.847 6.9328 1.9255 75 46 12
17.658 7.0059 1.897 79 48 27
17.648 7.077 1.8958 78 48 24
17.696 7.1231 1.8997 78 48 24
17.848 7.0524 1.9008 77 48 14
17.677 7.1056 1.9309 77 47 21
17.593 7.1399 1.9146 78 48 22
17.631 7.0894 1.9179 77 45 22
17.555 7.0885 1.9157 77 48 16
17.729 7.1053 1.888 75 49 24
17.802 7.0385 1.8888 76 46 18
17.69 7.1318 1.9267 77 47 23
17.784 7.0214 1.9186 77 49 12
17.748 7.0621 1.8822 76 45 24
17.705 7.0522 1.8997 77 47 23
17.745 7.0766 1.9423 76 47 23
17.796 7.0763 1.8997 77 48 26
17.604 7.1049 1.932 78 49 18
17.774 7.0605 1.9282 74 45 21
17.886 7.1396 1.9466 77 47 19
17.768 7.1288 1.9291 77 47 21
17.811 7.1736 1.9315 78 49 18
17.731 7.1486 1.9378 78 48 22
17.75 7.179 1.9652 76 47 13
17.697 7.2052 1.9652 79 49 23
17.813 7.13 1.8846 75 46 22
17.727 7.1741 1.8898 78 48 22
17.669 7.1462 1.9492 79 47 24
17.85 7.0875 1.9214 78 48 12
17.607 7.199 1.8957 78 49 17
17.803 7.1102 1.9228 77 47 23
17.741 7.1757 1.9321 78 50 19
17.805 7.1394 1.9095 76 43 24
17.849 7.1466 1.8959 77 45 20
17.727 7.25 1.9295 79 50 18
17.662 7.2823 1.921 77 49 20
17.909 7.1892 1.9397 78 48 20
17.877 7.2082 1.949 77 48 26
17.953 7.1369 1.9521 78 49 18
17.655 7.2529 1.9301 80 49 21
17.795 7.2168 1.9379 76 47 25
17.706 7.2904 1.903 71 44 11
17.873 7.1736 1.9271 79 47 24
17.908 7.2191 1.9269 77 45 20
17.811 7.2411 1.9366 78 48 24
17.662 7.3147 1.9071 75 45 17
17.787 7.2134 1.9019 77 48 24
17.89 7.2329 1.944 76 48 21
17.688 7.2335 1.9167 79 50 19
17.744 7.2054 1.9198 78 47 26
17.691 7.4076 1.9163 74 43 12
17.761 7.3057 1.9517 76 48 11
17.789 7.3191 1.9269 75 45 21
17.944 7.2636 1.9248 73 47 24
17.833 7.2938 1.9228 75 45 19
17.799 7.2771 1.9181 77 49 22
17.966 7.2244 1.953 78 46 23
17.797 7.3532 1.95 75 45 21
17.775 7.3314 1.9474 75 47 20
17.869 7.3028 1.9026 77 47 21
17.773 7.3006 1.959 75 49 9
17.945 7.2334 1.9387 78 46 23
17.699 7.3714 1.9331 74 44 18
17.883 7.3024 1.9429 76 45 24
17.664 7.3538 1.922 75 47 8
17.845 7.3256 1.95 76 46 22
17.99 7.2727 1.943 71 46 23
17.79 7.287 1.9391 76 45 24
17.929 7.2462 1.9555 75 48 27
17.909 7.3582 1.9636 77 48 24
17.817 7.4077 1.9371 74 45 21
18.025 7.3211 1.9715 76 46 10
17.862 7.4179 1.951 74 45 21
17.986 7.3699 1.931 77 49 22
17.755 7.4502 1.9578 74 45 23
17.942 7.367 1.9452 76 47 23
17.79 7.3947 1.965 75 47 18
17.877 7.3363 1.9261 76 47 23
17.802 7.3767 1.9088 75 49 24
17.788 7.3896 1.9306 74 45 23
17.956 7.3239 1.9373 76 46 22
17.903 7.3549 1.9303 76 48 21
17.994 7.3719 1.9618 74 48 23
17.881 7.4028 1.9322 75 49 26
17.745 7.4488 1.9224 75 43 18
18.008 7.4252 1.9508 77 47 9
17.912 7.4557 1.9573 76 48 21
17.995 7.3959 1.9247 76 47 23
18.009 7.3886 1.9344 76 47 23
17.871 7.515 1.9512 76 46 20
17.698 7.5052 1.8788 74 45 21
17.795 7.496 1.9599 73 49 21
17.927 7.4739 1.9272 79 50 19
17.792 7.5304 1.9452 75 45 21
17.72 7.5623 1.8653 75 47 20
17.841 7.4666 1.9559 77 48 14
17.733 7.494 1.9334 76 47 13
17.99 7.404 1.9492 76 48 11
17.932 7.4087 1.9525 76 46 20
17.903 7.429 1.9663 76 47 23
17.921 7.4457 1.9343 78 49 17
17.89 7.4357 1.9578 76 47 23
17.936 7.4745 1.9623 77 48 24
17.906 7.5612 1.9455 76 48 21
17.82 7.6212 1.9524 75 45 11
18.056 7.4903 1.9461 78 49 15
17.965 7.5219 1.9553 78 48 20
17.8 7.5988 1.9549 77 47 19
17.926 7.5819 1.9465 77 49 20
17.99 7.5026 1.9394 78 50 23
17.901 7.5694 1.9745 75 46 12
18.021 7.5161 1.9495 76 46 20
17.951 7.4979 1.9581 77 48 27
17.833 7.5415 1.9572 77 47 13
17.902 7.5309 1.9563 75 47 20
18.036 7.4711 1.9435 78 48 22
17.962 7.5555 1.94 79 49 13
17.842 7.5695 1.9515 76 48 9
18.085 7.5046 1.9522 74 46 19
17.953 7.4914 1.929 76 48 21
18.007 7.4566 1.9378 77 47 11
18.023 7.5148 1.9515 76 46 20
17.866 7.6277 1.9714 75 47 10
17.863 7.7024 1.9705 59 33 18
18.004 7.5624 1.9575 78 51 18
17.895 7.6772 1.9645 77 47 9
17.928 7.6514 1.9535 76 48 21
17.825 7.6863 1.9312 76 46 10
18.008 7.5969 1.9759 76 50 27
17.881 7.6135 1.9484 72 43 19
17.979 7.6478 1.9414 77 49 12
17.929 7.618 1.9685 76 48 21
18.055 7.5273 1.9615 75 45 19
17.982 7.5808 1.9714 77 48 24
18.064 7.589 1.9698 76 48 21
18.055 7.5583 1.9496 75 47 8
18.021 7.5839 1.9548 75 46 22
17.867 7.7684 1.9481 52 33 0
18.093 7.6378 1.9955 68 42 19
17.95 7.671 1.9544 78 48 22
18.079 7.6427 1.9541 75 49 9
18.117 7.5817 1.9658 74 49 19
17.791 7.7766 1.8822 56 34 11
17.957 7.7329 1.9353 52 34 12
17.906 7.7714 1.9326 54 32 17
18.15 7.6264 1.9942 75 48 1
17.979 7.6899 1.9945 54 34 9
18.061 7.6326 2.012 63 38 8
18.167 7.5802 1.9881 74 45 23
18.065 7.6202 1.9574 78 49 15
18.056 7.6948 1.9576 52 35 17
17.834 7.7553 1.9389 55 29 2
18.019 7.6542 1.9574 76 48 21
17.996 7.6694 1.9405 76 48 21
17.95 7.815 1.9626 56 35 14
18.045 7.7723 1.9537 56 32 4
18.037 7.7126 1.9728 55 33 20
17.906 7.8107 1.9512 54 33 6
18.059 7.7343 2.004 53 33 9
18.053 7.734 1.9729 55 33 10
17.94 7.7831 1.9386 51 29 8
18.14 7.6687 2.004 55 33 12
17.796 7.9282 1.8909 58 29 7
18.036 7.7834 1.977 54 32 21
17.944 7.8537 1.9471 53 34 2
18.064 7.7546 1.9333 57 35 11
18.14 7.7321 1.9774 57 32 10
18.146 7.6918 1.9649 55 30 8
18.018 7.7251 1.9625 55 33 20
18.062 7.7274 1.979 55 33 10
18.132 7.67 1.9729 56 35 8
18.031 7.82 1.9611 54 37 20
17.907 7.8853 1.9523 58 38 4
18.163 7.7475 1.9817 55 34 7
18.033 7.848 1.9216 59 34 14
18.166 7.7766 1.9738 56 36 12
18.132 7.9026 1.909 39 23 0
18.089 7.8695 1.9002 61 36 13
18.254 8.3795 2.0495 29 17 3
18.207 8.5094 1.9901 44 30 4
18.222 8.5317 1.9858 76 51 19
18.102 8.5906 1.9289 42 16 1
18.231 8.5244 2.0202 85 55 27
18.228 8.6056 1.961 86 58 21
18.23 8.5637 2.0085 83 55 24
18.277 8.5041 1.982 27 20 0
18.245 8.5438 1.9892 83 55 24
18.352 8.489 1.9825 39 17 2
18.302 8.5143 1.984 61 38 4
18.231 8.6429 1.9832 84 56 25
18.268 8.5966 1.9771 86 58 27
18.322 8.527 1.9892 82 50 25
18.307 8.5467 2.0079 86 58 27
18.207 8.6325 1.9776 84 54 20
18.286 8.6582 2.0205 85 58 25
18.343 8.581 2.0062 83 52 22
18.451 8.4782 1.9871 25 19 7
18.224 8.6956 1.9913 90 62 25
18.322 8.6489 1.9747 84 55 11
18.294 8.6044 1.949 85 54 23
18.472 8.4885 1.9901 65 35 7
18.391 8.4778 2.0006 55 28 0
18.23 8.6867 1.9648 82 58 20
18.291 8.6496 1.9967 83 54 20
18.371 8.5439 1.9975 82 53 22
18.421 8.5188 1.9904 80 52 21
18.374 8.5798 1.9855 82 55 12
18.371 8.5839 1.9829 82 55 12
18.301 8.5954 1.987 87 60 23
18.424 8.6342 1.9822 87 58 18
18.391 8.6403 1.997 85 56 25
18.353 8.7333 1.9518 85 55 17
18.291 8.7334 1.9983 87 57 29
18.271 8.7173 1.9989 83 55 24
18.329 8.7247 2.0114 86 61 15
18.44 8.6125 1.9939 87 58 18
18.405 8.6596 1.939 83 54 22
18.299 8.6811 1.9867 86 56 20
18.383 8.6078 2.01 84 57 14
18.421 8.5576 1.9779 84 58 18
18.401 8.5835 1.9941 83 54 12
18.388 8.6447 1.9932 85 56 25
18.419 8.5999 1.9634 85 59 19
18.319 8.6954 1.9883 86 57 13
18.401 8.625 1.9776 88 57 29
18.426 8.5899 1.9689 85 59 19
18.344 8.7463 1.9764 86 57 17
17.495 5.8845 1.8681 75 45 17
17.517 5.8562 1.8634 74 44 18
17.375 5.8037 1.8656 77 45 22
17.477 5.8488 1.8396 74 44 18
17.655 5.8941 1.9074 76 43 26
17.577 5.8464 1.9138 76 46 32
17.416 5.835 1.8784 74 42 29
17.594 5.84 1.8945 74 45 1
17.619 5.8666 1.899 76 44 3
17.626 5.8981 1.9179 74 44 18
17.498 5.8623 1.8811 75 46 25
17.543 5.9471 1.9028 71 40 19
17.445 5.9183 1.8862 74 44 26
17.582 5.913 1.882 72 47 17
17.654 5.946 1.912 72 42 18
17.502 5.931 1.8469 71 44 27
17.628 5.9107 1.8784 72 44 13
17.462 5.9448 1.8866 75 44 23
17.657 5.9682 1.9023 76 44 5
17.585 5.9669 1.8879 72 42 24
17.654 5.937 1.8839 78 45 26
17.54 5.9241 1.9127 74 44 20
17.504 5.9086 1.8607 72 44 13
17.706 6.0404 1.8984 70 44 21
17.634 6.027 1.9223 73 47 24
17.483 6.003 1.9018 75 47 16
17.542 5.969 1.8876 77 43 31
17.649 6.0201 1.903 74 44 16
17.463 5.9911 1.8601 75 48 15
17.452 6.0224 1.8689 71 42 21
17.577 5.9879 1.8696 72 43 22
17.464 5.9688 1.877 74 43 23
17.676 5.9928 1.9029 73 39 12
17.616 5.9934 1.894 74 45 24
17.436 6.0112 1.8298 75 46 14
17.688 6.0164 1.8989 76 45 25
17.67 6.0447 1.9036 74 45 14
17.57 5.996 1.8942 74 43 25
17.579 6.0744 1.8915 75 45 29
17.515 6.0539 1.8973 78 42 28
17.529 6.0465 1.8766 75 44 24
17.521 6.0786 1.8908 74 47 30
17.69 6.0913 1.892 74 43 25
17.606 6.1001 1.8957 71 41 25
17.601 6.068 1.8762 72 43 22
17.591 6.1078 1.917 76 46 8
17.714 6.1158 1.8951 75 45 9
17.58 6.0747 1.8929 75 45 29
17.578 6.0429 1.8761 74 43 25
17.535 6.1595 1.8893 76 46 20
17.718 6.1694 1.902 77 44 25
17.635 6.1407 1.8629 73 44 22
17.712 6.1379 1.8812 77 47 23
17.574 6.1456 1.8578 73 46 29
17.435 6.1031 1.8548 73 46 29
17.578 6.1538 1.886 77 45 24
17.586 6.1306 1.9017 75 45 21
17.655 6.1188 1.8848 73 44 23
17.541 6.1356 1.9034 76 46 22
17.543 6.1185 1.8477 72 42 26
17.615 6.1714 1.8676 71 44 27
17.599 6.1314 1.9083 77 47 23
17.584 6.1542 1.8894 77 45 24
17.654 6.119 1.8855 75 46 25
17.581 6.1777 1.875 74 44 18
17.69 6.2225 1.8911 74 45 21
17.704 6.2459 1.8858 78 47 29
17.587 6.2259 1.8535 77 47 19
17.687 6.2538 1.9052 78 47 17
17.57 6.2338 1.8727 78 47 17
17.637 6.1968 1.8714 74 48 21
17.631 6.2036 1.8896 76 44 29
17.548 6.2087 1.8727 80 49 19
17.752 6.2401 1.8907 75 46 24
17.732 6.2169 1.8924 76 46 20
17.7 6.2226 1.8961 76 44 29
17.514 6.2403 1.8679 77 47 23
17.506 6.1822 1.8608 77 48 27
17.728 6.1929 1.8976 73 43 17
17.68 6.277 1.8871 79 48 20
17.567 6.2668 1.8881 79 48 28
17.671 6.3249 1.8569 82 48 21
17.548 6.2663 1.8773 79 48 28
17.558 6.2919 1.8732 82 52 26
17.633 6.3173 1.9065 82 53 22
17.741 6.2938 1.8864 75 46 25
17.7 6.3011 1.8875 75 48 15
17.719 6.2697 1.8833 79 48 28
17.73 6.3176 1.8683 79 46 13
17.717 6.3093 1.9274 80 48 27
17.59 6.2591 1.8735 82 46 30
17.769 6.2629 1.8864 78 50 19
17.8 6.3948 1.9007 81 50 32
17.616 6.3496 1.9103 84 53 33
17.786 6.364 1.8776 75 45 21
17.643 6.3578 1.8554 82 50 29
17.709 6.381 1.8838 81 45 23
17.709 6.349 1.8687 82 54 25
17.619 6.3911 1.8563 85 55 31
17.649 6.3984 1.9044 85 56 22
17.665 6.3407 1.9084 86 51 29
17.827 6.3866 1.8919 82 52 24
17.743 6.3411 1.8638 78 46 23
17.609 6.3664 1.864 86 54 29
17.589 6.3751 1.8825 86 55 25
17.759 6.3721 1.887 70 44 21
17.68 6.333 1.8914 79 46 27
17.831 6.4413 1.8991 82 51 20
17.725 6.4373 1.8983 91 54 36
17.621 6.4582 1.8927 95 60 31
17.747 6.4609 1.9008 85 53 28
17.728 6.4294 1.8714 84 54 28
17.81 6.4184 1.8974 83 51 28
17.78 6.4031 1.917 84 52 31
17.687 6.4719 1.8909 94 60 35
17.731 6.4369 1.9022 91 54 36
17.861 6.4633 1.9069 87 52 30
17.71 6.4134 1.9019 91 57 32
17.707 6.4458 1.9153 93 59 34
17.799 6.4506 1.9074 84 53 32
17.838 6.5275 1.9206 87 56 26
17.799 6.5068 1.9115 86 56 22
17.795 6.4994 1.8784 82 56 31
17.67 6.5064 1.8976 94 60 31
17.779 6.4759 1.8805 86 55 27
17.78 6.5401 1.912 88 53 31
17.759 6.5174 1.914 89 57 34
17.859 6.4874 1.8944 85 53 28
17.742 6.4938 1.9152 95 59 35
17.785 6.4828 1.9113 87 55 30
17.702 6.5297 1.9064 96 62 35
17.907 6.5146 1.9413 85 55 31
17.895 6.5156 1.9332 85 55 31
17.658 6.4817 1.9031 95 60 38
17.796 6.4747 1.891 86 55 27
17.86 6.55 1.9257 84 53 33
17.734 6.6107 1.914 92 56 32
17.685 6.5907 1.8995 92 58 31
17.818 6.5864 1.9133 85 54 23
17.858 6.5745 1.9097 83 51 28
17.886 6.5644 1.9007 86 53 22
17.723 6.5789 1.893 90 55 33
17.815 6.6119 1.8985 86 54 31
17.712 6.5544 1.9 93 58 29
17.902 6.5387 1.9256 84 54 28
17.751 6.6021 1.9019 88 53 31
17.901 6.5872 1.8999 81 50 22
17.885 6.5962 1.9169 84 53 33
17.777 6.5657 1.8988 85 53 30
17.899 6.6436 1.9005 80 48 27
17.853 6.6575 1.8983 84 52 29
17.731 6.6376 1.903 86 55 27
17.882 6.6215 1.9045 85 52 33
17.83 6.6682 1.9118 83 51 26
17.788 6.682 1.9151 82 52 28
17.918 6.6659 1.902 80 47 28
17.731 6.6979 1.9057 82 52 28
17.921 6.6093 1.9024 83 49 14
17.853 6.6324 1.9113 85 53 30
17.802 6.6466 1.9064 85 50 31
17.801 6.6207 1.9151 85 53 30
17.834 6.6674 1.9144 83 51 26
17.764 6.6594 1.9128 86 52 23
17.918 6.6096 1.9001 83 49 14
17.909 6.6742 1.9244 80 50 24
17.786 6.7422 1.9187 81 50 29
17.951 6.7171 1.9266 80 50 26
17.894 6.702 1.9015 81 51 25
17.821 6.7024 1.9222 82 52 26
17.846 6.6915 1.9119 80 50 26
17.878 6.7376 1.9071 78 47 26
17.733 6.7792 1.8698 77 47 21
17.973 6.6818 1.9291 79 48 18
17.945 6.7115 1.8972 80 46 21
17.876 6.7446 1.9345 80 49 29
17.946 6.7432 1.9123 81 51 27
17.812 6.7302 1.9046 82 50 25
17.847 6.7172 1.8987 81 50 19
17.726 6.7255 1.889 83 51 28
17.853 6.749 1.9187 81 49 24
18.011 6.8057 1.9209 79 48 20
17.891 6.8201 1.906 79 48 27
17.86 6.7808 1.94 75 47 20
17.89 6.7873 1.8901 79 50 19
17.985 6.7608 1.9269 78 47 17
17.827 6.8146 1.906 77 48 26
17.912 6.7566 1.9152 78 47 29
17.852 6.8021 1.893 77 45 24
17.783 6.8308 1.9046 79 49 21
17.856 6.7746 1.908 80 49 19
17.96 6.7978 1.9235 78 47 26
17.882 6.829 1.9296 78 48 24
17.953 6.793 1.8923 78 49 28
17.984 6.844 1.9167 79 49 33
17.97 6.8803 1.922 79 49 25
17.867 6.8934 1.9237 77 48 24
17.987 6.8694 1.9065 78 47 26
17.941 6.835 1.9291 76 48 21
17.969 6.8542 1.9342 80 48 27
17.926 6.8716 1.9328 78 49 25
17.844 6.8716 1.9203 78 47 26
17.833 6.847 1.9249 79 49 23
17.963 6.8231 1.9145 79 48 18
17.902 6.9047 1.903 79 49 25
17.849 6.8637 1.8948 79 48 27
18.029 6.8265 1.9205 74 44 6
17.943 6.9207 1.9202 79 49 23
17.933 6.9569 1.928 79 49 25
18.015 6.9203 1.9291 78 46 21
17.975 6.9654 1.9164 76 47 23
17.984 6.903 1.92 78 47 26
17.864 6.9841 1.9109 76 45 24
18.025 6.8854 1.9221 76 47 25
17.889 6.9423 1.9114 77 47 23
18.049 6.9046 1.9252 72 44 7
17.918 6.9551 1.8893 76 47 16
17.86 6.957 1.9199 74 45 11
18.059 6.9277 1.9203 74 42 19
18.027 6.9435 1.9252 77 46 26
17.913 6.9083 1.9383 77 49 20
18.062 6.9972 1.9786 79 47 24
18.045 6.9908 1.912 73 46 13
17.972 6.9999 1.9314 79 48 27
18.02 7.0324 1.9095 77 46 26
17.935 7.0457 1.9179 80 48 25
17.912 6.9911 1.9021 80 50 26
17.841 7.0841 1.883 76 45 24
18.002 6.9838 1.9221 78 49 17
17.996 6.9922 1.948 79 48 27
18.046 6.9966 1.9409 75 44 24
17.894 7.0031 1.9203 77 47 21
18.114 6.994 1.9505 73 43 25
17.936 7.0175 1.9306 78 48 24
18.077 6.954 1.9478 76 46 20
18.068 7.0698 1.9199 73 47 24
17.95 7.0973 1.9048 76 47 23
18.137 7.0386 1.9426 75 42 9
17.976 7.1222 1.941 77 48 26
17.987 7.062 1.9701 78 47 27
18.005 7.1052 1.9307 77 49 22
17.906 7.1196 1.9042 78 48 22
18.064 7.0499 1.9581 77 46 25
18.076 7.0396 1.9367 76 47 25
18.092 7.0878 1.9238 75 46 24
17.882 7.128 1.8882 78 48 22
18.033 7.0886 1.9217 77 48 17
18.079 7.0326 1.9116 76 47 7
18.033 7.0398 1.9731 78 46 25
18.01 7.0419 1.93 81 47 20
18.001 7.1691 1.9305 78 46 23
17.886 7.1921 1.8936 78 46 21
18.058 7.1402 1.9424 74 47 26
18.11 7.1409 1.9402 73 43 19
18.088 7.0952 1.949 73 46 29
18.025 7.1821 1.9053 77 48 26
17.949 7.1611 1.9075 77 47 21
18.129 7.1275 1.9255 74 44 16
18.118 7.1049 1.9309 74 45 23
18.015 7.1294 1.9237 77 48 24
17.977 7.2078 1.9013 75 46 24
18.137 7.1515 1.9193 76 46 20
18.076 7.1273 1.9262 77 46 25
17.938 7.2008 1.9154 77 45 22
18.052 7.2389 1.9587 77 48 16
18.184 7.1904 1.9573 74 45 23
18.087 7.1839 1.9388 75 47 20
17.984 7.211 1.9352 75 44 13
18.042 7.2376 1.9222 74 48 25
18.104 7.171 1.922 77 48 26
18.099 7.2402 1.9506 76 47 23
17.95 7.2548 1.899 73 44 13
18.107 7.203 1.9407 77 46 28
18.116 7.2272 1.9341 75 49 22
18.052 7.2047 1.9416 76 46 20
18.103 7.1992 1.9094 77 49 18
18.163 7.2891 1.9331 79 50 18
18.077 7.314 1.9373 77 48 26
18.045 7.3058 1.9554 76 46 18
18.078 7.279 1.9216 77 49 22
18.212 7.2591 1.9423 79 51 4
17.963 7.3149 1.9107 73 46 25
18.128 7.2834 1.947 76 48 17
18.048 7.3338 1.9453 77 48 14
18.149 7.2397 1.9457 77 47 21
17.983 7.3 1.8945 77 49 22
18.123 7.3145 1.9309 77 47 23
18.027 7.3086 1.9142 79 48 27
18.184 7.2508 1.9592 78 49 25
18.199 7.2378 1.9442 74 45 14
18.207 7.2071 1.9629 74 48 21
18.029 7.4087 1.9345 75 47 18
18.153 7.3563 1.9261 80 50 22
18.056 7.3838 1.896 78 48 22
18.129 7.3797 1.9647 79 51 14
18.238 7.3059 1.9635 78 48 20
18.237 7.3344 1.9488 79 49 13
18.135 7.3712 1.9409 79 49 21
18.142 7.3336 1.9297 79 49 23
18.082 7.3404 1.9287 78 50 23
18.06 7.4221 1.9444 77 47 21
18.052 7.3614 1.9359 75 47 20
18.216 7.3507 1.9601 79 49 23
18.061 7.3865 1.9281 79 49 23
18.015 7.4053 1.8659 78 48 22
18.222 7.2866 1.9633 77 49 22
18.267 7.4061 1.9645 79 48 28
18.041 7.4632 1.9161 75 47 18
18.206 7.3899 1.9686 79 50 26
18.156 7.3892 1.9412 79 49 25
18.194 7.4255 1.9473 78 49 25
18.064 7.4502 1.9338 75 47 18
18.086 7.4679 1.9384 79 49 21
18.095 7.4934 1.9309 77 49 22
18.162 7.4489 1.9524 76 47 25
18.25 7.388 1.964 77 47 21
18.109 7.4201 1.9372 80 50 16
18.185 7.3966 1.9252 80 50 24
18.149 7.4273 1.9544 76 50 25
18.158 7.4861 1.964 78 50 13
18.195 7.4587 1.963 77 50 13
18.12 7.5442 1.9523 76 48 19
18.241 7.4889 1.973 77 48 27
18.218 7.4694 1.939 79 49 25
18.105 7.5229 1.954 77 47 19
18.231 7.4615 1.9495 75 45 19
18.277 7.4282 1.9596 78 46 7
18.205 7.4531 1.9702 77 50 13
18.103 7.5243 1.9524 77 47 19
18.152 7.5545 1.9628 79 51 14
18.223 7.4958 1.9304 76 49 16
18.17 7.5384 1.9472 78 48 24
18.173 7.502 1.9343 76 48 19
18.141 7.5267 1.9387 74 46 6
18.236 7.4294 1.9681 76 48 17
18.28 7.4554 1.9477 78 49 18
18.205 7.6069 1.9357 80 51 20
18.213 7.541 1.9661 76 47 23
18.256 7.5334 1.9315 75 47 10
18.258 7.5362 1.9622 75 47 16
18.118 7.6439 1.9394 76 49 16
18.156 7.5829 1.9538 75 47 16
18.219 7.567 1.9584 75 46 22
18.154 7.6151 1.9385 77 49 22
18.252 7.5704 1.9429 78 49 18
18.289 7.541 1.9442 76 46 22
18.256 7.5041 1.9448 75 48 15
18.229 7.5261 1.9512 78 48 20
18.359 7.5869 2.0177 74 48 25
18.18 7.6593 1.9325 76 50 23
18.153 7.6826 1.9412 57 36 7
18.272 7.6551 1.9758 59 35 21
18.303 7.5939 1.9585 74 45 23
18.201 7.6181 1.9878 77 48 14
18.348 7.5579 1.9675 78 48 20
18.242 7.6419 1.9382 79 50 18
18.353 7.5255 1.9845 75 47 10
18.181 7.6935 1.9527 58 37 16
18.336 7.6 1.972 75 47 8
18.269 7.5928 1.972 77 49 20
18.182 7.6273 1.9449 77 48 27
18.298 7.5685 1.9657 77 51 28
18.337 7.6923 1.9611 59 37 24
18.231 7.7514 1.9474 57 37 10
18.368 7.6388 1.9991 60 39 20
18.223 7.7257 1.9547 58 39 7
18.276 7.6824 1.9673 64 40 12
18.36 7.641 1.9675 63 39 3
18.173 7.7364 1.9572 58 34 8
18.379 7.6562 1.9668 61 37 23
18.188 7.7208 1.9409 54 36 16
18.341 7.626 1.9629 75 48 13
18.215 7.7364 1.9744 57 37 2
18.301 7.659 1.9602 63 40 24
18.276 7.7134 1.9529 61 38 20
18.385 7.748 1.9892 62 42 18
18.377 7.7204 1.9702 63 42 11
18.301 7.7242 1.9604 64 41 8
18.407 7.7263 1.9811 65 42 26
18.239 7.7808 1.9704 54 35 18
18.335 7.7243 1.9477 62 38 10
18.272 7.7507 1.9677 61 40 13
18.368 7.7932 1.9609 65 41 3
18.368 7.8242 1.9504 66 43 2
18.359 7.8356 1.9699 72 47 25
18.352 7.8034 1.9205 69 48 17
18.362 7.8603 1.9353 64 43 12
18.488 8.3918 2.0024 29 10 4
18.352 8.6489 1.86 30 13 6
18.48 8.5158 1.985 68 43 0
18.5 8.5297 1.9837 83 57 6
18.505 8.4836 1.9735 31 19 3
16.468 8.2488 3.2998 72 41 10
16.444 8.5573 3.3537 64 37 0
16.568 8.6658 3.3303 57 31 16
16.546 8.6215 3.2572 60 34 17
16.511 8.6977 3.283 54 30 4
16.558 8.8155 3.2936 70 43 0
16.538 8.781 3.3051 71 41 13
16.442 8.3463 3.2424 61 35 10
16.46 8.3081 3.0868 71 42 10
16.567 8.6248 3.0598 58 36 12
16.76 8.5604 3.1793 57 34 0
16.574 8.697 3.2419 51 31 7
16.61 8.6916 3.0425 56 33 15
16.654 8.7782 3.1794 68 40 1
16.563 8.7527 3.2369 72 43 19
16.708 8.7188 3.0358 65 40 20
16.694 8.8294 3.0497 68 44 18
16.708 9.0247 3.0885 69 40 6
16.696 8.9355 3.1091 67 40 5
16.757 8.9903 3.1308 66 41 18
16.606 8.2313 2.8655 71 42 20
16.708 8.6193 3.0139 47 23 9
16.665 8.7271 2.871 62 35 14
16.689 8.7586 2.8668 61 41 7
17.098 9.6878 2.9344 74 43 22
16.568 8.2628 2.6512 67 38 17
16.176 6.2884 1.9018 80 51 27
16.17 6.2525 1.9144 83 51 26
16.353 6.8381 1.8881 80 50 24
16.588 7.1725 1.936 77 49 22
16.596 7.2107 1.9201 78 47 26
16.55 7.3253 1.9573 79 50 26
16.727 7.3459 1.9603 80 50 24
16.743 7.4316 1.9754 134 89 42
16.617 7.5595 1.89 83 51 26
16.653 7.5039 1.9261 82 50 25
16.716 7.533 1.9774 80 51 17
16.66 7.5963 1.9423 78 48 24
16.679 7.7288 1.9433 77 48 24
16.761 7.7295 1.9237 74 45 21
16.683 7.7182 1.904 77 47 21
16.761 7.7384 1.9595 73 42 21
16.722 7.7989 1.9349 71 45 22
17.228 8.8018 1.9908 85 56 22
17.325 8.6719 2.0536 84 56 16
17.208 8.7201 1.9642 85 56 22
17.345 8.7473 2.0259 83 56 21
17.188 8.9399 1.9784 84 58 18
17.331 8.8063 2.0064 83 53 15
17.209 8.9742 2.0137 84 56 19
17.274 9.1256 2.1491 62 38 10
17.28 9.1091 2.0329 60 34 11
17.405 8.9909 2.173 58 27 6
17.277 9.0597 1.998 86 57 17
16.708 5.8375 1.9364 80 52 25
16.597 5.9943 1.8931 79 48 28
16.661 5.991 1.8916 78 49 28
16.39 6.0074 1.7919 79 50 29
16.602 6.1197 1.8447 81 52 28
16.189 6.2298 1.845 83 52 31
16.494 6.324 1.8756 84 53 33
16.505 6.3241 1.8811 84 53 33
16.27 6.2784 1.9021 86 54 31
16.436 6.3717 1.886 86 56 32
16.741 6.4328 1.8592 94 64 36
16.786 6.3981 1.8876 90 58 37
16.572 6.3912 1.8836 87 56 35
16.737 6.4106 1.9073 89 61 34
16.617 6.4243 1.8923 90 61 37
16.469 6.4059 1.8864 88 57 27
16.703 6.367 1.861 86 55 35
16.387 6.3831 1.7648 88 59 38
16.476 6.347 1.8165 84 58 35
16.488 6.3581 1.8595 86 57 33
16.61 6.5152 1.802 99 65 36
16.41 6.4653 1.784 94 63 35
16.976 6.4649 1.9847 95 64 36
16.635 6.4467 1.848 96 64 41
16.625 6.5917 1.9499 88 57 36
16.769 6.5395 1.8575 104 70 41
16.702 6.59 1.8616 101 70 40
16.321 6.627 1.8688 90 58 37
16.759 6.5513 1.8973 99 68 40
16.459 6.5796 1.9367 87 59 32
16.697 6.6006 1.8963 96 65 37
16.524 6.5899 1.8759 91 60 32
16.892 6.5646 1.9067 104 71 40
16.888 6.7068 1.8832 90 58 33
16.811 6.7263 1.8878 90 59 29
16.893 6.6828 1.9396 91 63 34
16.814 6.8052 1.8957 83 53 25
16.754 6.8242 1.9102 79 50 28
16.93 6.8127 1.8951 82 52 28
16.674 6.8097 1.9251 81 49 24
16.928 6.7789 1.9109 84 52 27
16.969 6.7308 1.9123 90 56 29
16.356 6.8265 1.8466 83 51 26
16.459 6.8519 1.8814 80 50 24
16.992 6.8716 1.9019 80 48 25
16.579 6.9758 1.8289 77 46 26
16.926 6.9016 1.9378 81 49 26
17.039 6.8293 1.9355 82 49 30
16.725 7.0432 1.9412 78 47 29
16.645 7.0794 1.8116 77 48 26
16.635 7.0239 1.919 78 47 26
16.931 6.9715 1.919 77 46 26
16.932 6.9268 1.8982 80 48 25
16.602 7.0202 1.8614 76 47 23
16.886 7.0172 1.8838 76 47 26
16.929 6.9362 1.93 81 49 24
16.66 6.9986 1.847 76 48 19
16.697 7.0295 1.8493 75 48 15
16.803 7.0171 1.9364 78 48 24
17.063 6.9698 1.9279 78 47 26
16.576 7.2059 1.8746 76 48 19
17.063 7.0926 1.9584 76 47 23
17.051 7.0073 1.9088 75 46 24
17.027 7.0571 1.9199 79 50 26
16.935 7.0429 1.894 77 48 26
16.691 7.1671 1.8808 77 47 23
16.829 7.1234 1.898 76 46 22
17.026 7.0664 1.9578 78 47 19
17.091 7.0854 1.9724 76 47 23
16.685 7.0816 1.8772 76 47 15
16.872 7.0667 1.9022 79 50 16
16.9 7.0604 1.9166 79 50 16
17.124 7.0259 1.9356 74 46 19
17.071 7.0819 1.9249 77 49 22
16.65 7.278 1.9214 78 49 18
16.731 7.2065 1.9302 75 43 22
17.088 7.185 1.8944 76 47 23
17.248 7.1048 1.985 76 47 16
17.078 7.1689 1.9775 77 47 21
16.769 7.2463 1.7916 78 50 23
16.871 7.1604 1.9521 77 49 22
16.849 7.1563 1.8993 75 46 22
16.93 7.1639 1.8831 77 49 22
16.841 7.1968 1.882 77 47 23
16.828 7.2101 1.9184 77 48 26
16.799 7.2753 1.9612 78 48 22
17.209 7.081 1.9778 77 48 17
16.833 7.2677 1.8099 78 49 27
16.901 7.3527 1.9305 79 50 18
16.786 7.3185 1.9432 76 48 21
17.153 7.2469 1.9373 79 49 23
17.041 7.2903 1.9172 80 48 25
17.327 7.226 2.0063 78 50 23
17.19 7.1913 1.9339 76 48 21
16.758 7.3678 1.9204 80 49 28
17.125 7.3993 2.0255 84 53 22
16.948 7.4553 1.9095 86 55 25
16.963 7.4102 1.9258 84 55 24
16.994 7.4082 1.9799 81 52 21
17.003 7.3494 1.9231 83 54 23
17.289 7.2736 1.9718 81 51 23
17.086 7.3806 1.8599 82 52 24
16.982 7.3868 1.8622 81 51 25
16.743 7.5053 1.9097 84 52 27
16.669 7.4378 1.8703 85 55 27
17.139 7.3781 1.9578 87 54 21
17.101 7.3086 1.9361 80 52 25
16.967 7.4002 1.8884 85 54 26
17.104 7.5141 1.939 80 51 19
16.859 7.5875 1.9172 77 48 14
16.798 7.6203 1.9343 77 49 22
16.724 7.6062 1.9109 79 49 25
17.185 7.4737 1.9394 83 54 23
17.033 7.4632 1.9312 87 56 26
16.834 7.5145 1.9374 82 52 26
16.671 7.6171 1.8441 78 49 15
17.158 7.4624 2.0176 81 51 23
16.786 7.625 1.9263 77 49 22
17.076 7.4864 1.9413 82 53 22
16.884 7.5278 1.9038 83 54 23
16.858 7.7226 1.9144 73 45 14
17.001 7.6525 1.9382 75 48 11
16.915 7.6147 1.9648 75 47 20
16.993 7.6151 1.9485 77 49 20
16.906 7.6099 1.9209 77 47 19
16.954 7.689 1.9901 73 44 23
16.814 7.6989 1.9094 75 47 20
16.952 7.5996 1.9811 75 47 20
16.942 7.587 1.8982 80 50 24
17.301 7.4565 1.948 80 50 24
17.257 7.68 1.9303 72 46 19
17.025 7.716 1.8795 74 47 14
17.331 7.5995 1.9458 72 43 21
17.305 7.6193 1.9692 78 50 21
17.061 7.7482 1.9222 72 44 13
17.044 7.7231 1.9684 71 46 16
17.217 7.7067 1.9405 74 45 23
17.32 7.6191 2.0105 73 47 22
17.073 7.6617 1.9578 75 46 22
16.984 7.7427 1.8976 71 48 14
16.956 7.8062 1.9055 71 45 20
17.352 7.6276 1.9392 73 44 20
17.287 7.7114 1.9645 75 49 22
17.43 7.634 1.9967 75 46 24
17.276 7.7242 1.9953 74 46 15
17.258 7.7866 2.0441 60 35 15
17.121 7.7604 1.9334 71 45 20
16.96 7.8972 1.9253 56 35 4
17.102 7.8185 1.9534 65 41 13
17.369 7.7018 1.9549 73 47 22
17.465 7.8089 1.9867 61 36 14
17.296 7.8317 1.9635 61 40 23
17.445 7.7444 2.0076 62 36 19
17.336 7.7964 1.9152 62 37 15
17.388 7.82 1.9966 64 39 7
17.425 7.7935 1.9789 59 36 5
17.264 8.0055 1.8532 57 34 3
17.343 7.9653 1.9258 75 45 19
17.347 7.9155 1.9109 54 31 13
17.39 8.6523 1.9932 90 58 17
17.363 8.6804 2.0166 89 60 18
17.355 8.6375 1.9921 85 56 12
17.324 8.6686 2.0084 85 56 14
17.515 8.6803 2.048 85 58 13
17.617 8.619 1.9806 93 60 29
17.408 8.8253 1.9813 88 59 19
17.605 8.6782 1.9922 90 61 21
17.39 8.8348 1.8891 93 63 27
17.499 8.8328 1.9926 88 59 19
17.633 8.6957 1.9921 89 61 24
17.519 8.9503 1.9229 92 61 31
17.631 8.7453 2.0143 90 60 24
17.326 9.0533 1.9331 87 57 21
17.432 8.9932 1.9315 86 59 22
17.64 8.7765 1.9268 89 60 20
17.763 8.6952 1.9867 87 58 14
17.436 8.9423 1.9436 88 59 25
17.616 8.848 1.9406 89 56 21
17.391 8.9936 1.9971 86 61 7
17.686 8.7323 1.993 89 59 23
17.406 8.9653 1.8463 91 61 27
17.643 8.7782 2.0082 89 61 24
17.769 8.7323 1.9794 87 60 17
17.645 8.8182 1.9563 88 58 24
17.451 9.1736 1.8764 90 60 26
17.657 8.9477 1.9538 87 60 17
17.647 8.9093 1.9246 86 57 26
17.495 9.0787 1.9551 86 58 21
17.586 8.9773 1.9249 87 58 27
17.668 8.8434 1.9905 87 60 15
17.625 8.8874 1.9702 88 57 26
17.67 8.8379 1.9598 89 61 21
17.853 8.7768 2.0191 87 57 21
17.676 8.8843 2.0149 91 62 30
17.842 8.6985 2.0104 86 56 20
17.68 8.9208 1.9285 87 59 9
17.627 9.0786 1.9474 88 60 23
17.857 8.8173 2.0482 89 58 27
17.698 8.9518 2.0022 88 60 31
17.87 8.8019 2.0164 85 56 22
17.77 8.8697 2.0084 82 54 15
17.694 9.0517 1.9662 86 57 13
17.898 8.815 2.058 88 60 23
17.788 8.9401 1.9517 87 59 22
17.753 9.0323 2.0242 65 36 15
17.815 9.005 2.0105 83 56 21
17.808 8.965 1.9848 87 59 10
17.861 8.9501 1.9984 88 60 23
17.762 9.2664 1.9529 64 32 7
17.755 9.2748 1.9901 67 39 8
17.976 9.1348 2.0074 68 37 9
17.856 9.1965 2.0347 68 32 18
17.895 9.1948 1.9639 68 34 7
16.552 5.707 1.7498 74 44 18
16.935 5.7624 1.8904 73 42 22
16.968 5.7952 1.896 72 42 14
16.879 5.7917 1.8894 73 47 22
16.712 5.8164 1.872 81 47 20
16.691 5.8247 1.8976 79 48 18
16.815 5.8752 1.8523 75 46 25
16.92 5.8781 1.8642 71 42 21
16.985 5.8947 2.0149 78 47 27
16.776 5.9609 1.9141 77 46 25
17.019 5.9188 1.8996 71 44 23
16.243 5.8886 1.6345 78 46 33
16.814 5.9041 1.8419 77 48 27
17.039 5.9489 1.9011 75 44 23
16.86 5.9388 1.8528 75 47 20
16.616 5.9736 1.8301 76 48 19
17.005 6.0573 1.9456 77 50 31
16.644 6.0186 1.8672 80 49 21
17.321 6.0854 2.0948 77 50 31
17.096 6.0556 1.957 74 47 26
16.687 6.0067 1.7228 78 47 26
16.916 6.0605 1.9401 78 50 23
16.847 6.0146 1.8843 78 50 23
17.106 6.0733 1.9168 79 46 27
16.932 6.0475 1.7946 77 47 13
16.926 6.0338 1.9594 75 48 27
16.628 5.9632 1.7981 74 47 26
16.588 5.9708 1.8177 76 48 19
16.879 6.0665 1.8464 79 47 24
16.763 6.0774 1.8569 80 51 29
16.89 6.1043 1.8627 80 50 26
17.082 6.0984 1.8921 79 49 25
16.874 6.1032 1.8552 80 50 26
16.787 6.0684 1.8327 80 49 21
17.09 6.1535 1.8673 84 50 25
16.681 6.113 1.8419 77 49 18
17.026 6.1323 1.8849 80 49 28
16.943 6.0979 1.8551 79 47 26
16.914 6.1349 1.8604 81 50 32
17.141 6.1763 1.9611 80 49 29
17.061 6.1249 1.8708 79 47 26
16.978 6.2258 1.8559 84 50 23
16.894 6.1747 1.8792 80 50 26
16.84 6.2123 1.8739 81 51 25
17.201 6.187 1.9126 84 50 25
17.196 6.1963 1.9425 81 51 27
16.753 6.1451 1.7343 79 48 30
16.645 6.2374 1.7684 84 53 23
16.902 6.1942 1.8348 81 50 30
16.981 6.2369 1.8956 80 52 25
17.263 6.226 1.9652 81 50 30
17.062 6.2086 1.8288 83 52 21
16.989 6.2074 1.909 79 52 19
16.95 6.3046 1.8849 84 53 32
17.103 6.3149 1.8773 88 57 29
17.035 6.3251 1.8808 87 55 30
16.981 6.3442 1.9194 86 55 34
16.763 6.2839 1.8529 86 55 25
16.853 6.3157 1.8807 85 57 26
16.756 6.2505 1.8535 81 50 30
17.08 6.257 1.8897 83 52 34
17.028 6.2951 1.8872 86 55 34
17.068 6.3053 1.8272 89 56 25
16.994 6.3345 1.8929 85 53 28
17.185 6.278 1.8991 84 53 25
16.614 6.2693 1.7391 81 52 20
17.125 6.2863 1.9003 85 52 35
17.108 6.2682 1.9418 83 53 25
16.9 6.4066 1.8546 97 62 33
17.049 6.4135 1.8438 116 81 52
16.882 6.3665 1.8286 91 59 34
17.138 6.3731 1.8721 92 61 33
16.898 6.3759 1.8698 88 57 36
16.854 6.3551 1.895 87 57 33
17.225 6.4002 1.9053 98 62 38
16.868 6.3868 1.892 92 61 31
16.827 6.4187 1.8565 97 63 36
17.005 6.3544 1.8495 88 56 33
17.028 6.4238 1.8675 116 78 50
16.955 6.3548 1.8246 94 60 33
17.063 6.384 1.8684 96 62 35
17.19 6.3436 1.9103 88 56 31
16.993 6.3344 1.7721 91 57 28
17.258 6.3619 1.9004 94 60 35
17.139 6.3914 1.9371 95 61 34
17.096 6.3923 1.9158 97 63 36
16.861 6.4613 1.7717 155 110 65
16.795 6.4623 1.8634 99 68 40
17.208 6.4374 1.9108 124 84 46
16.873 6.4922 1.8933 100 68 43
16.905 6.521 1.8863 110 72 36
17.288 6.4719 1.9752 166 115 70
17.201 6.5049 1.913 170 118 69
17.176 6.468 1.8812 151 104 60
17.162 6.4301 1.8548 108 70 42
17.2 6.4964 1.8824 146 102 63
17.227 6.4564 1.8738 112 77 45
17.184 6.488 1.8392 112 74 37
17.333 6.5456 1.9278 145 99 60
17.306 6.5851 1.9315 149 102 58
17.188 6.5868 1.8333 111 74 40
17.245 6.5611 1.9122 163 113 63
17.222 6.5334 1.9141 178 121 74
17.184 6.5271 1.8606 146 100 57
16.966 6.6878 1.8824 93 58 36
17.287 6.6468 1.8979 115 78 36
17.307 6.6736 1.8912 101 63 34
17.28 6.6256 1.9365 151 102 59
17.375 6.5987 1.9214 111 70 38
17.264 6.619 1.8972 134 91 46
17.343 6.6316 1.8945 106 66 38
16.925 6.7704 1.877 84 51 34
17.278 6.7254 1.9314 88 56 33
17.308 6.7121 1.91 94 60 33
17.058 6.7096 1.9161 91 57 28
17.136 6.7317 1.9426 88 54 25
17.081 6.7297 1.8786 88 56 31
17.383 6.6935 1.9193 95 59 33
17.16 6.7508 1.9039 86 52 23
17.347 6.7284 1.8849 90 55 25
17.069 6.7823 1.9283 83 53 29
17.235 6.6913 1.8843 97 64 23
17.318 6.7414 1.9058 92 58 31
17.183 6.7069 1.892 94 60 33
17.163 6.7829 1.8948 83 52 31
17.416 6.7483 1.9135 86 53 22
17.24 6.7622 1.8996 87 58 27
17.068 6.7734 1.8936 83 51 28
17.037 6.8976 1.9094 80 49 21
17.439 6.8122 1.9313 86 52 25
17.078 6.847 1.9063 81 49 24
17.277 6.8188 1.8914 85 53 30
17.065 6.8831 1.8857 79 49 23
17.295 6.8236 1.9294 82 50 25
17.321 6.7799 1.9268 86 54 29
17.135 6.7956 1.9114 81 51 23
17.283 6.8575 1.9125 81 51 23
17.356 6.8354 1.9169 83 51 28
17.338 6.7997 1.8892 86 55 27
17.2 6.8085 1.8958 82 54 15
17.214 6.815 1.9404 79 50 28
17.037 6.8204 1.8988 82 52 16
17.336 6.7697 1.9039 89 55 26
17.206 6.8483 1.9215 79 51 24
17.164 6.8978 1.9225 79 49 23
17.105 6.9522 1.9132 76 47 25
17.361 6.9053 1.9278 81 48 29
17.136 6.8943 1.8709 81 51 25
17.388 6.8521 1.8866 81 49 26
17.392 6.9068 1.9776 80 48 23
17.397 6.8668 1.9607 81 51 27
17.197 6.9242 1.9248 76 46 22
17.384 6.8609 1.9162 83 51 26
17.394 6.8903 1.9117 79 48 27
17.201 6.9566 1.9119 75 46 25
17.408 6.9185 1.906 80 49 28
17.148 6.9256 1.8635 79 49 25
17.473 6.8657 1.921 72 41 13
17.056 6.9281 1.9045 72 40 19
17.156 6.9749 1.9229 77 46 26
17.38 6.9326 1.924 79 47 24
17.103 7.0653 1.9085 76 47 26
17.383 7.0038 1.9313 81 49 24
17.507 6.9884 1.9203 76 47 25
17.18 7.0035 1.9248 76 48 17
17.107 7.0117 1.8481 74 49 19
17.232 7.0163 1.8996 78 48 22
17.243 7.0557 1.9229 77 48 17
17.27 6.9658 1.8973 80 48 25
17.483 6.9324 1.934 77 48 26
17.238 7.0487 1.8883 80 48 23
17.405 6.9585 1.9227 79 46 27
17.137 7.0488 1.893 76 47 23
17.42 6.9869 1.919 76 43 24
17.296 7.0009 1.9327 78 48 22
17.358 6.9777 1.9325 79 50 18
17.457 6.9697 1.904 78 48 20
17.439 7.0139 1.9163 77 47 23
17.271 7.0822 1.9282 78 48 20
17.211 7.1416 1.9209 77 47 23
17.435 7.087 1.9187 77 48 26
17.507 7.0272 1.9411 79 49 25
17.45 7.0509 1.9446 80 50 24
17.401 7.0968 1.8997 77 48 26
17.363 7.1237 1.9483 77 47 21
17.559 7.0753 1.9405 79 49 25
17.303 7.0991 1.8929 79 49 21
17.316 7.1037 1.9384 78 48 22
17.494 7.0627 1.92 80 50 26
17.369 7.048 1.9458 79 48 28
17.372 7.1131 1.9175 79 47 22
17.444 7.0204 1.9539 78 47 27
17.268 7.2374 1.9435 78 51 18
17.524 7.1251 1.944 79 49 23
17.434 7.1685 1.9616 79 49 25
17.349 7.1877 1.8804 76 47 25
17.171 7.1885 1.8852 77 47 23
17.391 7.1484 1.9476 79 49 21
17.437 7.1193 1.9039 78 50 23
17.613 7.1212 1.9472 78 48 24
17.206 7.2219 1.9265 78 48 22
17.414 7.1341 1.9301 78 46 25
17.574 7.102 1.9364 76 47 25
17.25 7.2357 1.9024 79 49 15
17.387 7.2098 1.8865 78 48 20
17.523 7.1576 1.929 78 48 24
17.345 7.1705 1.9602 78 47 27
17.412 7.2089 1.9322 80 49 21
17.432 7.3045 1.9042 83 52 24
17.326 7.2805 1.9064 82 50 25
17.562 7.2093 1.9248 78 50 21
17.406 7.2451 1.9176 78 47 16
17.351 7.3143 1.9462 93 60 29
17.555 7.2518 1.9379 80 50 26
17.55 7.1813 1.931 80 49 28
17.289 7.2656 1.9383 79 49 25
17.463 7.2516 1.8979 80 50 24
17.417 7.2565 1.9913 83 50 17
17.405 7.2603 1.9847 83 50 17
17.542 7.1911 1.9587 78 49 25
17.449 7.2639 1.9272 80 50 22
17.274 7.2627 1.8936 80 51 20
17.401 7.2888 1.9377 85 52 17
17.64 7.2139 1.9549 79 49 25
17.544 7.1833 1.9285 80 49 28
17.495 7.3569 1.9527 81 52 21
17.595 7.3026 1.9355 80 50 22
17.239 7.474 1.8778 79 49 21
17.379 7.3745 1.9318 92 58 23
17.298 7.3772 1.9352 155 111 59
17.298 7.4135 1.9216 92 54 17
17.502 7.3198 1.9649 91 58 23
17.545 7.3294 1.9405 83 52 22
17.33 7.3576 1.9203 125 85 36
17.676 7.264 1.9516 79 48 20
17.415 7.3181 1.9304 92 60 22
17.435 7.3306 1.8587 80 50 22
17.446 7.3832 1.9502 80 50 16
17.627 7.2507 1.9344 78 48 22
17.569 7.2866 1.9692 84 53 22
17.622 7.325 1.9384 77 46 15
17.618 7.4339 1.928 76 47 23
17.672 7.37 1.9394 73 45 18
17.444 7.4265 1.9765 77 49 20
17.416 7.5024 1.8947 76 45 24
17.712 7.3851 1.9514 72 43 19
17.692 7.3288 1.9662 76 46 22
17.568 7.4286 1.945 77 50 17
17.623 7.3981 1.9419 78 50 19
17.576 7.3842 1.9294 77 49 22
17.504 7.5415 1.9535 75 44 23
17.516 7.5288 1.9209 75 46 25
17.55 7.5549 1.9625 73 45 14
17.642 7.4906 1.9162 71 45 20
17.56 7.4668 1.928 76 46 20
17.392 7.6013 1.9266 74 46 9
17.365 7.6214 1.9463 73 44 20
17.628 7.5043 1.9359 75 48 15
17.641 7.4573 1.93 74 45 21
17.731 7.4816 1.9552 71 45 20
17.573 7.4674 1.9705 75 46 22
17.611 7.519 1.9632 77 49 18
17.596 7.4848 1.9367 77 47 23
17.417 7.5529 1.9543 73 47 24
17.522 7.4973 1.9751 75 46 22
17.464 7.6839 1.9557 75 45 9
17.382 7.6883 1.9258 73 45 18
17.446 7.6494 1.9234 74 46 15
17.714 7.5232 1.9336 70 46 18
17.603 7.5574 1.9464 76 46 18
17.678 7.5824 1.9316 74 46 17
17.442 7.6141 1.9388 74 44 16
17.67 7.5179 1.9515 74 46 19
17.636 7.5758 1.9529 76 50 27
17.598 7.6014 1.964 74 50 14
17.62 7.5773 1.9104 76 45 24
17.645 7.6063 1.941 79 50 19
17.552 7.6317 1.9726 75 47 18
17.452 7.7143 1.8644 76 48 9
17.617 7.557 1.9875 72 47 15
17.463 7.6108 1.984 72 44 15
17.792 7.5168 1.9681 71 47 13
17.487 7.7527 1.9797 60 37 4
17.469 7.7117 1.9131 75 45 19
17.423 7.7429 1.9222 75 47 10
17.764 7.6392 1.9388 75 45 17
17.753 7.6108 1.9501 71 45 18
17.7 7.6463 1.9463 76 46 20
17.717 7.6023 1.9707 76 46 20
17.411 7.833 1.9239 60 36 8
17.688 7.6937 1.9629 78 48 24
17.773 7.6396 1.979 76 46 22
17.408 7.7895 1.9029 67 40 7
17.734 7.587 1.9542 74 45 21
17.772 7.75 1.9691 56 35 8
17.636 7.7601 1.9178 59 31 17
17.541 7.834 1.9674 58 34 6
17.598 7.8312 1.9536 59 32 15
17.724 7.7027 1.9367 72 42 14
17.753 7.7202 1.9469 64 35 13
17.815 7.6887 2.0113 54 33 14
17.632 7.7384 1.9925 60 30 14
17.645 7.7609 1.9553 58 34 8
17.822 7.6396 1.9645 77 46 16
17.576 7.8508 1.9735 58 35 2
17.837 7.7045 1.9772 57 33 19
17.666 7.7845 1.9518 61 35 10
17.568 7.8121 1.9491 54 32 11
17.608 7.8626 1.9399 61 36 16
17.823 7.7523 1.9897 58 37 8
17.781 7.8142 1.9511 52 28 14
17.646 7.87 1.9188 59 34 14
17.671 7.8175 1.9453 59 37 16
17.851 7.764 1.9598 57 32 10
17.81 8.602 1.9934 87 58 24
17.88 8.5699 1.99 89 59 21
17.903 8.5911 2.0235 87 56 26
17.9 8.5911 1.9872 90 59 28
17.555 8.9058 1.822 86 57 26
18.064 8.5744 1.9749 85 56 12
17.884 8.6504 1.9639 85 57 18
17.982 8.6291 1.998 90 61 30
17.876 8.7511 1.9934 89 59 23
17.999 8.6076 1.9769 88 58 22
17.966 8.6041 2.0022 87 60 25
17.912 8.664 2.0044 88 61 16
17.774 8.8164 1.9504 89 56 23
17.94 8.5927 2.0371 88 58 20
18.024 8.5395 2.0064 90 60 24
17.901 8.762 1.9273 88 58 30
18.048 8.6358 1.9844 88 60 13
17.831 8.9338 1.9312 90 62 13
17.92 8.7442 2.0104 85 57 20
17.943 8.761 2.0135 89 62 25
18.045 8.6373 1.9482 86 57 13
18.122 8.5927 2.0147 86 57 13
18.032 8.6164 2.0507 87 59 9
17.977 8.7199 2.0042 88 59 25
18.131 8.5375 1.9743 53 27 4
18.027 8.706 2.017 87 59 32
18.149 8.6009 1.9857 86 58 19
18.108 8.6061 1.9764 85 56 25
18.023 8.8424 2.0041 86 59 24
18.033 8.7448 2.0367 86 58 21
17.821 8.9478 1.9597 85 57 8
18.054 8.8027 1.991 88 59 28
18.033 8.7423 2.0059 88 59 27
17.885 8.9661 1.9643 84 54 18
18.148 8.6887 2.0181 86 57 15
17.965 8.8683 1.9803 88 60 23
17.836 8.9783 1.9477 85 56 24
18.026 8.7924 1.9899 86 59 24
18.15 8.7701 2.0626 87 62 14
18.122 8.8042 2.0118 87 59 22
18.097 8.7936 2.0052 87 59 32
18.097 8.8816 2.0118 87 58 27
17.817 9.0954 1.9046 89 60 26
17.997 8.9186 1.9754 86 57 26
17.942 8.9874 1.9736 91 63 16
18.228 8.797 2.1078 89 62 29
18.158 8.8922 2.0189 85 57 20
18.147 8.86 1.9981 90 61 30
18.167 8.877 1.9657 86 56 32
17.94 9.1823 1.9475 72 43 9
18.063 9.0182 1.919 88 57 26
18.182 8.816 2.0524 86 57 25
17.316 5.8529 1.8896 74 45 11
17.229 5.8234 1.8849 74 44 26
17.32 5.8432 1.8599 75 41 14
17.168 5.8486 1.8746 78 49 17
17.168 5.7873 1.8635 76 45 17
17.176 5.8393 1.8459 77 46 18
17.118 5.8553 1.8027 76 47 13
17.313 5.9004 1.8632 73 42 24
17.418 5.9312 1.8819 76 45 24
17.314 5.8771 1.8788 77 43 14
17.297 5.9423 1.9048 75 47 20
17.165 5.8729 1.8591 77 45 22
17.341 5.9383 1.8956 74 43 12
17.34 5.9283 1.8638 75 44 13
17.336 5.9721 1.9139 76 45 24
17.45 6.0153 1.8914 73 46 9
17.164 5.9694 1.8823 75 44 23
17.448 5.9771 1.9435 73 43 7
17.292 5.9914 1.8786 74 43 22
17.178 5.997 1.8774 73 44 22
17.397 5.9603 1.8829 70 40 14
17.234 5.9957 1.8837 73 42 22
17.351 5.9892 1.8808 74 45 11
17.323 5.9857 1.8653 75 45 7
17.268 5.9728 1.9073 77 47 21
17.408 5.9866 1.881 71 43 12
17.272 5.9892 1.8684 74 43 22
17.374 6.0172 1.8841 75 46 4
17.389 6.0949 1.9561 77 46 26
17.504 6.1014 1.9155 73 43 17
17.144 6.083 1.8555 79 46 27
17.156 6.0211 1.8557 75 45 27
17.374 6.0404 1.8666 73 41 18
17.405 6.1024 1.8917 80 48 7
17.084 6.0505 1.8359 77 48 14
17.179 6.0502 1.857 78 48 20
17.277 6.0433 1.9498 75 49 26
17.351 6.0567 1.9146 77 45 22
17.405 6.077 1.8998 77 45 20
17.544 6.0813 1.9489 73 44 20
17.193 6.0153 1.844 76 46 22
17.307 6.0784 1.8819 78 47 26
17.48 6.0429 1.898 76 45 24
17.2 6.1505 1.8924 79 49 13
17.429 6.1293 1.894 75 44 14
17.211 6.1423 1.8691 79 47 26
17.44 6.1549 1.8881 78 48 12
17.329 6.1406 1.9003 79 49 21
17.467 6.1472 1.8711 74 45 5
17.31 6.1127 1.8982 76 47 25
17.346 6.1574 1.8629 78 47 27
17.378 6.1004 1.8776 80 48 7
17.447 6.1215 1.8736 73 45 18
17.327 6.1302 1.8637 78 47 19
17.346 6.1663 1.8927 79 49 23
17.386 6.1098 1.9107 80 49 29
17.227 6.243 1.9051 84 51 20
17.295 6.1993 1.8857 80 51 30
17.397 6.2117 1.8678 83 53 17
17.292 6.2527 1.8607 81 50 30
17.393 6.246 1.8824 82 51 30
17.465 6.2054 1.8743 79 43 31
17.133 6.1737 1.844 80 51 30
17.416 6.2385 1.868 83 51 13
17.386 6.2203 1.8929 81 50 29
17.284 6.2348 1.9001 82 51 21
17.138 6.164 1.8124 79 50 29
17.359 6.184 1.8583 78 48 24
17.42 6.1777 1.8592 77 46 18
17.522 6.2328 1.8959 77 43 31
17.247 6.2065 1.892 82 50 25
17.349 6.1926 1.8839 80 48 25
17.323 6.2889 1.8948 85 53 30
17.308 6.3246 1.9044 87 55 32
17.457 6.2911 1.8673 80 49 18
17.522 6.3159 1.8853 82 50 27
17.259 6.2975 1.894 85 54 24
17.531 6.258 1.8896 78 47 26
17.466 6.2657 1.8849 79 47 22
17.468 6.299 1.8994 86 51 22
17.136 6.2681 1.8431 84 53 23
17.398 6.2726 1.8754 86 52 23
17.264 6.2609 1.8758 84 53 22
17.383 6.2811 1.8972 85 53 32
17.535 6.2832 1.8802 82 51 23
17.399 6.3071 1.8917 87 52 30
17.354 6.3159 1.8991 85 53 28
17.256 6.3805 1.8528 94 60 31
17.545 6.3761 1.9098 88 55 24
17.26 6.4178 1.874 98 63 34
17.484 6.4119 1.8916 93 57 35
17.383 6.3427 1.9031 86 54 29
17.408 6.4043 1.9219 96 61 31
17.554 6.3417 1.895 87 53 26
17.542 6.4018 1.8955 87 54 23
17.396 6.3691 1.8968 89 59 33
17.431 6.3599 1.8848 91 56 37
17.3 6.3521 1.889 90 60 26
17.18 6.3915 1.8452 96 62 33
17.388 6.3965 1.8811 95 61 34
17.528 6.3681 1.8698 83 51 28
17.592 6.3919 1.8938 87 52 30
17.563 6.4609 1.9123 100 62 36
17.536 6.4705 1.9267 98 63 34
17.377 6.4605 1.8811 104 66 38
17.633 6.4489 1.9213 96 60 38
17.384 6.4409 1.9277 105 68 32
17.43 6.4847 1.8955 103 65 39
17.499 6.4459 1.917 99 63 39
17.41 6.4946 1.9174 108 69 36
17.439 6.4216 1.8954 95 61 34
17.435 6.4655 1.9418 108 69 36
17.279 6.4363 1.838 94 63 33
17.371 6.4413 1.9201 105 68 32
17.515 6.4366 1.8945 95 60 28
17.585 6.4856 1.9119 99 64 34
17.614 6.4757 1.8981 97 62 32
17.49 6.5355 1.9052 105 66 43
17.4 6.5232 1.8994 108 70 41
17.601 6.5107 1.9087 100 65 36
17.407 6.5036 1.9488 112 73 32
17.499 6.4991 1.8902 100 65 36
17.477 6.5096 1.9128 103 65 37
17.498 6.5702 1.9263 99 64 34
17.688 6.5551 1.9339 97 61 35
17.666 6.4979 1.9169 95 60 30
17.552 6.5222 1.9089 104 66 37
17.648 6.5253 1.8952 96 61 32
17.388 6.5605 1.9104 109 70 37
17.283 6.561 1.8201 105 65 38
17.548 6.5574 1.9246 103 67 41
17.354 6.5353 1.907 113 73 45
17.625 6.5345 1.9073 97 62 32
17.554 6.5489 1.8978 100 64 38
17.515 6.525 1.8872 104 66 37
17.5 6.6256 1.9029 100 62 34
17.698 6.6061 1.9161 92 61 31
17.353 6.5924 1.8771 107 69 33
17.518 6.6154 1.8821 97 62 32
17.648 6.6198 1.916 97 58 35
17.437 6.6043 1.8799 101 66 34
17.618 6.5697 1.9226 99 63 37
17.486 6.6074 1.939 105 65 38
17.647 6.5854 1.8967 95 61 34
17.571 6.6015 1.8825 98 63 34
17.488 6.5909 1.8779 101 66 36
17.571 6.6369 1.9007 95 60 30
17.408 6.6446 1.8829 101 63 35
17.417 6.6521 1.9219 101 64 32
17.597 6.6611 1.9026 93 58 28
17.672 6.7058 1.9272 85 54 24
17.662 6.7146 1.9509 89 54 34
17.469 6.7025 1.9217 92 57 27
17.499 6.7197 1.8981 89 56 25
17.658 6.6806 1.931 92 57 35
17.527 6.6584 1.938 96 61 32
17.398 6.7429 1.8699 90 52 24
17.528 6.6784 1.8927 93 59 34
17.398 6.6832 1.8945 96 60 34
17.628 6.6493 1.8919 92 57 35
17.731 6.6882 1.9274 86 54 16
17.602 6.6964 1.9275 89 55 30
17.479 6.6566 1.879 97 61 35
17.699 6.6323 1.9039 89 55 28
17.445 6.6978 1.8755 91 58 25
17.73 6.6619 1.9394 88 54 27
17.589 6.7899 1.9052 81 51 25
17.395 6.7816 1.8868 88 55 20
17.475 6.7895 1.885 83 52 21
17.487 6.7951 1.923 84 52 14
17.696 6.7629 1.941 84 52 29
17.682 6.7584 1.9042 82 53 19
17.584 6.7987 1.9347 84 50 21
17.493 6.757 1.9106 86 52 15
17.566 6.7378 1.9245 85 53 32
17.719 6.7169 1.9061 84 51 20
17.672 6.7878 1.8826 83 52 8
17.705 6.7277 1.9349 84 52 27
17.65 6.7444 1.9311 86 54 33
17.719 6.7443 1.8959 83 49 22
17.476 6.8271 1.9037 79 50 6
17.612 6.7583 1.9388 87 51 29
17.731 6.7839 1.9501 81 50 29
17.599 6.8831 1.9067 77 48 26
17.747 6.8009 1.9163 76 46 22
17.809 6.8423 1.931 77 47 21
17.557 6.8702 1.9254 81 52 21
17.441 6.9033 1.8923 80 51 19
17.612 6.8509 1.927 80 49 29
17.738 6.8376 1.9295 78 46 21
17.684 6.8568 1.9251 79 49 23
17.722 6.834 1.8877 71 40 12
17.713 6.815 1.9266 80 52 12
17.615 6.8142 1.9113 80 50 26
17.55 6.835 1.9058 79 49 21
17.587 6.8344 1.9533 78 46 21
17.651 6.8355 1.919 80 50 24
17.574 6.8962 1.9229 80 49 19
17.52 6.9468 1.9102 78 47 16
17.714 6.9069 1.9163 79 48 27
17.57 6.9646 1.9235 79 47 26
17.577 6.9254 1.9101 79 48 27
17.745 6.9347 1.9549 78 47 27
17.711 6.9004 1.8858 78 48 14
17.664 6.9631 1.9352 78 47 27
17.674 6.895 1.9376 76 47 25
17.706 6.873 1.8965 77 48 17
17.631 6.9347 1.8977 80 48 25
17.64 6.8955 1.8852 78 48 24
17.775 6.8781 1.8968 78 48 24
17.519 6.9166 1.9245 80 49 18
17.609 6.9476 1.9157 77 47 23
17.747 6.9203 1.894 79 46 15
17.664 6.9486 1.8745 77 46 25
17.656 6.9949 1.9177 76 46 22
17.759 7.0243 1.9543 78 49 25
17.551 7.039 1.9219 79 49 25
17.812 6.9386 1.9549 76 48 21
17.708 7.0029 1.9057 75 42 23
17.801 6.9344 1.9171 77 46 16
17.67 6.984 1.8966 80 45 25
17.813 6.9598 1.9127 79 46 15
17.577 7.0628 1.9214 79 48 18
17.512 7.0184 1.9098 79 48 17
17.667 6.9991 1.9546 80 49 21
17.586 7.0526 1.8931 78 47 26
17.904 6.9615 1.9587 78 46 23
17.571 6.995 1.9117 77 48 16
17.726 7.0277 1.9044 76 47 15
17.823 6.9919 1.9365 77 47 23
17.781 6.9754 1.9213 74 46 19
17.684 7.0172 1.9238 81 47 22
17.791 6.9657 1.898 79 46 15
17.789 7.0309 1.9001 76 44 21
17.629 7.1474 1.9463 78 46 23
17.753 7.0787 1.8949 77 48 26
17.705 7.1012 1.8976 76 47 26
17.695 7.1183 1.952 79 47 22
17.812 7.089 1.9198 77 47 13
17.69 7.0522 1.9439 77 47 21
17.636 7.0997 1.8973 76 46 20
17.644 7.0733 1.9454 76 46 20
17.627 7.1095 1.9231 76 46 18
17.857 7.0036 1.9173 75 44 13
17.775 7.0852 1.9696 78 48 20
17.814 7.0301 1.9458 77 48 24
17.836 7.0743 1.901 76 45 24
17.691 7.0753 1.8987 78 47 29
17.862 7.0369 1.9305 74 44 16
17.761 7.1564 1.9655 78 46 21
17.867 7.1285 1.929 76 46 18
17.744 7.1188 1.9066 77 47 21
17.652 7.1642 1.9178 78 47 17
17.721 7.2085 1.9566 78 47 16
17.768 7.1712 1.8943 80 51 20
17.687 7.145 1.9019 77 46 25
17.812 7.1186 1.9067 77 47 21
17.698 7.2104 1.9135 77 46 25
17.769 7.1774 1.9264 77 47 21
17.885 7.1511 1.9273 79 47 22
17.947 7.0651 1.9622 78 46 23
17.626 7.1803 1.9321 78 48 24
17.753 7.1528 1.9304 79 49 21
17.725 7.1557 1.8789 79 47 24
17.904 7.1088 1.9235 78 50 21
17.652 7.2026 1.9294 78 49 17
17.929 7.1636 1.9436 76 46 8
17.728 7.2688 1.9378 72 44 15
17.899 7.2113 1.9412 79 49 13
17.712 7.2685 1.8979 79 48 18
17.902 7.2039 1.9142 77 49 20
17.807 7.224 1.9255 79 49 25
17.758 7.219 1.9365 79 50 28
17.574 7.3376 1.877 76 47 16
17.855 7.1688 1.9374 78 46 21
17.836 7.2495 1.9604 68 42 17
17.844 7.2399 1.9351 79 47 22
17.726 7.2378 1.9496 78 48 22
17.802 7.1954 1.934 79 49 25
17.759 7.2878 1.9435 77 48 17
17.886 7.1868 1.9449 76 45 24
17.977 7.2022 1.9521 78 48 20
17.862 7.2998 1.951 77 49 22
17.815 7.3329 1.9822 76 47 16
17.793 7.336 1.9383 75 47 20
17.928 7.2888 1.9209 75 45 19
17.845 7.338 1.93 77 46 25
17.7 7.3514 1.9223 74 46 9
17.907 7.2675 1.9209 72 46 21
17.878 7.3173 1.9178 77 47 21
17.801 7.3643 1.9306 73 47 24
17.719 7.3107 1.952 76 48 19
17.859 7.2639 1.9324 78 48 22
17.926 7.2657 1.9615 76 46 20
17.764 7.3108 1.9015 78 48 22
17.78 7.3104 1.942 73 47 20
17.924 7.2306 1.9453 77 46 25
17.841 7.3775 1.9436 75 46 24
18.007 7.3121 1.95 75 47 20
17.663 7.4406 1.9108 74 43 22
17.898 7.3448 1.9485 76 48 21
17.836 7.3862 1.9709 74 45 23
17.801 7.4088 1.9813 74 47 12
17.939 7.3503 1.9341 72 43 19
17.782 7.444 1.9229 70 44 17
17.991 7.3553 1.9561 77 48 16
17.889 7.3862 1.9588 75 46 22
17.928 7.3614 1.9546 76 48 21
17.764 7.3878 1.937 77 46 15
17.897 7.4137 1.9514 76 48 21
17.757 7.4623 1.9389 75 47 8
17.984 7.3533 1.9216 73 45 18
17.963 7.3028 1.9323 74 47 26
17.944 7.3846 1.9502 77 47 21
17.914 7.4681 1.9366 79 50 19
17.783 7.5158 1.929 76 46 8
17.793 7.4776 1.9478 75 47 10
17.933 7.4264 1.9642 79 49 23
17.78 7.5562 1.9492 76 46 22
18.021 7.4058 1.9809 76 47 23
17.93 7.4226 1.9292 76 48 21
17.984 7.456 1.9434 80 52 15
18.01 7.4064 1.943 76 48 17
17.849 7.5138 1.9591 75 47 20
17.868 7.4977 1.9394 74 49 19
18.031 7.4256 1.944 77 49 20
17.948 7.4812 1.9461 77 49 20
17.915 7.4104 1.9952 71 42 18
17.989 7.3864 1.9407 75 47 18
17.778 7.512 1.8934 76 48 21
17.81 7.5677 1.9191 75 45 19
18.014 7.4709 1.9488 78 49 17
17.811 7.5732 1.9537 77 47 13
17.944 7.5152 1.932 78 50 21
17.861 7.5786 1.9693 75 47 8
17.958 7.5126 1.9728 78 49 28
17.988 7.5223 1.9476 77 49 20
17.899 7.5515 1.9645 75 47 20
18.032 7.4918 1.947 76 49 6
17.887 7.5908 1.9438 76 48 19
17.923 7.5649 1.9352 78 50 21
18.092 7.4875 1.9789 75 45 19
17.887 7.5963 1.9721 77 46 18
17.892 7.5175 1.94 77 50 17
18.07 7.4345 1.9603 77 47 21
17.974 7.637 1.9597 78 49 28
17.803 7.6849 1.9412 76 48 11
17.996 7.586 1.9581 76 48 19
17.927 7.671 1.9639 73 45 18
17.93 7.5987 1.9583 78 49 15
17.9 7.6214 1.9708 76 48 11
18.057 7.5801 1.9878 77 51 11
18.076 7.5278 1.9541 78 50 21
18.055 7.5762 1.9579 77 47 21
18.125 7.5286 1.9765 78 48 24
18.096 7.5826 1.9684 74 46 19
18.016 7.5684 1.9453 77 48 24
18.069 7.5113 2.0225 77 49 20
17.981 7.5579 1.9318 76 48 21
17.896 7.6571 1.9542 77 49 22
17.946 7.6215 1.9561 77 49 22
17.896 7.7297 1.9581 53 34 0
18.07 7.6353 1.9701 78 48 22
17.909 7.7555 1.9539 58 37 20
18.121 7.6283 1.9619 75 46 25
17.961 7.711 1.9277 58 32 9
17.875 7.7091 1.9578 55 33 9
17.98 7.7368 1.9589 53 34 17
18.044 7.6198 1.9642 78 47 16
17.982 7.7019 1.9713 55 33 18
18.028 7.6995 1.9583 54 34 10
17.949 7.6905 1.9618 55 29 12
18.114 7.602 1.9703 79 51 11
18.012 7.6455 1.9724 78 53 23
18.025 7.6965 1.9289 57 37 2
17.915 7.8597 1.9487 51 33 19
18.052 7.7491 1.9469 55 33 10
18.082 7.7645 1.9875 58 33 10
18.159 7.638 2.01 54 33 4
17.922 7.8153 1.9346 53 33 9
18.084 7.6845 1.9265 72 43 9
18.028 7.7371 1.9789 52 33 19
18.155 7.6679 1.964 56 35 4
18.111 7.7393 1.9779 57 35 14
18.131 7.6888 1.9756 58 38 3
18.119 7.7295 1.9507 58 34 22
18.095 7.6861 1.9947 58 38 4
17.979 7.809 1.9608 55 33 20
18.061 7.7472 1.9833 53 35 13
18.059 7.7442 1.9518 55 33 10
17.935 7.811 1.9729 54 36 0
18.034 7.8287 1.9094 57 36 9
18.178 7.7539 2.0018 61 37 3
18.186 7.7758 1.9643 54 30 16
18.216 7.7217 1.9996 56 33 17
18.159 7.7322 1.9691 61 37 11
18.188 8.5526 1.9844 85 55 27
18.119 8.5925 1.9503 82 56 41
18.131 8.5357 1.9428 27 18 3
18.235 8.6167 1.9764 86 59 24
18.216 8.6417 1.9954 86 58 21
18.247 8.5613 1.9675 81 50 19
18.211 8.5661 1.9849 85 57 26
18.303 8.531 1.9669 43 26 0
18.231 8.6219 1.9399 84 57 22
18.181 8.5999 1.9336 81 54 17
18.21 8.6079 1.971 84 57 24
18.255 8.7175 1.9783 86 58 29
18.409 8.5542 1.9903 84 55 15
18.276 8.6077 1.9903 85 57 20
18.309 8.6052 1.9695 84 55 24
18.428 8.4906 2.0172 81 53 26
18.423 8.5345 1.9716 77 49 18
18.214 8.6867 1.9756 85 58 25
18.375 8.5202 1.9906 82 53 22
18.257 8.6728 1.9933 86 59 24
18.258 8.6708 1.9629 86 55 27
18.327 8.623 1.9691 84 56 7
18.287 8.6734 1.9742 83 56 11
18.317 8.7219 1.9896 86 61 15
18.413 8.6287 1.9661 91 56 24
18.253 8.762 1.9956 88 59 25
18.244 8.7742 1.9893 88 59 25
18.235 8.8295 1.967 83 59 23
18.397 8.6521 1.9803 88 59 28
18.397 8.6092 1.9987 87 60 13
18.32 8.7597 1.9452 82 54 15
18.364 8.6132 1.9865 82 55 12
18.297 8.704 1.9946 87 57 21
18.425 8.5713 1.9617 85 55 27
18.347 8.6778 1.9893 85 56 12
18.404 8.599 1.9766 86 58 29
18.298 8.7019 1.9638 87 56 26
18.498 8.5128 2.004 85 55 27
17.358 5.8174 1.8663 76 47 23
17.552 5.8786 1.8935 76 46 20
17.566 5.8494 1.8834 76 45 17
17.506 5.8705 1.8667 76 46 20
17.626 5.8702 1.9481 77 45 24
17.7 5.9174 1.9442 76 45 0
17.604 5.8478 1.88 76 46 18
17.64 5.9158 1.9348 73 46 27
17.59 5.8765 1.8893 75 43 2
17.599 5.9621 1.9156 73 43 17
17.49 5.9557 1.8817 73 43 15
17.697 5.9806 1.9075 77 47 19
17.692 5.9668 1.9423 73 43 15
17.553 5.9336 1.9029 75 44 14
17.529 5.906 1.8957 76 46 22
17.524 5.9375 1.912 72 43 21
17.613 5.933 1.9065 74 42 19
17.662 5.9537 1.8973 75 45 29
17.479 5.9635 1.9048 68 43 11
17.671 5.9334 1.9138 71 38 19
17.575 6.0265 1.8658 74 41 24
17.493 5.9786 1.8685 75 44 23
17.612 6.0171 1.9272 72 43 22
17.695 6.0105 1.922 74 42 29
17.653 5.983 1.9082 74 40 13
17.61 6.0389 1.9123 73 44 23
17.725 6.0362 1.93 71 42 8
17.599 6.0066 1.8916 73 44 22
17.526 5.9744 1.861 72 41 23
17.506 6.0697 1.9026 72 41 21
17.57 6.0899 1.8966 76 44 29
17.743 6.1031 1.9049 70 44 21
17.641 6.0879 1.9093 75 48 13
17.491 6.092 1.8814 74 45 11
17.587 6.06 1.8909 77 46 26
17.693 6.1072 1.9032 74 44 28
17.628 6.0553 1.8854 74 41 32
17.539 6.0643 1.8933 74 47 12
17.491 6.0345 1.8726 75 44 26
17.563 6.1611 1.8597 74 45 21
17.502 6.1405 1.8605 80 45 25
17.494 6.1736 1.8747 76 46 18
17.551 6.1355 1.8608 75 44 26
17.63 6.1569 1.8708 71 44 27
17.587 6.1292 1.8519 73 44 22
17.613 6.1722 1.9155 77 45 32
17.64 6.1803 1.8625 75 45 21
17.547 6.1199 1.8987 78 48 24
17.588 6.1143 1.892 74 43 22
17.648 6.1253 1.8598 74 45 5
17.578 6.194 1.883 78 51 18
17.77 6.2346 2.0151 78 47 16
17.629 6.1882 1.8849 76 46 20
17.73 6.2313 1.8943 75 43 28
17.606 6.2188 1.8853 77 47 23
17.598 6.2511 1.8975 81 50 29
17.749 6.2548 1.8934 76 45 24
17.535 6.2004 1.8868 78 47 26
17.717 6.2079 1.8993 71 44 23
17.67 6.2368 1.8831 73 47 20
17.609 6.211 1.8604 76 47 23
17.626 6.2439 1.8872 79 48 18
17.592 6.2427 1.8662 79 48 18
17.595 6.3006 1.8749 82 52 26
17.806 6.3021 1.907 76 48 11
17.59 6.309 1.9017 83 48 29
17.748 6.3094 1.8982 80 50 24
17.703 6.2701 1.9232 78 49 17
17.663 6.3246 1.8998 81 50 30
17.694 6.2615 1.8885 78 48 20
17.732 6.2777 1.8707 77 47 13
17.724 6.2855 1.894 79 48 28
17.615 6.2762 1.8983 82 50 27
17.671 6.3166 1.8758 78 46 25
17.656 6.2927 1.8807 79 48 27
17.656 6.3987 1.8585 86 51 32
17.706 6.341 1.8878 81 51 25
17.659 6.3738 1.8734 80 50 26
17.798 6.3793 1.8929 83 49 22
17.738 6.3644 1.8945 81 48 29
17.731 6.3885 1.8765 85 50 30
17.603 6.3333 1.8946 83 51 28
17.714 6.333 1.8645 81 48 31
17.627 6.3577 1.8959 84 54 26
17.574 6.3502 1.8343 85 51 22
17.655 6.3819 1.8997 88 54 29
17.771 6.3561 1.8866 73 47 24
17.647 6.4152 1.9133 92 58 33
17.717 6.4542 1.9033 90 58 35
17.844 6.4561 1.9157 80 49 31
17.744 6.4449 1.8911 87 55 30
17.796 6.4107 1.9078 85 52 33
17.664 6.4068 1.8954 92 58 29
17.812 6.4027 1.8908 82 51 23
17.642 6.4409 1.8999 94 60 33
17.722 6.4291 1.9173 93 59 34
17.671 6.4644 1.9032 94 59 39
17.808 6.4342 1.9039 83 53 27
17.802 6.466 1.9149 86 55 27
17.868 6.4239 1.9149 85 52 19
17.773 6.4191 1.92 86 54 29
17.685 6.54 1.8733 93 58 29
17.882 6.5252 1.9051 84 53 25
17.786 6.5236 1.9086 87 55 34
17.776 6.5001 1.9173 88 56 33
17.75 6.494 1.869 85 54 33
17.686 6.5399 1.8742 93 58 29
17.69 6.4886 1.9037 95 59 35
17.856 6.479 1.9102 83 53 29
17.856 6.5106 1.9281 84 55 34
17.747 6.5094 1.9257 94 60 31
17.881 6.5012 1.9156 86 50 24
17.689 6.5473 1.9056 95 60 28
17.745 6.477 1.9064 93 59 34
17.849 6.5353 1.9103 85 56 24
17.833 6.5367 1.8994 85 56 24
17.706 6.5715 1.9039 93 59 34
17.764 6.5582 1.911 91 57 32
17.902 6.5542 1.9322 86 55 24
17.833 6.601 1.9319 88 53 31
17.751 6.5923 1.9187 91 55 29
17.901 6.6031 1.9093 82 51 31
17.887 6.58 1.9096 81 51 27
17.816 6.5458 1.9167 85 55 29
17.766 6.5836 1.9018 89 58 30
17.844 6.5924 1.9112 86 55 24
17.738 6.6196 1.8968 89 55 28
17.829 6.5691 1.9123 85 53 30
17.824 6.6785 1.8883 81 49 26
17.882 6.6372 1.9104 83 52 22
17.733 6.6543 1.9139 85 53 28
17.791 6.6648 1.9079 84 51 32
17.963 6.6432 1.9246 79 49 25
17.732 6.6808 1.8997 86 54 33
17.861 6.6796 1.9406 81 51 27
17.811 6.6361 1.9339 86 54 31
17.799 6.6304 1.8963 87 54 19
17.913 6.626 1.9045 82 49 32
17.885 6.6119 1.9245 86 55 24
17.9 6.6596 1.9096 80 48 25
17.848 6.6491 1.9157 83 53 29
17.85 6.7592 1.8949 79 47 22
17.88 6.7205 1.8989 80 51 20
17.749 6.7315 1.8828 80 49 19
17.943 6.7024 1.9139 79 47 24
17.839 6.7087 1.9123 82 52 28
17.81 6.7476 1.9134 81 49 26
17.956 6.7253 1.9109 79 49 25
17.863 6.7306 1.9172 79 47 22
17.879 6.6955 1.9138 80 47 30
17.743 6.7671 1.898 80 48 25
17.755 6.7038 1.9021 80 48 25
17.943 6.6777 1.9274 82 49 30
17.938 6.7357 1.9294 80 48 27
17.917 6.7979 1.9164 77 48 14
17.96 6.8142 1.9325 77 49 22
17.836 6.8027 1.9336 78 47 16
17.884 6.7855 1.9351 81 50 29
17.825 6.7711 1.9087 80 52 25
17.976 6.7466 1.9143 79 48 20
18.006 6.7719 1.9481 79 48 27
17.885 6.7785 1.9067 76 45 27
17.871 6.8147 1.9133 79 49 25
17.77 6.8441 1.8763 78 48 24
17.97 6.7733 1.8976 78 47 19
17.754 6.7924 1.8916 79 51 24
17.952 6.7581 1.9246 81 49 28
17.954 6.8091 1.901 79 48 27
17.837 6.8837 1.895 77 47 21
17.821 6.8946 1.9148 77 46 25
17.993 6.858 1.9298 76 45 24
18.007 6.8481 1.9124 75 45 7
17.912 6.8321 1.9292 79 49 25
17.933 6.8862 1.9458 80 49 28
18.047 6.8635 1.9301 73 44 20
17.952 6.875 1.9295 76 49 12
17.78 6.9334 1.8729 79 45 16
17.86 6.8507 1.9219 78 48 22
18.002 6.8235 1.9202 78 47 26
17.967 6.891 1.9018 78 47 26
17.945 6.8505 1.9379 80 48 27
17.949 6.8427 1.9126 76 49 28
18.003 6.9402 1.9277 79 50 19
17.866 6.9661 1.9034 78 49 17
18.042 6.9226 1.9262 75 44 26
17.953 6.9679 1.9495 77 48 24
17.912 6.9189 1.9181 77 49 20
18.081 6.9369 1.9438 74 45 24
17.932 6.907 1.9035 79 49 25
17.876 6.9354 1.9235 77 46 25
18.037 6.8981 1.936 78 47 26
17.977 6.9212 1.9234 77 48 24
17.956 6.9336 1.9366 79 49 23
17.921 6.9711 1.8995 78 47 26
18.004 6.9731 1.9432 79 49 23
17.908 7.0093 1.9036 79 49 15
17.874 7.0553 1.8968 78 48 20
17.923 7.0327 1.9012 80 50 22
17.838 7.0379 1.8858 78 48 24
17.994 7.0244 1.8837 73 43 25
18.022 7.027 1.9574 74 44 16
18.032 6.9581 1.937 77 50 17
18.038 7.0156 1.9417 78 48 22
18.031 6.9912 1.9498 78 49 17
18.012 6.9913 1.9087 76 44 21
18.086 7.0466 1.9254 75 47 20
17.964 7.1154 1.9526 76 46 18
18.068 7.0864 1.9261 73 47 24
18.016 7.0564 1.9443 76 46 22
17.962 7.11 1.9214 78 48 24
17.948 7.0585 1.9347 78 47 27
17.971 7.1008 1.8981 73 43 19
18.115 7.0418 1.9748 76 47 25
18.057 7.0299 1.9147 73 43 29
17.981 7.0625 1.889 77 48 16
17.985 7.0735 1.9492 78 47 27
18.077 7.0886 1.9623 75 47 20
18.155 7.0477 1.9637 72 46 23
17.951 7.2071 1.9031 78 46 23
18.148 7.1359 1.9469 76 45 25
18.037 7.1316 1.9187 77 49 20
18.042 7.1863 1.8965 74 49 19
18.098 7.1018 1.9354 70 44 21
17.995 7.1545 1.917 76 46 18
18.004 7.1227 1.9387 79 47 26
18.109 7.0918 1.9163 73 43 5
18.032 7.1678 1.9328 75 46 24
18.091 7.1378 1.9466 77 46 25
18.085 7.1344 1.9139 76 46 28
17.916 7.1624 1.9079 79 51 11
17.986 7.1641 1.9399 76 47 25
17.996 7.1539 1.9197 78 48 22
18.154 7.2206 1.9425 76 50 23
18.037 7.2229 1.9109 76 46 20
18.085 7.2355 1.9608 78 50 21
18.171 7.1801 1.9394 75 46 6
18.112 7.1841 1.9364 75 46 22
18.075 7.1779 1.9512 73 49 15
17.987 7.2273 1.9464 74 44 18
17.941 7.3074 1.8862 77 49 20
17.995 7.2059 1.863 74 49 19
18.023 7.2058 1.9421 76 47 25
18.014 7.2443 1.9523 75 46 14
18.125 7.1729 1.9178 73 44 22
18.046 7.2247 1.9443 68 43 11
18.174 7.1896 1.9971 67 36 18
18.089 7.2224 1.9074 73 43 25
18.077 7.3256 1.9167 76 47 25
18.097 7.3212 1.96 78 49 15
18.137 7.2675 1.9721 77 48 26
18.112 7.2744 1.9259 78 47 27
18.151 7.2836 1.9441 78 46 23
18.016 7.302 1.9264 76 46 20
18.183 7.2904 1.9258 77 47 13
18.038 7.3211 1.9296 77 49 22
18.162 7.2448 1.9352 77 49 22
18.051 7.2801 1.923 76 48 21
18.112 7.2458 1.9387 75 45 21
18.199 7.2542 1.9518 77 47 23
18.144 7.3152 1.924 80 50 26
18.062 7.4286 1.892 77 47 13
18.149 7.347 1.9424 79 50 19
18.094 7.3811 1.9318 79 49 23
18.186 7.322 1.9433 80 52 21
18.202 7.3466 1.9706 79 48 27
18.067 7.3711 1.9549 77 50 13
18.23 7.2941 1.9496 77 49 12
18.017 7.3668 1.9323 76 48 21
18.213 7.3357 1.9519 79 50 16
18.073 7.3626 1.9304 79 51 22
18.026 7.423 1.9106 76 48 9
18.106 7.3402 1.9233 73 45 6
18.166 7.4295 1.9472 75 49 22
18.07 7.4594 1.9179 78 50 23
18.209 7.4338 1.9659 78 51 14
18.043 7.4799 1.9287 76 47 15
18.229 7.3881 1.9674 78 48 22
18.06 7.4348 1.9217 78 48 22
18.194 7.3749 1.9238 76 46 22
18.103 7.471 1.9288 77 50 13
18.241 7.4049 1.9355 79 47 24
18.06 7.4348 1.9229 78 48 22
18.179 7.3933 1.9684 74 45 21
18.101 7.4772 1.9574 78 49 17
18.162 7.3977 1.9272 79 49 25
18.208 7.4296 1.9374 79 49 21
18.266 7.4232 1.971 78 49 25
18.17 7.521 1.9401 79 49 25
18.237 7.4703 1.9331 79 49 25
18.127 7.5221 1.9486 78 50 23
18.138 7.5461 1.9448 77 50 15
18.079 7.588 1.9309 77 49 12
18.267 7.4798 1.9465 77 46 15
18.123 7.4896 1.9286 74 46 17
18.232 7.4777 1.9577 73 43 17
18.288 7.4052 1.9613 75 45 21
18.096 7.5109 1.9386 77 49 20
18.184 7.478 1.9343 78 47 17
18.201 7.472 1.9753 74 48 21
18.207 7.5232 1.9262 78 48 20
18.139 7.6113 1.9499 78 46 23
18.262 7.546 1.9444 78 49 18
18.204 7.5294 1.9513 76 46 18
18.271 7.5112 1.9635 77 48 24
18.288 7.4954 1.9492 79 46 11
18.26 7.5183 1.9549 77 48 24
18.186 7.576 1.9549 79 49 23
18.165 7.6259 1.9513 75 47 20
18.311 7.5423 1.9701 76 48 17
18.162 7.566 1.9783 76 49 12
18.223 7.547 1.9547 77 48 24
18.205 7.5339 1.9794 75 48 13
18.335 7.4931 1.9744 76 48 11
18.215 7.5866 1.9642 75 46 22
18.203 7.5906 1.925 78 48 20
18.173 7.6862 1.9651 61 37 11
18.193 7.6675 1.9506 59 38 9
18.333 7.5852 1.9621 76 48 9
18.313 7.604 1.9733 78 50 19
18.196 7.6304 1.9363 77 49 20
18.175 7.7119 1.9241 58 37 10
18.303 7.5777 1.9493 74 46 7
18.176 7.7154 1.9551 59 36 2
18.248 7.5904 1.9475 74 50 16
18.24 7.6301 1.9613 78 49 17
18.243 7.6588 1.9464 66 38 9
18.273 7.6024 1.9552 76 48 21
18.169 7.6534 1.9433 74 45 23
18.302 7.6454 1.9798 64 41 10
18.365 7.6244 1.9903 57 36 17
18.254 7.7512 1.9739 58 35 19
18.328 7.6479 1.9356 77 48 26
18.322 7.6268 1.9704 68 41 20
18.287 7.722 1.9682 63 39 13
18.249 7.6894 1.9653 57 37 10
18.296 7.6802 1.9643 60 32 18
18.38 7.643 1.9854 61 36 14
18.376 7.6491 2.0115 63 40 22
18.213 7.7197 1.9667 56 38 18
18.308 7.7355 1.9757 67 41 16
18.314 7.728 1.9501 63 37 22
18.377 7.7385 1.9731 64 41 10
18.37 7.6795 1.9674 62 37 14
18.388 7.7255 1.9575 61 39 18
18.381 7.83 1.9695 64 39 17
18.401 7.8099 1.9542 90 63 20
18.372 7.8033 1.945 64 43 12
18.384 7.7973 1.9795 69 44 22
18.4 7.7492 1.9796 60 38 14
18.429 8.5266 1.9453 26 20 0
18.445 8.5434 1.9484 35 16 12
18.512 8.4934 1.9871 35 23 7
