790
-0.36874 0.43058 -0.57511 0.58981 18.141 11.884 -0.25967
17.169 15.641 -1.5763 84 49 27
17.255 15.8 -1.6112 84 55 31
17.295 15.585 -1.5848 91 57 30
17.187 15.72 -1.6128 86 57 26
17.367 15.641 -1.5806 89 58 30
17.312 15.68 -1.6255 87 56 26
17.339 15.597 -1.5485 87 56 35
17.394 15.477 -1.5537 87 53 28
17.467 15.729 -1.634 85 53 28
17.42 15.767 -1.6396 87 54 19
17.782 15.754 -1.4924 83 52 22
17.739 15.775 -1.4901 80 51 20
18.069 15.703 -1.53 90 58 35
18.104 15.575 -1.5361 83 53 25
18.038 15.641 -1.4592 86 54 29
18.158 15.68 -1.5026 88 61 28
18.11 15.746 -1.557 89 57 34
18.158 15.62 -1.4776 86 57 25
18.224 15.608 -1.5756 82 50 29
18.558 15.249 -1.4328 84 55 21
18.627 15.708 -1.5105 85 55 29
18.79 15.478 -1.5124 86 56 28
18.901 15.606 -1.5295 83 55 26
19.66 15.492 -1.4721 87 57 21
19.646 15.546 -1.4351 87 59 22
16.615 15.396 -1.64 82 51 21
16.713 15.118 -1.634 77 48 26
16.737 15.158 -1.6199 83 50 33
16.715 15.132 -1.6043 81 51 23
16.669 15.333 -1.6587 79 48 27
16.58 15.397 -1.6361 81 50 22
16.633 15.336 -1.6525 77 48 27
16.557 15.426 -1.6877 79 47 32
16.648 15.206 -1.6373 82 49 30
16.87 15.089 -1.5768 80 49 19
16.815 15.206 -1.6645 81 51 25
16.794 15.174 -1.6469 81 52 31
16.676 15.482 -1.7377 82 49 30
16.792 15.122 -1.5777 83 53 19
16.773 15.349 -1.6546 80 52 15
16.826 15.304 -1.6369 80 50 34
16.929 15.12 -1.5787 81 50 30
16.891 15.18 -1.6698 79 48 30
16.886 15.107 -1.6311 80 50 22
17.096 14.989 -1.5785 80 49 28
16.808 15.775 -1.823 80 50 12
17.012 15.14 -1.6382 80 48 35
16.998 15.18 -1.6549 80 48 35
16.979 15.139 -1.631 81 51 27
16.957 15.227 -1.6247 78 47 17
16.97 15.433 -1.6566 81 46 26
17.082 15.127 -1.6426 79 49 31
16.851 15.702 -1.7071 82 52 34
16.988 15.329 -1.691 80 48 25
17.217 15.027 -1.5917 87 55 30
17.168 15.218 -1.6364 84 52 27
17.191 15.257 -1.6556 87 56 25
17.292 14.876 -1.5319 85 56 35
17.257 15.353 -1.5963 82 51 30
17.306 15.207 -1.6598 84 53 25
17.263 15.331 -1.5873 82 51 30
17.431 15.168 -1.591 85 50 31
17.426 15.161 -1.6257 90 55 35
17.168 15.764 -1.6702 85 51 24
17.189 15.766 -1.772 85 53 28
17.352 15.157 -1.6475 84 53 32
17.507 15.061 -1.447 87 55 34
17.536 15.047 -1.4874 89 55 30
17.419 15.426 -1.6635 86 52 25
17.417 15.235 -1.6179 85 50 31
17.451 15.301 -1.5787 88 56 31
17.417 15.267 -1.5934 84 50 25
17.438 15.2 -1.5308 89 58 38
17.481 15.296 -1.6165 89 55 30
17.507 15.127 -1.5893 84 53 32
17.465 15.136 -1.6175 84 54 28
17.435 15.31 -1.6565 84 56 17
17.421 15.414 -1.6592 86 52 25
17.468 15.362 -1.6424 89 55 30
17.447 15.397 -1.534 83 51 30
17.441 15.281 -1.6452 84 56 17
17.504 15.142 -1.596 84 53 32
17.605 15.142 -1.617 82 50 29
17.571 15.184 -1.5943 87 56 26
17.596 15.237 -1.6199 87 54 23
17.62 15.137 -1.5417 86 54 29
17.59 15.272 -1.6342 87 54 23
17.679 15.243 -1.5644 85 53 28
17.645 15.189 -1.5694 83 49 20
17.669 15.261 -1.609 83 54 23
17.63 15.242 -1.6328 83 51 30
17.659 15.288 -1.6595 83 52 31
17.741 14.991 -1.5036 83 51 26
17.724 15.117 -1.5551 85 56 25
17.656 15.69 -1.7485 86 54 29
17.783 14.912 -1.4818 85 54 26
17.812 14.932 -1.4945 86 54 31
17.777 15.191 -1.6403 85 55 27
17.803 15.345 -1.672 86 57 23
17.823 15.086 -1.6002 84 53 32
17.805 15.33 -1.6652 86 57 23
17.887 15.379 -1.6249 88 56 31
17.896 15.344 -1.5725 85 54 33
17.926 15.159 -1.6169 87 52 30
17.849 15.556 -1.6105 85 53 30
17.866 14.987 -1.5627 84 55 23
17.984 14.851 -1.4612 86 56 18
18.019 15.212 -1.502 84 53 25
17.937 15.563 -1.7956 82 52 24
18.005 15.087 -1.5667 84 54 30
17.98 15.501 -1.778 83 53 29
18.008 15.309 -1.5838 83 52 24
17.998 15.405 -1.658 80 52 13
17.966 15.295 -1.6062 90 59 28
17.932 15.168 -1.5833 83 51 28
18.051 15.323 -1.5571 85 53 30
18.078 15.163 -1.575 84 50 21
18.07 15.241 -1.6453 82 50 29
18.094 15.336 -1.5305 87 55 32
18.087 15.373 -1.5826 87 56 28
18.077 15.558 -1.6945 80 48 25
18.042 15.398 -1.6234 83 53 25
18.11 15.507 -1.7194 84 53 22
18.04 15.08 -1.5713 82 51 23
18.185 15.228 -1.6249 86 52 25
18.208 15.479 -1.6112 83 53 27
18.117 15.508 -1.6808 86 55 25
18.214 15.438 -1.5543 80 51 20
18.162 15.33 -1.5847 86 55 27
18.215 14.942 -1.5103 86 54 29
18.199 15.323 -1.5856 87 55 32
18.169 15.315 -1.5342 82 51 30
18.13 15.529 -1.6069 85 53 30
18.149 15.322 -1.6517 87 56 36
18.178 15.095 -1.6061 83 55 28
18.123 15.537 -1.6565 86 57 26
18.291 15.029 -1.5278 84 54 26
18.319 15.002 -1.5547 85 56 24
18.31 15.303 -1.5965 84 53 25
18.246 15.438 -1.5986 83 51 26
18.257 15.605 -1.6231 83 52 31
18.291 15.158 -1.6121 83 51 28
18.235 15.528 -1.7157 85 51 22
18.329 15.093 -1.5575 85 55 21
18.24 14.683 -1.4126 86 54 29
18.26 15.118 -1.5565 83 54 22
18.267 15.15 -1.5317 87 56 28
18.231 15.128 -1.5211 84 53 25
18.395 15.035 -1.5526 84 54 28
18.434 15.299 -1.5458 87 58 14
18.369 15.071 -1.527 85 53 28
18.374 15.062 -1.4844 83 53 25
18.38 15.148 -1.5191 84 52 29
18.391 15.219 -1.5106 84 54 26
18.402 15.049 -1.5218 83 52 24
18.405 15.085 -1.5373 83 52 24
18.368 15.145 -1.5924 87 56 28
18.433 15.359 -1.6031 84 55 21
18.434 15.091 -1.5818 87 57 29
18.345 15.155 -1.5168 89 56 23
18.406 15.107 -1.5453 83 52 24
18.508 15.287 -1.5576 86 56 28
18.504 15.199 -1.4795 87 56 28
18.485 14.908 -1.5152 89 55 26
18.433 15.017 -1.514 86 53 20
18.453 15.165 -1.5359 86 56 28
18.558 15.399 -1.6041 84 54 30
18.476 15.153 -1.6179 86 56 32
18.488 15.21 -1.6034 86 55 25
18.674 15.585 -1.6072 84 54 30
18.606 15.375 -1.5278 88 57 27
18.562 15.175 -1.5639 87 56 25
18.559 15.356 -1.5514 88 56 31
18.607 15.237 -1.5912 84 52 27
18.647 15.443 -1.5933 87 57 29
18.582 14.855 -1.4824 83 53 27
18.582 15.288 -1.5735 89 58 28
18.623 15.558 -1.6354 86 54 29
18.567 15.363 -1.5205 87 56 28
18.629 15.354 -1.6023 85 56 25
18.729 15.39 -1.5156 85 52 19
18.739 15.45 -1.5373 85 52 19
18.768 15.661 -1.6558 84 53 25
18.756 15.358 -1.547 86 52 25
18.732 15.658 -1.6061 83 52 22
18.702 15.505 -1.5817 83 52 22
18.696 15.506 -1.6286 83 55 28
18.615 14.855 -1.4884 86 57 26
18.812 15.642 -1.6127 82 52 24
18.816 15.173 -1.6115 85 55 27
18.835 15.181 -1.5033 89 57 18
18.796 15.335 -1.5085 83 53 25
18.862 15.444 -1.5087 86 53 22
18.801 15.395 -1.5682 84 53 23
18.839 15.389 -1.5767 87 55 30
18.829 14.962 -1.394 82 53 22
18.919 15.255 -1.5845 84 53 23
18.962 15.418 -1.6059 83 52 24
18.988 15.364 -1.594 82 53 22
18.89 15.151 -1.5767 86 54 31
18.885 15.245 -1.5321 85 53 32
18.833 14.836 -1.3507 85 53 30
19.019 15.166 -1.4903 85 54 26
19.032 15.215 -1.5089 85 54 26
19.141 15.477 -1.6228 88 55 24
19.025 15.311 -1.5034 85 53 28
19.069 15.234 -1.5621 87 56 26
18.983 15.189 -1.5318 85 55 27
19.029 15.106 -1.5545 84 53 22
19.014 15.165 -1.535 87 56 26
19.076 14.892 -1.4533 86 58 19
19.022 14.941 -1.4542 87 53 26
19.138 15.182 -1.483 85 54 26
19.209 15.438 -1.6196 84 53 23
19.031 14.99 -1.5088 88 58 34
19.059 14.852 -1.4709 87 57 29
19.215 15.576 -1.6187 87 56 25
19.097 15.077 -1.5146 85 52 33
19.178 14.881 -1.4366 83 54 20
19.137 14.874 -1.4579 88 56 18
19.147 15.01 -1.5069 85 52 7
19.282 15.281 -1.5446 87 56 26
19.44 15.498 -1.5992 85 52 21
19.352 15.164 -1.513 86 52 25
19.389 15.249 -1.5178 85 57 20
19.295 15.021 -1.4979 80 50 12
19.289 15.017 -1.532 88 53 21
19.297 15.215 -1.5222 86 54 29
19.458 15.422 -1.5418 87 55 30
19.254 14.805 -1.3905 87 54 21
19.291 15.121 -1.5668 86 52 25
19.308 15.157 -1.5416 83 49 20
19.293 15.026 -1.5361 88 53 21
19.288 14.893 -1.4249 87 54 21
19.306 14.956 -1.4786 85 51 26
19.295 15.106 -1.4862 85 55 17
19.504 15.242 -1.4965 84 52 29
19.389 14.907 -1.475 87 56 26
19.512 15.347 -1.4829 91 57 32
19.486 15.292 -1.5017 84 52 29
19.398 15.101 -1.5477 86 55 25
19.415 15.207 -1.4678 87 56 26
19.396 15.009 -1.5122 84 53 22
19.59 15.171 -1.4475 91 60 32
19.639 15.292 -1.5314 89 56 21
19.457 15.061 -1.504 82 52 28
19.413 14.87 -1.4392 82 51 21
19.78 15.582 -1.5095 94 59 37
19.604 15.13 -1.4769 83 53 19
19.732 15.245 -1.5388 89 57 32
19.715 15.365 -1.5323 94 62 14
19.712 15.35 -1.4779 93 60 27
19.562 15.045 -1.4817 85 51 13
16.769 15.044 -1.6501 82 52 16
16.991 14.614 -1.5578 76 47 16
16.956 14.712 -1.5768 80 51 29
16.96 14.772 -1.61 79 50 26
16.858 14.981 -1.6356 79 49 25
16.886 14.972 -1.6681 78 52 25
16.965 14.709 -1.5427 78 47 26
16.938 14.937 -1.6259 79 46 31
16.947 14.934 -1.5929 79 49 21
17.02 14.846 -1.6632 80 51 30
17.133 14.622 -1.5611 79 51 24
16.978 14.975 -1.6915 82 50 29
17.037 14.921 -1.6362 79 49 23
17.016 14.957 -1.6866 78 48 30
17.124 14.648 -1.5724 79 51 24
17.082 15.011 -1.6226 81 50 29
17.122 14.832 -1.6444 77 50 31
17.151 14.853 -1.6321 78 51 30
17.045 15.024 -1.6262 78 48 22
17.082 14.988 -1.6473 80 51 27
17.103 15.022 -1.6662 85 55 17
17.158 15.091 -1.6489 81 53 22
17.095 15.045 -1.6758 85 55 17
17.164 14.951 -1.6117 82 50 25
17.125 15.093 -1.6418 76 49 32
17.129 15.082 -1.6382 76 49 32
17.143 14.92 -1.5887 83 48 28
17.201 14.931 -1.6088 83 52 21
17.158 15.2 -1.7018 82 51 30
17.28 14.85 -1.6211 82 53 29
17.274 15.029 -1.6383 81 50 29
17.286 14.959 -1.6462 83 50 31
17.343 14.679 -1.4771 81 53 26
17.259 14.821 -1.595 83 53 35
17.244 14.891 -1.5993 82 50 35
17.274 14.893 -1.6066 83 50 31
17.383 14.805 -1.6246 82 54 25
17.419 14.783 -1.6149 83 55 24
17.345 14.978 -1.6621 82 47 27
17.302 15.044 -1.6525 80 45 23
17.303 15.068 -1.6244 84 54 30
17.279 15.033 -1.6097 87 54 37
17.319 14.952 -1.649 83 52 31
17.31 15.164 -1.6802 83 51 30
17.475 14.852 -1.5958 84 52 29
17.465 15.042 -1.6877 88 53 33
17.526 14.703 -1.5946 83 55 28
17.465 14.923 -1.5962 84 54 28
17.481 14.798 -1.6023 83 53 37
17.531 14.881 -1.6226 87 55 32
17.595 14.708 -1.5531 83 52 24
17.499 14.913 -1.5987 83 50 31
17.515 15.017 -1.6176 88 57 27
17.565 14.658 -1.5847 83 52 31
17.543 14.823 -1.5952 87 55 32
17.543 14.792 -1.6123 83 52 32
17.608 14.801 -1.5986 89 54 35
17.562 14.757 -1.5314 79 48 18
17.524 14.915 -1.6363 87 55 32
17.483 15.018 -1.6115 83 53 27
17.668 14.806 -1.6149 88 59 35
17.678 14.781 -1.5714 85 55 19
17.668 14.88 -1.5796 81 51 25
17.588 14.94 -1.6286 85 52 19
17.647 15.049 -1.6226 85 56 35
17.627 14.864 -1.6316 83 52 21
17.622 15.004 -1.6005 87 53 24
17.645 15.064 -1.6286 85 56 35
17.588 14.945 -1.6301 85 52 19
17.584 15 -1.6259 82 48 23
17.646 14.825 -1.5507 83 52 34
17.616 14.966 -1.6467 82 51 30
17.758 14.914 -1.6167 81 49 26
17.695 14.91 -1.6015 79 47 24
17.699 14.841 -1.6088 83 51 28
17.694 14.959 -1.5872 86 57 26
17.729 14.807 -1.6277 91 62 40
17.724 14.843 -1.6445 91 62 40
17.72 15 -1.6136 83 54 32
17.733 14.826 -1.6045 78 48 24
17.739 14.778 -1.5828 78 48 24
17.669 15 -1.7109 81 51 33
17.759 14.818 -1.6385 86 54 33
17.769 14.788 -1.5921 81 52 30
17.731 14.88 -1.5954 84 53 32
17.868 14.712 -1.579 81 48 17
17.794 14.882 -1.6125 80 52 25
17.845 14.597 -1.5497 81 51 25
17.791 14.961 -1.6095 82 53 32
17.79 14.864 -1.6333 83 51 28
17.831 14.834 -1.5983 83 53 19
17.833 14.761 -1.5979 81 52 30
17.928 14.718 -1.5935 81 51 23
17.93 15.01 -1.5923 83 52 24
17.883 14.89 -1.6643 84 54 30
17.892 14.856 -1.6196 79 48 27
17.887 15.124 -1.635 84 49 29
17.93 14.845 -1.5857 79 49 25
17.921 15.048 -1.6421 82 51 31
17.998 14.876 -1.5808 81 51 25
17.998 14.994 -1.5974 84 52 29
18.029 15.037 -1.626 81 48 29
18.04 14.911 -1.533 86 52 27
17.96 14.971 -1.6159 83 53 29
17.962 15.036 -1.6118 84 56 29
17.961 14.951 -1.6069 83 53 29
18.033 14.798 -1.5535 80 51 20
18.098 14.987 -1.616 78 51 18
18.138 14.838 -1.5235 85 56 32
18.133 14.713 -1.5016 81 51 23
18.125 15.047 -1.6883 83 52 22
18.063 15.029 -1.6261 84 52 29
18.092 15.015 -1.6623 81 50 20
18.068 15.078 -1.6138 82 51 30
18.196 14.819 -1.5651 83 53 29
18.159 14.807 -1.5857 85 54 23
18.164 14.787 -1.5372 83 53 27
18.212 15.077 -1.6015 82 52 28
18.184 14.739 -1.5873 81 50 22
18.191 14.834 -1.6028 84 52 29
18.222 14.809 -1.5957 82 50 29
18.191 14.871 -1.6206 84 52 29
18.171 14.942 -1.5758 84 50 38
18.229 14.844 -1.5791 81 52 20
18.303 14.822 -1.5121 85 54 26
18.32 14.742 -1.5522 84 54 28
18.252 14.745 -1.5758 83 52 22
18.256 14.716 -1.5277 88 54 27
18.309 14.655 -1.5445 80 52 25
18.293 14.845 -1.5949 84 54 20
18.333 14.863 -1.5794 78 49 25
18.279 14.998 -1.5834 86 56 30
18.284 14.759 -1.5882 80 51 27
18.305 14.969 -1.6111 82 50 27
18.284 14.758 -1.5886 80 51 27
18.413 14.735 -1.5709 83 52 24
18.371 14.947 -1.6195 77 47 23
18.39 14.835 -1.6084 85 55 27
18.352 14.989 -1.5556 83 54 20
18.426 14.811 -1.5727 85 55 17
18.36 14.716 -1.4863 78 51 16
18.352 14.83 -1.6301 79 49 25
18.362 14.896 -1.6276 77 47 21
18.363 14.911 -1.6345 77 47 21
18.457 15.027 -1.5959 83 56 23
18.464 14.87 -1.6055 85 52 19
18.467 14.847 -1.5592 84 50 25
18.442 14.71 -1.5657 85 51 26
18.513 14.778 -1.6104 85 54 24
18.515 14.926 -1.5687 82 54 27
18.501 14.856 -1.5703 82 53 21
18.478 14.902 -1.5495 86 56 32
18.479 14.761 -1.5942 79 50 28
18.514 14.917 -1.5646 82 54 27
18.485 14.767 -1.5639 87 53 24
18.556 15.032 -1.6527 87 54 21
18.565 15.053 -1.6324 87 53 24
18.582 14.742 -1.542 83 53 19
18.574 14.625 -1.4237 83 53 27
18.602 14.7 -1.5569 82 53 21
18.609 15.074 -1.6113 84 51 32
18.583 15.142 -1.6367 89 54 34
18.574 14.721 -1.5617 80 51 29
18.568 14.826 -1.537 81 52 30
18.609 14.881 -1.5674 80 53 16
18.558 15.085 -1.7177 87 53 26
18.667 14.863 -1.6051 82 54 25
18.715 14.888 -1.5553 82 54 27
18.664 14.818 -1.5504 83 53 25
18.671 14.572 -1.5146 82 52 24
18.609 14.74 -1.576 82 53 21
18.692 14.791 -1.5452 83 51 28
18.639 14.73 -1.5769 81 51 25
18.63 14.81 -1.5416 81 53 24
18.638 14.858 -1.5641 81 53 24
18.616 14.755 -1.5509 84 53 32
18.662 14.659 -1.52 82 53 31
18.655 14.648 -1.5477 84 55 24
18.794 14.971 -1.64 85 54 26
18.7 14.693 -1.5418 83 54 30
18.807 14.873 -1.6076 87 53 24
18.758 14.909 -1.5376 86 56 22
18.816 15.025 -1.5914 89 58 27
18.736 14.828 -1.5341 84 56 29
18.829 15.461 -1.7682 86 56 22
18.731 14.826 -1.5686 82 52 26
18.784 14.898 -1.5747 80 50 24
18.738 14.583 -1.5021 90 59 29
18.84 14.735 -1.5557 84 55 24
18.882 14.885 -1.5875 80 51 19
18.836 14.985 -1.6167 85 54 24
18.823 14.776 -1.5327 82 51 21
18.777 14.599 -1.4876 78 49 17
18.841 14.612 -1.5016 84 54 26
18.869 14.816 -1.5213 83 57 17
18.96 14.804 -1.5688 84 55 23
18.982 14.867 -1.5624 79 52 17
18.94 14.636 -1.5358 90 58 20
18.946 14.985 -1.6035 87 52 22
19.061 14.875 -1.5135 85 55 27
19.124 15.113 -1.689 83 54 22
19.04 14.919 -1.5249 86 55 25
19.019 14.782 -1.5734 85 54 26
19.005 14.829 -1.555 86 55 25
18.994 14.598 -1.4955 83 54 22
19.011 14.836 -1.5221 84 53 22
19.029 14.929 -1.638 85 55 29
19.076 14.845 -1.5741 85 55 31
19.136 14.8 -1.5002 89 58 27
19.156 14.8 -1.6073 89 59 23
19.068 14.637 -1.5229 81 52 30
19.132 14.932 -1.6538 83 52 31
19.199 14.972 -1.5388 91 60 29
19.3 15.16 -1.6244 91 61 33
19.302 15.065 -1.5889 91 59 21
19.343 14.97 -1.5322 96 65 37
16.853 15.679 -1.6321 83 53 27
16.791 15.748 -1.6492 86 51 29
17.222 15.52 -1.52 81 54 37
17.198 15.586 -1.5823 82 51 30
17.336 15.503 -1.5439 88 56 35
17.23 15.639 -1.5688 79 49 23
17.372 15.514 -1.5434 87 56 26
17.428 15.419 -1.5184 87 56 26
17.545 15.411 -1.501 84 52 31
17.4 15.749 -1.6511 85 56 34
17.75 15.754 -1.5469 83 51 30
18.087 15.664 -1.5462 89 57 34
18.142 15.5 -1.4158 82 53 21
18.127 15.668 -1.5516 90 58 35
18.209 15.729 -1.5896 87 57 29
18.579 15.243 -1.4163 83 54 32
18.602 15.694 -1.5227 83 54 30
18.837 15.401 -1.4715 86 58 29
19.68 15.486 -1.4542 93 63 27
16.571 15.348 -1.6729 81 51 23
16.58 15.426 -1.6668 83 51 28
16.719 15.15 -1.6339 82 52 34
16.628 15.401 -1.6595 78 47 17
16.79 15.006 -1.5392 81 52 31
16.667 15.193 -1.6482 81 52 30
16.746 15.363 -1.6745 79 48 18
16.715 15.336 -1.6897 80 53 10
16.86 15.062 -1.5841 79 50 16
16.705 15.281 -1.6557 82 51 31
16.721 15.517 -1.7405 73 46 13
16.815 15.257 -1.673 82 50 29
16.975 15.209 -1.6449 81 49 28
16.981 15.169 -1.667 79 50 26
17.072 15.118 -1.6272 86 55 37
17.212 15.23 -1.6705 86 56 32
17.185 15.205 -1.6491 89 58 27
17.188 15.743 -1.688 86 54 31
17.458 15.104 -1.5888 85 54 26
17.467 15.295 -1.5978 92 58 33
17.409 15.371 -1.6566 85 53 32
17.417 15.439 -1.5656 84 54 20
17.479 15.166 -1.6206 83 53 29
17.403 15.325 -1.719 87 55 34
17.444 15.238 -1.5701 88 56 33
17.578 15.258 -1.6112 86 51 22
17.445 15.72 -1.6446 86 54 29
17.633 15.139 -1.5647 80 49 18
17.599 15.096 -1.5799 87 53 26
17.639 15.058 -1.5681 85 56 22
17.653 15.232 -1.6099 84 52 31
17.656 15.26 -1.5804 84 52 29
17.71 15.118 -1.5333 85 53 28
17.692 15.2 -1.6046 84 55 33
17.818 15.002 -1.5474 82 51 21
17.852 14.989 -1.5457 84 52 27
17.914 15.045 -1.5834 85 53 30
18.029 15.007 -1.5215 82 52 16
17.974 15.443 -1.6822 84 51 16
17.986 15.332 -1.6079 87 54 35
17.979 15.208 -1.6298 85 53 28
18.02 15.08 -1.5854 82 51 23
18.028 15.363 -1.5851 86 54 29
18.098 15.242 -1.5905 83 54 20
18.074 15.288 -1.5299 87 55 32
18.106 15.6 -1.6538 85 55 29
18.064 15.433 -1.6214 86 53 34
18.098 14.9 -1.488 80 52 23
18.019 15.422 -1.6514 82 52 24
18.064 15.145 -1.5486 86 52 23
18.14 15.339 -1.6002 84 52 29
18.134 15.322 -1.6292 79 51 20
18.185 15.405 -1.5973 87 55 32
18.147 15.46 -1.609 83 55 28
18.226 15.565 -1.664 85 53 28
18.212 15.205 -1.5663 81 50 22
18.164 15.092 -1.5792 81 52 28
18.194 14.844 -1.4868 80 51 27
18.191 15.385 -1.5543 85 56 25
18.24 15.568 -1.5868 83 54 23
18.282 15.148 -1.5513 83 52 21
18.305 14.904 -1.4623 82 53 13
18.259 15.362 -1.5905 86 57 35
18.249 15.222 -1.5746 85 51 24
18.277 15.18 -1.6018 86 55 34
18.315 15.223 -1.6248 84 52 29
18.23 15.443 -1.5763 86 54 33
18.239 15.077 -1.5563 86 58 19
18.422 15.052 -1.5073 84 55 24
18.353 15.139 -1.5657 84 53 23
18.338 14.989 -1.5352 82 53 21
18.378 15.338 -1.5683 86 56 28
18.39 15.158 -1.5831 82 50 29
18.369 14.809 -1.4073 85 53 30
18.367 14.929 -1.5243 88 57 29
18.402 15.166 -1.5098 87 53 26
18.412 15.002 -1.5258 84 51 34
18.545 15.315 -1.4807 85 54 24
18.555 15.519 -1.6293 86 56 32
18.473 14.927 -1.5081 84 56 19
18.457 15.384 -1.6009 88 57 26
18.451 14.992 -1.488 89 56 23
18.455 15.09 -1.5676 82 51 23
18.6 15.456 -1.5307 88 57 29
18.577 15.319 -1.5251 88 57 29
18.598 15.288 -1.5921 87 56 25
18.692 15.59 -1.6329 85 56 25
18.622 15.423 -1.6099 84 54 30
18.574 15.347 -1.5689 82 54 25
18.541 15.129 -1.5221 87 56 25
18.647 15.558 -1.6162 88 56 31
18.759 15.675 -1.5936 85 52 19
18.692 15.076 -1.4227 87 52 30
18.727 15.554 -1.6278 83 54 23
18.771 15.501 -1.5371 84 52 29
18.763 15.492 -1.5759 87 52 30
18.841 15.454 -1.5338 87 54 23
18.844 15.502 -1.5939 86 54 29
18.795 15.45 -1.5668 84 53 23
18.785 15.192 -1.4772 86 54 29
18.824 15.034 -1.4303 87 54 21
18.962 15.324 -1.554 85 55 29
18.924 15.322 -1.5487 81 51 25
19.078 15.329 -1.5775 90 58 33
19.066 15.541 -1.5598 86 52 23
19.02 15.003 -1.4934 89 58 28
18.953 14.993 -1.4424 84 53 23
19.046 15.229 -1.5749 87 56 26
19.035 15.287 -1.5126 82 49 30
19.083 14.963 -1.4591 82 51 21
19.097 14.996 -1.4331 84 50 21
19.101 15.042 -1.5244 90 58 33
19.091 15.108 -1.5076 84 53 23
19.13 15.227 -1.514 85 54 26
19.069 15.161 -1.5215 86 52 25
19.217 15.041 -1.4729 81 49 10
19.338 15.196 -1.5826 85 55 17
19.223 14.772 -1.3855 85 54 26
19.364 15.166 -1.5779 89 56 23
19.245 15.035 -1.5121 88 56 18
19.379 15.391 -1.5723 93 60 29
19.368 15.264 -1.574 86 55 24
19.448 15.274 -1.5954 87 54 23
19.514 15.525 -1.6018 89 57 32
19.366 15.073 -1.5507 87 56 28
19.506 15.289 -1.4873 86 55 27
19.467 15.136 -1.5464 83 53 29
19.443 15.225 -1.459 88 58 22
19.683 15.435 -1.5603 90 59 29
19.373 14.821 -1.43 83 48 16
19.7 15.382 -1.5498 92 58 21
19.634 15.243 -1.5347 87 54 23
19.497 14.915 -1.3391 93 60 29
16.91 14.813 -1.5715 79 49 21
16.873 14.921 -1.5831 79 47 24
16.936 14.805 -1.605 81 51 33
16.933 14.797 -1.6292 80 48 27
16.857 15.217 -1.6965 79 48 30
17.021 14.913 -1.6471 82 52 34
17.062 14.705 -1.5795 80 49 28
17.058 14.872 -1.6705 80 50 24
17.057 15.047 -1.6193 79 49 25
17.043 15.067 -1.6609 80 48 27
17.099 14.995 -1.6387 84 49 27
17.137 14.861 -1.6133 82 52 34
17.054 14.907 -1.649 76 50 27
17.23 14.877 -1.6019 82 52 24
17.152 14.955 -1.587 83 56 37
17.175 14.974 -1.6122 81 51 23
17.016 15.264 -1.7182 76 49 30
17.185 15.044 -1.6478 83 50 33
17.193 15.041 -1.6131 87 56 35
17.294 14.914 -1.5649 83 53 25
17.242 14.961 -1.6162 79 49 23
17.283 14.903 -1.6299 80 52 23
17.24 15.078 -1.6789 78 47 27
17.255 14.896 -1.6165 82 49 30
17.244 14.977 -1.5879 81 50 29
17.304 15.138 -1.6472 82 52 26
17.297 15.301 -1.7163 82 51 30
17.349 14.887 -1.6379 84 55 23
17.2 15.371 -1.7749 82 50 35
17.395 14.827 -1.6162 86 55 35
17.354 14.895 -1.6102 83 53 27
17.503 14.808 -1.5632 82 52 28
17.477 14.766 -1.5694 86 53 38
17.512 14.767 -1.5445 83 52 22
17.487 14.91 -1.5794 85 55 21
17.484 14.868 -1.6212 84 54 28
17.491 15.074 -1.62 86 53 34
17.557 15.004 -1.6735 88 53 34
17.519 14.909 -1.5801 81 49 26
17.457 15.139 -1.7541 82 50 27
17.563 14.812 -1.5762 81 51 27
17.502 14.957 -1.6368 85 50 30
17.679 14.892 -1.6078 79 50 26
17.64 14.935 -1.6169 82 50 35
17.628 15.085 -1.6173 84 52 31
17.608 14.971 -1.5951 88 54 25
17.686 14.808 -1.6048 85 55 31
17.606 14.945 -1.6221 81 50 22
17.599 14.957 -1.6509 83 52 31
17.656 14.803 -1.5922 84 54 28
17.633 15.016 -1.6215 83 51 28
17.701 14.678 -1.5763 79 47 34
17.675 14.959 -1.6026 82 50 35
17.777 14.816 -1.6243 85 52 35
17.748 14.847 -1.6026 84 54 26
17.778 14.861 -1.612 83 52 24
17.692 14.971 -1.6868 84 55 33
17.71 14.892 -1.6155 85 53 32
17.752 14.86 -1.5743 86 55 25
17.755 14.753 -1.5881 83 53 25
17.84 14.813 -1.6398 81 52 28
17.781 14.883 -1.5916 80 51 27
17.847 14.797 -1.6013 80 52 5
17.878 14.8 -1.606 77 48 24
17.817 14.848 -1.5805 83 52 24
17.802 14.926 -1.6512 81 50 30
17.899 14.521 -1.5055 83 53 35
17.814 14.866 -1.5891 83 52 24
17.913 14.968 -1.5884 83 52 24
17.906 14.836 -1.626 84 54 26
17.942 15.033 -1.6218 84 54 30
17.946 14.88 -1.5907 80 48 23
17.97 15.128 -1.6717 83 52 32
18.047 14.927 -1.6023 83 53 29
17.943 15.11 -1.622 82 50 25
18.016 15.017 -1.5931 83 53 29
18.003 15.167 -1.6967 83 54 23
17.981 15.057 -1.6036 84 54 26
18.118 14.962 -1.5916 84 54 26
18.087 14.612 -1.464 84 52 27
18.146 14.872 -1.5906 82 50 25
18.047 15.124 -1.6453 83 51 28
18.113 14.901 -1.5979 81 49 28
18.085 14.968 -1.5882 82 49 34
18.19 14.89 -1.5381 82 54 25
18.151 14.985 -1.605 85 56 24
18.158 15.144 -1.6368 79 51 12
18.241 14.792 -1.5762 85 54 24
18.178 14.902 -1.6154 83 51 28
18.184 14.875 -1.5685 82 52 26
18.201 14.656 -1.5405 85 53 30
18.21 14.851 -1.598 79 51 22
18.172 14.852 -1.6229 84 52 29
18.28 14.852 -1.5748 83 52 21
18.263 14.706 -1.5781 81 50 32
18.302 15.07 -1.5974 82 54 27
18.268 14.685 -1.5337 80 49 19
18.323 14.84 -1.5066 85 55 29
18.31 14.8 -1.5582 80 50 24
18.311 14.922 -1.6495 84 54 26
18.379 14.87 -1.6026 83 54 23
18.344 14.911 -1.6484 80 50 24
18.344 14.828 -1.5839 80 52 21
18.37 14.814 -1.6094 82 53 31
18.483 14.866 -1.5891 84 50 21
18.467 14.982 -1.5979 85 55 27
18.438 14.509 -1.4586 84 53 25
18.492 15.167 -1.6418 82 52 28
18.444 14.603 -1.5329 85 55 21
18.501 14.931 -1.5454 86 52 23
18.533 14.964 -1.605 84 51 18
18.426 14.726 -1.589 85 53 28
18.447 14.835 -1.5668 80 48 23
18.507 14.798 -1.5642 81 51 23
18.498 14.951 -1.5938 83 51 28
18.516 14.913 -1.6523 85 54 24
18.44 14.817 -1.596 85 53 30
18.616 15.277 -1.7127 80 51 29
18.561 14.72 -1.5441 81 50 29
18.613 14.818 -1.56 83 55 26
18.632 14.978 -1.6663 80 51 20
18.582 14.799 -1.513 83 54 32
18.584 14.697 -1.5686 88 58 32
18.622 15.031 -1.5752 81 51 27
18.537 14.991 -1.6165 84 51 18
18.661 14.584 -1.5042 84 53 32
18.676 14.836 -1.6172 85 55 27
18.663 14.593 -1.5084 84 53 32
18.636 14.764 -1.5444 82 52 28
18.685 14.831 -1.5449 82 50 27
18.704 14.785 -1.5629 85 55 31
18.609 14.762 -1.501 81 51 25
18.634 14.78 -1.5804 82 49 32
18.686 14.866 -1.5914 87 56 26
18.797 15.182 -1.6297 85 55 29
18.82 15.118 -1.6098 85 55 27
18.761 15.025 -1.6019 84 56 29
18.756 14.855 -1.5665 84 53 32
18.774 14.971 -1.6503 81 54 17
18.702 14.748 -1.5133 82 51 20
18.787 14.984 -1.5891 80 52 13
18.816 14.959 -1.5853 83 52 24
18.755 14.72 -1.5469 84 53 32
18.873 15.247 -1.752 89 55 18
18.866 14.765 -1.553 83 54 22
18.876 14.945 -1.6278 79 47 24
18.849 14.81 -1.535 80 51 20
18.908 14.915 -1.5862 81 53 26
18.766 14.607 -1.4702 82 54 27
18.969 14.771 -1.5398 78 50 19
18.977 14.817 -1.5931 81 52 28
19.055 14.933 -1.5911 81 52 10
19.027 14.827 -1.5022 85 54 23
18.964 14.543 -1.4523 83 52 24
19.031 14.934 -1.5135 87 57 33
19.018 14.706 -1.4917 82 53 21
19.051 14.723 -1.538 82 55 12
19.048 15.03 -1.6223 86 54 31
19.039 14.849 -1.4831 92 63 29
19.05 14.733 -1.5744 80 50 24
18.968 14.671 -1.5385 85 55 29
19.018 14.827 -1.5743 84 53 23
19.176 14.863 -1.5121 89 58 28
19.192 15.011 -1.5682 87 56 25
19.111 14.711 -1.5487 90 60 34
19.248 15.056 -1.5594 89 55 26
19.289 14.974 -1.5368 90 59 29
19.273 15.027 -1.5497 89 59 31
19.335 14.9 -1.4881 89 57 36
