2983
0.085356 0.57687 0.10771 0.80519 0.82495 -0.14305 -0.0087226
4.4083 -2.4918 0.80086 96 71 41
4.0574 -2.2977 0.68292 95 70 38
4.2868 -2.4577 0.7721 98 70 43
4.1351 -2.4854 0.71078 77 57 23
3.9712 -2.3633 0.64595 79 55 27
3.9443 -2.4342 0.66705 78 58 24
3.9888 -2.431 0.71444 76 54 30
3.7315 -2.402 0.63435 96 68 41
3.7983 -2.4132 0.6498 90 66 30
3.7517 -2.3716 0.6121 89 63 36
3.8443 -2.4142 0.70546 86 62 34
3.8654 -2.4233 0.67597 89 65 37
3.7525 -2.4119 0.60682 92 67 35
3.9923 -2.5112 0.66802 85 61 33
3.8058 -2.4255 0.69053 91 67 33
3.6264 -2.398 0.60516 92 68 34
3.5701 -2.3905 0.58374 94 65 41
3.6829 -2.4162 0.6857 91 67 33
3.7332 -2.4098 0.66974 95 71 37
3.6689 -2.3928 0.61921 92 67 35
3.6544 -2.3879 0.64978 96 70 45
3.5116 -2.3864 0.59777 94 66 37
3.4727 -2.36 0.6202 92 71 42
3.5549 -2.4164 0.57763 93 68 36
3.5895 -2.4186 0.65123 94 67 34
3.5838 -2.4077 0.61579 93 65 38
3.4268 -2.3587 0.60679 93 68 36
3.4721 -2.391 0.58568 92 68 34
3.395 -2.3626 0.56557 91 64 29
3.3035 -2.3551 0.53464 92 66 41
3.2816 -2.3714 0.52614 92 66 39
3.3586 -2.3788 0.6099 94 71 38
3.3854 -2.3603 0.59409 92 69 38
3.2795 -2.345 0.58712 91 66 34
3.2979 -2.3556 0.56112 91 68 26
3.3958 -2.3635 0.56693 91 64 29
3.1411 -2.329 0.56852 92 67 35
3.2542 -2.3523 0.54882 90 64 41
3.0807 -2.2678 0.53199 90 65 33
3.1665 -2.3075 0.52632 90 65 33
3.2904 -2.3907 0.58599 90 66 30
3.1652 -2.3118 0.55375 92 64 33
3.0943 -2.3086 0.50123 92 68 34
3.2714 -2.3735 0.5816 90 66 30
3.1372 -2.3145 0.51248 92 68 32
3.0865 -2.3461 0.5491 89 66 33
3.0713 -2.3258 0.51676 90 66 28
3.0073 -2.2975 0.50079 92 68 40
3.0741 -2.3003 0.55155 90 67 36
3.1252 -2.3433 0.5347 89 66 35
3.0009 -2.2967 0.52654 91 66 36
3.0633 -2.3128 0.48912 90 67 34
2.9208 -2.3102 0.46871 91 68 35
2.9615 -2.329 0.53367 92 68 32
2.8815 -2.28 0.50936 93 69 31
2.9892 -2.3188 0.52147 92 69 28
2.9528 -2.2769 0.48566 94 70 36
2.908 -2.2645 0.47145 93 68 36
2.9046 -2.2662 0.49587 92 68 30
2.9117 -2.3059 0.48974 93 69 31
2.8487 -2.2684 0.45104 92 68 30
4.3657 -2.4265 0.59868 94 70 42
4.3503 -2.4245 0.63762 95 71 45
4.1642 -2.4412 0.6207 88 64 28
4.299 -2.4428 0.65342 97 73 37
4.2786 -2.527 0.68092 94 71 37
4.2496 -2.4177 0.68398 95 70 38
4.3192 -2.5014 0.64986 98 73 41
4.1865 -2.449 0.58502 93 70 26
4.2267 -2.5135 0.54509 73 52 25
3.9984 -2.2657 0.48835 96 71 39
4.2268 -2.4105 0.47827 96 70 29
3.9758 -2.4432 0.59984 71 50 23
4.0091 -2.4605 0.569 73 51 27
4.0266 -2.4375 0.61241 76 58 20
4.0728 -2.464 0.59176 74 53 24
4.1273 -2.4518 0.56794 71 56 17
4.0192 -2.3833 0.58474 76 56 29
4.0372 -2.5101 0.49711 54 34 10
4.1458 -2.509 0.56873 72 56 30
3.9933 -2.4424 0.5324 67 50 24
4.0485 -2.4531 0.61814 76 58 20
3.9869 -2.4309 0.4948 63 45 25
4.0026 -2.4354 0.45765 57 36 5
4.0291 -2.397 0.61694 80 56 28
4.0474 -2.4317 0.51129 75 52 34
4.0105 -2.4837 0.45717 69 49 0
3.8241 -2.4348 0.45344 90 64 39
3.7885 -2.4269 0.54836 92 69 38
3.8471 -2.4244 0.5308 90 66 38
3.8968 -2.4687 0.57668 89 62 29
3.8795 -2.4207 0.61039 86 62 36
3.8353 -2.4565 0.52404 91 67 39
3.857 -2.4662 0.49136 92 66 39
3.8496 -2.4195 0.49423 88 64 38
3.9886 -2.4812 0.52539 73 57 32
3.736 -2.4136 0.46559 94 70 42
3.9459 -2.4632 0.58856 80 54 37
3.797 -2.4545 0.43965 95 70 40
3.897 -2.4486 0.47048 89 65 39
3.9255 -2.4633 0.44008 92 67 35
3.7147 -2.3765 0.56582 92 66 39
3.8155 -2.4134 0.59181 90 63 28
3.9009 -2.4716 0.57589 89 62 29
3.9068 -2.4276 0.54618 75 55 28
3.8356 -2.4372 0.42134 95 68 31
3.6663 -2.4234 0.5786 93 68 38
3.5871 -2.3864 0.49461 93 70 36
3.7429 -2.4256 0.50195 90 69 42
3.6473 -2.4166 0.40897 95 70 38
3.591 -2.3833 0.45986 93 67 40
3.7 -2.4044 0.55684 93 70 37
3.6019 -2.4044 0.52923 93 68 38
3.6382 -2.3825 0.47693 92 69 28
3.6573 -2.3774 0.58385 94 69 37
3.7391 -2.4287 0.533 92 67 37
3.6637 -2.4088 0.51135 91 66 36
3.6923 -2.4193 0.45433 95 72 39
3.5397 -2.3682 0.3876 95 67 36
3.7089 -2.4259 0.42157 98 71 36
3.6577 -2.4104 0.54541 91 68 35
3.586 -2.3734 0.43086 94 71 40
3.574 -2.388 0.55652 94 69 37
3.5319 -2.3681 0.4206 94 70 42
3.4949 -2.3868 0.46933 89 66 35
3.4695 -2.377 0.52255 92 69 36
3.3968 -2.3662 0.37877 91 67 31
3.5176 -2.3996 0.43972 95 70 38
3.4481 -2.3904 0.48387 91 67 41
3.4637 -2.3781 0.5537 93 70 39
3.5052 -2.4212 0.40063 97 70 37
3.388 -2.3645 0.40882 93 69 41
3.5333 -2.3924 0.54028 92 70 31
3.5369 -2.3837 0.48089 91 67 41
3.5444 -2.3837 0.44779 93 70 37
3.4218 -2.3566 0.41967 93 69 43
3.4326 -2.3831 0.51149 90 65 33
3.5002 -2.3969 0.49889 88 68 34
3.44 -2.378 0.45445 92 66 39
3.3932 -2.3551 0.5343 91 66 34
3.519 -2.3749 0.50882 93 68 38
3.5022 -2.3809 0.40642 93 68 38
3.2351 -2.3186 0.46027 86 65 36
3.2878 -2.3603 0.44166 90 68 31
3.2712 -2.3099 0.44306 88 68 34
3.3269 -2.3289 0.48922 93 69 43
3.3609 -2.3719 0.36951 91 67 33
3.3672 -2.3694 0.52557 91 68 35
3.3802 -2.369 0.46547 86 65 36
3.2802 -2.37 0.52497 92 66 39
3.2943 -2.3412 0.50296 91 67 33
3.2926 -2.3536 0.38522 91 66 36
3.2349 -2.3427 0.39817 90 66 40
3.3344 -2.3599 0.42355 93 69 41
3.2786 -2.3521 0.44012 90 68 31
3.281 -2.3487 0.41126 93 69 43
3.3849 -2.3731 0.4668 86 65 36
3.2345 -2.3368 0.36893 92 69 36
3.3934 -2.3748 0.43962 91 67 41
3.3143 -2.3535 0.47986 89 66 35
3.3274 -2.3484 0.3961 92 67 35
3.3309 -2.3682 0.48297 89 66 35
3.2635 -2.3494 0.49152 88 64 36
3.0967 -2.3187 0.36253 93 68 36
3.1752 -2.3447 0.49456 92 67 35
3.143 -2.3227 0.34707 95 68 35
3.2052 -2.3563 0.41673 92 66 39
3.1262 -2.3175 0.39775 94 70 42
3.1938 -2.3273 0.50539 91 67 29
3.1873 -2.3343 0.38521 94 69 23
3.1016 -2.3103 0.47655 89 65 39
3.1662 -2.3497 0.37745 94 66 37
3.0988 -2.3154 0.33468 97 69 42
3.2385 -2.3515 0.42797 90 66 30
3.2181 -2.3437 0.4793 89 64 32
3.2158 -2.3551 0.36101 93 66 33
3.1873 -2.3452 0.44167 88 64 38
3.2406 -2.3588 0.45554 91 67 39
3.1562 -2.3219 0.46516 89 65 37
3.1171 -2.3141 0.42299 90 67 36
3.1001 -2.3035 0.4482 90 67 33
3.0027 -2.3209 0.46691 95 67 36
2.9862 -2.3125 0.33111 95 68 33
2.9864 -2.2947 0.4136 95 68 33
2.9685 -2.2769 0.41027 95 68 33
3.0514 -2.3196 0.40378 92 69 36
3.0214 -2.3008 0.45077 91 65 38
3.0021 -2.3153 0.44184 94 68 41
3.0329 -2.3249 0.34154 95 67 38
3.0171 -2.3018 0.4761 94 65 41
2.9811 -2.3074 0.33045 95 68 33
3.0801 -2.3185 0.43938 93 70 39
3.0669 -2.3008 0.41176 95 67 40
3.0917 -2.319 0.38712 95 67 40
3.0908 -2.334 0.46854 91 65 40
3.04 -2.3034 0.3758 96 69 32
2.9931 -2.291 0.36226 93 70 28
2.9924 -2.2956 0.38943 96 71 41
3.0513 -2.309 0.34894 93 66 29
3.0248 -2.2989 0.42515 92 67 37
2.9073 -2.2911 0.43976 91 67 41
2.8858 -2.2818 0.33307 94 68 27
2.945 -2.2969 0.45449 95 69 42
2.8819 -2.3103 0.32678 95 70 40
2.9728 -2.3042 0.35531 96 69 36
2.9213 -2.2955 0.39395 97 70 33
2.8703 -2.2809 0.40659 93 71 34
2.9418 -2.3014 0.32183 96 68 41
2.9123 -2.2812 0.36652 94 69 39
2.8734 -2.2889 0.42967 95 71 45
2.9629 -2.31 0.43318 96 72 38
2.9638 -2.3054 0.40513 95 71 33
2.9305 -2.31 0.42087 92 66 39
3.0016 -2.3381 0.38551 96 71 41
2.9039 -2.3054 0.36079 93 70 36
2.9441 -2.3086 0.34689 93 69 33
2.8752 -2.2808 0.38183 95 71 43
4.4053 -2.247 0.27511 63 45 23
4.3339 -2.4443 0.30813 99 75 41
4.3248 -2.5061 0.41458 99 71 42
4.1216 -2.442 0.30255 101 73 44
4.2462 -2.4759 0.28164 100 75 45
4.2196 -2.4282 0.36505 98 74 38
4.3174 -2.5317 0.32599 99 75 41
4.264 -2.4805 0.24264 100 75 43
4.2027 -2.4908 0.26937 100 76 42
4.2625 -2.5017 0.35938 101 74 37
4.2071 -2.5084 0.34466 101 74 39
4.0142 -2.5017 0.3043 96 74 37
3.9902 -2.4553 0.38377 97 73 37
4.128 -2.5043 0.36996 98 73 41
4.0405 -2.5141 0.27023 98 75 42
4.0838 -2.5021 0.28115 98 73 43
4.1153 -2.5178 0.24767 98 75 42
4.123 -2.4935 0.32891 100 73 36
3.9813 -2.4555 0.41631 90 70 36
4.041 -2.4491 0.39406 98 73 41
4.1049 -2.5023 0.44413 84 59 27
3.9562 -2.4657 0.3357 99 72 35
4.0988 -2.4694 0.29165 99 75 41
4.142 -2.4773 0.41411 97 72 42
3.9737 -2.4296 0.30833 97 71 44
4.1167 -2.4749 0.25569 98 75 42
3.999 -2.4548 0.34751 98 70 41
3.8979 -2.4028 0.22313 96 72 38
4.1493 -2.4753 0.37725 100 73 36
3.6737 -2.3735 0.28602 100 72 41
3.8091 -2.4318 0.27403 98 73 41
3.9151 -2.5058 0.24571 99 71 42
3.7592 -2.4338 0.26119 101 74 41
3.7668 -2.4187 0.37223 96 70 43
3.8869 -2.4277 0.39631 99 73 33
3.8567 -2.4464 0.38778 96 72 34
3.7775 -2.4205 0.33922 99 74 42
3.9003 -2.4726 0.35702 98 71 38
3.9181 -2.4442 0.36306 100 73 40
3.8158 -2.4432 0.30736 98 71 36
3.8189 -2.3984 0.28093 98 73 41
3.8223 -2.4075 0.3154 99 72 35
3.9037 -2.4554 0.25353 97 74 43
3.7287 -2.3955 0.39944 96 72 36
3.685 -2.3886 0.32153 100 74 34
3.7476 -2.4185 0.22801 100 75 45
3.6155 -2.3848 0.36759 96 71 39
3.59 -2.3788 0.23246 97 74 43
3.611 -2.414 0.33117 97 74 32
3.6695 -2.4157 0.31311 95 71 35
3.7012 -2.4346 0.28228 99 72 35
3.6105 -2.3953 0.23387 97 74 43
3.7839 -2.4873 0.22181 98 73 27
3.6467 -2.4037 0.34168 99 72 35
3.5621 -2.4008 0.25781 95 70 38
3.7266 -2.4277 0.36204 99 71 42
3.6948 -2.3963 0.32273 100 74 34
3.5799 -2.3947 0.35921 95 70 40
3.7227 -2.4304 0.38767 99 71 32
3.6319 -2.4249 0.30249 96 71 39
3.5822 -2.4112 0.22599 96 71 39
3.7518 -2.4684 0.25335 99 73 33
3.6143 -2.4045 0.26803 98 71 38
3.539 -2.3876 0.28467 97 72 42
3.4301 -2.3521 0.36073 93 69 33
3.5071 -2.4255 0.20647 96 68 29
3.3752 -2.3561 0.22181 94 71 40
3.443 -2.3771 0.23394 94 69 37
3.4865 -2.3621 0.37484 93 68 36
3.3821 -2.3677 0.25266 94 69 37
3.4892 -2.3586 0.34441 97 69 38
3.471 -2.3751 0.30592 95 71 37
3.4044 -2.3615 0.32162 96 69 36
3.5166 -2.4072 0.2768 93 67 40
3.419 -2.3795 0.35023 92 66 39
3.3881 -2.3616 0.19268 94 69 39
3.446 -2.3425 0.24073 96 72 36
3.4316 -2.3477 0.33105 96 69 34
3.5328 -2.3886 0.31781 95 70 40
3.4984 -2.3803 0.21294 99 71 42
3.4284 -2.3764 0.29528 94 67 32
3.4418 -2.3818 0.26434 91 68 34
3.2744 -2.3565 0.2881 93 66 33
3.2387 -2.349 0.22107 92 68 40
3.3321 -2.3662 0.27131 93 69 33
3.2937 -2.3489 0.35533 90 66 28
3.2964 -2.3597 0.20387 93 65 38
3.3943 -2.3953 0.34352 93 68 38
3.3883 -2.3844 0.31117 94 69 39
3.3068 -2.3549 0.3263 96 68 41
3.2458 -2.3362 0.3144 93 67 40
3.3018 -2.3756 0.26256 95 67 40
3.3166 -2.358 0.29824 95 67 36
3.2715 -2.3733 0.19483 95 69 29
3.3841 -2.3751 0.28298 93 70 37
3.2903 -2.3598 0.23316 94 69 39
3.3493 -2.3761 0.24627 94 69 39
3.246 -2.342 0.34412 94 71 40
3.214 -2.3319 0.24624 93 69 43
3.2683 -2.3705 0.19507 95 69 29
3.3819 -2.3987 0.21535 94 71 40
3.1663 -2.3529 0.20546 92 68 34
3.1607 -2.3338 0.31972 93 68 38
3.0971 -2.3221 0.19262 94 69 23
3.0945 -2.3249 0.22165 94 70 42
3.1621 -2.3246 0.26644 94 69 37
3.1828 -2.3384 0.23958 93 67 40
3.1118 -2.3173 0.28197 96 69 32
3.1267 -2.3366 0.31087 95 69 42
3.1238 -2.3234 0.25582 94 69 37
3.1762 -2.3429 0.29463 95 67 38
3.206 -2.3406 0.32906 94 66 35
3.2052 -2.37 0.298 95 67 38
3.2233 -2.3513 0.30652 92 66 39
3.2002 -2.3439 0.18432 94 70 36
3.2181 -2.3657 0.21408 93 69 41
3.1408 -2.3342 0.23036 94 70 34
3.0741 -2.3105 0.24556 96 68 41
3.2167 -2.3398 0.2771 94 67 34
3.0354 -2.3069 0.23485 94 70 36
3.0479 -2.3345 0.31787 92 69 38
3.023 -2.3185 0.17599 93 68 38
3.0038 -2.3199 0.28147 96 69 34
2.963 -2.3025 0.21976 95 69 42
3.0393 -2.306 0.2128 93 70 39
3.1006 -2.341 0.27499 94 67 30
3.02 -2.3308 0.25682 95 72 31
2.9795 -2.3006 0.3031 96 68 39
2.9619 -2.2964 0.19276 92 68 30
3.0243 -2.3299 0.22842 94 70 42
2.9902 -2.3197 0.16944 94 67 32
3.0846 -2.3309 0.30144 95 68 35
3.0209 -2.3215 0.20254 93 66 31
3.0436 -2.2969 0.32487 94 71 40
3.0103 -2.2928 0.28764 93 69 41
3.0741 -2.3499 0.26801 93 70 39
3.0612 -2.3217 0.18442 93 68 38
2.9021 -2.2936 0.31055 95 67 36
2.9721 -2.3266 0.29722 94 68 43
2.8897 -2.289 0.17737 94 71 38
2.9381 -2.2872 0.26659 92 64 35
2.8901 -2.3271 0.19718 95 68 35
2.8814 -2.3 0.27782 95 69 42
2.9035 -2.313 0.22814 96 71 41
2.8719 -2.2852 0.25168 94 72 35
2.8595 -2.2901 0.16856 92 66 39
2.9498 -2.3224 0.21287 94 70 42
2.947 -2.3146 0.18653 92 68 34
2.9316 -2.3138 0.26219 90 67 33
2.903 -2.2895 0.2843 92 68 32
2.8854 -2.2894 0.20197 94 70 42
2.9591 -2.3035 0.24408 92 72 38
2.8784 -2.3018 0.30252 96 71 41
2.9182 -2.2952 0.23536 94 69 39
2.8669 -2.3076 0.21979 97 68 44
4.2722 -2.5165 0.15717 99 74 44
4.0771 -2.4188 0.1044 98 76 39
4.2513 -2.4497 0.12458 98 70 39
4.1554 -2.4661 0.067257 95 71 37
4.2696 -2.4844 0.24391 100 75 43
4.1786 -2.497 0.14827 100 73 40
4.1913 -2.4684 0.19219 98 74 38
4.1635 -2.4566 0.22988 99 75 39
4.272 -2.509 0.11887 96 71 39
4.2176 -2.4644 0.078627 94 70 36
4.2157 -2.4631 0.078644 94 70 36
4.0987 -2.4198 0.032297 93 69 35
4.2769 -2.4818 0.20474 100 73 40
4.1458 -2.481 0.18063 99 72 37
4.2793 -2.499 0.042063 95 68 31
4.1564 -2.4668 0.068567 95 71 37
4.2926 -2.4699 0.088801 95 72 41
4.3189 -2.4797 0.048228 94 70 34
4.0469 -2.4548 0.16972 97 73 39
4.0081 -2.4489 0.049753 95 71 37
4.0216 -2.4298 0.13278 96 72 34
4.0779 -2.4405 0.21402 99 76 35
3.8715 -2.4047 0.10923 96 71 39
3.9895 -2.463 0.19369 99 74 44
4.1071 -2.5345 0.12416 95 70 38
4.0279 -2.4841 0.15698 99 72 35
4.1664 -2.5109 0.021142 94 70 36
4.0214 -2.4654 0.085072 94 70 36
4.0542 -2.4669 0.20419 103 75 44
3.8799 -2.4176 0.1444 97 73 37
4.1463 -2.5112 0.097064 97 69 38
3.9121 -2.4281 0.077539 94 70 36
3.9771 -2.4691 0.04245 93 69 33
4.1003 -2.4714 0.057537 95 70 38
3.8818 -2.4606 0.13795 94 68 43
3.693 -2.397 0.11762 96 71 41
3.7433 -2.4298 0.082456 96 68 39
3.834 -2.4459 0.021792 93 68 36
3.9004 -2.5032 0.058136 94 69 39
3.765 -2.4255 0.19456 100 71 47
3.7728 -2.4251 0.16072 96 72 38
3.847 -2.4408 0.17044 95 71 37
3.8768 -2.4434 0.065028 98 71 34
3.9376 -2.4671 0.18167 97 73 39
3.9174 -2.4588 0.21848 98 69 35
3.768 -2.4426 0.049815 95 67 36
3.9074 -2.4601 0.036126 91 66 36
3.7946 -2.4355 0.12905 95 69 42
3.8011 -2.4127 0.20406 99 72 39
3.7817 -2.419 0.09176 93 67 40
3.9266 -2.4877 0.10515 95 70 38
3.7847 -2.449 0.014491 91 66 34
3.6361 -2.4037 0.17207 97 69 38
3.5637 -2.378 0.1285 94 71 40
3.5177 -2.3727 0.089561 91 67 39
3.5549 -2.3972 0.056557 91 68 37
3.5641 -2.3843 0.16059 93 70 39
3.6543 -2.4244 0.20573 99 72 39
3.6259 -2.4162 0.066218 93 70 36
3.594 -2.3965 0.097656 90 67 36
3.6085 -2.3693 0.10474 96 70 43
3.5784 -2.4288 0.12387 92 67 35
3.6914 -2.4228 0.04141 93 69 31
3.5312 -2.3634 0.18937 98 73 27
3.5842 -2.4152 0.025175 93 66 31
3.6779 -2.4184 0.074401 95 71 37
3.5641 -2.3605 0.035326 93 69 31
3.4969 -2.411 0.17325 92 66 41
3.5434 -2.4323 0.080964 90 67 36
3.4746 -2.3806 0.1126 94 70 36
3.3999 -2.3432 0.041444 91 68 26
3.4857 -2.4279 0.1041 91 65 38
3.4111 -2.3957 0.065217 92 65 30
3.3482 -2.3467 0.094013 88 65 32
3.4782 -2.4156 0.074023 91 65 40
3.5276 -2.3988 0.18571 94 68 41
3.4775 -2.3654 0.017795 89 67 30
3.482 -2.3927 0.1437 92 69 38
3.4163 -2.3944 0.03453 90 65 35
3.446 -2.3998 0.13521 89 68 37
3.532 -2.4168 0.049189 93 65 34
3.3646 -2.3667 0.12492 92 66 39
3.3572 -2.3546 0.094775 88 65 32
3.4228 -2.3857 0.16468 91 69 30
3.5369 -2.4004 0.15306 93 70 39
3.5041 -2.3934 0.049283 93 65 34
3.2863 -2.401 0.07194 91 68 35
3.3134 -2.3693 0.17458 94 69 39
3.2525 -2.3648 0.042937 89 65 37
3.3397 -2.3815 0.11683 89 65 31
3.3693 -2.402 0.087917 90 67 36
3.236 -2.3304 0.13586 90 69 40
3.3842 -2.3894 0.155 91 67 31
3.3607 -2.3746 0.1847 93 68 38
3.2829 -2.3367 0.14503 92 67 37
3.3311 -2.3937 0.019705 92 64 33
3.1926 -2.3262 0.1265 91 67 41
3.2414 -2.3299 0.10749 91 67 41
3.251 -2.3742 0.099658 89 65 39
3.2323 -2.3162 0.077529 91 66 34
3.2873 -2.3821 0.16711 92 69 28
3.2623 -2.3681 0.013351 90 65 35
3.323 -2.3555 0.055992 92 67 35
3.3525 -2.3759 0.027662 88 64 30
3.3036 -2.3746 0.048512 92 64 35
3.1019 -2.3163 0.13906 92 67 37
3.1392 -2.3464 0.11262 91 67 39
3.1854 -2.3654 0.1779 92 69 35
3.1805 -2.3695 0.029345 89 65 31
3.1327 -2.3595 0.021977 88 67 38
3.0909 -2.3299 0.077948 92 66 39
3.1063 -2.3394 0.04926 89 66 32
3.183 -2.3524 0.11871 90 67 34
3.1817 -2.376 0.056458 91 67 39
3.2116 -2.3489 0.15522 92 68 34
3.1507 -2.3171 0.091121 90 64 39
3.1979 -2.3717 0.14924 90 67 33
3.1668 -2.3672 0.085851 90 66 30
3.0856 -2.33 0.10499 88 65 31
3.0883 -2.3085 0.16541 89 66 33
3.1754 -2.3348 0.063738 91 63 32
3.2181 -2.369 0.036413 89 66 35
2.9926 -2.312 0.11553 92 69 38
3.0067 -2.2974 0.14778 92 67 37
3.032 -2.3461 0.089797 91 63 24
3.0679 -2.342 0.070482 93 65 36
2.9956 -2.3 0.036578 88 63 31
3.0551 -2.3348 0.098877 89 64 41
2.9984 -2.3078 0.063522 91 66 34
3.0122 -2.3555 0.057076 93 65 38
3.071 -2.3261 0.15869 91 68 34
3.1519 -2.399 0.13508 87 67 33
3.0761 -2.3449 0.043323 90 64 39
3.0153 -2.3008 0.1227 90 64 37
3.0119 -2.3363 0.14283 93 70 39
2.9835 -2.3217 0.03141 90 66 38
3.0739 -2.3376 0.015905 87 62 30
2.9433 -2.296 0.10772 91 63 36
2.9961 -2.3443 0.083995 94 66 35
2.9024 -2.2971 0.15257 92 69 38
2.9248 -2.3289 0.017594 89 65 37
2.8829 -2.3001 0.095256 90 65 33
2.8648 -2.286 0.11925 89 68 37
2.8865 -2.2989 0.069034 91 65 40
2.9153 -2.324 0.043607 90 65 33
2.8484 -2.2871 0.037625 92 68 40
2.9406 -2.3216 0.076422 93 71 32
2.8573 -2.3059 0.087306 92 69 38
2.9523 -2.315 0.16116 90 67 34
2.9204 -2.296 0.049235 93 67 26
2.8536 -2.2973 0.063043 91 66 36
2.9506 -2.3084 0.13455 93 68 36
2.9285 -2.319 0.12702 90 66 38
2.9392 -2.3251 0.10305 90 66 38
2.8671 -2.2932 0.1441 92 69 35
2.8659 -2.3006 0.012359 88 64 28
2.9306 -2.3064 0.049084 93 67 26
2.9507 -2.3034 0.1079 91 63 36
2.9339 -2.3049 0.024304 87 65 28
2.9546 -2.3174 0.16097 90 67 34
2.8624 -2.3162 0.11284 89 66 32
5.2486 0.76431 -0.078661 57 39 19
4.2314 -2.4963 -0.048809 92 67 35
4.2639 -2.5264 -0.0079476 93 67 40
4.1662 -2.4812 -0.1341 90 67 26
4.2536 -2.5042 -0.092017 92 66 41
4.1522 -2.4789 -0.09344 90 62 33
4.2256 -2.5074 -0.21868 85 60 30
4.1504 -2.4924 -0.015284 93 68 36
4.3102 -2.5045 -0.039832 91 66 36
4.3028 -2.4919 -0.085009 90 67 36
4.1872 -2.5107 -0.056489 94 66 39
4.2783 -2.5136 -0.13465 88 64 26
3.9494 -2.4635 -0.11537 88 64 30
4.0451 -2.4543 -0.062304 91 66 34
4.0328 -2.4958 -0.034053 91 66 34
4.0419 -2.452 -0.062791 91 66 34
4.0314 -2.4877 -0.073052 90 65 33
4.095 -2.4973 -0.022357 91 68 35
3.9013 -2.4483 -0.0045039 93 67 40
4.05 -2.472 0.0094669 91 65 38
4.003 -2.481 0.0019321 92 68 34
3.973 -2.4878 -0.079456 92 67 37
4.0254 -2.4694 -0.14134 91 67 33
4.0067 -2.4484 -0.18153 88 64 30
4.1046 -2.4895 -0.10067 90 65 35
3.9667 -2.4693 -0.14902 86 64 25
3.9146 -2.4661 -0.19415 87 63 27
4.0142 -2.4682 -0.10558 92 69 28
3.9697 -2.4924 -0.04059 91 67 31
3.7574 -2.4425 -0.13045 88 64 30
3.843 -2.4607 -0.16353 88 65 24
3.7432 -2.4508 -0.027745 90 66 32
3.7559 -2.4203 -0.019082 89 64 32
3.7143 -2.4152 -0.094558 90 66 32
3.8661 -2.4434 -0.12065 89 66 25
3.7447 -2.3986 -0.089159 92 64 27
3.811 -2.4563 -0.053671 90 64 37
3.8222 -2.4516 -0.12604 92 64 35
3.8725 -2.455 -0.082036 88 64 30
3.8741 -2.4427 -0.15879 91 66 34
3.845 -2.441 -0.046704 91 67 31
3.7708 -2.4464 -0.16508 90 66 28
3.8866 -2.4792 -0.012218 89 64 34
3.8537 -2.4621 -0.19841 88 61 26
3.684 -2.3979 -0.06152 91 66 34
3.7978 -2.4461 -0.052729 90 64 37
3.6904 -2.4429 -0.06861 89 64 34
3.5689 -2.4171 -0.11276 88 62 37
3.7127 -2.4543 -0.10269 89 65 27
3.6309 -2.4411 -0.040508 91 65 40
3.603 -2.4245 -0.0062272 89 63 36
3.5781 -2.4186 -0.14843 88 62 21
3.6986 -2.4558 -0.034567 89 66 24
3.6287 -2.4061 0.0004705 91 66 36
3.6739 -2.4509 -0.17321 88 62 21
3.5903 -2.4223 -0.18116 86 61 29
3.6623 -2.454 -0.11024 90 64 23
3.5035 -2.3812 -0.011822 92 64 35
3.6245 -2.4296 -0.073719 87 62 30
3.5229 -2.3912 -0.045986 89 66 35
3.7237 -2.4419 0.0055018 92 67 35
3.5725 -2.4262 -0.080372 91 67 29
3.6253 -2.4179 -0.14472 88 60 29
3.7313 -2.4564 -0.16801 85 61 27
3.4907 -2.3966 -0.084692 86 63 22
3.4302 -2.3889 -0.059431 87 61 21
3.4846 -2.4092 0.010515 91 66 34
3.4738 -2.4086 -0.15354 86 63 22
3.4328 -2.397 -0.027234 87 64 33
3.3868 -2.383 -0.096634 88 63 31
3.396 -2.3853 -0.12662 89 61 34
3.4556 -2.399 -0.11978 88 65 31
3.4772 -2.3793 -0.11544 87 66 23
3.522 -2.4107 -0.15054 87 60 23
3.428 -2.3987 0.0026937 87 62 32
3.4893 -2.4073 -0.02139 89 64 34
3.378 -2.3869 -0.033429 89 64 34
3.3837 -2.3804 -0.096601 88 63 31
3.4014 -2.3842 -0.15778 86 61 31
3.4628 -2.411 -0.091277 87 64 22
3.5325 -2.4377 -0.055519 91 66 36
3.3876 -2.3895 -0.064927 90 63 26
3.3873 -2.4094 -0.16764 86 59 24
3.3432 -2.3875 -0.070271 88 66 27
3.2808 -2.3739 -0.04674 88 61 26
3.2684 -2.3461 -0.1358 86 62 26
3.3643 -2.4005 -0.10375 87 64 31
3.1967 -2.3384 -0.022031 87 64 31
3.1565 -2.3152 -0.14089 84 60 24
3.2566 -2.3771 -0.10942 92 65 28
3.2821 -2.3806 -0.016052 88 63 33
3.3878 -2.4012 -0.0030054 85 60 30
3.2945 -2.4062 -0.14268 85 62 21
3.3028 -2.3826 -0.10643 88 63 40
3.2919 -2.3532 -0.0087072 87 64 30
3.315 -2.3681 -0.039567 87 65 26
3.295 -2.3811 -0.076672 87 63 25
3.217 -2.3518 -0.051154 87 62 14
3.2374 -2.365 -0.081047 88 63 33
3.3766 -2.4057 -0.13553 89 62 25
3.1792 -2.3717 -0.15009 88 62 35
3.2156 -2.3809 -0.087816 89 64 34
3.1135 -2.3655 -0.04042 88 64 26
3.2035 -2.3501 0.0067161 87 60 41
3.1401 -2.3807 -0.09762 89 65 27
3.1297 -2.3408 -0.062417 87 65 26
3.1123 -2.3296 -0.032682 88 65 32
3.0862 -2.3237 -0.12402 84 62 25
3.1651 -2.3444 -0.02811 86 65 34
3.2003 -2.3611 -0.11501 86 62 28
3.2025 -2.3578 -0.14334 84 60 24
3.1292 -2.316 0.00054191 86 65 34
3.1587 -2.379 -0.006786 90 65 35
3.1486 -2.3535 -0.091897 88 64 36
3.1778 -2.351 -0.05784 89 65 31
3.0988 -2.3306 -0.15249 88 64 38
3.1827 -2.3805 -0.12379 88 61 28
3.095 -2.3425 -0.067659 88 63 31
3.0221 -2.3452 -0.051503 88 67 20
3.0219 -2.321 0.0086348 89 64 34
3.0775 -2.336 -0.010981 90 65 35
3.0428 -2.3505 -0.13239 87 61 20
3.0691 -2.352 -0.072687 89 65 27
3.0597 -2.3531 -0.017876 90 66 28
2.9818 -2.3288 -0.10956 86 60 37
3.0503 -2.3387 -0.045679 89 65 29
2.964 -2.3257 -0.029262 86 62 28
3.0223 -2.3403 -0.077008 87 63 27
3.1033 -2.375 -0.13027 87 60 27
2.992 -2.3201 -0.023617 87 61 36
2.9696 -2.3027 0.0040645 88 63 31
2.9679 -2.3197 -0.082848 89 67 30
3.0443 -2.3571 -0.10554 87 62 32
2.9969 -2.339 -0.13657 86 62 34
3.068 -2.3458 -0.099553 88 60 29
2.9528 -2.3094 -0.056189 88 63 33
2.878 -2.3273 -0.09512 86 63 32
2.9068 -2.3339 -0.040479 90 62 33
2.8464 -2.3033 -0.044105 89 63 23
2.9394 -2.3391 -0.0080275 89 65 39
2.926 -2.3107 -0.088232 87 64 23
2.9106 -2.3045 -0.03407 92 65 28
2.9709 -2.3617 -0.061877 89 64 32
2.8682 -2.2887 -0.063729 88 63 31
2.9406 -2.3069 -0.0022827 92 64 37
2.8738 -2.318 -0.12113 83 62 33
2.9483 -2.3287 -0.11653 85 60 30
2.8898 -2.3064 -0.090669 86 61 29
2.9032 -2.3155 -0.11824 88 63 33
2.8735 -2.3038 -0.012675 87 66 37
2.8406 -2.2971 -0.044305 89 63 23
2.9552 -2.3307 -0.14196 86 63 32
2.8695 -2.323 -0.070387 91 66 36
2.8578 -2.3202 -0.017829 86 62 24
2.826 -2.3001 -0.12544 88 64 36
4.2496 -2.5163 -0.25479 85 61 25
4.1169 -2.4462 -0.37415 87 63 27
4.1905 -2.5053 -0.33736 85 61 25
4.1244 -2.4743 -0.26202 87 62 32
4.1092 -2.4707 -0.21907 87 63 29
4.159 -2.5128 -0.4252 85 61 33
4.2116 -2.4746 -0.331 88 61 28
4.2153 -2.5302 -0.30297 89 65 29
4.2284 -2.4939 -0.29388 87 62 30
4.101 -2.4793 -0.38165 86 63 32
4.2413 -2.4793 -0.41509 84 61 28
3.9305 -2.4287 -0.22003 84 60 24
4.051 -2.4875 -0.3843 85 61 25
4.0705 -2.4942 -0.42578 85 59 34
4.0742 -2.5265 -0.27113 88 63 33
3.9377 -2.4623 -0.30476 85 61 25
4.0302 -2.4871 -0.30669 85 61 27
4.0757 -2.4762 -0.30193 87 62 32
3.9922 -2.4809 -0.42485 86 63 32
3.941 -2.4576 -0.344 86 63 32
4.0696 -2.5084 -0.34858 87 62 32
3.8763 -2.4236 -0.2627 87 64 31
3.9978 -2.4923 -0.38644 86 62 26
4.0681 -2.4781 -0.26238 87 62 32
4.0494 -2.472 -0.22343 86 62 28
3.9595 -2.4926 -0.23238 84 63 34
4.0424 -2.4453 -0.33066 84 62 25
3.8959 -2.4664 -0.34769 87 64 31
3.8959 -2.4804 -0.2737 86 62 28
3.7038 -2.4213 -0.2393 88 64 30
3.827 -2.4766 -0.24322 86 61 29
3.7537 -2.454 -0.27975 85 60 28
3.8251 -2.4477 -0.38303 86 62 34
3.7591 -2.4515 -0.31307 88 64 28
3.7519 -2.4392 -0.35011 86 63 32
3.8142 -2.46 -0.27887 85 63 26
3.8501 -2.4526 -0.2349 89 65 29
3.7048 -2.4286 -0.20458 85 62 28
3.7504 -2.4238 -0.20061 85 61 25
3.7916 -2.429 -0.34662 88 65 34
3.8853 -2.4655 -0.30689 85 63 26
3.7229 -2.4505 -0.38918 86 63 30
3.7797 -2.4541 -0.38724 85 62 31
3.8619 -2.4479 -0.3044 85 63 26
3.8143 -2.4532 -0.31123 87 63 35
3.7653 -2.443 -0.38547 85 62 31
3.669 -2.4144 -0.34773 86 63 30
3.6449 -2.4145 -0.24221 89 66 24
3.613 -2.4346 -0.21402 86 65 36
3.6558 -2.4168 -0.27683 84 59 27
3.6704 -2.4221 -0.31623 88 63 31
3.5346 -2.4091 -0.21785 86 60 33
3.5717 -2.4213 -0.32097 86 62 34
3.5324 -2.4134 -0.18457 86 60 35
3.5875 -2.4075 -0.24515 85 62 21
3.6459 -2.4217 -0.20738 88 62 39
3.5471 -2.3947 -0.34664 84 60 34
3.5211 -2.3856 -0.27831 88 63 33
3.6729 -2.4577 -0.35604 85 62 29
3.6663 -2.4458 -0.38921 87 64 33
3.5844 -2.4443 -0.2549 85 60 28
3.6275 -2.4338 -0.28217 87 63 37
3.5254 -2.4217 -0.32228 84 64 30
3.5343 -2.423 -0.35693 86 63 32
3.633 -2.4319 -0.31846 86 63 32
3.4175 -2.3923 -0.18821 87 64 30
3.3843 -2.4008 -0.19534 86 63 32
3.4115 -2.407 -0.29276 87 62 30
3.4455 -2.4104 -0.22403 86 60 33
3.4925 -2.4448 -0.26146 83 59 33
3.4477 -2.3884 -0.35281 84 63 32
3.4029 -2.4054 -0.25936 87 63 35
3.3909 -2.4008 -0.22639 86 63 32
3.4621 -2.3806 -0.25069 86 61 31
3.5064 -2.4241 -0.22342 88 64 30
3.4149 -2.3982 -0.35747 86 62 34
3.5327 -2.4341 -0.2897 88 62 39
3.4 -2.3911 -0.32131 84 63 32
3.4716 -2.4148 -0.32372 85 62 31
3.3477 -2.3827 -0.32346 83 63 29
3.5112 -2.4342 -0.1899 87 62 32
3.4071 -2.3656 -0.28338 88 64 36
3.2951 -2.3645 -0.1679 86 62 34
3.3224 -2.3973 -0.3283 85 64 37
3.1838 -2.3297 -0.20113 85 62 18
3.2894 -2.3848 -0.23589 82 58 30
3.3335 -2.3874 -0.22922 86 60 19
3.1666 -2.3192 -0.17024 89 67 30
3.2482 -2.3724 -0.29731 83 62 31
3.3151 -2.4138 -0.20821 87 58 34
3.3641 -2.4088 -0.26318 87 62 16
3.339 -2.398 -0.19895 86 63 32
3.2939 -2.3775 -0.29666 86 62 34
3.2501 -2.3854 -0.2386 83 62 33
3.2761 -2.4037 -0.27077 85 61 35
3.2777 -2.3685 -0.2608 90 62 31
3.2123 -2.37 -0.33036 83 60 26
3.2949 -2.4009 -0.17434 88 62 37
3.2112 -2.3745 -0.29933 83 60 29
3.2584 -2.3761 -0.32732 86 63 29
3.3535 -2.3937 -0.2944 83 62 31
3.1963 -2.3715 -0.23937 84 63 34
3.1052 -2.3665 -0.18919 86 63 22
3.121 -2.3254 -0.29469 84 63 32
3.1037 -2.33 -0.179 86 63 30
3.1095 -2.3548 -0.27293 83 62 31
3.1972 -2.3669 -0.2686 87 61 34
3.1027 -2.3536 -0.24128 87 62 39
3.1227 -2.3429 -0.20932 84 61 27
3.144 -2.3579 -0.24043 85 62 28
3.0803 -2.3475 -0.15783 90 62 31
3.1861 -2.3925 -0.2752 84 60 26
3.0583 -2.3348 -0.30161 88 62 35
3.1929 -2.3738 -0.20926 86 62 28
3.2334 -2.3951 -0.30207 83 60 29
3.1567 -2.3948 -0.30668 85 61 35
3.1162 -2.3718 -0.21745 85 62 29
3.167 -2.355 -0.17593 86 63 29
2.9735 -2.3293 -0.24995 86 62 34
3.0124 -2.3445 -0.19287 86 61 31
3.0015 -2.3526 -0.28011 87 62 39
3.0607 -2.3631 -0.16311 85 62 29
3.0187 -2.37 -0.28269 87 62 39
3.0639 -2.3507 -0.2469 86 62 36
2.9552 -2.3257 -0.16672 84 60 24
3.03 -2.3276 -0.18808 87 60 23
3.0679 -2.3792 -0.31074 86 63 30
3.0561 -2.3482 -0.21833 86 63 32
3.0236 -2.3506 -0.2222 87 61 34
3.1028 -2.3837 -0.28114 84 61 27
2.9549 -2.3155 -0.22047 87 64 31
2.9728 -2.3097 -0.16122 88 63 33
2.9338 -2.3177 -0.2774 87 63 37
2.9311 -2.2963 -0.19001 83 60 29
2.9897 -2.3357 -0.30606 85 61 35
3.0423 -2.3641 -0.25081 85 61 35
3.0071 -2.3239 -0.27444 83 61 37
2.9517 -2.3461 -0.22628 86 62 34
2.8901 -2.3206 -0.20146 85 64 33
2.909 -2.3118 -0.17137 86 60 33
2.9265 -2.3349 -0.14703 85 64 33
2.8643 -2.3268 -0.20672 88 64 38
2.8393 -2.3049 -0.17742 85 62 31
2.9214 -2.3388 -0.28468 86 62 36
2.9059 -2.3275 -0.25609 87 61 36
2.9418 -2.331 -0.2539 84 64 30
2.8983 -2.3244 -0.22731 86 62 34
2.9451 -2.3443 -0.20058 88 62 39
2.8644 -2.3125 -0.28313 83 62 33
2.8823 -2.3173 -0.17517 84 61 30
2.8773 -2.3358 -0.23314 86 63 32
2.8612 -2.3425 -0.28993 90 66 38
2.8659 -2.3189 -0.25785 83 62 35
2.876 -2.3155 -0.14816 89 63 36
2.8675 -2.3397 -0.15288 88 64 28
2.8329 -2.3168 -0.25913 88 62 37
4.1075 -2.498 -0.54781 82 60 23
4.2625 -2.5159 -0.55522 83 57 32
4.1776 -2.5104 -0.50689 83 60 29
4.1603 -2.4826 -0.58429 85 60 28
4.1809 -2.5205 -0.47031 87 63 29
4.1624 -2.4919 -0.5469 83 60 27
4.2538 -2.518 -0.50469 84 60 32
4.1177 -2.4974 -0.58652 88 63 41
4.1902 -2.4819 -0.46393 85 61 33
4.2243 -2.5112 -0.67654 84 56 27
4.1186 -2.4904 -0.62428 82 59 28
4.1882 -2.4941 -0.62912 82 57 27
4.0372 -2.5066 -0.46984 84 58 31
4.0084 -2.4631 -0.57927 83 62 33
4.063 -2.495 -0.62639 85 60 30
4.0242 -2.4895 -0.50461 83 60 26
3.9867 -2.5202 -0.43278 86 62 34
4.031 -2.451 -0.4917 86 62 34
3.8808 -2.4476 -0.61262 82 59 26
3.9591 -2.4778 -0.5393 83 57 16
4.0613 -2.5462 -0.602 81 58 25
4.0527 -2.4739 -0.4618 88 60 33
3.8886 -2.4606 -0.57551 83 60 27
3.9898 -2.457 -0.53605 83 60 26
3.8748 -2.4574 -0.53634 86 63 30
4.0368 -2.4837 -0.58407 83 62 33
4.1232 -2.5308 -0.67751 84 61 27
4.0795 -2.5517 -0.64148 83 60 27
3.918 -2.4545 -0.49669 84 61 20
3.9163 -2.4604 -0.45826 84 60 24
3.9021 -2.4637 -0.61775 82 59 26
3.6944 -2.4422 -0.53695 83 59 25
3.7831 -2.4708 -0.53943 84 63 36
3.891 -2.4981 -0.62629 83 57 32
3.8037 -2.5078 -0.43627 85 59 34
3.782 -2.4423 -0.45571 87 63 35
3.8632 -2.4837 -0.5797 86 61 29
3.7996 -2.4697 -0.6153 84 61 30
3.8693 -2.4604 -0.50047 83 59 31
3.8275 -2.4845 -0.43133 85 60 28
3.7534 -2.4406 -0.56876 87 58 37
3.8691 -2.4674 -0.46365 88 62 35
3.7387 -2.4703 -0.57722 84 58 31
3.7796 -2.4335 -0.49377 82 59 25
3.8233 -2.4602 -0.53755 85 65 38
3.8235 -2.4396 -0.42078 87 61 34
3.7665 -2.4646 -0.50151 84 60 22
3.7298 -2.4425 -0.45874 84 58 31
3.5956 -2.4282 -0.39022 85 62 31
3.6006 -2.4065 -0.52481 82 58 30
3.6679 -2.434 -0.45903 84 60 24
3.5722 -2.4293 -0.49311 86 62 36
3.5695 -2.4205 -0.52615 82 62 35
3.613 -2.436 -0.42454 85 61 33
3.6161 -2.4526 -0.5708 81 57 29
3.5319 -2.4147 -0.38838 86 62 28
3.7113 -2.462 -0.49829 89 61 34
3.6221 -2.4173 -0.56211 81 60 29
3.5596 -2.4583 -0.50225 84 63 34
3.613 -2.4231 -0.4916 86 62 36
3.5531 -2.4261 -0.42359 84 58 33
3.6254 -2.4397 -0.46056 82 59 28
3.5528 -2.4197 -0.46011 84 61 20
3.5519 -2.4454 -0.53275 84 60 32
3.6839 -2.4534 -0.42563 89 60 36
3.5442 -2.4327 -0.56605 85 62 31
3.4634 -2.4096 -0.52636 84 60 32
3.3434 -2.3731 -0.35466 84 62 25
3.4161 -2.3931 -0.3872 86 62 34
3.4249 -2.3947 -0.42118 84 62 15
3.3569 -2.385 -0.35626 84 62 25
3.4001 -2.4172 -0.39467 82 61 30
3.4077 -2.4058 -0.49185 85 61 35
3.5078 -2.4209 -0.45967 87 61 34
3.3995 -2.4046 -0.45626 84 62 39
3.4314 -2.3943 -0.45378 82 61 30
3.4045 -2.397 -0.52152 84 60 34
3.3426 -2.3862 -0.48515 85 60 28
3.4443 -2.3994 -0.49103 81 57 23
3.4892 -2.4176 -0.39062 85 62 28
3.4466 -2.3954 -0.52448 83 59 31
3.4884 -2.4107 -0.42194 83 60 29
3.4307 -2.438 -0.43076 82 58 32
3.3571 -2.3932 -0.52169 84 61 27
3.3367 -2.4303 -0.43239 85 60 28
3.2909 -2.3944 -0.39251 84 60 34
3.246 -2.3731 -0.48444 85 61 27
3.3347 -2.4028 -0.36371 85 61 35
3.2162 -2.3681 -0.3601 84 63 34
3.3173 -2.3951 -0.52164 85 62 29
3.212 -2.3838 -0.45707 84 61 28
3.3271 -2.4098 -0.49163 84 58 31
3.3874 -2.438 -0.4325 84 60 34
3.267 -2.4038 -0.42799 84 62 38
3.2323 -2.3663 -0.45362 85 60 30
3.2702 -2.3813 -0.36031 84 61 27
3.2867 -2.4046 -0.52247 85 62 29
3.3653 -2.4123 -0.45947 80 60 35
3.2958 -2.3874 -0.45535 82 58 24
3.2404 -2.4046 -0.49176 85 62 29
3.3334 -2.3956 -0.39126 80 58 35
3.2444 -2.3885 -0.39217 81 58 25
3.1619 -2.3727 -0.45393 86 61 29
3.1655 -2.3621 -0.331 85 60 30
3.1385 -2.3559 -0.42072 83 61 37
3.1814 -2.3856 -0.48683 87 61 38
3.0925 -2.3629 -0.33441 87 64 31
3.1005 -2.3796 -0.4857 82 58 32
3.0544 -2.3449 -0.42007 86 61 31
3.2115 -2.3888 -0.4253 85 64 37
3.1375 -2.3656 -0.36203 84 61 28
3.0904 -2.3504 -0.39151 86 60 37
3.1142 -2.3381 -0.38841 86 63 30
3.0818 -2.3666 -0.45353 84 62 25
3.117 -2.3654 -0.45181 80 60 26
3.1779 -2.3683 -0.36048 81 58 24
3.1662 -2.4184 -0.43365 82 58 20
3.2097 -2.3927 -0.39699 83 60 26
3.1017 -2.3666 -0.36294 83 60 27
3.1332 -2.367 -0.33404 84 61 27
3.1509 -2.3927 -0.48954 85 59 32
2.9756 -2.3305 -0.44756 86 60 33
2.9686 -2.3435 -0.33762 86 62 24
3.0579 -2.3537 -0.39313 84 62 38
2.9943 -2.3546 -0.42478 85 60 30
2.9817 -2.3519 -0.36824 82 62 35
2.9909 -2.3268 -0.36146 85 61 27
2.9797 -2.3447 -0.39208 85 61 25
3.0273 -2.3582 -0.39543 83 62 35
2.968 -2.3479 -0.31107 88 61 42
3.0016 -2.3426 -0.33628 85 60 28
2.9461 -2.3396 -0.42196 83 60 27
2.9618 -2.3508 -0.45309 86 61 38
3.0403 -2.3662 -0.42762 86 60 33
3.0557 -2.3763 -0.45787 86 63 32
3.0591 -2.3652 -0.33606 84 59 36
3.0554 -2.3564 -0.36445 80 57 23
2.8835 -2.323 -0.33695 85 61 25
2.8638 -2.3212 -0.42051 85 64 35
2.9444 -2.3429 -0.39501 86 62 28
2.8976 -2.3281 -0.39268 85 61 27
2.8505 -2.3214 -0.34041 88 65 24
2.8865 -2.3213 -0.36561 85 62 46
2.9023 -2.3281 -0.42009 87 61 38
2.8887 -2.3527 -0.40056 87 61 36
2.835 -2.3096 -0.31167 86 62 26
2.8849 -2.2959 -0.30545 82 59 28
2.9174 -2.32 -0.36472 84 65 33
2.9132 -2.3346 -0.45012 85 61 27
2.8972 -2.3424 -0.31493 87 60 25
2.852 -2.3182 -0.36533 85 64 37
2.8833 -2.3372 -0.45149 84 61 27
2.8055 -2.292 -0.41511 85 59 36
2.9199 -2.3273 -0.33632 83 60 29
2.82 -2.3124 -0.3935 86 59 26
4.188 -2.5235 -0.72071 82 60 23
4.1193 -2.4884 -0.8768 81 61 27
4.1718 -2.4965 -0.80235 84 60 32
4.0699 -2.4325 -0.73361 84 58 31
4.0897 -2.4753 -0.82667 81 57 29
4.2492 -2.4741 -0.71117 82 60 21
4.2095 -2.4979 -0.93001 79 58 29
4.1319 -2.5212 -0.758 83 59 25
4.1103 -2.4979 -0.79489 83 57 30
4.1969 -2.4973 -0.8837 80 57 26
3.9324 -2.4566 -0.77222 83 59 31
3.915 -2.4944 -0.74376 84 61 30
4.1143 -2.538 -0.84691 82 59 25
3.9904 -2.5224 -0.67337 85 59 32
3.9656 -2.4963 -0.70316 83 59 23
4.1378 -2.5789 -0.73111 82 60 23
4.1566 -2.5469 -0.72273 81 57 21
3.9196 -2.4752 -0.85457 84 61 27
4.0126 -2.4565 -0.85621 79 58 31
3.952 -2.4786 -0.73768 85 59 34
3.9204 -2.4834 -0.81756 82 62 37
3.9864 -2.4605 -0.73593 81 55 30
4.0335 -2.4871 -0.78466 83 60 26
3.9439 -2.4578 -0.81488 82 58 30
3.8332 -2.4395 -0.68633 84 61 30
4.0431 -2.5834 -0.80816 81 60 33
4.1496 -2.5955 -0.69494 87 60 27
4.0515 -2.5293 -0.87904 79 58 31
3.7444 -2.468 -0.61378 86 60 35
3.7644 -2.4905 -0.80566 81 56 33
3.8168 -2.476 -0.65443 83 58 28
3.816 -2.4962 -0.77437 84 61 28
3.7687 -2.4802 -0.65422 82 58 22
3.6961 -2.4569 -0.68151 84 59 27
3.8554 -2.5198 -0.82041 80 59 32
3.7511 -2.494 -0.73135 81 61 27
3.8862 -2.5228 -0.70903 83 59 25
3.8945 -2.5221 -0.75062 85 60 30
3.7517 -2.4876 -0.7698 82 59 28
3.8477 -2.471 -0.80815 84 63 36
3.6722 -2.3972 -0.66684 85 59 36
3.9236 -2.5154 -0.66619 84 58 31
3.7982 -2.4895 -0.73441 84 60 32
3.5863 -2.4417 -0.7093 85 60 30
3.5507 -2.4316 -0.59935 83 61 24
3.6316 -2.4522 -0.64413 81 58 25
3.6138 -2.4441 -0.60408 83 60 26
3.709 -2.488 -0.80412 83 60 29
3.4993 -2.415 -0.66574 85 61 33
3.4987 -2.408 -0.69629 83 58 28
3.6054 -2.4508 -0.74857 82 58 30
3.6216 -2.4305 -0.70719 81 60 33
3.673 -2.4451 -0.64225 84 60 26
3.6207 -2.4096 -0.59601 85 59 32
3.525 -2.4038 -0.62867 82 57 34
3.6558 -2.4518 -0.75466 86 60 37
3.6244 -2.4394 -0.67387 85 60 30
3.54 -2.4364 -0.74127 82 58 32
3.6316 -2.4863 -0.69047 82 58 32
3.5966 -2.437 -0.7822 80 60 25
3.5988 -2.4454 -0.74728 82 58 30
3.4053 -2.4297 -0.5617 83 58 26
3.4045 -2.4107 -0.65581 83 59 33
3.5196 -2.4513 -0.57036 85 62 21
3.431 -2.4279 -0.6996 84 63 32
3.5342 -2.4711 -0.74846 83 58 35
3.427 -2.4428 -0.60024 83 58 28
3.4602 -2.4267 -0.62981 85 61 33
3.3721 -2.4265 -0.62845 84 60 32
3.4108 -2.4425 -0.73521 83 59 25
3.3997 -2.4388 -0.69928 82 57 34
3.4118 -2.391 -0.5864 83 60 27
3.5605 -2.4797 -0.61234 82 57 34
3.545 -2.46 -0.64182 84 62 25
3.4237 -2.4076 -0.55804 84 60 26
3.471 -2.4565 -0.7433 83 60 29
3.4258 -2.4355 -0.63097 83 59 33
3.4944 -2.4438 -0.70743 83 62 33
3.3659 -2.4147 -0.65705 84 61 28
3.4904 -2.4466 -0.67239 81 60 33
3.2985 -2.4039 -0.58941 86 58 31
3.3184 -2.4162 -0.62589 84 59 36
3.2286 -2.388 -0.51931 82 59 28
3.2017 -2.377 -0.64301 82 57 34
3.2737 -2.4069 -0.65294 83 61 38
3.2019 -2.3576 -0.54287 85 59 32
3.2467 -2.4247 -0.62297 83 62 31
3.2917 -2.3801 -0.67949 81 60 29
3.3179 -2.4274 -0.56211 84 61 30
3.2958 -2.4212 -0.68874 83 57 30
3.3138 -2.3861 -0.55051 83 59 21
3.2078 -2.3769 -0.67297 82 56 33
3.215 -2.364 -0.57532 86 60 37
3.3166 -2.4522 -0.63265 82 58 30
3.3391 -2.4029 -0.58868 85 57 30
3.3034 -2.3965 -0.65053 80 60 26
3.251 -2.4548 -0.69533 82 59 25
3.0829 -2.3572 -0.51301 82 58 30
3.1401 -2.3714 -0.5459 84 61 30
3.0784 -2.3722 -0.60482 83 62 35
3.1986 -2.3851 -0.58011 84 60 34
3.1201 -2.347 -0.57124 87 63 37
3.0916 -2.3604 -0.54402 81 56 33
3.1598 -2.4156 -0.61767 84 62 39
3.1217 -2.3732 -0.63647 82 58 32
3.2026 -2.4001 -0.52062 80 59 32
3.2115 -2.4231 -0.65459 82 58 32
3.1434 -2.38 -0.51686 83 60 29
3.105 -2.3517 -0.66191 82 58 32
3.064 -2.339 -0.51039 82 58 30
3.0899 -2.3782 -0.63767 83 59 33
3.2265 -2.4172 -0.55831 82 58 30
3.1962 -2.4139 -0.6176 84 61 30
3.1458 -2.4078 -0.58659 80 59 32
3.038 -2.3378 -0.56766 89 60 36
3.0281 -2.368 -0.54313 84 61 27
3.0231 -2.358 -0.57121 85 61 27
3.0074 -2.3523 -0.50875 85 63 26
3.0283 -2.3438 -0.48013 82 55 36
2.9585 -2.3323 -0.5338 82 61 32
3.0403 -2.3645 -0.63039 82 57 25
2.9644 -2.3332 -0.56189 83 57 32
2.985 -2.3491 -0.59618 83 58 36
2.9828 -2.3673 -0.48462 84 62 25
2.9606 -2.3639 -0.56939 88 63 43
2.9801 -2.33 -0.47635 84 59 27
2.9647 -2.3438 -0.50878 83 60 26
2.9727 -2.3663 -0.62881 83 60 26
3.0249 -2.3547 -0.60115 82 57 35
3.0563 -2.4162 -0.6435 84 59 36
3.0082 -2.4081 -0.61061 84 59 27
3.0299 -2.3402 -0.50885 83 59 33
3.0437 -2.3486 -0.53916 83 59 33
2.8903 -2.3349 -0.5061 87 62 30
2.9105 -2.3513 -0.5389 86 62 28
2.8047 -2.3055 -0.52558 83 62 41
2.8839 -2.3378 -0.45169 84 61 27
2.8339 -2.3131 -0.47301 88 60 33
2.8816 -2.3305 -0.47769 87 64 30
2.8191 -2.3166 -0.55717 84 59 37
2.9229 -2.3397 -0.47746 83 57 16
2.9454 -2.3782 -0.60405 83 61 37
2.899 -2.3342 -0.5622 80 59 38
2.8704 -2.3332 -0.5896 85 60 38
2.8705 -2.3476 -0.50713 84 63 34
2.9528 -2.3612 -0.54284 84 60 34
2.865 -2.337 -0.53417 86 58 27
2.9292 -2.3414 -0.50692 86 62 36
2.8234 -2.3067 -0.44522 83 58 26
2.8385 -2.3326 -0.58632 82 59 25
2.8732 -2.3411 -0.56439 84 62 38
2.8309 -2.3388 -0.50696 83 58 36
4.2014 -2.5384 -0.93948 79 59 25
4.0589 -2.487 -1.1179 80 57 23
4.1979 -2.4814 -0.96471 81 58 25
4.1401 -2.5243 -1.013 82 59 28
4.117 -2.516 -0.96846 83 58 35
4.128 -2.5074 -1.0469 79 58 27
4.0292 -2.5265 -1.0447 82 58 30
4.0596 -2.5274 -0.92102 82 59 25
4.1475 -2.584 -0.98897 79 53 26
4.047 -2.5317 -1.0903 80 56 30
4.0443 -2.5452 -1.0067 85 59 34
3.9262 -2.5009 -0.98017 82 59 25
3.9816 -2.5064 -0.94853 84 57 22
3.9625 -2.4998 -0.90535 83 58 26
3.9543 -2.5299 -0.94984 83 60 19
4.0638 -2.4986 -1.0803 79 55 21
4.0413 -2.4982 -0.9945 79 58 29
3.8835 -2.4836 -0.89297 81 54 33
4.187 -2.5961 -1.0795 80 57 26
4.0336 -2.5084 -0.91573 82 59 25
4.0481 -2.5243 -1.1287 78 57 28
3.8643 -2.4468 -1.0009 82 56 29
3.9941 -2.5368 -1.0806 79 56 25
4.1181 -2.5247 -0.92381 81 56 33
3.7295 -2.4558 -0.83348 84 63 20
3.847 -2.4985 -0.89006 83 60 27
3.79 -2.4614 -0.83873 82 59 18
3.7529 -2.4675 -0.8791 80 57 26
3.7865 -2.4793 -0.9586 82 60 21
3.9265 -2.524 -0.86846 80 59 30
3.7969 -2.4523 -0.91154 82 58 20
3.6943 -2.4551 -0.9046 82 60 36
3.874 -2.5046 -0.9748 79 59 25
3.9652 -2.5536 -0.87941 80 59 30
3.8789 -2.5008 -1.0144 81 56 33
3.8256 -2.5026 -1.0078 81 57 29
3.794 -2.4927 -0.92723 85 60 37
3.7924 -2.5123 -1.0483 78 56 33
3.7458 -2.4893 -0.95724 80 59 28
3.6895 -2.4583 -0.86876 85 59 32
3.8139 -2.4861 -1.041 80 59 32
3.7798 -2.5092 -1.0042 82 58 30
3.7578 -2.4988 -0.95952 80 59 28
3.6481 -2.4725 -0.83086 81 55 28
3.5661 -2.4517 -0.78204 82 57 27
3.64 -2.4591 -0.86321 82 59 26
3.6431 -2.489 -0.94516 82 58 30
3.5483 -2.457 -0.8882 81 58 27
3.5807 -2.4304 -0.95677 81 60 31
3.5492 -2.4711 -0.82262 84 57 36
3.5531 -2.4544 -0.92461 81 59 22
3.6744 -2.4532 -0.83051 81 59 22
3.646 -2.4434 -0.97024 77 58 28
3.5434 -2.4597 -0.85541 82 60 37
3.5314 -2.416 -0.80431 84 58 31
3.5773 -2.4681 -0.96775 80 59 30
3.6726 -2.4787 -0.90691 82 56 29
3.7124 -2.5045 -0.95893 83 60 29
3.5977 -2.4647 -0.85916 81 60 33
3.6258 -2.4814 -0.90381 81 57 31
3.4744 -2.4403 -0.84352 81 61 24
3.3686 -2.399 -0.75425 83 57 32
3.3549 -2.4068 -0.85559 80 59 32
3.3711 -2.4272 -0.82757 82 58 32
3.4418 -2.4386 -0.90902 81 56 24
3.3028 -2.3722 -0.77417 82 60 36
3.4431 -2.4196 -0.80092 85 61 25
3.403 -2.4171 -0.83059 84 60 26
3.3872 -2.4093 -0.79215 81 59 35
3.5753 -2.5074 -0.97937 78 57 30
3.424 -2.462 -0.9118 84 59 36
3.4187 -2.425 -0.87022 81 57 23
3.5083 -2.4564 -0.91964 83 59 33
3.4623 -2.4233 -0.87139 81 60 29
3.4578 -2.4386 -0.77198 82 56 29
3.4611 -2.4489 -0.94848 80 56 30
3.4697 -2.4097 -0.76423 84 59 29
3.494 -2.4442 -0.91603 79 56 22
3.2258 -2.4137 -0.77995 83 59 25
3.3204 -2.4261 -0.79251 83 59 33
3.3088 -2.4092 -0.81739 82 58 30
3.3541 -2.4304 -0.72847 87 60 27
3.2204 -2.4032 -0.81085 82 58 32
3.3459 -2.4309 -0.89391 82 61 34
3.2503 -2.4253 -0.85136 80 58 34
3.3033 -2.4304 -0.88966 80 59 32
3.2685 -2.4043 -0.84565 82 59 25
3.2088 -2.3722 -0.70466 82 58 32
3.2503 -2.4052 -0.74871 82 61 34
3.2792 -2.3943 -0.74669 83 59 25
3.2771 -2.4181 -0.81643 82 59 26
3.1733 -2.3698 -0.73274 83 59 33
3.4013 -2.4667 -0.77392 82 58 24
3.3262 -2.4191 -0.85579 84 59 36
3.2274 -2.3979 -0.87288 82 57 27
3.286 -2.4063 -0.71654 83 57 34
3.3093 -2.4358 -0.89142 80 59 32
3.2462 -2.3955 -0.77712 81 57 31
3.1127 -2.3897 -0.70224 84 61 28
3.1479 -2.382 -0.73328 83 62 35
3.042 -2.3451 -0.74509 84 60 32
3.1486 -2.3771 -0.76349 84 60 26
3.1034 -2.3752 -0.7285 83 59 33
3.168 -2.3704 -0.70104 83 59 25
3.1292 -2.3948 -0.76656 80 56 28
3.0771 -2.3691 -0.81653 83 58 35
3.0706 -2.3791 -0.72902 82 59 25
3.1486 -2.4138 -0.7732 80 56 28
3.095 -2.3778 -0.66775 84 60 34
3.1388 -2.3988 -0.79998 82 55 34
3.1715 -2.3935 -0.80145 83 59 33
3.0916 -2.3887 -0.79098 82 59 26
3.1415 -2.3956 -0.82946 82 62 27
3.1709 -2.3873 -0.83199 82 60 39
3.1629 -2.4019 -0.70816 84 59 27
3.1358 -2.3958 -0.79914 82 55 34
2.95 -2.3578 -0.74305 80 58 34
2.9499 -2.3526 -0.77088 79 57 34
3.0186 -2.3626 -0.71948 80 59 30
2.9952 -2.3144 -0.64557 85 62 29
2.9402 -2.3278 -0.64659 83 62 15
3.0722 -2.386 -0.70005 84 63 36
3.0668 -2.4058 -0.7638 83 57 32
2.999 -2.3678 -0.77878 84 62 39
3.0585 -2.3867 -0.81934 83 58 28
3.0408 -2.3744 -0.78437 87 61 34
2.9087 -2.3247 -0.67341 86 62 34
2.9402 -2.3525 -0.71167 83 57 32
2.9859 -2.3644 -0.71604 83 61 20
2.9455 -2.3282 -0.67446 85 61 35
2.9726 -2.3461 -0.74252 86 61 31
3.0124 -2.3615 -0.68851 82 61 34
3.0261 -2.3805 -0.66414 81 56 33
2.9018 -2.3469 -0.70651 83 58 38
2.8273 -2.3309 -0.7258 83 58 35
2.876 -2.3588 -0.67941 85 60 37
2.8478 -2.3579 -0.70571 84 63 32
2.8917 -2.3613 -0.7682 86 62 36
2.8906 -2.3106 -0.6392 82 59 28
2.8438 -2.3194 -0.69523 86 60 33
2.8537 -2.306 -0.63892 86 59 38
2.9005 -2.3753 -0.74254 85 60 38
2.8618 -2.3486 -0.64946 85 60 38
2.8477 -2.3381 -0.61791 82 58 30
2.9042 -2.3547 -0.68264 83 60 27
2.8474 -2.348 -0.75932 89 62 29
2.8167 -2.3287 -0.66854 86 60 33
2.957 -2.3849 -0.632 84 59 27
2.8911 -2.3307 -0.72993 87 63 35
2.8966 -2.3562 -0.62401 85 59 32
2.9217 -2.358 -0.76896 84 60 32
2.8009 -2.3161 -0.63687 87 58 36
4.1495 -2.4823 -1.2658 75 54 25
4.1776 -2.5642 -1.1979 77 54 21
4.1775 -2.5093 -1.2273 76 55 24
3.9848 -2.5142 -1.1551 77 58 28
4.0828 -2.5334 -1.2181 77 54 23
3.9915 -2.527 -1.1189 76 56 32
3.9257 -2.4985 -1.223 75 55 21
3.9938 -2.4973 -1.2777 73 56 28
3.9425 -2.5189 -1.19 80 58 17
3.9508 -2.5408 -1.1169 77 56 27
3.8714 -2.4931 -1.2482 78 56 19
4.0428 -2.5495 -1.2169 78 58 24
3.9731 -2.4899 -1.2302 77 56 29
4.0646 -2.5287 -1.1765 82 57 25
4.017 -2.5594 -1.2961 78 58 34
3.9647 -2.5437 -1.1614 79 56 23
3.8427 -2.5445 -1.1012 81 56 33
3.7906 -2.5243 -1.2063 79 57 33
3.71 -2.4535 -1.2139 77 56 25
3.8449 -2.5028 -1.0875 79 58 31
3.7256 -2.4865 -1.104 80 57 24
3.8522 -2.5222 -1.2571 75 54 27
3.8274 -2.5613 -1.1844 79 58 31
3.8052 -2.4497 -1.1836 78 57 28
3.8911 -2.5601 -1.2333 79 57 33
3.9612 -2.5779 -1.2105 79 54 31
3.8468 -2.4969 -1.129 76 55 28
3.6621 -2.4495 -1.0114 80 55 33
3.7719 -2.4811 -1.1106 77 53 27
3.7236 -2.4921 -1.069 77 57 33
3.7084 -2.4936 -1.221 79 54 32
3.843 -2.5298 -1.1753 78 57 30
3.5384 -2.4222 -1.0221 78 57 30
3.5323 -2.4504 -1.0639 79 58 31
3.6874 -2.5047 -1.0671 79 58 31
3.6004 -2.4808 -1.0104 82 57 25
3.6612 -2.4762 -1.0937 79 57 33
3.6073 -2.4592 -1.1528 77 56 29
3.596 -2.4635 -1.0783 79 59 25
3.6372 -2.4909 -1.1299 77 56 29
3.58 -2.5046 -1.0149 82 57 25
3.7284 -2.5169 -1.1924 78 53 30
3.7112 -2.51 -1.1485 80 57 24
3.5788 -2.4696 -1.1873 77 56 29
3.6623 -2.4911 -1.0233 81 55 28
3.5536 -2.4754 -1.0393 79 56 23
3.4739 -2.4278 -1.1215 78 57 26
3.5352 -2.4462 -1.0984 78 56 35
3.6391 -2.4785 -1.2004 77 55 31
3.6807 -2.4992 -1.0648 79 58 31
3.5959 -2.4909 -1.1605 78 54 26
3.4367 -2.4606 -0.98308 81 58 24
3.4514 -2.4944 -1.1002 77 56 27
3.4425 -2.4595 -1.0191 79 57 33
3.485 -2.4502 -1.058 80 60 26
3.4371 -2.4151 -1.0043 80 55 23
3.353 -2.4312 -0.92956 83 60 27
3.4078 -2.4417 -0.94185 81 56 33
3.5096 -2.4992 -1.1497 81 56 33
3.4157 -2.4561 -1.1177 79 55 29
3.4243 -2.4374 -1.0469 82 59 26
3.3861 -2.4424 -1.0401 80 58 35
3.4509 -2.4336 -0.97753 82 61 18
3.4025 -2.4839 -1.1223 79 55 29
3.407 -2.4156 -1.0707 79 55 29
3.4462 -2.4626 -1.0198 79 57 33
3.5367 -2.4885 -1.1149 79 59 34
3.3222 -2.3913 -0.9814 82 57 35
3.3291 -2.4036 -0.95244 83 55 26
3.2193 -2.3845 -0.89971 80 58 34
3.1905 -2.3946 -0.89938 80 59 28
3.2392 -2.3972 -0.93851 80 59 28
3.2402 -2.4243 -1.0123 81 57 29
3.216 -2.3959 -1.0344 78 58 24
3.3281 -2.4287 -1.0241 80 59 28
3.3469 -2.4397 -1.0655 80 56 30
3.2234 -2.4201 -0.94345 80 58 35
3.3296 -2.4365 -0.99613 80 55 32
3.1697 -2.3892 -1.0228 82 57 35
3.3006 -2.4365 -1.0596 83 58 36
3.2613 -2.4117 -0.97792 82 59 28
3.2619 -2.4068 -1.0118 79 59 35
3.2282 -2.419 -0.97733 80 58 19
3.3045 -2.4196 -0.95433 79 59 25
3.2953 -2.4171 -0.91824 79 57 34
3.2833 -2.4141 -1.081 76 55 26
3.117 -2.4029 -0.85989 83 56 35
3.058 -2.3809 -0.84814 82 59 26
3.1258 -2.3839 -1.0131 80 55 35
3.0909 -2.3921 -0.97943 80 58 34
3.1691 -2.4055 -0.93072 83 58 36
3.0815 -2.388 -0.94459 79 58 31
3.1374 -2.4005 -0.98669 80 56 30
3.1832 -2.4134 -0.96668 81 59 36
3.2166 -2.4252 -0.87889 82 59 26
3.127 -2.4019 -0.92527 83 56 21
3.0532 -2.3708 -0.87547 84 57 36
3.1229 -2.4181 -1.023 80 57 23
3.1245 -2.4049 -0.89382 83 59 23
3.177 -2.4188 -0.90412 80 58 35
3.1386 -2.3874 -0.85889 83 60 29
3.0764 -2.3885 -0.91424 82 59 28
3.1592 -2.4275 -0.96709 78 60 38
3.1602 -2.3858 -0.98826 79 58 31
2.9954 -2.3589 -0.80625 84 58 31
3.0007 -2.374 -0.96047 83 58 35
2.9394 -2.3666 -0.831 84 60 32
3.0003 -2.3533 -0.86326 80 58 35
2.9838 -2.3773 -0.83909 84 60 32
2.9993 -2.3882 -0.87399 86 60 35
3.0533 -2.3967 -0.94542 82 57 34
3.0549 -2.4034 -0.91506 81 60 33
3.0393 -2.3779 -0.97107 80 59 32
2.9584 -2.3712 -0.92276 83 59 25
2.9779 -2.3765 -0.80907 82 57 37
2.9756 -2.3838 -0.95755 80 55 33
3.0327 -2.3917 -0.84917 82 58 22
2.9556 -2.3785 -0.86547 88 59 37
2.9946 -2.3728 -0.92819 82 61 32
2.9949 -2.3785 -0.90093 84 63 34
2.956 -2.3739 -0.8941 83 62 41
2.9942 -2.3779 -0.90082 84 63 34
2.9026 -2.358 -0.85372 83 61 24
2.9184 -2.3697 -0.88735 85 58 37
2.8757 -2.3689 -0.82402 85 63 42
2.8173 -2.3401 -0.81069 87 63 29
2.8379 -2.3485 -0.90033 82 56 39
2.9049 -2.3703 -0.79959 84 60 32
2.8758 -2.3599 -0.88187 86 61 17
2.9142 -2.3452 -0.79355 81 59 36
2.8322 -2.347 -0.87033 84 61 28
2.8475 -2.3433 -0.78666 83 58 35
2.848 -2.3439 -0.78732 83 58 35
2.8365 -2.3564 -0.8452 85 63 40
2.8783 -2.3667 -0.85157 86 61 38
2.9008 -2.3609 -0.82494 84 62 41
2.8158 -2.3336 -0.83595 85 63 40
2.8689 -2.3479 -0.90674 85 60 28
2.9324 -2.3746 -0.94985 82 59 25
2.9368 -2.384 -0.92187 84 58 33
2.8231 -2.3514 -0.78727 84 63 36
2.8143 -2.3463 -0.75683 86 61 41
2.8225 -2.3661 -0.9021 87 60 23
3.7107 -2.4458 -1.2422 75 55 18
3.7615 -2.5297 -1.2822 77 54 21
3.8317 -2.4988 -1.2867 71 54 36
3.7002 -2.4735 -1.2944 42 24 0
2.547 -1.538 -0.79609 0 9 6
3.7511 -2.4709 -1.3005 4 9 3
3.6279 -2.504 -1.2442 81 58 24
3.5471 -2.4294 -1.2421 74 57 31
3.5983 -2.4241 -1.2888 21 19 7
3.6293 -2.5263 -1.364 10 9 0
3.5035 -2.4465 -1.1679 77 53 27
3.4457 -2.4116 -1.2921 8 8 0
3.5116 -2.3933 -1.2618 36 20 3
3.5282 -2.4544 -1.2473 79 56 25
3.6032 -2.5112 -1.3163 70 49 30
3.6253 -2.4536 -1.269 74 53 24
3.6576 -2.4869 -1.2462 76 53 20
3.4118 -2.4337 -1.2166 73 52 21
3.4196 -2.447 -1.1871 77 55 31
3.4013 -2.4579 -1.2569 76 53 22
3.3625 -2.4168 -1.2698 71 51 24
3.3422 -2.4233 -1.1293 80 57 23
3.4609 -2.45 -1.1617 76 53 19
3.465 -2.4675 -1.3085 33 23 13
3.4548 -2.4317 -1.2259 79 60 30
3.4202 -2.454 -1.1548 81 56 24
3.4487 -2.4198 -1.2551 72 55 27
3.3235 -2.427 -1.2298 76 56 22
3.42 -2.4539 -1.1547 81 56 24
3.3565 -2.424 -1.2022 74 55 23
3.4698 -2.4512 -1.1987 76 56 29
3.4712 -2.4801 -1.2809 75 54 23
3.3529 -2.4268 -1.1674 79 55 29
3.4578 -2.4343 -1.2273 79 60 30
3.1656 -2.3796 -1.051 82 58 22
3.2508 -2.4162 -1.1078 75 54 33
3.312 -2.4284 -1.1577 79 58 31
3.352 -2.4591 -1.2108 78 57 30
3.2821 -2.4402 -1.1593 78 57 30
3.2418 -2.4287 -1.2121 78 58 24
3.2502 -2.404 -1.1716 79 60 30
3.338 -2.4795 -1.2483 75 53 29
3.2084 -2.415 -1.1042 80 54 37
3.2638 -2.4347 -1.0856 79 56 22
3.3154 -2.4376 -1.1266 78 58 31
3.2081 -2.4347 -1.204 78 56 33
3.2482 -2.441 -1.1855 78 55 22
3.2228 -2.4225 -1.1401 78 56 19
3.0599 -2.3822 -1.0669 80 55 32
3.1083 -2.3982 -1.0458 81 59 36
3.1097 -2.394 -1.0764 81 59 36
3.1904 -2.4294 -1.1349 78 59 29
3.1527 -2.3879 -1.1492 82 57 25
3.114 -2.3931 -1.1104 78 60 22
3.07 -2.3972 -1.0399 79 58 31
3.1221 -2.3953 -1.1439 82 61 14
3.1374 -2.3898 -1.0496 82 62 37
3.0659 -2.3982 -1.007 81 56 24
3.0863 -2.4026 -1.1069 77 57 30
3.1678 -2.4135 -1.0944 81 56 33
3.0771 -2.3883 -1.1335 82 57 27
2.9613 -2.4 -0.99152 81 60 33
2.9661 -2.3999 -1.0215 84 60 34
3.0151 -2.3838 -0.99715 84 61 28
2.9563 -2.359 -0.97857 82 61 32
2.977 -2.3958 -1.112 0 0 0
3.0462 -2.3993 -1.0982 81 56 26
2.969 -2.398 -1.0526 80 60 26
2.956 -2.3844 -1.0462 80 60 26
3.0296 -2.4298 -1.0429 82 57 35
3.063 -2.4111 -1.1372 79 59 25
3.0019 -2.3957 -1.0569 79 60 26
2.996 -2.385 -1.0859 81 58 27
3.0047 -2.3881 -1.1162 0 0 0
2.9551 -2.3783 -1.0741 81 57 29
3.0179 -2.3813 -1.0269 80 59 32
3.0357 -2.3941 -1.0646 78 56 32
2.8273 -2.3624 -0.9594 82 60 37
2.8487 -2.3555 -0.93214 82 62 37
2.8207 -2.3502 -0.98277 85 61 35
2.8801 -2.3751 -1.0294 82 56 16
2.8877 -2.3577 -0.96798 81 58 27
2.879 -2.3695 -1.058 0 0 0
2.8983 -2.3737 -0.94398 85 62 31
2.9127 -2.3699 -1.0647 85 62 21
2.8769 -2.3815 -0.97312 83 59 33
2.8589 -2.3574 -0.99281 83 58 38
2.9199 -2.3874 -1.0121 78 56 32
2.8301 -2.356 -1.0147 83 61 20
2.9164 -2.3785 -1.0375 82 56 29
2.8504 -2.3572 -0.9322 82 62 37
2.8544 -2.3781 -1.0553 0 0 0
2.8026 -2.3399 -0.92167 80 57 39
4.4062 -2.4714 0.8231 96 71 41
4.3571 -2.4774 0.76758 100 72 45
4.4027 -2.4996 0.73556 95 69 42
3.8293 -2.4539 0.64033 91 66 34
3.8254 -2.4168 0.67566 92 68 34
3.8548 -2.4331 0.65788 87 62 40
3.9411 -2.4561 0.68163 84 64 30
3.7221 -2.3847 0.68678 93 68 38
3.8398 -2.4685 0.67715 97 71 48
3.9695 -2.4698 0.64888 78 59 25
3.6768 -2.389 0.67258 95 71 37
3.6247 -2.3804 0.62318 93 68 36
3.6203 -2.3382 0.62495 96 69 32
3.7202 -2.4497 0.61018 96 69 36
3.7058 -2.3988 0.61236 95 68 33
3.4413 -2.3807 0.56187 91 67 33
3.4096 -2.3598 0.58683 92 67 35
3.529 -2.3849 0.61933 92 67 37
3.592 -2.4307 0.59962 90 68 31
3.6028 -2.452 0.66911 95 68 35
3.4637 -2.3682 0.60133 95 67 38
3.4881 -2.3829 0.57662 94 66 35
3.3224 -2.3621 0.5822 91 67 31
3.309 -2.3561 0.61046 90 67 34
3.2697 -2.3511 0.56721 90 65 33
3.2472 -2.3368 0.59288 92 68 40
3.2596 -2.3364 0.53478 90 64 37
3.3576 -2.3456 0.53932 92 67 35
3.2355 -2.356 0.55781 90 64 41
3.2771 -2.3995 0.59502 92 64 33
3.0437 -2.214 0.51151 91 66 34
3.1651 -2.3212 0.51219 91 67 31
3.1216 -2.2918 0.55703 90 65 33
3.1025 -2.3019 0.51688 89 68 25
3.2045 -2.3221 0.52216 91 65 38
3.1562 -2.3578 0.55594 89 64 34
3.0393 -2.32 0.55016 93 68 38
3.0004 -2.3048 0.48378 95 66 42
3.0786 -2.3527 0.53077 90 66 28
3.0462 -2.3159 0.49688 90 66 38
3.0891 -2.3232 0.50898 91 69 28
3.076 -2.3161 0.53486 89 66 35
2.9626 -2.2729 0.50334 91 66 36
2.9853 -2.3004 0.53256 94 66 35
3.0586 -2.3047 0.55688 91 68 37
2.9199 -2.3003 0.506 92 68 30
2.8906 -2.2653 0.47612 94 66 39
2.9187 -2.2617 0.48884 93 68 36
2.9995 -2.3375 0.48036 92 67 35
2.9206 -2.3292 0.48053 92 69 36
4.4106 -2.4361 0.62903 95 71 43
4.2339 -2.3818 0.66589 96 72 38
4.177 -2.424 0.60325 96 71 39
4.3391 -2.4658 0.51989 96 73 40
4.2607 -2.4888 0.66254 97 74 40
4.1509 -2.4427 0.55498 89 64 32
4.185 -2.408 0.49253 99 73 48
4.1676 -2.4686 0.63344 81 60 31
4.138 -2.4411 0.59251 79 64 25
3.9648 -2.3762 0.62492 81 57 29
4.0066 -2.3988 0.59274 78 57 28
4.0821 -2.5176 0.48651 52 35 9
4.1274 -2.4774 0.58576 76 57 27
3.891 -2.345 0.50309 68 52 26
3.9104 -2.3519 0.46754 63 41 20
3.9842 -2.4534 0.5079 62 47 24
3.9678 -2.4549 0.5768 77 51 34
3.9837 -2.4598 0.54122 66 49 23
4.0254 -2.4481 0.56205 72 53 23
4.0648 -2.4827 0.59999 73 52 23
3.7896 -2.4254 0.42649 94 69 37
3.8454 -2.4467 0.544 87 63 35
3.7799 -2.4311 0.4954 92 66 39
3.7876 -2.4302 0.45947 95 69 44
3.8371 -2.4338 0.507 87 61 34
3.8456 -2.419 0.6167 86 62 34
3.874 -2.4489 0.44755 91 64 27
3.8289 -2.4406 0.57407 92 65 32
3.9555 -2.4527 0.61049 73 53 28
3.6998 -2.3486 0.58254 95 68 33
3.8514 -2.4174 0.58837 88 64 38
3.9487 -2.483 0.5693 88 64 38
3.8921 -2.4276 0.48938 72 52 27
3.7199 -2.3971 0.54845 91 68 35
3.8979 -2.4734 0.48428 88 64 30
3.8622 -2.3989 0.45058 74 54 30
3.8828 -2.4274 0.52354 88 64 36
3.7795 -2.4373 0.52926 89 66 35
3.6926 -2.4217 0.5722 93 68 38
3.6079 -2.3869 0.51699 92 67 37
3.5833 -2.3792 0.57406 93 68 38
3.5943 -2.4024 0.44626 94 70 42
3.565 -2.3586 0.54106 92 69 36
3.5992 -2.386 0.54717 92 69 36
3.667 -2.3893 0.50421 90 70 36
3.6119 -2.4109 0.41877 95 70 26
3.6974 -2.3858 0.5753 93 68 36
3.7656 -2.4537 0.45104 97 70 33
3.6422 -2.4081 0.4889 90 67 36
3.5547 -2.3762 0.47037 92 69 35
3.6277 -2.3905 0.45604 93 67 40
3.7439 -2.4556 0.54629 93 68 38
3.6979 -2.4075 0.47722 93 69 41
3.6083 -2.3689 0.42076 96 69 34
3.6048 -2.423 0.50998 91 66 36
3.6228 -2.3926 0.48364 90 67 36
3.5454 -2.3807 0.53279 93 68 38
3.4833 -2.4104 0.53858 89 68 39
3.4563 -2.3503 0.53853 92 69 38
3.5411 -2.4149 0.52324 92 72 38
3.4292 -2.3846 0.43549 94 68 41
3.5315 -2.4213 0.39176 91 67 29
3.4485 -2.3949 0.40459 91 67 31
3.4751 -2.3799 0.41091 92 67 37
3.5003 -2.3753 0.48689 93 70 39
3.4952 -2.4087 0.48053 90 66 40
3.4062 -2.376 0.48902 91 66 36
3.5552 -2.4149 0.4657 91 68 35
3.5419 -2.3978 0.43074 92 69 36
3.4379 -2.355 0.44286 93 67 40
3.5955 -2.4276 0.5728 94 69 37
3.5595 -2.4063 0.40247 94 71 30
3.4462 -2.3731 0.50052 91 68 27
3.414 -2.3771 0.46126 89 63 38
3.3511 -2.3536 0.41593 92 68 40
3.2586 -2.3301 0.5087 91 67 39
3.3523 -2.3715 0.50265 91 67 33
3.3097 -2.3482 0.37675 91 66 34
3.253 -2.3332 0.36136 89 65 27
3.2471 -2.3335 0.39018 91 68 35
3.3613 -2.3434 0.51257 92 67 35
3.3703 -2.3759 0.44646 91 67 41
3.2623 -2.3226 0.45399 89 68 37
3.2909 -2.3423 0.42894 92 66 41
3.2572 -2.3235 0.48082 88 67 38
3.3491 -2.3743 0.5307 90 64 39
3.3699 -2.3644 0.38915 92 69 27
3.3276 -2.3693 0.40666 91 67 39
3.32 -2.3377 0.46867 90 69 40
3.2563 -2.3527 0.44803 88 64 38
3.2715 -2.3609 0.42171 90 66 30
3.0812 -2.3 0.42951 90 67 36
3.2278 -2.3511 0.3783 94 69 23
3.1591 -2.3282 0.39148 93 68 38
3.1472 -2.3225 0.41756 91 65 38
3.1666 -2.3515 0.4768 90 67 33
3.1155 -2.3272 0.40731 93 65 38
3.1646 -2.344 0.44747 91 67 41
3.2375 -2.3464 0.49902 90 64 37
3.2262 -2.3607 0.43681 90 66 38
3.1583 -2.3095 0.48256 90 64 37
3.2493 -2.3516 0.47113 87 62 40
3.1913 -2.3342 0.45949 89 64 32
3.1811 -2.3435 0.36885 95 70 38
3.1872 -2.3195 0.40284 93 68 38
3.2243 -2.3427 0.35206 95 68 35
3.1366 -2.3286 0.49787 90 66 40
3.1554 -2.3545 0.36105 93 66 33
3.0994 -2.3067 0.37774 95 67 38
3.0147 -2.3034 0.4089 93 68 38
3.074 -2.2984 0.45492 89 64 32
2.9745 -2.2866 0.34409 91 68 37
3.0485 -2.3129 0.47169 90 67 34
3.0115 -2.2951 0.38229 95 70 40
3.0122 -2.3112 0.46062 92 66 39
2.9972 -2.2914 0.43242 94 69 39
3.0759 -2.3341 0.4495 93 71 34
3.058 -2.3066 0.39467 95 72 41
3.079 -2.3214 0.36941 94 67 30
2.9963 -2.3186 0.4 96 69 34
3.0831 -2.3123 0.4832 91 65 40
3.0516 -2.2901 0.34061 92 69 36
2.9866 -2.3039 0.37315 96 68 31
3.0617 -2.3335 0.33493 95 72 41
3.0778 -2.3308 0.42442 93 70 37
3.0111 -2.2893 0.35296 95 72 30
2.9552 -2.3056 0.36229 96 69 36
2.9306 -2.3012 0.46107 95 67 38
2.9341 -2.3224 0.3801 94 70 42
2.8959 -2.2883 0.39944 91 69 32
2.9885 -2.3159 0.42363 94 68 41
2.8856 -2.2878 0.44729 95 69 44
2.874 -2.2832 0.31568 96 71 41
2.9517 -2.3073 0.38919 97 73 39
2.8998 -2.3151 0.34508 91 66 34
2.972 -2.3046 0.44769 94 68 41
2.9134 -2.2963 0.35277 90 67 33
2.9308 -2.2762 0.33439 93 67 40
2.8929 -2.2904 0.42421 93 68 38
2.9214 -2.2995 0.32883 95 71 35
2.9303 -2.2908 0.41074 97 70 33
2.9465 -2.3127 0.4411 92 68 42
2.8884 -2.2857 0.42343 93 68 38
4.3359 -2.4492 0.4488 94 70 34
4.3353 -2.464 0.28211 102 78 44
4.2708 -2.5189 0.29744 100 75 45
4.2492 -2.5117 0.33829 101 74 39
4.321 -2.4771 0.39869 97 73 35
4.2513 -2.4753 0.38144 98 74 38
4.1498 -2.4726 0.24263 100 75 45
4.2068 -2.4679 0.25632 100 75 43
4.2807 -2.5405 0.3758 101 74 37
4.29 -2.4942 0.34817 98 70 41
4.2983 -2.4922 0.30678 99 74 42
4.1312 -2.481 0.35327 99 72 35
4.0216 -2.4669 0.43892 71 51 14
4.0783 -2.5236 0.29706 97 71 44
3.9319 -2.4369 0.3887 97 70 33
4.0389 -2.4659 0.37592 99 74 42
4.0962 -2.4858 0.26878 99 74 44
3.9512 -2.4445 0.35724 98 71 38
4.0268 -2.4929 0.32873 97 70 33
3.929 -2.4415 0.42411 93 69 33
4.0179 -2.4727 0.2553 99 74 44
4.0423 -2.4254 0.38141 98 73 43
4.0771 -2.4571 0.42396 94 69 37
4.0218 -2.4466 0.33607 99 72 35
3.9338 -2.4534 0.23985 95 72 39
4.0403 -2.4528 0.29834 98 73 41
4.1488 -2.4862 0.3178 101 74 41
4.1544 -2.483 0.28115 99 75 41
3.7539 -2.4065 0.24864 100 75 43
3.7981 -2.4126 0.32575 99 72 37
3.8886 -2.4464 0.3746 98 71 38
3.8265 -2.4407 0.36295 97 73 35
4.0043 -2.5193 0.3202 98 73 41
3.8465 -2.443 0.29829 98 74 38
3.7618 -2.398 0.39124 96 72 36
3.8889 -2.4268 0.27198 98 75 42
3.8111 -2.4438 0.21705 97 71 44
3.957 -2.4908 0.34955 99 76 32
3.8896 -2.4538 0.4126 96 70 30
3.8839 -2.458 0.23008 100 72 43
3.7922 -2.4487 0.31847 98 71 36
3.8627 -2.4966 0.29145 99 73 46
3.8753 -2.4582 0.26604 97 72 40
3.789 -2.4528 0.35434 99 74 42
3.7503 -2.4353 0.40969 97 70 33
3.5795 -2.4046 0.3083 94 69 37
3.7376 -2.4402 0.27289 100 74 34
3.5704 -2.3915 0.27858 96 72 38
3.524 -2.3475 0.2394 99 72 39
3.6474 -2.4207 0.32263 96 68 37
3.6738 -2.4148 0.39688 96 68 29
3.6682 -2.3922 0.30212 96 72 36
3.6417 -2.437 0.21685 96 71 25
3.627 -2.3861 0.22352 96 73 42
3.7095 -2.458 0.26192 98 73 43
3.654 -2.42 0.29216 98 71 38
3.7881 -2.4734 0.24402 100 75 45
3.6838 -2.4167 0.36724 97 73 35
3.6235 -2.4137 0.38419 96 68 37
3.475 -2.331 0.36009 94 69 37
3.5536 -2.3894 0.33759 96 71 41
3.6359 -2.3726 0.32877 99 71 40
3.6153 -2.401 0.3503 95 70 38
3.5752 -2.4012 0.30833 94 69 37
3.5086 -2.3669 0.20203 93 67 40
3.4597 -2.3812 0.28475 93 70 36
3.4298 -2.3619 0.31334 95 68 33
3.4236 -2.3993 0.33402 94 69 39
3.5363 -2.4017 0.26817 95 69 42
3.4316 -2.3746 0.37136 93 69 33
3.4993 -2.4411 0.21969 94 71 37
3.3961 -2.3701 0.30439 93 66 31
3.3705 -2.3675 0.20324 92 68 32
3.4752 -2.3686 0.35504 95 70 38
3.5135 -2.4148 0.22589 94 69 37
3.4811 -2.3934 0.25504 98 70 41
3.4245 -2.3886 0.2752 94 70 34
3.52 -2.3822 0.23359 96 71 39
3.5512 -2.4199 0.29902 94 70 36
3.4991 -2.3825 0.32628 95 70 38
3.3783 -2.3238 0.33643 95 68 33
3.3966 -2.3589 0.24017 95 71 37
3.252 -2.3406 0.21244 92 68 40
3.3376 -2.3669 0.34913 94 66 39
3.3389 -2.3623 0.31837 93 68 38
3.3683 -2.4025 0.19627 96 69 32
3.355 -2.3597 0.23153 93 70 39
3.3066 -2.3645 0.28002 94 68 28
3.2108 -2.325 0.3221 91 68 37
3.2085 -2.3174 0.29301 94 67 34
3.3594 -2.406 0.25791 93 68 38
3.2747 -2.3472 0.33605 93 69 35
3.3531 -2.3637 0.26265 94 71 38
3.4146 -2.3973 0.36339 93 69 35
3.3059 -2.3694 0.30901 94 69 39
3.2914 -2.3706 0.18613 95 69 29
3.3373 -2.3808 0.2254 95 72 41
3.2565 -2.3555 0.26901 93 68 36
3.2504 -2.3445 0.23946 94 70 34
3.3463 -2.3633 0.28997 94 66 35
3.1987 -2.3383 0.25881 93 69 35
3.1212 -2.3063 0.27242 93 66 29
3.1517 -2.3297 0.24841 94 70 34
3.1105 -2.3306 0.2654 92 72 37
3.1276 -2.3522 0.29434 94 69 37
3.2342 -2.3817 0.31699 94 71 38
3.1776 -2.3432 0.19496 92 68 34
3.1377 -2.3407 0.18517 94 69 23
3.1475 -2.3553 0.21475 93 69 41
3.1618 -2.3337 0.2205 94 70 42
3.1292 -2.3432 0.24019 95 67 40
3.1666 -2.3245 0.33488 92 67 37
3.2345 -2.3657 0.23148 92 68 42
3.2022 -2.3469 0.28714 93 65 36
3.1226 -2.3421 0.26663 92 72 37
3.0671 -2.308 0.17527 93 68 36
3.1344 -2.3292 0.32899 94 69 37
3.108 -2.2991 0.29747 93 70 37
3.2511 -2.3756 0.20689 93 65 34
3.0191 -2.3053 0.216 93 70 39
3.0332 -2.3296 0.27533 94 67 32
3.0501 -2.3175 0.31037 94 70 42
3.0627 -2.3533 0.24916 93 69 41
3.0392 -2.3015 0.27957 94 67 30
3.0994 -2.3307 0.32024 96 68 41
3.0568 -2.3083 0.22848 93 70 37
2.9857 -2.321 0.28894 94 66 37
2.9644 -2.2947 0.26077 91 68 37
2.9984 -2.3185 0.21077 95 69 42
3.0989 -2.3437 0.20497 91 66 36
3.0091 -2.3159 0.32308 96 68 39
2.971 -2.2963 0.23515 90 70 36
2.9958 -2.3109 0.18481 95 68 33
3.0485 -2.3291 0.1946 94 67 30
3.0791 -2.3349 0.25673 91 68 35
3.0186 -2.3201 0.29786 95 67 38
2.9221 -2.2953 0.30384 95 69 44
2.9734 -2.3322 0.23018 96 71 41
2.8867 -2.2816 0.24215 94 71 37
2.9578 -2.3113 0.20229 92 68 34
2.8874 -2.2924 0.29411 95 70 40
2.9005 -2.3008 0.26894 95 69 28
2.8777 -2.2954 0.18717 94 70 34
2.8904 -2.2807 0.21797 92 68 40
2.9226 -2.3088 0.19531 93 67 26
2.9443 -2.3077 0.25321 96 71 41
2.8977 -2.321 0.21202 97 73 45
2.9894 -2.3298 0.31516 96 69 34
2.9783 -2.3271 0.17846 92 69 38
2.8943 -2.3224 0.23758 97 71 46
2.9383 -2.3065 0.27713 96 68 41
2.9132 -2.2943 0.16862 91 65 38
4.3538 -2.4152 0.21263 101 78 36
4.2961 -2.4915 0.067654 96 72 38
4.0902 -2.4028 0.090635 95 71 37
4.3456 -2.5089 0.23253 99 74 42
4.1824 -2.5108 0.081317 94 69 37
4.0714 -2.4261 0.036939 94 70 36
4.183 -2.4442 0.21481 102 76 36
4.1592 -2.472 0.20613 99 75 39
4.172 -2.4519 0.05517 96 72 38
4.1582 -2.4569 0.13114 98 71 36
4.2818 -2.4966 0.14165 99 71 40
4.1727 -2.4741 0.16639 100 73 40
4.3247 -2.518 0.10405 97 72 42
4.282 -2.5197 0.015775 94 70 34
4.1138 -2.528 0.18647 96 71 41
3.9606 -2.4664 0.20558 99 72 37
4.0825 -2.469 0.2307 101 73 42
3.992 -2.4333 0.14454 96 72 38
4.0855 -2.4792 0.035057 96 70 30
3.8914 -2.4087 0.16565 96 72 36
3.9685 -2.4807 0.019799 92 68 34
4.0232 -2.4695 0.21764 98 74 40
4.0135 -2.478 0.067034 96 72 38
3.9577 -2.4302 0.027329 95 71 37
4.0645 -2.4713 0.07275 94 70 36
3.9022 -2.4033 0.096271 94 70 34
3.8773 -2.4266 0.090696 94 70 34
4.1093 -2.4738 0.15846 98 74 38
4.1235 -2.4768 0.12206 96 72 38
4.0926 -2.4985 0.10968 98 70 39
4.0653 -2.4498 0.19257 100 73 38
3.9062 -2.4414 0.056045 94 69 39
4.0489 -2.5176 0.13563 96 71 39
3.8204 -2.4594 0.034373 93 68 38
3.953 -2.5186 0.046338 94 67 34
3.7525 -2.4269 0.14289 99 72 39
3.8191 -2.437 0.14929 95 73 36
3.7825 -2.4627 0.21032 99 71 44
3.8168 -2.4221 0.077226 92 68 40
3.7678 -2.4254 0.070911 95 70 38
3.7251 -2.399 0.1061 95 69 42
3.7534 -2.4547 0.063211 93 69 35
3.8498 -2.4126 0.12251 95 70 40
3.7697 -2.461 0.028492 93 68 36
3.8248 -2.4479 0.18482 101 72 48
3.8764 -2.4457 0.19494 95 71 37
3.8433 -2.4489 0.11665 93 67 42
3.9271 -2.477 0.16061 95 71 37
3.5972 -2.4339 0.17749 95 71 37
3.5767 -2.3927 0.043674 92 68 32
3.722 -2.4363 0.095291 93 67 40
3.6346 -2.4005 0.054986 91 66 34
3.5591 -2.3965 0.14143 94 71 40
3.5907 -2.4103 0.07821 91 68 34
3.5407 -2.3493 0.17889 96 71 39
3.5351 -2.3768 0.14037 94 71 40
3.6277 -2.4281 0.013924 90 66 38
3.6741 -2.4257 0.020676 89 65 27
3.5271 -2.3905 0.036562 94 67 32
3.5313 -2.3679 0.1099 92 69 38
3.6051 -2.383 0.085268 93 69 33
3.5045 -2.3955 0.16202 93 70 36
3.4587 -2.3714 0.028847 91 67 33
3.4664 -2.3954 0.12309 93 66 31
3.5303 -2.423 0.19602 95 72 28
3.3913 -2.3743 0.14474 93 69 33
3.4066 -2.3932 0.17529 92 67 37
3.4532 -2.3784 0.091874 92 68 34
3.4488 -2.3863 0.15335 92 69 38
3.4328 -2.3785 0.18343 93 71 32
3.4095 -2.3671 0.023713 89 66 32
3.3991 -2.3753 0.114 92 69 36
3.5463 -2.4125 0.069463 92 69 38
3.5558 -2.4263 0.1017 92 67 35
3.4152 -2.3776 0.053304 92 64 35
3.5284 -2.436 0.062117 91 68 26
3.5287 -2.4099 0.13437 93 68 36
3.439 -2.4212 0.17713 92 67 37
3.4234 -2.4164 0.015518 91 66 36
3.3684 -2.3742 0.045463 93 66 31
3.4472 -2.411 0.085338 90 64 39
3.2957 -2.383 0.030892 91 65 25
3.2373 -2.3519 0.14612 93 69 35
3.2567 -2.3642 0.11798 90 66 40
3.2434 -2.3413 0.060386 90 67 34
3.3434 -2.3947 0.068319 92 64 35
3.3566 -2.3752 0.10618 93 70 39
3.3171 -2.3657 0.038077 88 65 34
3.2441 -2.3173 0.1247 92 68 34
3.354 -2.3674 0.077374 88 65 34
3.2711 -2.3883 0.17726 93 67 40
3.297 -2.359 0.097955 90 63 42
3.3316 -2.4011 0.15852 92 69 38
3.2382 -2.342 0.087941 89 64 32
3.3022 -2.3386 0.16378 90 65 35
3.2119 -2.3481 0.053796 91 62 38
3.2126 -2.3434 0.024665 89 64 34
3.352 -2.3768 0.13463 92 66 39
3.2052 -2.3635 0.16768 92 68 34
3.1615 -2.3719 0.039648 85 64 33
3.1874 -2.3716 0.1031 88 65 34
3.1466 -2.3631 0.068274 91 66 36
3.1572 -2.3328 0.046492 90 66 32
3.0784 -2.3137 0.1489 92 69 35
3.1195 -2.3478 0.12308 88 65 32
3.2376 -2.3772 0.082234 91 65 40
3.1868 -2.3657 0.07553 90 66 30
3.1713 -2.3406 0.018314 90 63 44
3.1235 -2.3221 0.15695 90 67 33
3.1707 -2.3208 0.10835 91 68 37
3.1484 -2.3402 0.12946 89 65 39
3.115 -2.3383 0.095712 89 65 37
3.0874 -2.336 0.031817 88 65 31
3.2316 -2.3825 0.13964 91 68 35
3.0011 -2.3249 0.047763 88 65 24
3.0367 -2.3074 0.14052 93 68 38
3.0634 -2.3384 0.16758 92 67 35
3.0036 -2.3086 0.13219 92 67 35
3.0122 -2.307 0.079619 92 67 35
3.0532 -2.3371 0.026077 91 66 34
2.9915 -2.3253 0.099359 90 67 36
3.0595 -2.3587 0.10744 91 65 38
2.9809 -2.2998 0.020896 86 62 34
3.0854 -2.3392 0.060309 90 67 33
3.0928 -2.3516 0.088513 90 65 33
2.994 -2.3328 0.12558 90 67 33
3.0472 -2.3125 0.1141 92 67 44
3.0137 -2.3036 0.053751 92 67 35
3.0123 -2.3223 0.15972 91 65 38
3.0335 -2.3622 0.074513 90 65 33
2.9992 -2.3431 0.15374 93 70 37
3.0051 -2.3579 0.014012 90 62 35
2.9032 -2.3071 0.11095 92 71 40
2.8457 -2.2847 0.12791 93 67 42
2.9215 -2.3162 0.058516 92 67 35
2.8998 -2.2988 0.086039 92 67 35
2.9023 -2.316 0.16142 92 68 40
2.889 -2.3108 0.027786 86 62 34
2.8925 -2.3009 0.13611 93 69 35
2.9244 -2.3008 0.14397 91 68 37
2.8598 -2.2946 0.10379 90 65 42
2.8679 -2.2936 0.053434 91 66 36
2.9277 -2.2894 0.065947 91 68 34
2.9706 -2.3279 0.039895 90 62 35
2.937 -2.3272 0.032843 90 68 31
2.8879 -2.3193 0.079052 92 67 37
2.9625 -2.3298 0.093656 92 64 33
2.9495 -2.3214 0.11857 91 67 39
4.0599 -2.4396 -0.075969 90 67 36
4.1464 -2.4933 -0.11873 95 66 34
4.239 -2.4752 -0.064577 91 66 34
4.2794 -2.5562 -0.032894 89 63 36
4.1473 -2.4716 0.0062481 91 66 36
4.1573 -2.4494 -0.15441 89 64 34
4.2388 -2.5128 -0.11442 93 65 36
4.1813 -2.4805 -0.070228 91 68 37
4.309 -2.5306 -0.022714 91 66 36
3.957 -2.4582 -0.056219 91 68 34
4.0473 -2.4523 -0.2001 88 64 30
3.9794 -2.4817 -0.018919 90 66 32
4.0762 -2.4583 -0.037998 94 66 39
3.9056 -2.4417 -0.17088 86 63 30
4.0689 -2.504 -0.0076812 93 68 36
4.036 -2.4729 -0.049757 91 66 34
4.0374 -2.4668 -0.084955 91 66 34
4.1049 -2.4859 -0.00090225 92 66 39
3.925 -2.4631 -0.13773 88 63 31
4.0314 -2.4625 -0.085031 91 66 34
4.0585 -2.4749 -0.12117 91 63 36
3.9286 -2.4726 -0.10002 90 66 32
3.9844 -2.4502 -0.20143 86 62 26
3.9733 -2.4632 -0.093275 87 63 29
3.9397 -2.4251 -0.15943 89 64 34
3.7995 -2.4302 -0.031666 91 67 33
3.8525 -2.4991 -0.11296 91 63 32
3.8333 -2.4494 -0.067811 90 64 37
3.7345 -2.427 -0.0057184 89 66 33
3.7267 -2.4291 -0.18267 86 62 26
3.8067 -2.4502 -0.1818 89 66 25
3.9059 -2.4695 -0.024554 91 67 31
3.9054 -2.4622 -0.061645 91 66 36
3.857 -2.4393 0.010346 91 66 34
3.8252 -2.4713 -0.14648 91 67 33
3.8332 -2.4291 -0.17688 90 63 26
3.686 -2.4099 -0.11286 88 63 31
3.7434 -2.4211 -0.074833 87 63 29
3.7747 -2.452 -0.039062 91 67 33
3.7602 -2.3871 -0.10322 87 64 23
3.8289 -2.4327 -0.14311 89 63 36
3.8312 -2.4611 0.0027572 92 67 35
3.6433 -2.4282 -0.05427 90 64 39
3.707 -2.4732 -0.0902 88 63 33
3.5819 -2.4237 -0.026399 90 67 26
3.5529 -2.4263 -0.09999 91 63 32
3.5283 -2.3856 0.0066376 92 66 39
3.7104 -2.4483 -0.01531 88 63 33
3.6142 -2.4255 -0.16472 88 60 29
3.6841 -2.4421 -0.15442 87 64 31
3.5621 -2.4013 -0.058841 89 67 26
3.5713 -2.4027 -0.092333 87 64 20
3.7007 -2.4617 -0.12425 91 64 29
3.5738 -2.4315 -0.16721 88 61 24
3.583 -2.4062 -0.12892 90 65 33
3.6484 -2.4386 -0.020905 92 64 35
3.7114 -2.4363 -0.080813 87 62 32
3.5413 -2.4106 -0.13245 88 67 24
3.6826 -2.4198 -0.047637 90 67 33
3.6941 -2.4436 -0.18914 85 61 27
3.4957 -2.3966 -0.0025271 88 63 31
3.3534 -2.3695 -0.11392 87 64 31
3.4997 -2.4083 -0.16913 86 61 29
3.4368 -2.4046 -0.10994 88 62 39
3.4972 -2.4242 -0.074258 90 62 33
3.4249 -2.4119 -0.015559 91 63 32
3.4467 -2.3696 -0.13279 89 62 25
3.4892 -2.4234 -0.039851 90 68 29
3.457 -2.4018 -0.009036 89 66 35
3.4223 -2.3864 -0.13837 86 63 22
3.4399 -2.3697 -0.10025 88 65 24
3.5079 -2.4008 -0.033286 92 64 35
3.5296 -2.413 -0.066664 88 65 21
3.4066 -2.3902 -0.045761 88 65 34
3.3996 -2.3784 -0.077314 87 62 30
3.445 -2.4 -0.17151 84 61 20
3.3617 -2.3711 -0.14487 86 59 24
3.2947 -2.3655 -0.057058 85 63 24
3.2859 -2.3884 -0.092914 90 63 26
3.2739 -2.3719 -0.12312 85 61 25
3.3232 -2.3853 -0.089383 88 63 33
3.3281 -2.37 0.010134 91 63 32
3.2324 -2.3757 -0.09774 89 64 34
3.2255 -2.3498 -0.0038485 89 64 34
3.2363 -2.3542 -0.0339 86 66 31
3.3769 -2.3959 -0.083793 89 63 23
3.3377 -2.3728 -0.021275 89 65 31
3.3086 -2.3834 -0.028181 88 62 39
3.2655 -2.3754 -0.063438 90 65 17
3.3834 -2.4333 -0.12304 85 60 30
3.2991 -2.3805 0.0012167 87 64 33
3.2502 -2.3867 -0.1274 86 62 28
3.2929 -2.3835 -0.15452 86 62 26
3.3858 -2.4297 -0.15496 87 62 32
3.2581 -2.3884 -0.15881 85 59 34
3.3821 -2.4062 -0.052248 88 60 31
3.2041 -2.3853 -0.10662 86 62 28
3.1725 -2.3611 -0.074353 87 63 29
3.1462 -2.3416 -0.044211 86 62 28
3.1951 -2.3466 -0.067761 87 62 32
3.1392 -2.3753 -0.02453 89 64 32
3.1835 -2.3466 -0.011045 90 64 37
3.1791 -2.3565 -0.1301 86 62 26
3.1005 -2.3575 -0.11359 89 61 30
3.1258 -2.3573 -0.049154 89 65 27
3.2109 -2.3666 -0.04027 88 65 32
3.209 -2.3899 -0.10614 86 62 28
3.0832 -2.3355 -0.1403 86 62 36
3.117 -2.3436 -0.079152 89 65 27
3.1121 -2.3546 0.0050563 90 65 35
3.1208 -2.328 0.011235 85 62 28
3.1349 -2.3363 -0.015423 89 66 33
3.1652 -2.379 -0.13956 83 59 31
3.1417 -2.3619 -0.10936 87 60 27
3.0556 -2.3484 -0.115 85 59 18
3.0082 -2.3408 -0.092742 86 61 31
3.0147 -2.3423 -0.12058 84 61 27
3.1023 -2.3644 -0.084167 88 64 38
3.0529 -2.356 -0.061544 89 65 27
3.0529 -2.3318 -0.0014891 89 64 34
3.0579 -2.3455 -0.14524 86 61 29
2.9861 -2.3287 -0.039332 90 66 32
3.0811 -2.3683 -0.14718 86 61 29
2.9484 -2.3144 -0.098843 85 62 21
3.0528 -2.3508 -0.087774 90 68 29
3.0376 -2.351 -0.0078723 90 64 39
2.9678 -2.3291 -0.12645 83 57 34
2.9634 -2.3108 -0.013079 89 63 36
3.0705 -2.3387 -0.056208 89 62 27
3.0609 -2.3345 -0.02792 87 61 36
2.9885 -2.326 -0.066161 89 64 34
3.0421 -2.3504 -0.035991 86 62 26
3.0005 -2.3231 -0.14624 89 65 31
2.9102 -2.3134 -0.075973 88 64 36
2.906 -2.3327 -0.13427 86 62 36
2.8901 -2.3209 -0.1052 87 62 32
2.898 -2.3389 -0.055906 92 64 35
2.8849 -2.33 -0.029287 89 65 27
2.8952 -2.3028 -0.048695 89 64 32
2.9251 -2.3102 0.0087177 88 62 35
2.8566 -2.3049 -0.002066 89 66 35
2.9677 -2.3488 -0.018944 89 63 40
2.9343 -2.3334 -0.10369 85 60 30
2.9106 -2.3284 0.002531 90 66 30
2.9359 -2.3303 -0.13134 85 59 32
2.8872 -2.3227 -0.080212 86 61 29
2.9404 -2.316 -0.044699 88 65 23
2.9507 -2.3216 -0.072309 88 63 33
2.8666 -2.3245 -0.13699 87 61 34
2.8531 -2.315 -0.10951 86 60 35
2.8863 -2.2983 -0.023901 89 62 25
4.2619 -2.5202 -0.40299 84 61 28
4.1555 -2.4839 -0.44017 84 62 25
4.1049 -2.4712 -0.31557 88 61 24
4.1662 -2.4772 -0.27373 86 61 29
4.1588 -2.5016 -0.3608 86 61 29
4.2203 -2.5228 -0.24422 84 59 29
4.191 -2.4636 -0.43451 84 60 34
4.1529 -2.4898 -0.40145 84 61 30
4.1478 -2.5091 -0.28395 89 65 29
4.0369 -2.4444 -0.43364 86 62 34
4.0436 -2.5077 -0.36848 87 64 33
4.0929 -2.5364 -0.41535 85 59 34
3.992 -2.4988 -0.21229 85 61 25
4.0818 -2.5062 -0.28611 89 65 29
4.0633 -2.4783 -0.35764 85 62 31
3.8545 -2.4249 -0.28062 88 60 29
3.9621 -2.4983 -0.33201 86 64 27
4.0948 -2.523 -0.25021 88 65 32
4.0653 -2.4579 -0.24029 86 62 36
4.1143 -2.5072 -0.40668 85 59 32
3.9443 -2.4781 -0.36252 86 62 34
3.9402 -2.4535 -0.24429 88 64 36
3.9791 -2.475 -0.28587 84 60 26
3.9819 -2.4698 -0.3254 87 63 27
3.959 -2.4816 -0.40525 84 61 27
4.0754 -2.4943 -0.32533 85 63 26
3.9024 -2.4746 -0.21692 87 63 27
3.9063 -2.4849 -0.40642 85 63 26
3.8728 -2.5158 -0.33929 87 63 27
3.8854 -2.4971 -0.26089 89 63 36
3.8786 -2.471 -0.36549 84 61 28
3.7126 -2.4321 -0.32872 89 65 31
3.7479 -2.4533 -0.37196 86 63 21
3.7273 -2.4229 -0.22063 90 63 26
3.7873 -2.4429 -0.36795 86 62 34
3.7416 -2.4275 -0.25768 87 63 29
3.831 -2.4417 -0.32544 86 63 30
3.8174 -2.4383 -0.2868 85 63 26
3.7713 -2.4237 -0.39825 85 59 32
3.717 -2.4487 -0.26117 87 62 30
3.9034 -2.4684 -0.25149 85 62 29
3.7962 -2.4357 -0.22041 89 65 31
3.7404 -2.4607 -0.3012 86 63 21
3.783 -2.4531 -0.29758 85 62 20
3.711 -2.4714 -0.33735 89 60 36
3.6126 -2.4383 -0.30236 86 62 24
3.5817 -2.4317 -0.20121 84 63 34
3.5044 -2.3879 -0.29785 89 64 32
3.565 -2.4324 -0.34284 83 63 28
3.6911 -2.4489 -0.37166 86 61 29
3.5955 -2.418 -0.33292 85 61 33
3.5697 -2.4486 -0.27375 86 63 30
3.7234 -2.4604 -0.22816 87 64 22
3.6194 -2.4169 -0.22662 86 61 29
3.5865 -2.4295 -0.23441 88 65 24
3.6944 -2.4712 -0.26774 86 63 22
3.5709 -2.4105 -0.26239 83 58 28
3.6296 -2.4315 -0.19422 87 63 29
3.6387 -2.4467 -0.37277 87 64 33
3.5511 -2.4143 -0.37008 85 62 31
3.6384 -2.4195 -0.29659 86 61 29
3.4166 -2.4134 -0.17577 85 62 28
3.3923 -2.418 -0.24517 84 60 32
3.3834 -2.3785 -0.20565 88 62 35
3.3999 -2.4188 -0.27972 87 64 33
3.4002 -2.3754 -0.30153 86 61 29
3.4849 -2.4425 -0.34634 86 62 34
3.3927 -2.4065 -0.30845 82 61 32
3.5239 -2.443 -0.3087 83 63 29
3.4036 -2.3843 -0.27292 86 63 32
3.4885 -2.4311 -0.20782 86 62 28
3.518 -2.4318 -0.34243 83 62 35
3.4957 -2.3989 -0.20281 88 63 33
3.5212 -2.4531 -0.24348 85 59 32
3.413 -2.3984 -0.24027 86 62 26
3.5251 -2.4174 -0.23622 86 61 29
3.5144 -2.4411 -0.27608 87 63 37
3.273 -2.3796 -0.27993 86 61 31
3.3027 -2.3812 -0.21475 84 62 25
3.2725 -2.396 -0.19128 89 65 31
3.2995 -2.3981 -0.31552 82 61 30
3.2696 -2.4132 -0.28822 84 60 34
3.2766 -2.3942 -0.22281 87 58 34
3.3554 -2.397 -0.18336 86 62 34
3.3669 -2.4156 -0.34676 85 64 33
3.3105 -2.3768 -0.277 84 63 32
3.2999 -2.3731 -0.24298 87 63 35
3.3106 -2.3712 -0.30977 85 62 31
3.3003 -2.3846 -0.18691 85 62 28
3.2953 -2.4056 -0.2542 86 60 35
3.2952 -2.3884 -0.34383 84 60 34
3.1866 -2.3473 -0.21852 81 60 31
3.2224 -2.3752 -0.25452 86 62 34
3.2332 -2.374 -0.31431 87 62 39
3.3753 -2.4087 -0.21457 86 60 19
3.1306 -2.3494 -0.31488 85 64 33
3.1574 -2.3309 -0.15742 86 60 33
3.1099 -2.3754 -0.26222 84 63 34
3.161 -2.3589 -0.2246 87 64 30
3.2122 -2.4018 -0.2602 87 64 30
3.1909 -2.3708 -0.31577 83 62 35
3.117 -2.3576 -0.19817 84 60 34
3.1065 -2.3668 -0.29055 86 60 33
3.139 -2.3628 -0.28724 83 62 31
3.214 -2.3979 -0.28774 86 63 32
3.1322 -2.3616 -0.25696 86 62 34
3.0992 -2.3353 -0.22274 88 65 21
3.16 -2.3633 -0.19502 85 59 19
3.161 -2.3696 -0.16691 88 64 38
3.1028 -2.3492 -0.17104 86 63 30
3.0839 -2.3555 -0.23263 85 60 37
3.2079 -2.3726 -0.19051 85 62 28
3.1205 -2.3751 -0.32065 82 61 32
3.0016 -2.3532 -0.18051 86 60 33
2.9552 -2.3252 -0.26345 85 61 33
3.0261 -2.3627 -0.26522 87 63 35
2.9686 -2.3439 -0.23905 85 62 31
3.0056 -2.3523 -0.20904 87 65 24
3.033 -2.3452 -0.20457 85 62 21
3.0512 -2.3529 -0.26119 86 63 29
3.0217 -2.3532 -0.29281 84 63 34
3.0455 -2.3423 -0.29133 88 62 35
3.0645 -2.3469 -0.17438 86 63 30
3.0199 -2.3616 -0.23965 87 62 30
2.991 -2.3476 -0.15332 86 61 31
3.0687 -2.3457 -0.20187 83 60 27
3.0182 -2.3356 -0.17662 86 61 31
2.9775 -2.343 -0.29474 86 61 31
3.029 -2.3362 -0.2334 87 64 31
2.9167 -2.3391 -0.16222 86 63 32
2.9171 -2.306 -0.15526 88 64 36
2.8758 -2.3102 -0.26888 87 63 37
2.8636 -2.3308 -0.2748 83 64 34
2.8527 -2.3238 -0.24572 86 64 27
2.9241 -2.337 -0.21431 85 64 33
2.9713 -2.371 -0.30096 83 63 29
2.943 -2.3228 -0.20652 87 61 36
2.9354 -2.3438 -0.24272 83 59 31
2.8742 -2.3134 -0.24199 87 63 37
2.9212 -2.3388 -0.18756 84 60 22
2.9399 -2.3436 -0.27101 86 61 39
2.8402 -2.2917 -0.16116 86 60 35
2.9247 -2.3088 -0.18077 85 61 25
2.8505 -2.2979 -0.18796 88 64 28
2.875 -2.3192 -0.21843 86 63 32
4.9764 0.70004 -0.71024 60 28 7
4.1478 -2.5297 -0.65671 84 59 29
4.2528 -2.4981 -0.48075 84 60 32
4.2427 -2.5371 -0.49284 85 61 33
4.124 -2.4758 -0.59856 86 62 36
4.2106 -2.5287 -0.6611 84 61 28
4.1639 -2.5272 -0.49132 88 60 33
4.052 -2.4401 -0.51294 84 61 30
4.0994 -2.4663 -0.5636 84 58 35
3.948 -2.5093 -0.45276 86 63 30
4.0621 -2.4989 -0.48508 84 61 28
4.0924 -2.4978 -0.60713 86 59 24
3.8993 -2.4582 -0.51694 86 60 19
4.006 -2.5018 -0.48914 86 60 33
3.9457 -2.4645 -0.43997 84 61 30
4.0571 -2.5027 -0.44694 85 61 33
4.1669 -2.5891 -0.67113 82 58 30
4.0263 -2.4656 -0.51534 84 60 34
3.9149 -2.4772 -0.48491 85 59 32
3.9579 -2.4948 -0.56606 82 60 39
4.0751 -2.4931 -0.56622 86 61 29
3.9924 -2.4769 -0.56086 83 63 36
3.9583 -2.4593 -0.51623 82 57 27
4.053 -2.5141 -0.61525 83 60 27
4.0433 -2.5435 -0.65894 83 60 29
4.0203 -2.5341 -0.61706 83 60 29
3.8546 -2.502 -0.56323 84 60 24
3.7283 -2.4585 -0.47926 83 60 29
3.7892 -2.4306 -0.43666 85 60 28
3.7345 -2.436 -0.40238 87 64 31
3.7059 -2.4612 -0.59126 85 61 27
3.8434 -2.5144 -0.45527 86 62 34
3.8326 -2.4778 -0.59815 86 57 36
3.8636 -2.4594 -0.59592 84 59 29
3.7308 -2.4537 -0.51654 86 62 34
3.8207 -2.4478 -0.47695 85 62 28
3.7766 -2.4485 -0.51768 85 60 30
3.7854 -2.4621 -0.48051 84 61 20
3.8378 -2.454 -0.51937 90 62 33
3.7207 -2.4391 -0.55358 84 62 25
3.842 -2.45 -0.55272 85 61 33
3.7304 -2.4669 -0.44754 84 59 36
3.7277 -2.4376 -0.58656 82 57 27
3.6698 -2.459 -0.4474 83 60 29
3.5628 -2.3922 -0.53828 85 61 25
3.5645 -2.4191 -0.40476 84 61 30
3.5637 -2.3993 -0.50438 83 61 37
3.5797 -2.4189 -0.47521 84 61 30
3.688 -2.4398 -0.40427 87 58 34
3.7235 -2.4824 -0.56257 85 59 32
3.6461 -2.4463 -0.40788 86 60 33
3.6217 -2.4337 -0.5828 85 60 37
3.6092 -2.4702 -0.55702 83 61 24
3.6678 -2.4508 -0.47818 84 60 24
3.5733 -2.42 -0.43944 83 60 29
3.6994 -2.4696 -0.52149 86 62 36
3.5667 -2.4413 -0.51175 88 60 20
3.5489 -2.4332 -0.48231 87 63 37
3.563 -2.4573 -0.41387 87 62 30
3.5427 -2.4339 -0.44344 80 57 26
3.4851 -2.4444 -0.55053 85 61 35
3.4439 -2.389 -0.43506 80 56 30
3.3936 -2.4214 -0.44395 86 62 36
3.4457 -2.4168 -0.51207 84 59 36
3.3939 -2.4157 -0.47636 82 58 32
3.5234 -2.4302 -0.37469 87 64 31
3.489 -2.4088 -0.5422 84 61 30
3.4213 -2.4076 -0.43964 83 58 28
3.3769 -2.4126 -0.41039 86 60 33
3.4107 -2.4305 -0.47942 82 58 32
3.4757 -2.4222 -0.40866 84 59 29
3.4345 -2.393 -0.36957 85 62 28
3.4967 -2.4402 -0.41255 84 59 29
3.5027 -2.4329 -0.47918 86 61 39
3.504 -2.4279 -0.51369 84 60 26
3.4203 -2.4188 -0.37662 84 62 25
3.4509 -2.4395 -0.41498 83 61 14
3.3885 -2.3989 -0.53652 89 64 18
3.4227 -2.4029 -0.47544 82 61 32
3.3807 -2.3981 -0.5064 85 59 34
3.2681 -2.3949 -0.37868 82 59 25
3.2784 -2.3871 -0.47029 84 61 28
3.2566 -2.3899 -0.34535 85 62 28
3.2967 -2.3981 -0.50577 83 59 21
3.2823 -2.4022 -0.4109 83 58 26
3.2496 -2.4032 -0.44416 83 58 28
3.2362 -2.3856 -0.4754 84 59 27
3.2205 -2.3876 -0.38147 82 59 26
3.3474 -2.424 -0.41426 80 56 22
3.3515 -2.4219 -0.44743 85 63 42
3.2734 -2.4139 -0.5086 86 60 37
3.2799 -2.4 -0.41076 83 58 26
3.289 -2.4026 -0.44362 84 63 36
3.3369 -2.383 -0.37319 85 63 40
3.3145 -2.4002 -0.37861 82 59 28
3.3302 -2.3967 -0.47184 86 62 28
3.3583 -2.4161 -0.51031 84 59 27
3.2512 -2.4104 -0.41421 86 63 29
3.1155 -2.3649 -0.34828 82 59 26
3.1734 -2.3794 -0.37996 83 58 35
3.1631 -2.364 -0.40645 84 62 38
3.1819 -2.3569 -0.3427 83 60 29
3.2103 -2.3919 -0.50398 82 59 28
3.0793 -2.3492 -0.43453 82 62 28
3.1647 -2.3961 -0.44333 85 59 19
3.1156 -2.3597 -0.37765 81 58 25
3.1682 -2.3634 -0.43655 86 58 29
3.1759 -2.4013 -0.47605 85 62 31
3.0642 -2.345 -0.37583 84 61 17
3.1217 -2.3851 -0.47193 85 59 32
3.0921 -2.367 -0.41012 83 62 35
3.1673 -2.379 -0.34874 85 61 33
3.2002 -2.388 -0.47292 84 59 27
3.1365 -2.3745 -0.4102 85 64 33
3.0722 -2.3828 -0.41436 83 56 19
3.0495 -2.3654 -0.38089 87 62 30
3.0689 -2.36 -0.31974 84 62 38
2.981 -2.3608 -0.41156 86 61 31
3.0027 -2.3585 -0.35421 82 57 25
3.0294 -2.3648 -0.46938 85 61 33
2.9885 -2.3634 -0.44135 85 63 24
2.9964 -2.3469 -0.37863 86 65 38
2.9619 -2.3463 -0.38156 86 67 35
3.0187 -2.3593 -0.44003 86 60 33
2.9403 -2.329 -0.34984 83 59 23
3.0913 -2.3767 -0.35121 84 61 27
2.9987 -2.3442 -0.40776 85 61 25
3.0245 -2.3457 -0.34932 80 60 26
3.075 -2.3751 -0.47173 84 60 34
3.0744 -2.3798 -0.44432 86 60 33
2.9692 -2.3295 -0.32023 83 56 37
3.0413 -2.3676 -0.32327 86 61 38
2.9845 -2.3542 -0.46679 83 59 25
2.8846 -2.3434 -0.32944 83 59 25
2.8547 -2.3069 -0.349 88 66 43
2.9349 -2.3285 -0.32254 82 59 28
2.855 -2.3311 -0.41032 87 62 16
2.9114 -2.3428 -0.29987 87 62 30
2.8358 -2.3057 -0.43075 86 61 29
2.9273 -2.3691 -0.44428 86 60 35
2.9122 -2.3191 -0.43259 85 60 37
2.9012 -2.3272 -0.32429 83 60 29
2.9191 -2.341 -0.3543 87 60 25
2.8689 -2.3315 -0.29883 88 64 36
2.9189 -2.3359 -0.38098 83 59 25
2.9162 -2.3622 -0.41442 84 60 32
2.8506 -2.3312 -0.38283 85 61 35
2.887 -2.3362 -0.38197 88 61 28
2.9132 -2.325 -0.40503 85 61 33
4.1036 -2.4957 -0.89761 82 57 27
4.2309 -2.5348 -0.70128 81 61 26
4.1999 -2.4805 -0.85698 81 57 29
4.0416 -2.4308 -0.75431 83 59 33
4.2365 -2.4975 -0.91073 81 59 36
4.1049 -2.4834 -0.72771 81 57 29
4.2048 -2.5299 -0.86915 81 61 24
4.1467 -2.4815 -0.90209 77 57 23
4.2369 -2.4978 -0.9106 81 59 36
4.2224 -2.5751 -0.71541 85 59 34
4.036 -2.4638 -0.80761 81 57 29
4.0953 -2.4321 -0.71384 80 59 30
3.9703 -2.4817 -0.68054 82 60 21
3.9679 -2.4649 -0.75535 83 61 24
4.0661 -2.5215 -0.85968 83 59 33
3.9588 -2.5242 -0.65189 85 63 24
4.1077 -2.5382 -0.69996 84 60 24
3.8934 -2.4809 -0.83624 84 58 33
3.926 -2.4621 -0.83123 81 56 33
3.9416 -2.4888 -0.75885 83 59 31
4.0415 -2.5115 -0.81532 81 57 29
3.9336 -2.4903 -0.71955 85 58 25
4.1185 -2.5303 -0.78094 84 58 33
4.0802 -2.5105 -0.73305 82 59 28
4.127 -2.558 -0.91207 82 58 32
3.9623 -2.4968 -0.80362 83 59 31
3.9486 -2.509 -0.68543 82 60 21
3.9464 -2.4566 -0.71283 84 62 25
3.7444 -2.4713 -0.70567 84 60 32
3.7932 -2.4821 -0.63655 83 59 25
3.8111 -2.4891 -0.67707 84 60 34
3.7582 -2.4755 -0.74879 83 60 27
3.8691 -2.5484 -0.84881 82 58 32
3.826 -2.4937 -0.71809 84 59 29
3.8656 -2.5175 -0.76619 84 60 32
3.6791 -2.4466 -0.77164 79 58 29
3.8646 -2.4883 -0.67987 82 59 25
3.906 -2.5129 -0.72875 85 61 25
3.7685 -2.4975 -0.67714 83 58 26
3.8822 -2.5089 -0.64464 86 60 35
3.7981 -2.4997 -0.79251 83 61 40
3.8072 -2.4646 -0.78184 83 59 25
3.693 -2.4442 -0.62452 83 57 32
3.9798 -2.554 -0.81843 84 59 27
3.8554 -2.4812 -0.67753 82 59 25
3.855 -2.4943 -0.83358 83 60 26
3.6112 -2.412 -0.64983 80 57 13
3.5803 -2.4331 -0.61845 85 62 28
3.5585 -2.4215 -0.57984 83 61 24
3.6117 -2.4391 -0.72751 84 60 34
3.5229 -2.4121 -0.68312 80 59 30
3.6837 -2.4916 -0.7844 83 60 27
3.5287 -2.4361 -0.58468 83 58 26
3.5492 -2.4607 -0.76474 82 58 32
3.6003 -2.4437 -0.66211 85 60 30
3.5542 -2.4251 -0.75817 83 58 35
3.5232 -2.4451 -0.72263 84 63 34
3.684 -2.4642 -0.69952 86 63 29
3.7325 -2.4965 -0.75033 85 61 33
3.5258 -2.4209 -0.65078 84 58 31
3.5833 -2.4559 -0.72995 84 59 36
3.6722 -2.4682 -0.63011 83 59 25
3.5681 -2.4628 -0.62578 84 59 27
3.4107 -2.4384 -0.64708 83 59 31
3.5249 -2.4535 -0.6955 82 61 30
3.4262 -2.4258 -0.57875 84 61 28
3.4386 -2.392 -0.60487 83 58 26
3.5182 -2.4538 -0.65674 85 59 34
3.4003 -2.4231 -0.6775 84 60 34
3.3931 -2.429 -0.61214 83 59 33
3.3583 -2.4101 -0.54024 82 57 25
3.4957 -2.4613 -0.72818 81 56 33
3.4391 -2.4309 -0.61311 85 60 30
3.4334 -2.4197 -0.64331 82 61 34
3.4338 -2.4464 -0.71997 83 60 29
3.4276 -2.3961 -0.74047 81 57 29
3.3683 -2.413 -0.5746 83 58 28
3.4819 -2.4557 -0.69156 82 59 26
3.4847 -2.4378 -0.58305 83 60 19
3.3969 -2.4526 -0.72011 81 60 29
3.3067 -2.4094 -0.70241 83 57 34
3.3024 -2.4115 -0.67131 78 57 28
3.3194 -2.3952 -0.63581 83 57 32
3.2524 -2.4142 -0.60325 84 61 28
3.2103 -2.3696 -0.6257 80 59 28
3.2076 -2.3839 -0.53442 86 62 26
3.3242 -2.4172 -0.5421 81 58 25
3.3554 -2.4337 -0.61421 81 60 29
3.3117 -2.4058 -0.53924 81 58 25
3.2631 -2.3872 -0.59969 87 59 32
3.3102 -2.4246 -0.64383 87 59 32
3.2222 -2.3918 -0.56707 84 60 32
3.25 -2.3809 -0.56509 82 56 29
3.1954 -2.3864 -0.65932 83 59 31
3.2848 -2.4187 -0.54293 83 57 30
3.2923 -2.3826 -0.56711 86 58 31
3.241 -2.3923 -0.66355 85 59 32
3.2613 -2.4052 -0.69861 80 59 28
3.345 -2.4121 -0.67287 83 61 37
3.1347 -2.3456 -0.5546 84 61 30
3.0904 -2.3689 -0.58987 86 57 33
3.153 -2.3881 -0.62624 80 59 32
3.0654 -2.355 -0.52681 86 61 29
3.1764 -2.3964 -0.50691 81 55 28
3.1385 -2.4104 -0.63089 81 60 33
3.07 -2.3738 -0.65043 85 60 28
3.2101 -2.4374 -0.67375 82 58 32
3.0957 -2.3493 -0.52517 82 58 32
3.119 -2.3667 -0.56204 84 59 36
3.1732 -2.413 -0.6012 84 61 30
3.0824 -2.3664 -0.55924 84 59 36
3.1483 -2.353 -0.58589 81 56 34
3.1175 -2.3757 -0.50115 82 57 34
3.1103 -2.3775 -0.65378 84 58 41
3.2136 -2.4094 -0.63549 84 60 32
3.0658 -2.3554 -0.52664 86 61 29
3.192 -2.4057 -0.53907 82 58 30
3.0625 -2.3578 -0.49985 84 62 23
3.0406 -2.3853 -0.62231 84 62 25
2.9992 -2.3642 -0.49936 82 58 32
2.9825 -2.3615 -0.61395 84 59 36
3.0197 -2.3395 -0.55121 83 58 36
3.0042 -2.364 -0.52737 84 61 27
2.936 -2.3339 -0.49235 87 63 29
2.9819 -2.3362 -0.54883 83 60 26
2.9917 -2.3412 -0.58063 87 62 40
3.0061 -2.3363 -0.4927 85 61 27
3.0279 -2.353 -0.52572 82 58 32
3.0036 -2.3882 -0.59043 84 59 39
2.9689 -2.3576 -0.55292 84 60 26
2.9459 -2.3392 -0.52226 83 61 38
3.0628 -2.3774 -0.59226 83 63 29
3.0362 -2.3455 -0.61214 80 57 24
2.9395 -2.362 -0.5562 83 57 34
2.9434 -2.3465 -0.46551 82 60 23
2.8976 -2.333 -0.46517 84 61 27
2.8413 -2.3213 -0.5716 82 57 35
2.8928 -2.3474 -0.55263 83 62 41
2.9272 -2.3788 -0.58852 81 60 33
2.846 -2.3406 -0.49283 87 62 30
2.9233 -2.3549 -0.49688 85 61 35
2.9062 -2.3514 -0.60751 84 59 36
2.8719 -2.3346 -0.49214 86 60 37
2.9342 -2.3616 -0.52814 87 63 37
2.8643 -2.3313 -0.4639 85 57 30
2.9457 -2.3633 -0.58378 85 60 37
2.8749 -2.3525 -0.60742 83 57 30
2.8494 -2.3395 -0.51992 85 62 28
2.9635 -2.3768 -0.61629 82 60 36
2.8546 -2.3404 -0.54919 81 60 39
2.8777 -2.3359 -0.51878 82 61 34
4.1791 -2.525 -1.0362 81 58 27
4.1913 -2.504 -0.94882 81 58 25
4.1411 -2.5274 -1.1174 81 59 22
4.197 -2.5293 -1.084 78 57 26
4.2084 -2.5623 -0.96564 82 59 26
4.0341 -2.5486 -1.0716 79 58 27
4.0092 -2.4851 -1.0477 82 56 31
4.0731 -2.5244 -1.114 78 57 28
4.0462 -2.536 -0.9436 81 56 24
4.0264 -2.5056 -1.0126 80 56 30
3.9402 -2.5089 -0.88687 82 59 26
3.9903 -2.5311 -0.97296 81 60 29
4.0316 -2.5545 -1.0305 81 59 22
3.9815 -2.5456 -1.1003 82 59 28
4.0013 -2.5107 -0.89298 82 57 25
4.0437 -2.5476 -1.1128 83 59 31
4.0276 -2.4792 -0.93515 81 57 29
4.1052 -2.5262 -0.99024 84 59 29
3.9286 -2.4924 -0.92008 82 57 25
4.0819 -2.5545 -0.99321 82 56 29
3.8769 -2.4814 -0.98999 83 58 35
3.8953 -2.488 -1.0342 83 61 24
3.8963 -2.5322 -1.0443 81 57 29
3.7508 -2.4971 -0.82619 82 59 28
3.7004 -2.4776 -0.93283 83 57 30
3.7619 -2.4847 -0.93985 82 58 30
3.7669 -2.4813 -0.97541 81 58 27
3.9076 -2.5487 -1.011 82 57 27
3.785 -2.4888 -1.0222 80 56 28
3.8693 -2.498 -0.8754 82 59 26
3.8997 -2.5273 -1.0827 79 58 31
3.9108 -2.5149 -0.96253 83 58 36
3.8229 -2.5049 -0.87419 82 59 28
3.9266 -2.5346 -0.92789 81 56 33
3.8393 -2.5822 -1.0126 80 56 30
3.8362 -2.5006 -0.95132 83 61 22
3.7375 -2.4798 -0.8625 83 60 29
3.7503 -2.5033 -1.0189 81 62 32
3.7946 -2.4753 -0.89926 83 59 21
3.7681 -2.4967 -0.90425 81 59 35
3.585 -2.444 -0.79855 83 58 26
3.5642 -2.4536 -0.87125 82 58 32
3.6232 -2.4418 -0.98541 82 57 37
3.6034 -2.4526 -0.83845 79 55 27
3.579 -2.4593 -0.91149 83 60 29
3.5925 -2.4235 -0.94073 84 60 26
3.6372 -2.4737 -0.88292 83 58 36
3.5041 -2.4161 -0.78592 84 58 31
3.6132 -2.4473 -0.91275 83 60 29
3.5926 -2.4841 -0.8455 82 60 37
3.6643 -2.4549 -0.88222 82 58 32
3.5253 -2.4541 -0.90286 80 56 30
3.531 -2.4526 -0.94115 83 60 26
3.67 -2.4666 -0.85093 83 57 30
3.6654 -2.4698 -0.81474 82 62 27
3.6479 -2.5033 -1.0048 77 56 27
3.6328 -2.4977 -0.9646 78 57 28
3.4729 -2.4682 -0.79809 82 60 19
3.4133 -2.4362 -0.88795 80 59 32
3.5306 -2.4926 -0.95208 80 56 30
3.3853 -2.4176 -0.84527 83 59 23
3.4352 -2.4289 -0.81885 81 59 35
3.3595 -2.4132 -0.74174 81 55 30
3.3507 -2.3991 -0.76825 81 57 23
3.3952 -2.4529 -0.92439 80 59 32
3.4516 -2.456 -0.75901 85 60 30
3.3476 -2.4223 -0.84166 83 59 33
3.3466 -2.4153 -0.87343 80 57 23
3.3802 -2.4192 -0.80994 85 61 35
3.435 -2.4488 -0.92684 82 58 32
3.4986 -2.4509 -0.79498 83 57 30
3.4636 -2.441 -0.89466 83 57 32
3.4216 -2.4109 -0.84834 82 61 30
3.5202 -2.4565 -0.8695 81 57 31
3.5032 -2.4487 -0.83226 83 61 38
3.208 -2.3926 -0.6922 82 60 23
3.3395 -2.4473 -0.88084 82 58 32
3.3384 -2.4322 -0.74356 84 60 24
3.3262 -2.4092 -0.80404 83 59 33
3.3587 -2.4448 -0.78355 84 60 34
3.2439 -2.4207 -0.73526 79 58 31
3.2672 -2.3991 -0.76337 83 59 33
3.2423 -2.4017 -0.8256 83 59 33
3.2987 -2.4161 -0.83493 81 56 33
3.2796 -2.4048 -0.80001 81 57 31
3.2149 -2.3879 -0.75769 84 60 34
3.2903 -2.4406 -0.87566 82 59 26
3.2125 -2.4111 -0.82603 78 56 32
3.216 -2.4089 -0.85899 78 58 23
3.2709 -2.4346 -0.80743 83 59 33
3.2523 -2.3915 -0.73025 80 58 35
3.1064 -2.4044 -0.69006 82 59 26
3.1212 -2.3969 -0.81168 86 63 30
3.0887 -2.3706 -0.77152 83 58 26
3.2084 -2.4301 -0.70328 82 58 32
3.0871 -2.3802 -0.71524 84 59 36
3.1766 -2.4083 -0.85277 78 56 35
3.1726 -2.3845 -0.75076 82 58 24
3.1796 -2.3857 -0.78528 82 59 25
3.0855 -2.3729 -0.74143 84 60 26
3.0536 -2.3667 -0.79867 82 62 27
3.1252 -2.3865 -0.68618 82 57 34
3.1387 -2.4085 -0.84869 82 59 28
3.1206 -2.3963 -0.8114 86 63 30
3.1594 -2.3775 -0.71744 85 60 28
3.1705 -2.414 -0.79203 83 60 26
3.1213 -2.3774 -0.71578 80 60 33
3.1632 -2.4124 -0.75923 81 57 31
3.1459 -2.3846 -0.81314 85 60 38
3.003 -2.3721 -0.67552 82 62 27
2.9807 -2.3546 -0.64106 83 60 18
2.9698 -2.353 -0.78759 84 61 30
2.9278 -2.3347 -0.63316 83 60 26
2.9016 -2.3026 -0.65209 87 62 40
3.0346 -2.374 -0.6482 82 59 26
2.9516 -2.3493 -0.69573 85 58 37
2.9755 -2.3642 -0.76249 83 61 37
3.0504 -2.3993 -0.80646 79 58 31
2.9787 -2.3422 -0.69595 83 60 29
3.059 -2.3828 -0.74385 84 60 32
3.0319 -2.3661 -0.67693 85 60 37
2.9536 -2.3713 -0.78952 86 60 33
3.0338 -2.3629 -0.70708 81 60 31
2.9284 -2.3501 -0.75295 85 63 39
2.9636 -2.3569 -0.7297 82 60 36
3.0264 -2.3856 -0.74066 84 62 21
3.0181 -2.372 -0.76674 83 57 30
3.0914 -2.4093 -0.78101 86 61 31
2.863 -2.3302 -0.65824 84 60 34
2.8714 -2.3099 -0.62391 82 61 14
2.8715 -2.3736 -0.66891 87 61 34
2.828 -2.3313 -0.62888 86 61 39
2.8571 -2.3239 -0.65628 84 60 34
2.9013 -2.3662 -0.69774 84 59 36
2.9315 -2.3582 -0.72572 85 59 32
2.8533 -2.3247 -0.62893 85 60 38
2.8712 -2.3635 -0.72171 85 61 33
2.8336 -2.3279 -0.68394 85 59 34
2.8778 -2.3363 -0.71657 83 59 31
2.8607 -2.3476 -0.74718 84 57 24
2.8975 -2.3323 -0.65852 88 61 40
2.9134 -2.3693 -0.75724 79 60 26
2.8338 -2.3525 -0.74478 84 60 32
2.8973 -2.3278 -0.68911 86 60 35
3.932 -2.4774 -1.2387 78 55 24
3.9476 -2.5125 -1.1305 82 57 25
4.1064 -2.5318 -1.1989 75 54 23
4.0798 -2.5583 -1.2046 77 55 34
3.9713 -2.5303 -1.1385 82 57 25
3.9148 -2.5082 -1.2419 75 58 32
3.833 -2.4535 -1.1732 80 56 28
4.0416 -2.5218 -1.2287 79 56 25
3.9733 -2.4877 -1.1294 77 58 28
4.121 -2.5506 -1.1634 75 54 33
3.897 -2.459 -1.1878 78 57 30
3.9575 -2.512 -1.1702 81 56 24
3.887 -2.5026 -1.1583 78 58 24
4.0848 -2.5833 -1.3359 65 50 19
3.7325 -2.4746 -1.084 80 55 32
3.8289 -2.5442 -1.1582 80 59 32
3.6936 -2.4574 -1.2294 75 55 18
3.8417 -2.5468 -1.1998 80 55 23
3.9133 -2.5303 -1.1288 80 58 21
3.7906 -2.5285 -1.0709 81 56 33
3.6762 -2.4504 -1.1854 79 55 29
3.8706 -2.5629 -1.2542 76 55 26
3.8068 -2.4982 -1.06 78 57 28
3.7058 -2.4879 -1.1199 81 58 25
3.8507 -2.5179 -1.1548 80 56 30
3.7637 -2.5281 -1.1845 80 58 35
3.8647 -2.514 -1.2377 77 58 28
3.7747 -2.4795 -1.2514 78 56 19
3.8787 -2.5323 -1.204 80 57 26
3.6319 -2.483 -1.0331 81 58 24
3.6768 -2.4715 -1.0739 79 56 23
3.5849 -2.4646 -1.1338 79 57 36
3.4994 -2.4191 -0.96163 78 57 28
3.5282 -2.4235 -1.0734 80 57 26
3.5941 -2.4451 -1.0567 78 56 32
3.6739 -2.4898 -1.1925 79 54 31
3.5839 -2.4566 -1.164 76 54 30
3.5593 -2.4907 -1.1 80 57 26
3.6037 -2.5006 -1.0332 80 55 32
3.5301 -2.4589 -1.1205 77 53 25
3.5783 -2.4936 -1.1787 77 56 25
3.6901 -2.4895 -1.0446 83 57 30
3.7001 -2.5256 -1.1316 81 61 27
3.8203 -2.6174 -1.217 80 60 35
3.5377 -2.4383 -1.044 82 57 25
3.4589 -2.457 -1.0016 79 59 25
3.4468 -2.4736 -1.0767 80 58 34
3.4374 -2.4586 -1.1042 78 53 33
3.523 -2.4794 -0.98246 81 56 24
3.4311 -2.4076 -1.1268 76 54 31
3.4052 -2.4166 -0.95114 84 59 27
3.4049 -2.4431 -1.0282 80 57 24
3.3903 -2.4424 -0.95532 81 58 24
3.4643 -2.449 -1.072 81 60 33
3.3204 -2.4058 -1.0025 81 56 36
3.3958 -2.4409 -0.98961 78 58 24
3.4641 -2.4427 -1.1075 79 55 27
3.4321 -2.4272 -1.0245 78 57 28
3.5264 -2.4755 -1.0162 80 59 16
3.5254 -2.4686 -1.0536 79 58 31
3.375 -2.4488 -1.0556 81 59 36
3.4157 -2.4792 -1.1069 79 56 25
3.2217 -2.4082 -0.8906 83 60 27
3.3305 -2.4657 -0.95328 78 56 33
3.2859 -2.4392 -1.0752 81 56 33
3.2446 -2.4504 -1.0039 80 60 36
3.2205 -2.4015 -0.92192 79 58 27
3.2694 -2.4296 -1.0346 80 58 21
3.2556 -2.4283 -0.96452 83 59 33
3.2904 -2.4347 -0.9065 83 56 35
3.2993 -2.4048 -0.89914 82 60 23
3.3189 -2.4304 -1.0733 80 58 19
3.3082 -2.4068 -0.93343 80 55 33
3.3029 -2.4342 -0.97448 80 59 32
3.2164 -2.3861 -0.98212 79 59 34
3.193 -2.3899 -1.0433 80 57 26
3.3129 -2.4055 -0.9699 82 59 28
3.2244 -2.4255 -1.0266 82 58 30
3.3076 -2.4269 -1.042 80 59 30
3.3015 -2.4269 -1.0054 81 58 27
3.078 -2.4056 -0.93425 84 63 36
3.1478 -2.4011 -0.94458 83 59 31
3.1072 -2.4089 -0.87687 79 58 29
3.0792 -2.3865 -0.83601 84 60 34
3.1278 -2.3871 -0.90588 83 57 30
3.052 -2.3741 -0.95132 80 59 32
3.1975 -2.4229 -0.89251 83 60 29
3.1097 -2.406 -0.90828 84 61 30
3.1538 -2.3953 -1.0049 78 58 33
3.2056 -2.419 -0.95551 82 58 32
3.1074 -2.393 -0.96813 83 57 40
3.0808 -2.3974 -0.99325 79 58 27
3.1184 -2.4089 -0.94065 82 61 32
3.1428 -2.3902 -0.96915 78 57 38
3.1233 -2.388 -0.87221 80 58 34
3.203 -2.4224 -0.92474 80 59 28
3.0417 -2.411 -0.90061 80 61 21
3.0228 -2.3865 -0.9222 81 60 31
2.9426 -2.3749 -0.90632 85 59 34
3.0316 -2.3754 -0.83038 83 58 35
2.9484 -2.361 -0.81644 83 59 31
3.0301 -2.3681 -0.8556 81 57 31
2.9592 -2.3671 -0.84842 83 60 27
3.0327 -2.3657 -0.88697 85 61 35
2.9685 -2.3717 -0.88072 83 57 32
2.9555 -2.3833 -0.93987 85 60 38
2.9802 -2.3787 -0.91358 79 59 22
3.0486 -2.4022 -0.99235 79 54 22
2.9862 -2.3795 -0.94399 82 61 32
3.0341 -2.4085 -0.86854 82 62 28
2.9897 -2.3779 -0.97349 80 57 23
3.0388 -2.3976 -0.95889 82 58 22
2.9896 -2.3682 -0.82284 81 57 29
2.8696 -2.3633 -0.92381 83 59 31
2.8571 -2.3638 -0.83509 85 59 32
2.8362 -2.3458 -0.79993 88 66 42
2.905 -2.3554 -0.78087 80 61 27
2.8214 -2.35 -0.88373 85 61 35
2.9014 -2.3716 -0.8708 85 60 40
2.9221 -2.3682 -0.81373 83 61 22
2.8721 -2.3452 -0.8311 86 61 31
2.888 -2.3481 -0.92288 83 56 35
2.9357 -2.3727 -0.87553 82 62 38
2.8893 -2.3686 -0.81161 84 60 34
2.9143 -2.3806 -0.90462 83 58 36
2.883 -2.3666 -0.78128 84 60 32
2.8337 -2.3587 -0.91565 86 63 32
2.8439 -2.3449 -0.85762 85 60 30
2.8649 -2.3631 -0.89468 85 58 37
2.8315 -2.3456 -0.7722 85 60 40
2.9433 -2.3859 -0.85134 83 60 29
3.7567 -2.5006 -1.2921 76 52 24
3.7364 -2.4847 -1.2849 76 52 24
3.8742 -2.5497 -1.3255 53 46 17
3.8241 -2.5907 -1.3689 51 36 7
3.622 -2.4748 -1.2538 77 56 35
3.5812 -2.4753 -1.283 75 55 30
3.5763 -2.4298 -1.2656 69 52 26
3.6742 -2.5253 -1.2414 77 53 25
3.5731 -2.4818 -1.2067 74 52 28
3.702 -2.5699 -1.3748 25 18 0
3.5259 -2.4696 -1.2705 73 53 18
3.4877 -2.4431 -1.217 77 52 29
3.7089 -2.5116 -1.245 77 56 27
3.5493 -2.4549 -1.2314 72 54 30
3.4868 -2.4289 -1.2815 26 25 7
3.6961 -2.4942 -1.2772 77 56 27
3.4259 -2.5034 -1.2585 78 57 30
3.4226 -2.4729 -1.1784 77 54 36
3.4271 -2.4246 -1.237 76 56 31
3.4458 -2.4471 -1.2106 76 56 19
3.3731 -2.4494 -1.2664 76 56 22
3.4537 -2.4671 -1.1479 78 56 17
3.413 -2.4451 -1.2726 79 56 12
3.351 -2.4419 -1.19 81 57 31
3.338 -2.4034 -1.1071 78 55 21
3.3972 -2.4437 -1.1978 77 55 31
3.4769 -2.4807 -1.1907 77 57 33
3.3882 -2.4294 -1.2272 77 56 29
3.4869 -2.4497 -1.1861 80 55 23
3.4926 -2.4748 -1.2998 69 48 17
3.3018 -2.4359 -1.178 72 50 27
3.3311 -2.4687 -1.1571 81 58 24
3.2219 -2.4376 -1.1597 76 57 27
3.2398 -2.4284 -1.0962 78 58 31
3.2347 -2.4175 -1.1242 79 53 36
3.3484 -2.4452 -1.1526 81 56 33
3.2646 -2.4399 -1.1709 76 56 32
3.2922 -2.4207 -1.2033 79 57 20
3.201 -2.4122 -1.182 78 58 24
3.231 -2.4525 -1.1348 81 56 34
3.2925 -2.46 -1.2159 80 58 21
3.3637 -2.4653 -1.1269 79 53 30
3.0863 -2.3922 -1.0564 74 57 29
3.0831 -2.3944 -1.0246 84 59 27
3.1717 -2.433 -1.1149 81 57 31
3.1184 -2.4128 -1.1311 80 57 24
3.095 -2.396 -1.0933 80 62 24
3.1572 -2.4138 -1.1417 80 57 24
3.1519 -2.3824 -1.0668 77 57 30
3.143 -2.3795 -1.0324 81 57 31
3.1115 -2.3856 -1.0269 82 59 25
3.1554 -2.423 -1.0785 79 54 31
3.1703 -2.4204 -1.1768 79 58 11
3.0626 -2.4002 -1.0868 81 61 34
3.0396 -2.3724 -1.1072 78 58 24
3.1092 -2.3987 -1.1591 0 0 0
2.9836 -2.3927 -1.0696 81 58 27
3.0408 -2.415 -1.0871 83 58 36
2.9201 -2.367 -1.0194 82 60 37
2.959 -2.4031 -1.0675 83 57 30
2.9448 -2.3623 -0.9928 81 59 35
2.9769 -2.3905 -1.036 81 57 31
2.9647 -2.3882 -0.97395 85 61 35
2.9884 -2.3922 -1.0992 81 58 27
3.0354 -2.404 -1.1131 79 59 25
2.9471 -2.3861 -1.0919 0 0 0
3.0416 -2.3897 -1.0178 83 60 27
3.0328 -2.376 -1.0448 84 60 34
3.0043 -2.3828 -1.0394 82 60 36
3.0114 -2.3955 -1.015 81 60 31
2.8518 -2.3603 -1.0364 87 60 25
2.9269 -2.3838 -0.96495 82 61 34
2.8288 -2.3397 -0.99642 84 58 18
2.8721 -2.3614 -0.95356 79 59 34
2.9012 -2.3774 -1.0477 85 57 20
2.9202 -2.372 -0.9911 83 61 38
2.8331 -2.3534 -0.94302 81 58 40
2.9051 -2.3917 -0.99525 82 60 36
2.8847 -2.3652 -1.0145 83 58 38
2.8399 -2.3564 -0.97445 79 57 34
