2663
-0.49858 0.069893 -0.86053 0.07761 20.557 6.2057 3.3676
18.374 7.9113 3.3986 72 45 12
16.941 8.8321 3.3297 68 38 20
17.067 8.4132 2.4439 41 22 5
17.648 6.2719 2.3697 82 52 28
17.09 6.2377 2.1436 84 54 26
16.762 6.2701 1.9765 84 55 33
16.885 6.4145 1.936 89 59 33
16.855 6.5052 1.9465 90 60 32
16.883 6.551 1.9778 88 58 32
16.86 6.5443 1.925 94 63 33
17.023 6.8226 2.0022 78 48 20
17.036 6.9164 2.0618 76 48 21
16.948 7.1445 1.9736 73 47 24
17.103 7.5357 2.0142 79 50 26
17.143 7.6485 1.9958 76 49 16
17.125 7.5701 2.0114 77 49 20
17.071 7.6352 1.9739 76 48 19
17.383 7.6728 2.1004 64 37 4
17.027 5.2774 1.8193 72 43 9
16.927 5.4312 1.7645 123 83 47
16.771 5.5958 1.8548 82 52 18
17.072 5.7265 1.8739 79 46 27
16.971 5.7219 1.867 81 49 8
17.081 5.6934 1.8846 76 44 21
16.826 5.832 1.8546 81 51 23
17.059 5.861 1.8159 82 49 32
16.861 5.7889 1.8375 79 47 26
16.768 5.7676 1.7558 81 50 22
16.948 5.8604 1.8128 79 48 28
16.934 5.8344 1.8654 79 50 26
16.799 5.7929 1.8584 81 51 23
17.109 5.7891 1.8283 82 47 27
17.103 5.832 1.8535 82 51 31
16.869 5.8161 1.79 80 48 27
16.944 5.8353 1.8689 79 50 26
16.78 5.8064 1.7511 80 48 27
17.058 5.8177 1.7957 84 49 29
17.202 5.8097 1.9063 83 50 31
16.874 5.8791 1.7201 81 50 32
16.989 5.875 1.8756 80 51 19
17.205 5.9778 1.8565 80 49 29
17.228 5.9449 1.8707 81 48 33
17.112 6.0856 1.8126 81 50 29
16.975 6.0535 1.809 83 50 31
16.855 6.0687 1.8471 82 53 22
17.085 6.1483 1.915 80 51 17
16.927 6.1553 1.8942 83 53 29
17.062 6.1207 1.9531 82 53 29
17.071 6.0936 1.8391 83 55 28
17.011 6.1189 1.7599 80 51 27
17.028 6.1473 1.8917 80 51 17
17.017 6.1016 1.86 82 52 24
17.012 6.1745 1.8308 84 54 30
16.866 6.1543 1.8697 83 53 29
17.175 6.1409 1.9065 85 54 24
17.128 6.1675 1.8467 83 54 23
17.137 6.1315 1.8583 84 54 26
17.099 6.0943 1.8475 83 55 28
17.027 6.1107 1.9012 81 50 30
17.148 6.2754 1.8173 85 55 29
16.895 6.1921 1.8651 82 54 25
17.232 6.2384 1.8655 82 52 28
17.336 6.2704 2.0615 84 55 23
17.121 6.2033 1.831 83 54 32
17.061 6.2948 1.861 87 58 26
16.898 6.2303 1.8543 83 53 27
17.176 6.2833 1.8664 87 55 32
17.238 6.318 1.8885 92 57 35
16.855 6.4064 1.8698 89 60 36
16.944 6.3839 1.8278 99 65 36
17.151 6.4036 1.8724 109 75 40
17.034 6.3045 1.8921 85 55 29
17.287 6.3083 1.8726 88 56 31
16.802 6.329 1.8785 87 55 32
17.105 6.3305 1.8647 90 58 33
17.146 6.3663 1.8778 96 62 37
16.827 6.3495 1.7918 92 58 29
16.813 6.3994 1.8174 92 62 36
16.903 6.4829 1.8691 94 65 34
17.138 6.4407 1.8482 125 87 48
16.93 6.5211 1.8774 95 65 37
17.126 6.496 1.9153 103 70 35
16.876 6.494 1.9053 93 63 37
17.16 6.4849 1.8882 110 77 42
17.074 6.4156 1.8733 103 70 37
17.022 6.4186 1.851 103 70 37
17.054 6.4637 1.8972 98 68 34
17.103 6.4515 1.8727 112 75 43
17.061 6.5483 1.918 97 63 34
17.042 6.6199 1.8443 98 68 34
17.222 6.5543 1.8974 111 79 41
17.05 6.588 1.8962 94 64 30
16.851 6.6183 1.8641 92 62 34
16.922 6.5529 1.8181 100 68 29
17.028 6.5605 1.9504 95 64 34
17.364 6.5318 1.9183 160 112 64
16.858 6.5359 1.8896 95 64 36
17.111 6.5273 1.8591 111 76 46
17.166 6.5677 1.909 102 71 43
17.181 6.6419 1.8925 95 64 33
17.326 6.6526 1.9066 96 63 32
17.084 6.6934 1.8366 89 57 32
17.165 6.7213 1.8672 84 54 26
17.195 6.709 1.8391 90 56 31
17.084 6.8441 1.9744 80 49 21
17.249 6.7923 1.9113 81 50 22
17.306 6.8198 1.9279 79 49 21
17.441 6.7083 1.9371 87 56 28
17.031 6.8458 1.9057 79 48 20
17.292 6.7395 1.9096 84 53 25
17.019 6.8153 1.9581 81 51 27
17.441 6.7444 1.9257 82 51 23
17.367 6.7941 1.882 81 51 25
17.417 6.7852 1.9052 81 51 25
17.426 6.7541 1.9537 81 51 23
17.284 6.9008 1.9049 73 46 13
17.409 6.8674 1.9174 79 49 21
17.232 6.9257 1.9599 75 45 11
17.07 6.9273 1.9436 77 49 22
17.247 6.8694 1.8942 78 49 15
17.436 6.8618 1.9297 79 49 21
17.437 6.8986 1.9188 79 49 21
17.169 6.9321 1.893 75 47 10
17.039 6.975 1.9128 74 48 21
17.106 6.8647 1.8833 77 48 14
16.974 6.8974 1.8731 78 50 23
17.129 6.9078 1.9232 79 49 21
17.385 6.9925 1.9138 76 47 13
17.227 6.9664 1.9509 77 49 12
17.258 6.9982 1.9504 74 46 19
17.306 6.9798 1.9262 77 47 21
17.357 7.0376 1.8916 78 48 22
17.376 6.9498 1.8799 78 50 21
17.258 6.9522 1.9122 78 48 22
17.452 6.9693 1.9072 78 49 27
17.296 6.9752 1.8822 78 46 23
17.24 7.035 1.8872 77 47 21
17.24 7.1618 1.8908 78 46 21
17.323 7.0533 1.9137 77 46 15
17.05 7.1806 1.863 77 48 14
17.078 7.1658 1.8393 78 48 20
17.101 7.1249 1.8987 75 46 24
17.167 7.1892 1.903 77 47 19
17.311 7.0954 1.9 77 47 23
17.409 7.1007 1.8917 79 49 21
17.177 7.1049 1.9319 75 46 24
17.349 7.053 1.9653 77 47 23
17.354 7.1225 1.9098 78 46 23
17.192 7.1755 1.8706 78 46 21
17.493 7.1146 1.9236 80 49 28
17.357 7.2457 1.9203 79 48 18
17.134 7.2819 1.8661 79 50 19
17.382 7.232 1.8808 81 51 23
17.325 7.183 1.9643 76 48 11
17.226 7.2468 1.8688 78 49 18
17.312 7.1807 1.9126 80 47 14
17.46 7.2948 1.9807 83 54 23
17.533 7.2205 1.946 80 50 24
17.237 7.4143 1.8642 111 78 35
17.376 7.2846 1.9553 83 52 22
17.464 7.2818 1.9044 83 53 19
17.413 7.2664 1.9298 81 51 13
17.246 7.3757 1.9219 84 54 18
17.432 7.2988 1.9281 80 50 22
17.52 7.2249 1.9392 80 50 24
17.174 7.479 1.8308 107 71 29
17.092 7.5342 1.9696 81 50 22
17.344 7.4616 1.9358 83 52 24
17.13 7.5506 1.8879 78 47 16
17.288 7.4424 1.9204 90 58 19
17.21 7.4778 1.9252 85 53 12
17.482 7.4364 1.9052 82 50 25
17.542 7.4178 1.9741 79 48 20
17.506 7.3885 1.9248 112 65 13
17.37 7.446 1.9071 86 55 24
17.333 7.3851 1.9528 95 61 23
17.453 7.498 1.9619 76 45 15
17.256 7.5905 1.9549 75 47 20
17.398 7.566 1.9686 73 46 13
17.148 7.5869 1.8768 77 47 9
17.241 7.5549 1.9603 75 48 15
17.411 7.5553 1.9363 74 46 17
17.151 7.5969 1.9646 76 48 21
17.458 7.4957 1.965 76 45 15
17.304 7.6113 1.9685 74 46 19
17.208 7.605 1.8921 76 48 21
17.399 7.5754 2.0518 74 48 21
17.536 7.5362 1.9368 77 47 19
17.402 7.5591 1.9321 74 46 17
17.249 7.5517 1.9626 75 48 15
17.475 7.4781 1.8967 76 48 21
17.229 7.7338 1.9539 74 46 17
17.464 7.5721 1.9514 75 45 17
17.347 7.6654 1.8783 74 46 19
17.61 7.5415 1.9653 76 48 21
17.462 7.653 1.9261 75 46 14
17.397 7.6976 2.0151 74 44 18
17.356 7.6246 1.9392 75 47 7
17.586 7.5905 1.9444 73 48 18
17.502 7.5996 1.9936 74 46 9
17.575 7.6784 1.9532 75 47 18
17.421 7.6908 2.0646 75 44 23
17.477 7.767 1.896 77 47 19
17.516 7.8312 1.9376 60 34 7
17.557 7.7659 1.9237 73 47 22
17.662 7.7495 1.9687 58 32 15
17.768 7.8543 2.0837 48 31 14
17.258 5.3071 1.8106 69 42 21
17.048 5.2379 1.6706 67 41 16
17.449 5.3409 1.8381 65 42 0
16.909 5.2351 1.7304 73 40 23
17.511 5.3856 1.855 66 41 11
17.294 5.3368 1.7813 71 40 19
17.034 5.2258 1.762 71 42 2
17.268 5.3208 1.8542 69 42 23
17.248 5.3152 1.8444 69 42 23
17.286 5.3653 1.7684 71 44 25
17.302 5.38 1.8138 71 42 21
17.417 5.4199 1.7919 67 39 0
17.259 5.4107 1.8224 73 44 22
17.341 5.3698 1.8753 72 45 24
17.502 5.4415 1.9461 74 45 23
17.343 5.43 1.7361 70 39 21
16.83 5.2136 1.6939 73 40 23
17.466 5.4026 1.8241 67 40 21
17.513 5.4531 1.8721 69 45 11
17.484 5.5031 1.8324 73 44 22
17.021 5.4068 1.7729 78 47 19
17.459 5.5265 1.9276 82 47 18
17.419 5.5081 1.8742 77 48 26
17.457 5.5266 1.8108 76 44 23
17.406 5.495 1.8296 70 43 22
16.908 5.3375 1.702 75 43 20
17.195 5.4375 1.8216 74 44 18
17.367 5.5167 1.8035 72 41 20
17.396 5.5327 1.8527 83 49 24
17.551 5.5098 1.8359 71 42 8
17.472 5.4814 1.8754 70 44 19
17.44 5.6027 1.8593 83 51 10
17.408 5.6256 1.8271 78 49 25
17.286 5.5407 1.7924 85 51 26
17.309 5.5553 1.8407 93 60 29
17.275 5.5806 1.818 84 53 23
17.265 5.6088 1.7935 80 50 26
17.485 5.6215 1.7944 76 46 18
17.473 5.698 1.8409 77 47 23
17.617 5.7134 1.8785 75 44 16
17.676 5.7523 1.9018 74 43 23
17.428 5.7305 1.8454 78 49 27
17.515 5.7353 1.8543 78 46 31
17.561 5.6745 1.8589 77 48 17
17.28 5.6856 1.8236 76 46 12
17.36 5.6576 1.8326 77 47 19
17.367 5.6898 1.8256 78 50 23
17.548 5.7998 1.8492 80 49 28
17.382 5.7947 1.8347 78 47 29
17.232 5.7211 1.8331 74 44 20
17.375 5.7323 1.8597 79 49 15
17.567 5.7728 1.869 78 48 24
17.447 5.8255 1.8215 78 47 16
17.335 5.7261 1.8402 79 49 15
17.396 5.7873 1.8036 79 47 26
17.451 5.7646 1.8466 79 50 26
17.493 5.7528 1.7954 75 44 13
17.552 5.7616 1.8253 75 44 13
17.506 5.824 1.8143 77 47 23
17.558 5.7714 1.8643 78 48 24
17.163 5.8638 1.8343 81 50 20
17.507 5.9032 1.8689 79 50 26
17.406 5.8295 1.8387 78 49 27
17.677 5.9125 1.9189 79 49 23
17.252 5.8293 1.8393 77 43 14
17.462 5.8808 1.7711 78 48 20
17.601 5.8661 1.8547 74 48 25
17.198 5.8582 1.8123 80 49 19
17.549 5.9207 1.8046 77 48 26
17.356 5.8465 1.7677 80 50 26
17.413 5.8618 1.8319 81 51 23
17.275 5.8371 1.7267 80 50 26
17.594 5.9718 1.8853 80 49 21
17.374 5.9479 1.8974 82 49 18
17.309 5.9669 1.8245 79 45 16
17.531 5.998 1.8478 79 46 27
17.588 5.9942 1.8437 79 49 25
17.243 5.9038 1.8518 81 50 22
17.459 6.0016 1.8499 78 50 19
17.258 5.9721 1.8388 78 46 25
17.644 5.968 1.8795 79 43 29
17.195 6.0453 1.8266 81 50 22
17.67 6.0981 1.8876 81 49 28
17.451 6.0738 1.8619 78 47 26
17.223 6.0036 1.8123 83 49 24
17.669 6.0981 1.8874 81 49 28
17.61 6.027 1.8486 80 49 28
17.443 6.0416 1.8712 77 48 17
17.439 6.0323 1.8287 78 47 26
17.6 6.0339 1.8755 80 49 28
17.455 6.0978 1.8149 79 50 28
17.494 6.0673 1.8452 80 47 30
17.442 6.0737 1.8601 78 47 26
17.253 6.0142 1.862 79 48 18
17.714 6.0623 1.8856 79 49 23
17.608 6.0647 1.8667 79 48 27
18.69 6.1788 2.4956 82 53 22
17.443 6.0814 1.8914 79 47 22
17.282 6.1866 1.8245 82 51 23
17.589 6.2048 1.8809 83 53 29
17.66 6.1592 1.864 84 53 25
17.639 6.19 1.8428 85 50 30
17.601 6.1896 1.8222 85 50 30
17.216 6.1596 1.844 82 52 28
17.31 6.1525 1.8477 82 53 22
17.326 6.1103 1.8271 78 47 19
17.265 6.1947 1.8519 86 51 31
17.335 6.1956 1.7177 83 53 29
17.494 6.1641 1.8138 82 51 30
17.281 6.1172 1.8379 81 51 27
17.382 6.1036 1.8157 83 54 32
17.657 6.1282 1.8715 83 51 30
17.571 6.2846 1.9282 84 52 27
17.641 6.2998 1.8829 92 56 34
17.402 6.2208 1.8675 85 52 17
17.812 6.2879 1.9381 87 56 26
17.657 6.2288 1.8754 84 52 29
17.2 6.2299 1.8112 84 52 27
17.323 6.2639 1.8579 86 57 26
17.561 6.237 1.8612 85 55 31
17.682 6.2671 1.9109 88 57 27
17.38 6.2549 1.8472 84 52 27
17.279 6.2997 1.8254 90 56 31
17.605 6.2611 1.8386 86 54 31
17.445 6.2459 1.8398 83 54 23
17.468 6.2795 1.8452 87 53 28
17.191 6.23 1.8073 84 52 27
17.745 6.2209 1.8859 87 52 32
17.403 6.3579 1.8314 101 64 30
17.747 6.3513 1.8815 95 60 30
17.42 6.3301 1.8822 92 58 31
17.351 6.3326 1.8496 92 58 31
17.637 6.3319 1.8706 93 57 33
17.401 6.3657 1.8671 110 75 46
17.48 6.3205 1.8776 88 57 26
17.645 6.3636 1.8617 98 62 36
17.468 6.3127 1.8313 91 57 32
17.341 6.3411 1.8834 93 62 34
17.741 6.3516 1.8786 95 60 30
17.718 6.3913 1.8879 105 68 34
17.505 6.3116 1.8504 91 57 32
17.611 6.3331 1.8589 93 57 33
17.642 6.3242 1.8362 91 57 30
17.631 6.3797 1.9335 129 87 49
17.593 6.3744 1.878 117 79 42
17.738 6.4536 1.8831 109 72 36
17.323 6.484 1.8301 178 124 74
17.466 6.4301 1.8667 165 117 71
17.603 6.4461 1.8893 150 103 57
17.677 6.4016 1.9097 118 75 43
17.765 6.4197 1.9048 108 69 38
17.616 6.438 1.8638 114 80 45
17.715 6.4625 1.9046 118 81 49
17.268 6.4807 1.7656 180 126 74
17.346 6.403 1.8227 140 94 51
17.513 6.4343 1.9288 167 117 64
17.753 6.5226 1.9005 110 71 38
17.736 6.5637 1.9153 106 72 34
17.808 6.51 1.8986 104 66 40
17.637 6.5426 1.8782 123 80 45
17.677 6.4985 1.8759 111 74 38
17.664 6.5657 1.8457 106 69 35
17.772 6.4823 1.8919 104 69 37
17.46 6.6554 1.8823 89 58 27
17.53 6.6177 1.959 113 77 39
17.782 6.6222 1.9196 97 62 32
17.592 6.6641 1.8995 89 55 28
17.461 6.6051 1.8115 120 80 42
17.381 6.7105 1.8708 86 54 29
17.563 6.6754 1.9219 89 55 28
17.754 6.6656 1.9274 91 58 27
17.383 6.6737 1.8813 91 58 25
17.612 6.6199 1.8814 103 67 27
17.783 6.6155 1.889 97 63 26
17.695 6.6018 1.8894 100 65 35
17.714 6.5926 1.8646 103 64 33
17.841 6.6388 1.9067 92 59 28
17.704 6.7005 1.8587 87 55 30
17.713 6.739 1.8916 86 52 23
17.537 6.7919 1.9124 80 50 26
17.843 6.7412 1.9158 81 49 24
17.816 6.7138 1.9099 87 55 30
17.485 6.723 1.8721 86 52 25
17.672 6.7466 1.8697 86 52 23
17.661 6.721 1.9092 87 53 26
17.575 6.7011 1.8766 88 54 17
17.692 6.7494 1.9146 82 51 21
17.508 6.7617 1.9046 82 50 25
17.537 6.7851 1.8763 80 48 23
17.864 6.7432 1.9591 84 53 25
17.596 6.6978 1.8856 88 54 17
17.484 6.7231 1.8711 86 52 25
17.473 6.732 1.9053 85 52 17
17.679 6.7112 1.8821 88 54 27
17.675 6.8493 1.8377 78 47 19
17.738 6.7804 1.966 80 50 26
17.637 6.7943 1.8786 82 50 25
17.886 6.7649 1.9293 82 52 24
17.483 6.8754 1.8707 72 42 16
17.492 6.8434 1.9193 79 49 21
17.459 6.8139 1.9172 80 48 23
17.694 6.8515 1.8844 78 47 26
17.645 6.8274 1.8709 81 50 20
17.872 6.8001 1.9093 77 47 23
17.492 6.8367 1.8821 77 49 10
17.804 6.7878 1.9173 82 52 24
17.449 6.8891 1.8872 78 48 24
17.68 6.9424 1.9681 80 48 23
17.711 6.9104 1.8374 77 48 24
17.658 6.9421 1.9198 76 47 15
17.451 6.9697 1.9063 78 49 27
17.825 6.9218 1.927 78 48 24
17.585 6.9245 1.8923 77 47 23
17.553 6.9024 1.9254 79 48 20
17.745 6.9484 1.9196 75 46 22
17.533 6.9005 1.8763 79 46 13
17.391 6.9774 1.8365 79 51 14
17.662 6.8996 1.8966 77 47 23
17.917 6.8923 1.9403 78 49 27
17.842 6.8841 1.943 78 48 22
17.497 6.9954 1.9163 77 49 20
17.782 6.905 1.9479 76 45 24
17.628 6.9851 1.8951 79 47 8
17.483 6.9119 1.8522 79 46 13
17.79 6.8635 1.9264 75 47 18
17.841 6.8456 1.9184 79 47 22
17.466 7.0406 1.8892 76 48 21
17.865 6.9777 1.9264 77 49 18
17.784 6.9724 1.9254 77 48 16
17.476 7.0756 1.8818 79 49 25
17.855 7.0142 1.9106 75 47 20
17.788 7.0399 1.9055 77 46 25
17.787 7.0456 1.9433 76 45 15
17.54 7.0947 1.903 75 48 11
17.794 6.9638 1.8955 78 48 22
17.57 7.0067 1.9061 75 45 21
17.784 7.0064 1.9159 75 46 22
17.881 6.9344 1.9086 79 48 17
17.806 6.9605 1.9022 78 48 22
17.537 7.1385 1.9346 78 49 25
17.58 7.1506 1.8652 76 48 21
17.752 7.0909 1.9152 76 47 16
17.876 7.0752 1.9003 78 49 25
17.481 7.1499 1.863 77 47 21
17.58 7.1621 1.9405 78 49 25
17.692 7.1509 1.9118 75 44 13
17.826 7.1311 1.8965 76 48 19
17.862 7.0511 1.9391 78 48 22
17.76 7.1233 1.9093 77 47 23
17.643 7.0946 1.907 78 47 17
17.965 7.0139 1.9611 77 48 24
17.615 7.1453 1.9223 78 48 10
17.875 7.081 1.9328 79 49 23
17.602 7.1864 1.901 76 46 20
17.616 7.1872 1.9473 79 49 21
17.604 7.1914 1.9415 79 49 21
17.808 7.1423 1.924 76 48 21
17.899 7.1739 1.9184 78 49 18
17.894 7.2145 1.9423 81 50 22
17.699 7.2619 1.9227 83 52 22
17.849 7.197 1.928 81 50 22
17.645 7.2145 1.9471 80 49 19
17.795 7.1867 1.9441 77 48 14
17.915 7.2018 1.9226 78 48 22
17.79 7.1832 1.9071 78 48 22
17.617 7.2605 1.9267 83 53 17
17.661 7.2397 1.9104 80 49 21
17.718 7.2499 1.895 80 50 12
17.935 7.1275 1.9481 77 49 20
17.712 7.3354 1.9396 82 49 18
17.622 7.3761 1.9317 81 51 17
17.813 7.2501 1.9347 81 51 17
17.733 7.3167 1.8804 81 51 23
17.662 7.3177 1.9292 102 64 27
17.913 7.2416 1.9399 82 51 21
17.709 7.3727 1.9304 76 45 17
17.944 7.2969 1.9391 77 48 17
17.826 7.2502 1.9763 84 50 21
17.897 7.2866 1.9603 77 49 22
17.935 7.2668 1.9428 78 48 22
17.972 7.2142 1.9365 81 50 22
17.88 7.264 1.9934 86 53 20
17.996 7.3422 1.9491 75 47 20
17.956 7.3643 1.9631 74 49 19
17.666 7.4741 1.9667 74 45 23
17.83 7.3492 1.9111 77 48 17
17.965 7.3219 1.942 77 48 17
17.576 7.475 1.9368 77 47 23
17.643 7.4047 1.9349 76 47 15
17.93 7.3416 1.9557 75 46 22
17.672 7.5421 1.9075 72 45 12
17.579 7.5896 1.8983 71 43 12
17.615 7.5345 1.9284 73 46 11
17.877 7.5134 1.9595 75 46 14
17.956 7.3986 1.9503 76 48 17
17.927 7.4852 1.9513 77 49 22
17.942 7.4739 1.923 76 49 12
17.773 7.5317 1.9499 74 44 20
17.923 7.4484 1.9218 73 48 16
17.917 7.5608 1.9236 75 50 20
17.982 7.4703 2.085 74 45 13
17.768 7.5707 1.9418 75 45 21
17.761 7.574 1.9381 75 45 21
17.942 7.5088 1.9132 75 47 20
17.693 7.6917 1.9527 74 45 13
17.715 7.6764 1.9234 72 45 12
17.671 7.665 1.9518 74 47 14
17.838 7.609 1.9529 74 45 11
17.881 7.5835 1.9369 73 47 20
17.685 7.6536 1.9205 73 44 20
17.677 7.6237 1.967 75 47 20
17.922 7.5974 1.9523 75 47 18
17.93 7.519 1.9395 76 50 10
17.899 7.5391 1.9544 75 49 24
17.716 7.6385 1.934 74 45 11
18.171 7.4274 2.0326 76 49 14
17.826 7.7245 1.9222 76 48 21
18.18 7.562 2.0936 77 49 22
17.866 7.6739 2.0188 57 29 0
18.029 7.5716 1.9663 77 48 26
17.84 7.6442 1.9447 76 47 15
17.976 7.6456 2.0299 56 32 6
17.998 7.662 1.9616 76 49 16
18.022 7.6096 1.9569 75 50 20
17.75 7.6956 1.9337 75 45 9
17.715 7.7597 1.9813 58 32 17
17.641 7.7572 1.9173 72 43 11
17.919 7.6697 1.9344 77 47 19
17.951 7.6176 1.9568 78 50 21
18.057 7.6251 1.9607 75 50 18
17.8 7.7058 1.9525 74 45 1
17.844 7.6783 1.9379 75 46 14
17.838 7.7588 1.95 56 33 0
17.967 7.7533 1.9616 56 34 13
17.998 7.7319 1.944 52 33 19
17.894 7.8003 1.9571 55 34 13
17.916 7.7481 1.9398 52 33 19
17.917 7.7507 1.9759 55 33 12
17.986 7.7778 1.9611 57 36 15
17.978 7.7822 1.9596 57 36 15
18.077 7.7548 1.9652 55 37 1
17.606 5.3272 1.8196 64 37 16
17.916 5.3842 1.8596 71 41 25
17.899 5.3884 1.8831 67 37 9
17.731 5.3551 1.8523 72 40 25
17.65 5.3496 1.8725 67 37 19
17.653 5.3145 1.8551 65 43 19
17.745 5.3499 1.8277 70 38 17
17.849 5.3407 1.9342 66 39 22
17.895 5.3529 1.8577 70 41 33
17.65 5.3955 1.8271 65 36 14
17.754 5.4151 1.8479 65 38 19
17.905 5.4994 1.8803 71 41 3
17.538 5.3832 1.8339 65 40 8
17.847 5.4761 1.9208 72 41 21
17.916 5.4678 1.8613 67 40 21
17.69 5.3789 1.8532 66 34 19
17.95 5.503 1.8754 68 37 19
17.599 5.3629 1.842 69 37 22
17.644 5.4026 1.8539 65 39 14
17.904 5.4395 1.8657 68 36 21
17.695 5.4615 1.8279 67 38 16
17.637 5.4556 1.8303 68 38 24
17.74 5.5277 1.837 69 41 14
17.704 5.5007 1.8591 71 40 19
17.707 5.4925 1.8289 70 42 3
17.6 5.4285 1.8584 69 40 0
17.789 5.5314 1.8338 68 39 15
17.938 5.5589 1.8828 68 38 2
17.866 5.489 1.8586 71 41 3
17.505 5.4313 1.797 70 40 4
17.904 5.5157 1.8392 70 39 27
17.879 5.5183 1.8581 68 40 13
17.776 5.5005 1.8321 66 39 22
17.59 5.4176 1.8242 66 37 13
17.802 5.4805 1.8535 70 39 18
17.575 5.4781 1.8254 68 38 12
17.748 5.5112 1.8805 71 40 19
17.623 5.5553 1.8659 68 42 19
17.638 5.5856 1.8587 73 43 7
17.609 5.5144 1.8331 70 38 13
17.669 5.5561 1.8542 74 43 15
17.676 5.5207 1.8328 70 40 22
17.896 5.5734 1.8467 67 40 21
17.927 5.6149 1.8863 69 42 7
17.899 5.6086 1.8707 69 42 7
17.774 5.5885 1.8304 68 41 20
17.811 5.6238 1.8435 69 43 20
17.752 5.5661 1.8649 71 43 14
17.772 5.5709 1.8762 71 43 14
17.763 5.5953 1.8594 74 41 22
17.631 5.5755 1.8236 70 40 22
17.915 5.6294 1.8385 70 40 14
17.933 5.6081 1.8601 72 42 26
18.048 5.6837 1.9082 68 41 22
17.938 5.695 1.8684 72 43 9
17.675 5.6496 1.8602 74 44 16
17.651 5.6818 1.8697 79 45 8
17.721 5.6224 1.8611 73 41 18
17.95 5.6713 1.8822 71 42 10
17.77 5.679 1.8385 74 43 25
17.847 5.7194 1.8652 73 44 23
17.579 5.6015 1.8167 74 42 17
17.513 5.6082 1.7377 75 44 23
17.944 5.6785 1.9116 72 42 26
17.766 5.6506 1.8444 74 44 26
17.738 5.6177 1.8399 71 45 18
17.705 5.6841 1.8702 77 45 6
17.95 5.7222 1.8605 73 42 22
17.894 5.7199 1.8599 74 42 21
17.868 5.7423 1.8394 74 42 27
17.768 5.7498 1.8797 72 44 17
17.726 5.7796 1.8828 77 43 5
17.924 5.8124 1.8813 72 42 24
17.937 5.7811 1.8718 73 45 18
17.793 5.7735 1.8528 75 45 27
17.627 5.7354 1.8408 77 42 20
17.76 5.7404 1.8443 72 48 22
17.609 5.7031 1.8391 75 44 16
17.839 5.7452 1.8534 75 46 25
17.979 5.7801 1.864 72 41 20
17.853 5.7751 1.8545 76 46 18
17.663 5.6948 1.7985 74 44 16
17.927 5.7442 1.8383 74 44 8
17.709 5.7683 1.8386 76 48 21
17.958 5.8097 1.8691 73 43 19
17.789 5.7262 1.902 79 44 24
17.974 5.8385 1.8692 74 43 15
17.78 5.8348 1.8557 76 45 24
17.552 5.7912 1.8133 75 44 23
17.999 5.8947 1.8681 74 42 17
17.863 5.8381 1.8678 76 45 25
17.849 5.8097 1.875 75 45 27
18.03 5.8723 1.8931 72 43 12
17.946 5.8689 1.8766 75 47 16
18.019 5.8708 1.8865 72 43 12
17.776 5.815 1.8997 76 45 15
17.636 5.8326 1.8492 78 47 17
17.922 5.8385 1.8693 75 44 26
17.921 5.8728 1.8897 74 45 21
17.79 5.8084 1.8713 78 46 21
17.708 5.8538 1.8068 78 47 27
17.678 5.9255 1.8406 79 47 26
17.819 5.8964 1.8624 75 45 17
17.85 5.8917 1.8443 78 46 31
18.015 5.9376 1.9296 76 50 27
17.976 5.926 1.8768 77 46 16
17.693 5.8689 1.8693 77 46 15
17.64 5.8537 1.8042 78 45 14
17.763 5.9182 1.8202 78 47 26
17.928 5.955 1.8687 73 43 19
17.881 5.9585 1.8775 78 49 18
17.798 5.9294 1.8699 75 46 22
17.976 5.9521 1.863 78 43 23
17.748 5.8957 1.8534 74 43 15
17.66 5.8939 1.8398 76 46 12
17.944 5.8952 1.8655 75 46 22
17.896 5.9869 1.8712 78 48 24
18.003 6.0158 1.8935 73 44 13
17.762 6.0204 1.8549 76 47 25
17.536 5.9506 1.7901 75 45 19
18.028 6.0102 1.8746 82 47 25
17.803 6.0372 1.8031 78 48 24
17.755 5.9908 1.8616 80 47 12
17.733 5.9809 1.8133 80 50 26
18.016 6.0435 1.8911 76 45 14
17.681 6.0228 1.8459 80 49 29
17.859 6.0198 1.8764 79 49 25
17.809 5.9593 1.8694 78 48 12
17.995 5.9882 1.8969 71 45 18
18.049 6.0387 1.8799 81 48 15
18.04 5.9851 1.893 78 47 16
17.735 5.9971 1.8846 75 44 24
17.89 6.0143 1.859 75 47 20
17.669 6.0902 1.8523 80 49 28
17.797 6.1022 1.8058 76 50 27
17.643 6.088 1.6833 77 46 26
17.741 6.0563 1.8682 78 47 26
18.083 6.1005 1.9108 78 48 24
17.869 6.1128 1.8844 79 47 26
17.774 6.1171 1.868 79 48 27
18.003 6.0768 1.9057 78 49 28
18.039 6.1254 1.8743 77 45 20
17.979 6.1305 1.872 76 47 25
17.81 6.0891 1.896 79 48 20
17.946 6.1294 1.8526 76 47 25
17.877 6.049 1.8755 81 48 29
17.798 6.0808 1.8538 79 46 27
17.755 6.1237 1.8892 78 46 21
17.744 6.0485 1.8347 83 49 22
18.016 6.0774 1.9128 78 49 28
17.881 6.0779 1.8708 80 50 22
17.973 6.068 1.8568 79 47 32
17.684 6.1518 1.8402 80 49 28
17.749 6.1833 1.8645 79 49 23
17.989 6.1655 1.8999 80 50 26
17.858 6.1703 1.8589 78 49 25
17.719 6.183 1.8484 79 49 23
17.885 6.1778 1.9055 79 48 20
17.802 6.1471 1.8707 81 51 25
18.021 6.1867 1.8766 78 48 20
17.99 6.1937 1.8935 80 51 20
17.834 6.2066 1.8685 82 48 21
18.021 6.2145 1.8672 79 48 30
17.71 6.1222 1.8653 78 45 26
17.979 6.1583 1.8623 75 46 24
17.812 6.1324 1.8071 78 49 27
17.802 6.1471 1.8701 81 51 25
17.849 6.141 1.8632 79 49 25
18.07 6.1534 1.8836 78 46 21
17.737 6.2517 1.873 84 53 25
17.965 6.2569 1.8901 85 53 30
17.828 6.2434 1.8885 86 52 27
17.766 6.2143 1.869 83 48 26
17.843 6.2659 1.8538 82 50 25
18.009 6.2777 1.8751 83 53 29
18.063 6.2696 1.873 83 52 24
18.006 6.2211 1.8875 81 50 30
17.762 6.2745 1.8406 86 55 25
17.946 6.2286 1.8897 83 54 23
17.813 6.2968 1.827 85 54 26
18.079 6.2969 1.8723 84 52 29
17.773 6.2817 1.8831 87 56 26
17.971 6.2854 1.8843 88 53 31
17.874 6.2358 1.8798 80 51 20
18.061 6.2485 1.9124 81 52 28
18.054 6.2422 1.8787 79 50 18
17.706 6.3849 1.8471 100 67 36
17.918 6.3819 1.8534 93 58 38
17.94 6.3513 1.8791 88 56 31
17.793 6.342 1.8711 88 57 29
17.825 6.3335 1.8538 89 55 26
18.025 6.3402 1.893 84 52 27
17.792 6.3044 1.8483 90 56 27
17.91 6.3233 1.8724 85 55 27
17.792 6.3729 1.8614 96 61 29
18.081 6.3033 1.9051 81 51 23
18.074 6.3594 1.8807 84 55 23
18.016 6.3693 1.8779 89 55 28
17.747 6.313 1.8575 89 54 32
18.052 6.3111 1.9221 85 53 30
17.829 6.3638 1.846 90 57 24
18.067 6.3599 1.8773 84 55 23
18.007 6.3345 1.8511 84 53 33
17.757 6.4449 1.856 104 67 35
18.023 6.433 1.8957 92 58 33
17.851 6.4001 1.8859 97 62 30
18.076 6.3939 1.9054 87 55 30
18.108 6.4477 1.9052 83 52 24
17.852 6.4303 1.872 100 62 34
17.958 6.4088 1.8662 93 59 34
17.896 6.3902 1.8753 89 58 30
18.043 6.3898 1.8516 85 55 21
17.959 6.4451 1.8919 95 61 34
17.838 6.4691 1.8912 100 66 31
17.949 6.4523 1.9168 98 64 29
18.036 6.4609 1.894 89 58 30
18.035 6.4609 1.8941 89 58 30
17.855 6.4233 1.8414 94 60 31
17.813 6.4094 1.8982 101 64 32
18.128 6.4118 1.8968 85 54 34
18.099 6.4204 1.9099 86 56 32
17.86 6.5289 1.8826 100 62 33
18.138 6.507 1.933 88 53 31
18.131 6.5304 1.8879 87 53 26
17.925 6.4847 1.895 96 61 29
18.106 6.4762 1.8925 86 54 29
18.104 6.5051 1.882 83 51 28
17.974 6.4733 1.8901 95 60 28
17.788 6.5055 1.854 100 65 33
17.953 6.5119 1.9014 95 60 28
17.898 6.5489 1.8586 89 60 28
17.777 6.5453 1.8702 101 67 30
18.001 6.5001 1.8957 91 59 36
18.066 6.5217 1.9218 89 58 30
17.9 6.5551 1.8943 96 58 32
18.067 6.5448 1.8822 82 52 26
17.932 6.5013 1.8194 86 55 25
17.849 6.6249 1.8445 87 53 28
18.06 6.6107 1.8904 82 52 28
18.093 6.6113 1.9433 85 51 26
17.971 6.5761 1.9251 92 57 27
18.063 6.5808 1.9039 85 53 32
17.937 6.6426 1.8829 82 51 21
18.164 6.6171 1.9115 78 47 26
18.011 6.5943 1.9041 85 53 30
18.12 6.5665 1.9066 81 51 27
18.103 6.598 1.8834 80 50 22
17.865 6.5972 1.898 93 60 29
17.814 6.5728 1.8831 97 62 33
18.036 6.5549 1.8964 88 56 31
17.994 6.5668 1.9063 87 55 32
17.99 6.5612 1.8687 88 56 31
18.175 6.5528 1.9069 82 52 28
18.108 6.6617 1.901 77 49 20
17.95 6.7085 1.9052 83 50 19
17.885 6.727 1.9015 81 52 21
17.763 6.6839 1.8556 88 55 22
18.033 6.7117 1.8781 81 52 18
17.975 6.6611 1.8621 83 54 23
17.918 6.6769 1.8632 82 48 19
18.045 6.6847 1.9279 82 50 12
18.156 6.6474 1.8981 76 48 19
18.083 6.6961 1.876 76 50 25
17.898 6.6928 1.9187 84 53 25
18.131 6.6811 1.8721 80 48 23
17.895 6.6556 1.8949 84 54 18
17.986 6.7267 1.8826 78 46 23
18.12 6.6302 1.9152 79 49 25
18.105 6.6678 1.9283 82 53 21
17.952 6.6771 1.9118 85 52 21
18.11 6.6909 1.893 76 50 25
17.9 6.826 1.9151 80 49 28
17.95 6.8089 1.9098 79 47 24
18.11 6.7914 1.9257 79 50 26
17.958 6.7441 1.9318 79 47 22
17.953 6.7707 1.8879 80 46 19
18.069 6.7403 1.9221 83 50 19
18.135 6.7802 1.9093 72 43 21
18.119 6.7595 1.9415 80 48 25
18.135 6.7505 1.9182 77 49 20
17.9 6.826 1.9151 80 49 28
18.148 6.7422 1.8944 75 47 20
18.144 6.719 1.9345 77 47 23
18.051 6.7943 1.8237 73 43 15
17.908 6.7863 1.8967 79 50 16
18.003 6.791 1.9066 78 45 14
18.005 6.7288 1.9262 80 48 23
18.127 6.7172 1.8886 77 47 21
18.128 6.8472 1.9184 78 48 22
18.006 6.8584 1.9214 79 45 18
18.218 6.8187 1.9411 78 49 27
17.953 6.9097 1.9142 76 48 21
17.952 6.9043 1.8804 74 46 7
18.101 6.8851 1.8902 78 50 23
18.072 6.8673 1.9183 75 46 12
18.181 6.7937 1.8949 75 47 10
17.96 6.8382 1.9054 77 49 10
17.886 6.8618 1.8961 77 46 15
18.15 6.8063 1.9087 78 48 24
17.99 6.8682 1.9456 79 49 13
18.199 6.8532 1.9202 73 45 16
18.018 6.8189 1.9044 74 45 24
18.076 6.8358 1.924 76 47 16
18.089 6.8268 1.9047 80 48 25
18.2 6.9124 1.9003 75 45 19
18.068 6.9771 1.9848 78 48 24
18.165 6.9276 1.9118 75 46 22
18.019 6.9871 1.9214 76 46 20
17.995 6.9303 1.9272 76 48 17
18.06 6.938 1.9224 75 46 12
18.088 6.9248 1.9052 77 47 23
17.938 6.9515 1.93 78 49 25
18.037 6.9551 1.9756 77 49 20
18.12 6.9463 1.9139 77 47 23
18.192 6.9496 1.9186 78 49 25
17.981 6.9661 1.9113 76 47 16
18.049 6.9047 1.891 75 47 18
18.167 6.897 1.9208 76 46 22
18.067 6.9673 1.9172 77 48 14
18.067 6.9048 1.9376 74 46 7
18.263 6.8647 1.95 74 45 21
18.259 6.9241 1.9282 76 46 20
18.25 6.9317 1.9536 78 49 25
18.101 7.0554 1.9392 75 47 10
18.059 7.0377 1.9279 75 46 12
18.007 7.0278 1.9397 78 47 16
18.249 6.9911 1.9336 74 46 17
18.14 6.9706 1.9191 75 47 20
18.075 6.9962 1.9127 78 46 23
17.945 7.0805 1.8964 75 45 17
18.112 7.0155 1.9257 77 49 12
17.944 7.0862 1.9266 78 49 18
18.221 7.0305 1.9083 76 46 12
18.19 7.0156 1.928 76 48 21
18.014 7.0206 1.9103 76 46 18
18.197 6.9781 1.9134 78 48 20
18.075 6.9963 1.9124 78 46 23
18.139 7.0017 1.9102 80 50 22
18.106 7.0487 1.912 78 46 23
18.245 7.0868 1.9351 78 47 26
18.058 7.1069 1.9382 74 44 18
18.275 7.0413 1.9318 76 48 19
18.001 7.1322 1.9409 78 48 22
17.991 7.164 1.8904 76 47 16
18.098 7.1196 1.9189 75 47 20
18.165 7.0595 1.9359 79 47 22
18.179 7.1206 1.9595 76 46 8
18.027 7.0856 1.9324 75 45 17
18.201 7.1076 1.9417 79 50 19
18.226 7.0333 1.9423 75 45 21
18.185 7.0831 1.9401 78 50 23
18.213 7.0682 1.9257 76 45 24
17.95 7.1173 1.9208 78 48 20
17.938 7.1216 1.9139 78 48 20
18.127 7.0776 1.9467 75 45 17
17.999 7.1659 1.9289 77 48 17
18.213 7.1031 1.9486 79 50 19
18.001 7.2643 1.906 76 46 22
18.065 7.2103 1.9793 76 46 12
18.229 7.189 1.9285 75 47 18
18.198 7.14 1.9261 78 48 20
18.161 7.1587 1.9388 78 50 13
18.066 7.1728 1.9581 75 46 24
18.18 7.1824 1.9383 79 49 21
18.056 7.1722 1.9192 75 45 7
18.274 7.1057 1.9426 73 48 18
17.992 7.2726 1.9302 77 50 17
18.208 7.2021 1.9458 79 49 23
18.166 7.1926 1.9619 77 47 11
18.02 7.2235 1.9245 77 48 17
18.014 7.2212 1.8848 75 45 11
18.244 7.1523 1.9464 76 46 22
18.313 7.1202 1.9581 72 44 13
18.124 7.3057 1.9112 77 47 13
18.277 7.2069 2.013 76 48 11
18.046 7.2788 1.9167 76 48 9
18.036 7.3205 1.9351 75 47 18
17.992 7.3778 1.9344 74 48 23
18.017 7.329 1.9241 75 47 18
18.108 7.3172 1.9341 73 44 10
18.34 7.2311 1.9696 70 44 17
18.271 7.2055 1.9795 78 48 22
18.256 7.2078 1.9375 70 44 19
18.089 7.2563 1.9096 75 47 20
18.097 7.2893 1.9385 74 44 18
18.079 7.2691 1.9688 77 47 23
18.108 7.317 1.9346 73 44 10
18.054 7.3458 1.9367 75 47 8
18.305 7.2514 1.9766 70 46 18
18.217 7.26 1.9355 73 45 18
18.225 7.2527 1.9065 74 45 21
18.301 7.3443 1.9493 72 46 21
18.023 7.431 1.9336 75 47 10
18.138 7.372 1.9647 73 44 12
18.269 7.3289 1.9427 76 47 23
18.209 7.3656 1.9672 75 46 14
18.104 7.3557 1.9559 75 47 10
18.268 7.2988 1.947 73 46 27
18.331 7.2656 1.9537 74 45 14
18.291 7.2878 1.9614 73 46 27
18.211 7.3612 1.9349 77 47 23
18.076 7.4387 1.9532 74 46 19
18.082 7.4324 1.9221 71 44 7
18.091 7.3906 1.9041 76 48 11
18.027 7.3954 1.9457 74 48 21
18.322 7.2996 1.9407 74 44 16
18.12 7.3439 1.9346 76 45 15
18.153 7.3251 1.917 77 48 14
18.228 7.3216 1.9541 76 48 21
18.109 7.4854 1.9178 78 47 17
18.37 7.4 1.9651 73 46 13
18.24 7.4137 1.9635 78 48 22
18.025 7.498 1.9165 75 45 19
18.06 7.5137 1.9266 75 46 14
18.22 7.4526 1.9101 74 46 19
18.165 7.4235 1.963 74 45 14
18.287 7.3864 1.9591 76 46 22
18.211 7.4645 1.9674 77 48 17
18.31 7.3703 1.949 74 45 21
18.169 7.4176 1.9342 73 47 22
18.203 7.3969 1.9223 74 48 21
18.02 7.5388 1.9347 75 47 18
18.314 7.3995 1.9374 74 45 14
18.208 7.4626 1.9348 78 50 13
18.023 7.5715 1.9279 77 49 12
18.154 7.5308 1.9602 75 46 14
18.328 7.457 1.9604 74 46 19
18.29 7.4467 1.9463 77 46 26
18.202 7.5009 1.956 75 47 7
18.101 7.5968 1.9528 75 46 24
18.189 7.5445 1.9688 72 45 12
18.222 7.5581 1.9799 72 44 4
18.212 7.528 1.953 77 48 17
18.304 7.5022 1.9336 76 46 20
18.103 7.5253 1.9394 75 48 13
18.233 7.481 1.9424 79 49 25
18.089 7.57 1.9552 71 46 16
18.214 7.5955 1.9645 77 48 17
18.201 7.6388 1.9805 71 44 9
18.377 7.5217 1.9623 74 45 23
18.3 7.6046 1.9703 74 45 21
18.085 7.7112 1.9507 61 36 14
18.014 7.6841 1.9279 76 48 19
18.162 7.6282 1.971 74 43 15
18.231 7.5856 1.974 77 48 17
18.247 7.6057 1.9422 77 48 24
18.35 7.5402 1.9788 77 48 26
18.086 7.6388 1.9374 72 42 16
18.271 7.5591 1.9662 75 49 24
18.216 7.6266 1.9588 75 48 13
18.347 7.5733 1.9682 77 47 23
18.322 7.5257 1.968 74 44 16
18.442 7.5128 1.9963 75 44 23
18.38 7.4893 1.9731 76 45 17
18.156 7.6357 1.9972 71 48 17
18.294 7.5423 1.9501 74 44 16
18.191 7.7458 1.944 56 34 13
18.276 7.6848 1.9357 54 33 12
18.13 7.7498 1.9212 55 34 3
18.33 7.6473 1.9371 72 43 19
18.057 7.8022 1.9443 59 34 4
18.181 7.6874 1.9912 56 31 8
18.145 7.7426 1.9648 56 36 12
18.096 7.8089 1.9263 52 32 0
18.095 7.8118 1.963 56 34 13
18.228 7.652 1.9563 76 47 23
18.157 7.6984 1.9494 58 35 2
18.228 7.6847 1.9514 58 33 11
18.316 7.6273 1.9685 72 47 27
18.334 7.6135 1.9477 74 45 14
18.333 7.7448 1.9413 56 34 11
18.248 7.7418 1.968 59 35 7
18.376 7.6818 1.944 54 33 14
18.309 7.7585 1.8966 57 37 2
18.18 5.4338 1.8979 67 31 15
18.032 5.388 1.9044 69 41 14
18.075 5.4086 1.8649 62 34 5
17.988 5.3981 1.8718 66 41 11
18.079 5.4192 1.8989 62 37 5
18.002 5.4187 1.8442 63 35 21
18.022 5.4152 1.8228 63 37 12
17.942 5.4089 1.8383 67 38 7
18.099 5.4714 1.8895 65 36 5
17.986 5.3978 1.8715 66 41 11
17.874 5.4738 1.8026 65 38 21
18.06 5.5313 1.8377 69 40 6
18.119 5.5241 1.8837 68 38 22
17.993 5.4725 1.8458 66 39 20
17.95 5.4689 1.8519 66 42 6
18.031 5.4598 1.8794 67 42 22
17.901 5.4812 1.8183 65 38 21
18.112 5.5375 1.8419 65 35 9
18.06 5.4833 1.8561 69 42 9
18.026 5.5068 1.859 71 41 23
17.925 5.4367 1.8466 66 39 18
18.197 5.6304 1.8698 66 34 9
17.988 5.529 1.856 65 40 17
17.929 5.5477 1.8446 67 41 26
18.202 5.5851 1.8881 66 37 6
17.946 5.5774 1.8462 64 39 19
18.188 5.6358 1.8918 67 37 9
18.15 5.6029 1.8763 67 35 23
18.089 5.5723 1.8805 66 38 24
17.973 5.5327 1.7752 65 38 3
17.958 5.5712 1.8182 66 42 16
18.016 5.5614 1.8657 68 39 17
18.151 5.595 1.8476 68 38 10
18.002 5.6406 1.8591 67 42 22
18.054 5.6201 1.8708 70 40 26
18.239 5.6714 1.9161 62 35 14
18.123 5.6678 1.831 67 38 4
18.121 5.6758 1.8628 68 39 17
18.051 5.6106 1.8359 69 40 18
18.094 5.6779 1.8764 64 39 19
18.115 5.6497 1.8646 69 38 18
17.976 5.6099 1.855 70 40 16
18.019 5.6697 1.8618 67 41 24
18.077 5.6497 1.8754 67 40 23
18.1 5.6791 1.8798 64 39 19
18.212 5.657 1.869 64 37 16
18.096 5.7021 1.8648 69 39 1
17.918 5.7082 1.8123 73 42 24
18.216 5.7605 1.8711 69 38 18
18.062 5.7282 1.8682 68 41 24
18.098 5.7516 1.8472 68 39 15
18.156 5.7312 1.8657 69 39 1
18.031 5.6966 1.8559 69 44 14
18.169 5.7585 1.8683 66 36 10
18.075 5.7555 1.8664 72 43 22
18.055 5.7518 1.854 72 43 22
17.954 5.6894 1.8437 73 42 24
18.129 5.7334 1.8781 68 38 24
18.166 5.8448 1.8945 71 42 20
18.063 5.7861 1.8804 73 44 23
17.966 5.8034 1.8441 73 44 20
18.034 5.8063 1.8516 72 47 24
18.158 5.8362 1.8598 67 35 10
18.201 5.8115 1.866 68 36 11
18.095 5.7842 1.8708 72 43 22
18.105 5.8107 1.8674 71 40 19
18.134 5.8076 1.8534 70 40 12
18.146 5.7858 1.873 72 43 22
18.186 5.8335 1.8491 68 41 6
18.049 5.7585 1.8808 71 41 23
18.196 5.787 1.8736 72 38 26
18.178 5.8891 1.8581 73 44 10
18.082 5.8978 1.8866 76 46 32
18.131 5.8641 1.8625 71 40 28
18.062 5.8952 1.8744 76 46 32
18.242 5.9209 1.8838 72 43 19
18.247 5.8675 1.8815 70 37 20
18.038 5.8402 1.8761 74 40 28
18.108 5.8936 1.8706 74 45 24
18.138 5.915 1.8474 71 45 18
18.155 5.8609 1.8516 73 42 11
18.177 5.8954 1.8833 70 43 26
18.103 5.8425 1.885 72 43 21
18.008 5.8619 1.85 78 45 28
18.023 5.8561 1.8261 76 46 28
18.263 6.0033 1.9032 74 45 14
18.209 5.9661 1.8454 71 40 19
18.108 5.9769 1.871 78 48 22
18.192 5.9718 1.8671 72 42 28
18.044 5.9259 1.8828 76 45 17
18.113 5.9518 1.8828 77 46 26
18.153 5.9245 1.8899 76 46 22
18.181 5.9522 1.8951 76 47 26
18.089 5.982 1.888 78 47 16
18.191 5.9462 1.8713 70 39 18
18.085 5.9233 1.8764 75 45 29
18.258 5.9472 1.8868 74 44 28
18.136 5.9727 1.859 77 46 25
18.047 5.9522 1.8753 76 45 25
18.154 5.9246 1.8904 76 46 22
18.296 6.0542 1.904 77 48 16
18.05 6.005 1.8577 76 47 25
18.259 6.0267 1.8861 77 46 26
18.17 6.0588 1.8811 77 43 31
18.128 6.0628 1.8844 76 45 24
18.18 6.0345 1.8996 79 48 28
18.207 6.0295 1.885 74 43 23
18.265 6.0767 1.8746 75 44 26
18.126 6.0371 1.8948 78 49 28
18.13 6.0493 1.8261 74 45 23
18.177 6.009 1.9064 75 45 17
18.153 5.9998 1.8604 74 44 20
18.17 6.1171 1.895 80 49 28
18.181 6.143 1.8896 77 48 26
18.072 6.0668 1.8847 77 47 19
18.239 6.1134 1.9078 78 47 27
18.217 6.0804 1.8726 78 48 14
18.2 6.1374 1.8742 80 48 27
18.157 6.0906 1.8951 77 50 29
18.332 6.1049 1.9101 74 44 16
18.069 6.1197 1.862 78 48 20
18.287 6.1336 1.8976 78 50 13
18.183 6.0852 1.8807 78 49 27
18.072 6.0937 1.8776 80 45 23
18.246 6.1072 1.8831 76 45 15
18.375 6.2092 1.9308 74 45 21
18.235 6.1639 1.8873 76 46 22
18.053 6.1803 1.8646 78 48 20
18.107 6.148 1.8779 79 50 29
18.246 6.1894 1.8829 79 50 29
18.264 6.1579 1.8739 77 46 26
18.14 6.1748 1.8853 80 52 25
18.078 6.2079 1.8706 79 49 25
18.178 6.2216 1.8607 83 51 30
18.262 6.2152 1.8854 78 49 28
18.248 6.1641 1.8948 76 46 22
18.213 6.1954 1.8908 80 49 29
18.205 6.1696 1.8964 79 50 28
18.141 6.2014 1.8765 79 50 28
18.339 6.1844 1.9153 79 47 26
18.26 6.2408 1.8744 77 48 24
18.127 6.2617 1.8801 79 49 23
18.32 6.2652 1.9036 79 47 26
18.234 6.2474 1.8881 80 49 29
18.07 6.2352 1.8542 78 50 23
18.201 6.2806 1.8884 81 52 28
18.223 6.2737 1.8707 83 51 30
18.177 6.2546 1.8818 80 51 30
18.277 6.2919 1.8639 77 47 21
18.27 6.2984 1.892 77 47 21
18.173 6.2281 1.8892 77 46 26
18.141 6.2885 1.8794 82 52 28
18.237 6.2474 1.8904 80 49 29
18.361 6.2339 1.9136 75 46 25
18.249 6.3577 1.8886 81 51 23
18.212 6.3663 1.8973 82 51 33
18.329 6.3158 1.8934 79 47 22
18.299 6.323 1.9018 79 48 27
18.121 6.3505 1.8793 83 52 24
18.308 6.3482 1.8965 78 47 26
18.193 6.3134 1.8991 80 54 27
18.208 6.3068 1.882 77 51 28
18.148 6.3427 1.8637 83 51 28
18.115 6.3786 1.8656 84 53 32
18.323 6.3417 1.8804 76 44 23
18.096 6.324 1.873 80 51 29
18.238 6.3319 1.8902 80 50 26
18.206 6.307 1.8816 78 52 29
18.173 6.4295 1.8807 83 54 23
18.289 6.4078 1.8981 79 49 23
18.184 6.4012 1.8991 85 53 32
18.128 6.4397 1.8849 84 54 20
18.171 6.3962 1.8601 82 52 26
18.358 6.3961 1.912 79 47 24
18.102 6.4421 1.8684 84 54 20
18.347 6.397 1.9041 79 47 24
18.267 6.383 1.8911 83 54 30
18.277 6.3764 1.8674 79 49 25
18.344 6.4232 1.8938 76 47 25
18.22 6.4467 1.8713 77 51 28
18.393 6.444 1.9182 77 45 20
18.304 6.4326 1.8961 80 50 24
18.204 6.4541 1.8919 83 54 32
18.179 6.4904 1.8975 86 53 20
18.367 6.5041 1.9098 78 49 27
18.342 6.4811 1.9027 78 48 30
18.256 6.5302 1.8971 79 50 26
18.242 6.4773 1.9076 83 53 29
18.305 6.518 1.8988 78 53 23
18.221 6.5131 1.9145 84 52 31
18.206 6.4598 1.9249 87 54 23
18.286 6.4611 1.877 79 48 27
18.298 6.492 1.9036 79 48 28
18.284 6.4669 1.9042 81 51 25
18.253 6.5032 1.9046 83 51 26
18.324 6.6013 1.9127 79 47 26
18.368 6.562 1.923 79 49 23
18.237 6.5993 1.9276 80 49 19
18.274 6.5549 1.8999 80 49 28
18.252 6.5639 1.916 81 50 20
18.322 6.5963 1.8825 75 46 22
18.203 6.5995 1.8737 80 50 26
18.393 6.5528 1.9109 76 45 24
18.294 6.579 1.9006 77 49 18
18.222 6.5405 1.905 81 52 20
18.382 6.5282 1.9101 77 46 25
18.333 6.5407 1.9079 80 49 21
18.405 6.577 1.9088 75 43 20
18.169 6.5819 1.8924 80 48 25
18.241 6.6546 1.91 77 47 21
18.358 6.6439 1.887 74 45 24
18.171 6.7026 1.8873 77 46 18
18.4 6.6622 1.906 71 42 21
18.295 6.6337 1.8844 74 48 25
18.188 6.6361 1.888 80 49 21
18.265 6.617 1.9055 79 50 28
18.343 6.6571 1.9372 77 46 25
18.367 6.6473 1.9222 77 47 23
18.394 6.6103 1.9211 74 45 23
18.273 6.6765 1.9211 79 47 22
18.302 6.6379 1.9208 77 46 26
18.282 6.7254 1.877 76 46 22
18.291 6.7285 1.9146 77 48 26
18.257 6.7131 1.9302 77 49 9
18.389 6.7235 1.9103 77 46 25
18.285 6.7633 1.9317 73 45 18
18.334 6.6812 1.8905 76 46 22
18.47 6.6997 1.9362 72 45 10
18.427 6.6832 1.9158 70 41 19
18.232 6.7472 1.9066 76 46 20
18.309 6.7474 1.8861 72 42 18
18.319 6.75 1.9226 73 43 25
18.371 6.7006 1.907 77 48 24
18.337 6.6857 1.9207 76 47 23
18.26 6.7072 1.902 73 48 18
18.298 6.8166 1.9201 75 44 24
18.2 6.8182 1.8991 74 44 16
18.323 6.8049 1.9075 77 45 20
18.301 6.8442 1.9127 75 46 14
18.163 6.8277 1.875 74 44 16
18.408 6.746 1.9128 71 40 22
18.459 6.7866 1.9304 73 44 12
18.412 6.8041 1.9268 77 44 27
18.359 6.7629 1.9107 78 48 20
18.297 6.7835 1.899 75 46 24
18.243 6.8021 1.8956 77 46 16
18.394 6.7769 1.8941 73 42 21
18.281 6.8449 1.8679 77 46 25
18.264 6.8306 1.9296 73 43 15
18.364 6.7893 1.9028 75 44 23
18.339 6.8947 1.9487 75 44 23
18.333 6.8873 1.8839 75 50 20
18.443 6.8769 1.9191 71 41 13
18.229 6.8694 1.8971 72 44 5
18.328 6.8934 1.9124 75 47 20
18.291 6.8807 1.9268 71 43 12
18.455 6.8458 1.9378 74 46 17
18.436 6.8835 1.945 77 47 23
18.425 6.8276 1.9272 76 45 25
18.379 6.8455 1.9254 76 47 25
18.347 6.8595 1.9343 76 48 21
18.438 6.8193 1.9069 75 47 10
18.372 6.9081 1.9312 74 45 24
18.213 6.9683 1.8898 75 46 22
18.403 6.9215 1.9136 77 47 23
18.303 6.9347 1.9163 73 45 14
18.324 6.9856 1.9106 75 44 24
18.449 6.9615 1.927 75 46 25
18.423 6.9667 1.8789 69 43 18
18.269 6.9749 1.8856 72 42 16
18.491 6.8885 1.9447 70 41 19
18.279 6.9762 1.923 72 42 24
18.438 6.9379 1.9273 75 44 24
18.452 6.9288 1.909 72 43 11
18.274 7.0074 1.9108 72 43 11
18.396 6.9565 1.9291 76 45 25
18.322 6.9528 1.889 74 45 21
18.309 7.0245 1.9244 70 39 19
18.462 7.0242 2.0043 72 39 20
18.31 7.0493 1.8847 74 44 18
18.501 6.9977 1.9422 71 46 16
18.525 7.0153 1.9518 72 42 18
18.259 7.077 1.9122 76 46 22
18.504 7.0235 1.9373 72 42 18
18.341 7.0043 1.8847 76 46 18
18.361 7.0014 1.9279 74 43 22
18.47 6.9817 1.9297 72 44 17
18.315 7.0518 1.9181 72 43 19
18.389 7.0525 1.9559 72 39 20
18.373 7.055 1.9124 76 47 23
18.392 7.0147 1.9052 76 46 20
18.417 7.0336 1.9136 77 47 23
18.317 7.0847 1.9406 70 39 9
18.499 7.0294 1.9626 77 47 21
18.327 7.1104 1.936 71 41 7
18.368 7.123 1.9534 72 40 19
18.427 7.0866 1.9039 73 44 22
18.445 7.083 1.9461 74 46 19
18.42 7.126 1.9494 76 46 10
18.484 7.0946 1.9637 76 47 25
18.332 7.1042 1.9086 74 44 20
18.502 7.0521 1.9268 75 47 8
18.379 7.1143 1.9319 73 43 25
18.537 7.0688 1.9707 71 42 18
18.409 7.0695 1.9297 74 46 17
18.52 7.0757 1.9592 71 42 18
18.357 7.2197 1.9504 76 45 24
18.469 7.1899 1.9535 76 46 18
18.277 7.2256 1.9081 79 46 13
18.516 7.1362 1.9677 80 49 28
18.424 7.1568 1.9727 72 43 11
18.411 7.2203 1.9476 76 46 20
18.509 7.1358 1.9344 72 41 21
18.414 7.1862 1.9264 65 41 7
18.357 7.2156 1.9196 77 46 25
18.539 7.1499 1.9466 74 46 9
18.474 7.1237 1.9174 70 42 15
18.47 7.1289 1.9441 74 43 23
18.418 7.1553 1.9396 76 46 28
18.446 7.1965 1.913 72 44 13
18.352 7.3154 1.9502 75 47 0
18.491 7.2358 1.9536 77 47 21
18.488 7.2661 1.9416 78 49 28
18.377 7.2694 1.9474 73 46 13
18.476 7.24 1.9121 74 46 19
18.421 7.2444 1.9451 77 47 21
18.412 7.3084 1.9175 79 49 25
18.481 7.2127 1.9538 77 48 24
18.466 7.2517 1.9659 76 47 23
18.51 7.2519 1.9268 79 45 20
18.374 7.2414 1.9532 77 46 16
18.503 7.1981 1.9417 74 46 19
18.385 7.2952 1.9421 79 47 6
18.496 7.3516 1.95 76 48 21
18.384 7.359 1.953 76 46 8
18.388 7.3871 1.9455 76 43 24
18.422 7.3356 1.9481 80 50 26
18.562 7.3124 1.9642 76 46 22
18.528 7.3027 1.9507 73 44 22
18.48 7.3024 1.9558 77 48 24
18.605 7.2582 1.9774 80 46 19
18.572 7.2481 1.9626 76 45 15
18.393 7.3244 1.9686 79 48 20
18.51 7.2831 1.9494 80 49 28
18.408 7.3698 1.8988 75 45 21
18.427 7.3628 1.9425 78 47 19
18.419 7.3079 1.9537 80 50 16
18.37 7.4918 1.9368 73 43 9
18.465 7.401 1.9487 76 47 13
18.415 7.4321 1.9471 75 45 17
18.57 7.3671 1.9833 73 45 16
18.402 7.4702 1.9285 78 48 22
18.574 7.3619 1.9566 74 48 8
18.376 7.4271 1.9584 75 45 17
18.485 7.4192 1.9533 77 47 23
18.448 7.3808 1.9473 76 46 18
18.542 7.4119 1.956 71 44 23
18.562 7.3973 1.9399 77 46 2
18.414 7.4361 1.975 77 44 9
18.403 7.4092 1.947 79 50 19
18.525 7.3617 1.9291 74 44 10
18.537 7.3578 1.9674 76 46 20
18.407 7.5315 1.9428 76 49 6
18.431 7.514 1.9295 76 46 20
18.504 7.4379 1.9557 73 48 16
18.521 7.4564 1.9598 75 47 20
18.447 7.474 1.949 76 48 21
18.431 7.5471 1.9512 75 47 20
18.589 7.4696 1.9606 74 47 4
18.528 7.4792 1.9244 72 43 22
18.425 7.4903 1.9631 74 48 23
18.472 7.5191 1.9472 74 49 19
18.538 7.5364 1.9737 72 41 21
18.445 7.599 1.9433 77 50 13
18.568 7.5501 2.0426 60 38 0
18.36 7.5943 1.9327 73 47 6
18.522 7.5769 1.9521 73 50 16
18.541 7.5319 1.947 72 44 13
18.508 7.524 1.9307 68 41 20
18.449 7.5993 1.9728 77 49 10
18.579 7.5366 1.9625 75 47 16
18.475 7.5501 1.9679 77 52 22
18.449 7.6275 1.9342 73 48 28
18.513 7.5229 1.9647 76 50 10
18.468 7.5565 1.9955 73 45 18
18.595 7.4949 1.9549 73 44 10
18.452 7.6885 1.9138 62 41 20
18.317 7.7534 1.9008 57 37 2
18.44 7.6672 1.9472 59 39 12
18.548 7.5888 1.9634 74 48 25
18.598 7.5531 1.9669 74 45 11
18.615 7.5725 1.9986 73 47 24
18.577 7.5717 2.0094 75 50 27
18.436 7.7017 1.935 63 37 23
18.575 7.5983 1.9423 77 48 16
16.914 6.3683 2.0279 86 55 34
16.82 6.4922 1.96 89 59 35
16.897 6.5654 1.9584 91 61 35
16.928 6.8559 1.9401 80 50 22
16.948 7.1267 2.0064 73 47 20
17.041 7.1104 2.0791 74 49 19
16.874 5.6499 1.8219 79 44 22
16.824 5.6894 1.8342 79 47 6
17.146 5.7247 1.9275 79 47 22
17.05 5.8581 1.8839 80 49 28
17.083 5.808 1.8314 79 49 23
17.021 5.8453 1.8315 81 48 29
16.711 5.8356 1.7892 81 49 24
16.858 5.813 1.8586 79 51 22
17.083 5.8773 1.8109 81 51 25
16.888 5.805 1.8235 79 49 25
17.081 5.8426 1.8216 80 50 26
16.818 5.7868 1.7517 80 50 26
16.72 5.8832 1.8153 80 51 29
16.965 6.0769 1.8237 82 54 25
16.994 6.0676 1.7879 82 50 27
17.002 6.0962 1.9149 81 52 21
16.989 6.1232 1.8578 81 52 31
17.057 6.1441 1.8022 83 53 25
16.898 6.1695 1.8582 78 48 22
17.058 6.1065 1.8065 81 53 26
17.163 6.1542 1.8837 83 52 22
16.84 6.1291 1.8373 84 53 23
17.01 6.1794 1.764 83 53 29
17.123 6.1896 1.857 84 53 33
17.192 6.1207 1.9131 82 51 30
16.788 6.0792 1.7841 81 51 25
16.83 6.1774 1.8671 83 53 29
17.196 6.2971 1.8562 90 55 33
17.283 6.2163 1.8726 84 53 32
17.134 6.2616 1.8344 85 55 29
17.112 6.3161 1.8896 87 58 26
17.143 6.352 1.8996 93 59 34
17.475 6.3977 1.9857 124 84 49
16.825 6.4146 1.7967 97 64 31
17.182 6.3056 1.8853 89 59 31
17.228 6.3322 1.8602 94 61 30
17.165 6.3427 1.8701 92 60 37
17.161 6.388 1.8969 99 65 38
16.813 6.4244 1.8352 93 61 36
16.881 6.518 1.9229 91 61 33
17.137 6.472 1.9001 105 73 35
16.831 6.5135 1.8634 94 62 37
16.851 6.4622 1.8359 94 62 39
16.977 6.4927 1.8762 96 65 34
17.06 6.4397 1.8821 102 69 38
17.134 6.4264 1.8727 110 78 40
17.358 6.5187 1.9434 121 83 46
17.018 6.5374 1.9286 95 64 36
16.861 6.5604 1.9066 96 65 35
17.136 6.5561 1.9249 101 68 33
16.879 6.5728 1.7696 108 76 38
16.844 6.5439 1.8072 99 69 33
16.919 6.5289 1.8022 107 75 36
17.003 6.6086 1.8504 97 67 33
17.038 6.5739 1.9201 95 61 32
17.096 6.5906 1.8571 106 73 38
17.03 6.5748 1.9132 96 62 33
17.312 6.7141 1.9071 86 54 29
17.346 6.6719 1.9296 90 56 29
17.258 6.6469 1.8954 98 65 34
17.361 6.6626 1.9012 94 60 31
17.337 6.7026 1.8755 88 54 29
17.064 6.8565 1.899 80 49 21
17.381 6.7399 1.9202 85 54 26
17.39 6.7751 1.9167 83 52 24
17.294 6.7993 1.9108 82 51 23
17.141 6.8344 1.8838 78 48 22
17.002 6.8346 1.9179 79 49 23
17.219 6.7742 1.8866 85 51 24
17.184 6.9199 1.9656 73 45 18
17.39 6.8935 1.9224 73 41 18
16.945 6.8861 1.8889 79 47 24
16.917 6.8993 1.9203 79 49 21
17.085 6.9743 1.8752 77 47 13
17.611 6.8049 1.9998 79 49 25
17.02 6.913 1.9057 79 50 18
17.138 6.8823 1.9131 77 48 24
17.185 6.9125 1.9253 76 48 17
17.147 6.9128 1.8662 78 51 18
17.376 6.8895 1.8767 74 45 21
16.896 6.9454 1.8966 80 48 27
17.066 6.9929 1.9427 77 49 20
17.406 6.965 1.9102 78 50 21
17.389 6.976 1.9353 76 47 13
17.38 7.016 1.926 77 47 13
17.18 6.9931 1.8976 77 47 21
16.964 7.0505 1.8499 75 47 20
17.129 6.9716 1.9309 74 46 19
17.237 6.9657 1.8397 77 49 20
17.262 7.0132 1.9265 77 47 19
17.216 7.1112 1.9228 75 46 15
17.335 7.0662 1.8909 74 46 19
17.003 7.2185 1.8599 76 46 22
17.242 7.0978 1.8996 77 47 19
17.355 7.1062 1.9357 78 48 14
17.277 7.1213 1.8543 77 45 22
17.181 7.0802 1.92 76 46 18
17.476 7.0226 1.9178 78 50 23
17.61 7.0651 2.0036 74 46 19
17.066 7.1936 1.8456 78 47 19
17.352 7.1462 1.9155 79 47 22
17.433 7.1988 1.9378 77 47 23
17.463 7.2275 1.9442 79 49 21
17.34 7.1559 1.9562 78 46 21
17.234 7.2272 1.8951 79 49 25
17.385 7.2199 1.9554 80 51 20
17.604 7.1393 1.9835 79 47 26
17.342 7.3534 1.8969 82 52 14
17.335 7.3618 1.9342 89 59 23
17.453 7.2753 1.963 82 51 21
17.31 7.284 1.9133 81 49 24
17.447 7.2713 1.923 80 50 22
17.213 7.4885 1.8617 85 54 24
17.602 7.3775 2.03 83 52 22
17.569 7.3855 1.972 80 49 18
17.322 7.4064 1.9228 99 65 27
17.412 7.4576 1.9813 80 50 16
17.41 7.4192 1.9883 83 52 21
17.276 7.4592 1.8446 104 63 9
17.397 7.589 1.9824 72 44 13
17.968 7.3656 2.1595 74 45 23
17.26 7.5707 1.9842 75 47 20
17.538 7.5131 1.928 78 50 19
17.158 7.6608 1.9759 75 46 22
17.362 7.5585 1.9371 75 48 15
17.119 7.5855 1.9329 78 50 21
17.126 7.5768 1.8951 79 52 19
17.516 7.4553 2.0123 77 47 19
17.368 7.5965 1.9327 75 45 19
17.324 7.585 2.0032 74 50 16
17.133 7.6605 1.879 75 44 14
17.241 7.752 1.9733 75 44 23
17.448 7.6417 1.9411 71 47 11
17.405 7.6566 1.8825 75 48 11
17.331 7.6289 2.028 72 46 19
17.419 7.615 1.938 75 45 17
17.471 7.7921 1.9107 74 46 17
17.617 7.7957 1.9562 59 35 9
17.522 7.806 1.9248 60 38 17
17.606 7.9276 1.9964 60 31 9
17.5 5.3921 1.8275 70 42 13
17.198 5.2929 1.8513 70 38 15
17.272 5.3022 1.8468 68 41 22
17.355 5.3436 1.8341 67 42 22
17.307 5.3199 1.7745 70 39 18
17.643 5.458 1.8912 69 38 10
17.462 5.3912 1.84 68 41 22
17.234 5.3942 1.8336 65 42 0
17.44 5.445 1.8149 69 39 23
17.506 5.4324 1.857 70 38 15
17.478 5.4841 1.941 75 43 20
17.44 5.4056 1.9006 71 38 19
17.148 5.3086 1.8082 72 43 11
17.244 5.3439 1.7699 71 46 14
17.126 5.3028 1.7986 72 43 11
17.307 5.3923 1.7969 71 43 16
17.424 5.5191 1.8537 74 45 23
17.425 5.5094 1.8167 74 43 22
17.485 5.5419 1.9161 79 48 20
16.939 5.3671 1.7294 76 44 19
17.564 5.5317 1.8545 68 42 19
17.542 5.5554 1.8327 74 46 9
17.458 5.4873 1.8422 75 46 14
17.388 5.542 1.8303 76 45 24
17.435 5.4719 1.7946 74 40 11
17.033 5.4315 1.7936 83 52 22
17.433 5.5608 1.8858 88 52 26
17.405 5.615 1.8512 84 52 11
17.44 5.592 1.8796 83 53 29
17.452 5.6346 1.7871 73 44 22
17.408 5.6153 1.851 84 52 11
17.679 5.7055 1.8974 73 44 13
17.606 5.7222 1.8538 75 44 24
17.264 5.6197 1.7702 78 49 25
17.4 5.7156 1.8567 78 46 23
17.679 5.7427 1.9236 77 46 18
17.52 5.7255 1.8787 77 47 23
17.525 5.6873 1.8538 78 46 25
17.701 5.7746 1.9266 79 47 26
17.434 5.681 1.8451 77 47 19
17.253 5.7023 1.8252 74 44 10
17.534 5.787 1.863 77 48 26
17.358 5.7499 1.8643 76 43 24
17.579 5.7846 1.8501 76 45 24
17.462 5.8074 1.8154 79 48 17
17.687 5.8578 1.888 76 45 15
17.366 5.7722 1.8146 77 45 22
17.697 5.8303 1.9023 77 46 25
17.511 5.8226 1.8758 79 48 27
17.498 5.7611 1.8938 77 47 23
17.494 5.7511 1.8539 78 47 26
17.538 5.8477 1.8446 76 50 27
17.448 5.8774 1.8284 81 49 28
17.176 5.8086 1.8297 82 48 21
17.393 5.8393 1.8096 80 48 25
17.219 5.8477 1.8433 80 49 19
17.626 5.8884 1.8822 80 48 23
17.322 5.9982 1.8854 81 47 22
17.679 5.9821 1.8781 81 49 26
17.34 5.9659 1.898 79 47 24
17.527 6.0179 1.8613 81 48 29
17.609 6.0151 1.8672 80 47 28
17.584 5.9826 1.8634 80 49 29
17.672 6.0116 1.8661 78 47 26
17.209 5.9815 1.7949 79 49 25
17.512 5.9369 1.7981 77 47 21
17.298 5.9538 1.8418 79 45 16
17.438 5.9799 1.8269 79 46 27
17.184 5.9195 1.8335 81 49 26
17.63 6.108 1.8446 81 48 29
17.629 6.1157 1.8781 81 49 28
17.445 6.0935 1.8679 77 45 24
17.693 6.08 1.8868 80 50 26
17.629 6.0472 1.8694 80 49 28
17.579 6.0517 1.8737 80 46 34
17.443 6.0531 1.8455 81 48 33
17.425 6.0196 1.8457 79 48 27
17.504 6.0884 1.867 80 49 31
17.617 6.0846 1.8841 81 48 31
17.407 6.1419 1.9167 83 51 28
17.282 6.1303 1.8197 80 48 25
17.334 6.1402 1.8824 83 51 28
17.724 6.1416 1.8857 83 51 30
17.563 6.1852 1.8623 81 51 27
17.547 6.1771 1.8182 83 52 32
17.779 6.1505 1.9481 80 50 24
17.302 6.1737 1.8572 83 52 24
17.219 6.2519 1.8342 85 53 28
17.543 6.2574 1.8666 86 54 31
17.312 6.2425 1.8376 85 54 26
17.496 6.2581 1.8424 86 54 31
17.667 6.2481 1.8928 85 55 31
17.461 6.2261 1.8419 82 53 22
17.514 6.2986 1.8782 89 56 23
17.411 6.2835 1.9125 86 55 25
17.256 6.2082 1.8266 87 54 19
17.774 6.2701 1.9063 88 56 33
17.506 6.2989 1.8753 89 56 23
17.527 6.2904 1.8464 90 56 29
17.555 6.2648 1.9048 83 54 22
17.502 6.2815 1.9548 86 55 25
17.802 6.2393 1.9277 85 53 28
17.646 6.28 1.8733 88 57 27
17.57 6.217 1.8524 83 51 26
17.558 6.2091 1.8089 85 50 30
17.466 6.2745 1.9035 86 54 29
17.553 6.3634 1.8783 120 82 54
17.71 6.3171 1.9311 93 59 34
17.541 6.3054 1.9259 90 56 31
17.728 6.3092 1.9057 89 57 32
17.421 6.3513 1.8985 100 65 36
17.565 6.33 1.8956 89 57 34
17.313 6.3206 1.8568 91 58 25
17.471 6.3754 1.8764 129 87 45
17.582 6.3546 1.8583 97 61 35
17.374 6.3454 1.8387 94 59 27
17.69 6.3419 1.8745 95 59 33
17.693 6.303 1.8529 91 57 32
17.624 6.3847 1.8667 105 67 38
17.729 6.3713 1.8793 96 63 32
17.492 6.4491 1.8968 173 123 73
17.728 6.4102 1.9097 111 74 42
17.368 6.4667 1.8796 176 124 74
17.629 6.457 1.8812 133 91 49
17.799 6.4363 1.9373 110 73 37
17.773 6.4001 1.8977 106 68 39
17.67 6.4212 1.9095 124 82 44
17.465 6.4435 1.8441 150 104 63
17.808 6.4287 1.9078 105 68 34
17.614 6.5248 1.8554 112 74 45
17.741 6.5435 1.9071 108 70 33
17.802 6.5616 1.8966 102 65 33
17.762 6.5344 1.8831 103 69 32
17.81 6.4974 1.9195 108 71 39
17.624 6.5643 1.8796 124 87 45
17.528 6.6668 1.928 90 54 28
17.727 6.6171 1.9171 96 61 29
17.694 6.5821 1.8767 102 67 35
17.515 6.697 1.8758 87 56 26
17.793 6.6334 1.9066 96 61 32
17.776 6.6041 1.9125 101 66 36
17.41 6.6482 1.8827 115 72 28
17.82 6.5723 1.9731 107 73 36
17.442 6.7952 1.8933 80 50 24
17.529 6.7722 1.8939 82 47 25
17.578 6.7215 1.891 84 53 22
17.677 6.7725 1.9217 81 49 24
17.635 6.774 1.8646 82 52 26
17.5 6.7277 1.8133 89 55 28
17.847 6.6952 1.9485 89 55 30
17.487 6.7509 1.9236 84 50 25
17.793 6.7374 1.9101 84 53 25
17.49 6.7149 1.9358 85 53 28
17.716 6.725 1.9163 88 54 27
17.503 6.7413 1.8918 84 50 21
17.867 6.6854 1.9247 87 56 28
17.865 6.7178 1.9143 84 52 27
17.454 6.7137 1.8828 85 52 21
17.738 6.6813 1.8987 91 59 21
17.757 6.8114 1.8684 81 50 22
17.419 6.8738 1.8638 78 48 24
17.646 6.8415 1.8471 81 49 24
17.642 6.8139 1.8932 82 48 19
17.967 6.7978 1.9721 79 49 25
17.451 6.8301 1.8865 79 49 21
17.539 6.8842 1.9058 80 48 23
17.478 6.9044 1.9144 80 50 26
17.875 6.7541 1.9455 83 53 25
17.732 6.7891 1.9072 81 50 20
17.525 6.8449 1.8789 77 49 10
17.542 6.8055 1.8935 78 46 25
17.799 6.8418 1.9187 79 47 22
17.493 6.9377 1.9113 78 48 20
17.675 6.9172 1.9162 75 45 21
17.72 6.9348 1.8956 78 48 22
17.786 6.9121 1.8922 78 48 22
17.658 6.9567 1.902 79 47 9
17.761 6.8901 1.9246 78 48 24
17.549 6.9972 1.9181 77 47 19
17.812 6.8661 1.8807 77 47 21
17.678 6.9576 1.9462 74 45 11
17.588 6.951 1.9474 79 50 28
17.87 6.9237 1.9279 76 46 20
17.592 6.9437 1.9097 77 49 20
17.54 6.9201 1.8964 81 48 15
17.82 6.87 1.919 78 48 22
17.614 6.8965 1.8937 77 46 16
17.677 7.0695 1.948 73 45 18
17.884 7.0249 1.9371 78 48 22
17.785 6.952 1.9154 76 47 15
17.633 6.9987 1.8744 78 44 15
17.816 7.0057 1.8766 77 48 17
17.474 7.0539 1.8696 78 48 14
17.808 7.0137 1.9078 78 49 17
17.477 7.06 1.9048 76 46 20
17.837 6.9718 1.9339 77 49 18
17.775 7.0291 1.925 79 49 25
18.032 6.975 1.9871 78 48 24
17.906 6.947 1.9337 78 49 17
17.559 7.0736 1.9378 75 50 20
17.625 7.1633 1.9426 79 49 11
17.651 7.149 1.9166 73 45 18
17.869 7.097 1.9079 78 48 24
17.541 7.1157 1.9233 77 49 20
17.638 7.117 1.9175 75 45 19
17.923 7.046 1.9476 79 49 25
17.609 7.1317 1.9429 80 51 20
17.851 7.0744 1.9434 76 48 21
17.519 7.2036 1.9225 80 50 22
17.953 7.1023 1.9429 77 49 20
17.711 7.0889 1.9173 75 46 22
17.747 7.0722 1.9058 78 48 24
17.795 7.1266 1.9045 77 49 22
17.808 7.1278 1.9475 79 48 18
17.7 7.2409 1.909 79 48 20
17.942 7.1392 1.9313 79 49 23
17.684 7.1799 1.9592 78 48 20
17.875 7.134 1.9383 77 49 22
17.891 7.1963 1.9294 80 50 24
17.671 7.2567 1.9314 84 51 16
17.889 7.1919 1.8925 80 50 24
17.567 7.2248 1.9397 79 49 21
17.631 7.2399 1.9575 81 49 24
17.577 7.2533 1.8918 78 48 20
17.745 7.2605 1.9234 81 51 13
17.802 7.199 1.9261 79 50 18
17.828 7.2246 1.9289 79 48 27
17.811 7.1613 1.9379 77 48 14
17.831 7.1836 1.904 79 50 18
17.845 7.2482 1.8893 80 50 26
17.632 7.3077 1.9037 84 55 15
17.787 7.3158 1.9213 80 49 18
17.904 7.294 1.9031 78 51 18
17.997 7.2279 1.9951 79 49 21
17.614 7.3574 1.9229 86 56 22
17.923 7.291 1.9514 77 49 20
17.565 7.3824 1.9278 84 54 28
17.536 7.4313 1.9077 78 48 22
17.728 7.3444 1.9259 78 48 14
17.632 7.3877 1.9158 80 49 21
17.828 7.2643 1.9535 84 51 18
17.887 7.2667 1.9016 81 51 27
17.497 7.486 1.8824 76 46 22
17.88 7.3431 1.917 79 50 19
17.923 7.3946 1.916 77 47 23
17.94 7.3522 1.9394 76 48 21
18.001 7.2878 1.9487 77 45 20
17.7 7.5501 1.9352 74 45 13
17.726 7.5702 1.9041 74 45 13
17.993 7.4305 1.9384 74 45 13
17.819 7.4903 1.9581 75 45 21
17.727 7.5006 1.9585 73 46 13
17.979 7.4752 1.9563 76 49 12
17.6 7.5249 1.9438 75 47 20
17.968 7.408 1.9349 77 49 18
17.931 7.464 1.9395 74 48 21
17.563 7.5796 1.9168 71 45 18
17.718 7.5785 1.9372 73 46 11
17.666 7.6842 1.9248 71 42 18
17.791 7.6173 1.949 75 44 13
17.965 7.5556 1.9618 74 49 19
18.05 7.5418 1.9662 75 47 18
17.839 7.6246 1.9333 76 48 19
17.765 7.6259 1.8994 77 48 14
17.996 7.5358 1.9428 76 47 23
17.674 7.6464 1.9766 77 48 24
17.903 7.5165 1.9512 76 47 23
17.853 7.5769 1.9143 76 48 21
17.711 7.6654 1.9852 75 45 21
17.851 7.546 1.9596 72 42 8
17.884 7.5578 1.8925 78 49 17
17.706 7.6264 1.957 74 44 20
17.741 7.6046 1.9432 72 43 9
18.017 7.636 1.9925 77 49 22
18.045 7.6173 1.9716 75 50 20
17.792 7.7639 1.9167 55 35 0
17.801 7.6851 1.9379 75 46 14
17.783 7.6986 1.9648 75 44 14
17.938 7.6438 1.9652 73 47 20
17.754 7.6805 1.9969 74 48 23
17.939 7.6396 1.9299 78 50 21
17.865 7.6874 1.9606 75 44 13
17.718 7.6957 1.9419 76 47 13
17.819 7.6719 1.9102 77 48 24
17.926 7.6113 1.9311 78 50 11
17.994 7.6057 1.9269 78 48 22
17.774 7.7406 1.9545 60 32 1
17.641 7.7786 1.9311 64 35 3
17.98 7.7618 1.9492 54 32 19
17.833 7.853 1.9087 54 33 12
18.071 7.6739 2.0016 56 30 7
17.853 7.8039 1.9245 56 36 12
18.151 7.656 2.009 55 38 12
17.8 7.9086 1.8337 51 30 11
17.723 5.3706 1.8586 67 37 11
17.76 5.3552 1.8867 68 38 24
17.828 5.3488 1.8316 65 35 21
17.689 5.3971 1.8654 72 41 21
17.632 5.3914 1.8731 66 41 9
17.64 5.4126 1.8386 65 40 18
17.637 5.3549 1.8469 68 36 21
17.781 5.4667 1.8645 73 41 28
17.647 5.4226 1.8704 66 38 0
17.918 5.4856 1.8748 70 40 6
17.721 5.3968 1.8499 68 36 24
17.916 5.4511 1.8519 70 45 22
17.62 5.4338 1.815 70 42 5
17.587 5.4898 1.8069 72 42 16
17.586 5.4992 1.8419 71 40 10
17.687 5.4865 1.8656 69 39 15
17.718 5.5134 1.8465 71 43 4
17.98 5.577 1.8839 66 37 15
17.912 5.5686 1.8748 67 39 0
17.788 5.513 1.8205 69 40 16
17.536 5.4586 1.8262 71 43 4
17.767 5.4805 1.8166 67 36 15
17.786 5.494 1.8559 70 38 26
17.901 5.5323 1.8498 67 41 16
17.932 5.5151 1.8764 66 42 4
17.779 5.5195 1.847 71 44 25
17.689 5.4783 1.838 67 37 23
17.756 5.5139 1.8348 71 44 25
17.706 5.5466 1.863 73 41 16
17.887 5.5887 1.8534 68 40 13
17.592 5.5296 1.8381 72 43 11
17.708 5.5829 1.8849 71 41 7
17.739 5.5991 1.8245 74 41 22
17.722 5.5413 1.8383 71 42 21
17.913 5.5864 1.8375 70 40 16
17.691 5.5789 1.8748 71 41 7
17.666 5.5647 1.8306 69 41 12
17.814 5.5887 1.8739 73 41 26
17.955 5.6553 1.8737 68 41 22
17.686 5.6054 1.8625 73 42 11
17.724 5.6046 1.8493 69 44 24
17.632 5.6314 1.8593 78 46 5
17.849 5.7024 1.8566 69 43 18
17.896 5.6852 1.8921 74 42 21
17.743 5.6912 1.8314 76 47 26
17.774 5.6867 1.9231 73 43 15
17.608 5.6173 1.8107 73 43 7
17.851 5.6502 1.8793 71 41 25
17.914 5.7063 1.8593 71 41 7
17.718 5.6314 1.839 75 44 23
17.782 5.6712 1.8622 75 44 23
17.937 5.703 1.8441 72 41 23
17.635 5.6516 1.8178 75 45 21
17.945 5.6794 1.8616 72 43 11
17.851 5.7575 1.8435 72 43 22
17.718 5.7234 1.8423 73 45 18
17.967 5.7684 1.8744 74 44 6
17.691 5.699 1.8707 74 44 18
17.841 5.7631 1.8655 71 44 27
17.677 5.7531 1.8428 76 42 4
17.684 5.6888 1.831 73 42 24
17.697 5.7654 1.8904 75 46 14
17.884 5.736 1.8691 70 44 17
17.877 5.8042 1.9099 76 45 25
17.821 5.7876 1.8477 74 43 22
17.911 5.7321 1.8496 75 42 11
17.929 5.7965 1.8761 75 46 6
17.737 5.7349 1.884 77 45 7
17.726 5.7528 1.837 76 46 28
17.69 5.7468 1.8167 76 46 28
17.957 5.793 1.86 73 43 19
17.813 5.731 1.8579 77 45 24
17.551 5.814 1.7048 76 47 23
17.986 5.8238 1.8685 72 42 18
17.727 5.8177 1.8506 75 43 18
17.971 5.855 1.8791 73 42 24
17.96 5.8803 1.8652 72 43 19
17.861 5.8211 1.8614 78 48 22
17.64 5.7851 1.8494 76 45 17
17.887 5.8787 1.8548 65 36 15
17.922 5.8214 1.8593 77 47 19
17.692 5.7842 1.8419 77 47 13
17.546 5.8011 1.7885 74 43 13
17.917 5.855 1.8766 73 44 22
18.112 5.9646 1.9966 76 47 26
17.917 5.9016 1.8289 74 45 24
17.596 5.876 1.8279 74 47 10
17.837 5.9158 1.8808 77 46 18
17.819 5.9137 1.8704 77 46 18
17.732 5.9122 1.8558 77 48 14
17.712 5.8814 1.8572 78 45 12
18.021 5.9399 1.8783 75 46 14
18 5.9716 1.889 75 44 24
17.873 5.9549 1.9235 77 45 20
17.804 5.9279 1.9284 74 47 14
17.707 5.8728 1.8216 74 43 13
17.961 5.9407 1.8728 76 45 25
17.608 5.8519 1.7289 73 44 20
17.976 5.9165 1.8969 75 43 28
17.857 5.9457 1.8825 78 47 26
18.025 5.9666 1.8716 77 42 22
17.98 6.0313 1.8923 78 47 27
17.931 6.0278 1.8643 78 47 27
17.805 6.0054 1.8683 78 47 29
17.636 5.9405 1.832 80 48 27
17.909 5.9706 1.8682 75 45 21
17.729 5.9912 1.7884 79 49 25
18.051 6.0291 1.9008 78 47 16
18.002 5.9984 1.8802 76 47 15
17.832 6.0357 1.8714 80 48 25
17.922 6.0343 1.8891 81 51 27
17.783 5.9827 1.8989 81 48 15
18.099 6.0657 1.9516 77 44 29
18.036 6.0547 1.8835 78 48 20
17.778 6.0109 1.8852 78 46 31
17.976 6.0037 1.8977 75 48 29
17.852 5.9729 1.8678 78 49 27
17.794 6.0914 1.8302 79 49 25
17.726 6.0364 1.8458 79 45 18
17.802 6.0995 1.8696 81 47 20
17.705 6.0436 1.8735 80 48 23
17.88 6.0599 1.8582 77 49 22
17.799 6.0629 1.8461 80 51 20
18.081 6.1168 1.9175 77 45 24
18.063 6.083 1.8899 78 46 21
17.759 6.105 1.8772 78 47 26
17.744 6.0751 1.8821 77 47 21
17.72 6.0738 1.8691 77 47 21
17.889 6.1166 1.8382 75 49 24
17.942 6.0913 1.8839 79 49 21
17.754 6.0679 1.8534 78 48 20
17.999 6.0866 1.8823 77 46 25
17.888 6.1239 1.8713 81 48 31
18.065 6.2042 1.9133 77 47 21
17.701 6.1714 1.863 80 49 19
17.693 6.1712 1.858 80 49 19
17.782 6.128 1.8472 79 49 23
17.801 6.1951 1.8708 79 48 27
17.867 6.2029 1.9416 81 50 30
17.849 6.152 1.8423 81 50 30
17.79 6.1652 1.8747 80 49 18
17.964 6.1755 1.8642 81 50 30
18.027 6.1695 1.8685 77 47 19
17.745 6.1347 1.8633 78 48 22
18.008 6.1486 1.8999 78 49 27
17.838 6.1882 1.8584 80 48 27
17.922 6.1608 1.9163 78 49 25
18.089 6.1977 1.8971 78 47 26
17.97 6.2177 1.9235 83 53 27
17.912 6.182 1.8683 86 52 27
18.04 6.1426 1.8867 77 47 19
17.829 6.2847 1.8576 89 56 23
17.841 6.2546 1.8738 84 51 20
18.072 6.259 1.8997 79 50 18
18.037 6.2943 1.9026 86 54 29
18.077 6.2863 1.8918 82 52 28
17.795 6.2623 1.8812 84 53 23
17.629 6.2333 1.802 83 52 24
18.038 6.2316 1.8876 78 47 27
17.989 6.2673 1.8835 81 52 28
17.894 6.2249 1.9145 83 51 28
17.784 6.2931 1.8671 86 54 29
18.088 6.2247 1.8867 80 50 16
17.922 6.2395 1.8531 83 52 31
17.797 6.2784 1.8065 85 53 30
17.911 6.2465 1.8793 81 50 29
17.907 6.3255 1.9557 92 58 33
17.802 6.3228 1.8652 88 57 29
18.026 6.323 1.8869 82 52 26
17.879 6.3727 1.8527 91 58 27
18.036 6.3791 1.8697 84 54 30
18.068 6.3426 1.8681 83 54 22
17.905 6.3121 1.8901 87 53 24
17.856 6.381 1.8747 95 60 30
17.763 6.3554 1.8336 92 58 23
18.059 6.328 1.9366 90 55 33
18.049 6.3499 1.8869 84 54 26
17.961 6.3034 1.8898 88 54 27
18.088 6.3136 1.8882 82 50 25
17.76 6.3631 1.8704 92 58 33
17.684 6.3347 1.8349 91 57 32
17.95 6.3621 1.8634 88 57 27
17.953 6.3394 1.9077 86 56 28
18.134 6.4004 1.9184 87 57 23
17.942 6.4648 1.8945 96 62 27
18.131 6.4286 1.909 85 53 30
18.152 6.4544 1.9112 86 54 29
17.787 6.4616 1.8856 105 68 36
17.958 6.3973 1.887 90 59 31
17.724 6.428 1.8255 102 64 36
17.853 6.4117 1.865 97 62 32
18.022 6.4154 1.8838 86 54 29
17.79 6.392 1.8723 99 62 30
18.014 6.3871 1.8895 89 59 33
17.969 6.3901 1.8624 89 59 33
18.08 6.4454 1.9412 93 61 36
17.772 6.4559 1.8406 103 65 37
17.907 6.4377 1.8831 97 62 33
18.048 6.4422 1.8897 88 54 29
17.978 6.4253 1.8904 95 61 36
17.816 6.5218 1.8831 101 66 34
18.067 6.504 1.9119 89 58 28
18.084 6.496 1.8895 84 54 26
17.953 6.554 1.8681 88 59 27
17.851 6.5488 1.8894 99 61 32
17.947 6.5244 1.8747 92 59 28
17.899 6.4753 1.9024 97 63 25
18.093 6.4664 1.9021 88 56 35
17.924 6.5032 1.908 97 63 34
17.821 6.4896 1.8923 103 66 30
18.012 6.5402 1.8701 86 53 34
17.914 6.4912 1.8324 91 60 32
17.91 6.5287 1.8534 91 58 27
17.908 6.5354 1.8863 97 63 28
18.118 6.5208 1.9018 83 53 29
17.94 6.4951 1.883 91 61 25
18.134 6.4844 1.8904 85 53 28
17.852 6.6499 1.8913 88 54 27
18.016 6.6358 1.876 84 53 23
18.028 6.6037 1.8932 84 54 28
18.038 6.5962 1.8654 83 53 25
18.205 6.5934 1.9264 81 51 25
17.975 6.5573 1.9154 93 59 21
17.827 6.5901 1.8987 97 59 30
18.099 6.552 1.8798 83 53 29
17.866 6.616 1.9096 92 57 27
18.118 6.5553 1.9251 83 51 28
18.144 6.6089 1.9192 81 52 28
17.941 6.5986 1.915 92 57 27
17.922 6.5953 1.8764 87 53 24
18.073 6.6027 1.9506 85 54 26
18.011 6.5764 1.8942 85 53 32
18.143 6.5745 1.8987 81 51 25
17.927 6.57 1.9216 95 60 31
17.883 6.7083 1.8898 82 50 25
17.977 6.6483 1.8842 82 50 27
17.94 6.6917 1.889 83 51 13
17.944 6.685 1.8558 82 50 29
18.086 6.6479 1.8753 76 48 21
17.969 6.7234 1.9274 83 50 17
17.972 6.6552 1.9147 84 54 18
18 6.7115 1.911 79 47 24
18.052 6.69 1.8788 79 49 33
18.103 6.7099 1.8986 78 47 26
18.167 6.6915 1.905 78 48 20
18.203 6.6558 1.9358 74 48 23
17.877 6.6776 1.8951 83 52 24
18.106 6.6502 1.9186 79 51 22
18.052 6.6956 1.9097 81 49 28
17.944 6.7914 1.895 79 47 24
17.971 6.7482 1.8872 81 49 8
17.899 6.8073 1.904 73 44 10
18.127 6.7697 1.9247 80 50 22
18.134 6.7628 1.897 74 48 25
17.888 6.7453 1.9171 81 51 25
18.027 6.731 1.8866 80 50 26
18.179 6.7474 1.8941 75 46 22
17.978 6.8152 1.9038 78 46 23
18.038 6.7957 1.9051 78 46 23
18.232 6.707 1.9356 77 47 21
18.148 6.7893 1.8965 74 48 23
18.054 6.7616 1.9243 82 49 18
17.917 6.7654 1.8894 80 50 14
17.934 6.7677 1.9329 80 48 25
18.146 6.7361 1.9471 79 50 28
18.12 6.7363 1.8945 76 48 21
17.985 6.8823 1.9228 79 45 18
18.134 6.8581 1.9018 75 47 20
18.008 6.8709 1.9023 76 46 22
18.055 6.8228 1.9027 78 48 20
17.921 6.8723 1.9289 79 50 16
18.127 6.8297 1.9067 80 50 16
18.105 6.8713 1.9169 75 44 23
18.18 6.8409 1.8985 74 44 18
18.048 6.8918 1.9137 76 48 9
18.264 6.8476 1.9402 76 47 15
17.986 6.8192 1.9404 79 47 22
18.045 6.8562 1.8889 76 46 20
17.923 6.9041 1.9202 78 48 22
18.034 6.8332 1.9238 76 46 20
18.212 6.8032 1.9264 77 47 19
18.119 6.8018 1.9116 78 48 22
17.979 6.8524 1.9258 77 46 15
18.013 6.9755 1.9406 76 47 16
18.132 6.9553 1.9031 78 48 24
17.996 6.9168 1.9506 76 46 20
18.038 6.9627 1.9224 73 44 10
18.106 6.9377 1.9265 78 50 13
18.09 6.9061 1.8942 81 49 26
18.154 6.9438 1.8828 75 46 22
18.056 6.9208 1.9079 76 46 20
18.184 6.9044 1.9112 76 47 23
17.963 6.9581 1.9208 76 48 17
18.199 6.9051 1.9513 77 47 23
17.978 6.9163 1.9074 77 48 17
18.048 6.9283 1.9371 73 43 15
18.203 6.8693 1.9322 78 49 25
18.182 6.9051 1.9103 76 47 23
18.089 6.9735 1.9085 76 46 22
17.943 7.1004 1.908 77 47 19
17.883 7.0534 1.8934 76 47 23
17.947 7.0662 1.9176 76 49 16
18.044 6.9925 1.9168 74 44 8
18.068 7.0166 1.9203 74 44 20
18.12 7.031 1.9401 76 48 11
18.139 6.9887 1.9305 78 48 20
18.117 7.027 1.9065 79 50 19
17.994 7.0134 1.9191 77 48 17
18.136 7.0158 1.8841 77 49 20
18.188 6.9636 1.8946 75 46 22
18.031 7.0656 1.9224 76 46 10
18.302 6.99 1.9783 78 49 27
18.252 6.9727 1.9271 76 46 22
18.187 7.0344 1.9376 77 47 23
18.246 7.0047 1.9127 73 44 12
18.173 6.9732 1.9195 76 47 23
18.047 7.0283 1.941 76 46 18
18.225 7.0118 1.8995 73 44 12
18.053 7.1595 1.9382 76 47 16
18.13 7.09 1.927 77 47 11
18.275 7.0581 1.9446 76 46 20
18 7.1466 1.917 77 46 16
18.259 7.099 1.9503 78 47 26
18.14 7.1174 1.924 76 48 21
18.17 7.0708 1.9198 77 48 24
18.013 7.1092 1.9341 75 46 15
18.24 7.0757 1.9541 79 48 27
18.096 7.1386 1.9307 76 46 10
18.065 7.1181 1.922 75 47 8
18.28 7.0861 1.9366 75 46 22
18.113 7.0645 1.9259 77 47 21
18.122 7.0661 1.9652 74 44 16
18.218 7.0489 1.9174 74 46 19
18.091 7.2414 1.9315 77 46 15
18.038 7.2022 1.9547 77 48 17
18.196 7.1582 1.9372 79 51 24
18.059 7.2266 1.9544 74 44 18
18.114 7.1634 1.9309 77 47 9
18.186 7.1666 1.9637 76 48 11
18.303 7.1072 1.9416 74 43 22
18.05 7.2257 1.918 74 45 14
18.17 7.137 1.9359 78 50 21
18.201 7.1871 1.9312 77 49 20
18.011 7.2083 1.9058 76 45 14
18.265 7.1265 1.9486 77 49 20
17.979 7.1923 1.9313 79 48 20
18.073 7.3184 1.9351 73 45 8
18.063 7.2902 1.9398 77 47 21
18.012 7.3413 1.8652 78 48 12
18.071 7.2823 1.9113 75 45 21
18.02 7.3466 1.9383 76 48 9
18.271 7.2147 1.9248 73 45 8
18.161 7.3071 1.9443 78 48 14
18.27 7.25 1.9458 74 48 21
18.229 7.2063 1.9406 65 35 1
18.034 7.3073 1.9528 77 48 17
18.095 7.3001 1.8826 77 48 16
18.323 7.2222 1.9481 75 43 18
18.239 7.2677 1.9596 77 49 20
18.315 7.2556 1.9364 75 46 15
18.037 7.2682 1.9332 76 46 22
18.264 7.1953 1.9935 75 47 20
18.136 7.3586 1.9865 75 46 12
18.339 7.2818 2.004 73 46 27
18.304 7.2985 1.9818 73 46 27
18.012 7.4554 1.9393 76 48 21
18.112 7.4033 1.9588 74 47 10
18.188 7.3583 1.9408 77 49 12
18.012 7.4552 1.939 76 48 21
18.101 7.3714 1.9311 73 44 13
18.077 7.3494 1.9296 73 45 8
18.29 7.2711 1.949 76 47 25
18.199 7.3812 1.9067 73 45 16
18.125 7.3924 1.9381 74 47 0
18.346 7.305 1.9663 75 45 17
18.209 7.3799 1.9455 77 47 23
18.172 7.334 1.9413 74 48 23
18.196 7.319 1.9213 75 47 16
18.017 7.3812 1.9278 74 47 10
18.331 7.2821 1.9669 74 45 14
18.282 7.4021 1.9385 76 47 25
18.11 7.4364 1.9522 75 48 13
18.143 7.4164 1.9375 76 45 15
17.99 7.5697 1.8961 76 48 21
18.265 7.4464 1.9491 77 49 22
18.345 7.3353 1.9582 79 49 15
18.321 7.3515 1.9721 75 46 25
18.068 7.4908 1.9208 69 40 8
18.353 7.3615 1.9537 76 49 12
18.267 7.4173 1.9894 75 46 22
18.079 7.4891 1.9604 76 47 13
18.14 7.4508 1.927 75 46 14
18.048 7.4714 1.9497 74 46 19
18.285 7.3696 1.9495 75 46 25
18.203 7.4146 1.9327 79 49 23
18.175 7.4621 1.9021 76 48 21
18.115 7.4341 1.9559 75 48 13
18.094 7.511 1.9282 74 45 13
18.344 7.4008 1.9672 73 44 20
18.083 7.6255 1.9555 75 46 15
18.212 7.4779 1.949 76 47 16
18.339 7.4336 1.9568 77 46 18
18.288 7.5283 1.9349 77 48 17
18.127 7.5642 1.9541 74 45 14
18.24 7.4977 1.9903 75 48 5
18.053 7.6085 1.9477 78 50 23
18.161 7.5088 1.9517 73 44 10
18.184 7.5 1.9973 72 45 10
18.221 7.5436 2.0021 76 45 15
18.387 7.4374 1.9782 74 43 15
18.197 7.5546 1.9533 77 48 16
18.348 7.4911 1.9416 75 45 19
18.22 7.6092 1.9828 74 46 0
18.341 7.5598 1.9522 76 45 24
18.077 7.6977 1.9308 73 45 6
18.327 7.5713 1.9734 74 46 17
18.269 7.6148 2.0345 61 37 1
18.129 7.6325 1.973 76 47 15
18.33 7.5382 1.9835 77 48 24
18.196 7.6211 1.932 76 47 23
18.413 7.486 2.0065 74 45 24
18.343 7.5585 1.9537 76 45 24
18.154 7.6829 1.9315 75 48 13
18.258 7.6159 1.9637 77 48 17
18.061 7.7074 1.9226 73 45 6
18.228 7.5694 1.961 78 48 10
18.369 7.5742 1.9608 76 44 21
18.168 7.6074 1.9595 74 46 6
18.253 7.6876 1.9716 61 38 4
18.095 7.7935 1.9474 55 33 12
18.369 7.5776 1.9867 76 47 16
18.345 7.6207 1.9368 75 46 12
18.166 7.7137 1.9984 59 34 12
18.06 7.8125 1.8943 54 33 12
18.245 7.6587 1.981 64 35 11
18.228 7.6673 1.9367 76 48 17
18.253 7.6841 1.9422 61 36 13
18.05 7.7843 1.8948 55 33 12
18.383 7.5999 1.988 75 46 24
18.117 7.8121 1.9123 56 33 0
18.354 7.7125 1.9466 59 35 7
17.966 5.423 1.8283 65 37 23
18.125 5.4411 1.907 67 39 10
18.047 5.401 1.8968 61 37 9
17.964 5.4069 1.8664 67 42 12
17.978 5.403 1.8477 64 36 23
17.98 5.3879 1.8867 69 40 32
17.992 5.4407 1.8781 65 37 23
18.198 5.4553 1.9199 62 36 9
18.059 5.4429 1.8547 67 38 7
18.115 5.5392 1.8933 67 37 21
18.027 5.524 1.8726 69 40 19
17.972 5.4585 1.8537 65 37 23
17.962 5.4891 1.8693 64 39 16
18.003 5.4921 1.8641 63 36 17
18.103 5.5276 1.8572 68 39 8
18.032 5.4913 1.849 64 40 4
18.01 5.5515 1.8802 65 40 17
18.19 5.5975 1.8912 62 34 5
18.073 5.5759 1.851 67 39 2
18.057 5.5955 1.8283 70 39 8
18.155 5.5882 1.8684 62 34 5
18.064 5.5573 1.8824 67 40 19
17.897 5.4952 1.7168 66 37 3
17.923 5.5048 1.8441 65 36 14
18.159 5.6133 1.8652 64 37 18
18.072 5.5834 1.8771 71 42 21
17.987 5.6292 1.8726 71 44 25
18.114 5.6901 1.8676 67 37 23
18.108 5.6649 1.8747 69 40 19
18.134 5.6623 1.8585 67 41 16
18.01 5.6012 1.8638 68 41 24
18.23 5.6539 1.9004 66 36 8
18.07 5.6646 1.8823 68 38 22
18.174 5.6644 1.858 68 39 7
18.054 5.6367 1.883 69 40 18
18.146 5.6495 1.9057 70 40 26
18.001 5.657 1.8693 70 40 22
18.114 5.6336 1.8548 68 37 17
17.982 5.7373 1.861 72 43 21
18.119 5.7231 1.891 70 40 22
18.218 5.7823 1.9034 70 40 12
18.166 5.7492 1.883 69 39 23
18.208 5.7729 1.867 68 38 2
18.132 5.7177 1.8678 69 39 1
18.083 5.6916 1.8798 68 46 25
18.027 5.7379 1.8574 71 44 25
18.099 5.7436 1.8699 70 43 26
18.203 5.7493 1.8792 65 35 11
18.029 5.7132 1.8679 67 40 23
18.006 5.6831 1.8627 68 41 20
18.04 5.7989 1.8786 75 46 25
18.142 5.784 1.9185 72 42 24
18.139 5.7758 1.8864 72 43 22
18.255 5.8057 1.8924 68 40 13
18.051 5.8256 1.8733 73 44 20
18.158 5.82 1.8478 72 40 15
18.112 5.7966 1.8657 73 42 21
17.989 5.7643 1.8552 71 44 23
18.146 5.8258 1.8722 69 42 9
18.198 5.8511 1.8668 73 40 23
18.095 5.8005 1.8818 72 43 22
18.065 5.8201 1.8507 70 41 20
18.216 5.8059 1.8954 71 39 14
18.016 5.8803 1.8683 76 44 21
18.177 5.9045 1.8658 71 42 21
18.083 5.8815 1.8767 74 44 30
18.009 5.8525 1.8678 73 42 21
18.173 5.872 1.8425 76 45 25
18.261 5.908 1.887 71 43 6
18.157 5.8592 1.8984 70 45 25
18.131 5.9128 1.8957 77 46 28
18.251 5.9208 1.9398 71 42 21
18.185 5.8563 1.8871 69 44 14
18.167 5.8853 1.8959 73 44 20
18.038 5.8494 1.8571 69 40 16
18.151 5.876 1.8571 71 42 8
18.173 5.9856 1.8635 75 45 21
18.254 5.9869 1.8877 75 45 31
18.165 5.9347 1.877 75 47 18
18.144 5.9644 1.8835 78 48 22
18.049 5.9097 1.8744 75 44 26
18.23 5.9351 1.8871 72 43 19
18.173 5.9856 1.8638 75 45 21
18.162 5.9912 1.8841 75 46 25
18.093 5.9661 1.8813 77 48 24
18.171 5.9606 1.8733 74 44 28
18.22 5.9584 1.8716 74 43 22
18.093 5.9404 1.8898 76 50 23
18.093 5.9331 1.8597 75 47 18
18.035 5.994 1.868 77 47 23
18.273 6.068 1.8979 75 46 14
18.192 6.0196 1.8982 77 47 31
18.144 5.9967 1.9047 76 45 25
18.164 6.0489 1.8954 79 47 32
18.299 6.0388 1.8937 70 42 11
18.178 6.0249 1.9163 75 45 29
18.021 6.0198 1.8528 78 50 23
18.191 6.0444 1.8864 78 47 27
18.208 6.0388 1.8667 75 44 14
18.179 6.0689 1.8689 81 47 35
18.119 6.0529 1.9001 77 49 10
18.275 6.0682 1.9004 75 46 14
18.108 6.1312 1.8674 80 52 25
18.231 6.0971 1.8919 81 47 18
18.019 6.1075 1.8511 77 47 23
18.123 6.0793 1.8947 79 49 13
18.233 6.1412 1.8434 75 44 32
18.169 6.1008 1.8838 79 47 32
18.274 6.0929 1.8909 77 48 16
18.26 6.1237 1.9034 77 44 25
18.207 6.1279 1.8972 79 48 27
18.249 6.0916 1.8751 77 48 16
18.142 6.0731 1.8723 78 48 24
18.103 6.1377 1.8943 77 45 20
18.241 6.1479 1.8793 75 45 27
18.166 6.1073 1.9112 78 49 27
18.349 6.121 1.9317 76 45 15
18.1 6.2182 1.8638 79 49 25
18.263 6.2252 1.8689 79 49 21
18.26 6.2054 1.9018 80 49 28
18.087 6.1641 1.8755 77 48 27
18.166 6.1591 1.8929 77 46 26
18.313 6.1748 1.9179 77 47 23
18.2 6.1534 1.8837 81 50 32
18.127 6.1914 1.8898 78 48 24
18.197 6.2114 1.8891 80 50 26
18.249 6.1992 1.8665 79 47 22
18.124 6.1847 1.8566 79 48 28
18.223 6.1795 1.8872 78 48 22
18.22 6.2961 1.9077 82 51 30
18.119 6.2517 1.8967 84 50 23
18.286 6.2562 1.9005 78 49 25
18.229 6.2637 1.8954 80 51 29
18.2 6.2379 1.8866 81 52 21
18.287 6.2817 1.89 78 50 13
18.137 6.2449 1.8761 80 51 30
18.135 6.2784 1.8964 82 51 23
18.278 6.2502 1.8658 79 47 26
18.204 6.2909 1.8719 83 51 26
18.147 6.2718 1.8744 83 52 31
18.345 6.2742 1.9005 79 51 20
18.268 6.231 1.8991 78 49 25
18.286 6.3395 1.9026 80 50 26
18.131 6.3668 1.8949 84 53 23
18.304 6.3643 1.9034 79 49 25
18.295 6.3133 1.918 81 52 28
18.201 6.3234 1.8854 81 51 27
18.058 6.3365 1.8289 84 55 24
18.316 6.3065 1.9036 79 48 27
18.171 6.3583 1.8913 83 52 31
18.311 6.3581 1.8803 78 46 25
18.257 6.3471 1.9134 82 51 30
18.315 6.3322 1.8938 81 50 22
18.187 6.3036 1.919 82 54 23
18.176 6.4185 1.9044 84 53 25
18.326 6.4146 1.9007 79 49 23
18.169 6.3796 1.85 77 51 26
18.35 6.3811 1.8965 77 45 22
18.219 6.4091 1.9014 84 54 28
18.252 6.4272 1.8832 82 53 29
18.283 6.398 1.9126 78 53 23
18.18 6.3848 1.8847 83 53 27
18.239 6.4341 1.9016 82 53 21
18.286 6.3919 1.8855 78 49 28
18.073 6.3987 1.8498 86 54 31
18.179 6.4458 1.8948 84 53 25
18.32 6.4471 1.9164 82 51 30
18.281 6.4455 1.8633 79 49 31
18.249 6.493 1.9213 82 52 28
18.222 6.502 1.9354 84 52 29
18.275 6.5168 1.9277 82 53 29
18.177 6.4738 1.8864 84 52 31
18.268 6.4907 1.9334 82 52 28
18.24 6.4611 1.8952 81 49 26
18.271 6.4847 1.905 81 48 31
18.159 6.538 1.8857 82 51 21
18.366 6.4885 1.8986 79 48 27
18.347 6.5227 1.9049 79 49 25
18.283 6.4776 1.8842 79 50 26
18.37 6.4622 1.9122 80 49 19
18.333 6.5037 1.9372 82 49 32
18.402 6.5098 1.9132 76 47 23
18.344 6.4968 1.9138 80 49 29
18.191 6.5899 1.8861 81 51 27
18.22 6.5462 1.8531 79 48 28
18.23 6.5504 1.8904 82 50 25
18.406 6.5403 1.9376 75 46 22
18.226 6.6125 1.9007 80 51 17
18.325 6.5849 1.9031 79 50 26
18.41 6.5918 1.9213 74 42 19
18.36 6.5526 1.937 80 49 28
18.357 6.5745 1.8967 75 46 22
18.253 6.5746 1.8944 78 48 20
18.248 6.5534 1.9339 81 51 25
18.346 6.6135 1.9386 80 49 31
18.199 6.6455 1.8732 76 48 19
18.184 6.6252 1.9047 78 50 19
18.201 6.6792 1.8957 80 49 21
18.37 6.6576 1.9043 76 47 23
18.262 6.6621 1.9037 78 47 26
18.266 6.6892 1.8978 78 49 25
18.134 6.663 1.8631 80 47 28
18.324 6.6448 1.9142 78 48 24
18.38 6.6238 1.89 73 45 18
18.331 6.6109 1.8987 75 46 25
18.381 6.6605 1.9405 78 48 22
18.351 6.6343 1.9004 76 46 18
18.382 6.7091 1.8956 75 46 22
18.337 6.7393 1.9824 70 42 15
18.26 6.7525 1.904 67 39 10
18.292 6.7117 1.9027 73 44 20
18.406 6.7305 1.9012 64 36 7
18.362 6.7461 1.9008 74 44 26
18.294 6.6887 1.9446 78 46 23
18.246 6.7271 1.9054 78 48 24
18.368 6.7173 1.9146 76 45 25
18.287 6.741 1.8907 77 48 16
18.33 6.6984 1.8979 77 47 23
18.367 6.7498 1.9349 75 45 21
18.386 6.6811 1.907 73 44 23
18.288 6.7974 1.8733 76 45 25
18.385 6.8276 1.9185 77 44 25
18.328 6.7921 1.9299 76 47 25
18.277 6.839 1.9165 76 45 25
18.279 6.8098 1.9275 73 45 16
18.309 6.8255 1.9055 75 45 27
18.257 6.7817 1.8943 77 46 25
18.458 6.7802 1.9773 78 46 21
18.495 6.7921 1.9661 73 45 16
18.374 6.7983 1.8911 73 46 27
18.18 6.8059 1.8761 74 44 16
18.433 6.7557 1.9389 75 44 26
18.362 6.8666 1.9245 77 47 23
18.261 6.9358 1.9094 74 44 6
18.299 6.9192 1.9026 76 45 27
18.455 6.8889 1.9388 76 45 24
18.49 6.8465 1.9425 72 44 7
18.253 6.8797 1.9238 75 46 22
18.311 6.8867 1.9201 74 43 22
18.413 6.879 1.9487 74 48 25
18.4 6.8785 1.9098 74 49 19
18.291 6.8974 1.9377 71 43 3
18.453 6.8353 1.9556 75 46 22
18.314 6.8525 1.9012 72 46 19
18.33 6.8526 1.9416 73 44 12
18.43 6.8374 1.9103 73 44 20
18.416 6.9336 1.9314 77 47 23
18.383 6.9489 1.9394 74 44 26
18.31 6.9447 1.9009 74 43 22
18.307 7.0083 1.9116 74 44 20
18.328 6.9965 1.8946 74 43 23
18.398 6.9116 1.9296 75 46 24
18.409 6.9638 1.9188 75 46 15
18.483 6.9338 1.9403 72 41 21
18.323 6.9449 1.9403 73 43 15
18.252 6.9979 1.8846 74 42 17
18.446 6.919 1.9242 72 42 18
18.382 7.0065 1.9173 76 47 23
18.436 6.9825 1.9247 72 46 23
18.414 7.0227 1.9304 75 46 22
18.457 7.0345 1.9505 75 47 20
18.303 7.0434 1.9304 70 43 6
18.401 7.0236 1.8921 75 47 20
18.346 7.0822 1.9052 74 43 23
18.265 7.0279 1.9155 71 40 20
18.414 6.9862 1.8805 74 42 21
18.48 7.0215 1.9376 70 42 13
18.342 7.0248 1.9261 73 44 22
18.358 7.0522 1.9557 71 40 10
18.329 7.0588 1.9073 75 45 19
18.386 7.0701 1.9646 73 39 10
18.287 7.1434 1.9218 76 44 19
18.334 7.1199 1.9224 71 40 9
18.478 7.0813 1.9499 74 48 25
18.393 7.1212 1.9198 76 47 23
18.365 7.1034 1.9113 73 43 19
18.52 7.0602 1.9498 73 45 6
18.466 7.0546 1.9233 71 40 20
18.431 7.0727 1.9259 76 46 20
18.439 7.1301 1.9434 77 47 21
18.458 7.1182 1.9258 74 46 19
18.509 7.0924 1.9322 73 44 20
18.372 7.1335 1.9388 74 46 9
18.505 7.157 1.9702 69 39 15
18.543 7.1088 1.9762 72 44 17
18.528 7.112 1.937 73 42 21
18.395 7.1857 1.9641 73 46 13
18.415 7.1696 1.9165 79 49 25
18.485 7.1628 1.9277 71 43 6
18.453 7.2098 1.9251 75 46 25
18.37 7.1934 1.9173 73 43 25
18.365 7.2287 1.9368 73 46 13
18.363 7.2265 1.9017 76 48 21
18.552 7.1592 1.9656 70 42 11
18.38 7.2515 1.9383 77 49 12
18.517 7.2041 1.93 76 43 10
18.443 7.2178 1.9483 76 48 21
18.36 7.2947 1.9433 74 47 4
18.437 7.2789 1.9257 78 48 20
18.456 7.2405 1.9487 78 46 21
18.477 7.2554 1.9239 77 46 25
18.377 7.2828 1.9256 74 45 21
18.439 7.2817 1.9562 78 49 25
18.413 7.2975 1.9716 77 49 2
18.544 7.2497 1.9625 77 46 25
18.552 7.215 1.9463 76 46 10
18.365 7.2624 1.9574 75 48 15
18.519 7.2065 1.9611 75 46 22
18.51 7.2959 1.93 74 44 18
18.405 7.3917 1.9365 77 47 19
18.398 7.3319 1.9192 80 50 26
18.546 7.334 1.934 78 47 0
18.42 7.3532 1.9564 78 49 17
18.437 7.3705 1.9306 78 48 22
18.542 7.3107 1.9702 78 48 24
18.494 7.3077 1.9472 78 49 18
18.457 7.3304 1.9518 77 48 24
18.552 7.3022 1.9479 77 47 11
18.422 7.3225 1.9669 77 46 15
18.463 7.2953 1.9333 79 49 23
18.353 7.3925 1.9412 76 47 16
18.518 7.4131 1.9582 76 47 23
18.434 7.4353 1.9377 78 49 28
18.508 7.3609 1.9678 77 48 14
18.547 7.3646 1.9563 69 43 20
18.429 7.4421 1.9602 77 47 21
18.572 7.3783 1.9675 71 44 11
18.47 7.4441 1.954 74 47 26
18.393 7.401 1.9598 77 47 11
18.494 7.3981 1.9487 78 50 21
18.439 7.4024 1.9515 78 50 21
18.536 7.3426 1.9552 75 46 24
18.412 7.4208 1.9624 76 46 18
18.409 7.517 1.9607 75 45 7
18.403 7.489 1.9701 73 43 9
18.503 7.4516 1.936 75 46 22
18.492 7.4609 1.958 76 48 19
18.51 7.5063 1.923 71 44 23
18.438 7.5292 1.9731 75 49 9
18.389 7.4945 1.9301 75 46 22
18.46 7.4828 1.9667 76 48 21
18.395 7.5529 1.9155 75 49 24
18.531 7.4658 1.9784 75 47 20
18.558 7.4741 1.9269 77 48 4
18.529 7.4971 1.9643 73 47 24
18.442 7.5265 1.9762 75 49 9
18.448 7.6144 1.9524 76 50 25
18.461 7.5722 1.9419 77 47 23
18.487 7.5865 1.9478 73 47 20
18.464 7.5758 2.0019 75 47 10
18.55 7.5131 1.9704 76 46 18
18.355 7.6121 1.9082 76 46 22
18.564 7.5016 1.9512 74 45 11
18.487 7.5581 1.9885 73 48 18
18.563 7.5312 1.9424 74 46 15
18.491 7.5233 1.9696 76 47 25
18.405 7.6449 1.9549 50 29 10
18.555 7.5688 1.9549 74 45 21
18.528 7.5569 1.9468 73 50 16
18.363 7.705 1.9177 61 34 17
18.546 7.6053 1.9386 77 47 19
18.535 7.5842 1.9721 76 50 23
18.454 7.6729 1.9346 64 38 23
18.498 7.6402 1.9348 62 37 15
18.45 7.6433 1.9462 58 38 11
