2174
-0.50465 0.21111 -0.80281 0.2372 22.695 38.39 0.041203
20.146 39.185 0.17849 106 79 46
20.074 39.212 0.20686 107 80 47
20.162 39.209 0.20031 107 80 45
20.069 39.233 0.18059 105 80 48
20.046 39.226 0.23293 106 82 48
19.981 39.215 0.21491 105 81 45
20.094 39.251 0.17693 107 81 41
20.039 39.253 0.23291 105 80 48
20.117 39.273 0.19921 109 82 49
20.108 39.256 0.22601 109 82 49
20.069 39.264 0.20414 105 81 47
20.059 39.298 0.22809 111 82 51
20.138 39.217 0.2013 107 80 45
20.076 39.282 0.17611 109 82 45
20.083 39.316 0.22394 109 81 50
20.127 39.305 0.24659 110 83 50
20.1 39.341 0.24682 110 82 51
20.116 39.325 0.19498 109 82 47
20.136 39.354 0.2422 111 85 45
20.057 39.32 0.20095 109 82 47
20.063 39.371 0.19653 112 84 47
20.064 39.349 0.22351 108 84 48
20.079 39.37 0.22025 110 84 43
20.108 39.44 0.2133 112 84 44
20.143 39.404 0.23816 111 82 48
20.089 39.393 0.21865 111 83 52
20.084 39.4 0.24507 110 83 48
20.136 39.402 0.21321 110 81 47
20.075 39.459 0.24154 112 86 46
20.133 39.371 0.19014 109 85 49
20.1 39.504 0.23684 114 83 52
20.124 39.472 0.262 114 87 52
20.097 39.477 0.23794 111 83 52
20.163 39.505 0.23042 112 86 46
20.099 39.5 0.21093 112 85 52
20.075 39.52 0.265 113 86 51
20.13 39.459 0.20989 111 85 45
20.109 39.45 0.26527 112 85 50
20.128 39.589 0.28157 114 90 52
20.111 39.557 0.23164 113 85 48
20.132 39.552 0.25715 115 86 54
20.145 39.571 0.22784 114 89 45
20.094 39.575 0.28683 115 88 53
20.147 39.575 0.25387 116 88 51
20.125 39.527 0.25945 114 87 52
20.155 39.6 0.25348 184 140 77
20.251 39.56 0.27038 190 145 86
20.071 39.228 0.15515 108 81 48
20.195 39.174 0.07817 108 81 48
20.15 39.183 0.054814 105 81 47
20.071 39.232 0.051903 105 80 50
20.089 39.217 0.12892 106 78 49
20.071 39.228 0.026784 105 81 43
20.016 39.209 0.1092 104 81 39
20.087 39.213 0.10456 106 82 46
20.086 39.193 0.13059 105 81 47
20.096 39.195 0.029388 106 82 48
20.115 39.189 0.15539 107 80 47
20.093 39.246 0.15191 110 82 45
20.07 39.274 0.12578 107 83 49
20.109 39.287 0.1212 109 82 47
20.091 39.298 0.14796 106 82 48
20.05 39.25 0.10235 107 83 47
20.061 39.241 0.076507 107 82 50
20.118 39.273 0.071094 108 81 46
20.128 39.29 0.17147 109 82 47
20.08 39.291 0.096189 111 84 51
20.112 39.245 0.047943 109 82 47
20.093 39.261 0.099828 108 84 50
20.101 39.238 0.12676 107 80 45
20.09 39.278 0.043989 109 82 47
20.108 39.297 0.042508 109 83 43
20.104 39.252 0.073986 108 83 51
20.081 39.275 0.14975 108 84 48
20.1 39.342 0.11706 109 84 54
20.084 39.353 0.1436 109 82 49
20.088 39.368 0.08945 109 85 51
20.092 39.329 0.039299 109 81 50
20.103 39.309 0.093814 108 84 48
20.108 39.371 0.13902 111 84 51
20.032 39.35 0.17332 109 80 48
20.124 39.349 0.062961 111 84 49
20.08 39.323 0.12046 107 83 47
20.112 39.301 0.067862 110 83 50
20.094 39.323 0.14516 110 83 50
20.062 39.35 0.092382 111 84 51
20.084 39.374 0.11479 112 83 52
20.077 39.34 0.065575 110 83 48
20.098 39.316 0.11917 107 83 47
20.104 39.351 0.1682 110 84 44
20.123 39.344 0.036606 110 84 44
20.101 39.422 0.10849 112 84 53
20.097 39.38 0.1661 111 86 40
20.102 39.439 0.053299 111 82 48
20.101 39.417 0.082801 109 85 49
20.099 39.445 0.080365 108 84 50
20.11 39.424 0.13494 111 84 49
20.115 39.395 0.13734 112 85 52
20.091 39.414 0.19091 111 84 49
20.107 39.409 0.056405 111 84 49
20.127 39.439 0.10543 111 84 47
20.097 39.391 0.085282 111 84 49
20.118 39.389 0.1114 112 85 50
20.084 39.391 0.059544 109 82 45
20.134 39.425 0.18605 112 83 49
20.122 39.424 0.16077 110 85 53
20.105 39.404 0.16373 111 84 51
20.118 39.471 0.10359 111 84 47
20.11 39.49 0.18326 112 85 50
20.161 39.491 0.15202 112 85 52
20.13 39.448 0.15837 112 87 43
20.12 39.504 0.12801 114 85 51
20.104 39.5 0.074635 112 85 50
20.112 39.517 0.18156 113 85 48
20.126 39.473 0.12986 110 82 51
20.093 39.469 0.18662 112 85 50
20.133 39.513 0.20601 112 85 48
20.11 39.531 0.099313 113 85 46
20.119 39.448 0.13214 111 84 51
20.119 39.481 0.15634 111 84 47
20.11 39.526 0.071063 114 86 49
20.081 39.476 0.050855 111 84 47
20.122 39.464 0.077253 111 84 47
20.108 39.504 0.1013 112 83 51
20.101 39.605 0.14784 112 89 48
20.142 39.552 0.12238 114 87 52
20.148 39.564 0.20149 114 86 55
20.147 39.578 0.11963 112 85 48
20.117 39.544 0.17902 115 87 48
20.143 39.546 0.094966 113 86 51
20.137 39.572 0.066088 112 83 51
20.126 39.583 0.093436 113 86 49
20.142 39.527 0.1511 113 87 47
20.137 39.598 0.20073 137 114 73
20.129 39.544 0.20496 113 86 49
20.172 39.543 0.14787 113 84 52
20.124 39.599 0.17384 111 88 47
20.108 39.556 0.068825 112 85 48
20.136 39.525 0.1243 113 86 49
20.12 39.572 0.17631 115 86 54
20.131 39.61 0.089603 138 111 76
20.301 39.539 0.13949 135 112 71
20.154 39.605 0.1165 138 111 74
19.73 39.25 -0.11277 89 68 39
19.586 39.274 -0.054671 88 67 40
20.104 39.197 -0.075198 107 84 43
20.081 39.199 -0.10286 107 79 50
20.11 39.225 -0.053023 106 82 48
20.086 39.218 -0.00027272 105 80 48
20.046 39.205 0.0024226 106 84 37
19.834 39.264 -0.030359 107 83 49
20.011 39.215 -0.13193 105 80 48
20.106 39.206 -0.023703 106 82 48
20.115 39.213 -0.10488 106 82 48
20.087 39.227 -0.079559 106 82 46
19.875 39.219 -0.052176 85 65 40
20.101 39.203 -0.050333 108 81 48
20.113 39.275 -0.060119 107 83 49
20.092 39.277 -0.087188 109 84 40
20.077 39.271 -0.0057381 107 83 47
20.087 39.263 -0.031632 109 81 50
20.091 39.241 -0.0026885 107 84 43
20.1 39.29 -0.0090128 108 82 41
20.088 39.258 -0.057431 107 83 45
20.093 39.297 0.0173 110 83 50
20.07 39.243 -0.02927 109 82 47
20.11 39.24 0.023468 108 81 48
20.073 39.252 -0.11092 105 81 47
20.098 39.301 -0.091115 110 83 48
20.074 39.278 0.019081 108 80 49
20.124 39.261 -0.11163 110 83 50
20.087 39.289 -0.035284 111 84 51
20.097 39.296 -0.11755 109 82 47
20.094 39.25 -0.083882 107 83 45
20.07 39.348 -0.043084 109 82 47
20.082 39.366 -0.073252 111 84 49
20.097 39.328 -0.094811 110 83 48
20.094 39.323 0.01283 108 84 46
20.098 39.37 -0.018566 109 85 49
20.098 39.365 -0.045765 113 85 48
20.085 39.38 0.0068522 111 82 50
20.094 39.313 -0.037889 110 83 48
20.092 39.34 -0.04255 109 82 47
20.092 39.345 -0.015975 111 84 51
20.11 39.35 -0.09911 111 82 50
20.096 39.307 -0.064464 110 83 48
20.088 39.32 -0.012683 110 84 44
20.109 39.329 -0.067619 109 82 47
20.1 39.348 0.010155 110 82 51
20.111 39.377 -0.10197 107 83 47
20.117 39.45 -0.0023037 111 83 44
20.112 39.392 -0.023188 109 85 49
20.113 39.414 -0.052399 111 84 49
20.104 39.423 -0.026073 112 85 52
20.092 39.433 0.0005637 111 84 49
20.108 39.404 0.030714 108 81 46
20.101 39.452 -0.029844 111 82 48
20.101 39.38 0.033435 109 82 45
20.116 39.385 -0.048857 111 84 47
20.116 39.402 -0.10578 109 82 49
20.104 39.445 -0.056974 110 83 50
20.145 39.424 -0.081034 112 85 52
20.092 39.417 -0.080461 111 82 48
20.124 39.377 -0.074888 108 85 44
20.092 39.438 0.027168 110 83 50
20.118 39.429 -0.10991 111 82 48
20.111 39.397 0.0044421 111 82 48
20.143 39.458 -0.058985 111 83 52
20.115 39.532 -0.038116 112 85 50
20.121 39.472 -0.032331 113 85 48
20.137 39.499 -0.0087274 111 86 42
20.116 39.484 0.020019 110 83 50
20.151 39.475 0.047269 112 83 49
20.137 39.448 0.024118 111 82 48
20.129 39.497 -0.03629 111 84 49
20.166 39.471 -0.087761 111 84 47
20.103 39.485 -0.0064381 112 83 49
20.122 39.518 -0.094491 111 82 48
20.152 39.511 -0.065775 112 83 49
20.161 39.494 0.018129 112 84 47
20.106 39.502 -0.064089 112 85 48
20.113 39.465 -0.086974 110 83 46
20.166 39.496 0.04514 112 83 52
20.136 39.568 0.03907 113 84 50
20.136 39.538 0.041855 112 86 46
20.141 39.539 -0.09762 111 83 52
20.131 39.535 0.014267 111 84 49
20.114 39.613 0.06283 111 87 53
20.112 39.598 -0.019738 112 85 50
20.13 39.56 -0.015268 111 84 49
20.119 39.6 0.0081748 110 83 50
20.145 39.572 -0.073636 111 84 49
20.131 39.614 -0.050746 110 83 50
20.131 39.549 -0.070738 112 83 49
20.132 39.554 -0.043598 113 86 53
20.171 39.546 0.012132 112 83 49
20.108 39.62 -0.079849 111 83 46
20.111 39.539 -0.012728 111 84 47
20.14 39.58 -0.045438 113 84 50
20.091 39.618 0.034836 112 87 43
20.323 39.533 0.0093643 134 106 66
20.195 39.589 -0.021276 135 108 73
19.81 39.226 -0.25458 90 70 46
20.106 39.226 -0.1867 109 82 47
20.115 39.218 -0.21138 109 82 49
20.018 39.218 -0.24391 106 81 49
19.936 39.237 -0.28093 108 85 52
20.093 39.21 -0.15742 108 82 42
20.094 39.235 -0.16161 107 83 49
20.047 39.183 -0.23253 92 72 47
20.087 39.217 -0.1312 108 81 44
19.92 39.215 -0.27561 93 72 51
20.117 39.197 -0.18133 107 83 49
20.093 39.22 -0.24006 109 85 49
20.085 39.202 -0.21009 107 81 54
20.225 39.135 -0.19044 91 71 44
20.118 39.207 -0.2639 106 82 48
20.091 39.278 -0.22337 109 82 47
20.082 39.26 -0.1935 108 84 48
20.092 39.272 -0.25017 109 83 43
20.12 39.252 -0.16406 107 80 45
20.091 39.241 -0.27155 107 83 49
20.067 39.296 -0.17243 109 82 47
20.093 39.309 -0.20183 109 85 51
20.097 39.265 -0.13991 106 83 41
20.067 39.275 -0.28061 109 82 47
20.118 39.284 -0.14121 110 83 50
20.119 39.273 -0.19415 106 83 49
20.071 39.243 -0.1638 107 83 49
20.088 39.242 -0.13542 105 82 48
20.099 39.244 -0.24473 109 82 47
20.079 39.255 -0.21946 108 84 46
20.101 39.296 -0.25421 108 83 51
20.092 39.304 -0.22844 110 83 50
20.101 39.355 -0.23759 111 84 49
20.113 39.366 -0.15572 109 82 45
20.106 39.32 -0.12084 111 82 48
20.116 39.327 -0.20388 107 83 49
20.131 39.364 -0.12822 111 84 47
20.092 39.325 -0.26079 109 82 47
20.113 39.36 -0.18248 109 81 50
20.091 39.352 -0.12611 110 83 46
20.108 39.314 -0.14715 108 82 42
20.101 39.36 -0.2106 111 84 51
20.111 39.345 -0.26336 110 83 46
20.077 39.319 -0.17635 110 82 51
20.09 39.342 -0.1794 112 85 52
20.127 39.372 -0.23883 111 84 51
20.11 39.324 -0.23111 110 84 44
20.113 39.372 -0.26815 112 85 52
20.116 39.337 -0.1513 107 83 47
20.117 39.343 -0.26266 110 83 46
20.101 39.426 -0.16529 110 83 50
20.13 39.431 -0.22133 109 82 49
20.099 39.393 -0.18806 109 82 47
20.12 39.43 -0.2505 109 85 51
20.114 39.382 -0.21409 111 84 51
20.121 39.423 -0.13728 110 82 51
20.118 39.403 -0.24515 110 83 46
20.126 39.444 -0.16742 112 84 47
20.131 39.447 -0.14049 110 83 48
20.134 39.435 -0.19342 112 84 47
20.094 39.423 -0.19312 110 84 44
20.098 39.404 -0.13397 109 80 46
20.123 39.389 -0.15867 111 82 48
20.113 39.41 -0.21901 110 84 44
20.114 39.461 -0.25586 110 83 46
20.129 39.5 -0.1763 109 83 43
20.123 39.521 -0.23733 111 84 47
20.158 39.453 -0.19612 110 83 48
20.12 39.498 -0.20546 111 83 54
20.128 39.482 -0.11766 110 83 48
20.144 39.478 -0.25753 108 84 50
20.138 39.486 -0.23115 111 84 49
20.114 39.459 -0.11434 110 85 41
20.149 39.525 -0.15253 110 83 46
20.128 39.51 -0.12136 111 82 50
20.102 39.535 -0.21131 110 83 48
20.131 39.504 -0.14962 109 85 49
20.13 39.513 -0.26467 109 82 49
20.087 39.478 -0.23141 111 84 47
20.146 39.469 -0.14379 109 82 49
20.126 39.53 -0.1821 108 84 48
20.113 39.477 -0.17395 111 82 48
20.152 39.559 -0.12935 111 85 45
20.151 39.598 -0.2501 110 83 50
20.139 39.549 -0.21217 110 83 50
20.148 39.531 -0.12423 112 84 47
20.129 39.589 -0.19144 110 83 48
20.107 39.624 -0.22686 109 82 49
20.133 39.557 -0.18509 112 86 46
20.138 39.57 -0.10197 112 83 51
20.155 39.566 -0.24474 108 84 46
20.133 39.582 -0.21889 111 83 52
20.138 39.595 -0.13409 111 82 50
20.165 39.577 -0.16022 109 82 49
20.153 39.537 -0.23921 111 84 51
20.133 39.603 -0.10635 112 83 51
20.138 39.615 -0.19545 111 82 51
20.146 39.556 -0.15721 111 84 51
20.252 39.571 -0.13026 109 80 40
20.185 39.598 -0.16268 110 84 44
18.502 39.144 -0.54185 47 32 25
20.095 39.224 -0.35093 109 82 49
20.079 39.224 -0.38031 109 85 49
20.099 39.208 -0.2922 106 83 52
20.141 39.194 -0.42237 104 82 45
20.132 39.228 -0.40373 109 81 50
20.124 39.22 -0.31943 107 83 47
20.293 39.119 -0.28399 95 76 46
20.136 39.221 -0.29202 110 84 44
20.115 39.198 -0.31572 106 83 52
20.155 39.195 -0.39348 106 81 51
20.097 39.271 -0.38926 109 85 51
20.119 39.279 -0.30534 111 85 45
20.133 39.269 -0.32968 107 83 49
20.117 39.296 -0.36435 111 84 51
20.121 39.283 -0.27838 109 82 45
20.074 39.284 -0.36593 108 83 51
20.111 39.25 -0.32846 108 84 50
20.094 39.266 -0.41647 106 82 48
20.091 39.31 -0.34176 108 81 48
20.145 39.229 -0.3753 110 86 52
20.091 39.262 -0.30439 106 82 46
20.104 39.247 -0.35525 110 83 50
20.147 39.28 -0.38673 110 83 48
20.125 39.282 -0.41757 109 83 43
20.13 39.345 -0.37446 110 83 50
20.102 39.383 -0.38574 111 84 49
20.134 39.376 -0.35211 111 83 46
20.102 39.333 -0.34566 108 84 48
20.088 39.333 -0.37587 110 84 43
20.096 39.373 -0.29769 109 82 47
20.082 39.33 -0.40399 111 82 50
20.131 39.35 -0.34798 111 82 48
20.104 39.365 -0.32382 109 82 49
20.121 39.343 -0.40325 108 84 46
20.12 39.332 -0.31613 108 84 48
20.078 39.325 -0.28901 109 82 49
20.116 39.312 -0.42461 112 85 52
20.13 39.367 -0.40884 111 84 49
20.115 39.339 -0.28985 109 82 45
20.108 39.343 -0.43366 107 83 47
20.074 39.321 -0.31733 108 84 48
20.107 39.402 -0.27423 110 83 48
20.107 39.425 -0.30614 110 82 45
20.147 39.389 -0.41124 110 82 51
20.116 39.429 -0.42339 111 84 49
20.11 39.418 -0.3346 110 83 50
20.161 39.431 -0.30424 111 84 51
20.109 39.437 -0.39643 109 85 51
20.112 39.457 -0.28376 110 83 48
20.164 39.425 -0.33175 111 84 51
20.13 39.434 -0.36447 109 85 49
20.103 39.416 -0.36352 111 83 52
20.151 39.443 -0.42308 112 83 49
20.14 39.396 -0.38486 111 83 52
20.143 39.452 -0.39594 112 85 50
20.102 39.432 -0.27951 110 83 48
20.146 39.382 -0.29667 111 82 48
20.127 39.384 -0.3262 110 86 52
20.119 39.483 -0.29025 110 81 49
20.143 39.531 -0.2963 109 82 49
20.159 39.509 -0.37913 111 84 51
20.147 39.495 -0.31846 111 84 49
20.142 39.526 -0.32504 111 84 49
20.135 39.514 -0.41079 111 84 51
20.144 39.491 -0.34717 112 85 48
20.117 39.468 -0.37375 108 84 48
20.13 39.508 -0.2936 107 82 50
20.127 39.474 -0.31477 110 84 44
20.138 39.542 -0.41683 110 83 50
20.132 39.491 -0.37663 111 84 49
20.102 39.498 -0.41037 111 84 51
20.14 39.527 -0.32525 111 84 49
20.146 39.52 -0.35309 110 83 48
20.127 39.469 -0.34391 109 85 49
20.135 39.57 -0.27493 110 83 48
20.105 39.625 -0.40687 110 83 50
20.163 39.542 -0.35613 110 83 48
20.143 39.586 -0.33662 108 84 48
20.168 39.57 -0.36181 110 83 50
20.149 39.589 -0.30568 110 83 48
20.16 39.568 -0.39175 109 82 45
20.166 39.56 -0.41851 109 83 43
20.212 39.59 -0.30445 110 82 45
20.129 39.552 -0.39008 110 82 51
20.134 39.616 -0.37346 110 83 46
20.151 39.593 -0.27726 109 82 47
20.155 39.611 -0.341 107 83 47
20.162 39.547 -0.32794 110 83 46
20.156 39.531 -0.267 111 84 47
20.16 39.553 -0.29959 109 86 44
20.277 39.563 -0.26737 112 84 55
18.431 39.251 -0.83266 59 31 18
18.446 39.223 -0.9542 88 43 46
18.512 39.272 -0.82671 50 27 9
19.846 39.224 -0.64828 98 81 61
20.054 39.216 -0.46625 105 81 47
20.133 39.202 -0.53762 103 83 49
20.123 39.226 -0.57323 108 84 50
20.04 39.194 -0.60554 103 81 57
20.008 39.225 -0.50145 100 80 45
20.09 39.236 -0.43827 110 83 48
20.128 39.198 -0.56533 102 80 57
20.143 39.204 -0.50771 107 84 50
20.054 39.185 -0.48454 103 81 57
20.136 39.227 -0.54321 108 84 50
20.102 39.227 -0.46327 108 81 46
20.126 39.214 -0.48541 107 84 51
20.054 39.19 -0.60165 103 81 57
20.115 39.314 -0.56936 110 82 51
20.102 39.285 -0.44885 108 84 48
20.115 39.292 -0.53514 109 83 56
20.136 39.269 -0.46913 108 84 46
20.128 39.24 -0.49244 111 84 51
20.096 39.266 -0.55924 110 83 50
20.111 39.25 -0.46774 109 82 47
20.098 39.303 -0.51115 112 85 50
20.115 39.255 -0.58234 110 82 53
20.128 39.303 -0.44996 108 80 49
20.113 39.288 -0.56205 109 81 50
20.118 39.27 -0.4996 108 83 51
20.097 39.309 -0.48362 108 84 48
20.153 39.242 -0.43203 109 82 45
20.095 39.289 -0.59491 111 83 46
20.12 39.253 -0.58142 110 82 53
20.129 39.261 -0.52555 107 83 49
20.115 39.239 -0.52116 108 84 50
20.119 39.34 -0.57638 108 81 46
20.128 39.358 -0.46317 110 83 48
20.158 39.369 -0.4924 109 84 52
20.161 39.34 -0.48388 111 84 47
20.121 39.35 -0.52101 111 84 47
20.125 39.316 -0.54022 110 86 52
20.148 39.355 -0.43144 111 84 49
20.107 39.35 -0.55189 112 85 52
20.12 39.378 -0.52712 111 83 52
20.122 39.372 -0.55562 111 84 49
20.13 39.324 -0.48327 110 82 51
20.125 39.331 -0.4577 109 85 51
20.11 39.371 -0.58567 111 84 49
20.119 39.323 -0.51197 110 83 48
20.125 39.449 -0.45629 110 81 47
20.126 39.433 -0.53993 110 83 48
20.115 39.408 -0.53565 112 85 50
20.132 39.407 -0.50449 112 85 52
20.122 39.393 -0.44328 109 82 49
20.137 39.389 -0.58703 110 84 44
20.136 39.453 -0.57458 109 85 51
20.131 39.425 -0.56804 110 83 50
20.131 39.412 -0.47628 110 81 49
20.135 39.439 -0.48231 112 84 47
20.17 39.42 -0.50261 110 86 50
20.141 39.456 -0.54537 110 86 52
20.135 39.463 -0.51814 110 83 50
20.108 39.393 -0.47394 106 82 44
20.131 39.397 -0.56097 110 83 48
20.149 39.411 -0.44404 109 86 45
20.125 39.423 -0.59678 111 84 51
20.158 39.503 -0.58537 111 83 52
20.154 39.485 -0.52137 112 83 49
20.151 39.511 -0.55776 111 83 52
20.144 39.529 -0.47296 108 80 49
20.176 39.51 -0.49471 109 85 51
20.15 39.462 -0.48616 111 83 52
20.158 39.513 -0.52763 111 82 48
20.135 39.498 -0.49698 108 84 46
20.142 39.471 -0.46012 111 84 47
20.135 39.539 -0.44634 109 82 47
20.115 39.488 -0.43693 110 83 50
20.153 39.501 -0.43619 111 84 49
20.144 39.499 -0.46631 111 84 51
20.166 39.534 -0.56168 107 83 47
20.169 39.528 -0.59038 109 82 47
20.161 39.477 -0.54736 109 82 47
20.149 39.476 -0.57977 111 84 49
20.178 39.574 -0.48069 107 83 49
20.154 39.56 -0.44999 108 81 48
20.134 39.606 -0.43157 109 85 51
20.158 39.579 -0.51354 110 83 48
20.162 39.546 -0.50459 110 83 48
20.157 39.59 -0.4572 108 80 51
20.174 39.536 -0.53209 110 83 50
20.165 39.55 -0.47613 110 83 50
20.155 39.601 -0.57996 107 83 49
20.122 39.627 -0.52897 108 84 50
20.174 39.566 -0.53916 111 84 47
20.416 39.501 -0.38424 109 82 49
20.24 39.581 -0.44575 106 82 48
20.163 39.612 -0.49146 109 82 45
20.158 39.568 -0.57221 107 83 47
20.294 39.565 -0.55362 108 80 49
20.156 39.605 -0.55136 109 82 45
19.954 39.752 -0.5073 53 37 12
18.427 39.141 -1.1886 8 9 4
18.53 39.199 -0.97366 7 7 0
18.724 39.12 -0.95343 7 2 9
18.84 39.177 -1.0686 71 40 9
18.664 39.141 -1.0986 17 13 2
18.523 39.159 -1.1791 13 12 8
18.702 39.201 -0.94155 73 40 9
18.537 39.226 -1.0234 79 43 19
19.888 39.212 -0.78877 48 34 7
20.095 39.209 -0.71737 104 84 57
20.155 39.195 -0.67294 104 84 57
20.121 39.222 -0.74561 107 84 53
20.002 39.2 -0.64033 98 80 66
20.107 39.242 -0.66767 110 86 52
20.121 39.222 -0.60072 107 83 49
20.026 39.225 -0.6184 102 82 55
20.027 39.225 -0.76492 104 84 60
20.138 39.206 -0.65029 109 85 59
20.137 39.211 -0.62317 108 84 48
20.101 39.234 -0.72475 105 85 51
20.132 39.229 -0.68752 109 85 49
20.147 39.266 -0.60899 107 82 50
20.114 39.294 -0.68116 112 85 52
20.116 39.288 -0.70864 110 85 53
20.126 39.268 -0.64165 111 84 49
20.116 39.303 -0.62596 110 82 51
20.115 39.266 -0.67238 110 85 53
20.066 39.278 -0.71466 111 84 49
20.126 39.305 -0.59488 110 83 50
20.098 39.25 -0.64172 110 83 48
20.143 39.247 -0.71963 111 84 49
20.115 39.283 -0.7372 109 85 51
20.139 39.302 -0.73815 108 83 51
20.118 39.25 -0.75422 112 83 51
20.114 39.25 -0.61003 109 84 52
20.104 39.32 -0.72095 109 85 51
20.11 39.3 -0.65459 111 84 49
20.119 39.363 -0.61235 111 84 51
20.137 39.369 -0.69941 112 84 53
20.118 39.392 -0.61998 107 83 45
20.142 39.334 -0.71808 112 85 50
20.121 39.352 -0.66773 112 84 53
20.129 39.333 -0.75006 111 84 51
20.133 39.32 -0.65624 112 85 52
20.13 39.377 -0.67348 110 85 53
20.126 39.317 -0.68621 110 85 53
20.143 39.377 -0.64188 111 84 49
20.141 39.391 -0.73606 111 83 54
20.118 39.335 -0.60442 112 83 52
20.125 39.355 -0.63881 111 84 51
20.12 39.37 -0.73363 109 84 52
20.153 39.318 -0.62285 110 83 46
20.129 39.344 -0.69397 112 85 52
20.121 39.362 -0.61158 111 84 51
20.169 39.347 -0.74596 111 84 51
20.139 39.407 -0.65089 114 85 51
20.13 39.405 -0.68205 113 86 51
20.143 39.458 -0.69462 111 87 53
20.152 39.436 -0.62727 108 83 53
20.154 39.459 -0.6636 112 85 50
20.126 39.426 -0.75002 112 84 55
20.145 39.453 -0.72458 111 84 47
20.154 39.43 -0.65434 111 84 51
20.13 39.4 -0.71098 109 85 49
20.143 39.424 -0.71603 110 85 53
20.148 39.443 -0.59948 111 84 51
20.152 39.444 -0.75031 111 83 52
20.153 39.425 -0.68356 112 85 52
20.124 39.418 -0.62669 112 87 43
20.152 39.545 -0.71963 112 85 52
20.145 39.487 -0.70302 111 83 52
20.158 39.522 -0.65068 110 82 43
20.144 39.483 -0.7334 111 83 52
20.171 39.481 -0.66744 113 86 53
20.132 39.479 -0.61268 109 82 49
20.138 39.536 -0.62678 110 83 48
20.148 39.476 -0.7616 110 83 46
20.182 39.536 -0.68159 112 85 52
20.145 39.512 -0.7421 109 85 51
20.148 39.516 -0.71193 112 84 53
20.155 39.538 -0.74828 107 83 49
20.156 39.518 -0.68075 111 86 54
20.154 39.499 -0.61441 109 81 50
20.141 39.47 -0.63833 111 84 49
20.149 39.501 -0.61551 109 81 50
20.113 39.512 -0.65465 111 84 51
20.173 39.592 -0.76199 110 83 48
20.177 39.575 -0.66249 108 84 50
20.143 39.612 -0.74026 107 82 50
20.164 39.555 -0.62848 110 83 46
20.222 39.595 -0.59909 109 82 49
20.109 39.639 -0.69138 110 82 51
20.169 39.583 -0.63599 109 85 49
20.144 39.617 -0.7112 109 84 52
20.336 39.55 -0.69345 109 82 49
20.193 39.562 -0.68785 109 82 49
20.199 39.534 -0.64755 110 83 48
20.15 39.624 -0.64978 109 82 47
20.153 39.565 -0.60234 110 83 48
20.168 39.589 -0.60689 109 81 50
20.166 39.569 -0.72452 111 82 51
20.235 39.594 -0.75088 109 81 50
20.178 39.559 -0.75126 111 83 54
19.458 39.992 -0.88351 89 63 36
18.387 39.048 -1.3058 15 2 11
18.465 39.072 -1.2972 37 19 7
18.481 39.087 -1.2058 20 12 10
18.478 39.106 -1.3025 46 27 13
18.609 39.057 -1.2095 19 11 8
18.477 39.115 -1.26 8 8 8
18.487 39.087 -1.3827 2 4 0
18.48 39.07 -1.2886 8 0 0
18.74 39.2 -1.2683 4 4 4
19.813 39.228 -0.84101 28 17 0
20.185 39.171 -0.74241 105 84 57
20.103 39.207 -0.86226 105 88 62
20.147 39.178 -0.78381 106 84 60
20.119 39.234 -0.83837 107 86 59
20.121 39.238 -0.80937 109 86 53
20.15 39.208 -0.76458 103 83 58
20.029 39.225 -0.91419 106 86 62
20.125 39.206 -0.82705 105 88 60
20.149 39.203 -0.79136 107 85 61
20.125 39.227 -0.86426 108 84 58
20.12 39.224 -0.89413 104 84 60
19.869 39.24 -0.83526 101 83 69
20.151 39.288 -0.79142 112 85 52
20.12 39.304 -0.77273 109 85 49
20.131 39.284 -0.85325 111 86 54
20.127 39.303 -0.92027 113 85 56
20.13 39.247 -0.89954 112 85 52
20.133 39.316 -0.83312 111 87 51
20.123 39.27 -0.79101 112 85 50
20.137 39.26 -0.81433 110 84 57
20.128 39.28 -0.88288 111 87 51
20.122 39.293 -0.82804 113 86 53
20.121 39.26 -0.84756 112 85 52
20.14 39.309 -0.85992 112 84 53
20.129 39.241 -0.78016 109 84 52
20.143 39.248 -0.86728 111 86 56
20.131 39.307 -0.89098 109 84 52
20.112 39.279 -0.76624 108 83 51
20.115 39.28 -0.91528 114 85 54
20.149 39.362 -0.87506 111 86 56
20.135 39.383 -0.79512 111 83 52
20.115 39.395 -0.7727 111 83 54
20.158 39.353 -0.90167 113 86 53
20.133 39.355 -0.78608 112 84 53
20.134 39.373 -0.85161 112 88 52
20.15 39.343 -0.8087 113 86 49
20.114 39.351 -0.84987 112 85 52
20.116 39.346 -0.87794 110 86 50
20.114 39.386 -0.83104 112 85 52
20.136 39.32 -0.80506 112 85 50
20.141 39.331 -0.89764 111 86 54
20.128 39.399 -0.89442 111 87 53
20.145 39.387 -0.91699 113 85 56
20.135 39.326 -0.7764 110 86 52
20.149 39.435 -0.80939 113 85 54
20.169 39.462 -0.78306 112 85 50
20.16 39.45 -0.87356 113 86 53
20.15 39.43 -0.83889 113 86 53
20.146 39.402 -0.82876 112 85 50
20.15 39.449 -0.90622 111 87 53
20.152 39.414 -0.92435 112 84 53
20.14 39.415 -0.7737 110 86 48
20.147 39.441 -0.7813 108 84 50
20.142 39.399 -0.86 111 86 56
20.148 39.445 -0.93647 114 87 52
20.159 39.416 -0.89259 110 86 52
20.153 39.463 -0.81745 110 85 53
20.157 39.422 -0.86402 115 88 55
20.161 39.455 -0.84431 114 85 53
20.188 39.463 -0.902 112 84 55
20.151 39.405 -0.79902 112 84 55
20.166 39.539 -0.90284 113 84 53
20.16 39.521 -0.83534 113 86 53
20.185 39.494 -0.91462 111 87 53
20.162 39.479 -0.88344 112 85 52
20.157 39.486 -0.85615 112 85 52
20.161 39.5 -0.7666 108 84 50
20.188 39.503 -0.85387 113 85 54
20.192 39.512 -0.79487 111 83 52
20.131 39.544 -0.78552 110 84 44
20.164 39.55 -0.84326 110 85 53
20.168 39.532 -0.93167 111 83 54
20.158 39.511 -0.8946 113 86 53
20.171 39.541 -0.87184 111 86 54
20.133 39.507 -0.80516 112 85 50
20.166 39.533 -0.93245 111 83 54
20.152 39.494 -0.82828 113 86 53
20.171 39.599 -0.92084 110 82 51
20.274 39.581 -0.89365 111 84 51
20.18 39.568 -0.87886 110 86 52
20.172 39.577 -0.85153 108 83 51
20.131 39.623 -0.90687 113 83 55
20.163 39.56 -0.78425 109 85 51
20.147 39.626 -0.84049 112 83 52
20.164 39.623 -0.80431 109 81 50
20.153 39.618 -0.86872 111 84 51
20.177 39.549 -0.81005 109 84 52
20.173 39.567 -0.91022 111 83 52
20.157 39.595 -0.79713 108 83 51
20.19 39.574 -0.81521 109 84 52
20.178 39.559 -0.93801 111 83 54
18.798 39.091 -1.5484 61 48 30
18.763 39.062 -1.5498 59 46 37
19.255 38.964 -1.2691 49 37 23
18.567 39.033 -1.5568 53 40 21
18.498 39.079 -1.6025 55 44 12
18.684 39.093 -1.499 53 41 17
18.793 39.057 -1.5372 59 46 37
18.888 39.058 -1.4189 53 41 17
18.626 39.094 -1.5641 56 45 13
18.545 39.036 -1.565 53 40 21
18.814 39.02 -1.514 58 46 34
18.816 39.173 -1.4943 52 43 26
18.844 39.125 -1.506 54 45 30
18.606 39.223 -1.5355 50 39 19
18.605 39.196 -1.4723 36 30 30
18.922 39.136 -1.5274 54 46 23
18.736 39.181 -1.5642 57 43 32
18.845 39.116 -1.5475 60 44 21
18.918 39.179 -1.5044 56 44 30
18.66 39.324 -1.5586 52 38 0
18.876 39.267 -1.5098 55 41 28
18.806 39.246 -1.526 51 42 23
18.711 39.296 -1.6231 55 47 26
18.762 39.248 -1.5865 58 47 28
18.809 39.274 -1.5812 55 47 26
18.891 39.192 -1.4782 54 39 20
18.992 39.31 -1.493 57 43 32
18.801 39.35 -1.6125 56 44 28
18.754 39.361 -1.6331 56 44 28
18.941 39.279 -1.5419 54 48 26
20.161 39.217 -1.0006 109 89 65
20.152 39.203 -0.93771 109 88 69
20.149 39.209 -0.91126 106 89 61
20.113 39.237 -0.99182 110 90 63
20.171 39.166 -0.94609 76 52 40
20.165 39.21 -1.0256 110 88 64
20.138 39.239 -0.92609 108 85 54
20.138 39.241 -1.0776 110 86 58
20.194 39.196 -1.0415 109 89 65
20.128 39.205 -0.97529 112 90 66
20.035 39.229 -1.0423 110 90 65
20.106 39.245 -0.96577 109 85 59
20.14 39.293 -0.94441 114 86 55
20.144 39.271 -1.0567 111 86 56
20.172 39.267 -1.0172 114 86 55
20.121 39.29 -1.0104 114 86 55
20.127 39.293 -0.97845 114 87 54
20.153 39.301 -1.0355 112 84 53
20.126 39.306 -1.0764 113 85 54
20.139 39.251 -1.0193 107 86 55
20.154 39.306 -1.0063 111 87 53
20.119 39.252 -1.0568 109 85 57
20.127 39.321 -0.98903 111 87 51
20.167 39.269 -1.0186 114 86 55
20.122 39.272 -0.94144 114 86 57
20.15 39.264 -1.0834 110 84 57
20.152 39.251 -0.98631 110 84 57
20.143 39.26 -0.96152 113 88 56
20.124 39.345 -1.0306 114 87 54
20.136 39.36 -1.0947 113 88 56
20.158 39.356 -1.0553 112 87 55
20.145 39.377 -0.97464 111 86 56
20.146 39.4 -1.0137 115 87 56
20.138 39.384 -0.94731 111 87 53
20.134 39.329 -0.9284 114 86 55
20.158 39.323 -1.0731 111 87 53
20.142 39.344 -0.99356 113 86 51
20.139 39.398 -1.0465 115 87 56
20.174 39.355 -1.0201 110 85 53
20.149 39.384 -1.1 112 87 55
20.148 39.352 -0.93329 110 86 52
20.137 39.375 -1.0068 115 87 56
20.142 39.392 -1.0751 112 88 52
20.148 39.347 -0.96479 113 88 58
20.127 39.326 -0.9601 110 86 58
20.173 39.322 -1.0384 114 84 58
20.178 39.462 -0.93487 111 87 51
20.177 39.472 -1.0645 113 86 51
20.166 39.462 -0.96861 114 86 55
20.155 39.432 -0.99208 114 87 54
20.174 39.443 -1.0543 112 87 55
20.146 39.411 -0.95486 113 85 54
20.164 39.413 -1.0761 111 86 54
20.157 39.445 -1.092 114 86 57
20.15 39.428 -1.0235 114 86 55
20.155 39.437 -0.9635 113 85 54
20.141 39.462 -1.0391 111 86 54
20.16 39.46 -1.0004 113 86 53
20.204 39.456 -1.0816 115 88 55
20.154 39.402 -0.98185 111 87 53
20.145 39.425 -1.0562 114 87 54
20.181 39.532 -1.0871 114 87 54
20.162 39.561 -0.97503 113 86 53
20.16 39.557 -1.0053 113 84 53
20.185 39.494 -1.1035 112 86 59
20.155 39.523 -1.0269 113 86 53
20.166 39.528 -0.9616 112 84 53
20.159 39.5 -0.95437 111 83 52
20.198 39.53 -1.0493 111 87 53
20.171 39.521 -0.99064 112 84 55
20.161 39.484 -1.0419 113 85 54
20.149 39.52 -1.0589 112 87 55
20.185 39.499 -1.0736 114 87 54
20.165 39.493 -0.98049 112 84 53
20.187 39.539 -1.0243 113 86 51
20.166 39.487 -1.0108 113 85 54
20.178 39.575 -1.0395 113 86 53
20.183 39.588 -0.94724 108 84 50
20.094 39.653 -1.0582 112 85 52
20.187 39.581 -0.97565 111 87 49
20.147 39.622 -1.0651 110 86 52
20.16 39.579 -1.0779 111 86 54
20.201 39.586 -1.103 111 83 52
20.189 39.575 -1.0045 110 85 55
20.152 39.577 -1.1128 113 86 51
20.159 39.611 -1.0909 113 86 51
20.236 39.595 -0.93682 113 85 56
20.152 39.63 -1.0019 110 86 52
19.102 39.014 -1.5346 56 48 25
20.707 38.767 -0.88408 60 48 34
18.791 39.049 -1.5829 62 49 33
19.176 39.033 -1.5191 57 46 24
19.073 39.011 -1.5891 61 50 30
19.206 38.966 -1.4766 63 48 29
19.073 39.044 -1.5995 61 46 23
19.052 39.096 -1.548 59 47 23
19.142 39.118 -1.4901 56 45 23
19.39 39.071 -1.5295 59 47 33
19.199 39.06 -1.5211 60 45 22
19.267 39.072 -1.5368 61 51 26
19.274 39.101 -1.5531 56 42 29
18.999 39.139 -1.5904 56 43 24
19.065 39.126 -1.5614 56 43 24
19.514 39.143 -1.4791 56 44 30
19.001 39.223 -1.5376 61 44 34
19.03 39.251 -1.539 61 48 32
19.242 39.18 -1.5579 58 45 29
19.273 39.116 -1.4786 54 44 7
19.055 39.169 -1.5391 56 42 33
19.364 39.114 -1.5254 59 44 25
18.988 39.211 -1.6211 57 44 26
19.38 39.181 -1.508 53 43 31
19.225 39.191 -1.5314 61 49 25
19.077 39.199 -1.5432 58 45 29
19.346 39.111 -1.5652 56 46 34
19.129 39.221 -1.5352 60 45 26
19.259 39.17 -1.5864 55 46 31
18.95 39.199 -1.547 57 46 27
19.347 39.111 -1.5647 56 46 34
19.11 39.294 -1.5773 56 43 25
19.074 39.31 -1.5519 59 46 28
19.331 39.225 -1.5467 55 44 25
19.354 39.252 -1.5522 55 42 33
19.123 39.256 -1.5529 60 45 26
19.457 39.219 -1.5361 58 45 36
19.263 39.249 -1.5421 56 45 17
19.417 39.229 -1.5565 58 45 36
19.281 39.211 -1.5198 55 46 17
19.03 39.286 -1.5571 57 45 29
19.48 39.245 -1.5423 57 47 37
19.554 39.257 -1.5187 57 47 38
20.181 39.206 -1.1702 103 85 63
20.159 39.208 -1.2103 107 89 65
20.163 39.2 -1.0833 107 90 64
20.085 39.22 -1.1472 108 87 66
20.161 39.24 -1.1911 107 87 60
20.153 39.231 -1.0986 111 90 61
20.15 39.238 -1.2261 109 88 67
20.203 39.167 -1.1773 62 41 20
20.135 39.226 -1.1644 108 87 56
20.066 39.221 -1.1837 113 90 56
20.142 39.208 -1.2475 86 69 62
20.152 39.226 -1.1274 108 88 63
20.179 39.277 -1.11 110 85 53
20.143 39.284 -1.1553 112 85 52
20.15 39.266 -1.2388 109 86 53
20.155 39.318 -1.1037 113 88 58
20.15 39.315 -1.1359 111 86 54
20.147 39.255 -1.141 106 84 60
20.16 39.291 -1.2465 110 85 53
20.132 39.316 -1.173 110 85 53
20.146 39.26 -1.1142 113 85 56
20.129 39.284 -1.1915 109 83 56
20.159 39.268 -1.2061 109 84 52
20.16 39.245 -1.1638 109 85 59
20.185 39.292 -1.1758 111 87 51
20.163 39.295 -1.2152 110 84 57
20.153 39.322 -1.264 110 84 57
20.134 39.298 -1.1022 113 88 58
20.161 39.369 -1.1547 113 85 58
20.175 39.382 -1.2186 110 85 53
20.162 39.329 -1.2004 108 83 51
20.173 39.369 -1.1194 112 87 55
20.169 39.35 -1.2364 113 86 53
20.164 39.323 -1.2278 110 86 52
20.174 39.377 -1.2475 110 87 56
20.174 39.388 -1.1886 110 86 50
20.142 39.371 -1.1926 111 86 54
20.159 39.335 -1.1719 110 85 55
20.189 39.387 -1.1523 111 86 56
20.187 39.33 -1.1293 111 86 54
20.138 39.353 -1.1239 115 88 55
20.183 39.35 -1.2015 112 84 55
20.19 39.416 -1.1643 115 85 57
20.15 39.427 -1.2135 113 85 54
20.181 39.434 -1.2717 113 87 60
20.181 39.445 -1.2106 112 85 50
20.174 39.442 -1.2444 113 85 56
20.196 39.419 -1.1321 114 87 52
20.177 39.452 -1.1835 112 85 52
20.166 39.401 -1.1353 114 86 59
20.171 39.413 -1.2334 111 87 49
20.191 39.466 -1.2493 113 88 58
20.177 39.477 -1.2257 114 87 54
20.162 39.453 -1.2203 112 85 50
20.146 39.415 -1.1147 115 87 58
20.156 39.471 -1.1331 113 85 54
20.17 39.435 -1.1148 110 85 53
20.172 39.459 -1.1561 113 85 54
20.173 39.484 -1.1996 111 86 54
20.176 39.406 -1.26 114 85 61
20.181 39.465 -1.2844 114 87 54
20.179 39.528 -1.1181 114 86 55
20.188 39.55 -1.156 110 86 52
20.184 39.51 -1.2053 114 86 57
20.191 39.528 -1.2761 113 85 56
20.176 39.519 -1.1792 112 84 53
20.178 39.492 -1.1348 113 88 56
20.177 39.55 -1.1919 110 85 53
20.195 39.48 -1.1582 114 86 57
20.196 39.563 -1.2566 113 86 53
20.182 39.506 -1.2369 113 86 51
20.145 39.538 -1.1645 111 87 53
20.143 39.518 -1.2883 114 86 57
20.167 39.549 -1.2281 111 84 49
20.213 39.544 -1.1147 113 85 54
20.164 39.572 -1.3046 113 84 60
20.201 39.528 -1.2406 113 85 56
20.299 39.577 -1.2286 113 85 54
20.184 39.584 -1.1713 111 86 54
20.186 39.588 -1.1388 110 85 53
20.183 39.574 -1.2328 112 85 52
20.199 39.614 -1.1467 110 85 53
20.164 39.621 -1.2247 109 85 51
20.147 39.634 -1.2017 114 86 57
20.164 39.615 -1.2563 114 86 55
20.421 39.522 -1.1347 113 85 54
20.192 39.591 -1.3045 112 84 55
20.17 39.607 -1.2846 112 84 53
20.187 39.577 -1.2 113 86 53
19.554 38.89 -1.5601 67 51 36
19.732 38.942 -1.5098 62 45 35
19.777 38.92 -1.4142 55 45 36
19.728 38.929 -1.4393 55 45 36
19.45 38.956 -1.5303 58 49 34
19.706 38.954 -1.4934 61 43 31
19.691 38.929 -1.4886 62 50 24
19.397 38.929 -1.5758 64 51 32
19.533 38.935 -1.5226 61 51 39
19.713 38.931 -1.4453 55 45 36
19.376 38.932 -1.5857 64 51 32
19.67 38.899 -1.5158 58 52 38
19.494 38.906 -1.5598 62 49 31
19.576 38.921 -1.5322 60 48 22
19.591 39.017 -1.5036 56 46 34
19.672 39.023 -1.5031 61 49 33
19.524 39.001 -1.5213 60 48 24
19.668 39.024 -1.5059 61 49 33
19.633 39.037 -1.4951 55 46 29
19.596 38.981 -1.5166 61 50 31
19.747 38.967 -1.5169 60 50 40
19.759 38.998 -1.4938 57 47 37
19.753 38.994 -1.5258 62 51 32
19.711 38.981 -1.5012 59 47 33
19.615 39.005 -1.5225 61 48 30
19.517 39.009 -1.4912 60 47 39
19.443 39.054 -1.5361 59 45 36
19.5 39.139 -1.5209 56 48 37
19.66 39.112 -1.5559 57 45 21
19.713 39.106 -1.4912 52 42 32
19.708 39.066 -1.5474 57 47 22
19.599 39.103 -1.5389 53 46 36
19.693 39.075 -1.5222 53 40 32
19.73 39.038 -1.4911 59 47 31
19.52 39.128 -1.5447 57 46 24
19.512 39.13 -1.5487 57 46 24
19.824 39.067 -1.5005 56 43 34
19.81 39.071 -1.5079 56 43 34
19.561 39.088 -1.5141 55 45 33
19.619 39.07 -1.5123 54 44 34
19.379 39.097 -1.5862 55 48 28
19.601 39.06 -1.5903 53 47 21
19.644 39.189 -1.528 49 41 30
19.803 39.136 -1.5068 46 40 28
19.46 39.181 -1.5501 53 47 31
19.751 39.185 -1.5175 53 41 29
19.629 39.199 -1.5027 55 42 33
19.669 39.146 -1.532 54 42 28
19.602 39.17 -1.5297 54 42 28
19.846 39.091 -1.4993 52 46 24
19.534 39.193 -1.5338 50 45 26
19.762 39.152 -1.4989 48 42 30
19.686 39.142 -1.523 54 42 28
19.7 39.132 -1.5484 52 43 24
19.632 39.192 -1.533 49 41 30
19.858 39.116 -1.5059 52 44 31
19.54 39.154 -1.5496 52 43 28
19.555 39.257 -1.5168 57 47 38
19.675 39.211 -1.5244 56 43 27
19.748 39.228 -1.4715 53 44 37
19.57 39.272 -1.5919 50 42 29
19.711 39.208 -1.4723 49 40 33
19.81 39.199 -1.4986 51 40 36
20.169 39.244 -1.3155 108 90 76
20.158 39.242 -1.3498 83 72 52
20.065 39.222 -1.3434 103 87 70
20.157 39.231 -1.2514 108 90 68
20.162 39.224 -1.2784 97 83 70
20.048 39.232 -1.3245 84 72 60
20.195 39.197 -1.3489 50 43 27
19.978 39.22 -1.3786 52 39 30
20.174 39.209 -1.329 61 53 40
20.153 39.238 -1.382 87 74 56
20.17 39.216 -1.3021 83 67 54
20.149 39.279 -1.34 108 83 51
20.149 39.331 -1.3985 85 60 38
20.18 39.291 -1.3641 107 83 55
20.16 39.257 -1.2629 105 84 63
20.149 39.284 -1.3103 108 85 54
20.157 39.315 -1.2901 112 86 59
20.157 39.304 -1.3482 109 84 52
20.144 39.314 -1.326 109 83 56
20.154 39.295 -1.4083 81 63 43
20.147 39.274 -1.3699 104 84 57
20.157 39.265 -1.394 85 70 49
20.15 39.256 -1.2972 105 88 62
20.159 39.286 -1.2766 109 85 57
20.192 39.355 -1.3272 110 85 55
20.162 39.361 -1.3741 110 87 56
20.184 39.339 -1.2599 110 86 58
20.189 39.396 -1.2836 111 86 56
20.181 39.394 -1.3172 112 87 55
20.156 39.358 -1.4064 83 66 40
20.17 39.329 -1.3556 109 83 56
20.181 39.379 -1.4011 82 65 39
20.183 39.382 -1.3763 109 85 59
20.154 39.345 -1.3056 112 86 59
20.187 39.362 -1.3004 110 84 57
20.179 39.37 -1.2755 112 87 57
20.171 39.393 -1.3529 108 84 56
20.187 39.327 -1.3167 111 86 54
20.2 39.477 -1.3482 110 85 55
20.196 39.479 -1.3509 110 85 55
20.177 39.456 -1.3469 111 86 56
20.215 39.405 -1.3416 110 85 55
20.196 39.443 -1.3662 110 84 59
20.205 39.404 -1.3777 91 66 43
20.176 39.41 -1.4244 82 65 47
20.22 39.458 -1.3992 84 64 39
20.2 39.472 -1.3792 105 79 52
20.224 39.426 -1.3776 87 62 39
20.196 39.453 -1.3065 113 85 56
20.189 39.425 -1.2975 113 85 58
20.183 39.423 -1.3296 111 85 58
20.21 39.499 -1.3855 99 73 46
20.182 39.506 -1.4366 86 65 48
20.199 39.54 -1.3773 113 86 51
20.203 39.517 -1.3002 113 85 54
20.165 39.497 -1.338 112 87 55
20.19 39.576 -1.3981 83 65 41
20.206 39.564 -1.4206 82 65 45
20.193 39.49 -1.291 112 88 54
20.207 39.51 -1.3282 111 86 56
20.27 39.503 -1.3647 85 64 43
20.185 39.515 -1.3711 109 84 52
20.194 39.548 -1.3509 112 88 54
20.221 39.52 -1.4261 86 65 44
20.192 39.554 -1.3206 113 85 54
20.204 39.618 -1.3106 112 84 53
20.204 39.575 -1.3589 112 84 55
20.202 39.581 -1.3281 113 85 54
20.173 39.612 -1.4538 86 65 48
20.16 39.63 -1.3985 108 85 54
20.163 39.633 -1.3643 113 85 54
20.268 39.599 -1.4121 84 64 40
20.193 39.608 -1.4053 81 63 39
19.861 39.818 -1.5509 110 85 53
20.095 39.803 -1.498 61 41 16
19.911 39.831 -1.5382 70 46 20
20.032 39.763 -1.5019 87 65 41
20.115 39.756 -1.467 69 46 15
20.061 39.79 -1.4706 70 44 29
19.777 39.867 -1.5577 110 85 55
20.047 39.797 -1.4786 70 44 29
20.054 39.233 0.21976 105 81 45
20.093 39.216 0.1922 106 79 44
20.006 39.218 0.19964 107 80 47
20.057 39.222 0.16947 107 80 47
20.047 39.211 0.22189 105 82 49
20.053 39.264 0.24341 108 84 50
20.084 39.269 0.1887 109 81 41
20.119 39.288 0.21012 108 80 51
20.077 39.277 0.21521 108 80 49
20.127 39.235 0.21281 104 79 47
20.092 39.292 0.18742 108 81 46
20.112 39.27 0.23781 109 81 50
20.082 39.245 0.19179 105 81 43
20.117 39.319 0.23382 109 85 49
20.062 39.313 0.23908 110 83 48
20.127 39.336 0.20559 111 85 44
20.074 39.361 0.23462 110 83 50
20.079 39.323 0.18525 110 82 51
20.072 39.33 0.21111 108 81 46
20.097 39.411 0.25585 113 85 54
20.076 39.437 0.20291 111 82 48
20.084 39.384 0.23303 111 83 52
20.092 39.386 0.2582 108 85 44
20.051 39.391 0.20911 109 81 50
20.079 39.413 0.23087 111 82 48
20.1 39.437 0.25385 114 86 49
20.116 39.394 0.20231 111 83 52
20.09 39.436 0.22867 111 84 51
20.051 39.48 0.22908 111 83 43
20.114 39.52 0.27412 113 86 51
20.098 39.488 0.22462 112 86 46
20.088 39.498 0.25164 115 84 53
20.1 39.516 0.2225 114 88 48
20.128 39.443 0.1976 112 83 51
20.078 39.531 0.25081 112 85 50
20.044 39.488 0.25623 112 84 53
20.135 39.568 0.26808 116 88 51
20.153 39.589 0.26556 136 112 74
20.144 39.588 0.24078 112 89 48
20.117 39.537 0.21952 112 85 52
20.113 39.544 0.24656 111 88 47
20.123 39.545 0.27178 113 86 53
20.152 39.556 0.24135 114 86 49
20.101 39.573 0.21841 113 86 49
20.076 39.211 0.14363 106 78 49
20.071 39.233 0.11577 106 82 48
20.058 39.212 0.11894 105 81 45
20.104 39.212 0.064913 107 83 47
20.101 39.218 0.090386 108 84 48
20.063 39.22 0.040981 106 82 44
20.036 39.213 0.093934 105 80 50
20.086 39.264 0.033303 109 82 47
20.114 39.259 0.058712 106 82 44
20.051 39.26 0.088508 105 83 46
20.098 39.234 0.16539 108 80 43
20.083 39.28 0.10982 109 82 47
20.098 39.234 0.037645 108 81 44
20.074 39.304 0.082136 110 84 44
20.078 39.256 0.11421 106 82 48
20.104 39.283 0.16098 106 82 46
20.069 39.29 0.13741 107 83 49
20.077 39.293 0.03065 109 82 49
20.084 39.295 0.056699 109 82 45
20.067 39.239 0.14213 104 79 47
20.089 39.304 0.1079 109 85 49
20.062 39.271 0.16472 109 81 52
20.102 39.253 0.13805 107 83 47
20.112 39.265 0.085177 109 81 50
20.065 39.25 0.062357 109 82 47
20.084 39.369 0.15496 110 83 48
20.083 39.332 0.10514 112 84 53
20.064 39.354 0.1847 110 83 48
20.081 39.349 0.051088 110 83 50
20.07 39.342 0.13288 107 82 52
20.095 39.376 0.074372 108 84 50
20.072 39.32 0.16055 110 84 43
20.086 39.31 0.13443 106 82 48
20.134 39.356 0.047543 108 84 46
20.077 39.356 0.077533 111 84 49
20.113 39.353 0.12802 111 84 49
20.069 39.332 0.081176 111 84 51
20.104 39.367 0.17962 109 85 49
20.1 39.336 0.15552 111 82 50
20.111 39.312 0.053936 110 83 50
20.079 39.36 0.10388 112 83 52
20.089 39.399 0.1785 110 83 50
20.099 39.407 0.097315 111 84 49
20.106 39.447 0.17401 112 84 47
20.115 39.416 0.17454 112 83 52
20.084 39.423 0.15064 109 82 45
20.085 39.407 0.07123 110 83 48
20.082 39.386 0.10037 111 84 51
20.123 39.435 0.1465 109 84 52
20.106 39.426 0.068613 111 85 45
20.109 39.453 0.065697 111 84 49
20.108 39.408 0.12333 111 84 51
20.092 39.387 0.12663 110 83 48
20.097 39.44 0.12116 111 83 52
20.103 39.433 0.093743 110 86 50
20.114 39.384 0.15122 109 82 49
20.084 39.402 0.044506 110 83 46
20.107 39.475 0.17057 112 83 49
20.089 39.487 0.19841 112 83 49
20.111 39.49 0.11693 113 86 49
20.11 39.458 0.09194 112 85 52
20.148 39.48 0.1405 113 84 50
20.13 39.511 0.11343 112 85 50
20.124 39.475 0.063396 111 85 44
20.107 39.516 0.086136 113 84 52
20.142 39.493 0.19344 112 85 52
20.101 39.513 0.059458 113 84 53
20.114 39.484 0.089178 110 86 48
20.112 39.524 0.14001 112 85 52
20.145 39.515 0.16488 112 85 48
20.1 39.472 0.14546 111 86 42
20.11 39.463 0.11802 111 87 51
20.099 39.506 0.16964 111 84 49
20.144 39.583 0.21408 111 88 47
20.148 39.547 0.18934 114 86 46
20.139 39.589 0.077676 112 84 53
20.114 39.547 0.11047 112 85 48
20.15 39.56 0.10745 113 86 51
20.129 39.535 0.082759 111 84 47
20.133 39.573 0.13452 113 86 49
20.113 39.592 0.18861 113 84 52
20.13 39.564 0.081094 112 86 46
20.162 39.531 0.13552 114 86 47
20.196 39.52 0.16109 114 88 48
20.119 39.584 0.16097 115 87 47
20.184 39.578 0.13017 114 87 50
20.092 39.543 0.1941 113 85 46
20.134 39.527 0.056564 112 83 49
20.127 39.6 0.10537 110 86 50
20.12 39.613 0.16085 137 114 73
20.077 39.185 -0.11341 109 81 52
20.088 39.217 -0.065278 107 83 47
20.089 39.232 0.011392 107 82 38
20.086 39.232 -0.12036 105 81 47
20.042 39.216 -0.011148 104 80 46
20.082 39.209 0.014604 106 84 37
20.076 39.215 -0.091085 107 80 45
20.013 39.22 -0.039013 106 82 48
20.053 39.238 -0.014798 106 81 49
20.072 39.227 -0.039188 106 82 48
20.077 39.21 -0.11774 107 79 48
20.081 39.255 -0.017222 105 83 44
20.081 39.265 -0.098648 109 83 43
20.096 39.281 0.0048592 108 80 49
20.068 39.285 -0.021398 110 83 48
20.105 39.262 -0.071358 106 81 49
20.114 39.285 -0.075017 110 83 48
20.107 39.251 0.0089425 109 82 49
20.106 39.293 -0.049013 111 84 51
20.108 39.236 -0.068118 109 82 47
20.083 39.239 -0.095354 109 85 47
20.093 39.303 -0.023541 110 83 50
20.088 39.247 -0.043199 108 84 50
20.079 39.276 -0.046921 107 83 49
20.075 39.293 -0.10335 106 84 45
20.087 39.342 -0.11108 111 84 49
20.113 39.338 -0.08304 110 83 46
20.115 39.353 -0.0040747 110 84 44
20.07 39.337 -0.027929 108 84 46
20.107 39.319 -0.052427 111 84 49
20.094 39.356 -0.030418 111 84 51
20.1 39.375 -0.060467 111 84 49
20.081 39.339 -0.0015947 108 84 48
20.087 39.342 0.024439 108 84 46
20.105 39.362 0.020758 109 83 42
20.099 39.365 -0.1137 110 81 49
20.095 39.318 -0.079982 110 83 48
20.082 39.317 0.028438 109 83 43
20.091 39.373 -0.087624 108 85 44
20.065 39.361 -0.058839 111 84 49
20.087 39.385 -0.034969 112 84 47
20.086 39.316 -0.10642 107 83 47
20.103 39.304 0.003099 110 84 44
20.096 39.392 0.018813 110 83 46
20.12 39.45 -0.071763 111 84 47
20.11 39.442 0.012337 111 83 44
20.092 39.444 -0.01534 111 84 51
20.127 39.387 -0.089975 112 84 47
20.107 39.421 0.041609 110 83 48
20.118 39.423 -0.067277 112 83 49
20.106 39.423 -0.094906 108 84 50
20.1 39.451 0.038856 112 83 49
20.133 39.44 -0.097138 111 83 46
20.1 39.408 -0.037559 112 83 49
20.091 39.389 -0.0085698 111 83 46
20.084 39.424 0.015775 111 84 49
20.131 39.401 -0.010711 110 86 50
20.086 39.441 -0.04152 111 84 47
20.098 39.404 -0.065149 110 83 48
20.137 39.516 0.0029155 110 83 46
20.155 39.457 0.035672 111 83 54
20.139 39.499 -0.078322 111 84 47
20.167 39.508 0.029515 111 85 44
20.118 39.467 0.008403 112 83 49
20.122 39.473 -0.10182 108 84 46
20.135 39.45 -0.044356 112 83 49
20.134 39.473 -0.073955 112 83 51
20.122 39.488 -0.021782 113 84 50
20.108 39.489 -0.04919 112 85 48
20.135 39.506 -0.050611 112 83 49
20.129 39.496 0.032647 111 84 49
20.131 39.456 -0.016359 112 85 52
20.123 39.493 0.0054698 111 84 47
20.14 39.509 -0.023308 112 87 43
20.124 39.58 -0.0032292 112 85 50
20.114 39.566 0.053399 111 83 52
20.154 39.561 -0.030222 112 85 50
20.108 39.547 -0.055572 112 85 48
20.153 39.577 0.050502 114 85 53
20.128 39.592 -0.089824 112 83 51
20.154 39.591 -0.034931 112 85 50
20.123 39.6 -0.063303 112 86 46
20.136 39.545 -0.00075966 112 85 50
20.125 39.545 -0.02828 112 85 52
20.11 39.541 -0.083725 111 83 44
20.159 39.594 -0.006969 112 85 48
20.156 39.6 0.020431 112 84 44
20.103 39.565 0.026321 112 86 46
20.165 39.567 0.023267 111 84 49
20.139 39.563 -0.0585 112 83 49
20.136 39.559 -0.086015 114 85 51
20.086 39.654 -0.039301 148 110 61
19.85 39.225 -0.2664 93 73 49
19.971 39.216 -0.26021 91 70 49
20.167 39.167 -0.18667 108 85 52
20.075 39.19 -0.22176 88 68 41
20.038 39.217 -0.14643 107 81 41
20.079 39.209 -0.25287 105 82 49
20.09 39.226 -0.14595 109 82 47
20.078 39.24 -0.23075 108 86 49
20.085 39.233 -0.25703 110 83 50
20.091 39.215 -0.19851 106 82 48
20.077 39.215 -0.22713 107 83 47
20.063 39.214 -0.25458 105 82 49
20.1 39.218 -0.17206 109 82 49
20.132 39.187 -0.27294 107 83 55
20.088 39.289 -0.24027 108 84 50
20.079 39.25 -0.17875 108 84 46
20.093 39.256 -0.26071 109 82 47
20.117 39.269 -0.15316 108 81 48
20.099 39.239 -0.20341 110 83 50
20.092 39.256 -0.1256 107 84 42
20.123 39.251 -0.23103 109 82 47
20.097 39.307 -0.13282 107 82 50
20.103 39.289 -0.21147 108 84 48
20.117 39.264 -0.17892 109 82 47
20.104 39.305 -0.26899 109 82 45
20.113 39.275 -0.12729 107 84 40
20.098 39.265 -0.20711 109 82 47
20.092 39.282 -0.26586 109 82 47
20.072 39.258 -0.15216 109 82 45
20.091 39.299 -0.18658 109 85 51
20.088 39.305 -0.15983 109 83 43
20.1 39.339 -0.24861 109 82 47
20.092 39.357 -0.16861 110 83 50
20.114 39.366 -0.22494 111 84 49
20.137 39.362 -0.19561 111 83 52
20.097 39.334 -0.13664 111 84 47
20.09 39.331 -0.16411 109 81 52
20.122 39.314 -0.18756 110 83 50
20.11 39.356 -0.1412 110 83 46
20.126 39.356 -0.25073 109 82 49
20.084 39.355 -0.19622 109 85 49
20.104 39.38 -0.17181 110 83 48
20.106 39.315 -0.21594 107 83 47
20.094 39.314 -0.24478 109 82 49
20.118 39.337 -0.21977 109 84 52
20.126 39.445 -0.23884 111 84 51
20.099 39.404 -0.20419 110 84 44
20.149 39.412 -0.20292 111 84 51
20.092 39.412 -0.17665 111 82 48
20.11 39.383 -0.14425 111 85 45
20.113 39.455 -0.21267 110 83 48
20.116 39.436 -0.15258 110 83 46
20.095 39.45 -0.12709 110 83 46
20.095 39.394 -0.11833 111 82 48
20.102 39.449 -0.26896 109 82 47
20.128 39.411 -0.26074 111 84 47
20.124 39.417 -0.23335 110 82 51
20.111 39.395 -0.22998 111 84 47
20.115 39.409 -0.14876 109 81 50
20.104 39.392 -0.25889 110 83 48
20.123 39.456 -0.1837 111 85 45
20.128 39.426 -0.17917 113 85 48
20.118 39.413 -0.12083 111 82 51
20.139 39.494 -0.10517 108 84 46
20.124 39.503 -0.24914 110 83 50
20.121 39.468 -0.12913 109 82 47
20.13 39.522 -0.13711 110 83 48
20.125 39.519 -0.16655 111 84 51
20.104 39.504 -0.13478 112 83 49
20.135 39.504 -0.21998 112 83 49
20.133 39.486 -0.16065 110 84 44
20.134 39.481 -0.18764 110 83 46
20.153 39.525 -0.22264 110 83 48
20.105 39.522 -0.19526 107 83 47
20.133 39.476 -0.21501 111 84 47
20.124 39.461 -0.15688 110 83 48
20.139 39.523 -0.10939 110 82 51
20.143 39.524 -0.2518 110 83 50
20.128 39.472 -0.24281 108 84 50
20.163 39.591 -0.17651 111 82 51
20.129 39.552 -0.14243 111 83 52
20.141 39.536 -0.19647 110 83 48
20.167 39.594 -0.14844 112 83 51
20.151 39.547 -0.1131 111 85 45
20.153 39.549 -0.25757 108 84 46
20.142 39.581 -0.11769 111 83 44
20.138 39.572 -0.17367 111 84 51
20.11 39.58 -0.20456 113 85 48
20.15 39.572 -0.14468 111 82 48
20.168 39.578 -0.23123 109 81 50
20.116 39.571 -0.23245 111 84 49
20.151 39.536 -0.16779 110 83 48
20.167 39.583 -0.20375 109 82 49
20.083 39.228 -0.28368 105 81 47
20.161 39.173 -0.2936 94 75 41
20.118 39.212 -0.3052 108 84 48
20.071 39.221 -0.33829 107 82 52
20.126 39.23 -0.33552 108 84 48
20.066 39.244 -0.37172 108 84 50
20.106 39.226 -0.39191 111 83 52
20.104 39.221 -0.41929 111 84 49
20.12 39.263 -0.31589 110 84 44
20.115 39.244 -0.42261 109 81 50
20.115 39.296 -0.29487 110 83 50
20.126 39.267 -0.42795 108 81 44
20.089 39.278 -0.29301 110 83 46
20.113 39.25 -0.39605 108 84 50
20.114 39.275 -0.40233 109 82 49
20.091 39.299 -0.32519 111 84 51
20.112 39.308 -0.38171 110 83 48
20.093 39.288 -0.37919 108 84 48
20.09 39.268 -0.3473 108 84 50
20.099 39.259 -0.37241 109 85 49
20.096 39.25 -0.28739 107 83 47
20.118 39.301 -0.40792 107 82 50
20.084 39.248 -0.3154 109 82 49
20.106 39.289 -0.34965 110 83 50
20.103 39.322 -0.32917 110 83 50
20.092 39.358 -0.30935 109 82 49
20.113 39.383 -0.28406 110 83 48
20.116 39.384 -0.42741 112 85 50
20.097 39.374 -0.36972 107 83 47
20.117 39.361 -0.39321 110 83 48
20.095 39.33 -0.30306 109 83 43
20.091 39.353 -0.33714 111 84 51
20.127 39.373 -0.31053 110 83 50
20.135 39.349 -0.41738 110 83 50
20.1 39.333 -0.27591 110 83 50
20.12 39.353 -0.27813 110 83 50
20.079 39.342 -0.4216 109 82 49
20.09 39.321 -0.35887 112 85 50
20.126 39.368 -0.33703 109 85 51
20.097 39.341 -0.39047 111 85 44
20.131 39.333 -0.35811 108 84 48
20.12 39.437 -0.29386 111 83 46
20.138 39.386 -0.36794 111 84 51
20.159 39.434 -0.37697 110 83 46
20.113 39.418 -0.40649 111 84 47
20.095 39.408 -0.34746 108 84 50
20.145 39.421 -0.31793 112 83 51
20.108 39.426 -0.37983 111 83 52
20.138 39.437 -0.40888 108 84 50
20.128 39.405 -0.28723 109 82 49
20.105 39.409 -0.31821 110 83 48
20.136 39.454 -0.32481 111 84 51
20.136 39.42 -0.34719 108 84 48
20.107 39.46 -0.35798 111 84 49
20.114 39.39 -0.40015 111 84 49
20.139 39.476 -0.35853 111 84 49
20.165 39.523 -0.36655 110 84 44
20.16 39.472 -0.3279 112 85 50
20.137 39.53 -0.39982 110 83 50
20.134 39.513 -0.33785 109 85 49
20.125 39.511 -0.36681 111 84 51
20.122 39.478 -0.38946 110 86 50
20.148 39.512 -0.3073 110 83 48
20.125 39.498 -0.27749 109 82 49
20.134 39.497 -0.42206 110 84 44
20.162 39.49 -0.38907 112 85 52
20.14 39.462 -0.26949 110 83 50
20.153 39.515 -0.27905 110 83 48
20.111 39.498 -0.30665 111 82 50
20.137 39.525 -0.4283 110 82 51
20.137 39.458 -0.29604 112 84 47
20.123 39.472 -0.41781 110 83 50
20.172 39.59 -0.3214 109 81 44
20.165 39.574 -0.25971 110 83 48
20.134 39.553 -0.28629 108 82 42
20.155 39.583 -0.41006 110 83 50
20.169 39.567 -0.28736 107 83 47
20.175 39.559 -0.31452 110 84 44
20.194 39.585 -0.2909 107 83 47
20.265 39.561 -0.39623 109 82 49
20.152 39.61 -0.26638 112 83 49
20.195 39.574 -0.3458 110 81 47
20.164 39.559 -0.34486 109 82 47
20.137 39.541 -0.34295 109 82 45
20.146 39.557 -0.40508 108 84 50
20.181 39.576 -0.37617 110 81 49
20.137 39.546 -0.31452 109 83 42
20.151 39.56 -0.37518 109 84 52
18.586 39.175 -0.93341 34 3 19
20.052 39.201 -0.4767 101 81 46
20.137 39.221 -0.49946 111 84 51
20.092 39.22 -0.44787 105 81 47
20.085 39.222 -0.59265 106 82 48
20.106 39.205 -0.49866 105 82 49
20.158 39.174 -0.56744 101 81 56
20.117 39.233 -0.47777 109 86 45
20.12 39.222 -0.52896 109 85 51
20.082 39.218 -0.47677 107 83 49
20.116 39.218 -0.55805 106 81 49
20.117 39.307 -0.52351 110 85 53
20.121 39.263 -0.45444 109 82 45
20.12 39.29 -0.46168 110 83 48
20.118 39.275 -0.54364 108 84 50
20.124 39.241 -0.5622 108 84 50
20.115 39.281 -0.51742 110 83 50
20.141 39.251 -0.47844 111 84 51
20.101 39.302 -0.43869 110 83 46
20.112 39.288 -0.49156 109 84 52
20.131 39.265 -0.56848 111 84 49
20.126 39.299 -0.54981 109 82 49
20.142 39.288 -0.57278 111 83 46
20.114 39.255 -0.51086 111 82 51
20.125 39.246 -0.53612 110 84 43
20.105 39.242 -0.45245 106 82 46
20.126 39.354 -0.56505 109 85 47
20.119 39.312 -0.49573 111 84 49
20.118 39.34 -0.50388 112 85 50
20.119 39.39 -0.5451 110 83 50
20.131 39.38 -0.57055 109 84 52
20.118 39.35 -0.44829 109 82 47
20.113 39.319 -0.46964 108 81 48
20.115 39.364 -0.53849 112 85 50
20.106 39.349 -0.47887 108 84 50
20.104 39.329 -0.59022 111 85 44
20.146 39.367 -0.44906 108 84 46
20.132 39.347 -0.59039 110 83 48
20.133 39.329 -0.52746 112 85 50
20.148 39.356 -0.50428 109 85 49
20.13 39.368 -0.47965 109 83 42
20.148 39.312 -0.43633 109 81 50
20.141 39.321 -0.55436 108 84 50
20.134 39.447 -0.5284 112 85 50
20.148 39.422 -0.46141 110 83 48
20.118 39.406 -0.46141 110 82 45
20.12 39.4 -0.48955 107 83 47
20.13 39.454 -0.50155 113 86 53
20.126 39.393 -0.51628 111 84 49
20.14 39.421 -0.49096 112 83 51
20.15 39.435 -0.5535 109 81 50
20.145 39.432 -0.58174 110 83 50
20.149 39.399 -0.42718 111 84 51
20.14 39.405 -0.57619 111 84 49
20.141 39.459 -0.44196 110 83 50
20.14 39.455 -0.471 110 81 47
20.117 39.44 -0.44043 112 84 47
20.128 39.415 -0.55056 111 84 49
20.15 39.412 -0.51771 111 84 51
20.149 39.459 -0.58999 110 83 50
20.153 39.468 -0.53198 111 84 49
20.166 39.487 -0.56388 110 82 51
20.155 39.507 -0.48199 111 84 47
20.142 39.507 -0.51366 113 86 53
20.136 39.491 -0.45034 109 81 50
20.145 39.482 -0.47741 108 80 49
20.171 39.519 -0.54249 110 82 51
20.148 39.515 -0.45416 111 84 49
20.149 39.465 -0.56051 110 82 51
20.159 39.519 -0.57322 110 83 48
20.166 39.467 -0.49971 109 84 52
20.174 39.528 -0.48505 111 84 51
20.147 39.535 -0.51844 108 84 50
20.147 39.5 -0.54071 110 83 48
20.172 39.554 -0.52162 108 84 48
20.165 39.614 -0.56737 109 81 50
20.163 39.574 -0.43723 109 82 49
20.169 39.586 -0.52871 110 83 46
20.174 39.579 -0.55763 107 82 50
20.152 39.543 -0.46017 109 81 50
20.239 39.568 -0.42887 109 82 49
20.185 39.534 -0.42554 111 84 49
20.189 39.582 -0.49604 107 83 49
20.216 39.584 -0.58323 109 82 49
20.15 39.559 -0.55534 110 81 47
20.166 39.577 -0.58736 109 81 50
20.162 39.549 -0.58181 108 84 48
20.147 39.571 -0.4979 110 83 50
20.183 39.59 -0.46859 108 80 51
20.16 39.57 -0.46597 107 83 49
20.1 39.662 -0.49383 105 81 47
18.438 39.08 -1.1881 13 10 5
18.483 39.144 -1.203 18 15 0
18.727 39.151 -1.0698 8 15 0
18.646 39.155 -0.9574 13 9 0
18.57 39.209 -1.162 21 9 11
18.576 39.171 -1.1493 13 10 0
18.489 39.258 -1.0187 63 29 0
19.782 39.254 -0.84356 88 71 51
19.752 39.257 -0.71673 98 81 51
20.036 39.206 -0.62288 102 82 58
20.08 39.219 -0.62148 107 85 48
20.097 39.224 -0.70759 109 85 59
19.987 39.221 -0.78558 103 83 59
20.117 39.223 -0.67346 105 84 53
20.12 39.238 -0.73653 108 83 51
20.112 39.214 -0.7295 103 83 59
20.12 39.227 -0.64579 107 83 57
20.107 39.236 -0.62184 108 82 55
19.803 39.248 -0.67197 97 80 60
20.127 39.257 -0.62415 108 83 51
20.13 39.287 -0.60409 110 82 53
20.118 39.286 -0.63485 110 83 48
20.128 39.273 -0.68626 109 85 51
20.1 39.277 -0.72347 112 85 50
20.126 39.262 -0.59705 112 85 50
20.113 39.24 -0.59304 110 83 50
20.118 39.293 -0.75467 109 85 51
20.12 39.254 -0.65388 108 84 48
20.128 39.305 -0.66824 112 85 52
20.127 39.263 -0.74238 112 85 52
20.138 39.275 -0.65649 109 85 49
20.136 39.292 -0.72076 110 83 50
20.11 39.306 -0.70123 110 86 52
20.121 39.243 -0.7076 109 85 49
20.101 39.255 -0.68683 111 84 51
20.138 39.307 -0.63719 110 83 50
20.142 39.345 -0.73626 110 85 53
20.117 39.355 -0.74423 111 84 51
20.11 39.378 -0.63242 112 84 53
20.121 39.379 -0.60179 111 84 51
20.15 39.381 -0.68644 111 87 53
20.15 39.33 -0.64109 111 84 47
20.143 39.338 -0.61648 111 83 52
20.142 39.328 -0.67218 113 86 51
20.148 39.376 -0.714 112 84 53
20.126 39.379 -0.75067 112 85 52
20.136 39.32 -0.7301 111 83 52
20.129 39.355 -0.71188 113 86 49
20.138 39.324 -0.70062 110 85 53
20.141 39.361 -0.65274 111 83 52
20.135 39.313 -0.61002 110 83 50
20.155 39.35 -0.677 110 86 50
20.157 39.465 -0.71076 111 86 54
20.138 39.424 -0.64113 111 83 52
20.161 39.429 -0.72851 111 83 54
20.146 39.388 -0.65842 112 85 52
20.117 39.412 -0.76269 111 83 52
20.162 39.433 -0.69955 111 84 51
20.138 39.467 -0.74549 110 82 53
20.145 39.398 -0.60231 112 85 48
20.129 39.412 -0.73032 110 82 53
20.161 39.449 -0.6138 110 83 50
20.155 39.412 -0.66433 112 85 50
20.129 39.433 -0.6152 109 85 49
20.155 39.389 -0.62896 109 84 54
20.175 39.438 -0.63911 112 85 50
20.153 39.442 -0.67384 112 85 52
20.141 39.431 -0.76419 112 85 52
20.141 39.413 -0.69787 110 86 52
20.168 39.505 -0.62854 110 83 50
20.16 39.539 -0.63954 111 83 52
20.147 39.524 -0.7614 111 84 51
20.159 39.524 -0.72811 110 83 50
20.146 39.485 -0.62742 109 85 51
20.149 39.489 -0.59755 110 83 50
20.15 39.492 -0.74993 108 83 51
20.165 39.547 -0.76417 108 84 50
20.181 39.494 -0.65472 111 82 48
20.153 39.472 -0.68249 113 86 51
20.154 39.476 -0.65355 112 85 52
20.166 39.49 -0.716 109 85 49
20.175 39.527 -0.66449 110 82 43
20.158 39.529 -0.69922 112 84 53
20.155 39.516 -0.60437 109 82 47
20.157 39.5 -0.6894 112 84 53
20.243 39.577 -0.72941 110 83 50
20.167 39.541 -0.60818 110 83 50
20.172 39.554 -0.70333 109 85 51
20.183 39.59 -0.6505 108 84 50
20.187 39.583 -0.67882 111 84 51
20.19 39.592 -0.61997 111 84 47
20.185 39.579 -0.70886 108 83 51
20.179 39.577 -0.74147 110 83 50
19.943 39.733 -0.75912 110 82 51
20.175 39.568 -0.61564 110 83 50
20.176 39.547 -0.73109 109 85 49
20.041 39.68 -0.76001 109 82 49
20.195 39.548 -0.66729 112 84 53
20.171 39.565 -0.6448 109 82 45
20.042 39.69 -0.70094 109 82 49
18.743 39.008 -1.2152 20 22 0
18.454 39.096 -1.2824 120 74 61
18.569 39.069 -1.2877 53 35 23
18.466 39.102 -1.2385 14 6 4
18.553 39.045 -1.2424 29 16 25
20.193 39.179 -0.75848 106 85 58
20.124 39.206 -0.75408 105 85 58
20.178 39.179 -0.79172 108 86 65
20.135 39.228 -0.75885 105 84 53
20.142 39.184 -0.83048 105 88 60
20.14 39.228 -0.90575 109 85 57
20.163 39.231 -0.84125 110 86 60
20.11 39.226 -0.82275 108 85 52
20.138 39.234 -0.87805 109 84 61
20.102 39.223 -0.85384 105 85 60
20.17 39.192 -0.88515 107 87 62
20.124 39.211 -0.87203 106 87 57
20.126 39.226 -0.79002 106 85 54
20.133 39.295 -0.87113 111 83 54
20.128 39.252 -0.7983 112 85 52
20.117 39.288 -0.78219 111 84 51
20.131 39.246 -0.8249 110 85 53
20.132 39.301 -0.84317 111 87 53
20.132 39.29 -0.89983 110 82 51
20.127 39.28 -0.80836 111 87 53
20.139 39.26 -0.88802 110 85 55
20.109 39.264 -0.77612 112 85 50
20.133 39.318 -0.90855 114 85 54
20.123 39.271 -0.86633 112 84 53
20.146 39.301 -0.81067 113 86 53
20.106 39.32 -0.79552 112 86 46
20.12 39.277 -0.83811 111 87 53
20.137 39.337 -0.79403 112 84 53
20.149 39.34 -0.91371 112 84 53
20.184 39.332 -0.8721 113 85 54
20.141 39.313 -0.75621 110 86 52
20.127 39.387 -0.87465 109 85 51
20.142 39.387 -0.84012 110 86 52
20.16 39.361 -0.76724 112 84 53
20.133 39.367 -0.80579 112 84 53
20.145 39.352 -0.85799 114 87 54
20.132 39.362 -0.83332 113 85 56
20.14 39.341 -0.76543 111 83 52
20.137 39.321 -0.88003 111 86 54
20.142 39.33 -0.82174 110 86 50
20.156 39.366 -0.92131 112 85 52
20.129 39.329 -0.85386 112 85 52
20.145 39.375 -0.89722 112 85 52
20.146 39.39 -0.81001 110 85 53
20.148 39.458 -0.77101 112 84 53
20.179 39.454 -0.88577 112 84 53
20.132 39.425 -0.82418 113 86 51
20.151 39.436 -0.88653 112 85 52
20.169 39.464 -0.86042 113 85 54
20.141 39.435 -0.91926 113 85 54
20.167 39.445 -0.79349 111 83 52
20.157 39.41 -0.84524 113 86 53
20.148 39.394 -0.78145 111 83 54
20.158 39.438 -0.8547 111 86 54
20.173 39.414 -0.78183 111 83 54
20.15 39.447 -0.82768 111 86 54
20.166 39.396 -0.89941 113 86 53
20.186 39.446 -0.91204 113 84 50
20.17 39.4 -0.86933 110 86 52
20.189 39.531 -0.7859 110 82 51
20.203 39.504 -0.89786 112 84 53
20.191 39.525 -0.81499 112 85 52
20.173 39.497 -0.84006 114 87 54
20.178 39.551 -0.88917 110 86 52
20.178 39.49 -0.86867 110 86 52
20.168 39.474 -0.80244 112 85 50
20.167 39.48 -0.77468 112 85 50
20.15 39.477 -0.83822 112 85 52
20.163 39.486 -0.93279 113 85 48
20.156 39.515 -0.78679 111 83 52
20.165 39.552 -0.92277 112 84 55
20.164 39.506 -0.81462 112 85 50
20.155 39.536 -0.85712 110 85 53
20.183 39.518 -0.87599 110 85 53
20.155 39.495 -0.90547 110 85 53
20.221 39.589 -0.92257 110 86 52
20.188 39.588 -0.83535 111 84 47
20.172 39.591 -0.87223 111 83 52
20.162 39.579 -0.77529 109 82 49
20.195 39.59 -0.8039 109 82 45
20.21 39.599 -0.89775 112 82 54
20.177 39.567 -0.79984 110 85 53
20.167 39.566 -0.83343 111 82 50
20.186 39.579 -0.89563 110 82 51
20.207 39.589 -0.76969 109 82 47
20.17 39.56 -0.86107 111 83 52
20.182 39.576 -0.92676 110 82 51
18.526 39.097 -1.5758 54 42 18
18.786 39.045 -1.5172 59 42 32
18.64 39.035 -1.5563 57 45 33
18.477 39.069 -1.5806 51 42 3
18.823 39.073 -1.512 54 48 22
18.967 39.04 -1.4965 61 45 28
19.174 39.121 -1.3401 52 41 11
18.676 39.135 -1.5857 56 47 32
18.888 39.13 -1.5132 54 45 28
18.815 39.187 -1.5204 55 40 21
18.716 39.171 -1.5427 53 41 29
18.909 39.16 -1.5257 62 46 33
18.697 39.293 -1.556 55 44 14
18.828 39.219 -1.5319 53 45 22
18.783 39.266 -1.5614 55 43 31
19.062 39.238 -1.4598 55 45 35
18.934 39.189 -1.5252 53 40 31
18.826 39.22 -1.5322 53 45 22
18.666 39.3 -1.567 55 44 14
18.74 39.246 -1.5274 53 39 10
18.937 39.223 -1.5407 55 44 25
19.095 39.264 -1.4637 56 46 21
18.846 39.361 -1.5821 62 50 26
20.187 39.176 -0.93222 104 85 69
20.15 39.219 -0.92926 109 89 64
20.128 39.19 -0.98297 106 85 64
20.142 39.207 -1.0169 109 89 64
20.12 39.224 -0.96907 109 89 62
20.141 39.234 -1.0281 112 89 55
20.14 39.229 -1.0573 110 90 66
20.141 39.239 -0.99937 109 88 59
20.106 39.223 -1.0036 110 90 66
20.139 39.29 -1.0512 113 86 53
20.142 39.244 -0.97159 107 86 55
20.148 39.292 -1.0183 111 87 49
20.152 39.306 -0.93128 110 85 53
20.148 39.32 -1.0287 111 86 54
20.156 39.267 -0.97614 111 86 54
20.145 39.275 -0.95128 115 86 52
20.142 39.282 -0.92487 113 85 54
20.151 39.296 -0.98822 111 87 53
20.151 39.28 -1.0736 111 85 58
20.139 39.305 -0.96418 114 87 54
20.174 39.305 -1.0466 112 84 53
20.121 39.256 -0.95093 111 87 53
20.134 39.269 -1.0131 110 85 55
20.148 39.31 -1.0862 112 89 56
20.132 39.258 -0.92013 111 87 53
20.136 39.258 -1.0695 109 84 54
20.155 39.257 -1.0329 111 85 45
20.138 39.367 -0.95671 113 85 54
20.155 39.333 -0.94023 113 86 53
20.156 39.327 -0.96824 115 86 55
20.154 39.356 -0.9797 112 87 57
20.14 39.381 -1.0545 112 88 52
20.139 39.346 -1.0731 111 86 54
20.142 39.327 -1.0027 114 87 54
20.172 39.344 -1.0009 114 87 54
20.16 39.388 -0.96017 112 87 57
20.175 39.362 -1.0687 112 84 55
20.156 39.384 -0.98981 114 86 55
20.161 39.344 -1.0346 112 87 55
20.161 39.377 -1.0171 115 87 56
20.14 39.405 -1.0967 114 87 52
20.149 39.417 -1.0038 113 85 58
20.193 39.448 -1.0657 115 88 51
20.194 39.452 -1.0367 112 87 55
20.151 39.397 -0.93389 109 85 51
20.173 39.402 -1.0227 113 86 53
20.173 39.442 -0.97593 111 86 54
20.155 39.474 -1.024 115 88 55
20.168 39.449 -0.94863 112 88 54
20.157 39.438 -1.0406 112 87 55
20.162 39.476 -0.99095 113 87 47
20.169 39.438 -1.0055 116 89 54
20.15 39.435 -1.0741 114 87 54
20.198 39.411 -1.082 112 87 55
20.173 39.397 -1.0523 114 87 52
20.18 39.448 -1.1023 114 90 56
20.151 39.421 -0.9743 113 85 54
20.147 39.428 -0.94616 111 87 53
20.163 39.537 -1.0147 114 87 54
20.196 39.549 -1.0411 113 85 54
20.193 39.503 -0.93059 110 86 52
20.193 39.529 -0.97073 113 85 56
20.207 39.502 -1.084 114 85 54
20.188 39.547 -1.0746 112 85 50
20.17 39.498 -1.0286 111 86 56
20.198 39.511 -1.0588 112 87 55
20.166 39.531 -1.0426 110 85 55
20.172 39.477 -0.95818 114 86 55
20.179 39.505 -0.96603 113 85 54
20.169 39.504 -1.0008 114 86 57
20.15 39.502 -1.0673 114 87 52
20.153 39.552 -0.95846 112 85 52
20.169 39.55 -1.1129 113 85 54
20.181 39.483 -1.0833 114 87 52
20.175 39.59 -1.0619 112 85 50
20.209 39.558 -0.94598 111 86 54
20.187 39.59 -1.0261 111 87 51
20.199 39.569 -1.112 113 86 51
20.19 39.578 -1.0861 113 86 53
20.186 39.563 -0.98542 113 85 54
20.199 39.589 -0.99174 112 85 50
20.186 39.558 -1.0159 113 86 51
20.199 39.594 -0.96168 110 82 53
20.208 39.606 -1.0589 112 85 52
19.071 39 -1.5596 60 50 25
19.178 39.013 -1.5278 59 46 14
19.217 39.076 -1.5032 52 42 17
19.048 39.117 -1.5449 54 46 8
19.468 39.037 -1.5012 62 49 40
19.087 39.142 -1.5362 56 44 22
19.374 39.093 -1.5296 58 46 32
19.286 39.087 -1.5213 55 44 22
19.18 39.044 -1.5404 59 48 26
19.361 39.089 -1.5662 58 49 34
19.254 39.205 -1.5021 55 45 18
18.896 39.225 -1.5942 57 49 28
18.995 39.246 -1.5282 56 45 26
19.265 39.163 -1.5189 54 45 16
19.083 39.176 -1.5553 59 45 32
19.306 39.186 -1.5188 60 49 29
19.48 39.108 -1.4573 58 44 17
19.079 39.219 -1.5295 56 44 28
19.118 39.203 -1.5508 53 40 24
19.148 39.137 -1.4759 59 45 36
19.518 39.154 -1.4998 61 52 35
19.264 39.188 -1.5724 55 43 29
19.548 39.116 -1.4739 60 48 36
19.36 39.127 -1.549 57 44 35
19.197 39.144 -1.5411 61 47 21
19.389 39.219 -1.3864 57 44 26
19.455 39.207 -1.5141 56 46 36
19.396 39.228 -1.5057 58 45 27
19.124 39.269 -1.581 58 46 32
19.052 39.294 -1.5791 60 45 26
19.364 39.223 -1.5911 57 47 35
19.128 39.241 -1.526 58 45 27
19.367 39.204 -1.5011 54 45 16
18.815 39.324 -1.6197 62 47 28
19.443 39.242 -1.5345 56 46 36
20.12 39.225 -1.1227 110 88 65
20.158 39.218 -1.0763 110 90 66
20.151 39.237 -1.1477 107 87 62
20.214 39.18 -1.1619 111 85 62
20.101 39.226 -1.161 109 89 64
20.199 39.179 -1.1994 69 50 33
20.189 39.193 -1.146 108 89 57
20.158 39.23 -1.1739 109 88 57
20.173 39.235 -1.1097 111 90 63
20.167 39.222 -1.1963 108 88 61
20.15 39.222 -1.2348 106 88 64
20.148 39.304 -1.1158 113 85 54
20.175 39.307 -1.2015 109 85 51
20.113 39.278 -1.1785 109 84 52
20.154 39.269 -1.1306 110 85 55
20.174 39.275 -1.2179 109 84 52
20.136 39.327 -1.1927 111 83 54
20.168 39.287 -1.1634 113 86 53
20.168 39.282 -1.1935 109 84 54
20.168 39.269 -1.0951 111 86 56
20.156 39.258 -1.1864 105 84 55
20.167 39.244 -1.2369 108 89 59
20.174 39.303 -1.2319 109 84 52
20.181 39.288 -1.1293 108 84 56
20.155 39.246 -1.0894 106 87 57
20.165 39.25 -1.2105 109 90 58
20.176 39.364 -1.226 111 86 54
20.195 39.373 -1.1291 112 87 55
20.16 39.391 -1.1166 113 88 58
20.182 39.397 -1.2061 110 84 57
20.185 39.343 -1.1512 110 85 53
20.161 39.357 -1.1333 111 85 58
20.195 39.352 -1.2452 110 85 53
20.163 39.38 -1.1743 111 86 56
20.181 39.321 -1.1117 112 88 54
20.157 39.363 -1.106 112 88 52
20.153 39.326 -1.1541 110 87 56
20.186 39.39 -1.2332 111 86 54
20.168 39.373 -1.2018 111 87 53
20.162 39.333 -1.0915 112 85 52
20.189 39.384 -1.2614 112 89 58
20.151 39.34 -1.2547 111 87 59
20.182 39.339 -1.1812 110 84 59
20.179 39.334 -1.2117 113 85 56
20.193 39.447 -1.2574 114 86 59
20.2 39.429 -1.1511 112 84 53
20.18 39.432 -1.19 113 85 58
20.181 39.427 -1.2203 111 86 54
20.179 39.422 -1.2512 114 86 55
20.175 39.415 -1.1222 113 85 54
20.177 39.444 -1.1321 112 84 57
20.192 39.468 -1.1377 114 86 57
20.177 39.47 -1.1753 114 86 57
20.198 39.455 -1.1943 112 85 52
20.203 39.469 -1.103 113 85 54
20.18 39.403 -1.1779 112 84 55
20.169 39.412 -1.1535 113 83 55
20.216 39.443 -1.2137 111 86 56
20.176 39.485 -1.279 111 86 54
20.19 39.484 -1.2421 113 85 56
20.176 39.511 -1.1287 113 85 54
20.199 39.506 -1.2803 111 86 56
20.17 39.54 -1.1744 111 87 53
20.179 39.531 -1.1997 113 85 56
20.203 39.541 -1.2622 113 84 52
20.21 39.511 -1.2149 111 86 54
20.159 39.503 -1.2271 113 86 53
20.186 39.554 -1.2398 112 85 50
20.205 39.555 -1.1695 111 86 54
20.181 39.503 -1.1548 112 84 57
20.241 39.493 -1.2269 113 85 56
20.189 39.495 -1.1819 112 85 52
20.195 39.534 -1.1322 114 87 52
20.2 39.552 -1.2012 113 84 53
20.171 39.654 -1.3195 111 83 52
20.225 39.568 -1.2341 110 85 53
20.167 39.6 -1.2321 110 86 52
20.2 39.617 -1.2285 109 85 51
20.188 39.568 -1.148 113 86 53
20.214 39.593 -1.1173 109 85 51
20.189 39.595 -1.1902 111 84 51
20.225 39.583 -1.1427 110 84 57
20.264 39.581 -1.2263 112 84 53
20.249 39.583 -1.2645 113 85 54
20.198 39.575 -1.2767 113 85 54
19.76 38.9 -1.463 59 47 33
19.443 38.939 -1.542 66 52 41
19.811 38.924 -1.4191 60 48 34
19.594 38.935 -1.5161 66 50 33
19.684 38.941 -1.5143 56 48 37
19.493 38.96 -1.5315 59 50 35
19.36 38.946 -1.6171 63 51 25
19.469 38.921 -1.5955 60 55 26
19.484 38.99 -1.5506 65 48 38
19.716 38.956 -1.5422 59 47 35
19.688 39.002 -1.5064 57 45 31
19.802 38.973 -1.4791 60 50 25
19.69 39.03 -1.5206 57 50 30
19.569 39.039 -1.4996 63 46 36
19.765 39.008 -1.5121 55 45 35
19.755 38.955 -1.493 63 49 38
19.607 39.025 -1.5135 53 46 30
19.783 38.956 -1.4442 62 48 35
19.723 38.967 -1.4765 65 51 38
19.58 39.002 -1.5129 57 50 30
19.488 39.027 -1.5241 58 45 37
19.787 38.976 -1.4858 60 50 25
19.469 39.127 -1.5472 58 45 36
19.684 39.095 -1.5193 50 45 23
19.65 39.103 -1.5374 50 45 23
19.585 39.111 -1.603 57 45 21
19.654 39.109 -1.4998 57 46 24
19.636 39.07 -1.5609 56 46 36
19.551 39.14 -1.5156 52 44 31
19.639 39.054 -1.4816 57 43 32
19.635 39.083 -1.4998 54 44 32
19.774 39.096 -1.5182 52 46 24
19.577 39.06 -1.5448 52 43 26
19.87 39.013 -1.4695 53 45 34
19.638 39.054 -1.4824 57 43 32
19.609 39.186 -1.5191 54 41 32
19.607 39.156 -1.5054 52 42 30
19.788 39.157 -1.506 51 43 20
19.598 39.152 -1.5449 56 44 30
19.656 39.211 -1.4787 53 43 33
19.858 39.105 -1.4859 57 46 27
19.614 39.216 -1.5315 51 43 22
19.575 39.151 -1.5925 58 49 34
19.705 39.155 -1.5039 54 42 30
19.594 39.196 -1.4943 55 43 27
19.708 39.148 -1.5343 50 44 32
19.644 39.239 -1.5298 51 44 28
19.661 39.24 -1.4883 53 43 34
19.819 39.178 -1.5045 53 41 29
19.715 39.213 -1.5249 47 41 19
20.142 39.219 -1.2668 88 70 56
20.155 39.21 -1.29 84 72 60
20.166 39.218 -1.3835 44 36 15
20.147 39.245 -1.2773 107 89 65
20.15 39.228 -1.3629 91 75 62
20.202 39.19 -1.2916 42 35 15
20.009 39.228 -1.3531 45 36 31
20.159 39.23 -1.3288 84 71 53
20.167 39.233 -1.2959 106 89 69
20.138 39.305 -1.3093 109 85 57
20.19 39.299 -1.3793 87 63 35
20.171 39.27 -1.2499 110 84 57
20.18 39.257 -1.3016 103 85 61
20.166 39.279 -1.3816 102 76 53
20.163 39.285 -1.3531 107 83 55
20.179 39.296 -1.2579 111 86 56
20.178 39.309 -1.3572 108 84 56
20.165 39.29 -1.3229 107 86 55
20.18 39.262 -1.2726 109 85 57
20.163 39.257 -1.3374 106 86 61
20.167 39.323 -1.3054 108 84 56
20.201 39.305 -1.3168 108 82 55
20.178 39.247 -1.3599 80 68 46
20.192 39.338 -1.3355 110 84 57
20.181 39.336 -1.3713 110 86 50
20.207 39.366 -1.3108 110 84 57
20.179 39.382 -1.2968 113 85 56
20.189 39.392 -1.3947 80 63 35
20.169 39.371 -1.3889 104 80 54
20.216 39.387 -1.3489 108 85 52
20.174 39.326 -1.2746 110 84 57
20.177 39.348 -1.3145 110 84 57
20.185 39.351 -1.2794 111 85 58
20.201 39.363 -1.3438 109 83 56
20.192 39.468 -1.3301 114 86 57
20.184 39.476 -1.3038 113 85 54
20.186 39.465 -1.3649 110 85 55
20.193 39.412 -1.2731 113 88 58
20.196 39.419 -1.4064 82 66 43
20.193 39.406 -1.3029 112 87 57
20.216 39.478 -1.3956 86 66 41
20.189 39.444 -1.2883 113 85 56
20.226 39.418 -1.3263 109 86 55
20.184 39.46 -1.3962 87 66 35
20.18 39.442 -1.324 112 86 59
20.227 39.412 -1.3557 102 77 54
20.195 39.4 -1.3308 111 82 58
20.209 39.56 -1.3327 112 84 53
20.2 39.526 -1.3524 110 85 53
20.209 39.533 -1.2893 113 86 51
20.187 39.506 -1.3157 114 86 57
20.197 39.496 -1.3434 111 85 60
20.214 39.515 -1.3763 106 82 54
20.214 39.552 -1.3618 113 85 58
20.221 39.543 -1.3898 84 64 37
20.216 39.509 -1.4055 82 64 44
20.279 39.512 -1.3818 85 64 45
20.228 39.478 -1.354 110 84 57
20.207 39.529 -1.3198 112 87 57
20.069 39.699 -1.4059 113 85 54
19.951 39.752 -1.5037 111 85 58
20.228 39.567 -1.4281 85 65 40
20.28 39.58 -1.3802 83 62 45
20.2 39.569 -1.3076 113 85 56
20.222 39.581 -1.3698 113 85 56
20.168 39.601 -1.4329 85 65 41
20.21 39.597 -1.3169 111 86 56
20.213 39.59 -1.3442 111 86 56
20.057 39.771 -1.4812 67 44 13
20.122 39.768 -1.4959 67 42 22
19.903 39.813 -1.5491 110 85 53
19.861 39.841 -1.5335 108 86 62
20.041 39.816 -1.5086 67 39 25
