97
-0.037019 0.53414 -0.097845 0.8389 9.2295 -1.3053 -0.35708
12.833 0.59701 -0.97889 48 38 26
12.698 -1.1705 -1.8777 38 22 5
12.114 -1.1898 -1.6551 41 24 14
12.138 -1.314 -1.6811 38 22 9
12.102 -1.2835 -1.6631 36 19 11
12.088 -1.279 -1.6893 34 22 8
12.005 -1.2543 -1.6098 41 24 16
11.888 -1.3096 -1.596 39 22 12
12.003 -1.3053 -1.6851 38 25 16
12.088 -1.2789 -1.6888 34 22 8
11.923 -1.4236 -1.6233 38 25 9
11.979 -1.3974 -1.6509 44 27 10
12.183 -1.3766 -1.7076 42 22 0
11.849 -1.028 -1.7136 45 28 11
11.698 -1.0675 -1.6664 50 32 12
11.59 -1.1049 -1.6075 48 30 10
11.695 -1.0632 -1.6954 47 30 10
11.695 -1.04 -1.6607 50 32 12
11.779 -1.069 -1.6441 49 28 9
11.559 -1.1076 -1.5915 48 30 10
11.656 -1.0946 -1.6777 46 30 4
11.857 -1.154 -1.6633 38 26 14
11.596 -1.188 -1.5964 44 28 5
11.739 -1.157 -1.6377 42 26 3
11.706 -1.2005 -1.7138 42 25 5
11.68 -1.1791 -1.6702 46 27 13
11.725 -1.1486 -1.6856 48 29 13
11.522 -1.2128 -1.5841 46 25 6
11.701 -1.1863 -1.6167 42 25 5
11.617 -1.1868 -1.6065 44 28 5
11.595 -1.1352 -1.5859 46 35 7
11.738 -1.1199 -1.6927 48 30 20
11.561 -1.2329 -1.6369 42 21 16
11.65 -1.234 -1.6567 42 26 13
11.563 -1.2664 -1.5848 42 25 15
11.674 -1.2679 -1.6103 44 25 9
11.695 -1.237 -1.6534 43 22 19
11.748 -1.2115 -1.6429 41 24 4
11.893 -1.1811 -1.6832 41 26 7
11.587 -1.2616 -1.6216 47 26 9
11.701 -1.2404 -1.6215 42 23 6
11.643 -1.339 -1.6589 45 24 21
11.825 -1.2974 -1.6602 40 24 0
11.689 -1.2862 -1.679 40 18 7
11.623 -1.3131 -1.6478 45 27 3
11.825 -1.3213 -1.6952 40 22 8
11.665 -1.3432 -1.6442 42 23 9
11.72 -1.294 -1.6364 44 27 19
11.856 -1.269 -1.6752 42 27 8
11.626 -1.291 -1.6182 42 27 8
11.831 -1.4126 -1.6446 39 23 10
11.775 -1.4027 -1.6743 40 23 15
11.737 -1.4315 -1.6272 39 24 5
11.578 -1.3635 -1.6255 42 25 18
11.817 -1.3805 -1.6626 36 26 17
11.853 -1.4093 -1.6836 43 24 10
11.742 -1.375 -1.657 42 25 8
11.677 -1.3696 -1.6518 37 20 0
11.647 -1.3689 -1.6358 37 20 0
11.763 -1.4593 -1.6412 36 22 13
12.646 0.62177 -1.5011 29 23 0
11.889 -1.2978 -1.5823 36 20 5
12.069 -1.2662 -1.6619 39 22 2
11.906 -1.4067 -1.6277 36 18 6
11.769 -1.1057 -1.6946 48 31 11
11.596 -1.0622 -1.6256 49 31 11
11.595 -1.0889 -1.6256 49 32 12
11.625 -1.086 -1.6421 49 32 12
11.815 -1.0487 -1.6781 44 27 19
12.02 -1.0224 -1.8181 52 35 17
11.664 -1.1413 -1.6361 47 32 3
11.717 -1.1741 -1.6099 44 27 7
11.667 -1.1728 -1.6177 44 27 17
11.831 -1.1588 -1.7346 46 29 12
11.616 -1.1976 -1.6169 47 28 14
11.615 -1.1938 -1.6504 50 28 7
12.057 -1.1859 -1.7811 41 24 6
11.649 -1.2185 -1.6683 43 26 6
11.622 -1.2803 -1.6032 38 21 4
11.644 -1.2275 -1.6116 43 24 17
11.666 -1.2754 -1.6528 43 26 0
11.74 -1.255 -1.6242 41 24 7
11.524 -1.2486 -1.6018 42 21 16
11.67 -1.271 -1.6805 46 26 1
11.582 -1.251 -1.6056 42 21 18
11.612 -1.3282 -1.6313 44 25 11
11.645 -1.3018 -1.6429 46 24 9
11.723 -1.2826 -1.6228 42 25 8
11.829 -1.3056 -1.714 40 22 8
11.816 -1.3094 -1.6732 41 24 16
11.552 -1.3523 -1.5971 43 22 19
11.608 -1.4112 -1.5744 42 23 9
11.902 -1.399 -1.6924 42 22 11
11.692 -1.3588 -1.6458 36 19 9
11.831 -1.4241 -1.6575 43 23 22
11.692 -1.3885 -1.6148 42 25 8
11.857 -1.3897 -1.7325 39 25 0
