2233
0.071243 0.49328 0.097324 0.86147 8.4427 5.4023 -0.17177
10.069 4.6376 -0.20171 73 52 21
10.847 3.6125 -0.20806 69 49 12
10.876 3.5865 -0.1565 65 48 20
10.968 3.5539 -0.17945 60 43 13
10.764 3.6411 -0.18813 91 66 34
10.808 3.6395 -0.18096 67 47 23
11.015 3.5217 -0.20596 64 41 7
10.777 3.6298 -0.16403 88 65 31
10.694 3.6625 -0.16812 91 67 33
10.609 3.6697 -0.17697 73 46 1
10.707 3.6545 -0.1925 75 51 13
10.667 3.6517 -0.15046 75 47 18
10.677 3.6457 -0.1746 74 47 14
10.635 3.6506 -0.20186 69 47 0
10.727 3.6407 -0.2161 73 46 3
10.708 3.6532 -0.19188 75 51 13
10.671 3.6519 -0.1981 72 47 3
10.602 3.6738 -0.15366 71 44 0
10.539 3.6957 -0.15671 75 50 4
10.569 3.6725 -0.18119 71 43 4
10.508 3.6948 -0.20619 76 48 8
10.496 3.702 -0.16307 80 48 7
10.475 3.6938 -0.20897 75 45 19
10.475 3.6923 -0.19209 74 46 6
10.513 3.6892 -0.18569 73 47 7
10.576 3.6685 -0.20478 73 45 5
10.468 3.6972 -0.16832 73 45 0
10.374 3.6936 -0.15664 69 46 4
10.465 3.672 -0.1725 74 47 2
10.37 3.6987 -0.179 76 48 0
10.437 3.6663 -0.15429 74 49 5
10.411 3.6641 -0.2004 74 47 10
10.461 3.6762 -0.19438 73 48 4
10.459 3.649 -0.17639 72 48 0
10.436 3.6696 -0.19897 75 45 11
10.452 3.6816 -0.15051 71 46 2
10.189 3.7822 -0.19044 67 46 1
10.375 3.6655 -0.16165 58 37 6
10.391 3.6536 -0.20495 56 37 3
10.315 3.6929 -0.18765 68 47 2
10.345 3.6935 -0.1826 61 36 6
10.083 4.6336 -0.2203 75 55 28
10.946 3.5412 -0.23758 66 48 24
10.758 3.6531 -0.28696 68 49 19
10.732 3.6436 -0.31485 94 70 36
10.801 3.625 -0.33871 67 49 13
10.823 3.6104 -0.36814 66 45 24
10.817 3.6068 -0.26402 89 68 49
10.727 3.6496 -0.34017 95 72 38
10.741 3.6316 -0.24154 95 71 37
10.704 3.6614 -0.26456 93 66 31
11.023 3.52 -0.25986 65 47 25
10.931 3.5604 -0.34473 68 49 19
10.799 3.6242 -0.31433 70 45 15
10.698 3.6685 -0.28838 92 68 30
10.832 3.6273 -0.25893 71 46 23
10.705 3.6611 -0.26449 93 66 31
10.782 3.6316 -0.23619 77 59 35
10.666 3.6661 -0.34152 66 38 9
10.584 3.6695 -0.32148 71 45 4
10.681 3.6459 -0.22011 73 45 6
10.661 3.6397 -0.34598 71 41 13
10.658 3.6689 -0.29015 75 47 7
10.566 3.6778 -0.22713 73 44 20
10.687 3.6476 -0.31949 77 49 9
10.628 3.6623 -0.29535 69 44 12
10.602 3.6785 -0.22355 75 47 10
10.611 3.6747 -0.27007 73 47 6
10.601 3.6529 -0.27496 73 47 6
10.605 3.654 -0.34734 72 42 14
10.589 3.6641 -0.29876 73 49 15
10.649 3.6723 -0.24337 70 46 20
10.626 3.6654 -0.32107 72 46 6
10.69 3.6424 -0.26971 72 47 17
10.579 3.6692 -0.24872 74 49 5
10.622 3.6641 -0.248 73 45 18
10.524 3.6891 -0.3224 71 43 6
10.554 3.6661 -0.34893 74 46 7
10.455 3.7138 -0.25495 77 49 20
10.494 3.6826 -0.27972 75 49 8
10.533 3.68 -0.29939 73 45 6
10.542 3.6687 -0.23181 73 45 16
10.532 3.6799 -0.2772 70 47 5
10.467 3.6778 -0.30622 72 45 8
10.457 3.6829 -0.23745 72 44 13
10.449 3.6943 -0.32702 72 46 6
10.451 3.6893 -0.25954 73 46 13
10.47 3.7001 -0.23424 74 47 4
10.485 3.6617 -0.28445 71 43 12
10.474 3.7004 -0.30007 74 46 19
10.493 3.6857 -0.32581 70 43 8
10.527 3.6824 -0.25242 73 45 16
10.451 3.6639 -0.3325 73 48 2
10.46 3.684 -0.30691 72 45 8
10.453 3.6908 -0.32596 72 46 6
10.457 3.653 -0.22046 71 47 19
10.439 3.6699 -0.24345 75 48 13
10.388 3.6612 -0.31494 54 32 8
10.454 3.6291 -0.26983 72 44 15
10.431 3.6529 -0.33531 74 49 3
10.426 3.6531 -0.24518 74 46 6
10.363 3.6813 -0.26668 56 37 7
10.381 3.6948 -0.28626 72 43 22
10.401 3.6486 -0.29332 58 33 10
10.414 3.667 -0.31164 76 46 8
10.458 3.6801 -0.2137 76 48 8
10.425 3.6523 -0.22294 77 51 10
10.481 3.6358 -0.2891 70 45 13
10.397 3.6492 -0.22788 58 35 2
10.436 3.6759 -0.30786 74 47 10
10.457 3.6554 -0.26521 73 45 14
10.419 3.6628 -0.31186 67 41 16
10.391 3.6541 -0.22837 58 35 2
10.366 3.6784 -0.24599 63 40 7
10.264 3.7153 -0.23398 73 48 16
10.225 3.7279 -0.29491 74 47 10
10.311 3.6977 -0.20744 71 47 13
10.207 3.7452 -0.31313 71 45 4
10.246 3.7327 -0.251 68 44 18
10.334 3.6815 -0.29332 62 31 11
10.246 3.7335 -0.27182 73 50 17
10.262 3.7204 -0.31242 68 41 8
10.189 3.7351 -0.29757 70 43 8
10.341 3.6743 -0.2725 69 43 18
10.206 3.7431 -0.25364 72 46 5
10.235 3.7175 -0.27518 74 47 10
10.227 3.7478 -0.20918 71 47 13
10.334 3.682 -0.31521 65 35 19
10.298 3.7112 -0.2279 59 35 7
10.247 3.7337 -0.29209 69 45 19
10.313 3.6984 -0.24943 61 40 9
10.191 3.7339 -0.31707 73 47 0
10.191 3.7335 -0.29769 70 43 8
10.186 3.7374 -0.27625 73 47 6
10.161 3.7342 -0.25947 74 49 19
10.123 3.7466 -0.28048 71 46 23
10.142 3.728 -0.30237 75 47 10
10.136 3.7597 -0.2969 70 46 8
10.089 3.7548 -0.30171 73 46 1
10.174 3.7473 -0.25763 73 50 19
10.204 3.7188 -0.23699 75 50 20
10.164 3.7326 -0.27871 76 50 10
10.093 3.75 -0.28266 74 45 13
10.98 3.5353 -0.48889 64 48 13
10.804 3.6339 -0.4977 67 46 19
10.694 3.6853 -0.48954 88 70 32
10.817 3.6207 -0.446 65 46 12
10.772 3.6206 -0.42159 94 69 37
10.68 3.6566 -0.36699 73 48 4
10.826 3.5759 -0.37557 85 66 26
10.731 3.6245 -0.47538 68 45 3
10.764 3.6249 -0.39545 90 67 26
10.766 3.6236 -0.3957 90 67 26
10.689 3.6579 -0.49573 68 42 19
10.686 3.6559 -0.41684 75 48 1
10.746 3.6438 -0.47141 91 68 27
10.815 3.6182 -0.39424 61 41 7
10.824 3.6174 -0.47355 68 47 26
10.736 3.6498 -0.44282 90 67 25
10.629 3.6728 -0.46697 69 43 16
10.647 3.6603 -0.4957 73 45 16
10.708 3.6403 -0.44864 66 43 9
10.555 3.6707 -0.44492 70 46 8
10.553 3.6737 -0.46894 73 44 20
10.533 3.6846 -0.37058 69 43 2
10.627 3.6458 -0.49878 69 44 14
10.499 3.6871 -0.44427 71 44 7
10.55 3.6719 -0.39718 71 45 4
10.578 3.6804 -0.41762 71 44 1
10.644 3.6592 -0.44556 72 49 8
10.701 3.6093 -0.37514 73 46 3
10.615 3.6534 -0.46925 71 46 14
10.557 3.6673 -0.42142 67 43 7
10.644 3.6563 -0.39576 76 48 8
10.582 3.6755 -0.39262 74 44 6
10.526 3.6667 -0.47029 72 44 17
10.583 3.6736 -0.36997 72 44 4
10.532 3.6924 -0.48958 65 44 13
10.581 3.6797 -0.44286 70 43 8
10.5 3.655 -0.40223 74 49 3
10.451 3.6985 -0.44231 71 46 14
10.48 3.698 -0.34767 73 45 5
10.433 3.6843 -0.42127 78 50 1
10.455 3.6968 -0.46603 72 47 15
10.524 3.6655 -0.42257 67 42 20
10.446 3.6701 -0.35342 74 48 0
10.524 3.6337 -0.38015 71 48 4
10.483 3.667 -0.3525 71 44 0
10.47 3.6498 -0.38134 75 47 7
10.442 3.7054 -0.41839 75 47 7
10.437 3.6829 -0.46862 75 47 20
10.437 3.6813 -0.4487 71 45 20
10.494 3.688 -0.37067 68 45 3
10.434 3.6826 -0.39896 71 48 6
10.497 3.6864 -0.39519 72 44 7
10.407 3.681 -0.46987 72 47 17
10.419 3.6699 -0.4721 72 47 17
10.413 3.6741 -0.4489 72 44 15
10.408 3.645 -0.33955 57 36 9
10.329 3.6881 -0.33505 64 44 20
10.367 3.6576 -0.42909 63 42 25
10.438 3.6479 -0.35952 75 47 7
10.343 3.6764 -0.3601 67 44 0
10.42 3.6664 -0.40243 71 45 4
10.353 3.6705 -0.4504 61 38 20
10.42 3.667 -0.42544 73 49 15
10.247 3.7386 -0.4178 65 43 19
10.28 3.7094 -0.44487 69 47 10
10.398 3.6562 -0.38285 56 33 0
10.383 3.6702 -0.40385 56 36 2
10.344 3.677 -0.40453 61 43 21
10.44 3.6477 -0.38242 73 44 4
10.374 3.6796 -0.42479 55 34 5
10.394 3.6627 -0.45225 55 36 6
10.394 3.6585 -0.35955 52 33 0
10.326 3.6927 -0.37962 53 33 6
10.28 3.7054 -0.33692 70 46 10
10.189 3.7395 -0.41925 73 52 9
10.192 3.7362 -0.39922 78 51 14
10.262 3.7243 -0.39866 70 47 13
10.192 3.7342 -0.33745 72 43 9
10.239 3.7181 -0.37979 71 48 14
10.223 3.7345 -0.44105 73 45 16
10.237 3.7201 -0.40062 72 49 7
10.241 3.7175 -0.42207 71 48 14
10.21 3.7435 -0.33538 69 47 0
10.201 3.7287 -0.44143 69 46 15
10.266 3.7192 -0.37788 64 40 12
10.188 3.7389 -0.37808 72 44 7
10.194 3.7345 -0.40018 78 51 14
10.175 3.7257 -0.4027 77 50 29
10.175 3.7502 -0.35701 71 42 10
10.222 3.7331 -0.3569 74 48 8
10.261 3.7237 -0.3555 68 42 17
10.165 3.7365 -0.42162 73 50 17
10.117 3.7551 -0.35882 75 49 9
10.084 3.7612 -0.33943 68 44 10
10.11 3.738 -0.42277 76 46 18
10.104 3.7435 -0.40161 80 55 25
10.098 3.7464 -0.3216 69 46 13
10.153 3.7444 -0.31876 72 46 5
10.175 3.725 -0.38185 74 46 9
10.121 3.7526 -0.3992 73 48 16
10.133 3.7385 -0.34158 72 44 4
10.092 3.7536 -0.36064 69 45 17
10.093 3.7534 -0.37999 71 45 20
10.067 3.7538 -0.38106 77 50 3
10.101 3.7712 -0.3766 66 45 16
10.066 3.7558 -0.42005 77 51 10
10.123 3.7481 -0.31915 74 48 7
10.06 3.7615 -0.39982 80 56 30
10.141 3.7306 -0.3424 72 44 4
10.182 3.7182 -0.36168 72 45 8
10.141 3.7569 -0.33685 68 49 17
10.112 3.7608 -0.42056 71 48 15
10.056 3.7641 -0.3597 68 46 7
10.743 3.6853 -0.56565 62 44 20
10.756 3.6456 -0.60658 89 65 31
10.833 3.6223 -0.64108 63 44 12
10.918 3.5637 -0.71419 65 44 15
11.121 3.4434 -0.65774 65 46 16
10.749 3.6524 -0.63219 75 59 23
10.707 3.7177 -0.63914 65 46 12
11.208 3.3875 -0.77097 64 47 17
10.806 3.6118 -0.67205 88 68 31
10.719 3.6103 -0.61152 68 43 0
10.647 3.6684 -0.62423 64 42 3
10.687 3.6647 -0.57416 69 49 15
10.809 3.6018 -0.55609 89 65 37
10.658 3.6528 -0.52407 70 47 14
10.578 3.6892 -0.56481 69 43 18
10.701 3.6213 -0.5567 71 48 17
10.672 3.6505 -0.65525 68 43 0
10.712 3.6774 -0.56641 90 67 34
10.592 3.6824 -0.64472 65 42 8
10.817 3.5941 -0.53591 87 68 36
10.724 3.6414 -0.66119 76 54 15
10.558 3.7625 -0.52579 85 61 33
10.713 3.6416 -0.5252 68 45 14
10.685 3.6685 -0.5993 65 37 0
10.641 3.6401 -0.60514 68 45 1
10.725 3.604 -0.58717 67 43 5
10.809 3.5747 -0.6518 67 39 2
10.625 3.655 -0.62671 65 42 0
10.537 3.664 -0.59581 72 46 6
10.566 3.6414 -0.62861 70 44 17
10.594 3.6487 -0.62704 68 43 11
10.516 3.6773 -0.51804 70 40 12
10.495 3.6681 -0.56859 68 45 1
10.532 3.6658 -0.54486 68 45 4
10.524 3.6735 -0.56872 73 43 5
10.604 3.667 -0.54558 67 41 16
10.528 3.6661 -0.49519 72 46 6
10.562 3.6694 -0.51836 70 45 15
10.611 3.6321 -0.57914 71 46 0
10.612 3.6331 -0.60447 71 43 4
10.603 3.666 -0.52127 72 48 14
10.458 3.7017 -0.60982 68 41 4
10.579 3.6568 -0.54768 72 45 8
10.445 3.7113 -0.5823 70 44 3
10.445 3.6514 -0.57172 69 44 0
10.447 3.651 -0.59631 68 42 17
10.427 3.6665 -0.5443 70 44 4
10.41 3.6793 -0.49366 71 47 13
10.471 3.6864 -0.54078 68 45 4
10.464 3.6328 -0.52698 76 50 10
10.388 3.672 -0.54211 55 32 0
10.455 3.6981 -0.49067 72 51 24
10.441 3.6823 -0.51725 70 44 17
10.484 3.6746 -0.51867 67 47 13
10.454 3.6719 -0.54223 73 45 8
10.448 3.6779 -0.56691 69 46 5
10.487 3.6475 -0.62345 72 44 7
10.381 3.6786 -0.56454 53 33 0
10.431 3.6896 -0.49167 74 49 19
10.454 3.6458 -0.62211 71 44 7
10.396 3.6665 -0.59213 48 31 5
10.484 3.6491 -0.59844 72 46 5
10.282 3.7111 -0.53272 65 42 0
10.289 3.7055 -0.55644 71 46 2
10.232 3.7293 -0.50605 70 44 4
10.255 3.7081 -0.53437 73 44 10
10.418 3.6426 -0.47716 50 33 3
10.318 3.6757 -0.47365 68 39 17
10.385 3.6443 -0.52454 57 39 3
10.323 3.6715 -0.49637 66 39 20
10.435 3.6288 -0.52847 54 31 0
10.369 3.6615 -0.59103 58 37 16
10.382 3.6479 -0.54758 63 42 11
10.353 3.6713 -0.47303 65 43 2
10.284 3.7085 -0.51186 64 41 0
10.239 3.7241 -0.57476 71 44 11
10.254 3.7099 -0.55595 67 43 7
10.354 3.6719 -0.49617 55 35 10
10.324 3.6743 -0.58812 67 44 3
10.415 3.6454 -0.5008 57 34 3
10.355 3.6734 -0.56606 55 34 3
10.189 3.7432 -0.5473 67 42 19
10.192 3.7136 -0.53152 70 43 0
10.177 3.7258 -0.46469 73 47 24
10.198 3.733 -0.46176 72 46 6
10.163 3.739 -0.44101 75 49 8
10.184 3.7218 -0.55117 70 45 13
10.206 3.7252 -0.48604 71 46 0
10.131 3.7454 -0.50293 69 46 5
10.233 3.7009 -0.51381 73 45 6
10.183 3.7484 -0.52349 71 43 6
10.162 3.7411 -0.50356 71 42 8
10.218 3.74 -0.46083 70 44 17
10.137 3.74 -0.52487 73 44 12
10.141 3.7613 -0.47885 72 50 3
10.12 3.7571 -0.5422 70 40 12
10.223 3.7364 -0.4834 70 48 7
10.106 3.7425 -0.4619 73 44 10
10.071 3.7527 -0.52146 69 45 11
10.106 3.7435 -0.48352 68 47 0
10.082 3.7404 -0.44197 71 47 11
10.14 3.7109 -0.55305 67 42 12
10.082 3.7409 -0.4843 72 47 0
10.052 3.7466 -0.50175 68 43 20
10.043 3.7554 -0.48045 69 45 9
10.082 3.7406 -0.46239 67 48 5
10.054 3.7447 -0.52265 66 46 12
10.077 3.7468 -0.50353 69 44 21
10.107 3.7409 -0.44256 71 45 20
10.056 3.7685 -0.53873 69 44 12
10.131 3.744 -0.43985 73 45 18
10.143 3.7323 -0.46343 73 44 22
10.152 3.7243 -0.48699 71 44 0
10.102 3.7474 -0.50237 70 41 9
10.113 3.7373 -0.52555 70 42 11
10.051 3.7474 -0.50192 68 43 20
10.043 3.755 -0.46071 71 44 9
10.9 3.579 -0.74103 63 44 12
10.998 3.5087 -0.79665 62 44 24
10.816 3.6062 -0.70285 86 66 32
10.747 3.6297 -0.7493 82 61 32
10.794 3.5994 -0.84781 85 62 28
10.81 3.614 -0.75974 88 64 36
10.753 3.6278 -0.81119 85 64 19
10.997 3.5165 -0.88882 7 8 0
10.767 3.6163 -0.78236 71 50 21
10.736 3.6764 -0.82153 0 11 0
10.975 3.5303 -0.85306 10 12 1
10.986 3.5202 -0.82393 46 32 6
11.026 3.4976 -0.92635 8 8 0
10.862 3.5732 -0.73974 79 55 19
10.795 3.6253 -0.75582 88 64 36
10.941 3.5176 -0.82479 88 65 34
10.781 3.6091 -0.84469 85 62 28
10.711 3.6237 -0.71996 66 40 15
10.699 3.638 -0.80002 66 42 4
10.595 3.6529 -0.70416 66 41 18
10.727 3.6411 -0.68986 64 38 11
10.589 3.6584 -0.73202 68 46 9
10.655 3.6376 -0.73881 69 47 6
10.672 3.6605 -0.81938 69 44 0
10.654 3.64 -0.76648 71 44 9
10.592 3.6577 -0.75811 68 40 3
10.6 3.6535 -0.78684 69 42 7
10.635 3.6504 -0.68118 71 42 10
10.713 3.6254 -0.77547 68 44 16
10.674 3.6504 -0.68473 63 40 7
10.686 3.6444 -0.74035 68 42 15
10.673 3.6281 -0.82762 63 41 0
10.674 3.6256 -0.79954 65 43 4
10.719 3.6488 -0.71679 90 64 39
10.725 3.6429 -0.6886 64 38 11
10.603 3.677 -0.69901 69 44 21
10.493 3.6775 -0.71803 66 45 0
10.583 3.6026 -0.77158 68 43 0
10.606 3.6409 -0.65519 70 41 17
10.558 3.6521 -0.70445 66 42 4
10.457 3.6768 -0.68939 69 45 19
10.559 3.6555 -0.7826 66 45 2
10.471 3.6655 -0.7198 65 38 5
10.561 3.6508 -0.73068 68 47 18
10.608 3.6137 -0.77111 66 43 0
10.481 3.6833 -0.64051 69 45 7
10.518 3.6822 -0.64304 67 43 7
10.459 3.6734 -0.66676 70 44 19
10.498 3.6758 -0.77148 67 41 0
10.514 3.6582 -0.69942 68 45 4
10.502 3.6664 -0.67316 69 43 16
10.594 3.6521 -0.68012 68 44 8
10.526 3.677 -0.67086 67 43 7
10.466 3.6704 -0.71809 65 38 5
10.572 3.5811 -0.77614 64 43 0
10.459 3.678 -0.76809 65 41 5
10.39 3.6741 -0.63756 48 32 0
10.427 3.6451 -0.74675 52 30 6
10.424 3.6471 -0.72079 49 28 0
10.44 3.6602 -0.66917 66 38 9
10.436 3.6665 -0.71592 70 45 0
10.397 3.6403 -0.69503 58 36 15
10.453 3.6501 -0.6977 64 44 10
10.435 3.6634 -0.64236 69 42 9
10.417 3.6841 -0.73629 68 42 1
10.403 3.6631 -0.66626 44 23 2
10.447 3.6569 -0.71919 70 45 0
10.407 3.661 -0.69096 49 31 9
10.383 3.6515 -0.66793 54 32 9
10.455 3.6157 -0.62966 52 32 0
10.38 3.6569 -0.71467 45 29 0
10.401 3.639 -0.74617 47 32 0
10.472 3.6617 -0.64499 68 44 6
10.22 3.7173 -0.64301 66 41 11
10.259 3.7086 -0.66956 65 40 8
10.215 3.7225 -0.66351 66 43 0
10.264 3.7054 -0.69389 64 40 4
10.332 3.6702 -0.68409 64 42 1
10.232 3.7067 -0.69235 67 42 0
10.37 3.6618 -0.61511 59 41 5
10.343 3.6592 -0.66231 60 38 14
10.256 3.7108 -0.64703 71 43 12
10.357 3.6493 -0.73928 59 37 0
10.211 3.7249 -0.61889 71 47 13
10.251 3.7137 -0.60014 72 45 8
10.312 3.6864 -0.63155 66 44 7
10.342 3.6587 -0.6157 66 43 1
10.305 3.668 -0.7311 63 43 8
10.349 3.6549 -0.71418 58 41 11
10.387 3.6477 -0.64402 55 32 1
10.259 3.7073 -0.62422 69 42 7
10.197 3.7109 -0.64407 69 42 0
10.182 3.7243 -0.59444 68 46 7
10.143 3.7373 -0.65632 65 42 8
10.239 3.6972 -0.5815 68 44 8
10.111 3.7413 -0.63192 63 42 0
10.183 3.7245 -0.61694 69 46 13
10.18 3.7016 -0.68943 65 41 7
10.156 3.7229 -0.57155 70 45 22
10.196 3.7133 -0.68701 65 42 0
10.168 3.7108 -0.59738 68 44 8
10.145 3.7351 -0.6571 65 42 8
10.12 3.7582 -0.60614 70 46 12
10.112 3.7398 -0.61025 66 45 0
10.144 3.7355 -0.63427 65 40 10
10.118 3.735 -0.65366 65 42 8
10.089 3.7636 -0.66769 62 42 8
10.103 3.7483 -0.58623 65 45 8
10.222 3.7138 -0.59858 68 40 0
10.181 3.7252 -0.57246 71 44 9
10.197 3.7118 -0.66558 67 39 10
10.047 3.7523 -0.58377 69 45 9
10.082 3.7433 -0.60809 69 45 7
10.124 3.7269 -0.57028 70 45 13
10.017 3.7573 -0.60124 67 44 13
10.026 3.7482 -0.62472 69 41 1
10.079 3.7462 -0.58605 68 43 21
10.054 3.7462 -0.62639 66 43 0
10.051 3.7495 -0.64706 66 41 9
10.051 3.748 -0.56315 68 46 0
10.046 3.7537 -0.60403 67 43 7
10.091 3.7351 -0.63044 67 44 0
10.087 3.7369 -0.56814 68 42 19
10.078 3.7478 -0.64925 66 43 0
10.047 3.752 -0.54179 71 47 13
10.032 3.7429 -0.64654 66 43 0
10.011 3.7633 -0.55795 66 41 9
10.017 3.7578 -0.58067 68 43 13
10.003 3.747 -0.64387 65 44 0
10.02 3.7545 -0.53913 71 46 0
10.781 3.6464 -0.89209 19 15 3
10.804 3.6002 -0.96742 80 61 31
10.737 3.644 -0.86245 85 60 30
10.686 3.6536 -0.88151 67 45 6
10.877 3.5463 -1.0268 82 60 23
10.668 3.6429 -0.99588 63 40 6
10.878 3.5806 -1.0141 28 11 1
10.898 3.5678 -1.0547 41 19 0
10.718 3.6305 -0.91942 67 43 7
10.698 3.6477 -0.94261 62 41 14
10.768 3.6253 -0.92723 86 68 28
10.78 3.6141 -0.9018 88 61 24
10.847 3.5948 -0.88387 0 0 0
10.783 3.6199 -1.0201 82 59 26
10.755 3.6071 -1.0229 66 41 0
10.718 3.6339 -0.9794 64 41 10
10.872 3.583 -0.98279 21 3 1
10.571 3.6502 -0.86654 65 42 8
10.678 3.6289 -0.91616 66 40 15
10.578 3.6463 -0.89532 62 42 8
10.614 3.6496 -0.9286 67 39 8
10.625 3.6363 -0.84865 65 42 9
10.51 3.6735 -0.93493 65 42 1
10.601 3.6541 -0.81314 68 44 8
10.687 3.6205 -0.88796 65 41 13
10.665 3.6426 -0.96867 64 41 8
10.578 3.6486 -0.95088 62 39 6
10.642 3.6239 -0.88363 65 38 0
10.57 3.6522 -0.89237 62 42 8
10.633 3.6326 -0.90748 66 40 15
10.649 3.6481 -0.85065 65 42 8
10.553 3.6633 -0.83313 69 39 13
10.705 3.6075 -0.9251 66 40 15
10.613 3.6522 -0.95512 66 42 6
10.714 3.6295 -0.86198 68 44 6
10.652 3.6512 -0.93552 64 41 0
10.58 3.6457 -0.92251 64 41 7
10.435 3.6719 -0.8171 66 41 11
10.43 3.6748 -0.78984 66 43 0
10.509 3.6366 -0.8097 66 41 11
10.554 3.6331 -0.86881 62 42 5
10.48 3.6651 -0.87886 65 44 0
10.516 3.6631 -0.83002 66 42 8
10.445 3.6662 -0.89992 66 43 12
10.465 3.6762 -0.81924 65 40 8
10.574 3.6451 -0.81259 65 41 5
10.509 3.6718 -0.87941 66 43 12
10.444 3.6646 -0.84729 64 41 10
10.47 3.6752 -0.90296 65 41 7
10.505 3.6763 -0.90782 64 41 8
10.435 3.7022 -0.83669 69 45 11
10.516 3.6622 -0.80329 68 44 8
10.481 3.6671 -0.93154 61 38 7
10.435 3.6741 -0.86915 64 38 13
10.439 3.637 -0.80058 49 30 0
10.432 3.6434 -0.79856 49 30 0
10.443 3.6625 -0.77014 68 43 11
10.417 3.6272 -0.82635 51 35 12
10.393 3.65 -0.84384 44 29 0
10.458 3.6241 -0.91191 49 30 0
10.357 3.6521 -0.83889 59 41 5
10.396 3.6484 -0.86999 50 29 0
10.397 3.6428 -0.77029 56 31 8
10.428 3.6473 -0.82308 48 28 4
10.426 3.622 -0.90749 52 33 0
10.363 3.6456 -0.79107 65 44 1
10.4 3.6416 -0.79542 50 28 13
10.358 3.6502 -0.81596 62 39 8
10.384 3.6282 -0.87491 64 42 5
10.429 3.6474 -0.84874 47 31 6
10.45 3.6304 -0.88192 45 26 9
10.419 3.6535 -0.76969 54 30 0
10.361 3.6508 -0.89089 64 38 0
10.198 3.7136 -0.7797 62 39 0
10.242 3.6985 -0.74079 68 45 12
10.236 3.7043 -0.71468 67 42 22
10.241 3.7277 -0.73368 68 42 1
10.242 3.7017 -0.83554 64 41 0
10.283 3.6916 -0.84426 63 40 0
10.204 3.7083 -0.80556 63 40 0
10.267 3.7042 -0.76596 63 42 11
10.193 3.7202 -0.82398 62 39 0
10.296 3.6786 -0.80035 64 41 0
10.173 3.7365 -0.70255 67 39 12
10.191 3.7196 -0.75435 64 44 10
10.235 3.7058 -0.76276 64 44 9
10.224 3.7176 -0.80486 64 41 0
10.186 3.6985 -0.82983 64 41 10
10.398 3.6129 -0.77688 64 43 0
10.31 3.666 -0.8299 65 42 1
10.226 3.7154 -0.78333 65 41 15
10.171 3.7385 -0.7249 67 46 17
10.058 3.7435 -0.77721 65 37 0
10.116 3.7382 -0.71956 66 44 7
10.163 3.7192 -0.75166 64 44 10
10.134 3.7209 -0.77048 66 43 1
10.163 3.7186 -0.72861 65 40 20
10.145 3.7088 -0.70724 68 46 9
10.098 3.7292 -0.76478 65 42 11
10.17 3.7136 -0.77547 66 40 15
10.156 3.7271 -0.79542 66 43 0
10.127 3.7275 -0.74444 64 43 12
10.132 3.7227 -0.76993 66 43 1
10.075 3.7517 -0.6904 64 38 13
10.128 3.7272 -0.79165 64 43 0
10.092 3.7345 -0.71915 68 45 14
10.106 3.7211 -0.74607 64 43 0
10.086 3.7422 -0.78122 65 42 11
10.158 3.7231 -0.70518 67 42 10
10.166 3.7153 -0.70818 67 42 10
10.111 3.7443 -0.80735 65 42 1
10.025 3.7499 -0.68719 66 40 13
10.054 3.7466 -0.71136 66 41 11
9.9887 3.7621 -0.65989 66 45 14
10.061 3.7393 -0.71401 67 42 12
9.9917 3.7594 -0.70142 65 42 1
10.008 3.7422 -0.75102 62 41 10
10.032 3.7436 -0.73153 70 46 8
10.002 3.7484 -0.72686 73 51 4
10.037 3.7385 -0.75499 65 44 0
10.096 3.7308 -0.67488 64 42 5
10.045 3.7293 -0.67266 65 44 1
10.023 3.7268 -0.77744 65 42 0
10.04 3.7347 -0.71348 65 42 8
10.005 3.7447 -0.6862 63 44 12
10.074 3.7273 -0.73913 65 44 0
10.054 3.7475 -0.75574 61 40 11
10.064 3.7365 -0.69324 67 40 23
10.046 3.7542 -0.66671 67 41 14
10.051 3.7244 -0.7802 60 41 0
10.033 3.742 -0.7549 65 44 0
9.9761 3.75 -0.72316 72 52 15
9.9752 3.7507 -0.7448 63 39 13
11.027 3.4793 -1.2016 39 23 0
10.759 3.7099 -1.0904 36 19 2
10.982 3.5101 -1.1515 34 19 0
10.738 3.6285 -1.1361 58 35 1
10.733 3.635 -1.1633 60 38 15
10.704 3.6489 -1.031 58 35 0
10.776 3.6296 -1.0804 77 62 41
10.689 3.6316 -1.0932 63 40 0
10.787 3.595 -1.22 63 41 17
10.673 3.6148 -1.1537 62 38 10
10.982 3.5076 -1.119 43 18 0
10.741 3.6223 -1.0753 60 40 6
10.676 3.6399 -1.0598 63 40 7
10.691 3.6264 -1.0346 66 44 5
10.785 3.5906 -1.1239 63 40 9
10.729 3.6023 -1.1386 62 43 1
10.768 3.5732 -1.1888 62 36 21
10.583 3.6516 -1.0648 62 40 0
10.519 3.6704 -1.0195 64 38 11
10.542 3.6531 -1.0581 62 39 8
10.582 3.6475 -0.98027 65 42 0
10.629 3.643 -1.0185 63 42 0
10.509 3.6503 -1.079 61 34 23
10.572 3.6619 -1.0903 61 33 6
10.586 3.6455 -1.0112 63 40 0
10.549 3.6487 -1.0896 63 39 13
10.577 3.6547 -1.0353 63 39 11
10.642 3.6305 -0.99546 63 40 0
10.625 3.6209 -1.1403 56 33 15
10.535 3.6555 -0.99936 64 41 10
10.551 3.6411 -0.97662 68 45 3
10.639 3.6369 -1.051 64 42 5
10.633 3.6452 -1.1078 64 41 0
10.665 3.6178 -1.0922 63 38 8
10.582 3.6484 -1.0094 63 40 0
10.562 3.6395 -1.1237 61 37 1
10.474 3.6437 -0.96342 62 39 8
10.487 3.6637 -0.95913 64 37 2
10.483 3.6402 -1.0491 64 40 14
10.448 3.6712 -1.0617 59 38 17
10.453 3.6606 -0.92816 62 39 0
10.475 3.6746 -0.98411 65 39 0
10.447 3.6351 -0.93469 51 29 0
10.404 3.6477 -1.0579 39 23 0
10.45 3.6377 -1.0428 53 31 7
10.445 3.6394 -0.98656 45 23 8
10.515 3.6092 -1.0085 63 40 0
10.44 3.645 -1.012 54 34 0
10.458 3.6597 -1.0114 63 41 0
10.438 3.649 -1.0649 44 26 4
10.485 3.6675 -1.0142 62 39 0
10.496 3.6602 -1.0453 65 41 13
10.449 3.6347 -0.96077 49 28 1
10.3 3.6772 -0.87466 64 41 0
10.328 3.6545 -0.98811 61 40 11
10.373 3.6443 -1.0255 56 36 2
10.238 3.7093 -0.97973 61 36 14
10.424 3.6267 -0.98622 54 34 7
10.388 3.6274 -0.92612 58 38 1
10.371 3.6428 -0.94703 58 40 0
10.32 3.6613 -0.95819 63 39 13
10.338 3.6465 -1.0175 59 39 2
10.391 3.6542 -0.91963 47 30 2
10.382 3.6373 -1.0568 56 33 0
10.375 3.6419 -0.99959 59 40 10
10.413 3.6377 -1.0083 45 28 0
10.439 3.6157 -1.047 42 26 11
10.423 3.627 -0.95952 46 32 3
10.226 3.7199 -0.95079 62 40 0
10.242 3.7315 -0.87432 61 41 4
10.324 3.6568 -0.93457 63 39 13
10.381 3.6353 -0.97673 59 36 3
10.184 3.7024 -0.92345 61 36 13
10.243 3.7018 -0.8846 62 40 1
10.246 3.7001 -0.91021 62 40 0
10.208 3.7058 -0.85362 59 37 0
10.211 3.7044 -0.90352 65 42 0
10.196 3.7184 -0.87321 63 39 11
10.203 3.7131 -0.9486 58 39 0
10.219 3.6976 -0.93122 62 41 12
10.163 3.7217 -0.84425 63 42 0
10.21 3.7072 -0.97643 62 37 15
10.248 3.6987 -0.93574 61 38 7
10.151 3.7067 -0.93987 66 39 4
10.168 3.7174 -0.89332 63 40 0
10.175 3.7098 -0.87345 62 40 0
10.24 3.7039 -0.85921 66 40 0
10.174 3.7126 -0.96832 60 41 1
10.162 3.7248 -0.9372 56 35 14
10.116 3.7415 -0.90062 59 40 10
10.112 3.7181 -0.90548 60 38 15
10.098 3.7309 -0.85447 64 37 16
10.139 3.7179 -0.83913 60 36 0
10.11 3.7188 -0.83577 62 40 0
10.069 3.7337 -0.87151 61 42 12
10.13 3.7264 -0.86105 60 41 1
10.068 3.7342 -0.8939 62 40 3
10.137 3.7197 -0.88708 65 42 1
10.092 3.7381 -0.91992 58 38 1
10.058 3.744 -0.79992 63 39 1
10.043 3.7335 -0.91181 62 36 21
10.068 3.7341 -0.82566 64 43 0
10.06 3.742 -0.84529 61 42 0
10.098 3.7306 -0.80911 61 39 0
10.107 3.7226 -0.8814 60 39 12
10.075 3.7274 -0.92007 60 35 13
10.061 3.7148 -0.89727 58 38 3
9.9712 3.7552 -0.78463 66 40 0
9.9797 3.7723 -0.7815 62 38 2
10.016 3.7347 -0.88417 56 36 12
9.9785 3.7475 -0.76636 61 39 0
9.969 3.7578 -0.84738 59 40 8
9.9954 3.7554 -0.81144 61 39 2
9.9679 3.7589 -0.82567 59 39 15
10.041 3.7351 -0.84462 61 39 0
9.9692 3.7574 -0.78386 66 40 0
9.9769 3.7492 -0.80819 65 43 2
10.036 3.7399 -0.79794 60 42 4
10.037 3.7383 -0.82121 57 38 0
10.021 3.7292 -0.8643 59 39 14
10.002 3.749 -0.83414 63 41 4
9.9511 3.7507 -0.8467 58 36 13
9.9832 3.7424 -0.8762 58 38 14
9.9791 3.72 -0.88156 59 39 15
10.032 3.744 -0.86219 62 37 14
9.9363 3.7667 -0.81902 59 39 15
10.791 3.6013 -1.3482 27 21 5
10.559 3.808 -1.1924 43 22 1
10.647 3.6406 -1.2343 59 36 3
10.681 3.6161 -1.2797 57 37 2
10.705 3.6264 -1.2226 57 37 3
10.74 3.5973 -1.2077 59 38 11
10.835 3.5635 -1.3028 57 34 0
10.645 3.6149 -1.3357 55 36 2
10.719 3.6219 -1.3231 45 41 16
10.681 3.6179 -1.312 57 37 0
10.665 3.6327 -1.3347 32 13 0
10.716 3.6564 -1.2775 29 27 15
10.611 3.6389 -1.255 60 36 2
10.731 3.6083 -1.2668 59 36 2
10.651 3.6364 -1.2037 59 36 2
10.637 3.6455 -1.1683 57 37 0
10.675 3.5888 -1.3196 56 36 1
10.72 3.6194 -1.2914 56 34 13
10.835 3.5606 -1.2732 61 32 0
10.657 3.5985 -1.2163 60 38 1
10.463 3.6671 -1.2345 58 35 4
10.494 3.697 -1.1203 61 37 0
10.517 3.651 -1.227 59 36 2
10.598 3.6163 -1.2593 59 35 0
10.672 3.5843 -1.194 58 38 3
10.527 3.6378 -1.1459 60 37 3
10.565 3.6471 -1.3003 60 37 6
10.57 3.641 -1.2727 60 36 2
10.512 3.649 -1.1106 62 39 21
10.492 3.6705 -1.1849 57 34 16
10.561 3.6108 -1.1918 60 37 3
10.599 3.6472 -1.2171 60 38 0
10.526 3.6456 -1.2587 57 34 0
10.536 3.6646 -1.1673 59 36 2
10.596 3.6158 -1.2281 56 36 1
10.467 3.6616 -1.2107 56 36 1
10.457 3.6692 -1.1758 53 34 4
10.453 3.6365 -1.1002 55 34 7
10.461 3.663 -1.1219 62 38 4
10.427 3.6646 -1.199 61 38 5
10.388 3.6648 -1.1025 42 26 1
10.44 3.6192 -1.1575 41 25 0
10.388 3.6366 -1.1959 53 33 0
10.45 3.6453 -1.2407 55 39 3
10.418 3.6715 -1.1656 60 35 5
10.443 3.6182 -1.1865 35 23 0
10.44 3.6229 -1.2428 37 23 0
10.45 3.6129 -1.22 39 23 0
10.45 3.6708 -1.0892 60 35 13
10.376 3.6737 -1.072 44 26 2
10.433 3.6558 -1.1174 50 33 7
10.44 3.6818 -1.1405 58 36 0
10.402 3.6233 -1.1757 52 32 0
10.413 3.676 -1.1631 60 35 5
10.431 3.659 -1.1439 59 39 4
10.347 3.6382 -1.0482 61 42 2
10.265 3.6881 -1.1228 58 40 2
10.374 3.6458 -1.108 50 36 0
10.409 3.6154 -1.1518 57 34 1
10.31 3.6736 -1.0573 62 38 4
10.358 3.6323 -1.1619 57 33 5
10.276 3.677 -1.1016 59 36 3
10.361 3.6301 -1.1907 56 37 3
10.246 3.7026 -1.0097 59 38 19
10.228 3.6936 -1.1373 59 36 3
10.271 3.6831 -1.1526 59 37 0
10.224 3.6966 -1.0826 58 38 4
10.284 3.6683 -1.0797 63 39 5
10.253 3.669 -1.1254 58 39 0
10.326 3.6592 -1.0923 58 38 4
10.377 3.6425 -1.0814 47 32 0
10.383 3.6369 -1.0845 47 32 0
10.332 3.6554 -1.121 58 33 3
10.254 3.6965 -1.0377 62 40 3
10.128 3.7034 -1.0329 57 37 2
10.143 3.7171 -1.0572 60 36 0
10.14 3.7192 -1.0318 62 40 1
10.201 3.7175 -1.0461 62 39 0
10.183 3.7076 -1.0946 60 37 3
10.202 3.7168 -1.0197 63 39 3
10.194 3.6958 -1.0505 67 43 5
10.144 3.7142 -0.96143 60 38 14
10.196 3.6942 -1.0773 56 35 14
10.115 3.7173 -1.0739 60 41 7
10.104 3.7276 -1.0443 59 42 0
10.149 3.7116 -1.0863 55 35 0
10.129 3.7299 -1.0021 57 35 14
10.215 3.7031 -1.0019 59 39 2
10.195 3.6964 -1.1269 57 37 3
10.137 3.7216 -0.98167 58 38 1
10.194 3.6952 -1.0236 62 39 6
10.046 3.7307 -0.93661 59 40 0
10.044 3.733 -1.005 57 38 0
10.003 3.7481 -0.99221 55 36 4
9.9903 3.7618 -0.96166 56 35 4
10.08 3.6962 -1.0474 60 37 3
10.047 3.7297 -0.98228 60 37 3
10.106 3.7246 -0.99812 57 38 6
10.073 3.7307 -0.94126 59 39 14
10.135 3.6961 -1.0368 57 37 2
10.048 3.7293 -0.95596 61 38 7
10.078 3.7257 -0.96726 62 38 4
10.073 3.7312 -1.0598 59 34 2
10.082 3.7224 -1.0403 61 44 0
10.058 3.7455 -0.98097 63 39 3
10.067 3.7376 -1.0077 58 41 0
10.054 3.7236 -1.0559 60 37 6
10.095 3.7357 -0.94391 64 42 1
10.108 3.723 -0.97463 55 37 0
10.01 3.741 -1.0182 62 39 8
10.011 3.7397 -0.90505 59 38 7
9.974 3.7519 -1.0064 58 38 4
9.9322 3.7441 -0.9537 58 39 0
9.9467 3.7549 -0.95378 58 38 1
9.9931 3.7316 -0.99377 58 40 2
9.9774 3.7487 -0.91739 56 38 2
9.9849 3.7403 -0.96702 58 38 4
10.01 3.7404 -0.94923 56 34 19
9.9302 3.7458 -0.97552 57 31 8
10.02 3.7303 -0.93213 62 40 3
9.9691 3.7571 -0.93701 59 38 7
9.9456 3.7563 -0.88792 66 40 0
9.9639 3.7358 -1.0085 58 37 10
9.9462 3.7555 -0.9318 59 39 2
9.95 3.7511 -0.97819 57 39 3
9.9402 3.7346 -1.0032 61 37 9
9.9727 3.7537 -0.89339 61 38 5
11.445 5.7861 -1.681 38 17 12
11.45 5.7866 -1.6827 38 17 12
11.399 5.7899 -1.6956 40 16 4
11.37 5.8123 -1.6591 34 11 3
10.974 5.6752 -1.4633 37 20 3
11.364 5.7274 -1.6946 39 20 3
11.419 5.7635 -1.7162 40 18 3
11.24 5.5279 -1.6314 36 23 15
11.541 5.596 -1.728 42 21 2
11.581 5.6082 -1.7866 46 21 16
11.449 5.5811 -1.6488 43 21 0
11.409 5.5572 -1.6716 47 24 6
11.395 5.5264 -1.6764 37 17 10
11.437 5.5066 -1.7465 48 26 3
11.535 5.4779 -1.8076 45 25 0
11.238 5.4898 -1.6017 45 25 14
11.307 5.4033 -1.6747 48 26 13
11.324 5.3731 -1.6976 42 23 9
10.467 3.6355 -1.3353 57 36 15
10.478 3.6549 -1.2731 59 35 7
10.477 3.6595 -1.3297 33 24 7
10.576 3.6396 -1.3378 19 9 0
10.514 3.6583 -1.3133 55 34 5
10.568 3.6116 -1.3113 58 37 8
10.551 3.6295 -1.3615 24 18 0
10.47 3.6637 -1.2981 55 33 12
10.408 3.6245 -1.3489 11 3 0
10.428 3.6027 -1.2754 48 29 12
10.402 3.6249 -1.2327 50 29 8
10.37 3.6254 -1.3086 55 35 8
10.433 3.6306 -1.267 39 22 4
10.43 3.6338 -1.2955 31 18 9
10.407 3.6246 -1.3175 45 26 9
10.427 3.6685 -1.2834 51 32 18
10.427 3.6386 -1.3211 35 19 4
10.442 3.6539 -1.2638 50 33 5
10.354 3.671 -1.2592 47 30 12
10.286 3.6698 -1.2149 55 34 5
10.269 3.6894 -1.2818 51 30 9
10.17 3.7221 -1.19 55 33 18
10.226 3.6987 -1.2411 57 33 7
10.254 3.6721 -1.2859 51 35 2
10.235 3.6878 -1.1673 60 36 8
10.202 3.7201 -1.1737 57 34 16
10.381 3.6151 -1.2855 55 34 7
10.274 3.6832 -1.2318 56 37 7
10.366 3.6266 -1.2214 58 34 6
10.306 3.6553 -1.3365 28 17 0
10.287 3.6714 -1.2693 59 33 19
10.223 3.7008 -1.2118 55 34 5
10.233 3.6932 -1.2989 54 33 2
10.193 3.7006 -1.2284 53 32 3
10.193 3.7006 -1.2565 54 34 0
10.36 3.6333 -1.2457 56 35 16
10.118 3.7146 -1.1015 58 38 4
10.058 3.7476 -1.1237 61 35 18
10.11 3.7226 -1.1222 58 40 2
10.089 3.7164 -1.1671 62 37 17
10.172 3.6926 -1.2512 54 34 0
10.12 3.7134 -1.2027 53 34 2
10.124 3.7375 -1.1202 57 38 4
10.16 3.703 -1.2192 55 36 4
10.114 3.7191 -1.1756 59 39 12
10.164 3.7272 -1.135 55 34 3
10.15 3.7122 -1.1874 57 36 19
10.134 3.7278 -1.1512 57 39 19
10.225 3.6684 -1.1965 57 37 13
10.139 3.6935 -1.1641 59 39 5
10.087 3.7179 -1.192 59 33 10
10.087 3.7187 -1.2163 55 34 7
10.169 3.6931 -1.1202 52 31 2
10.116 3.7177 -1.2267 56 31 8
10.014 3.7371 -1.1382 51 34 4
10.008 3.7444 -1.0609 57 36 5
10.018 3.733 -1.0437 54 38 15
10.053 3.725 -1.0789 60 37 6
9.977 3.7489 -1.0996 57 33 19
10.014 3.7375 -1.1626 58 38 1
10.091 3.713 -1.0941 55 34 5
9.984 3.7686 -1.0728 56 38 18
10.061 3.7165 -1.1824 54 36 0
10.088 3.7167 -1.1168 61 38 7
10.011 3.7407 -1.1119 57 37 2
9.9839 3.7413 -1.128 55 33 9
9.9932 3.7314 -1.1574 56 33 0
9.9853 3.7398 -1.082 61 37 11
10.03 3.7478 -1.0914 61 38 20
10.048 3.7301 -1.1506 58 37 8
10.051 3.7265 -1.1278 56 33 17
9.9238 3.752 -1.0838 51 33 9
9.8893 3.7642 -1.047 57 40 12
9.9216 3.7542 -1.1055 53 35 0
9.896 3.7561 -1.0742 56 36 1
9.9577 3.7421 -1.0737 56 35 8
9.9517 3.7484 -1.0935 52 35 18
9.9107 3.7674 -1.0079 57 36 5
9.9663 3.7325 -1.1256 57 38 0
9.935 3.7401 -1.0451 57 34 18
9.897 3.7546 -1.0978 54 34 0
9.9238 3.752 -1.0839 51 33 9
9.9757 3.7498 -1.0311 59 39 15
9.9609 3.7383 -1.1457 56 33 0
9.9581 3.7416 -1.0514 57 39 15
9.9662 3.7331 -1.0327 58 35 1
9.9304 3.7443 -1.1339 50 34 0
9.9462 3.7272 -1.0753 57 37 12
9.9806 3.7448 -1.0564 56 35 8
9.9108 3.7402 -1.0161 60 39 12
9.9094 3.7414 -1.038 59 35 7
11.389 5.8546 -1.7 40 18 5
11.22 5.7739 -1.6299 29 15 2
11.445 5.8441 -1.7756 42 18 6
11.258 5.7522 -1.6638 36 21 0
11.389 5.8356 -1.7452 42 18 6
11.282 5.6992 -1.6983 41 14 5
11.196 5.717 -1.6402 35 22 3
11.275 5.6899 -1.6639 44 22 0
11.087 5.6516 -1.6023 33 21 5
11.12 5.6368 -1.6668 44 23 6
11.111 5.5727 -1.6451 44 23 4
11.106 5.581 -1.6776 38 21 3
11.207 5.6549 -1.6358 43 20 4
11.226 5.6373 -1.6894 47 24 8
11.069 5.5081 -1.613 41 21 10
11.308 5.557 -1.7687 41 23 11
11.335 5.5112 -1.7255 43 22 1
11.119 5.5547 -1.6985 38 22 9
11.185 5.5211 -1.7078 48 26 2
10.432 5.4773 -1.3416 43 23 16
11.135 5.5268 -1.7116 39 20 13
11.08 5.4534 -1.6396 40 19 0
11.165 5.4635 -1.7207 36 18 16
11.241 5.4785 -1.6879 42 24 0
11.024 5.4127 -1.6929 43 23 22
11.041 5.4128 -1.7028 43 23 22
10.947 5.4764 -1.5538 41 24 0
10.932 5.4454 -1.655 45 27 3
11.616 5.4471 -1.8637 44 24 0
11.265 5.449 -1.7071 37 21 0
10.941 5.405 -1.6157 38 21 1
10.878 5.4302 -1.5653 41 19 8
11.063 5.4411 -1.7058 46 23 15
10.974 5.4201 -1.6967 46 27 13
11.051 5.3417 -1.6694 42 22 11
11.27 5.3817 -1.7036 43 24 10
11.298 5.4116 -1.7049 47 25 2
11.111 5.3767 -1.7218 37 23 10
11.073 5.393 -1.7705 42 23 9
10.856 5.3323 -1.6205 46 22 8
10.857 5.2795 -1.6451 49 30 0
11.049 5.313 -1.6765 46 24 11
10.905 5.2976 -1.6339 45 28 18
10.891 5.3052 -1.6565 52 29 13
11.016 5.3218 -1.6925 47 27 20
10.161 3.7053 -1.3499 11 5 5
10.201 3.6944 -1.344 27 15 0
10.207 3.6883 -1.2903 57 34 3
10.237 3.6904 -1.3274 50 30 6
10.272 3.6258 -1.3611 52 31 10
10.237 3.691 -1.3553 25 18 0
10.172 3.6933 -1.3047 56 36 2
10.162 3.7026 -1.3259 47 32 13
10.109 3.7257 -1.2719 58 33 1
10.128 3.7064 -1.3131 49 33 0
10.099 3.7072 -1.3268 48 33 10
10.082 3.7246 -1.3425 10 11 5
10.076 3.7295 -1.2349 52 31 4
10.093 3.713 -1.2967 55 35 0
10.058 3.7202 -1.2305 54 34 0
10.125 3.7089 -1.2582 54 36 0
10.06 3.7179 -1.3104 47 28 0
10.063 3.7146 -1.2601 52 35 7
10.087 3.7191 -1.2664 51 33 9
10.152 3.6842 -1.3529 42 27 8
10.056 3.7227 -1.3322 20 12 9
10.072 3.7058 -1.2908 52 31 12
10.163 3.7019 -1.2712 50 33 5
9.9851 3.7399 -1.1764 55 35 11
9.9919 3.7324 -1.2058 52 36 10
9.9915 3.7326 -1.304 46 28 8
9.955 3.7442 -1.2371 51 32 0
10.019 3.7317 -1.2396 49 31 11
10.037 3.7413 -1.1921 55 34 5
10.025 3.726 -1.3185 51 37 0
10.002 3.7212 -1.2865 50 29 12
9.9502 3.7485 -1.284 44 29 10
10.008 3.7158 -1.2398 52 30 9
10.014 3.7085 -1.2695 53 30 22
10.027 3.7236 -1.27 49 26 10
9.9527 3.7467 -1.2592 50 29 10
10.019 3.7321 -1.2145 51 36 0
9.9713 3.7263 -1.225 51 29 8
9.9662 3.7326 -1.1955 51 34 8
10.029 3.7213 -1.1964 52 36 0
10.027 3.724 -1.2942 51 35 0
9.8993 3.7499 -1.2387 48 28 1
9.8825 3.7425 -1.1873 42 27 4
9.9007 3.7492 -1.1698 57 38 4
9.8827 3.7427 -1.1428 34 16 2
9.9369 3.7355 -1.2347 56 31 0
9.941 3.7313 -1.2135 49 31 9
9.9003 3.7487 -1.2168 47 28 12
9.8875 3.7371 -1.1681 34 23 3
9.8871 3.7354 -1.2403 38 24 0
9.9314 3.7427 -1.1815 51 30 9
9.8963 3.7537 -1.1903 49 28 7
9.9789 3.7189 -1.1799 55 34 13
9.9451 3.7262 -1.2647 50 26 14
9.9237 3.7511 -1.1539 52 32 0
9.9379 3.7346 -1.2348 56 31 0
9.8871 3.7361 -1.2161 43 26 6
9.888 3.7632 -1.1396 47 27 0
9.8949 3.7564 -1.1197 51 28 0
9.8908 3.7315 -1.2422 38 24 0
9.8762 3.7506 -1.1154 43 22 3
9.8739 3.7228 -1.239 40 25 6
10.58 5.532 -1.5233 40 14 0
10.778 5.5211 -1.6646 23 18 0
10.704 5.4999 -1.6537 36 21 2
10.903 5.5053 -1.6537 40 21 14
10.685 5.5292 -1.6561 37 17 16
10.72 5.5005 -1.6633 36 21 2
10.759 5.4882 -1.6319 35 26 7
10.855 5.4839 -1.6581 35 18 1
10.727 5.5251 -1.6578 33 20 1
10.869 5.511 -1.6617 33 22 3
10.877 5.5192 -1.7 39 17 0
10.772 5.4958 -1.6683 38 23 0
10.901 5.4787 -1.6595 44 26 16
10.727 5.4695 -1.6506 40 19 2
10.575 5.418 -1.5687 38 18 11
10.446 5.3951 -1.4961 25 16 0
10.763 5.4134 -1.6643 40 20 13
10.81 5.4388 -1.6802 44 24 0
10.675 5.4506 -1.6553 43 22 5
10.75 5.4632 -1.6363 43 22 1
10.728 5.4447 -1.6598 39 21 1
10.721 5.3563 -1.6283 43 22 1
10.858 5.3665 -1.6461 33 17 4
10.815 5.3481 -1.6617 45 25 1
10.632 5.3885 -1.5906 42 25 0
10.742 5.3814 -1.6327 45 25 1
10.738 5.3633 -1.6727 44 18 3
10.733 5.3814 -1.6265 45 25 1
10.851 5.3403 -1.6528 49 27 12
10.842 5.3405 -1.6473 49 27 12
10.738 5.3374 -1.6786 39 21 1
10.861 5.3732 -1.676 34 23 17
10.875 5.3272 -1.7404 41 24 0
10.867 5.3133 -1.6744 40 24 11
10.019 3.7311 -1.3423 25 22 3
10.025 3.7263 -1.369 34 29 7
10.087 3.6913 -1.3789 10 17 0
9.9364 3.7353 -1.307 49 32 12
9.9936 3.73 -1.3315 42 30 16
9.9698 3.7273 -1.3226 53 34 4
9.9895 3.7345 -1.3535 24 18 2
9.8849 3.7364 -1.3105 24 19 0
9.8969 3.7518 -1.262 40 26 0
9.891 3.7305 -1.2896 38 23 2
9.9297 3.7433 -1.2769 48 32 0
9.8852 3.736 -1.3338 11 11 9
9.8941 3.6979 -1.3029 40 28 4
9.8802 3.7398 -1.3577 3 5 18
9.8687 3.7271 -1.3066 38 26 0
9.9201 3.7247 -1.3525 11 11 11
9.8713 3.7229 -1.3341 14 15 0
9.8879 3.7342 -1.2641 34 29 0
9.9048 3.7416 -1.3644 4 5 0
9.9171 3.7283 -1.3023 36 20 0
9.9067 3.74 -1.3177 43 18 0
9.8749 3.7211 -1.2635 37 26 0
10.168 4.6032 -0.21279 73 53 29
10.069 4.6294 -0.21012 73 51 27
11.04 3.4852 -0.196 69 51 13
11.127 3.4234 -0.2268 71 51 14
10.972 3.5331 -0.16854 69 49 25
10.756 3.6308 -0.17848 89 66 32
10.768 3.6567 -0.21947 72 50 13
10.75 3.6663 -0.17237 68 46 23
10.743 3.6426 -0.20342 93 68 22
10.697 3.6442 -0.15968 75 48 15
10.55 3.7014 -0.16715 72 47 1
10.652 3.6525 -0.21106 73 48 4
10.68 3.6592 -0.1844 71 47 9
10.696 3.6482 -0.20611 76 49 6
10.644 3.6577 -0.18784 76 49 4
10.572 3.6855 -0.18869 71 43 4
10.751 3.6329 -0.15338 89 69 32
10.651 3.6504 -0.16451 75 48 3
10.463 3.6894 -0.20341 74 44 18
10.525 3.6944 -0.19365 73 45 5
10.497 3.6892 -0.1981 76 47 5
10.451 3.6982 -0.1816 75 47 0
10.455 3.7215 -0.15276 77 45 4
10.521 3.6678 -0.17824 72 47 1
10.534 3.6857 -0.17183 72 46 6
10.44 3.6782 -0.16333 73 49 0
10.476 3.6194 -0.16692 73 45 16
10.427 3.663 -0.18861 76 48 0
10.488 3.6655 -0.16008 74 49 5
10.453 3.6685 -0.18538 72 47 17
10.359 3.6936 -0.16779 58 35 0
10.365 3.6901 -0.1907 68 40 1
10.445 3.6767 -0.20769 73 45 5
10.193 3.792 -0.19669 70 49 4
10.391 3.6642 -0.15024 61 37 0
10.359 3.6668 -0.17561 63 38 8
10.38 3.6485 -0.19707 54 35 1
11.038 3.4912 -0.25105 68 50 26
10.749 3.6422 -0.2505 94 66 35
10.706 3.6497 -0.32948 71 48 14
10.742 3.6793 -0.26967 68 51 21
11.063 3.4751 -0.28029 72 47 24
10.757 3.6411 -0.32665 91 66 36
10.802 3.6389 -0.32378 69 49 25
10.79 3.6494 -0.34901 67 49 13
10.702 3.6509 -0.30384 73 49 15
10.799 3.6352 -0.24882 73 48 25
10.801 3.6101 -0.35675 89 67 43
10.757 3.6339 -0.22595 91 67 33
10.706 3.6764 -0.27444 93 74 44
10.668 3.6806 -0.35016 91 72 32
10.719 3.6679 -0.29903 92 70 33
10.663 3.679 -0.27788 74 49 19
10.608 3.6616 -0.26163 72 46 6
10.578 3.684 -0.2358 72 44 17
10.669 3.6444 -0.28335 71 46 14
10.719 3.6324 -0.22991 76 48 8
10.558 3.6753 -0.30977 73 45 8
10.703 3.6226 -0.35959 74 47 12
10.68 3.6645 -0.25478 71 47 21
10.638 3.6654 -0.2343 74 46 7
10.626 3.6519 -0.33364 73 47 6
10.658 3.651 -0.25782 72 46 5
10.589 3.6781 -0.28369 73 45 5
10.568 3.6683 -0.33524 72 44 7
10.621 3.657 -0.35714 73 46 3
10.655 3.6584 -0.33195 73 45 16
10.608 3.6646 -0.30914 71 47 13
10.644 3.6655 -0.30498 71 46 16
10.576 3.659 -0.28909 73 47 6
10.45 3.7071 -0.31123 70 43 6
10.453 3.6762 -0.31992 75 50 4
10.578 3.6545 -0.24164 74 46 17
10.463 3.6971 -0.33635 71 44 9
10.564 3.6648 -0.21804 72 46 5
10.579 3.6549 -0.2641 78 49 18
10.459 3.6698 -0.29636 71 47 19
10.461 3.6937 -0.24584 73 45 6
10.487 3.6747 -0.29439 71 43 12
10.457 3.6962 -0.22449 73 50 6
10.496 3.6932 -0.24324 77 50 7
10.513 3.6832 -0.31278 69 45 7
10.491 3.6955 -0.21978 75 49 9
10.511 3.6859 -0.33603 73 45 5
10.439 3.6898 -0.33893 73 46 1
10.428 3.7502 -0.26071 77 49 20
10.465 3.6916 -0.26895 75 48 15
10.51 3.6838 -0.28822 74 46 7
10.433 3.6589 -0.21038 73 46 9
10.391 3.6724 -0.30044 60 39 0
10.43 3.6393 -0.32679 58 32 7
10.474 3.6247 -0.2345 75 49 8
10.385 3.674 -0.23465 59 36 3
10.445 3.6785 -0.22809 75 47 16
10.377 3.6825 -0.25562 67 39 10
10.353 3.6772 -0.28104 57 38 8
10.466 3.6327 -0.25726 75 47 16
10.406 3.6863 -0.27492 71 46 14
10.374 3.6591 -0.30597 53 31 7
10.399 3.6644 -0.27988 63 34 13
10.433 3.6893 -0.24996 74 49 17
10.403 3.6576 -0.21304 56 33 0
10.427 3.6703 -0.32106 75 45 7
10.363 3.6707 -0.32541 54 33 6
10.462 3.6389 -0.30138 74 46 17
10.485 3.646 -0.27635 73 45 16
10.185 3.7518 -0.3056 74 48 0
10.262 3.7038 -0.24486 74 46 17
10.244 3.7218 -0.26432 75 49 8
10.239 3.7269 -0.28361 75 48 11
10.354 3.6743 -0.23964 58 34 6
10.243 3.7241 -0.30408 69 45 19
10.372 3.6574 -0.21802 55 33 12
10.278 3.7172 -0.26051 67 44 11
10.31 3.6886 -0.28383 70 46 10
10.332 3.6708 -0.32762 62 42 18
10.223 3.7155 -0.28737 71 44 9
10.365 3.6658 -0.26025 56 35 4
10.25 3.7403 -0.21869 71 47 13
10.233 3.7343 -0.32248 72 45 12
10.269 3.7271 -0.30143 67 37 21
10.173 3.7608 -0.24445 75 49 9
10.198 3.7382 -0.26514 77 54 12
10.143 3.7405 -0.29012 71 42 18
10.121 3.7362 -0.29217 74 46 9
10.138 3.7443 -0.26958 74 48 8
10.123 3.7604 -0.30678 78 47 3
10.189 3.7212 -0.26966 75 48 11
10.119 3.7386 -0.31234 75 49 9
10.19 3.7207 -0.28922 72 46 19
10.193 3.7186 -0.31026 67 43 5
10.162 3.746 -0.24921 74 51 20
10.955 3.5358 -0.47346 66 44 23
11.124 3.4124 -0.52623 67 46 25
10.759 3.6451 -0.40268 63 45 7
10.731 3.6367 -0.43582 91 68 26
10.695 3.6667 -0.45317 88 65 24
10.692 3.638 -0.46016 69 46 5
10.789 3.6243 -0.43302 75 58 32
10.769 3.6356 -0.38108 92 69 35
10.678 3.6809 -0.47889 93 65 34
10.696 3.7001 -0.49878 66 49 23
10.688 3.6667 -0.37803 76 50 23
10.707 3.6542 -0.40498 73 43 5
10.773 3.6383 -0.45566 85 66 32
10.733 3.6409 -0.51072 94 70 34
10.731 3.6062 -0.44038 72 44 7
10.631 3.6874 -0.47793 72 47 17
10.661 3.6655 -0.50752 72 46 23
10.579 3.6643 -0.40883 76 51 7
10.59 3.6534 -0.3862 75 45 7
10.608 3.6721 -0.43064 71 44 1
10.541 3.6667 -0.43405 66 42 4
10.681 3.6413 -0.38475 73 46 1
10.598 3.6458 -0.36366 72 44 5
10.647 3.6447 -0.48458 69 44 14
10.513 3.6916 -0.45234 70 41 7
10.581 3.6654 -0.45552 71 43 16
10.508 3.6913 -0.38242 67 44 2
10.533 3.6717 -0.40924 71 47 11
10.637 3.6478 -0.40849 73 51 12
10.53 3.6788 -0.48065 68 45 14
10.58 3.6675 -0.48101 73 44 20
10.608 3.6735 -0.45513 69 42 7
10.577 3.6668 -0.43387 70 44 4
10.611 3.6667 -0.38191 71 43 3
10.426 3.706 -0.45263 71 46 14
10.463 3.67 -0.36545 72 49 5
10.523 3.6484 -0.36637 72 44 5
10.486 3.7077 -0.35664 72 44 4
10.444 3.6878 -0.38547 74 47 2
10.49 3.6787 -0.40872 75 50 4
10.434 3.6984 -0.43074 69 43 18
10.488 3.6811 -0.43374 70 44 17
10.464 3.6436 -0.44183 70 45 13
10.5 3.6738 -0.48246 69 48 21
10.515 3.6563 -0.38859 70 44 3
10.44 3.6638 -0.41342 74 50 22
10.443 3.6894 -0.40951 74 46 17
10.503 3.6703 -0.45856 77 50 13
10.445 3.6612 -0.46216 73 45 16
10.462 3.6431 -0.39429 70 47 5
10.374 3.6626 -0.37129 54 33 6
10.414 3.6579 -0.41544 65 41 7
10.366 3.6705 -0.39322 56 36 9
10.383 3.6839 -0.38937 69 43 2
10.471 3.6339 -0.37151 74 46 6
10.293 3.709 -0.38887 63 40 6
10.284 3.7164 -0.36624 66 43 0
10.32 3.6868 -0.45927 64 46 8
10.325 3.6807 -0.41485 66 41 19
10.389 3.6809 -0.43652 58 34 0
10.409 3.6583 -0.34806 51 32 0
10.305 3.7 -0.43476 65 42 24
10.361 3.676 -0.41497 56 36 2
10.41 3.6635 -0.46128 68 44 16
10.391 3.6516 -0.46441 51 34 4
10.396 3.6715 -0.36865 52 35 7
10.381 3.6595 -0.44052 55 36 6
10.449 3.652 -0.34785 72 47 1
10.383 3.6531 -0.35085 54 37 9
10.199 3.7417 -0.36663 71 48 7
10.197 3.7429 -0.34606 73 47 7
10.305 3.6961 -0.34777 65 42 0
10.25 3.7208 -0.39029 71 50 7
10.254 3.7163 -0.34812 70 44 19
10.25 3.7205 -0.36827 71 44 9
10.206 3.7353 -0.38823 73 50 16
10.262 3.7115 -0.43363 71 48 14
10.203 3.736 -0.32672 69 47 0
10.185 3.7309 -0.43211 70 44 21
10.167 3.7449 -0.34882 73 44 10
10.129 3.7583 -0.42833 74 51 18
10.245 3.7267 -0.40898 71 48 6
10.192 3.7222 -0.39185 73 46 9
10.185 3.7294 -0.41296 75 51 15
10.218 3.7251 -0.41047 71 50 7
10.215 3.7286 -0.43176 72 49 18
10.199 3.7154 -0.37153 75 47 10
10.109 3.7493 -0.32977 71 44 9
10.119 3.7418 -0.41125 77 54 21
10.078 3.7555 -0.39014 72 52 18
10.072 3.7612 -0.36992 72 45 0
10.113 3.7451 -0.35163 68 44 10
10.132 3.753 -0.36822 74 46 9
10.164 3.7473 -0.32668 73 47 6
10.123 3.7369 -0.39217 73 48 18
10.134 3.7519 -0.38854 71 46 16
10.081 3.7532 -0.41033 71 47 21
10.141 3.743 -0.32949 76 48 8
10.144 3.7414 -0.34939 71 48 7
10.075 3.7583 -0.35054 67 44 13
10.106 3.7527 -0.37007 71 47 19
10.148 3.7387 -0.41151 74 47 26
11.073 3.4589 -0.63417 62 46 21
10.718 3.6871 -0.55134 63 43 18
10.813 3.622 -0.65489 65 45 11
10.743 3.6442 -0.67462 88 62 35
10.911 3.5507 -0.70643 63 43 6
10.718 3.6893 -0.5776 65 49 16
10.803 3.6271 -0.62553 61 45 9
10.942 3.5616 -0.70282 62 45 15
10.752 3.6016 -0.6293 70 42 3
10.695 3.6407 -0.53952 71 47 19
10.713 3.6283 -0.56782 70 47 16
10.66 3.6742 -0.63778 66 42 16
10.692 3.6463 -0.5903 71 42 0
10.71 3.6655 -0.61472 87 65 18
10.803 3.5967 -0.65992 88 64 26
10.673 3.6299 -0.59322 67 41 16
10.705 3.6364 -0.59267 67 43 5
10.75 3.6331 -0.58977 88 64 30
10.633 3.6581 -0.53568 72 45 10
10.617 3.6757 -0.60804 64 42 3
10.6 3.6599 -0.63878 69 46 4
10.664 3.6973 -0.54821 87 63 35
10.736 3.6407 -0.53393 93 70 39
10.73 3.6222 -0.67979 64 43 0
10.669 3.6319 -0.5664 68 46 0
10.633 3.6651 -0.63643 69 44 0
10.559 3.6565 -0.50776 72 46 6
10.477 3.6983 -0.57296 74 44 6
10.544 3.6753 -0.63226 70 41 9
10.535 3.6812 -0.60436 72 44 5
10.678 3.6207 -0.51756 71 48 15
10.535 3.6771 -0.53026 70 43 6
10.602 3.6538 -0.56229 67 43 7
10.486 3.6867 -0.50387 71 46 14
10.582 3.6401 -0.56417 73 48 2
10.484 3.6953 -0.62532 68 42 19
10.499 3.6814 -0.60343 65 39 12
10.52 3.66 -0.5343 69 49 15
10.577 3.6762 -0.58017 68 42 17
10.657 3.6128 -0.62418 68 41 6
10.59 3.6622 -0.5341 67 43 9
10.589 3.6614 -0.5081 69 43 20
10.601 3.6257 -0.59312 71 44 7
10.496 3.6807 -0.55493 68 45 4
10.44 3.6957 -0.47893 70 47 5
10.465 3.6507 -0.60975 70 43 6
10.421 3.684 -0.50437 69 43 16
10.491 3.6246 -0.54142 70 44 3
10.42 3.6845 -0.48022 75 47 20
10.401 3.6478 -0.60823 53 32 11
10.421 3.6593 -0.60635 62 38 0
10.415 3.6631 -0.55642 62 36 0
10.451 3.6622 -0.58133 71 45 5
10.455 3.6288 -0.5892 55 30 0
10.465 3.679 -0.57861 69 46 5
10.435 3.7017 -0.52541 69 43 20
10.462 3.6831 -0.60241 68 45 1
10.476 3.6682 -0.5565 70 44 4
10.454 3.6262 -0.51651 54 31 0
10.442 3.6381 -0.53812 70 44 4
10.437 3.6725 -0.556 72 43 9
10.45 3.6881 -0.50392 72 47 17
10.43 3.6464 -0.48794 61 34 13
10.358 3.6542 -0.51111 62 39 0
10.28 3.6994 -0.54668 71 42 8
10.248 3.7259 -0.45244 73 44 22
10.3 3.6781 -0.48361 71 44 25
10.373 3.643 -0.58433 65 40 0
10.343 3.6981 -0.54768 51 31 0
10.353 3.69 -0.57328 49 32 6
10.41 3.6374 -0.53816 51 30 0
10.374 3.6674 -0.48412 52 33 1
10.241 3.7084 -0.56768 69 44 21
10.386 3.6578 -0.51029 54 34 9
10.347 3.6651 -0.53195 66 43 0
10.241 3.734 -0.49512 70 46 10
10.336 3.6776 -0.59895 61 43 7
10.318 3.6928 -0.54858 65 42 0
10.315 3.666 -0.53225 71 45 5
10.35 3.6604 -0.48685 60 35 13
10.251 3.727 -0.56219 69 46 5
10.229 3.7178 -0.49767 68 46 5
10.175 3.7413 -0.47216 69 47 0
10.204 3.7414 -0.51535 72 44 7
10.151 3.7388 -0.51495 73 44 10
10.175 3.7419 -0.49308 72 44 5
10.137 3.7515 -0.4469 74 45 23
10.198 3.7202 -0.5202 69 46 5
10.119 3.745 -0.5342 72 42 14
10.194 3.7259 -0.5619 71 49 12
10.194 3.7256 -0.53928 69 45 9
10.157 3.734 -0.5588 70 43 10
10.214 3.7314 -0.47375 71 47 9
10.191 3.7256 -0.45402 73 47 6
10.151 3.7397 -0.53623 67 42 10
10.203 3.7407 -0.44945 70 44 17
10.143 3.746 -0.47189 68 46 0
10.187 3.7032 -0.50148 73 46 0
10.235 3.7136 -0.5432 68 42 19
10.043 3.7683 -0.48878 73 48 0
10.084 3.727 -0.51684 66 46 12
10.093 3.742 -0.45136 70 44 19
10.101 3.7345 -0.47445 71 44 9
10.112 3.7501 -0.49123 67 46 0
10.13 3.7307 -0.43507 75 47 20
10.09 3.7469 -0.53319 70 46 12
10.055 3.7561 -0.53126 72 44 13
10.059 3.7514 -0.47112 67 47 0
10.049 3.7367 -0.53341 72 43 12
10.105 3.7308 -0.4969 72 43 21
10.125 3.737 -0.45328 69 48 17
10.082 3.7543 -0.51115 67 42 19
10.125 3.7377 -0.5151 70 42 11
10.088 3.7469 -0.43143 74 46 17
10.072 3.7381 -0.45292 66 47 4
10.128 3.7338 -0.47449 66 41 9
10.973 3.5084 -0.77959 66 48 28
11.129 3.3942 -0.85294 38 21 0
10.906 3.5903 -0.72075 61 45 22
10.978 3.5111 -0.87267 0 14 0
10.754 3.6474 -0.84503 66 69 60
11.069 3.446 -0.93164 4 7 0
10.885 3.5722 -0.72733 66 45 16
10.739 3.6542 -0.78813 86 64 23
10.783 3.6158 -0.71268 89 64 32
10.768 3.6348 -0.82105 84 63 18
11.025 3.4745 -0.85427 0 7 0
10.765 3.6039 -0.82932 69 43 2
11.001 3.5256 -0.80185 60 40 16
10.782 3.6167 -0.71193 89 64 32
10.71 3.6726 -0.72492 85 64 35
10.617 3.6516 -0.71744 67 43 17
10.677 3.6365 -0.75476 65 43 2
10.655 3.6558 -0.77733 67 43 5
10.714 3.6378 -0.7307 73 47 22
10.666 3.6486 -0.80929 67 43 7
10.637 3.6322 -0.6733 71 42 10
10.585 3.6509 -0.7988 65 44 1
10.678 3.6327 -0.70052 67 39 10
10.751 3.6113 -0.76821 66 45 16
10.642 3.6591 -0.66543 69 43 2
10.625 3.6465 -0.74962 68 46 9
10.568 3.663 -0.76691 64 41 0
10.688 3.6564 -0.69677 64 41 8
10.587 3.6741 -0.68519 67 45 8
10.641 3.6368 -0.80864 65 43 0
10.687 3.6272 -0.73118 70 46 20
10.629 3.6451 -0.77731 70 43 8
10.733 3.6271 -0.79218 68 44 6
10.506 3.679 -0.68175 67 43 5
10.458 3.6878 -0.6251 71 44 7
10.589 3.6426 -0.72208 67 43 17
10.537 3.6519 -0.66356 68 44 6
10.539 3.6545 -0.74103 67 44 2
10.559 3.6394 -0.77337 66 43 0
10.548 3.6734 -0.65935 66 42 6
10.574 3.6533 -0.69273 71 46 16
10.451 3.6693 -0.75701 63 41 2
10.543 3.6537 -0.79495 65 40 8
10.52 3.6693 -0.70945 65 44 15
10.472 3.6815 -0.7547 66 40 17
10.472 3.6805 -0.72946 68 47 0
10.496 3.659 -0.71011 67 43 17
10.476 3.6738 -0.65452 69 43 18
10.517 3.64 -0.68985 69 40 18
10.567 3.6617 -0.74189 68 44 6
10.423 3.6644 -0.75405 60 38 14
10.409 3.6453 -0.70692 53 30 0
10.438 3.6196 -0.74149 42 27 0
10.432 3.6514 -0.63198 53 30 0
10.425 3.6578 -0.65566 70 43 10
10.404 3.646 -0.63357 53 30 0
10.448 3.6396 -0.68584 54 34 0
10.414 3.6716 -0.72496 66 40 0
10.397 3.6547 -0.67824 52 30 7
10.444 3.6439 -0.71075 65 33 0
10.449 3.6682 -0.67917 69 45 7
10.433 3.6801 -0.65278 69 45 19
10.462 3.6547 -0.63329 68 44 6
10.429 3.6291 -0.76382 43 26 8
10.351 3.669 -0.72134 56 41 2
10.398 3.6523 -0.65638 49 31 7
10.434 3.6826 -0.69878 71 44 11
10.487 3.6377 -0.74035 66 38 11
10.363 3.6551 -0.65264 64 40 14
10.224 3.7251 -0.58499 70 43 10
10.27 3.7108 -0.61277 73 45 16
10.229 3.6962 -0.70616 65 40 10
10.324 3.6618 -0.64949 71 43 12
10.243 3.7083 -0.6122 71 44 9
10.241 3.7109 -0.63468 68 42 19
10.286 3.6954 -0.59396 68 45 3
10.238 3.7146 -0.67809 65 42 0
10.21 3.7136 -0.67634 67 42 0
10.226 3.7272 -0.69752 66 41 21
10.371 3.649 -0.70504 60 36 0
10.237 3.7148 -0.65568 65 43 6
10.281 3.7023 -0.66097 68 43 11
10.38 3.6404 -0.68143 59 37 13
10.243 3.7096 -0.65761 66 44 7
10.343 3.6468 -0.72727 65 41 5
10.394 3.6259 -0.63688 57 41 6
10.305 3.6807 -0.69201 64 39 7
10.168 3.7248 -0.58222 67 43 9
10.11 3.7557 -0.63869 67 44 0
10.118 3.746 -0.55439 70 43 10
10.142 3.7228 -0.58229 70 45 22
10.181 3.7138 -0.6751 65 40 8
10.207 3.7148 -0.63274 70 45 23
10.17 3.7232 -0.60508 70 46 10
10.18 3.7139 -0.65342 68 40 11
10.127 3.7384 -0.60074 67 42 10
10.136 3.7299 -0.62457 67 46 1
10.142 3.7251 -0.66869 64 41 7
10.114 3.7251 -0.64477 66 43 0
10.212 3.7111 -0.65394 67 42 12
10.096 3.7435 -0.6624 64 42 18
10.161 3.7324 -0.62532 67 42 12
10.218 3.7038 -0.58982 69 47 6
10.202 3.7198 -0.60779 68 46 7
10.037 3.7498 -0.63571 66 43 0
10.106 3.7318 -0.55852 70 45 13
10.077 3.7612 -0.59259 68 43 0
10.076 3.7374 -0.66175 66 41 9
10.068 3.7449 -0.63738 67 41 0
10.093 3.746 -0.61878 66 41 9
10.025 3.7616 -0.5701 69 44 14
10.046 3.7405 -0.55321 71 46 0
10.03 3.7572 -0.61246 66 44 0
10.061 3.7512 -0.59497 69 45 7
10.049 3.7631 -0.54979 70 46 12
10.068 3.744 -0.57626 68 46 7
10.042 3.7458 -0.65758 66 43 1
10.092 3.746 -0.5763 66 46 9
10.073 3.7398 -0.61873 65 42 0
10.036 3.7511 -0.59343 68 44 8
10.009 3.7539 -0.63222 68 45 1
10.755 3.6919 -1.0126 45 23 0
10.669 3.6525 -0.92452 65 40 8
10.943 3.513 -1.028 85 66 36
10.941 3.5171 -1.059 82 59 26
10.755 3.6199 -0.94015 64 46 6
10.68 3.6463 -0.95476 64 40 6
10.764 3.6414 -0.87644 67 67 67
10.714 3.6448 -0.84427 64 40 2
10.698 3.6344 -0.99035 63 40 0
10.712 3.6545 -0.95597 76 50 25
11.112 3.4168 -0.97467 2 2 2
10.8 3.6186 -0.94721 71 54 28
10.778 3.5979 -0.89222 66 42 6
10.706 3.6553 -0.89795 64 39 7
10.695 3.6364 -0.98986 63 40 0
10.933 3.525 -1.0875 65 44 17
10.648 3.6328 -0.83867 63 41 17
10.57 3.6693 -0.90209 63 43 9
10.661 3.6309 -0.98537 62 39 0
10.52 3.6804 -0.91949 61 38 5
10.69 3.6007 -0.87972 67 40 0
10.619 3.6623 -0.94025 65 42 0
10.736 3.5993 -0.91543 66 40 15
10.656 3.6296 -0.89688 67 45 21
10.569 3.6649 -0.82086 61 38 5
10.613 3.6371 -0.97429 65 40 8
10.603 3.6384 -0.86045 65 42 9
10.561 3.6451 -0.90852 64 41 0
10.621 3.6294 -0.9465 66 42 8
10.648 3.6642 -0.83048 66 42 8
10.627 3.6542 -0.91633 67 42 10
10.69 3.6329 -0.87296 66 43 9
10.628 3.6201 -0.89579 63 40 6
10.499 3.6667 -0.92271 63 40 9
10.43 3.6926 -0.85109 64 41 10
10.459 3.669 -0.88795 66 42 8
10.567 3.6373 -0.85514 69 41 1
10.439 3.655 -0.86131 67 44 13
10.538 3.6593 -0.8209 68 44 8
10.485 3.6731 -0.81096 67 44 11
10.445 3.651 -0.88966 64 39 9
10.491 3.6717 -0.89493 60 39 10
10.5 3.6593 -0.7896 62 40 17
10.448 3.6762 -0.83131 62 40 16
10.448 3.6736 -0.77975 66 42 6
10.458 3.6405 -0.9203 57 38 0
10.487 3.6727 -0.83701 67 43 9
10.449 3.6787 -0.91032 64 39 9
10.58 3.6276 -0.88656 60 41 7
10.511 3.6542 -0.87218 63 40 9
10.453 3.6706 -0.80774 67 42 10
10.43 3.6292 -0.78856 50 31 1
10.367 3.6546 -0.75258 55 36 6
10.425 3.637 -0.86303 45 26 9
10.378 3.6494 -0.88029 56 37 3
10.382 3.6421 -0.78144 55 39 4
10.426 3.6651 -0.83075 69 47 0
10.449 3.6162 -0.89903 44 29 0
10.434 3.6568 -0.80769 65 40 10
10.415 3.6431 -0.81058 47 25 10
10.386 3.6115 -0.86601 68 40 11
10.366 3.659 -0.82489 61 38 7
10.341 3.6529 -0.87582 61 37 1
10.405 3.6243 -0.86532 55 37 1
10.442 3.6491 -0.78434 55 32 1
10.44 3.6257 -0.92151 44 27 0
10.438 3.6244 -0.84219 43 27 2
10.363 3.6609 -0.79871 53 32 13
10.234 3.6919 -0.73022 71 43 16
10.23 3.6981 -0.79894 66 40 0
10.248 3.7081 -0.77436 65 44 13
10.331 3.66 -0.79712 66 42 16
10.361 3.6328 -0.83294 62 39 0
10.216 3.7102 -0.7725 62 38 12
10.243 3.7133 -0.79724 62 37 14
10.173 3.7244 -0.80934 66 39 4
10.222 3.7056 -0.81952 65 42 0
10.243 3.7114 -0.72634 67 41 0
10.256 3.7 -0.75424 63 41 17
10.171 3.726 -0.76133 65 40 8
10.214 3.7111 -0.74822 65 45 10
10.254 3.7047 -0.84954 65 42 1
10.303 3.6846 -0.76279 68 47 4
10.264 3.6946 -0.82942 64 41 0
10.228 3.7006 -0.84574 64 43 0
10.175 3.7227 -0.78589 65 42 1
10.346 3.6444 -0.7518 66 45 2
10.185 3.7121 -0.74313 68 43 23
10.105 3.709 -0.75915 63 42 0
10.106 3.7352 -0.75204 66 42 14
10.166 3.7021 -0.72199 64 41 7
10.107 3.7331 -0.68537 70 42 13
10.079 3.7356 -0.79334 66 38 1
10.149 3.7454 -0.68784 66 43 1
10.105 3.7361 -0.77402 66 43 12
10.1 3.7403 -0.70653 65 43 6
10.155 3.7142 -0.80999 67 42 0
10.165 3.7303 -0.71462 69 44 22
10.108 3.7334 -0.79842 61 38 0
10.149 3.7201 -0.78492 64 41 0
10.154 3.7137 -0.69621 66 41 9
10.133 3.7353 -0.7327 65 44 17
10.115 3.7251 -0.7342 66 46 12
10.08 3.7342 -0.77189 64 43 0
10.173 3.6962 -0.76967 64 41 8
10.039 3.7489 -0.69946 67 41 14
10.029 3.7325 -0.74585 66 44 0
10.026 3.7367 -0.7655 60 41 0
10.055 3.7334 -0.76861 61 38 0
10.037 3.7507 -0.67687 67 44 11
10.019 3.7433 -0.67796 65 44 1
10.086 3.7275 -0.73049 68 47 18
10.019 3.7434 -0.69807 66 43 2
10.014 3.7481 -0.65546 62 43 0
10.028 3.7344 -0.72228 66 43 12
9.9915 3.7466 -0.75771 65 42 0
9.9819 3.7568 -0.73273 64 40 14
9.9925 3.7459 -0.71376 64 41 8
10.07 3.743 -0.68151 67 40 23
10.092 3.7209 -0.71092 65 43 20
10.029 3.76 -0.73739 62 41 12
10.048 3.7399 -0.72191 65 42 8
10.893 3.5976 -1.1601 35 23 1
10.873 3.6094 -1.1198 41 16 0
10.741 3.6383 -1.0566 78 53 23
11.003 3.4775 -1.1807 84 55 47
10.725 3.6212 -1.1191 62 39 0
10.693 3.6399 -1.0172 64 41 0
10.719 3.5956 -1.1867 54 36 0
10.754 3.6348 -1.1508 81 62 30
10.678 3.6224 -1.0797 63 42 0
10.755 3.6259 -1.0294 83 60 16
10.705 3.6385 -1.141 64 38 15
10.666 3.6363 -1.132 59 40 0
10.738 3.6425 -1.0843 82 56 15
11.005 3.4735 -1.1481 82 57 37
10.722 3.6217 -1.086 62 42 8
10.69 3.6155 -1.1123 66 43 1
10.761 3.5972 -1.1973 58 37 10
10.71 3.6287 -1.0526 68 41 8
10.603 3.6471 -0.99816 65 42 0
10.562 3.6469 -0.96322 65 42 1
10.537 3.6439 -1.1015 62 39 21
10.614 3.6428 -1.0894 66 41 11
10.486 3.6817 -0.99712 62 39 8
10.613 3.6459 -1.1165 62 38 10
10.599 3.6177 -1.0057 64 41 0
10.667 3.6293 -1.0445 66 45 0
10.593 3.6294 -1.1183 60 36 10
10.562 3.6528 -1.0778 63 39 13
10.558 3.6549 -1.0455 63 40 7
10.615 3.6405 -1.0609 62 38 10
10.566 3.6467 -1.021 63 40 9
10.52 3.6548 -1.0372 64 40 14
10.604 3.6135 -1.0084 64 41 0
10.615 3.6441 -1.1172 62 38 10
10.592 3.6579 -1.0215 62 40 3
10.527 3.65 -1.0693 62 41 10
10.676 3.6208 -1.0184 67 44 2
10.663 3.6075 -1.1696 55 33 9
10.484 3.6502 -0.94935 63 40 0
10.499 3.6384 -0.98391 62 39 21
10.433 3.6655 -0.99151 65 42 1
10.452 3.6509 -1.0257 61 39 15
10.494 3.6483 -1.0923 62 37 14
10.484 3.6524 -1.0048 64 38 13
10.495 3.6463 -1.0632 54 27 16
10.456 3.6148 -1.0091 43 26 0
10.467 3.6353 -0.97769 65 42 1
10.477 3.66 -1.0287 65 42 0
10.439 3.6637 -1.0757 59 37 13
10.452 3.6467 -0.9446 64 41 10
10.451 3.6217 -1.0616 41 26 7
10.511 3.6592 -0.97994 66 39 4
10.459 3.6133 -1.0374 45 26 12
10.517 3.6533 -0.95331 62 41 0
10.421 3.6787 -1.04 61 40 19
10.271 3.6934 -1.0038 58 38 1
10.377 3.6535 -0.95733 56 37 3
10.254 3.707 -0.92173 63 39 13
10.26 3.7013 -0.89763 62 38 2
10.446 3.6226 -0.97717 43 26 0
10.377 3.624 -0.99223 63 39 13
10.357 3.6407 -0.93134 63 41 17
10.361 3.6378 -0.95899 61 39 15
10.345 3.6539 -1.0043 59 39 5
10.394 3.6393 -0.99118 51 34 6
10.336 3.659 -0.89589 66 40 0
10.389 3.6413 -0.93669 55 39 3
10.452 3.6162 -0.95385 43 27 1
10.412 3.624 -1.0255 51 32 15
10.396 3.639 -1.0457 48 30 6
10.244 3.7174 -0.94203 65 36 15
10.394 3.6358 -0.91261 55 37 0
10.282 3.683 -0.984 63 41 0
10.39 3.6138 -1.0512 60 40 16
10.232 3.6983 -0.87083 65 43 2
10.192 3.7071 -0.86455 61 39 0
10.183 3.7156 -0.83574 65 42 0
10.238 3.6951 -0.97188 58 39 0
10.183 3.7168 -0.88369 60 39 12
10.228 3.702 -0.89487 64 42 3
10.192 3.7097 -0.95959 59 38 9
10.202 3.6995 -0.93943 61 40 11
10.259 3.6739 -0.95769 60 38 14
10.155 3.7159 -0.87899 64 38 15
10.265 3.6949 -0.87753 63 39 13
10.23 3.7033 -0.99161 60 38 15
10.246 3.6852 -0.9274 62 39 8
10.168 3.7043 -0.93261 61 37 3
10.173 3.6992 -0.91092 60 41 11
10.157 3.715 -0.95235 61 39 2
10.185 3.7158 -0.90809 67 40 5
10.116 3.7263 -0.87069 59 40 0
10.046 3.7432 -0.87635 65 43 6
10.12 3.7228 -0.8473 63 41 0
10.101 3.7151 -0.91684 60 41 1
10.097 3.7192 -0.89142 60 39 12
10.149 3.7206 -0.83066 65 44 1
10.12 3.7239 -0.94128 60 38 14
10.116 3.7277 -0.91561 60 38 15
10.123 3.7204 -0.91916 60 38 15
10.061 3.7283 -0.83591 61 42 0
10.064 3.7254 -0.9069 59 37 0
10.042 3.7476 -0.85194 62 43 0
10.148 3.7229 -0.85246 63 38 15
10.089 3.727 -0.86543 64 42 5
10.094 3.7206 -0.82243 65 41 3
10.096 3.7476 -0.88349 62 42 8
10.111 3.7315 -0.82123 64 40 4
10.09 3.7261 -0.93457 62 37 15
10.085 3.7303 -0.84054 64 37 16
9.9627 3.7512 -0.83774 58 36 21
9.993 3.7454 -0.84383 61 41 14
10.011 3.753 -0.82363 63 38 6
9.9511 3.7637 -0.81171 64 38 13
9.9871 3.7517 -0.86332 61 42 10
9.9813 3.7575 -0.77518 66 44 3
9.9784 3.7608 -0.79483 61 37 1
10.046 3.7425 -0.78659 66 40 0
10.039 3.7236 -0.90358 60 34 19
10.031 3.7312 -0.81162 66 37 3
10.015 3.7489 -0.781 60 42 4
10.054 3.7079 -0.88692 61 41 16
9.9673 3.7462 -0.86146 62 39 5
10.026 3.7368 -0.8521 61 38 4
10.035 3.7266 -0.81349 66 37 3
10.044 3.7449 -0.80873 61 39 16
9.9849 3.754 -0.88425 60 40 3
10.007 3.7307 -0.82859 61 39 0
9.9707 3.7424 -0.88522 63 38 16
10.725 3.6656 -1.2616 23 16 6
10.723 3.6692 -1.2917 23 17 3
10.615 3.6498 -1.2064 61 39 2
10.842 3.5746 -1.2853 76 59 15
10.617 3.6781 -1.1702 55 35 8
10.718 3.6048 -1.31 59 34 12
10.664 3.6156 -1.3243 56 36 2
10.751 3.6093 -1.2521 63 36 1
10.678 3.6339 -1.2607 58 32 15
10.802 3.5674 -1.2478 59 39 12
10.736 3.5929 -1.3505 35 16 0
10.686 3.6256 -1.2336 59 36 2
10.641 3.6307 -1.2497 57 37 3
10.689 3.5941 -1.3035 58 38 1
10.748 3.6143 -1.2816 60 37 3
10.827 3.5556 -1.3521 56 38 0
10.603 3.6299 -1.2695 61 37 0
10.602 3.6233 -1.1517 57 37 2
10.678 3.5705 -1.3415 63 39 5
10.536 3.6508 -1.217 58 36 0
10.566 3.655 -1.1629 58 36 0
10.588 3.6366 -1.1738 58 36 0
10.581 3.6447 -1.1991 58 38 1
10.528 3.6232 -1.1943 53 30 12
10.519 3.63 -1.1598 60 38 0
10.617 3.6165 -1.249 61 37 3
10.537 3.6535 -1.2744 56 36 2
10.7 3.5792 -1.2173 56 36 0
10.53 3.6543 -1.1841 59 39 4
10.537 3.617 -1.2273 58 35 1
10.585 3.6112 -1.2711 60 37 3
10.529 3.6515 -1.1278 62 38 12
10.563 3.6243 -1.1739 57 37 0
10.519 3.6358 -1.2748 57 34 3
10.506 3.6454 -1.2389 59 36 3
10.44 3.6362 -1.1667 37 19 0
10.43 3.6129 -1.1721 41 26 3
10.414 3.6268 -1.1344 51 31 7
10.432 3.6712 -1.0987 60 37 3
10.438 3.6339 -1.0827 41 23 0
10.448 3.6589 -1.1346 60 38 1
10.422 3.6827 -1.1495 58 38 3
10.426 3.6182 -1.1963 43 31 7
10.439 3.636 -1.1381 41 24 6
10.421 3.6845 -1.1765 56 36 1
10.454 3.6249 -1.2026 32 25 0
10.46 3.6527 -1.2256 55 32 0
10.418 3.6531 -1.1006 43 26 0
10.466 3.6467 -1.2296 55 32 0
10.445 3.6022 -1.2355 48 32 6
10.5 3.644 -1.123 60 35 13
10.435 3.6427 -1.222 39 25 0
10.229 3.7054 -1.0431 64 42 5
10.28 3.6882 -1.112 57 33 0
10.32 3.6522 -1.1592 56 38 0
10.365 3.6399 -1.12 57 37 3
10.35 3.6522 -1.0864 57 33 0
10.358 3.6493 -1.1985 53 37 2
10.381 3.6268 -1.1825 54 34 0
10.311 3.6579 -1.0761 60 37 3
10.266 3.6994 -1.0263 62 38 4
10.374 3.6301 -1.0985 57 33 0
10.395 3.6105 -1.0806 61 38 4
10.241 3.696 -1.1275 59 36 3
10.239 3.6956 -1.0218 63 41 4
10.336 3.6356 -1.1153 60 37 4
10.389 3.6468 -1.0686 46 31 2
10.248 3.6883 -1.1055 62 40 3
10.413 3.6254 -1.1097 49 35 0
10.234 3.7017 -1.0708 58 38 1
10.359 3.6454 -1.1173 57 37 3
10.376 3.6306 -1.1537 57 33 5
10.334 3.6404 -1.1945 57 33 5
10.189 3.7138 -1.0064 57 34 1
10.168 3.7048 -1.007 60 37 3
10.173 3.6997 -0.98376 60 38 1
10.223 3.683 -1.1266 64 37 0
10.197 3.7051 -0.98702 59 37 0
10.121 3.7243 -1.0135 60 38 1
10.117 3.7277 -0.96352 56 36 0
10.203 3.7024 -1.0887 55 36 0
10.111 3.7336 -0.98469 61 39 2
10.168 3.7079 -1.1025 59 41 1
10.164 3.7105 -1.0273 57 35 14
10.141 3.705 -1.048 59 37 13
10.084 3.7622 -1.0417 61 37 0
10.19 3.7141 -1.0298 68 45 4
10.215 3.6898 -1.0698 61 37 3
10.142 3.705 -1.0975 56 35 6
10.158 3.717 -1.0483 55 34 13
10.185 3.6905 -1.0887 57 34 0
10.108 3.7094 -0.98993 58 39 7
10.061 3.7289 -0.95116 58 35 4
10.053 3.7373 -0.9701 60 37 3
10.035 3.7279 -0.9478 62 38 4
10.058 3.7318 -0.92692 63 39 3
10.029 3.735 -0.9664 59 36 3
10.107 3.7103 -1.0627 62 37 5
9.9914 3.7477 -1.0211 53 37 14
10.029 3.7347 -0.98981 57 38 0
10.021 3.7435 -1.0083 59 35 7
10.025 3.7394 -1.0323 62 39 5
10.041 3.7215 -0.99698 57 38 0
10.102 3.715 -0.96388 61 41 16
10.083 3.7348 -1.0011 64 37 2
10.061 3.7295 -1.0447 60 37 3
10.063 3.7273 -1.0222 58 41 0
10.102 3.716 -1.035 57 37 2
10.06 3.7307 -0.99673 62 38 2
9.9913 3.747 -0.9554 62 40 0
9.9671 3.7465 -0.90475 62 38 4
10.02 3.7438 -0.91774 63 40 7
9.9951 3.7432 -0.91159 61 39 0
9.9979 3.7398 -0.93646 55 33 18
9.9475 3.7405 -0.96942 63 38 6
9.972 3.7406 -1.0203 58 37 10
9.9261 3.7643 -0.9356 58 38 1
9.9508 3.7638 -0.96323 57 36 5
9.9738 3.7389 -0.99795 58 35 4
9.9722 3.7407 -0.93035 58 37 6
9.9838 3.755 -0.97378 60 38 0
10.023 3.7127 -1.0188 56 35 4
9.9479 3.7398 -0.99226 58 40 4
9.9669 3.7464 -0.94975 59 36 3
11.395 5.7983 -1.666 39 20 4
11.13 5.6825 -1.5584 39 18 15
11.504 5.5831 -1.738 35 23 9
11.428 5.5684 -1.6553 47 22 17
11.408 5.5155 -1.7021 42 22 15
11.592 5.5562 -1.7909 45 22 14
11.356 5.5228 -1.7142 43 26 0
11.367 5.514 -1.6816 42 22 15
11.417 5.4855 -1.7201 45 23 0
11.288 5.3921 -1.6862 44 22 9
10.637 3.605 -1.3512 42 36 10
10.102 4.0676 -1.0812 22 21 0
10.521 3.6353 -1.3075 57 35 14
10.569 3.6289 -1.3204 53 34 20
10.523 3.6354 -1.3369 43 37 13
10.444 3.6674 -1.2456 61 39 2
10.537 3.6556 -1.3375 12 14 0
10.461 3.6543 -1.2832 60 35 3
10.498 3.624 -1.3343 52 33 19
10.423 3.6552 -1.2721 39 21 0
10.437 3.6447 -1.3081 36 19 0
10.417 3.629 -1.2774 35 22 13
10.414 3.6331 -1.3048 38 23 0
10.394 3.6167 -1.2469 58 36 21
10.385 3.6281 -1.2963 57 36 9
10.436 3.6114 -1.2592 47 26 5
10.453 3.6003 -1.3542 29 13 0
10.453 3.628 -1.2602 39 22 0
10.371 3.6387 -1.2623 51 29 18
10.38 3.6339 -1.3202 45 37 14
10.199 3.7091 -1.2149 57 36 7
10.269 3.6746 -1.3023 48 32 0
10.327 3.6486 -1.245 53 32 13
10.177 3.7025 -1.2624 55 33 9
10.221 3.7165 -1.1674 56 35 4
10.172 3.7066 -1.2327 54 34 10
10.253 3.6855 -1.1601 60 37 4
10.228 3.6824 -1.2594 54 32 17
10.209 3.6996 -1.1946 58 38 4
10.224 3.6837 -1.1511 57 37 3
10.349 3.6289 -1.2856 53 31 7
10.244 3.6956 -1.2348 56 37 7
10.269 3.6719 -1.2222 56 35 4
10.342 3.6328 -1.2275 57 36 7
10.241 3.6994 -1.2609 55 33 10
10.223 3.6877 -1.2832 52 32 0
10.184 3.7222 -1.1555 55 32 14
10.338 3.6401 -1.3074 56 30 16
10.176 3.7012 -1.1862 56 35 18
10.196 3.6809 -1.1714 54 35 1
10.141 3.7056 -1.1228 57 37 13
10.104 3.7145 -1.1605 57 37 3
10.107 3.7121 -1.1876 55 36 20
10.096 3.7221 -1.0819 62 37 5
10.089 3.7016 -1.2092 55 34 5
10.084 3.7354 -1.1975 59 33 10
10.16 3.689 -1.2358 56 37 7
10.179 3.699 -1.2118 59 38 9
10.076 3.7429 -1.0941 58 40 2
10.159 3.6906 -1.2612 54 33 2
10.118 3.7007 -1.1429 61 40 19
10.125 3.7223 -1.1634 58 38 14
10.111 3.7364 -1.1287 60 36 2
10.164 3.712 -1.1264 58 37 16
10.136 3.7116 -1.1962 55 35 8
10.039 3.7525 -1.1043 61 41 16
10.034 3.7302 -1.0606 54 34 7
10.003 3.7344 -1.1238 57 35 11
9.9899 3.7494 -1.043 57 37 3
9.9947 3.7439 -1.1417 58 36 0
10.013 3.7526 -1.0718 54 38 5
10.029 3.7348 -1.1074 59 35 21
10.043 3.7209 -1.1399 57 37 2
10.014 3.7237 -1.1776 52 32 0
10.084 3.7071 -1.1047 56 37 3
9.9806 3.7306 -1.1431 54 36 0
10.031 3.7336 -1.1808 52 32 0
10.066 3.7259 -1.1691 59 39 5
10.045 3.7188 -1.1653 56 38 0
10.073 3.7176 -1.1492 60 35 15
9.9976 3.7406 -1.0967 55 34 7
10 3.7382 -1.0721 58 37 18
10.065 3.7261 -1.0703 56 37 5
9.9557 3.7579 -1.0571 58 37 6
9.9268 3.7627 -1.0249 59 38 7
9.9703 3.7148 -1.0734 58 37 10
9.919 3.7448 -1.0057 58 38 11
9.9172 3.7465 -1.0269 59 37 22
9.8754 3.7652 -1.0996 46 23 0
9.9726 3.7398 -1.0438 60 39 18
9.9073 3.7575 -1.043 56 35 18
9.9244 3.7379 -1.0769 51 34 6
9.9003 3.7644 -1.085 53 35 0
9.9137 3.7496 -1.115 56 32 4
9.9409 3.7463 -1.1256 54 34 0
9.9776 3.734 -1.0939 56 37 3
9.9287 3.7602 -1.0717 54 37 20
9.9478 3.7391 -1.1063 55 33 10
9.9468 3.7409 -1.0137 57 38 6
9.9717 3.7405 -1.1131 55 33 9
11.069 5.7365 -1.5411 25 24 4
11.724 5.8968 -1.9013 39 15 3
11.346 5.6872 -1.7219 39 19 0
11.261 5.7341 -1.6534 45 20 0
11.268 5.707 -1.6673 42 20 0
11.474 5.6789 -1.8363 45 19 2
11.028 5.6292 -1.5619 39 20 3
11.299 5.5456 -1.7836 41 21 10
10.906 5.4844 -1.5124 43 22 1
11.184 5.5028 -1.6969 48 23 1
11.1 5.563 -1.665 41 23 13
11.027 5.43 -1.7031 42 24 0
11.18 5.4454 -1.7176 39 27 3
10.927 5.4665 -1.5633 44 22 11
11.172 5.4579 -1.6377 47 27 2
10.856 5.4609 -1.6233 41 23 1
11.404 5.4718 -1.7957 44 22 0
11.277 5.4902 -1.6863 48 26 2
11.01 5.4224 -1.6626 38 21 1
11.201 5.4293 -1.662 42 24 2
11.055 5.3649 -1.5767 43 24 10
11.016 5.3949 -1.6768 40 25 2
11.204 5.4038 -1.8278 43 23 12
10.789 5.3507 -1.5919 38 23 4
11.041 5.3315 -1.6849 38 20 8
11.016 5.3038 -1.6792 45 26 12
10.871 5.316 -1.626 45 25 18
10.872 5.289 -1.6363 48 26 15
10.238 3.6432 -1.3293 52 32 7
10.162 3.7768 -1.2859 13 16 0
10.239 3.6735 -1.3189 49 32 4
10.198 3.6836 -1.3569 12 4 1
10.198 3.6824 -1.3317 55 29 14
10.225 3.6875 -1.3384 35 21 0
10.271 3.6722 -1.3335 46 33 17
10.067 3.7252 -1.3235 40 28 14
10.043 3.7216 -1.289 49 30 0
10.138 3.6833 -1.3621 32 17 0
10.092 3.7002 -1.3131 50 27 9
10.114 3.7062 -1.2676 55 35 0
10.117 3.7031 -1.2961 54 32 11
10.134 3.6862 -1.3335 50 29 8
10.141 3.7085 -1.3027 50 29 8
10.154 3.6965 -1.337 45 29 0
10.1 3.7201 -1.2331 53 35 0
10.05 3.7142 -1.3201 52 36 11
10.082 3.7102 -1.3594 21 13 10
10.13 3.7195 -1.2673 50 33 5
10.067 3.7249 -1.221 52 30 6
10.076 3.7158 -1.2771 51 31 0
10.073 3.719 -1.2487 55 35 1
10.057 3.7069 -1.3511 11 12 7
9.9643 3.7484 -1.1552 57 33 0
10.015 3.7223 -1.2036 49 32 6
9.9737 3.7378 -1.2582 50 30 6
9.9747 3.736 -1.2855 51 32 0
9.9309 3.7567 -1.2127 53 31 10
10.032 3.7047 -1.2877 49 31 9
9.9495 3.7355 -1.2513 49 32 12
9.981 3.7308 -1.1885 54 36 0
9.9936 3.7164 -1.2234 52 30 9
9.9399 3.7462 -1.2677 52 31 10
9.9966 3.7418 -1.2156 53 32 11
10.011 3.7271 -1.2987 51 32 15
10.004 3.734 -1.2458 53 30 22
10.003 3.7059 -1.2545 53 32 13
10.042 3.7221 -1.2632 49 31 11
10.038 3.7264 -1.2096 54 35 5
10.066 3.6969 -1.2546 52 32 8
9.919 3.7421 -1.1903 54 35 1
9.9426 3.7441 -1.1969 52 31 12
9.8839 3.7538 -1.22 37 22 0
9.9288 3.7303 -1.2689 47 31 0
9.8859 3.7232 -1.2314 38 25 7
9.904 3.759 -1.1573 49 31 11
9.9086 3.7546 -1.1358 55 32 0
9.9299 3.7294 -1.2223 56 33 0
9.9202 3.7401 -1.2388 56 32 30
9.9503 3.7358 -1.1783 55 34 13
9.9532 3.7329 -1.156 51 31 0
9.884 3.755 -1.1281 41 25 0
9.8906 3.7471 -1.1555 44 24 0
9.8703 3.77 -1.164 41 22 15
9.8836 3.7544 -1.1968 38 23 0
10.895 5.5214 -1.6572 42 20 7
10.934 5.5045 -1.7201 32 21 2
10.71 5.5158 -1.6668 39 22 4
10.717 5.4776 -1.6232 43 22 3
10.782 5.5054 -1.6578 38 23 4
10.645 5.5289 -1.5878 37 18 1
10.85 5.4938 -1.6409 30 16 7
10.721 5.4853 -1.6582 35 20 1
10.842 5.5154 -1.7241 28 19 4
10.672 5.4041 -1.6267 41 15 14
10.734 5.4288 -1.6539 42 22 15
10.711 5.4535 -1.6318 41 17 3
10.759 5.4477 -1.6342 38 20 0
10.894 5.3831 -1.6787 32 17 10
10.719 5.3792 -1.666 40 19 14
10.779 5.3645 -1.6437 44 26 2
10.744 5.3402 -1.6368 43 26 0
10.762 5.3463 -1.6751 42 26 3
10.746 5.3538 -1.6966 38 19 2
10.698 5.3731 -1.629 44 26 2
10.745 5.3974 -1.6443 40 20 13
10.814 5.3574 -1.6385 34 22 0
10.808 5.2984 -1.6254 47 27 20
10.857 5.3237 -1.6518 45 23 8
9.9716 3.7951 -1.3155 37 30 4
10.015 3.7213 -1.3298 44 33 3
9.9585 3.7256 -1.3059 52 29 0
9.9753 3.7354 -1.3104 50 29 0
10.009 3.6985 -1.3609 23 17 1
10.018 3.718 -1.358 24 21 2
9.8732 3.7364 -1.2931 33 16 9
9.8985 3.734 -1.3539 12 8 7
9.8908 3.7442 -1.3208 19 10 1
9.8781 3.7588 -1.2422 34 17 0
9.8926 3.7431 -1.2739 36 22 0
9.8895 3.7457 -1.2968 30 24 0
9.8831 3.725 -1.2782 36 18 4
9.9379 3.7192 -1.3017 48 26 13
9.8777 3.7318 -1.2501 39 28 0
9.9453 3.7109 -1.3312 50 25 3
9.8733 3.7354 -1.318 12 20 7
9.8746 3.7334 -1.3431 1 9 0
