3118
0.034125 0.45444 0.064114 0.88781 25.341 5.2424 3.224
27.548 5.963 2.9782 32 17 0
27.514 5.9597 2.9632 29 9 10
27.647 5.9679 2.9839 24 8 0
27.639 5.9544 2.9587 34 18 3
27.628 5.9809 2.9904 28 17 0
27.694 5.9547 2.9934 29 16 0
27.719 5.971 2.9695 22 12 0
27.607 5.9634 2.9661 27 16 0
27.804 5.9351 2.9429 29 23 1
27.747 5.9507 2.9831 31 14 0
27.704 5.9464 2.9659 29 14 0
27.784 5.9498 2.952 31 13 0
27.769 5.9541 2.9318 37 20 3
27.731 5.963 2.9438 30 17 0
27.777 5.9393 2.9745 35 18 1
27.874 5.9245 2.9534 31 16 0
27.849 5.9265 2.9334 30 17 0
27.974 5.9201 2.9611 34 15 9
27.892 5.9204 2.9737 26 9 0
27.962 5.9261 2.9397 34 18 5
27.905 5.9199 2.9232 37 18 4
27.831 5.9338 2.9644 28 16 0
28.148 5.8937 2.9262 35 17 7
28.069 5.8985 2.9403 32 16 0
28.058 5.9052 2.9158 30 18 4
27.994 5.9213 2.9061 33 18 0
28.043 5.9108 2.8937 31 14 4
28.118 5.8963 2.9026 33 15 3
28.014 5.9169 2.9282 31 13 1
28.047 5.9162 2.9483 31 12 6
28.218 5.8704 2.8786 27 11 0
28.285 5.8752 2.8977 25 14 0
28.249 5.8828 2.9328 38 17 14
28.267 5.8868 2.931 38 17 14
28.207 5.8979 2.9438 32 18 7
28.253 5.8584 2.9284 31 17 17
28.166 5.8831 2.8934 21 8 0
28.29 5.8607 2.8654 28 14 1
28.199 5.8813 2.9124 32 23 6
28.434 5.8271 2.8624 28 16 0
28.409 5.8652 2.9073 31 18 0
28.511 5.8314 2.8814 29 12 4
28.426 5.8524 2.8695 34 10 0
28.344 5.8621 2.8852 32 19 0
28.446 5.8459 2.8965 28 9 3
28.555 5.8012 2.8991 24 11 2
28.577 5.7978 2.83 27 14 0
28.609 5.8211 2.8649 28 15 0
28.539 5.8192 2.8438 28 20 0
28.776 5.8102 2.8668 28 10 0
28.703 5.8089 2.8447 32 16 0
28.636 5.8444 2.8941 32 11 6
28.717 5.7921 2.8085 29 9 0
28.573 5.7971 2.8303 27 14 0
29.199 5.7668 2.832 28 15 0
28.935 5.7621 2.8699 25 11 8
28.855 5.7924 2.854 31 15 0
28.891 5.7668 2.843 27 6 3
28.777 5.7912 2.8294 33 16 0
29.005 5.7513 2.8236 30 14 0
28.993 5.7613 2.7903 27 11 0
28.911 5.7811 2.8088 28 17 0
29.17 5.7527 2.7611 28 15 0
29.324 5.7256 2.7679 29 11 0
29.464 5.7057 2.7439 27 10 0
29.129 5.7133 2.7568 32 15 5
29.152 5.7263 2.8321 27 9 0
29.211 5.7462 2.7878 31 12 0
29.509 5.6606 2.7657 28 12 0
29.454 5.6177 2.7642 36 14 1
29.569 5.6795 2.7244 29 8 3
29.439 5.69 2.787 28 6 6
27.522 5.9765 2.8784 30 13 0
27.518 5.9833 2.8585 27 11 0
27.645 5.97 2.8724 17 12 0
27.568 5.9626 2.8397 28 17 0
27.683 5.9653 2.9076 36 14 1
27.596 5.9627 2.8589 27 14 8
27.606 5.9713 2.9464 26 11 6
27.676 5.9716 2.8871 33 16 9
27.603 5.9678 2.9016 31 15 0
27.618 5.9644 2.9204 38 18 9
27.569 5.9676 2.9302 36 9 0
27.624 5.9614 2.8251 27 15 0
27.613 5.9882 2.8579 33 16 0
27.498 5.9579 2.8583 36 11 6
27.637 5.9621 2.9387 27 8 4
27.584 5.9699 2.8843 29 12 5
27.558 5.9721 2.9126 23 16 0
27.548 5.9771 2.8938 25 18 10
27.788 5.9534 2.8311 30 13 6
27.812 5.946 2.9216 33 16 6
27.751 5.9514 2.815 32 15 0
27.74 5.9541 2.9143 37 21 0
27.703 5.9489 2.8474 36 19 1
27.689 5.9472 2.9002 27 10 3
27.752 5.9547 2.8625 30 12 8
27.784 5.9433 2.8537 32 19 1
27.732 5.9401 2.8874 29 14 7
27.73 5.9684 2.8735 37 12 8
27.79 5.9484 2.9015 31 12 0
27.687 5.9523 2.8317 40 16 14
27.653 5.9535 2.8623 34 13 10
27.664 5.9653 2.8398 30 15 8
27.683 5.9713 2.8366 30 15 8
27.679 5.9557 2.9279 29 12 0
27.841 5.9385 2.8394 26 17 2
27.845 5.918 2.8335 35 18 10
27.907 5.9297 2.899 32 18 7
27.839 5.9199 2.8859 33 14 10
27.811 5.9389 2.8222 31 19 7
27.782 5.9252 2.8987 31 12 8
27.911 5.9269 2.8471 27 16 0
27.787 5.9353 2.8757 36 12 10
27.936 5.9152 2.8896 32 16 0
27.846 5.9365 2.7862 36 16 9
27.85 5.9284 2.8089 37 19 0
27.844 5.9213 2.8851 33 14 10
27.864 5.9359 2.8594 34 13 10
27.84 5.9328 2.9129 35 11 7
27.784 5.94 2.8047 28 14 3
27.951 5.9286 2.8634 26 14 0
27.894 5.9188 2.7938 35 13 0
27.976 5.9124 2.8552 30 11 7
27.936 5.9114 2.8332 31 12 8
27.96 5.9041 2.8034 27 14 6
28.082 5.9064 2.8593 32 13 7
27.986 5.9108 2.7994 27 14 6
28.055 5.9093 2.8369 29 14 7
27.94 5.9216 2.8119 33 20 4
28.102 5.8971 2.8247 26 14 2
27.988 5.9062 2.8765 24 14 2
28.093 5.9044 2.8013 24 23 5
28.015 5.8994 2.8421 29 14 7
28.134 5.9094 2.8782 31 15 2
27.953 5.9117 2.7801 31 15 2
28.007 5.9067 2.8198 24 12 0
28.01 5.9031 2.7643 32 16 1
28.029 5.8984 2.7872 29 11 7
28.21 5.8881 2.8287 24 10 7
28.268 5.8858 2.7901 30 9 6
28.199 5.8806 2.7713 32 14 12
28.133 5.8801 2.8155 32 18 7
28.146 5.8882 2.8691 26 14 0
28.15 5.9035 2.7617 25 15 6
28.097 5.8813 2.7957 23 13 1
28.253 5.8627 2.8417 26 16 6
28.199 5.8806 2.7707 32 14 12
28.165 5.8924 2.7253 31 14 7
28.208 5.8924 2.7432 28 13 6
28.261 5.8842 2.7905 30 9 6
28.126 5.903 2.8211 26 14 2
28.292 5.8809 2.8124 25 16 0
28.093 5.8999 2.7439 29 18 0
28.22 5.8806 2.8537 27 12 5
28.218 5.8695 2.7361 32 11 6
28.125 5.8929 2.8473 33 11 0
28.359 5.8367 2.7271 34 11 5
28.354 5.8623 2.7349 27 17 5
28.328 5.8265 2.8218 31 14 6
28.36 5.8432 2.7878 28 9 3
28.459 5.8461 2.7394 35 17 7
28.37 5.8514 2.8488 35 16 0
28.283 5.8576 2.7197 33 6 0
28.462 5.8426 2.8317 33 14 0
28.259 5.8684 2.7549 25 10 3
28.277 5.8622 2.7803 36 16 9
28.328 5.8631 2.799 26 11 4
28.406 5.8462 2.7191 34 11 5
28.384 5.8585 2.7569 31 17 6
28.371 5.8494 2.6968 32 14 4
28.442 5.8325 2.7698 32 13 9
28.405 5.8688 2.8162 31 9 11
28.66 5.8157 2.7214 33 15 5
28.597 5.812 2.7973 26 15 0
28.495 5.8215 2.8194 32 13 9
28.692 5.8023 2.681 31 14 6
28.481 5.8293 2.7936 28 10 0
28.54 5.8336 2.7197 35 16 22
28.616 5.7864 2.7889 27 16 0
28.684 5.831 2.6876 31 12 5
28.548 5.8463 2.6851 35 17 7
28.571 5.8286 2.745 31 7 7
28.609 5.796 2.7568 31 14 0
28.587 5.8209 2.7709 29 11 1
28.587 5.8247 2.6728 30 11 7
28.733 5.8204 2.6427 32 15 8
28.466 5.8411 2.6706 35 17 7
28.801 5.7867 2.7584 35 16 2
28.843 5.7417 2.7071 32 13 9
28.869 5.7889 2.6776 29 14 7
29.01 5.7754 2.7564 38 14 12
28.992 5.7517 2.7179 34 16 2
28.739 5.7907 2.6346 30 10 3
28.697 5.7812 2.7381 28 12 0
28.803 5.7757 2.7906 35 11 9
28.899 5.7616 2.6636 31 12 5
28.878 5.7672 2.7419 31 12 8
28.927 5.7865 2.7001 26 13 0
28.842 5.7647 2.639 30 10 3
28.679 5.7702 2.6749 28 10 6
28.733 5.7982 2.7038 34 15 9
29.289 5.6978 2.731 30 14 0
29.302 5.701 2.6083 30 13 6
29.284 5.7238 2.5391 37 13 11
29.456 5.7315 2.5519 26 4 14
29.085 5.7315 2.6927 34 12 1
29.121 5.7262 2.6095 33 16 8
28.87 5.7371 2.6251 34 14 13
29.231 5.7157 2.6633 29 12 5
29.027 5.7451 2.7443 28 15 0
29.236 5.7287 2.624 33 7 8
29.356 5.7183 2.6849 37 7 7
29.338 5.7523 2.6948 31 13 1
29.135 5.7401 2.5736 35 15 8
29.416 5.7256 2.6769 37 7 7
28.966 5.7391 2.6423 29 17 5
29.389 5.6985 2.632 30 11 5
29.323 5.6664 2.6014 32 16 0
29.406 5.5258 2.6723 33 16 0
27.444 5.9722 2.7884 29 12 0
27.494 5.9813 2.7988 31 15 0
27.547 5.9724 2.8035 27 11 0
27.544 5.9777 2.7355 35 11 9
27.492 5.9703 2.7733 33 16 9
27.506 5.9687 2.8365 27 14 0
27.589 5.9669 2.7899 30 15 10
27.566 5.9701 2.8206 33 15 1
27.49 5.9862 2.7332 30 17 0
27.491 5.9784 2.752 32 17 0
27.527 5.974 2.787 34 18 5
27.57 5.9693 2.772 27 15 0
27.581 5.962 2.7446 30 18 2
27.59 5.9844 2.7468 33 19 8
27.594 5.9602 2.8094 31 14 0
27.563 5.9649 2.7256 26 9 0
27.49 5.9718 2.819 26 13 0
27.641 5.9505 2.6966 33 17 0
27.673 5.954 2.763 22 13 0
27.67 5.9561 2.8115 30 12 8
27.695 5.9408 2.7503 31 14 7
27.739 5.9447 2.7665 28 15 0
27.624 5.9676 2.756 27 15 0
27.686 5.9494 2.7814 28 12 0
27.677 5.938 2.8058 33 15 1
27.649 5.9554 2.7461 30 11 7
27.671 5.9512 2.7113 25 14 12
27.698 5.9502 2.7298 34 8 7
27.62 5.955 2.7302 34 20 19
27.654 5.9596 2.7937 27 9 0
27.587 5.9532 2.7152 27 11 0
27.624 5.9587 2.7774 29 14 7
27.763 5.9219 2.7792 21 11 0
27.805 5.9272 2.6654 30 11 0
27.815 5.9335 2.7159 33 16 0
27.78 5.9538 2.7064 34 16 6
27.774 5.9309 2.701 30 7 13
27.872 5.9219 2.7752 24 11 2
27.765 5.9432 2.7855 31 10 7
27.734 5.9493 2.6927 34 15 11
27.779 5.9414 2.6767 26 17 0
27.879 5.9329 2.7514 28 17 0
27.833 5.9295 2.7358 31 15 0
27.831 5.9161 2.7069 34 16 12
27.783 5.9334 2.6992 30 7 13
27.721 5.9546 2.6723 28 21 3
27.872 5.9368 2.6742 29 19 7
27.752 5.9367 2.7343 32 12 11
27.772 5.9335 2.7539 27 14 0
28.003 5.9106 2.7423 31 14 4
27.967 5.9073 2.6649 29 7 9
27.927 5.9196 2.6812 24 18 0
27.864 5.9066 2.7486 31 15 0
27.922 5.9145 2.6249 31 9 0
27.938 5.9092 2.6469 41 21 14
27.946 5.9192 2.7569 32 11 8
27.918 5.9264 2.6608 32 15 5
28.003 5.9068 2.682 33 16 9
28.065 5.9125 2.697 28 15 0
27.948 5.9157 2.702 25 13 0
27.976 5.9135 2.7215 32 12 1
27.993 5.9179 2.7179 32 12 1
27.817 5.9088 2.656 27 14 0
28.066 5.8985 2.6646 31 14 7
28.056 5.8864 2.692 31 15 0
28.081 5.8876 2.6284 35 11 9
28.207 5.8871 2.6834 31 16 9
28.184 5.872 2.7143 33 17 0
28.203 5.8811 2.6216 28 13 6
28.08 5.8776 2.6558 23 23 0
28.134 5.895 2.7041 29 11 0
28.13 5.8795 2.6705 30 12 0
28.139 5.8763 2.6102 32 15 5
28.065 5.8937 2.6053 36 18 8
28.093 5.8759 2.5921 37 19 9
28.001 5.902 2.6267 28 16 18
28.083 5.8784 2.6547 23 23 0
28.1 5.9115 2.7162 30 11 5
27.992 5.89 2.6537 31 14 6
28.277 5.8554 2.5635 34 17 7
28.362 5.8627 2.5747 34 16 2
28.233 5.8517 2.6381 31 19 7
28.204 5.8711 2.6495 31 12 0
28.309 5.8472 2.6787 31 17 6
28.295 5.8546 2.653 28 15 0
28.348 5.8493 2.6074 31 12 0
28.196 5.8741 2.5622 32 17 12
28.366 5.8425 2.6322 34 17 0
28.446 5.8474 2.6495 36 14 1
28.339 5.8415 2.5418 39 25 16
28.264 5.8689 2.601 31 12 0
28.199 5.8599 2.678 29 15 6
28.253 5.8615 2.6965 25 15 3
28.176 5.8597 2.5927 31 17 6
28.593 5.8224 2.4997 27 17 5
28.493 5.8181 2.6589 36 17 0
28.535 5.8188 2.584 33 11 0
28.568 5.8136 2.6102 27 11 0
28.403 5.8265 2.5206 34 16 16
28.652 5.8103 2.5527 29 13 0
28.412 5.8348 2.5861 38 19 5
28.449 5.8205 2.6387 30 19 0
28.337 5.8303 2.5733 32 10 10
28.595 5.8114 2.5323 26 14 0
28.474 5.8252 2.6339 30 19 0
28.537 5.8302 2.5535 33 17 2
28.66 5.8192 2.6228 31 12 5
28.494 5.8331 2.5314 35 20 15
28.529 5.8218 2.4837 30 17 1
28.43 5.8276 2.6112 34 21 2
28.776 5.7921 2.4445 30 12 12
28.609 5.7919 2.5913 31 11 0
28.897 5.7527 2.5857 34 15 9
28.861 5.7735 2.4159 29 15 4
28.844 5.768 2.5307 36 14 1
28.708 5.7892 2.534 33 15 1
28.717 5.7988 2.6029 27 9 5
28.682 5.7964 2.5056 32 15 0
28.926 5.7925 2.4788 30 13 5
28.812 5.783 2.5803 37 13 9
28.627 5.8098 2.451 34 12 22
28.681 5.7657 2.4968 29 11 9
28.905 5.7654 2.5527 27 13 4
28.633 5.7994 2.4839 31 13 11
28.718 5.7793 2.5654 28 15 0
28.982 5.7557 2.4919 30 17 0
29.089 5.7486 2.4274 33 14 0
29.049 5.7064 2.546 32 14 2
29.063 5.7327 2.4701 33 16 0
29.065 5.7356 2.3475 29 15 4
29.2 5.7278 2.3956 25 18 0
29.059 5.7323 2.4708 33 16 0
28.89 5.7661 2.4432 31 15 0
29.076 5.7245 2.3839 30 11 4
29.022 5.7493 2.5206 27 12 5
28.961 5.6953 2.5616 29 16 0
29.216 5.7405 2.4771 33 10 2
29.036 5.7755 2.448 30 12 0
28.985 5.7321 2.5629 30 17 0
28.891 5.7332 2.4359 28 12 0
28.916 5.7487 2.3942 32 15 5
29.404 5.6649 2.3697 32 13 6
29.206 5.6926 2.3836 32 16 0
29.369 5.6491 2.2878 31 15 2
29.372 5.7237 2.4359 34 11 3
29.146 5.698 2.3583 32 13 6
29.38 5.6624 2.3743 32 13 6
29.225 5.6822 2.4182 30 11 0
29.352 5.6836 2.4331 29 15 6
29.223 5.6582 2.3703 30 10 0
29.309 5.6676 2.3513 30 10 0
29.228 5.6715 2.3292 35 18 11
29.325 5.6312 2.3414 33 15 3
29.341 5.5824 2.4925 32 13 0
27.433 5.9752 2.7237 33 8 3
27.458 5.9921 2.6986 29 13 0
27.569 5.9749 2.7056 32 16 1
27.52 5.9744 2.6232 34 20 9
27.533 5.972 2.6906 24 15 0
27.523 5.9664 2.6452 27 5 0
27.477 5.9801 2.6882 24 8 0
27.441 5.9845 2.6563 31 14 7
27.505 5.9796 2.6543 30 13 6
27.444 5.9939 2.6342 31 13 3
27.539 5.9895 2.5958 21 15 19
27.434 5.9722 2.6308 25 18 2
27.499 5.971 2.7247 33 14 0
27.482 5.9803 2.6391 36 11 14
27.456 5.9813 2.6725 30 12 8
27.506 5.9818 2.702 31 15 2
27.524 5.9775 2.6717 15 4 0
27.622 5.9687 2.5824 31 13 0
27.594 5.9641 2.6926 29 11 0
27.656 5.9527 2.6422 35 17 5
27.6 5.9638 2.6404 28 11 1
27.51 5.9603 2.5988 22 13 18
27.688 5.9533 2.6575 30 12 0
27.633 5.9567 2.6766 32 14 10
27.598 5.963 2.6411 28 11 1
27.628 5.9641 2.6548 31 20 0
27.574 5.9619 2.574 30 13 6
27.669 5.9631 2.5624 39 15 13
27.564 5.9695 2.6059 29 12 4
27.594 5.9421 2.6359 32 8 4
27.619 5.9588 2.6068 29 13 0
27.585 5.9699 2.6726 37 13 0
27.561 5.9705 2.6566 21 7 0
27.571 5.9633 2.6254 28 15 0
27.741 5.9364 2.6092 32 15 0
27.766 5.9407 2.5473 27 11 0
27.752 5.9461 2.5259 33 20 4
27.679 5.957 2.5844 32 14 2
27.702 5.9338 2.5964 27 15 0
27.808 5.9338 2.5866 24 1 0
27.696 5.9533 2.6032 30 14 1
27.697 5.9356 2.6494 33 21 0
27.695 5.944 2.6261 30 12 0
27.728 5.9356 2.6658 35 20 1
27.692 5.9402 2.5745 29 15 4
27.771 5.9329 2.5707 35 11 7
27.762 5.9334 2.6282 29 12 0
27.78 5.9293 2.6469 30 14 0
27.716 5.9566 2.5436 26 12 1
28.014 5.915 2.5974 28 15 6
27.895 5.9131 2.5491 33 16 0
27.886 5.9202 2.5266 32 19 1
27.904 5.9115 2.4888 34 12 1
27.834 5.9317 2.6047 29 11 0
27.891 5.9313 2.499 33 17 4
27.946 5.9169 2.5624 32 17 0
27.808 5.9214 2.5539 28 14 5
27.886 5.9145 2.6083 28 18 6
27.907 5.8974 2.5966 28 15 0
27.923 5.911 2.5674 32 17 0
27.929 5.9085 2.5078 33 15 5
27.856 5.9253 2.5661 30 14 0
27.807 5.9308 2.5277 34 16 4
27.81 5.9162 2.633 35 18 11
27.873 5.9202 2.5884 32 10 10
27.76 5.9265 2.5186 33 24 19
28.003 5.8894 2.4454 27 13 2
28.015 5.901 2.5649 34 19 0
28.006 5.9086 2.5404 33 16 0
27.995 5.9016 2.4825 32 12 3
28.11 5.8848 2.4999 32 12 3
28.048 5.875 2.5773 31 18 0
28.086 5.8689 2.5356 32 21 0
27.925 5.8978 2.5352 27 19 0
28.033 5.8812 2.5542 28 17 0
28.061 5.8977 2.5206 32 19 3
28.071 5.9051 2.5777 35 11 7
28.03 5.8859 2.4656 35 17 3
28.011 5.9155 2.4507 30 11 7
28.027 5.9 2.4989 30 17 1
28.094 5.8913 2.4757 35 17 7
28.349 5.8539 2.5114 31 20 0
28.292 5.8469 2.4272 32 16 0
28.275 5.8599 2.4683 29 16 0
28.252 5.8607 2.5381 38 20 10
28.271 5.8533 2.4016 31 12 5
28.368 5.8688 2.4759 34 17 0
28.186 5.8669 2.4982 35 16 0
28.149 5.8892 2.4236 33 15 5
28.244 5.8634 2.449 32 16 1
28.183 5.8603 2.4371 32 12 5
28.238 5.868 2.5149 31 14 4
28.16 5.8657 2.4135 30 13 5
28.261 5.8616 2.376 33 16 8
28.219 5.8897 2.5273 35 18 0
28.153 5.8693 2.4811 22 13 0
28.136 5.8757 2.4578 32 20 0
28.377 5.832 2.4969 32 15 0
28.384 5.8486 2.3647 29 10 0
28.385 5.8164 2.4572 30 19 0
28.44 5.8202 2.3713 26 9 0
28.31 5.8444 2.355 30 17 1
28.441 5.8316 2.3383 25 16 1
28.426 5.8394 2.3128 27 14 0
28.42 5.8339 2.4177 32 17 0
28.424 5.8457 2.3848 30 15 8
28.358 5.8497 2.4416 26 17 0
28.51 5.8293 2.4567 34 17 0
28.445 5.8562 2.4509 33 18 0
28.379 5.8324 2.4964 32 15 0
28.509 5.8109 2.4181 30 12 0
28.495 5.8193 2.3902 26 10 0
28.738 5.8096 2.3829 28 17 0
28.661 5.7849 2.436 34 17 0
28.617 5.8041 2.2711 26 14 2
28.735 5.7772 2.3776 29 16 0
28.663 5.8004 2.2923 28 13 0
28.68 5.7915 2.3225 27 9 0
28.61 5.7686 2.3737 33 14 0
28.738 5.781 2.2638 30 13 5
28.619 5.8006 2.38 23 14 0
28.574 5.8116 2.4322 28 10 0
28.586 5.8176 2.3223 29 12 2
28.637 5.742 2.3601 29 17 1
28.779 5.7758 2.2866 28 10 0
28.574 5.8269 2.2925 29 10 4
28.627 5.8136 2.3448 31 14 0
28.605 5.8326 2.2834 29 10 4
28.703 5.7607 2.4187 35 20 0
28.717 5.7895 2.2332 31 12 16
29.041 5.7448 2.3162 28 16 0
28.889 5.7377 2.2027 31 14 4
28.851 5.7541 2.2571 26 19 0
28.833 5.7604 2.343 35 19 2
28.865 5.7533 2.3701 26 15 0
29.031 5.7458 2.1967 30 13 5
29.076 5.7268 2.2605 29 15 6
28.95 5.7444 2.3014 31 14 0
29.086 5.7282 2.2576 29 15 6
28.86 5.7672 2.2204 28 15 0
28.852 5.7633 2.3379 35 19 2
29.018 5.7211 2.1539 29 13 0
29.073 5.7389 2.224 30 10 1
28.946 5.7559 2.2672 34 18 1
29.104 5.7181 2.2897 28 14 5
28.798 5.7702 2.1985 32 13 6
28.872 5.769 2.2162 28 15 0
29.209 5.6946 2.2573 31 15 0
29.241 5.7115 2.2079 37 17 6
29.237 5.6747 2.0697 31 7 5
29.308 5.6812 2.1848 29 20 1
29.179 5.7164 2.1875 30 13 0
29.268 5.6902 2.1517 28 10 0
29.078 5.7022 2.3349 26 14 14
29.09 5.7179 2.1726 33 16 0
29.283 5.7052 2.106 30 7 0
29.273 5.717 2.0692 27 13 2
27.392 5.9838 2.6274 32 19 0
27.357 5.9862 2.5505 32 20 22
27.342 5.9721 2.5768 32 15 0
27.355 5.9943 2.5278 31 15 0
27.484 5.9791 2.5909 26 13 0
27.429 5.9672 2.5356 36 12 10
27.435 5.9777 2.5119 30 15 8
27.479 5.9757 2.5422 34 12 0
27.437 5.9526 2.578 26 11 6
27.425 5.9758 2.5647 30 14 0
27.408 5.9881 2.5758 33 15 1
27.446 5.9744 2.5806 32 14 2
27.405 5.9856 2.528 31 12 18
27.466 5.9816 2.574 32 14 2
27.384 5.9868 2.5121 29 11 0
27.429 5.9843 2.4917 27 14 5
27.418 5.9746 2.615 31 14 0
27.386 5.9701 2.5559 32 15 7
27.382 5.9701 2.6056 29 16 0
27.608 5.9594 2.4814 30 20 8
27.538 5.9655 2.4885 32 15 0
27.501 5.9555 2.5511 32 15 0
27.493 5.961 2.5325 26 10 0
27.516 5.967 2.4726 27 14 6
27.496 5.9642 2.5806 33 14 0
27.566 5.9483 2.5475 35 22 6
27.563 5.9541 2.4721 23 16 10
27.56 5.9643 2.5031 32 14 2
27.471 5.9626 2.5164 32 19 1
27.468 5.9704 2.4951 29 13 0
27.613 5.9544 2.556 26 17 2
27.543 5.9496 2.5321 25 11 0
27.557 5.9609 2.4517 35 18 8
27.56 5.9663 2.555 28 10 6
27.657 5.9453 2.482 31 20 1
27.669 5.9514 2.533 35 19 20
27.632 5.9465 2.4664 33 14 7
27.652 5.9408 2.4294 32 10 20
27.6 5.9547 2.4294 32 13 9
27.762 5.9363 2.4927 31 17 4
27.71 5.9305 2.4845 33 16 6
27.698 5.9331 2.4072 30 12 12
27.701 5.9397 2.519 34 24 0
27.613 5.943 2.5276 31 15 0
27.632 5.9281 2.5151 29 16 0
27.593 5.9525 2.4315 32 13 9
27.616 5.953 2.5024 28 12 0
27.614 5.9498 2.4492 32 23 6
27.686 5.9418 2.4425 33 14 8
27.704 5.938 2.4613 31 14 0
27.838 5.9264 2.4883 33 14 18
27.856 5.9374 2.3975 31 20 0
27.868 5.9347 2.4791 33 14 18
27.875 5.9429 2.3905 30 19 0
27.737 5.9354 2.419 35 16 12
27.799 5.925 2.4742 31 18 0
27.848 5.9063 2.479 31 15 18
27.862 5.916 2.3891 30 16 5
27.813 5.9126 2.3765 33 19 8
27.724 5.913 2.4729 31 15 0
27.864 5.9299 2.4209 29 17 0
27.758 5.9322 2.437 28 20 0
27.77 5.9099 2.3676 30 17 0
27.75 5.9169 2.4084 35 14 11
27.875 5.9234 2.4442 34 17 0
27.742 5.9241 2.3849 36 15 20
28.041 5.8995 2.2776 23 16 0
27.98 5.8936 2.4242 26 16 6
27.914 5.9202 2.3977 31 15 0
27.907 5.9044 2.3669 26 10 0
27.923 5.9125 2.4233 31 14 0
27.863 5.9026 2.3546 30 14 1
28.031 5.8817 2.4017 35 19 2
27.959 5.9037 2.3145 33 22 16
27.925 5.9034 2.4493 31 14 7
27.968 5.886 2.3672 37 15 2
27.986 5.9051 2.3955 29 18 0
28.036 5.893 2.3719 31 18 0
27.878 5.9166 2.3215 31 12 6
27.924 5.8989 2.3886 28 15 0
27.978 5.8987 2.3347 27 8 2
28.221 5.8684 2.2585 31 13 0
28.122 5.8883 2.3367 36 17 1
28.14 5.8875 2.2629 35 13 0
28.117 5.8767 2.3678 33 16 0
28.251 5.8644 2.2791 33 16 0
28.049 5.8765 2.2642 30 18 4
28.212 5.8614 2.3615 31 24 6
28.128 5.8947 2.4008 37 19 9
28.116 5.861 2.3307 31 18 0
28.183 5.8655 2.3407 30 13 0
28.184 5.8817 2.3763 35 20 17
28.055 5.8927 2.3016 32 13 0
28.022 5.8748 2.3402 30 17 0
28.12 5.8566 2.2619 32 15 5
28.164 5.8769 2.2172 26 14 0
28.089 5.865 2.3111 31 18 0
28.387 5.8475 2.1851 32 16 0
28.419 5.854 2.1742 32 16 0
28.402 5.8173 2.2768 30 14 0
28.31 5.8383 2.2838 31 14 4
28.279 5.8593 2.3035 29 17 5
28.265 5.8397 2.2674 28 12 0
28.362 5.8313 2.2271 22 14 0
28.177 5.8424 2.2355 32 15 7
28.371 5.8332 2.2236 22 14 0
28.365 5.8386 2.2979 27 17 5
28.455 5.8316 2.1526 33 14 8
28.213 5.8396 2.2534 26 12 0
28.27 5.8342 2.1963 36 12 10
28.392 5.8263 2.2483 31 16 11
28.477 5.8202 2.2878 29 12 5
28.379 5.828 2.146 26 8 6
28.261 5.8449 2.3391 28 21 5
28.271 5.8574 2.3064 29 17 5
28.493 5.7935 2.2752 26 13 4
28.42 5.8064 2.1232 23 11 11
28.566 5.7796 2.13 28 12 0
28.628 5.8098 2.1543 30 13 0
28.582 5.79 2.2056 31 18 0
28.485 5.7957 2.1685 27 11 0
28.568 5.7912 2.096 30 17 0
28.672 5.7738 2.1664 34 18 3
28.519 5.8094 2.2338 31 15 0
28.38 5.8061 2.2126 27 8 0
28.607 5.7827 2.232 31 19 7
28.655 5.7908 2.2171 25 13 1
28.564 5.8021 2.0614 29 11 9
28.471 5.8047 2.1381 26 12 3
28.537 5.8242 2.1933 33 15 1
28.656 5.7828 2.1368 31 15 0
28.888 5.7625 2.124 31 14 7
28.744 5.7557 2.0132 29 22 4
28.847 5.7445 2.1731 36 18 4
28.931 5.7367 1.975 26 12 0
28.865 5.7374 2.0834 33 21 0
28.774 5.7477 2.0431 35 9 8
28.74 5.7729 2.1811 31 12 6
28.73 5.7713 2.1845 31 12 6
28.953 5.7524 1.9283 30 12 2
29.003 5.7696 2.0018 32 13 0
29.07 5.7795 1.979 32 13 0
28.63 5.7583 2.101 29 16 0
29.02 5.7469 2.0729 27 14 5
28.98 5.7287 2.1252 31 13 0
28.779 5.77 2.0872 29 16 0
28.687 5.7794 2.0443 32 18 5
28.813 5.7634 2.1112 29 17 0
29.169 5.7195 1.9202 31 12 0
29.17 5.7304 2.017 34 10 6
29.151 5.7148 2.0651 30 13 5
29.065 5.6932 1.9996 31 14 4
28.975 5.718 2.0365 28 15 0
29.016 5.7354 1.9886 31 8 0
29.072 5.7197 1.9159 28 15 0
29.065 5.6694 1.9479 29 17 3
28.836 5.7007 1.9622 26 16 6
29.06 5.6559 1.9916 33 15 1
27.335 5.9936 2.4672 27 16 10
27.334 6.002 2.4461 28 22 0
27.413 5.9872 2.4759 28 15 0
27.451 5.9734 2.4774 23 12 6
27.43 5.9746 2.4634 30 15 8
27.374 5.9802 2.4184 28 17 0
27.324 5.9887 2.4216 30 18 0
27.336 5.9856 2.4885 29 18 0
27.395 5.9704 2.4546 35 12 6
27.362 5.977 2.4723 29 15 6
27.375 5.9903 2.447 31 14 20
27.4 5.9808 2.431 32 15 7
27.422 5.9788 2.3929 32 13 7
27.386 5.9958 2.4919 31 10 7
27.399 5.9793 2.3788 31 19 5
27.349 5.9893 2.4341 30 17 0
27.378 5.9902 2.3946 38 16 5
27.451 5.9786 2.3518 29 13 0
27.473 5.9773 2.3666 33 21 0
27.488 5.956 2.4297 33 18 11
27.508 5.9697 2.3442 32 19 1
27.434 5.9743 2.4102 35 16 9
27.531 5.9592 2.3838 28 15 9
27.468 5.9668 2.3907 28 20 9
27.555 5.9581 2.3983 29 12 5
27.455 5.9731 2.4247 18 15 0
27.527 5.9604 2.4376 33 15 11
27.474 5.9667 2.3361 31 13 9
27.484 5.9635 2.4078 22 15 5
27.507 5.9608 2.3664 31 15 0
27.487 5.9666 2.4585 27 9 5
27.469 5.9688 2.4437 28 16 4
27.566 5.9503 2.364 26 20 6
27.649 5.9491 2.4056 39 15 11
27.63 5.9285 2.3242 28 14 3
27.563 5.9516 2.4197 36 17 13
27.577 5.9518 2.3019 32 12 5
27.649 5.9462 2.3501 33 17 2
27.57 5.954 2.417 36 17 13
27.643 5.9351 2.3771 32 25 7
27.61 5.9553 2.3709 28 16 0
27.676 5.9517 2.2813 26 12 3
27.598 5.9491 2.319 29 17 5
27.578 5.9335 2.3517 33 13 6
27.653 5.9542 2.2651 37 13 11
27.615 5.9479 2.3926 33 11 11
27.543 5.9612 2.3236 29 14 0
27.654 5.9477 2.3486 33 17 2
27.534 5.9491 2.352 33 16 9
27.675 5.9358 2.39 30 12 8
27.765 5.9372 2.2902 26 13 0
27.741 5.9402 2.2722 30 15 8
27.69 5.9278 2.3521 27 14 5
27.81 5.9178 2.2916 34 13 8
27.735 5.932 2.3598 31 17 6
27.662 5.9348 2.2557 27 17 5
27.767 5.9153 2.2818 28 12 0
27.796 5.9428 2.2166 34 19 0
27.779 5.9318 2.3107 28 13 16
27.697 5.9365 2.2647 28 15 0
27.824 5.9411 2.2319 32 18 5
27.782 5.9227 2.3373 34 22 10
27.697 5.93 2.35 27 14 5
27.699 5.94 2.3231 25 13 1
27.95 5.8874 2.2791 32 16 0
27.894 5.9069 2.2815 25 13 1
27.959 5.9138 2.2858 30 17 1
27.894 5.8985 2.1523 30 20 0
27.898 5.8894 2.1798 29 14 7
27.815 5.8957 2.2837 31 14 4
27.872 5.9068 2.198 31 16 9
27.983 5.9201 2.277 30 17 1
27.893 5.9022 2.2187 26 16 7
27.89 5.8914 2.2487 32 8 0
27.907 5.8816 2.2051 28 17 0
27.845 5.9174 2.3067 26 12 3
27.781 5.9055 2.2436 31 14 0
27.846 5.9138 2.2435 27 14 5
27.824 5.9039 2.1896 29 15 4
27.944 5.8956 2.2545 30 16 15
27.836 5.9149 2.3099 26 12 3
27.801 5.9209 2.2074 34 18 3
27.902 5.9148 2.1855 31 16 9
27.975 5.874 2.1685 31 15 2
28.026 5.8659 2.2068 28 19 4
28.138 5.8816 2.1955 32 13 9
28.073 5.8717 2.1201 32 13 7
27.98 5.8903 2.2026 28 18 8
28.05 5.8559 2.1606 27 5 5
28.021 5.8899 2.2187 28 10 6
28.16 5.8699 2.1514 25 11 0
28.122 5.867 2.06 33 16 0
27.894 5.8639 2.1742 26 11 4
28.085 5.8849 2.0848 25 11 0
28.035 5.878 2.1755 21 11 1
28.151 5.8576 2.1843 30 17 0
28.021 5.8799 2.2464 30 11 5
27.945 5.8867 2.1229 33 14 7
28.254 5.8578 2.0281 32 17 0
28.146 5.8405 2.1447 29 13 0
28.339 5.8353 2.0194 32 12 1
28.162 5.8486 2.035 30 13 0
28.126 5.847 2.1184 32 14 10
28.268 5.8279 2.1214 32 18 7
28.431 5.8496 2.0933 31 13 0
28.274 5.84 2.0865 37 13 3
28.252 5.8694 2.1773 30 11 5
28.255 5.8422 2.1679 30 16 7
28.29 5.8605 2.1227 29 15 2
28.224 5.8232 2.0321 23 8 5
28.225 5.8408 2.0724 25 12 4
28.23 5.835 1.9982 30 17 0
28.084 5.8476 2.1086 28 15 7
28.51 5.8079 1.9287 31 14 7
28.424 5.8037 1.929 32 13 6
28.457 5.8247 2.0748 27 14 5
28.471 5.8086 2.0247 29 13 16
28.367 5.8298 2.0414 28 14 5
28.543 5.7905 1.988 28 13 6
28.526 5.8072 2.0386 26 9 2
28.445 5.8144 2.0045 31 13 0
28.412 5.8202 1.9795 29 12 5
28.567 5.8062 1.9436 29 12 5
28.605 5.7892 2.0023 23 9 0
28.311 5.812 1.9863 33 9 7
28.383 5.8219 2.0685 24 8 9
28.55 5.7686 2.0568 30 18 4
28.56 5.77 2.0544 30 18 4
28.596 5.8032 1.8465 32 19 3
28.644 5.7521 2.0116 37 17 10
28.731 5.7565 1.8939 26 21 2
28.709 5.7894 1.7879 32 9 3
28.777 5.754 1.7863 31 11 4
28.729 5.7219 1.8881 34 14 16
28.711 5.7774 1.8263 33 18 0
28.651 5.7887 1.8986 29 10 6
28.599 5.7918 1.8823 30 13 3
28.807 5.7558 1.9034 30 13 3
28.78 5.7764 1.8356 26 12 3
28.698 5.7726 1.9547 30 13 0
28.66 5.7782 1.933 30 11 4
28.825 5.7489 1.8048 27 15 3
28.782 5.7398 1.9518 34 16 6
28.762 5.7637 1.7547 30 13 5
29.06 5.6826 1.7735 29 11 7
29.086 5.6725 1.8073 30 11 4
29.014 5.714 1.8017 28 15 0
29.133 5.7033 1.8409 22 18 7
28.85 5.7171 1.7867 26 12 3
28.949 5.7183 1.785 28 12 0
28.873 5.7332 1.7331 27 13 2
29.099 5.6614 1.8435 30 11 4
28.928 5.6918 1.7425 32 8 4
29.035 5.7189 1.6507 27 9 0
28.97 5.7319 1.869 31 15 0
28.967 5.684 1.7682 26 9 1
28.856 5.7285 1.8733 31 11 13
27.292 5.9931 2.3927 27 18 0
27.269 5.993 2.3797 31 16 0
27.297 5.9857 2.3621 27 14 0
27.283 5.972 2.3898 25 9 19
27.306 5.9886 2.306 27 12 7
27.365 5.9742 2.319 30 12 0
27.315 5.983 2.3252 38 22 5
27.353 5.9712 2.3757 28 12 0
27.36 5.9813 2.2976 27 15 1
27.377 5.9888 2.3429 35 11 7
27.31 5.9804 2.2748 35 19 6
27.281 5.9883 2.3468 30 13 0
27.291 5.9913 2.2907 27 12 7
27.378 5.9995 2.3707 28 11 4
27.302 5.989 2.4084 33 16 0
27.331 5.9804 2.3405 36 14 0
27.299 6.0129 2.2932 30 15 8
27.353 5.9878 2.2765 32 13 9
27.296 5.9934 2.2881 27 12 7
27.256 5.9871 2.3359 25 17 4
27.26 5.9886 2.3341 25 17 4
27.366 5.9733 2.2655 30 17 0
27.405 5.9698 2.2932 26 17 2
27.497 5.964 2.2946 28 17 0
27.417 5.9635 2.2577 31 22 7
27.445 5.9661 2.3228 28 11 3
27.405 5.9678 2.2409 29 15 6
27.395 5.9751 2.2743 36 21 28
27.402 5.9703 2.3482 35 18 0
27.477 5.9662 2.2789 29 14 9
27.439 5.9732 2.3011 30 14 0
27.385 5.9727 2.3332 31 15 0
27.362 5.9802 2.2454 35 11 7
27.456 5.9663 2.2079 32 10 0
27.447 5.9649 2.2676 31 18 0
27.576 5.9487 2.2458 32 13 0
27.564 5.942 2.1947 23 17 1
27.6 5.9471 2.2606 37 16 11
27.527 5.9421 2.2431 26 20 0
27.517 5.9458 2.1642 31 12 5
27.495 5.9521 2.2641 32 15 0
27.561 5.9512 2.1669 35 23 0
27.504 5.9551 2.2599 32 15 0
27.635 5.956 2.1838 28 15 0
27.527 5.965 2.3054 31 15 2
27.487 5.9586 2.2429 32 18 5
27.484 5.9556 2.1871 30 18 6
27.571 5.9586 2.2817 25 13 0
27.525 5.9508 2.2179 29 13 0
27.475 5.9637 2.2238 27 12 5
27.505 5.9535 2.2012 20 17 0
27.53 5.9547 2.2734 29 14 7
27.718 5.9264 2.1614 30 22 0
27.687 5.9243 2.0825 35 11 9
27.623 5.9394 2.1587 30 16 5
27.59 5.9386 2.1476 27 8 4
27.648 5.9406 2.2323 30 14 1
27.732 5.9214 2.1796 35 15 8
27.629 5.932 2.1812 27 16 0
27.632 5.9453 2.213 31 12 6
27.712 5.9214 2.1004 27 13 12
27.713 5.9286 2.2237 29 19 7
27.693 5.9321 2.2059 26 13 0
27.697 5.9302 2.1421 30 20 0
27.794 5.929 2.1817 32 16 0
27.706 5.9329 2.1379 31 15 0
27.643 5.933 2.1145 33 7 8
27.671 5.935 2.1893 22 11 0
27.684 5.9356 2.1223 21 17 5
27.793 5.9152 2.1463 28 15 0
27.829 5.8969 2.0577 24 15 6
27.85 5.8973 2.1405 29 15 4
27.737 5.8901 2.1976 29 17 5
27.824 5.9056 2.0306 26 13 4
27.781 5.8983 2.1156 28 19 2
27.774 5.9197 2.1269 34 17 0
27.888 5.8926 2.0876 30 15 8
28.003 5.9331 2.0041 26 12 1
27.837 5.9034 2.1191 28 13 6
27.719 5.9139 2.1242 31 20 0
27.751 5.9196 2.0437 31 13 0
27.748 5.9088 2.0745 30 16 16
27.802 5.9138 2.0778 34 15 9
27.816 5.9178 2.071 34 15 9
28.052 5.8983 2.0359 33 14 7
27.942 5.8765 1.9857 26 13 5
28.025 5.8866 1.9765 29 12 2
27.885 5.8973 1.9925 26 9 0
27.893 5.889 2.0197 29 14 7
27.956 5.8851 2.0472 26 13 0
27.905 5.8778 1.9716 30 10 9
28.036 5.8838 1.8992 30 11 4
27.962 5.9015 2.0844 31 18 0
27.991 5.8519 1.9853 24 11 0
27.988 5.8725 2.0925 26 13 5
27.994 5.8634 1.9507 26 11 14
27.942 5.8917 2.0246 32 8 4
28.041 5.8797 2.0018 30 10 1
27.99 5.8465 2.088 27 12 5
28.07 5.8759 2.021 30 11 0
28.217 5.8433 1.9703 30 17 1
28.127 5.8456 1.944 27 14 0
28.126 5.8285 1.902 25 12 4
28.212 5.8532 1.939 27 15 0
28.038 5.847 1.9216 25 12 3
28.139 5.8589 1.9064 28 9 5
28.21 5.8357 1.894 30 13 5
28.162 5.8471 1.8513 25 16 1
28.146 5.8665 1.9773 32 12 5
28.293 5.8414 1.893 30 13 3
28.13 5.8523 2.0163 29 11 0
28.071 5.8594 1.9825 30 12 0
28.343 5.8145 1.7796 24 14 4
28.466 5.7954 1.7445 29 11 0
28.4 5.7916 1.858 31 14 4
28.501 5.8138 1.6886 28 6 6
28.277 5.8276 1.931 28 14 5
28.274 5.8198 1.8558 34 10 6
28.327 5.8263 1.9447 29 13 0
28.431 5.7856 1.8807 25 12 3
28.362 5.8074 1.803 29 12 4
28.359 5.7987 1.7237 28 13 6
28.328 5.8188 1.8682 32 13 7
28.276 5.813 1.7746 26 8 6
28.212 5.8293 1.8168 31 14 7
28.482 5.8181 1.785 26 12 0
28.344 5.8147 1.7787 24 14 4
28.352 5.8466 1.7851 31 13 11
28.411 5.8239 1.8645 29 13 0
28.347 5.8005 1.9269 31 13 3
28.731 5.774 1.5959 27 14 6
28.627 5.7789 1.6961 31 14 0
28.618 5.7774 1.7005 31 14 0
28.809 5.7486 1.6823 34 12 0
28.546 5.7773 1.6956 28 16 4
28.519 5.7694 1.8336 28 15 0
28.732 5.7742 1.5955 27 14 6
28.547 5.7863 1.7813 32 16 0
28.471 5.7764 1.6929 28 9 15
28.672 5.743 1.5699 29 15 6
28.495 5.7885 1.7706 24 15 0
28.553 5.7571 1.6447 28 10 6
28.694 5.756 1.6533 25 16 1
28.658 5.7596 1.7609 28 15 6
28.684 5.7763 1.7076 31 15 2
28.745 5.7509 1.6732 29 16 0
28.665 5.7419 1.5735 29 15 6
28.792 5.7355 1.5978 30 12 0
28.869 5.7339 1.6039 26 14 2
28.836 5.7044 1.7008 25 15 5
28.948 5.7083 1.5544 30 10 0
29.02 5.6924 1.6026 25 11 2
28.734 5.7402 1.5789 25 12 4
28.891 5.7247 1.6335 31 12 0
28.872 5.737 1.4581 28 14 5
28.866 5.7231 1.5056 27 18 3
28.88 5.7118 1.5443 28 18 8
28.77 5.7308 1.7374 33 13 6
28.932 5.6823 1.5035 27 15 1
28.952 5.6961 1.5945 26 13 0
28.976 5.7009 1.4366 27 15 3
27.183 6.0002 2.2113 24 11 2
27.234 5.9955 2.3028 32 10 12
27.202 5.9992 2.2239 30 12 8
27.282 5.9869 2.2429 30 14 0
27.231 5.9932 2.2009 27 18 1
27.288 5.9806 2.2628 32 11 8
27.273 5.9825 2.1955 31 24 8
27.257 5.9947 2.2104 22 11 5
27.242 5.9895 2.2701 29 14 7
27.232 5.9943 2.2521 30 17 0
27.254 5.9655 2.1754 26 5 2
27.279 5.9846 2.193 31 24 8
27.296 5.9832 2.2037 28 17 11
27.284 5.9959 2.1646 32 14 10
27.262 5.988 2.2303 33 16 0
27.254 5.9857 2.2862 27 11 0
27.225 6 2.2334 33 15 1
27.316 5.9811 2.2199 30 11 4
27.223 5.9985 2.1833 33 13 14
27.419 5.9698 2.12 29 14 7
27.264 5.9694 2.1696 25 10 5
27.394 5.9625 2.1903 31 13 9
27.337 5.9694 2.2046 27 15 1
27.433 5.9673 2.1945 27 14 0
27.342 5.9808 2.1762 30 13 5
27.371 5.9725 2.152 30 16 7
27.352 5.9746 2.1379 21 18 3
27.36 5.9671 2.1019 24 15 8
27.334 5.9792 2.2345 32 16 0
27.385 5.9669 2.1135 28 12 0
27.367 5.9723 2.2103 32 16 1
27.401 5.9757 2.2173 34 19 0
27.299 5.9737 2.1746 29 9 18
27.327 5.9742 2.1281 29 19 9
27.386 5.9687 2.17 35 17 3
27.439 5.9456 2.0681 21 12 5
27.572 5.9518 2.1035 30 10 0
27.495 5.9549 2.0641 26 13 4
27.42 5.961 2.1448 30 14 0
27.481 5.964 2.1628 27 14 0
27.465 5.9563 2.1133 32 17 10
27.445 5.9585 2.0994 28 10 10
27.482 5.9435 2.1562 30 13 6
27.546 5.9527 2.0905 27 12 5
27.499 5.9444 2.0283 30 12 10
27.516 5.9526 2.0791 31 14 7
27.483 5.9535 2.1281 27 13 2
27.459 5.9657 2.1485 29 13 0
27.425 5.9612 2.0833 30 11 7
27.548 5.9416 2.0547 27 9 5
27.606 5.9285 2.0425 32 8 4
27.613 5.9336 2.1017 34 9 12
27.542 5.937 1.9959 31 8 14
27.597 5.9502 2.1175 28 12 0
27.668 5.938 2.0371 28 14 5
27.618 5.9291 1.9728 29 10 6
27.665 5.9334 1.9763 27 14 6
27.578 5.9391 2.002 32 22 12
27.551 5.9333 2.079 27 10 3
27.588 5.9354 2.0865 31 14 7
27.619 5.9418 2.0094 28 12 0
27.602 5.9519 2.1148 28 12 0
27.672 5.9257 2.0006 29 8 3
27.662 5.9262 2.0688 31 18 0
27.54 5.9483 2.0328 25 8 16
27.764 5.9054 1.9334 30 15 8
27.775 5.9126 1.9948 21 12 0
27.761 5.9153 1.9022 26 9 17
27.786 5.9057 2.0186 30 13 6
27.72 5.9126 1.9005 29 11 7
27.717 5.9196 2.0328 31 19 0
27.695 5.9194 1.9501 27 18 0
27.708 5.9266 2.0098 36 14 1
27.709 5.9133 1.9725 28 13 6
27.76 5.8999 1.8684 29 17 1
27.78 5.9239 1.9636 32 12 1
27.688 5.9273 1.9249 24 16 5
27.801 5.905 1.9464 28 11 4
27.728 5.9154 1.8937 29 11 7
27.811 5.898 1.9689 23 9 0
27.812 5.8882 1.9982 29 16 8
27.996 5.8793 1.8132 31 12 6
27.939 5.8708 1.9158 29 12 5
27.896 5.8955 1.9173 27 13 0
27.945 5.8774 1.8088 31 12 6
27.927 5.8883 1.8604 32 14 4
27.924 5.8827 1.7876 28 19 4
27.872 5.8843 1.8596 30 14 17
27.869 5.8788 1.9593 25 11 0
27.829 5.9089 1.8594 21 12 5
27.851 5.9001 1.806 25 13 1
27.832 5.8949 1.8175 25 13 1
27.955 5.8853 1.8757 28 15 0
27.871 5.8946 1.8286 27 7 16
27.832 5.8993 1.8893 32 15 8
27.918 5.9119 1.8735 35 16 2
28.059 5.8625 1.8779 30 9 6
27.997 5.8741 1.7373 21 11 1
28.121 5.8481 1.8418 32 7 3
28.082 5.8507 1.8257 31 18 0
28.223 5.8424 1.7775 32 6 7
28.016 5.8734 1.8361 29 22 4
28.054 5.8553 1.806 30 14 0
28.112 5.845 1.6527 35 13 13
28.009 5.8287 1.7866 37 20 2
28.068 5.8528 1.7203 30 15 10
27.991 5.8571 1.8806 31 17 4
28.047 5.8754 1.742 29 14 7
28.146 5.8374 1.7801 34 15 1
28.024 5.8592 1.7881 27 14 0
28.073 5.8641 1.6863 26 16 6
28.149 5.8422 1.6662 32 20 6
28.148 5.8485 1.7466 31 14 6
28.371 5.8041 1.5968 30 13 0
28.193 5.8294 1.7123 33 16 0
28.32 5.8142 1.6692 26 17 0
28.236 5.8165 1.7571 31 15 2
28.233 5.8308 1.6079 28 9 11
28.28 5.7984 1.6084 29 15 6
28.194 5.8409 1.6752 32 13 9
28.379 5.814 1.6764 34 13 8
28.414 5.8007 1.6108 29 14 9
28.325 5.8195 1.5411 29 10 14
28.295 5.8322 1.6095 29 15 6
28.363 5.8112 1.6836 34 13 8
28.31 5.8233 1.6401 27 15 0
28.248 5.8299 1.7168 30 19 0
28.602 5.7777 1.5781 28 11 1
28.558 5.7613 1.508 27 14 0
28.441 5.794 1.6344 33 20 2
28.616 5.7583 1.5197 29 16 0
28.542 5.7908 1.534 33 20 4
28.443 5.786 1.5443 29 13 0
28.598 5.7921 1.4064 36 19 9
28.661 5.8213 1.5615 27 13 2
28.531 5.747 1.4322 31 12 5
28.488 5.7615 1.5069 28 16 2
28.357 5.7937 1.5155 30 8 8
28.6 5.7702 1.3531 31 14 7
28.391 5.7884 1.5343 27 11 11
28.518 5.7753 1.583 30 14 0
28.465 5.7801 1.4463 26 12 0
28.843 5.7087 1.4194 30 11 5
28.92 5.7339 1.1842 27 11 11
28.756 5.7347 1.3342 30 11 15
28.597 5.745 1.4385 29 15 6
28.789 5.7376 1.4584 30 9 14
28.757 5.7224 1.3752 30 10 1
28.993 5.716 1.3855 24 11 2
28.888 5.6902 1.3393 33 12 9
28.904 5.7058 1.2815 32 13 7
28.662 5.7435 1.4409 30 11 4
28.713 5.7388 1.4561 27 10 3
28.823 5.7186 1.3862 32 11 8
28.562 5.7184 1.3993 23 14 5
28.808 5.7055 1.2926 26 11 4
28.924 5.6821 1.3637 30 14 0
28.878 5.6646 1.2836 26 17 2
26.574 4.6741 2.4519 18 14 5
27.168 6.0023 2.1458 35 15 4
27.151 6.0036 2.1335 28 12 0
27.253 5.9738 2.1528 32 16 1
27.164 6.0004 2.0948 27 16 0
27.195 5.9863 2.0923 33 15 11
27.219 5.9875 2.1554 26 15 0
27.196 5.9777 2.1154 31 14 0
27.174 5.9961 2.1645 28 16 0
27.2 5.9892 2.1417 26 14 0
27.222 5.9786 2.0686 25 16 0
27.196 5.9771 2.0611 36 13 7
27.199 5.9977 2.173 31 12 0
27.206 6.0002 2.1155 27 16 0
27.248 5.9906 2.1608 26 14 0
27.208 6.0007 2.0599 39 11 8
27.216 6.0046 2.1633 24 5 0
27.187 6.0013 2.1037 31 9 0
27.252 5.9822 2.1299 25 16 9
27.243 5.9881 2.1099 28 15 7
27.339 5.9776 2.064 31 13 0
27.274 5.9813 2.0848 30 15 8
27.387 5.9945 1.9752 22 7 0
27.242 5.9775 2.0806 30 16 7
27.373 5.9705 2.0359 21 9 0
27.32 5.9617 2.0989 30 14 1
27.277 5.9812 2.0275 27 11 11
27.333 5.9846 2.0425 29 13 0
27.298 5.9815 2.0955 32 11 6
27.369 5.9779 2.0138 25 11 0
27.317 5.9877 2.0271 29 14 7
27.328 5.9812 1.9883 30 14 1
27.319 5.9801 2.1085 23 8 0
27.456 5.9585 1.972 30 10 9
27.514 5.9765 1.8727 28 17 0
27.501 5.9645 1.9721 27 15 0
27.403 5.9684 1.9246 29 16 0
27.405 5.9636 2.0683 26 13 5
27.479 5.9477 2.0115 25 16 0
27.44 5.955 2.042 24 10 7
27.41 5.9744 2.0408 35 18 1
27.406 5.96 1.9492 31 13 9
27.39 5.9562 2.0196 30 14 0
27.416 5.9521 1.9085 23 12 0
27.387 5.9645 1.9949 32 13 7
27.325 5.9516 2.0061 20 9 3
27.445 5.9644 1.9516 30 14 0
27.352 5.9703 1.9651 27 12 7
27.456 5.9701 2.0067 24 10 0
27.512 5.9249 1.9497 32 10 10
27.534 5.9442 1.9726 26 12 9
27.558 5.9173 1.9142 28 15 0
27.612 5.9371 1.9472 29 9 18
27.536 5.9396 1.8427 27 12 5
27.463 5.9279 1.9252 28 9 3
27.532 5.9604 1.8536 26 17 0
27.492 5.9592 1.9145 25 12 3
27.525 5.9386 1.9145 29 12 5
27.585 5.9457 1.8394 27 9 5
27.578 5.9333 1.8736 25 12 0
27.576 5.9358 1.939 26 13 0
27.496 5.9508 1.9398 28 8 7
27.512 5.9467 1.9574 20 8 0
27.666 5.9137 1.8024 29 13 0
27.684 5.9089 1.8216 23 13 1
27.694 5.9079 1.7455 30 15 8
27.73 5.9079 1.7545 29 10 3
27.609 5.9231 1.9131 30 12 0
27.678 5.9105 1.8945 26 11 4
27.674 5.9264 1.7663 33 12 7
27.612 5.9208 1.8451 27 14 0
27.693 5.9254 1.8543 26 10 0
27.595 5.9061 1.883 32 16 3
27.751 5.908 1.8415 27 13 4
27.562 5.9253 1.817 31 15 0
27.589 5.9238 1.8293 33 16 0
27.618 5.9194 1.7732 29 15 4
27.692 5.9008 1.8481 26 16 6
27.64 5.9229 1.9229 29 9 20
27.773 5.8953 1.7172 27 11 0
27.843 5.8887 1.6632 28 13 8
27.852 5.8852 1.7648 29 13 0
27.81 5.9099 1.7665 26 8 0
27.855 5.881 1.6893 32 13 6
27.928 5.8946 1.7519 28 22 8
27.752 5.9 1.6979 28 14 1
27.821 5.8878 1.7494 28 15 0
27.841 5.8881 1.6648 28 13 8
27.843 5.873 1.6213 28 15 0
27.814 5.9007 1.7953 30 17 0
27.733 5.8986 1.7831 32 15 0
27.908 5.8736 1.7221 27 7 6
27.805 5.8936 1.7292 24 16 0
27.918 5.8869 1.6825 30 15 0
27.8 5.8876 1.6587 29 10 0
28.173 5.8748 1.4602 26 9 0
27.972 5.8733 1.6406 29 14 11
27.887 5.8365 1.6498 29 17 5
27.989 5.8501 1.6195 32 13 6
27.951 5.8736 1.7302 27 12 5
27.919 5.8545 1.5969 29 10 6
27.945 5.8609 1.58 29 10 6
28.017 5.8957 1.5771 28 15 0
27.966 5.8612 1.6777 26 10 0
28.048 5.8527 1.6194 26 8 6
28.114 5.857 1.6136 31 18 0
27.9 5.861 1.5733 28 20 0
27.891 5.8745 1.6242 30 14 0
28.021 5.8632 1.6806 25 10 3
28.103 5.8703 1.4675 26 17 0
28.203 5.8357 1.5887 19 13 0
28.284 5.8213 1.5349 25 11 11
28.255 5.8274 1.5129 29 17 3
28.222 5.8251 1.4062 29 12 2
28.228 5.8381 1.3632 30 15 12
28.206 5.8295 1.5013 24 12 0
28.148 5.84 1.462 33 14 8
28.209 5.8415 1.4623 29 16 8
28.105 5.8476 1.541 36 13 7
28.301 5.7947 1.5101 22 8 5
28.201 5.8467 1.553 28 19 2
28.162 5.8545 1.4163 29 13 0
28.275 5.8013 1.4865 30 11 7
28.254 5.8157 1.5505 25 11 11
28.213 5.8122 1.4475 32 15 8
28.335 5.8251 1.4101 29 16 0
28.139 5.8446 1.5536 29 18 0
28.281 5.8176 1.3178 23 8 1
28.425 5.7769 1.3337 30 15 0
28.306 5.7992 1.3796 26 13 0
28.504 5.7994 1.3821 27 13 4
28.557 5.7753 1.3368 23 10 1
28.413 5.8073 1.3542 29 10 3
28.419 5.7548 1.2837 26 13 4
28.396 5.7958 1.2702 29 15 6
28.605 5.7734 1.2112 23 9 0
28.449 5.7924 1.2816 31 18 0
28.378 5.7595 1.2706 28 8 1
28.412 5.8316 1.2725 29 15 4
28.5 5.7784 1.3263 32 14 0
28.359 5.7858 1.4246 25 18 0
28.57 5.7775 1.3292 23 10 1
28.787 5.7281 1.2165 31 20 16
28.662 5.7364 1.0599 29 11 1
28.647 5.733 1.2103 30 14 0
28.571 5.7562 1.2696 27 9 0
28.631 5.7533 1.2771 27 13 0
28.579 5.747 1.1691 23 9 0
28.78 5.7162 1.1138 25 15 5
28.88 5.7017 1.1559 26 10 11
28.856 5.7128 1.1187 25 8 0
28.8 5.7065 1.0003 27 13 0
28.645 5.7433 1.3101 28 13 6
28.524 5.7503 1.163 24 9 6
28.678 5.7504 1.1477 25 8 0
28.74 5.7335 1.2028 30 11 0
28.833 5.7493 0.99325 25 8 0
28.766 5.7144 1.1205 25 15 5
28.364 5.6578 1.2429 25 7 5
26.527 4.6971 2.463 21 16 13
27.127 6.011 2.0492 26 15 0
27.084 6.0017 2.0002 28 17 11
27.117 5.998 2.0786 31 13 9
27.197 5.9865 2.0369 28 15 6
27.152 6.0043 2.0245 23 16 10
27.185 5.9911 2.0185 29 18 0
27.147 5.9933 2.0514 33 14 7
27.126 5.9936 1.9856 32 16 0
27.132 5.9686 2.0001 22 15 0
27.147 6.0021 2.0281 23 16 10
27.176 5.996 2.0015 35 15 8
27.153 5.9864 1.9609 33 4 8
27.154 5.996 1.9916 24 12 0
27.171 5.9943 2.0594 30 13 5
27.14 6.008 2.0088 25 13 0
27.131 5.9949 2.0934 25 11 10
27.091 5.9959 2.0186 27 15 0
27.245 5.9774 1.9646 23 16 8
27.231 5.9724 2.0315 21 11 9
27.215 5.9926 1.9111 30 10 11
27.2 5.9774 1.9464 22 13 0
27.222 5.9866 1.9894 31 6 0
27.284 5.9827 1.9662 28 14 1
27.219 5.9949 1.9654 26 20 0
27.207 5.9614 1.9338 19 11 0
27.291 5.9764 1.986 21 7 0
27.311 5.9733 1.9409 24 10 9
27.285 5.9828 1.904 29 6 0
27.25 5.9687 1.8668 24 12 0
27.289 5.9745 1.9293 28 10 0
27.25 5.9883 1.937 20 15 0
27.291 5.9853 1.8997 29 6 0
27.236 5.9835 2.0036 21 14 0
27.241 5.9837 1.8849 24 7 0
27.381 5.9574 1.8134 24 17 0
27.376 5.9651 1.7896 31 8 14
27.359 5.9604 1.8647 31 17 17
27.387 5.9609 1.8732 27 7 8
27.345 5.9774 1.9425 21 14 6
27.423 5.9641 1.8766 26 14 0
27.304 5.97 1.8837 26 14 0
27.281 5.971 1.872 27 18 1
27.342 5.9635 1.8503 34 16 2
27.33 5.9688 1.8312 27 11 11
27.315 5.9646 1.9026 26 10 11
27.315 5.9649 1.902 26 10 11
27.356 5.9612 1.9277 25 12 0
27.347 5.9674 1.9068 30 8 11
27.414 5.9592 1.8188 27 13 4
27.483 5.9533 1.8586 29 13 0
27.512 5.9389 1.7632 29 11 7
27.5 5.9324 1.7033 25 11 0
27.531 5.9479 1.8169 27 14 0
27.426 5.9441 1.8663 33 17 18
27.403 5.9432 1.7919 24 6 0
27.428 5.9433 1.7979 27 14 0
27.44 5.9662 1.7364 32 20 0
27.437 5.9243 1.7852 29 18 0
27.482 5.941 1.8223 30 11 5
27.444 5.946 1.7231 22 15 9
27.528 5.9346 1.7799 24 10 7
27.468 5.9468 1.8005 31 10 7
27.417 5.9504 1.8451 28 12 0
27.574 5.9393 1.7794 30 12 10
27.468 5.9442 1.7348 21 15 0
27.569 5.9148 1.774 27 12 9
27.609 5.9197 1.6093 23 10 2
27.591 5.9179 1.6915 29 14 11
27.66 5.9085 1.7357 29 14 7
27.57 5.9249 1.7437 25 10 3
27.586 5.9268 1.6632 24 10 0
27.53 5.9315 1.7143 29 12 4
27.571 5.9318 1.6453 18 9 0
27.652 5.9232 1.6062 33 8 11
27.658 5.9039 1.6669 26 15 9
27.663 5.9158 1.6314 31 15 0
27.683 5.9252 1.6908 25 11 8
27.554 5.9298 1.7249 26 16 6
27.592 5.9078 1.7223 26 11 6
27.742 5.8993 1.5223 26 12 0
27.76 5.8934 1.5438 27 14 0
27.748 5.8942 1.629 30 16 7
27.708 5.9142 1.5599 26 13 0
27.874 5.8917 1.5676 27 14 0
27.713 5.9016 1.511 26 8 6
27.688 5.9022 1.6786 28 8 0
27.797 5.8975 1.6273 30 10 0
27.698 5.9049 1.6725 28 8 0
27.803 5.8945 1.5474 33 18 11
27.758 5.8779 1.5013 28 8 7
27.686 5.919 1.5404 26 13 4
27.724 5.9021 1.6862 27 15 0
27.712 5.8952 1.6189 23 14 0
27.683 5.8972 1.6073 30 8 10
27.806 5.8845 1.5789 26 12 0
27.822 5.8888 1.5681 26 12 0
27.679 5.8961 1.6098 30 8 10
27.868 5.8745 1.5261 26 8 0
27.883 5.8784 1.5157 26 8 0
27.965 5.86 1.4864 25 8 1
27.876 5.8708 1.4429 30 17 0
28 5.8569 1.5003 35 16 2
27.94 5.8483 1.4209 27 14 0
27.799 5.8669 1.5416 28 11 1
27.906 5.8629 1.3693 21 11 0
27.919 5.8541 1.4003 27 15 0
27.892 5.8855 1.3976 25 11 0
27.958 5.8689 1.4575 31 9 11
27.914 5.8199 1.512 32 14 0
28.021 5.8561 1.4016 32 14 10
27.887 5.8628 1.4691 27 11 0
27.818 5.8824 1.495 30 12 0
27.903 5.8727 1.5362 30 14 1
28.057 5.8472 1.3258 34 19 0
28.128 5.8287 1.3893 27 13 0
28.099 5.8042 1.359 22 13 0
28.219 5.817 1.3189 28 11 4
28.092 5.85 1.426 26 8 0
28.141 5.8316 1.3801 27 13 0
28.048 5.8333 1.3717 31 11 2
28.065 5.819 1.3105 21 9 0
28.206 5.8379 1.2488 28 15 0
27.997 5.8447 1.3309 20 14 0
27.973 5.8509 1.3083 28 10 6
28.026 5.8174 1.4232 23 11 0
28.39 5.8066 1.2337 26 19 3
28.267 5.7868 1.1825 26 8 6
28.263 5.7426 1.211 27 9 5
28.418 5.7899 1.1648 30 12 0
28.364 5.7922 1.1596 24 9 4
27.536 5.5999 1.6756 24 10 1
28.39 5.7734 1.2224 32 15 5
28.494 5.7702 1.0961 20 11 2
28.194 5.8037 1.2481 29 15 2
28.299 5.8122 1.2175 26 11 4
28.311 5.7535 1.0419 0 2 0
28.303 5.813 1.215 26 11 4
27.964 5.6224 1.3155 0 0 0
28.564 5.7346 1.0767 25 7 7
28.195 5.6985 1.2498 22 4 4
28.541 5.7438 1.0459 19 10 3
28.104 5.6641 1.2611 8 4 1
28.53 5.7639 1.1146 25 12 3
27.49 5.5678 1.701 17 7 0
28.601 5.7037 1.0418 24 10 7
28.432 5.7021 1.0751 17 4 0
28.618 5.6218 1.0428 28 12 0
28.489 5.6535 0.95869 6 0 0
28.654 5.6625 1.0355 26 12 1
27.078 6.008 1.9808 22 13 6
27.137 5.9977 1.9233 27 4 10
27.147 5.9927 1.9414 26 11 6
27.104 5.9925 1.8669 25 17 0
27.126 6.0023 1.9061 18 11 3
27.123 6.0009 1.9645 32 26 12
27.08 6 1.8937 22 15 0
27.153 5.9858 1.9048 26 10 10
27.144 5.9914 1.8856 24 16 5
27.075 6.0161 1.9037 20 12 9
27.066 5.985 1.9283 28 18 9
27.115 5.9889 1.8807 30 10 11
27.073 5.9967 1.9549 30 14 17
27.059 5.9996 1.9408 24 9 4
27.073 6.0153 1.9052 20 12 9
27.097 5.9982 1.9612 29 13 0
27.175 5.9854 1.8548 28 10 10
27.233 5.9794 1.7684 32 13 0
27.129 5.9757 1.8645 21 7 0
27.26 5.9815 1.8355 26 14 0
27.206 5.9791 1.8842 36 19 11
27.189 5.9721 1.8365 24 12 0
27.231 5.9795 1.8309 23 12 6
27.194 5.9841 1.8661 22 7 10
27.17 5.984 1.9166 27 8 12
27.195 5.9839 1.8055 23 8 1
27.146 5.9922 1.8253 15 13 0
27.343 5.9611 1.722 20 13 5
27.356 5.9561 1.74 22 11 5
27.301 5.9648 1.6988 18 9 0
27.296 5.9656 1.8285 14 7 0
27.299 5.9658 1.7631 21 8 2
27.265 5.9627 1.7611 24 7 0
27.321 5.9631 1.709 22 6 7
27.276 5.9674 1.8171 24 6 6
27.26 5.9709 1.8015 25 11 10
27.256 5.9683 1.7422 26 9 2
27.345 5.9618 1.7203 20 13 5
27.372 5.9729 1.7662 23 14 7
27.312 5.961 1.7805 23 14 7
27.227 5.9674 1.8001 23 10 1
27.471 5.9524 1.6374 26 13 7
27.43 5.9486 1.6382 20 11 0
27.42 5.9453 1.6455 20 11 0
27.344 5.95 1.6845 18 9 0
27.501 5.943 1.6725 28 11 4
27.414 5.9531 1.6209 29 15 6
27.408 5.9439 1.7195 25 3 6
27.409 5.9532 1.693 28 14 11
27.366 5.9501 1.7606 23 12 8
27.461 5.9494 1.6435 26 13 7
27.372 5.9505 1.6903 25 6 10
27.444 5.9337 1.6857 29 11 7
27.309 5.9469 1.6843 23 3 2
27.45 5.9431 1.5834 23 6 0
27.473 5.9403 1.5972 23 7 8
27.563 5.9233 1.5058 15 1 0
27.577 5.9623 1.4727 15 6 0
27.515 5.9011 1.646 20 10 1
27.56 5.9259 1.5791 27 13 2
27.494 5.9283 1.6367 29 12 4
27.583 5.943 1.5323 27 11 12
27.484 5.9332 1.6214 22 9 3
27.548 5.9349 1.6305 23 7 7
27.482 5.9215 1.577 14 4 0
27.617 5.9084 1.5613 34 13 18
27.576 5.9067 1.5588 21 6 1
27.591 5.9221 1.5135 20 9 7
27.644 5.8918 1.5313 28 8 1
27.743 5.8949 1.4457 23 9 8
27.759 5.8881 1.4696 24 11 2
27.678 5.8629 1.4462 12 5 0
27.72 5.8884 1.4632 23 9 8
27.667 5.9088 1.4821 28 9 2
27.471 5.8719 1.5666 5 7 0
27.625 5.9068 1.4821 15 3 3
27.66 5.8163 1.4119 1 1 1
27.838 5.8831 1.3991 25 7 21
27.9 5.8717 1.3417 18 11 3
27.851 5.898 1.3522 27 7 0
27.791 5.8553 1.3873 21 2 0
27.632 5.7996 1.465 12 0 0
27.734 5.8139 1.4226 16 2 0
27.846 5.8968 1.3553 27 7 0
27.987 5.83 1.1614 3 4 0
27.764 5.8049 1.3552 6 0 0
28.073 5.8285 1.052 11 8 0
27.892 5.8133 1.3284 22 5 11
28.115 5.8154 1.0932 0 0 10
28.159 5.8373 1.0142 2 7 1
28.039 5.852 1.089 13 4 0
28.163 5.8574 1.0651 0 0 0
28.154 5.7917 1.0522 6 7 1
28.184 5.8104 0.98399 20 12 0
28.165 5.741 0.97961 24 17 0
28.23 5.8313 0.90891 22 7 10
28.347 5.7843 0.92974 19 9 0
28.202 5.7693 1.0007 18 7 5
28.029 5.7863 1.1965 5 1 0
28.279 5.8041 0.99829 10 0 0
28.335 5.7695 0.98363 9 5 2
28.294 5.7991 0.88458 16 6 0
28.477 5.7599 0.86168 18 2 3
28.525 5.7331 0.80341 33 8 12
28.341 5.7395 0.82047 19 9 0
28.652 5.7378 0.76584 14 10 1
28.325 5.7581 0.89329 19 8 6
28.569 5.752 0.72979 27 13 12
28.494 5.7503 0.89264 3 6 0
28.362 5.7427 0.805 19 9 0
28.43 5.7634 0.85795 23 4 8
28.528 5.7592 0.70894 22 8 0
28.639 5.7007 0.59723 22 8 0
28.643 5.7114 0.71209 28 8 7
28.336 3.7598 0.79757 4 5 0
28.375 3.8025 0.58589 11 0 0
28.264 3.7197 0.72879 0 5 0
28.263 3.6779 0.71528 6 6 4
28.081 3.8071 0.97466 6 1 0
28.182 3.7243 0.7363 1 0 0
28.021 3.7681 0.91333 4 3 0
28.146 3.7028 0.75469 12 5 0
27.944 3.8064 1.018 10 5 12
28.09 3.7231 0.93928 4 3 0
27.613 5.9708 2.9778 26 15 0
27.637 5.9675 2.9506 33 14 10
27.694 5.9574 2.9596 31 18 0
27.644 5.9723 2.9967 27 16 0
27.66 5.9663 2.9687 28 17 0
27.565 5.9634 2.9638 29 14 9
27.658 5.9546 2.9443 23 17 0
27.674 5.9624 2.9878 32 15 0
27.803 5.9527 2.9857 27 14 0
27.72 5.9567 2.9786 28 15 0
27.751 5.9462 2.9678 31 16 0
27.826 5.9474 2.956 26 20 0
27.848 5.9446 2.9765 32 15 0
27.773 5.961 2.9466 37 20 3
27.78 5.9427 2.9383 36 12 0
27.983 5.9249 2.9233 36 18 6
27.928 5.9326 2.9344 28 16 0
27.972 5.9354 2.9518 28 12 0
27.859 5.9354 2.9469 31 9 0
27.879 5.932 2.9671 33 21 0
27.843 5.9399 2.9261 29 16 0
27.889 5.931 2.9151 32 21 0
28.145 5.9001 2.9426 31 14 0
28.088 5.9056 2.8971 27 15 1
28.124 5.9047 2.9191 32 20 0
28.097 5.912 2.9543 29 21 0
28.024 5.9264 2.9415 30 13 0
28.019 5.9022 2.9366 32 14 0
28.019 5.9116 2.9118 36 19 1
28.387 5.8791 2.8972 31 16 9
28.174 5.8586 2.9243 32 21 0
28.158 5.8984 2.8843 27 15 0
28.243 5.8835 2.8938 31 15 0
28.144 5.8854 2.911 35 17 7
28.263 5.8627 2.8841 26 12 0
28.182 5.8793 2.8765 28 13 6
28.121 5.8706 2.938 29 15 4
28.459 5.857 2.9117 32 13 7
28.387 5.8364 2.8574 34 17 0
28.49 5.8359 2.9 28 13 6
28.393 5.8272 2.8855 33 11 0
28.383 5.8519 2.8913 31 18 0
28.364 5.8581 2.8667 25 17 0
28.405 5.8564 2.8889 31 18 0
28.493 5.8298 2.8379 31 17 4
28.612 5.8309 2.8806 33 9 9
28.544 5.8287 2.8611 29 9 0
28.711 5.8194 2.8626 29 15 4
28.629 5.8157 2.8451 29 16 0
28.672 5.7725 2.8934 30 12 0
28.769 5.7994 2.8488 32 14 2
28.674 5.7945 2.8295 30 10 0
28.739 5.7645 2.8469 28 17 0
28.888 5.7451 2.8534 28 15 0
28.903 5.7787 2.8607 25 15 6
28.881 5.7666 2.7915 26 12 0
28.865 5.7955 2.8005 24 11 0
29.045 5.7794 2.8052 30 14 0
29.268 5.7424 2.7608 28 10 0
29.13 5.7582 2.7885 30 11 5
29.277 5.7663 2.8029 29 12 5
29.237 5.7261 2.7998 31 10 7
29.34 5.7748 2.7953 29 12 5
29.446 5.7158 2.7693 30 8 8
29.443 5.7282 2.7326 31 13 1
29.566 5.6537 2.7379 29 16 0
29.388 5.6851 2.73 28 12 0
29.433 5.6649 2.7975 29 18 0
29.355 5.6689 2.773 32 7 3
27.508 5.9746 2.8488 23 15 12
27.632 5.9692 2.8382 29 10 0
27.557 5.9686 2.9457 26 17 0
27.652 5.9671 2.8558 29 14 7
27.648 5.9682 2.9044 32 12 3
27.65 5.9605 2.9244 29 17 3
27.59 5.9664 2.8719 25 20 0
27.666 5.9631 2.8744 37 20 13
27.606 5.9741 2.9134 28 20 0
27.569 5.9787 2.8786 15 8 0
27.634 5.9724 2.8854 26 10 0
27.585 5.9736 2.8496 34 12 0
27.567 5.9864 2.8592 29 4 0
27.566 5.9693 2.899 27 18 11
27.623 5.9713 2.9322 24 15 8
27.588 5.9744 2.8503 34 12 0
27.68 5.9475 2.8664 33 16 0
27.684 5.9572 2.8448 33 11 13
27.797 5.9564 2.9147 35 16 10
27.728 5.9418 2.8526 31 14 7
27.706 5.9583 2.9117 33 14 7
27.773 5.9637 2.8261 33 21 0
27.776 5.947 2.8679 36 15 12
27.743 5.9609 2.9268 32 21 0
27.724 5.9579 2.8114 33 19 8
27.809 5.9389 2.9082 32 15 5
27.64 5.9523 2.8301 29 12 0
27.813 5.9489 2.8854 28 10 6
27.734 5.9402 2.8047 36 19 2
27.724 5.9434 2.9029 30 14 0
27.712 5.9486 2.8819 30 12 8
27.69 5.9619 2.8927 30 11 7
27.674 5.9653 2.8734 37 20 13
27.817 5.929 2.8794 29 8 5
27.91 5.9204 2.8294 30 7 17
27.88 5.9341 2.8418 29 11 7
27.882 5.9379 2.8948 34 10 6
27.843 5.9328 2.8242 31 14 6
27.908 5.9235 2.8839 27 15 0
27.941 5.923 2.9042 33 14 0
27.889 5.9329 2.7879 32 14 0
27.891 5.9277 2.8643 39 14 9
27.78 5.936 2.8412 23 14 0
27.778 5.9443 2.8189 31 19 5
27.888 5.9234 2.8117 35 17 13
27.831 5.9383 2.8044 24 12 0
27.841 5.9446 2.8536 29 20 5
28.071 5.9107 2.8766 32 13 7
27.951 5.9179 2.7954 28 15 0
28.013 5.9152 2.8336 28 11 1
28.044 5.909 2.7995 27 12 5
28.012 5.9191 2.8887 28 11 1
28.037 5.9119 2.8543 33 14 10
27.935 5.9084 2.8755 34 13 10
27.946 5.9259 2.7726 31 10 7
28.105 5.8953 2.8653 32 13 0
27.942 5.9194 2.8489 32 13 7
27.956 5.9056 2.765 32 13 9
27.988 5.9183 2.8126 28 16 4
28.06 5.9036 2.8199 33 18 11
28.066 5.9097 2.742 32 13 7
28.059 5.8988 2.7653 30 19 0
27.979 5.902 2.7866 31 15 2
28.067 5.8957 2.8443 32 11 6
28.097 5.8837 2.7541 27 16 0
28.189 5.8954 2.7655 28 13 6
28.223 5.8784 2.7509 29 13 0
28.2 5.8686 2.8408 21 6 3
28.134 5.8877 2.8314 31 14 6
28.193 5.8918 2.8474 27 19 6
28.148 5.9007 2.8033 30 15 8
28.184 5.8796 2.73 32 11 6
28.275 5.8754 2.8547 29 11 7
28.229 5.8846 2.8122 27 13 10
28.182 5.8839 2.7925 27 13 2
28.314 5.8781 2.7901 36 16 9
28.348 5.8958 2.7577 28 13 6
28.081 5.8945 2.7875 26 14 0
28.363 5.8682 2.8387 32 13 0
28.441 5.8342 2.7239 32 14 4
28.305 5.8441 2.7254 25 15 3
28.434 5.8435 2.6939 35 15 6
28.276 5.8443 2.7891 32 13 9
28.44 5.8571 2.8242 26 12 1
28.273 5.8536 2.7632 32 8 6
28.271 5.8631 2.7384 30 12 8
28.352 5.8499 2.8037 31 12 6
28.298 5.8646 2.82 27 17 7
28.428 5.8485 2.7607 33 13 6
28.5 5.8735 2.7218 35 14 11
28.345 5.8627 2.6914 38 11 4
28.218 5.8616 2.7199 31 14 6
28.244 5.8674 2.7153 31 14 6
28.416 5.8255 2.8195 28 13 6
28.449 5.8421 2.7878 29 10 6
28.596 5.8134 2.7523 32 11 8
28.571 5.8128 2.6558 27 13 2
28.676 5.8387 2.7096 34 10 10
28.699 5.8021 2.7267 28 11 0
28.711 5.7929 2.7576 30 11 4
28.755 5.8228 2.6882 32 15 7
28.535 5.8414 2.7396 32 13 6
28.649 5.8411 2.7813 26 8 0
28.52 5.8277 2.7718 37 12 16
28.601 5.8036 2.7788 29 14 9
28.566 5.8153 2.8201 30 14 0
28.521 5.8215 2.7023 28 9 5
28.556 5.8388 2.6658 33 14 7
28.67 5.8045 2.8022 24 13 0
28.599 5.8066 2.6826 30 10 3
28.914 5.7654 2.6051 32 12 5
28.9 5.7926 2.7222 28 12 0
28.955 5.7685 2.7112 29 10 6
29.079 5.763 2.7599 29 11 0
28.896 5.7716 2.6835 34 15 8
28.917 5.7427 2.6706 30 15 0
28.899 5.7803 2.7606 25 10 3
28.98 5.7607 2.7389 28 15 0
28.861 5.7894 2.622 29 13 0
28.852 5.8079 2.6669 27 9 5
28.932 5.7564 2.6359 28 11 17
28.791 5.7866 2.7071 32 13 7
28.779 5.7648 2.6719 35 18 10
28.757 5.7893 2.7837 27 14 5
28.683 5.8025 2.6304 29 18 0
28.712 5.7962 2.6576 31 7 5
29.379 5.7329 2.7059 34 15 1
29.202 5.713 2.6096 35 9 10
29.159 5.7404 2.737 26 13 0
29.126 5.7138 2.7008 32 17 0
29.173 5.7336 2.546 37 19 9
29.055 5.7405 2.6067 30 18 6
29.438 5.7163 2.648 25 10 0
29.007 5.746 2.58 29 16 0
29.332 5.7416 2.5545 29 5 3
29.228 5.7391 2.6516 29 13 0
29.23 5.7041 2.6382 28 11 4
29.073 5.731 2.6384 34 18 1
29.015 5.733 2.7227 31 9 0
29.525 5.6625 2.7025 23 9 0
29.347 5.6816 2.6173 31 7 7
29.401 5.7004 2.5711 32 10 20
29.461 5.6058 2.4946 32 13 0
27.528 5.9794 2.8003 28 9 2
27.593 5.9738 2.8021 25 8 0
27.55 5.966 2.7426 30 18 2
27.559 5.971 2.787 26 12 9
27.569 5.9723 2.7383 30 18 2
27.507 5.9705 2.7562 32 11 8
27.54 5.9732 2.7703 24 17 7
27.533 5.9642 2.8401 29 18 0
27.515 5.9814 2.7346 28 15 0
27.487 5.974 2.7868 28 17 11
27.599 5.9673 2.822 29 10 3
27.544 5.9764 2.8168 23 10 0
27.568 5.9633 2.7601 32 17 0
27.547 5.9733 2.7221 35 11 9
27.605 5.9667 2.7736 27 15 0
27.482 5.9805 2.7677 32 13 9
27.681 5.9535 2.7967 32 14 0
27.616 5.9482 2.7172 27 18 0
27.706 5.9497 2.7644 29 20 3
27.675 5.9464 2.6967 23 16 0
27.716 5.95 2.7114 36 10 9
27.622 5.9553 2.8124 28 16 0
27.65 5.9614 2.7586 29 4 10
27.639 5.9692 2.7882 33 21 5
27.671 5.9566 2.7268 28 14 1
27.597 5.9704 2.7057 34 18 3
27.68 5.9532 2.7967 32 14 0
27.701 5.9393 2.7874 29 16 0
27.647 5.9518 2.7818 32 14 0
27.585 5.9667 2.7075 34 18 3
27.628 5.9607 2.6931 29 11 7
27.633 5.9646 2.7411 38 16 3
27.683 5.9515 2.7474 29 13 0
27.615 5.9676 2.7223 27 18 13
27.799 5.9443 2.7109 34 18 1
27.844 5.9259 2.7198 31 15 0
27.828 5.9251 2.7757 28 17 0
27.807 5.934 2.6799 29 10 4
27.873 5.9249 2.7376 32 14 0
27.772 5.9334 2.6635 33 17 0
27.741 5.9306 2.7748 26 13 0
27.783 5.9334 2.7911 30 21 6
27.778 5.9473 2.6912 39 21 11
27.809 5.9256 2.7024 21 12 0
27.721 5.9395 2.6811 31 15 0
27.771 5.9273 2.7384 28 15 6
27.74 5.9391 2.7528 32 16 0
27.823 5.9328 2.753 28 13 6
27.808 5.9218 2.6496 30 17 0
27.736 5.9471 2.7291 35 18 11
27.969 5.9104 2.6244 34 20 7
27.993 5.9165 2.6185 34 20 7
28.015 5.9028 2.6644 29 14 7
27.948 5.913 2.742 27 13 2
27.962 5.9221 2.6577 29 14 7
27.973 5.9156 2.6803 24 14 5
27.994 5.9113 2.7012 28 12 0
27.838 5.9209 2.6666 31 13 13
27.863 5.9279 2.6607 30 12 12
28.048 5.9153 2.7177 31 15 2
27.924 5.916 2.7221 32 16 0
27.973 5.9018 2.6485 25 8 14
27.869 5.92 2.685 26 16 4
27.931 5.9235 2.6398 31 12 18
27.908 5.9251 2.7547 28 16 2
27.912 5.9222 2.7001 23 12 0
28.118 5.8791 2.631 24 24 0
28.087 5.901 2.7022 33 14 8
28.023 5.9002 2.6059 32 19 1
28.059 5.8995 2.6231 33 9 7
28.127 5.9009 2.7219 25 13 1
28.247 5.8782 2.6867 31 17 8
28.122 5.8849 2.6896 29 11 0
28.069 5.8921 2.6477 29 13 0
28.151 5.8717 2.5896 23 16 0
28.14 5.894 2.6003 27 9 0
28.085 5.886 2.6711 28 14 3
28.123 5.8706 2.6545 30 12 0
28.134 5.8632 2.6792 27 9 5
28.042 5.8998 2.6851 28 11 4
28.14 5.8794 2.7115 28 11 4
28.147 5.8707 2.5903 23 16 0
28.07 5.8874 2.5888 32 19 0
28.326 5.847 2.5641 33 16 6
28.32 5.8415 2.6582 31 14 0
28.365 5.8444 2.5856 29 7 7
28.261 5.8655 2.65 32 19 0
28.269 5.8412 2.641 35 16 0
28.267 5.8511 2.6124 30 18 6
28.266 5.8824 2.6828 31 17 8
28.234 5.87 2.6254 34 15 1
28.33 5.8748 2.5709 32 20 0
28.26 5.8702 2.5568 33 19 6
28.34 5.8351 2.6829 33 11 0
28.299 5.8635 2.6697 30 14 0
28.294 5.851 2.5409 35 22 4
28.228 5.8787 2.6004 31 13 3
28.239 5.8711 2.6242 34 15 1
28.591 5.809 2.584 33 11 0
28.388 5.8428 2.5131 30 16 7
28.568 5.8379 2.4955 32 17 12
28.514 5.8349 2.5758 29 13 0
28.542 5.829 2.6025 27 16 0
28.536 5.8209 2.5348 32 16 3
28.449 5.8292 2.6559 30 19 0
28.411 5.8363 2.5395 35 21 8
28.477 5.8453 2.6214 33 18 0
28.539 5.8177 2.6315 32 13 0
28.555 5.7918 2.6194 29 9 0
28.416 5.8441 2.6043 31 14 0
28.409 5.8256 2.5684 31 13 3
28.657 5.8318 2.54 31 13 9
28.661 5.8251 2.4656 31 9 19
28.8 5.786 2.4169 32 13 6
29.021 5.8306 2.4435 31 12 8
28.626 5.8075 2.5061 23 11 0
28.728 5.7601 2.5729 30 17 0
28.899 5.7661 2.497 29 17 3
28.707 5.8103 2.52 34 16 2
28.65 5.7783 2.594 29 12 5
28.651 5.7928 2.4594 31 24 4
28.886 5.773 2.5763 32 13 7
28.836 5.7888 2.5167 27 15 1
28.839 5.7806 2.4414 28 14 3
28.652 5.7931 2.4592 31 24 4
28.694 5.7966 2.5565 35 18 0
28.668 5.7844 2.4877 37 19 17
28.974 5.7895 2.4461 28 11 4
28.924 5.7483 2.4509 32 16 0
29.036 5.7281 2.5317 31 10 5
28.917 5.7594 2.4159 30 13 3
29.088 5.7246 2.4438 30 11 0
29.062 5.7439 2.491 26 11 4
29.078 5.736 2.4069 28 11 0
28.986 5.7668 2.5159 27 14 0
29.011 5.7393 2.3835 33 14 7
29.188 5.7254 2.4586 29 16 0
29.125 5.7194 2.3496 34 15 8
28.939 5.7748 2.3758 26 17 0
29.125 5.7423 2.3963 33 16 0
28.965 5.752 2.5523 34 20 11
29.282 5.7245 2.4782 28 15 0
29.037 5.7525 2.4613 25 12 0
29.254 5.6738 2.3864 29 13 0
29.165 5.6762 2.3678 28 11 4
29.297 5.7023 2.4296 32 19 1
29.112 5.6824 2.3423 25 13 13
29.123 5.6351 2.3719 32 14 14
29.339 5.734 2.3375 31 15 0
29.247 5.7092 2.4008 32 16 0
29.271 5.663 2.4206 29 16 0
27.486 5.9764 2.6248 24 14 2
27.483 5.9671 2.6468 30 16 5
27.57 5.9702 2.6901 22 13 0
27.543 5.9806 2.7014 25 16 0
27.477 5.9821 2.6056 31 17 14
27.51 5.9674 2.6618 25 14 8
27.554 5.9736 2.6722 26 14 0
27.525 5.9706 2.6085 31 12 8
27.474 5.974 2.6758 24 10 0
27.488 5.9873 2.6516 31 13 9
27.468 5.9822 2.7037 32 21 0
27.506 5.9767 2.6892 31 19 3
27.489 5.9812 2.7192 24 14 0
27.465 5.9896 2.6837 30 14 1
27.434 5.9856 2.623 28 21 5
27.447 5.9814 2.6412 28 15 0
27.636 5.961 2.6392 27 16 0
27.568 5.9675 2.6419 29 12 2
27.641 5.9599 2.5864 32 14 4
27.574 5.9783 2.6163 26 11 4
27.563 5.9639 2.5916 29 12 4
27.59 5.9639 2.6062 30 14 0
27.669 5.9508 2.6248 28 12 0
27.565 5.947 2.6352 31 15 0
27.651 5.9541 2.6062 32 19 3
27.605 5.9689 2.6017 30 14 0
27.593 5.967 2.6568 33 9 0
27.675 5.9554 2.6748 28 12 0
27.664 5.9609 2.654 31 15 0
27.619 5.962 2.5688 30 27 10
27.61 5.9636 2.6744 29 11 0
27.725 5.9439 2.5503 33 20 4
27.757 5.9227 2.5587 37 18 11
27.762 5.918 2.6368 34 18 3
27.773 5.9305 2.6096 34 11 5
27.71 5.9454 2.6608 32 14 2
27.754 5.9369 2.6455 29 16 0
27.711 5.9307 2.578 31 18 0
27.749 5.9293 2.5374 38 21 4
27.745 5.9315 2.5927 31 23 2
27.655 5.9376 2.6506 31 13 0
27.659 5.9452 2.5748 35 17 5
27.727 5.9473 2.6043 34 18 5
27.701 5.9488 2.5871 29 17 1
27.667 5.9567 2.5487 32 16 17
27.725 5.9377 2.6279 34 16 0
27.769 5.9198 2.6357 34 18 3
27.953 5.9159 2.6027 30 11 0
27.855 5.9148 2.4929 35 14 9
27.943 5.9094 2.5456 26 9 0
27.865 5.9247 2.6056 31 9 9
27.863 5.9114 2.5726 31 12 5
27.902 5.9123 2.5883 29 16 0
27.846 5.9162 2.552 32 18 9
27.884 5.9129 2.5109 36 10 9
27.927 5.9149 2.5243 33 15 5
27.861 5.9144 2.6299 32 8 4
27.817 5.9175 2.536 33 17 4
27.86 5.939 2.4987 30 18 2
27.851 5.9302 2.5847 32 15 0
27.809 5.9281 2.5697 31 17 4
27.995 5.9128 2.5603 26 10 0
27.94 5.9045 2.4872 30 19 0
28.009 5.8881 2.4883 27 10 0
27.987 5.9064 2.503 33 16 6
28.007 5.892 2.5501 28 10 0
28.068 5.8924 2.5006 31 20 0
28.092 5.8879 2.523 30 19 0
28 5.9045 2.5845 28 13 6
28.05 5.8926 2.5663 29 18 0
27.947 5.9161 2.4596 36 14 3
28.071 5.8885 2.4364 36 14 1
28.149 5.8814 2.5624 32 13 0
27.994 5.8987 2.5258 27 14 0
28.018 5.9 2.4593 31 17 6
28.099 5.8851 2.4564 27 13 2
28.086 5.8765 2.5513 37 20 12
28.087 5.8869 2.523 30 19 0
28.19 5.86 2.4773 23 12 0
28.228 5.8522 2.434 34 15 1
28.276 5.8411 2.4809 32 10 0
28.169 5.8755 2.4297 27 15 0
28.133 5.8723 2.5046 34 14 5
28.286 5.8703 2.4845 28 15 0
28.113 5.8731 2.416 31 14 6
28.176 5.862 2.5483 33 13 4
28.173 5.8664 2.4566 34 15 1
28.217 5.8706 2.3783 32 14 2
28.303 5.8634 2.51 31 17 6
28.118 5.8792 2.4803 28 15 0
28.298 5.8563 2.4452 26 13 0
28.208 5.8579 2.4119 29 12 4
28.199 5.8775 2.5144 34 18 3
28.467 5.8302 2.4855 35 18 0
28.386 5.8405 2.3438 28 18 6
28.345 5.828 2.4552 34 14 3
28.478 5.8183 2.341 28 7 4
28.361 5.8419 2.4197 29 17 0
28.397 5.8319 2.3711 29 13 0
28.44 5.8291 2.3914 24 13 0
28.364 5.8487 2.489 31 9 9
28.349 5.8503 2.392 27 13 4
28.477 5.843 2.453 33 18 0
28.527 5.8235 2.4327 27 16 0
28.485 5.8267 2.4116 29 18 0
28.296 5.8501 2.3775 30 16 3
28.538 5.8186 2.3542 32 15 7
28.551 5.8167 2.4586 34 16 2
28.513 5.8362 2.2977 29 15 4
28.628 5.8042 2.3228 31 7 5
28.807 5.7667 2.3712 28 15 0
28.836 5.783 2.3303 34 15 1
28.594 5.7868 2.3663 27 14 0
28.717 5.7844 2.4024 35 18 0
28.673 5.7888 2.3787 31 12 0
28.609 5.8123 2.2943 28 13 0
28.768 5.8079 2.2418 31 12 16
28.662 5.7586 2.2647 32 14 4
28.683 5.7823 2.2997 28 10 0
28.64 5.8026 2.4273 28 14 1
28.621 5.8108 2.3983 34 16 4
28.502 5.8046 2.2919 28 16 4
28.611 5.8204 2.3681 33 16 0
28.679 5.7699 2.336 27 15 0
28.929 5.7426 2.248 25 8 0
28.987 5.7481 2.3543 31 14 4
28.898 5.7622 2.1861 28 16 0
28.792 5.7676 2.2598 29 16 0
28.985 5.726 2.305 31 14 4
29.005 5.741 2.2645 32 16 1
28.943 5.7535 2.3314 32 15 0
28.991 5.7734 2.2793 31 14 0
28.764 5.7513 2.3046 30 14 0
28.911 5.7519 2.2187 27 15 3
28.957 5.7369 2.1549 31 13 3
28.974 5.7267 2.1898 32 12 5
29.147 5.7371 2.1801 31 14 0
29.096 5.7283 2.3178 29 16 0
29.115 5.7096 2.1394 26 12 0
29.171 5.7037 2.1632 26 13 0
29.238 5.7103 2.2722 33 16 0
29.098 5.7202 2.1047 28 11 3
29.274 5.6785 2.1242 31 13 3
29.29 5.6783 2.256 29 13 0
29.229 5.686 2.0988 31 8 0
29.232 5.7353 2.197 29 15 6
29.236 5.6856 2.2261 30 14 0
29.093 5.7051 2.2677 29 15 4
27.47 5.9677 2.5301 37 15 2
27.489 5.9755 2.5758 27 12 7
27.462 5.9735 2.511 31 16 19
27.439 5.977 2.5959 31 14 0
27.452 5.9719 2.5632 30 12 0
27.419 5.9788 2.5795 30 18 0
27.477 5.9629 2.6005 22 16 20
27.391 5.9773 2.5665 28 12 0
27.409 5.9821 2.5135 37 17 10
27.405 5.9834 2.6108 30 17 0
27.446 5.9764 2.4943 36 17 11
27.374 5.9878 2.5298 28 9 5
27.433 5.9824 2.5248 31 16 9
27.424 5.9702 2.5518 31 18 0
27.385 5.9832 2.5479 35 18 1
27.441 5.9749 2.4956 36 17 11
27.595 5.9431 2.5469 34 18 3
27.577 5.9664 2.5357 28 15 0
27.553 5.9691 2.5725 29 11 7
27.609 5.9565 2.5194 37 15 0
27.507 5.9606 2.5131 33 16 0
27.469 5.9584 2.5538 27 20 0
27.51 5.953 2.534 28 11 0
27.498 5.9665 2.493 35 21 21
27.5 5.9758 2.4702 29 21 0
27.61 5.9749 2.4722 30 17 0
27.527 5.9564 2.4772 23 16 10
27.566 5.9538 2.5618 31 12 0
27.518 5.9626 2.4565 35 16 12
27.509 5.9634 2.5633 35 10 3
27.563 5.9504 2.5116 30 12 0
27.646 5.9292 2.5499 34 10 6
27.695 5.932 2.5053 28 18 0
27.588 5.9475 2.4728 36 17 13
27.648 5.9363 2.4701 26 13 0
27.618 5.9453 2.432 29 14 7
27.648 5.9392 2.5247 28 19 0
27.604 5.9435 2.4908 31 15 0
27.644 5.947 2.5023 33 17 0
27.699 5.9425 2.4791 35 18 0
27.647 5.9332 2.4158 29 17 5
27.705 5.9228 2.4708 34 12 0
27.689 5.9275 2.4507 28 11 1
27.649 5.9459 2.4448 34 15 9
27.693 5.9378 2.4247 36 17 11
27.586 5.9561 2.4486 26 14 14
27.748 5.9386 2.5122 29 20 3
27.867 5.9143 2.43 31 19 3
27.886 5.9292 2.3976 25 13 1
27.843 5.914 2.3503 31 17 6
27.811 5.9442 2.4615 32 16 0
27.791 5.9258 2.4352 24 13 0
27.847 5.9223 2.4689 29 18 0
27.706 5.9297 2.3871 32 19 0
27.725 5.9037 2.4003 29 14 19
27.912 5.9168 2.4427 33 16 0
27.768 5.9287 2.4176 22 14 0
27.803 5.9326 2.4889 31 12 18
27.795 5.9175 2.4585 32 15 0
27.742 5.9307 2.4004 35 14 19
27.824 5.9221 2.3903 31 9 0
27.978 5.9 2.4434 31 14 7
28.021 5.8819 2.3588 27 14 0
27.96 5.9011 2.359 30 17 0
27.938 5.8955 2.3666 30 17 0
27.929 5.9033 2.3416 30 18 4
28.05 5.8936 2.4136 31 22 15
27.94 5.9004 2.4277 30 19 0
27.825 5.8994 2.3833 34 17 7
27.971 5.8938 2.3839 31 20 0
27.895 5.8986 2.4146 28 15 0
28.037 5.9007 2.3882 35 18 0
28.001 5.9074 2.2801 36 10 19
27.986 5.8833 2.3432 30 17 0
27.97 5.8893 2.3208 32 17 0
27.861 5.8991 2.3991 31 14 7
27.915 5.9092 2.3199 31 12 5
28.172 5.8709 2.3632 32 15 7
28.128 5.8659 2.2806 30 12 0
28.186 5.8475 2.3516 25 18 0
28.048 5.8837 2.2842 36 24 10
28.118 5.8692 2.3496 34 17 0
28.217 5.8649 2.3104 32 15 0
28.237 5.848 2.3652 29 12 4
28.102 5.8808 2.3904 34 14 16
28.046 5.863 2.3424 31 12 0
28.094 5.8688 2.2609 36 20 20
28.132 5.8932 2.2857 27 14 0
28.195 5.8547 2.2474 31 13 3
28.06 5.8812 2.3746 33 16 0
27.948 5.8695 2.2916 29 13 0
28.183 5.8684 2.2883 29 10 0
28.16 5.8576 2.228 25 15 5
28.339 5.8246 2.2862 34 14 7
28.274 5.85 2.2843 31 13 3
28.407 5.8312 2.1911 29 11 0
28.345 5.8537 2.2942 29 15 4
28.259 5.8514 2.1872 26 11 14
28.244 5.8545 2.2625 27 11 0
28.326 5.833 2.2584 32 15 5
28.25 5.8387 2.2225 30 13 6
28.253 5.8291 2.2501 34 12 0
28.448 5.835 2.2846 21 11 1
28.298 5.8317 2.1631 30 14 14
28.344 5.83 2.1799 37 19 5
28.322 5.8384 2.3323 28 14 3
28.366 5.8125 2.2361 35 16 0
28.64 5.7783 2.2007 27 15 3
28.523 5.8046 2.0973 34 16 14
28.507 5.798 2.2156 25 14 0
28.56 5.7801 2.0757 30 19 13
28.501 5.8083 2.1829 28 15 0
28.484 5.7825 2.2574 33 10 18
28.538 5.792 2.2401 33 10 18
28.352 5.788 2.306 29 10 16
28.667 5.7865 2.0735 30 16 3
28.608 5.7927 2.2526 28 15 6
28.579 5.7794 2.1864 31 19 3
28.576 5.7911 2.1485 32 15 5
28.493 5.8179 2.153 31 18 0
28.463 5.7826 2.1534 29 13 0
28.504 5.8275 2.2242 31 15 0
28.409 5.8136 2.1478 34 15 9
28.731 5.7819 2.2048 31 12 5
28.775 5.768 2.1466 33 21 0
28.672 5.7666 2.0269 27 11 11
28.843 5.7113 2.105 31 10 5
28.845 5.7573 2.0785 31 12 0
28.733 5.7524 2.0789 31 14 4
28.635 5.7691 2.1225 34 12 1
28.804 5.7394 2.1266 31 11 0
28.954 5.7487 2.1185 27 14 5
28.882 5.7535 1.9759 27 13 4
28.807 5.7611 2.1727 32 13 6
28.892 5.7298 2.0539 28 16 0
28.884 5.7412 2.0162 26 8 0
28.685 5.7655 2.1415 31 13 0
28.837 5.7805 2.0062 29 16 0
29.266 5.7039 2.044 30 14 0
29.029 5.6769 1.987 29 13 0
29.121 5.7013 1.9106 30 13 6
28.973 5.6578 2.0451 30 13 3
28.947 5.7151 1.9835 30 13 0
29.039 5.7251 2.0832 24 14 13
29.095 5.7477 1.8924 28 14 1
29.015 5.7005 1.9101 29 15 2
29.198 5.6592 1.9182 28 12 0
29.221 5.725 1.9733 34 10 6
29.088 5.7211 1.9744 29 16 0
29.065 5.7181 1.9823 29 16 0
27.355 5.989 2.5161 29 17 1
27.336 5.9797 2.4249 32 13 0
27.347 5.9848 2.4705 25 9 9
27.375 5.9685 2.4756 37 14 8
27.414 5.9806 2.4122 34 17 9
27.322 5.9923 2.4375 26 20 0
27.366 5.9836 2.4847 30 18 0
27.381 5.9876 2.4299 33 16 9
27.429 5.9793 2.4778 28 15 6
27.395 5.9858 2.4958 37 18 12
27.349 5.994 2.4484 32 16 0
27.35 5.9935 2.3976 34 9 5
27.387 5.9889 2.3757 29 14 0
27.414 5.9724 2.4321 33 12 9
27.384 5.9799 2.4512 28 14 11
27.394 5.9827 2.3955 35 18 0
27.529 5.9623 2.3442 34 18 1
27.522 5.9531 2.4249 28 13 6
27.461 5.9608 2.4317 38 14 12
27.488 5.9683 2.3678 31 12 0
27.467 5.9717 2.4063 29 20 1
27.447 5.9668 2.4645 23 18 0
27.49 5.962 2.4432 30 16 7
27.473 5.9717 2.3523 32 20 0
27.515 5.9594 2.4058 29 8 5
27.448 5.9757 2.4427 29 14 7
27.555 5.9548 2.4369 30 11 7
27.523 5.969 2.3235 28 12 0
27.444 5.9725 2.3929 36 17 11
27.492 5.9609 2.389 31 13 9
27.412 5.97 2.3818 29 12 5
27.596 5.9474 2.4166 28 18 6
27.648 5.952 2.3655 33 15 11
27.587 5.963 2.3708 28 16 0
27.603 5.9472 2.3583 23 17 3
27.598 5.943 2.3033 34 19 0
27.549 5.9485 2.3293 29 18 0
27.53 5.9533 2.3686 29 11 0
27.532 5.9519 2.3121 32 14 10
27.627 5.9339 2.341 32 13 0
27.636 5.9458 2.3123 32 12 5
27.553 5.9406 2.3528 37 13 13
27.622 5.9348 2.3999 27 13 0
27.576 5.9503 2.3991 31 19 7
27.669 5.937 2.3519 34 16 12
27.724 5.919 2.2895 36 17 11
27.754 5.9214 2.3633 30 17 0
27.809 5.9199 2.25 30 16 5
27.769 5.9189 2.2369 27 14 0
27.732 5.9434 2.2949 30 11 7
27.759 5.9259 2.2124 34 19 0
27.682 5.9379 2.2885 32 19 0
27.778 5.9245 2.2963 27 17 15
27.851 5.9257 2.3217 35 15 8
27.756 5.9381 2.2492 32 17 10
27.749 5.9295 2.3395 27 10 3
27.696 5.9299 2.2478 34 12 0
27.802 5.9219 2.3127 28 13 6
27.712 5.9283 2.327 27 11 0
27.695 5.9356 2.3667 36 16 9
27.664 5.9419 2.2706 38 14 12
27.656 5.9392 2.2746 38 14 12
27.858 5.9103 2.2204 33 12 7
27.986 5.8991 2.2203 29 15 15
27.89 5.8801 2.165 32 13 6
27.856 5.9036 2.313 23 11 0
27.856 5.9135 2.2857 29 17 5
27.844 5.9162 2.1991 31 13 1
27.9 5.887 2.226 27 13 10
27.922 5.8973 2.2797 27 10 0
27.971 5.8853 2.2542 29 13 0
27.849 5.9278 2.1679 30 18 6
27.892 5.8949 2.2011 28 7 2
27.87 5.8993 2.1806 31 16 9
27.839 5.8953 2.2566 24 14 5
27.804 5.9092 2.2781 31 10 5
27.843 5.892 2.1924 31 16 9
28.082 5.8865 2.2068 28 13 6
28 5.8773 2.2072 33 9 5
28.031 5.8643 2.088 28 16 4
28.003 5.8731 2.1385 26 12 0
28.029 5.8694 2.1561 25 13 1
27.895 5.8715 2.1912 29 18 0
28.062 5.8716 2.0751 28 16 4
27.957 5.8724 2.1266 25 18 0
28.108 5.8667 2.1875 34 10 6
28.101 5.881 2.2273 31 11 4
28.163 5.8681 2.2006 26 14 0
28.086 5.8718 2.1668 33 16 0
28.066 5.8513 2.1364 29 11 7
28.081 5.8656 2.0977 30 18 4
27.975 5.8815 2.1871 37 18 14
28.272 5.8372 2.1415 28 16 4
28.204 5.8338 2.1348 27 11 12
28.423 5.8389 2.0751 33 7 8
28.167 5.8579 2.0542 25 12 0
28.268 5.8406 2.0367 27 12 5
28.122 5.854 2.1416 30 9 4
28.206 5.8615 2.1443 35 21 8
28.186 5.8519 2.0748 34 15 11
28.276 5.8207 2.0984 24 10 0
28.221 5.8421 2.021 29 14 0
28.253 5.8552 2.0824 28 12 0
28.273 5.8314 2.0641 29 9 0
28.265 5.864 2.1508 31 17 4
28.262 5.8221 1.9954 29 16 0
28.501 5.793 2.026 27 12 5
28.552 5.8054 1.8892 30 13 3
28.524 5.8085 1.9826 28 16 0
28.401 5.8202 1.9258 26 11 4
28.369 5.81 2.0534 31 13 0
28.461 5.8049 2.0847 30 13 3
28.425 5.813 1.9534 31 14 7
28.462 5.8351 2.0942 29 12 5
28.419 5.8309 1.9988 23 8 1
28.518 5.8188 1.9511 29 16 7
28.455 5.7996 1.8941 35 14 9
28.421 5.8085 2.0675 27 14 5
28.537 5.7877 2.0488 27 14 0
28.311 5.8211 2.0074 29 10 4
28.553 5.7941 1.9244 31 14 7
28.591 5.7887 1.9463 31 12 5
28.901 5.7461 1.8826 30 11 5
28.745 5.7719 1.7885 31 15 2
28.683 5.7717 1.8988 28 15 0
28.84 5.7519 1.7358 35 15 8
28.678 5.747 1.9764 25 15 5
28.648 5.7748 1.997 32 14 0
28.604 5.7792 1.9775 31 12 5
28.739 5.7343 1.908 29 12 2
28.714 5.7525 1.9623 25 15 5
28.889 5.767 1.9357 21 14 0
28.688 5.7604 1.9348 24 19 0
28.689 5.7844 1.8604 33 18 0
28.65 5.7898 1.8389 31 18 2
28.744 5.7597 1.8266 31 15 2
28.762 5.7503 1.8578 28 14 5
28.965 5.7088 1.7507 31 12 6
28.959 5.7059 1.8898 31 14 4
28.941 5.7162 1.8556 33 16 6
29.075 5.6726 1.7353 29 17 3
28.944 5.6931 1.8031 28 12 0
28.888 5.7236 1.7021 32 12 5
28.804 5.6999 1.7768 30 12 0
28.885 5.7213 1.836 33 13 4
28.767 5.6597 1.7845 31 13 0
28.853 5.7288 1.8115 30 11 5
28.852 5.7414 1.7695 31 19 7
29.11 5.6879 1.8241 27 15 0
29.084 5.698 1.7896 36 19 11
29.063 5.7564 1.8624 32 12 5
29.099 5.6501 1.6734 27 15 3
29.149 5.6546 1.7969 31 12 5
27.331 5.9844 2.3021 36 20 7
27.295 5.9975 2.3041 24 16 0
27.323 5.9822 2.3585 22 15 0
27.328 5.9757 2.3778 35 11 7
27.346 5.9809 2.3199 39 17 2
27.415 5.9889 2.3342 33 14 8
27.336 5.9969 2.3814 31 14 0
27.264 5.9943 2.2958 31 10 5
27.335 5.9949 2.277 30 11 7
27.349 5.9737 2.3397 25 18 0
27.31 5.9859 2.3421 32 19 11
27.342 5.9786 2.2681 33 12 7
27.287 5.9953 2.3582 28 15 0
27.278 5.9834 2.384 29 16 0
27.294 5.9886 2.3261 24 3 8
27.391 5.9696 2.3161 29 13 0
27.487 5.966 2.3141 38 21 1
27.458 5.9651 2.303 34 15 9
27.414 5.9797 2.3583 30 22 0
27.468 5.9667 2.243 31 17 4
27.443 5.969 2.2849 30 17 0
27.389 5.9778 2.2939 31 14 6
27.443 5.967 2.2311 29 14 7
27.434 5.9765 2.3188 30 13 5
27.389 5.9678 2.262 31 25 0
27.4 5.9803 2.2348 26 16 4
27.353 5.9737 2.2864 25 12 4
27.461 5.9766 2.3329 35 16 9
27.413 5.9673 2.2752 26 15 13
27.422 5.9687 2.2163 28 17 0
27.481 5.9621 2.2612 29 16 0
27.624 5.9486 2.2346 32 13 7
27.579 5.9412 2.169 33 14 18
27.532 5.9495 2.2567 28 22 0
27.592 5.9505 2.2799 28 9 3
27.541 5.9507 2.1926 22 7 0
27.534 5.9387 2.2235 33 17 0
27.635 5.9427 2.2554 32 12 3
27.507 5.9486 2.1845 28 13 10
27.563 5.9457 2.1504 30 18 0
27.629 5.9599 2.2051 26 13 0
27.518 5.9561 2.2948 29 14 0
27.512 5.9524 2.2397 33 17 2
27.58 5.9562 2.2597 30 12 0
27.523 5.958 2.2922 29 14 0
27.488 5.9556 2.2824 30 11 7
27.549 5.9531 2.1892 22 7 0
27.482 5.9513 2.2295 26 11 6
27.47 5.9566 2.2099 33 11 0
27.654 5.9333 2.1522 28 20 0
27.715 5.9317 2.1812 27 16 0
27.673 5.926 2.1096 28 14 13
27.638 5.941 2.1941 30 19 0
27.647 5.9247 2.2423 34 18 5
27.596 5.9338 2.1298 29 10 6
27.611 5.9421 2.1796 27 9 5
27.718 5.9299 2.1148 30 9 6
27.741 5.9268 2.1321 30 14 0
27.74 5.9299 2.1956 36 19 0
27.662 5.9384 2.2109 32 13 7
27.632 5.9358 2.1372 26 16 4
27.694 5.936 2.1601 34 15 11
27.741 5.9136 2.0956 34 14 7
27.875 5.8966 2.1123 28 14 3
27.828 5.898 2.1696 30 12 2
27.832 5.9003 2.0096 27 14 6
27.757 5.9213 2.1536 28 16 2
27.872 5.9055 2.0853 28 12 0
27.811 5.9094 2.0544 30 17 8
27.749 5.9099 2.1819 31 12 5
27.857 5.8972 2.0254 33 16 24
27.747 5.9247 2.066 31 19 0
27.862 5.913 2.0609 27 12 5
27.808 5.9125 2.1221 26 11 6
27.909 5.8951 2.1269 24 14 2
27.745 5.9049 2.122 31 12 0
27.817 5.905 2.1461 30 12 2
27.761 5.9054 2.0504 29 18 0
27.966 5.8903 1.9932 29 9 8
28.09 5.8721 1.9935 33 12 9
27.974 5.8717 2.0506 29 10 6
28.023 5.8732 2.0589 30 11 4
27.944 5.8893 2.074 32 13 0
27.96 5.8829 2.0979 27 10 3
27.994 5.8714 1.97 30 9 6
27.882 5.8838 2.0718 27 11 0
27.882 5.8939 2.0423 28 8 0
28.048 5.9002 1.9864 34 14 5
27.893 5.8815 2.0004 27 17 7
27.998 5.8614 2.0022 28 15 0
27.867 5.885 1.9827 30 13 3
27.945 5.8698 1.9633 23 13 1
28.249 5.8302 1.9684 29 13 0
28.189 5.8224 1.8835 31 14 6
28.085 5.8615 2.0211 30 17 0
28.094 5.8525 2.0521 30 13 0
28.092 5.8464 1.9798 30 12 0
28.141 5.8402 1.9166 32 17 0
28.142 5.8468 1.9891 30 11 4
28.19 5.8402 1.9253 29 17 1
28.181 5.8382 1.9294 29 17 1
28.245 5.8446 1.8252 28 11 4
28.08 5.8647 1.9224 28 13 6
28.221 5.8351 1.9485 26 9 0
28.09 5.8563 1.9499 31 12 0
28.127 5.8483 1.8884 30 11 7
28.031 5.8373 1.9038 29 12 5
28.004 5.8577 1.926 29 8 5
28.163 5.839 1.827 34 9 5
28.258 5.8608 1.9732 27 14 0
28.371 5.7955 1.8955 30 14 0
28.372 5.8068 1.8602 31 12 5
28.387 5.8137 1.7329 30 13 19
28.455 5.78 1.8478 33 18 0
28.378 5.7774 1.8479 29 12 2
28.263 5.8192 1.8057 28 7 12
28.453 5.8028 1.775 25 16 0
28.364 5.7983 1.7772 34 10 10
28.291 5.8322 1.8708 29 13 0
28.292 5.8103 1.9382 26 9 1
28.354 5.8334 1.878 23 13 4
28.343 5.8241 1.8017 25 15 5
28.252 5.7948 1.881 26 13 0
28.505 5.7804 1.7399 27 11 0
28.683 5.7654 1.6826 23 14 0
28.75 5.7632 1.6946 28 14 1
28.653 5.7506 1.608 33 15 11
28.681 5.7741 1.775 30 10 3
28.491 5.7665 1.7829 30 14 0
28.602 5.788 1.6057 29 8 5
28.638 5.7794 1.7543 34 15 8
28.537 5.7824 1.8504 35 17 3
28.6 5.7756 1.6458 26 14 2
28.831 5.7633 1.6978 28 14 3
28.768 5.7558 1.5942 28 11 3
28.493 5.7901 1.708 26 11 4
28.47 5.7982 1.6783 28 15 0
28.574 5.7597 1.6957 30 10 0
28.899 5.7378 1.6552 29 12 4
28.796 5.738 1.5212 29 14 11
29.053 5.7347 1.533 34 12 1
28.729 5.7157 1.5967 31 12 8
28.83 5.7063 1.4958 27 13 2
28.872 5.7231 1.5725 30 16 3
29.027 5.6934 1.5318 31 18 0
28.935 5.7061 1.6285 28 14 5
29.006 5.6915 1.3976 29 10 12
28.918 5.705 1.4976 30 13 5
28.788 5.7464 1.6259 33 13 2
28.778 5.7327 1.6702 27 15 3
27.269 5.9856 2.2128 39 18 13
27.259 5.991 2.1936 34 20 20
27.303 5.9727 2.2639 30 18 0
27.254 5.9897 2.2488 29 14 7
27.278 5.9902 2.2597 29 11 7
27.293 5.9874 2.2747 32 11 8
27.194 5.9914 2.2136 30 10 11
27.306 5.9816 2.185 35 18 10
27.297 5.9792 2.2439 25 12 0
27.285 5.9913 2.1497 28 13 8
27.256 5.9987 2.1715 34 14 23
27.301 5.9896 2.2177 33 14 7
27.233 5.9986 2.2151 31 11 20
27.232 5.9901 2.2897 28 12 0
27.282 5.9813 2.1752 32 11 8
27.234 5.9902 2.2374 33 16 9
27.381 5.9633 2.212 30 15 0
27.37 5.9682 2.1939 27 15 0
27.34 5.9762 2.2169 34 18 1
27.29 5.9655 2.1637 33 13 2
27.44 5.9645 2.1744 28 12 0
27.319 5.9775 2.2024 32 18 7
27.379 5.9701 2.132 31 13 1
27.338 5.9749 2.1603 24 21 6
27.34 5.9648 2.1295 27 14 6
27.416 5.9654 2.1617 31 19 0
27.356 5.9733 2.2321 31 12 0
27.388 5.9642 2.1523 38 21 4
27.347 5.9688 2.1814 35 16 9
27.446 5.9554 2.1394 26 12 1
27.412 5.9512 2.074 25 11 8
27.51 5.9448 2.0644 27 13 10
27.535 5.9456 2.1396 30 10 0
27.481 5.9445 2.0543 30 12 10
27.484 5.9705 2.1773 31 16 11
27.52 5.9503 2.1201 30 14 1
27.423 5.9567 2.1261 30 21 2
27.464 5.9526 2.1551 27 14 0
27.409 5.9613 2.1073 30 10 19
27.474 5.9537 2.092 29 14 7
27.514 5.9572 2.099 31 12 0
27.455 5.9452 2.0425 22 6 9
27.393 5.9645 2.0921 22 6 0
27.498 5.9545 2.164 26 14 2
27.461 5.9585 2.0732 34 19 16
27.629 5.923 2.1019 26 14 2
27.607 5.9475 2.0947 34 12 1
27.583 5.9371 2.0454 30 10 9
27.572 5.9435 2.0231 29 18 16
27.599 5.9296 2.001 30 11 7
27.662 5.9296 2.0227 31 18 0
27.664 5.9204 2.05 28 15 0
27.57 5.9239 2.0775 28 15 0
27.534 5.9405 2.0181 23 9 8
27.627 5.9315 2.0776 36 16 9
27.579 5.9334 1.9824 27 12 7
27.658 5.9349 1.9315 31 6 10
27.641 5.9325 2.0073 36 17 1
27.524 5.9396 2.0853 30 13 6
27.544 5.9368 2.1001 26 13 0
27.749 5.912 2.0269 27 18 1
27.722 5.9106 1.9453 37 16 13
27.756 5.9 1.9874 27 11 0
27.677 5.9205 1.9802 33 14 0
27.769 5.9139 1.9499 31 17 8
27.674 5.9299 1.951 23 14 0
27.75 5.9222 1.998 29 9 0
27.674 5.9161 1.9156 24 16 5
27.71 5.9206 1.9902 29 8 3
27.706 5.923 2.0565 34 16 2
27.803 5.919 1.8641 28 11 19
27.714 5.9182 1.9206 28 10 6
27.794 5.8962 1.9291 31 12 6
27.777 5.902 1.907 28 10 6
27.791 5.8995 1.9994 29 12 5
28.009 5.8696 1.8912 28 14 5
27.924 5.8749 1.7664 25 16 0
27.844 5.8894 1.9632 27 11 0
27.935 5.8877 1.9072 34 17 10
27.818 5.8882 1.8771 32 22 13
27.961 5.8788 1.8522 32 18 7
27.912 5.8772 1.8465 27 13 2
27.932 5.8976 1.8763 29 9 0
27.863 5.9042 1.9249 30 14 1
27.984 5.8739 1.8726 36 19 2
27.875 5.8782 1.8349 29 13 16
27.82 5.8991 1.8444 30 18 6
27.85 5.8867 1.8892 30 13 6
27.925 5.8753 1.9413 29 12 5
27.879 5.8899 1.7994 29 9 8
28.044 5.8611 1.8333 27 13 4
28.02 5.8663 1.8122 32 14 2
28.037 5.8644 1.7277 27 17 7
28.136 5.8373 1.7297 30 13 3
28.147 5.8455 1.8058 30 16 5
27.977 5.8668 1.8022 32 13 7
27.979 5.8777 1.7692 23 9 6
28.067 5.8496 1.7788 28 10 0
28.088 5.8607 1.843 27 13 4
28.074 5.8629 1.7372 24 9 4
28.088 5.8375 1.7226 26 16 6
27.995 5.8656 1.7165 29 11 9
28.103 5.8468 1.7939 29 18 0
28.126 5.8569 1.6672 25 17 14
28.372 5.7912 1.694 25 5 4
28.249 5.8207 1.6946 32 21 2
28.251 5.8251 1.5739 30 6 6
28.219 5.8219 1.7895 25 10 13
28.256 5.8262 1.5706 30 6 6
28.368 5.8024 1.6568 32 13 9
28.318 5.8272 1.5727 32 18 9
28.376 5.8073 1.5293 29 17 5
28.202 5.8296 1.7623 34 15 1
28.166 5.8364 1.6358 30 18 4
28.24 5.8299 1.6644 34 15 8
28.176 5.8349 1.7432 30 11 0
28.301 5.8121 1.6205 28 11 4
28.273 5.8142 1.7184 33 18 0
28.343 5.8086 1.6361 32 16 0
28.325 5.8094 1.5189 29 15 6
28.222 5.8379 1.6363 35 21 12
28.324 5.8134 1.7255 28 10 6
28.544 5.7581 1.5763 27 14 0
28.538 5.7711 1.4141 26 7 0
28.657 5.764 1.5623 28 12 0
28.402 5.8004 1.5533 32 13 6
28.51 5.762 1.568 28 11 1
28.538 5.7585 1.4568 29 20 5
28.448 5.7965 1.5698 33 16 0
28.5 5.7825 1.6181 28 14 3
28.467 5.7915 1.4681 35 17 15
28.46 5.779 1.508 28 12 12
28.479 5.7699 1.5399 31 15 2
28.539 5.7472 1.4938 26 13 0
28.609 5.7461 1.4979 25 7 0
28.447 5.7848 1.6075 35 15 4
28.874 5.7251 1.4306 31 12 6
28.857 5.7105 1.3434 26 11 4
28.684 5.7458 1.4978 25 9 0
28.597 5.7343 1.4102 30 10 3
28.727 5.7416 1.3807 30 13 3
28.799 5.742 1.2375 27 9 0
28.825 5.6953 1.2562 27 14 5
28.809 5.6914 1.4122 31 13 0
28.818 5.7297 1.4175 31 13 0
28.978 5.7006 1.3689 31 12 5
28.924 5.6959 1.2419 27 18 3
28.75 5.7091 1.3548 33 12 7
28.547 5.739 1.3947 27 12 5
28.679 5.7225 1.4462 31 14 7
28.805 5.7297 1.2797 30 16 7
28.995 5.7803 1.3786 32 13 6
28.881 5.7155 1.18 31 12 6
28.968 5.6233 1.3446 29 13 0
28.894 5.6781 1.3093 28 13 0
27.191 5.9988 2.1925 20 9 0
27.143 5.9958 2.1234 34 15 1
27.234 5.9796 2.1 29 15 6
27.171 5.9902 2.152 29 13 0
27.222 5.9841 2.1382 32 21 0
27.177 5.9926 2.094 29 11 7
27.241 5.9832 2.15 26 13 0
27.18 5.9853 2.1688 30 18 2
27.193 5.9904 2.1078 31 12 8
27.195 5.9813 2.0778 36 14 3
27.211 5.9792 2.0904 22 14 0
27.161 5.9946 2.1356 25 13 0
27.218 5.9822 2.0857 27 19 0
27.217 5.9916 2.1709 28 13 8
27.202 5.9849 2.1267 27 15 0
27.167 5.9972 2.0775 21 8 0
27.347 5.9573 2.0923 32 16 0
27.314 5.9733 2.0947 30 13 0
27.322 5.9855 2.0651 29 11 0
27.305 5.9777 2.0189 28 13 6
27.29 5.9743 2.1399 29 9 11
27.365 5.9728 2.0576 29 17 5
27.266 5.9721 2.0181 34 17 0
27.237 5.9798 2.0435 28 6 0
27.367 5.9828 2.0309 26 8 0
27.329 5.9698 2.1113 30 15 0
27.282 5.9804 2.1194 24 15 8
27.308 5.9691 1.9819 28 9 5
27.293 5.9936 2.0902 29 11 7
27.351 5.9754 1.9818 22 5 0
27.265 5.9815 2.0512 25 12 3
27.37 5.9934 2.0035 24 16 0
27.3 5.9861 2.0542 27 14 0
27.43 5.9552 2.0048 26 11 4
27.46 5.9558 2.0149 21 9 0
27.394 5.9503 1.9395 24 16 0
27.443 5.9577 1.9359 28 10 6
27.411 5.958 1.9895 30 14 1
27.405 5.9763 2.0012 27 15 0
27.494 5.956 1.959 24 15 0
27.36 5.9694 2.0028 28 12 12
27.468 5.957 1.9467 31 11 10
27.415 5.9705 2.0214 29 13 0
27.418 5.9623 2.0453 29 13 0
27.373 5.9634 1.9597 27 12 5
27.394 5.9616 1.9729 29 16 10
27.599 5.9487 1.9465 27 13 10
27.554 5.9417 1.8789 26 8 6
27.589 5.9405 1.8182 28 10 10
27.516 5.939 1.8747 30 12 8
27.582 5.931 1.9183 27 9 0
27.542 5.9284 1.9131 27 14 0
27.491 5.9431 1.9255 32 13 7
27.514 5.9531 1.9743 25 3 6
27.511 5.9428 2.0029 28 5 11
27.597 5.9327 1.8439 30 11 5
27.486 5.9509 1.9019 24 9 2
27.534 5.9552 1.8331 29 16 0
27.587 5.923 1.9434 28 15 0
27.479 5.9296 1.9603 26 14 0
27.536 5.9386 1.9539 31 14 0
27.441 5.9456 1.9008 29 13 0
27.563 5.9594 1.9748 28 5 11
27.469 5.9454 1.9113 24 9 2
27.732 5.905 1.8051 33 12 7
27.615 5.9152 1.8241 28 15 0
27.687 5.903 1.7995 29 13 0
27.765 5.9046 1.8141 22 15 0
27.741 5.9121 1.8672 30 18 6
27.674 5.9193 1.7473 32 11 8
27.644 5.9176 1.9016 33 14 0
27.625 5.9216 1.8846 28 12 0
27.608 5.9232 1.798 29 13 0
27.676 5.9036 1.8749 31 17 8
27.676 5.9134 1.846 27 17 5
27.63 5.9102 1.842 23 16 0
27.685 5.9121 1.7719 29 8 3
27.574 5.916 1.8859 27 18 0
27.802 5.89 1.7826 29 12 2
27.781 5.8943 1.765 30 15 0
27.904 5.8804 1.7461 25 13 0
27.784 5.8907 1.6906 23 14 0
27.867 5.892 1.7024 26 13 0
27.861 5.88 1.7387 28 12 0
27.726 5.91 1.7052 27 13 0
27.789 5.907 1.7282 31 15 0
27.798 5.8844 1.7121 27 14 0
27.727 5.8999 1.7363 28 13 6
27.815 5.8834 1.8054 25 10 15
27.815 5.8736 1.6598 28 15 0
27.79 5.903 1.6533 32 20 4
27.849 5.8719 1.6714 28 13 0
27.775 5.8973 1.8385 30 8 8
28.04 5.8596 1.6456 32 14 0
27.893 5.8671 1.6008 30 13 3
28.059 5.8686 1.5199 32 14 12
28.151 5.856 1.5708 27 18 1
28.055 5.8506 1.4739 22 13 0
27.945 5.8523 1.5589 31 14 7
27.916 5.8679 1.6952 25 14 0
27.935 5.8833 1.65 25 11 0
27.944 5.8638 1.7129 29 17 5
28.061 5.8535 1.6677 32 17 10
27.963 5.8522 1.6581 23 17 0
28.083 5.8631 1.5399 27 13 0
27.979 5.8774 1.5806 30 13 6
27.968 5.864 1.6214 27 13 4
28.068 5.8485 1.585 31 14 4
28.132 5.8341 1.5342 25 12 0
28.236 5.8145 1.4976 31 14 4
28.327 5.8449 1.4025 31 11 0
28.179 5.8328 1.5424 29 16 0
28.151 5.8313 1.4369 22 12 2
28.183 5.8264 1.4557 29 13 0
28.106 5.8355 1.6297 31 14 4
28.202 5.8264 1.5651 26 17 0
28.107 5.8394 1.5155 31 8 2
28.293 5.818 1.3751 26 15 0
28.259 5.8069 1.5247 26 8 6
28.118 5.8537 1.4693 28 15 0
28.207 5.8124 1.3912 27 10 3
28.348 5.8172 1.3792 25 13 0
28.385 5.7802 1.3837 26 19 0
28.38 5.7823 1.2544 29 16 0
28.356 5.7655 1.3132 32 12 5
28.521 5.7588 1.3287 24 9 2
28.413 5.797 1.3279 27 7 0
28.36 5.7842 1.4892 22 9 0
28.569 5.7542 1.3432 28 11 4
28.501 5.7896 1.3502 30 13 5
28.391 5.8012 1.4342 30 15 8
28.362 5.812 1.276 29 15 2
28.469 5.7621 1.3194 28 15 0
28.529 5.781 1.3815 29 9 8
28.369 5.7776 1.392 28 16 0
28.294 5.7949 1.4519 33 16 0
28.377 5.8229 1.3611 30 17 0
28.593 5.7953 1.2029 33 14 0
28.416 5.8095 1.2859 24 11 0
28.712 5.7169 1.1935 28 11 4
28.568 5.769 1.1612 26 13 4
28.621 5.742 1.1142 24 12 0
28.696 5.7392 1.2547 26 11 6
28.789 5.7304 0.99148 28 10 8
28.735 5.6976 1.1134 23 13 4
28.7 5.7522 1.2103 27 15 0
28.624 5.7529 1.2127 26 9 1
28.731 5.7833 1.0996 28 14 5
28.725 5.7334 1.1296 24 12 0
28.881 5.7285 1.1352 23 7 8
28.626 5.6346 1.0687 24 11 3
28.852 5.6744 1.1792 26 13 7
28.845 5.6868 1.1351 27 11 0
28.776 5.6904 0.98704 25 13 0
28.741 5.5595 1.0139 23 10 2
26.506 4.6979 2.4815 21 16 13
27.179 5.9928 2.0394 31 13 1
27.17 5.9881 1.9349 38 9 13
27.158 5.9838 1.9984 28 9 3
27.143 5.9867 1.9835 22 15 0
27.169 5.9981 2.0208 32 20 0
27.133 5.9999 2.0547 32 14 10
27.1 5.9952 1.9974 30 11 4
27.125 5.9975 2.0027 23 14 0
27.13 6.0081 2.0314 34 17 0
27.14 5.9946 1.9611 26 9 1
27.206 5.9855 2.0145 24 13 0
27.183 5.9856 2.0608 32 15 7
27.191 5.9882 2.0007 34 14 13
27.16 6.0028 2.0041 29 17 3
27.138 5.9936 2.0731 31 11 2
27.268 5.9908 1.968 24 15 8
27.301 5.9748 1.9639 25 11 10
27.241 5.9702 1.8907 31 14 4
27.211 5.9771 1.9221 23 14 0
27.275 5.9744 1.9548 32 14 2
27.288 5.9787 1.885 33 10 4
27.253 5.9761 2.0013 19 9 7
27.207 5.9762 1.9822 24 13 7
27.211 5.9787 2.0352 31 13 13
27.286 5.9686 1.9124 32 15 5
27.184 5.9852 1.948 25 10 13
27.216 5.989 1.9512 27 11 0
27.26 5.9777 1.9399 27 9 9
27.243 5.9805 1.9252 24 10 0
27.339 5.9587 1.8955 23 11 0
27.32 5.9611 1.8819 33 20 1
27.322 5.9603 1.8197 29 14 9
27.344 5.959 1.8307 28 17 0
27.379 5.9621 1.8332 23 16 0
27.435 5.9525 1.8799 27 15 1
27.39 5.9561 1.8542 31 15 0
27.366 5.9593 1.9038 27 12 9
27.306 5.9664 1.9266 32 11 16
27.373 5.9525 1.9253 30 12 8
27.404 5.9516 1.8715 28 16 0
27.378 5.9503 1.7984 17 8 1
27.334 5.9681 1.9318 31 14 6
27.351 5.9645 1.9488 32 12 5
27.348 5.9813 1.8351 30 11 7
27.28 5.9652 1.8564 28 18 6
27.428 5.9778 1.7351 28 12 0
27.451 5.9372 1.8592 29 12 5
27.426 5.9365 1.7815 24 10 0
27.521 5.9285 1.8332 22 11 0
27.402 5.9488 1.8106 25 12 0
27.467 5.952 1.8218 31 15 0
27.424 5.9444 1.7591 20 6 5
27.436 5.9511 1.814 26 18 0
27.525 5.9392 1.8037 20 7 0
27.461 5.938 1.7879 33 12 9
27.488 5.9376 1.7965 29 14 7
27.5 5.9388 1.7226 27 8 1
27.505 5.9506 1.6883 22 12 0
27.497 5.9277 1.7547 25 8 0
27.56 5.9246 1.7036 25 19 3
27.63 5.9229 1.6448 28 10 0
27.614 5.9115 1.7559 25 11 8
27.53 5.9259 1.6921 31 14 0
27.532 5.9127 1.6543 26 9 0
27.561 5.9154 1.731 25 12 4
27.669 5.914 1.6801 23 5 1
27.551 5.9354 1.7461 26 18 0
27.561 5.9054 1.7608 26 8 4
27.656 5.9168 1.585 24 10 0
27.565 5.9199 1.796 26 13 0
27.561 5.9289 1.7674 26 14 0
27.624 5.9116 1.6766 28 16 0
27.527 5.9345 1.6657 26 14 0
27.577 5.9168 1.6515 22 13 0
27.67 5.9043 1.7097 31 10 7
27.777 5.8952 1.5857 28 10 6
27.829 5.8876 1.6193 29 16 0
27.785 5.8823 1.5365 29 11 0
27.798 5.8903 1.6045 31 11 0
27.781 5.8914 1.5079 29 13 0
27.722 5.9044 1.6364 31 11 2
27.713 5.8988 1.5631 27 3 0
27.729 5.8927 1.5857 22 14 3
27.72 5.8855 1.5175 26 13 4
27.814 5.8789 1.5522 29 8 5
27.662 5.8979 1.6439 31 16 9
27.663 5.9086 1.6113 26 14 0
27.68 5.8993 1.5572 22 17 0
27.781 5.8915 1.5077 29 13 0
27.722 5.8946 1.6659 27 14 0
27.918 5.8352 1.4098 24 10 0
27.971 5.8697 1.5063 26 18 0
27.883 5.8535 1.45 23 14 0
27.878 5.8632 1.4185 21 6 1
27.821 5.8647 1.5047 30 10 1
27.981 5.8836 1.4625 29 13 0
27.846 5.8823 1.4513 28 12 0
27.8 5.8806 1.4517 25 12 3
27.815 5.853 1.5407 30 12 2
27.973 5.842 1.4952 26 8 8
27.894 5.8452 1.4779 29 11 7
27.958 5.8665 1.5147 26 18 0
27.909 5.8426 1.3869 27 14 0
27.822 5.8597 1.4248 31 15 0
27.983 5.8556 1.4522 29 13 0
27.851 5.8784 1.5582 20 6 0
27.836 5.8633 1.6047 21 15 0
28.05 5.8135 1.3835 33 16 9
28.029 5.8273 1.4428 29 13 0
28.037 5.8217 1.3559 25 8 0
28.035 5.8509 1.3659 29 11 7
28.166 5.8464 1.3875 27 14 0
28.229 5.8288 1.3372 32 15 5
28.031 5.8385 1.4067 28 8 0
28.204 5.8281 1.2225 30 11 7
28.026 5.8313 1.3227 22 16 0
28.198 5.8144 1.2699 26 19 1
28.272 5.774 1.2868 23 16 0
28.369 5.8036 1.1835 29 13 0
28.406 5.7546 1.2203 29 16 0
28.285 5.8082 1.2909 29 13 0
28.419 5.7786 1.1395 27 7 18
28.12 5.7675 1.315 28 11 4
28.251 5.8131 1.2746 29 11 7
28.638 5.8064 1.0274 24 10 0
28.513 5.7154 1.0813 28 10 10
28.576 5.7474 1.1002 25 12 3
28.526 5.7294 1.0312 26 7 0
28.195 5.6892 1.2194 21 8 0
28.612 5.7662 1.0303 27 13 0
28.402 5.7437 1.1309 25 7 7
28.559 5.7369 0.85735 4 4 4
27.704 5.6096 1.5706 20 7 0
28.128 5.7006 1.1886 5 0 0
28.588 5.7132 1.0812 22 5 0
28.711 5.6949 0.98217 28 10 8
28.673 5.6535 0.83837 8 4 3
27.127 5.989 1.8565 29 9 0
27.119 5.9765 1.9451 33 19 10
27.116 6.0023 1.9309 21 8 15
27.142 5.9956 1.9027 30 19 17
27.099 5.9948 1.8874 35 15 16
27.097 6.0034 1.8637 17 10 0
27.116 5.9935 1.8973 35 16 9
27.114 5.9928 1.9549 26 12 9
27.063 5.9969 1.9225 23 17 5
27.089 5.9995 1.9266 17 7 0
27.097 6.0032 1.9202 17 7 0
27.081 6.0047 1.9641 27 18 9
27.085 5.9972 1.9856 28 17 11
27.22 5.9801 1.8565 28 17 11
27.203 5.9821 1.8445 27 11 12
27.206 5.9846 1.8992 22 6 9
27.201 5.9816 1.7831 26 8 0
27.173 5.9806 1.897 28 9 13
27.247 5.9712 1.828 27 14 8
27.177 5.9912 1.87 29 19 10
27.236 5.9764 1.8099 17 10 0
27.152 5.9808 1.8288 24 7 0
27.223 5.972 1.8794 27 13 4
27.189 5.9672 1.8194 25 14 10
27.165 5.9766 1.8453 20 5 0
27.168 5.9964 1.852 27 7 9
27.243 5.9685 1.7703 24 7 0
27.297 5.9487 1.7098 20 11 0
27.279 5.9727 1.7705 28 15 6
27.31 5.9549 1.7641 28 9 2
27.301 5.9612 1.7425 23 9 0
27.346 5.9585 1.7644 31 14 6
27.271 5.9606 1.8017 24 3 0
27.307 5.9639 1.8044 23 14 7
27.27 5.9592 1.7394 15 14 0
27.315 5.9457 1.7235 26 12 3
27.275 5.9724 1.8345 18 6 0
27.357 5.9491 1.6544 22 10 0
27.426 5.9337 1.7181 27 14 6
27.383 5.9505 1.7291 30 10 1
27.441 5.9363 1.6396 25 6 0
27.439 5.9481 1.6791 24 17 1
27.458 5.9317 1.6578 28 15 9
27.384 5.9374 1.6223 15 12 0
27.378 5.939 1.7609 20 11 4
27.45 5.9489 1.6047 26 8 0
27.395 5.9525 1.6547 27 8 12
27.379 5.9578 1.7071 23 7 10
27.481 5.9402 1.6368 28 15 9
27.406 5.9469 1.673 28 14 5
27.543 5.927 1.6129 28 9 5
27.508 5.9261 1.6079 21 6 1
27.583 5.9159 1.5737 27 12 7
27.581 5.9252 1.5445 26 11 6
27.548 5.9354 1.5078 11 5 0
27.586 5.9069 1.6012 24 14 4
27.605 5.9192 1.4829 15 1 0
27.468 5.923 1.609 19 13 0
27.479 5.9368 1.5692 17 7 6
27.488 5.9074 1.5801 13 12 8
27.477 5.9286 1.6711 29 12 5
27.59 5.9178 1.5692 27 12 7
27.609 5.9096 1.5137 26 9 15
27.694 5.8886 1.5046 29 14 11
27.773 5.884 1.4378 26 12 9
27.696 5.8752 1.4552 22 9 0
27.586 5.8678 1.5549 25 10 5
27.652 5.9118 1.5142 20 7 1
27.667 5.9061 1.5338 24 13 9
27.888 5.8604 1.3273 10 0 9
27.684 5.82 1.4481 26 7 3
27.721 5.8038 1.406 9 5 2
27.892 5.8891 1.3353 16 0 3
27.901 5.8528 1.3522 19 9 0
27.703 5.8082 1.3924 0 0 0
27.687 5.8469 1.4532 14 2 6
27.933 5.8327 1.3152 20 3 9
28.06 5.8123 1.1655 1 0 0
27.932 5.8353 1.2024 1 0 10
28.065 5.8373 1.0798 5 6 0
28.207 5.7926 0.98138 13 4 5
28.335 5.8047 0.92632 11 8 17
28.225 5.7963 0.96611 13 4 5
28.2 5.7579 0.97801 18 8 0
28.187 5.8081 1.0543 0 2 0
28.282 5.8403 0.93639 7 6 2
28.252 5.8134 0.90514 23 15 2
28.325 5.8492 0.90247 7 6 2
28.306 5.7662 0.9328 21 10 8
28.21 5.8382 0.94687 22 5 0
28.26 5.7785 1.0252 8 0 0
28.683 5.7688 0.72313 15 0 2
28.478 5.7496 0.8251 28 9 13
28.714 5.7739 0.6992 23 7 10
28.621 5.7228 0.74793 21 11 9
28.375 5.7653 0.92719 27 13 13
28.48 5.7718 0.88884 2 0 11
28.388 5.7597 0.80501 21 11 0
28.311 5.7332 0.91624 21 6 0
28.63 5.6876 0.56827 21 4 10
28.575 5.6665 0.6642 19 9 0
28.543 5.6846 0.75919 20 6 5
28.278 3.6962 0.63192 1 9 0
28.407 3.703 0.69313 8 2 6
28.105 3.7398 0.86325 3 2 0
28.198 3.6939 0.74382 9 6 0
28.364 3.6911 0.62094 1 0 6
28.088 3.7122 0.81958 1 6 0
