3111
-0.45909 0.28117 -0.71863 0.44017 19.947 3.3721 3.344
18.69 7.3576 3.623 64 38 15
18.656 7.3791 3.7108 70 39 18
18.668 7.2973 3.6314 68 37 16
18.774 7.4008 3.6796 67 38 16
18.757 7.3232 3.688 65 39 14
18.696 7.3851 3.7025 70 41 19
18.686 7.3929 3.6639 68 41 24
18.759 7.3145 3.6842 67 41 16
18.857 7.4247 3.7035 56 33 15
18.871 7.3456 3.656 56 30 13
18.813 7.4359 3.7109 53 27 13
18.928 7.3054 3.6749 61 35 21
18.904 7.3717 3.6491 59 34 4
18.887 7.413 3.6141 56 30 3
18.813 7.4108 3.6707 56 35 14
18.868 7.3337 3.6235 57 28 6
19.023 7.3945 3.6564 57 30 13
18.955 7.3807 3.7107 61 30 18
18.996 7.3476 3.6642 60 32 18
19.028 7.2373 3.6899 56 29 12
18.974 7.4088 3.632 57 29 15
18.954 7.334 3.6361 63 33 15
18.959 7.3373 3.6722 61 30 22
19.149 7.3422 3.6193 41 23 9
19.165 7.2937 3.6553 41 28 20
19.161 7.3387 3.6918 35 22 16
19.092 7.2888 3.6753 38 16 3
19.285 7.2663 3.6623 39 25 12
19.262 7.364 3.63 33 20 4
19.217 7.3772 3.6055 32 14 14
19.22 7.1742 3.6077 38 18 9
19.237 7.3269 3.6737 37 23 14
19.2 7.3281 3.6818 35 24 20
19.222 7.3835 3.641 43 25 13
19.277 7.2463 3.5883 25 14 10
19.308 7.3103 3.6191 43 24 8
19.32 7.2635 3.6473 53 31 18
19.335 7.2028 3.6779 56 31 11
19.42 7.5768 3.6341 32 12 5
19.392 7.5097 3.6369 38 21 3
19.346 7.6105 3.6952 40 14 15
19.345 7.5786 3.6546 57 27 11
19.422 7.5967 3.6705 29 16 8
19.388 7.5006 3.5981 38 14 2
19.391 7.5125 3.6369 38 21 3
19.54 7.5695 3.6782 28 8 19
19.619 7.4776 3.6476 15 3 5
19.577 7.5019 3.6262 15 2 0
19.58 7.5185 3.6582 12 4 0
19.623 7.4807 3.6796 2 3 7
19.619 7.4264 3.6114 0 3 0
18.795 4.7081 3.3793 61 34 17
18.64 7.3353 3.559 67 34 19
18.704 7.3296 3.4235 64 37 16
18.606 7.3332 3.605 67 38 14
18.683 7.3336 3.5449 65 39 14
18.791 7.3886 3.5242 63 35 4
18.791 7.274 3.561 65 35 0
18.761 7.3508 3.5286 62 32 14
18.817 7.3701 3.3946 53 24 0
18.806 7.3598 3.5565 65 35 7
18.721 7.3677 3.5755 64 35 14
18.86 7.0838 3.4012 60 32 18
18.795 7.3997 3.5591 65 35 7
18.851 7.4211 3.424 56 30 16
18.961 7.2566 3.5577 60 36 2
18.87 7.4238 3.5364 55 30 0
18.918 7.3973 3.5222 61 33 6
18.923 7.3509 3.4892 58 30 19
18.857 7.4247 3.4638 56 30 5
18.918 7.3458 3.451 59 30 9
18.92 7.3893 3.5241 61 31 13
18.957 7.3241 3.4009 55 27 14
18.827 7.4063 3.5095 53 32 3
18.878 7.3698 3.5002 50 29 2
18.831 7.4184 3.5515 56 32 4
18.908 7.3862 3.4547 59 30 9
19.084 7.0577 3.53 56 31 1
19.151 6.8282 3.3825 57 30 19
18.953 7.3094 3.5965 56 31 11
18.997 7.3473 3.4309 57 28 6
18.969 7.3546 3.5148 59 31 4
18.963 7.3503 3.4776 57 32 0
19.031 7.2583 3.5055 59 32 0
18.955 7.356 3.4419 56 28 14
18.952 7.3712 3.4423 56 28 14
18.992 7.3937 3.4692 54 26 12
18.969 7.4062 3.5952 60 30 6
18.97 7.4317 3.3947 55 28 17
19.08 7.4636 3.5998 28 13 8
19.245 7.3113 3.452 31 16 13
19.276 7.167 3.4786 33 14 7
19.223 7.2286 3.452 31 20 0
19.17 7.3999 3.5789 27 15 0
19.28 7.1734 3.5151 34 18 1
19.198 7.4535 3.5795 32 15 5
19.296 7.2266 3.4369 33 19 6
19.21 7.2411 3.3881 32 18 5
19.263 7.4489 3.4812 40 22 0
19.273 7.1839 3.4799 33 14 7
19.25 7.2798 3.4492 31 16 13
19.274 7.2333 3.5499 35 17 3
19.302 7.1606 3.403 28 13 16
19.203 7.4272 3.5772 32 15 5
19.327 7.4538 3.389 51 29 8
19.338 7.2782 3.5358 57 27 11
19.33 7.5332 3.501 51 26 6
19.355 7.4014 3.5354 55 27 0
19.339 7.543 3.5793 53 28 0
19.371 7.4726 3.455 38 15 0
19.301 7.2842 3.5439 38 12 0
19.319 7.5363 3.4288 51 27 15
19.294 7.3575 3.5866 49 27 27
19.338 7.2476 3.5027 55 30 0
19.34 7.2006 3.4637 56 31 1
19.343 7.1821 3.4635 56 31 1
19.343 7.4122 3.4629 51 27 0
19.373 7.4256 3.4204 37 16 0
19.332 7.2239 3.4267 48 30 20
19.292 7.3073 3.5138 39 18 0
19.313 7.306 3.3927 50 30 19
19.406 7.6058 3.5564 35 16 0
19.379 7.529 3.5662 44 15 11
19.379 7.6476 3.4106 31 16 13
19.48 7.4797 3.4278 17 6 0
19.429 7.6767 3.5159 26 12 0
19.413 7.5897 3.5982 35 13 0
19.412 7.6892 3.4005 32 11 8
19.364 7.5587 3.4935 34 10 0
19.376 7.5124 3.5328 37 20 3
19.46 7.6116 3.3881 20 6 5
19.443 7.6504 3.5899 24 8 0
19.426 7.618 3.4358 34 10 8
19.44 7.5456 3.4755 29 13 0
19.513 7.5992 3.4962 25 12 0
19.477 7.5993 3.5103 23 11 0
19.573 7.4014 3.5151 12 3 0
19.562 7.5669 3.5573 14 6 0
19.468 7.7137 3.551 25 11 0
19.562 7.6189 3.5949 10 0 0
19.648 7.6803 3.4247 11 10 16
19.594 7.6641 3.5874 5 5 5
19.607 7.4073 3.5087 0 0 0
19.68 7.6766 3.3797 13 0 0
19.699 7.6475 3.5265 4 3 0
18.655 7.2559 3.275 61 33 6
18.721 7.2665 3.1807 57 33 0
18.823 7.1834 3.3648 63 36 19
18.822 7.3263 3.3553 61 32 11
18.835 7.3529 3.2276 50 22 9
18.766 7.3534 3.326 63 36 17
18.796 7.2934 3.1573 57 30 11
18.805 7.3621 3.3168 60 34 20
18.934 7.2635 3.1774 54 24 6
18.873 7.3633 3.2203 50 26 14
18.884 7.3467 3.2552 50 28 5
18.994 7.2049 3.2055 54 31 15
18.941 7.2853 3.2485 57 31 16
18.871 7.3453 3.1829 45 25 14
18.921 7.4131 3.3253 58 27 15
18.925 7.3737 3.2853 56 30 5
19.093 7.2765 3.1821 57 29 16
18.984 7.3239 3.3198 56 28 14
19.021 7.2798 3.2339 54 34 9
19.064 7.2646 3.2266 57 32 12
19.019 7.3403 3.3117 54 26 15
19.078 7.1154 3.3498 59 28 10
18.99 7.2712 3.2811 56 24 12
18.961 7.3657 3.2388 55 30 10
18.988 7.4448 3.2708 53 29 3
19.008 7.3074 3.1942 51 30 11
18.978 7.4065 3.1511 55 26 5
19.06 7.3069 3.2649 54 27 6
19.032 7.2878 3.3119 54 26 15
19.017 7.4383 3.1819 52 26 11
18.96 7.3666 3.2387 55 30 10
18.958 7.4566 3.3574 52 31 2
19.218 7.1736 3.3473 33 21 5
19.106 7.3019 3.2906 52 26 1
19.133 7.2976 3.2087 57 34 3
19.12 7.2099 3.2567 60 33 12
19.172 7.1927 3.3249 49 25 13
19.164 7.3909 3.2738 54 27 6
19.153 7.4156 3.2352 56 31 11
19.18 7.2507 3.2001 57 31 14
19.134 7.3479 3.2834 50 26 14
19.167 7.2894 3.1648 58 29 5
19.155 7.2204 3.2494 59 28 16
19.108 7.3878 3.1673 53 25 11
19.077 7.3759 3.2138 58 34 8
19.165 7.3878 3.2741 54 27 6
19.294 7.3262 3.2858 55 29 6
19.271 7.2475 3.2945 51 26 6
19.228 7.3987 3.1804 56 29 8
19.207 7.4275 3.3445 38 22 9
19.277 7.2438 3.3314 53 27 12
19.204 7.3833 3.2664 55 30 7
19.281 7.3731 3.2488 57 31 14
19.251 7.2994 3.2208 57 30 13
19.218 7.247 3.1946 57 32 2
19.28 7.2567 3.367 34 16 12
19.32 7.1111 3.2206 58 31 20
19.299 7.2036 3.1819 52 25 4
19.25 7.3338 3.2586 57 30 9
19.235 7.2463 3.3002 56 29 8
19.214 7.3007 3.2304 61 35 20
19.369 7.087 3.2839 54 25 17
19.334 7.4793 3.1923 52 25 6
19.371 7.5198 3.2193 44 11 14
19.363 7.3906 3.3042 51 29 8
19.342 7.2265 3.2456 55 28 7
19.339 7.4761 3.2283 56 29 8
19.307 7.3735 3.1656 53 22 14
19.286 7.41 3.3221 56 29 18
19.32 7.3276 3.2048 53 29 3
19.475 7.5865 3.1905 23 9 0
19.384 7.5767 3.3724 36 17 3
19.449 7.6207 3.3157 24 15 0
19.442 7.6361 3.2756 17 6 4
19.395 7.4562 3.3341 33 11 0
19.465 7.6292 3.1514 23 5 1
19.388 7.4706 3.2954 34 18 3
19.408 7.6795 3.365 32 15 0
19.437 7.6312 3.2403 25 11 0
19.544 7.4177 3.3029 27 10 3
19.559 7.5859 3.2492 0 0 0
19.586 7.3419 3.2929 13 0 0
19.518 7.6246 3.2591 23 13 1
19.488 7.6055 3.3096 27 12 9
19.605 7.1835 3.3274 7 2 9
19.616 7.4507 3.3224 8 4 1
19.608 7.4943 3.2838 0 4 0
19.69 7.732 3.176 0 0 0
20.197 8.074 3.3734 19 4 1
18.677 6.7054 3.0611 69 39 1
18.835 7.3008 3.1502 54 28 13
18.846 7.1642 3.0029 55 30 0
18.816 7.2436 2.9546 53 27 12
18.868 7.2307 2.9897 54 29 6
18.913 7.3143 3.1346 53 28 5
18.953 7.3178 3.1246 56 28 15
18.944 7.3001 3.0486 55 29 6
18.895 7.3318 3.0513 54 28 1
18.967 7.3152 2.9569 54 25 3
18.96 7.3725 2.9946 54 26 12
18.898 7.348 3.0908 57 27 9
18.922 7.3056 2.9287 51 25 0
18.899 7.2895 3.0157 54 22 7
19.056 7.1663 3.0437 55 26 4
19.072 7.3459 3.1376 56 30 7
19.085 7.3235 2.9361 53 27 2
19.076 7.3943 2.9701 55 29 12
19.028 7.3387 3.1067 55 29 4
19.007 7.345 2.9861 56 25 15
19.038 7.3207 3.1478 56 25 5
18.977 7.3563 3.0751 55 29 6
19.056 7.3316 3.018 58 25 6
19.02 7.2644 2.9534 52 27 7
19.113 7.2502 3.0211 59 30 8
19.047 7.4301 3.0939 56 27 5
19.068 7.2515 2.9887 55 29 6
19.046 7.3228 2.9421 53 24 2
19.056 7.3621 3.0545 55 24 3
19.022 7.3376 3.0704 52 24 10
19.034 7.2586 3.0351 55 26 4
19.162 7.2856 3.1252 58 29 7
19.132 7.345 3.0064 59 31 2
19.18 7.2969 3.0003 61 31 7
19.118 7.2568 3.0588 56 27 3
19.186 7.2971 3.0415 54 28 1
19.155 7.2605 3.0507 59 31 4
19.194 7.342 3.1508 55 29 2
19.154 7.2957 3.0866 60 29 9
19.104 7.3515 3.0912 55 24 4
19.14 7.2781 2.973 57 29 0
19.193 7.2911 3.0773 58 30 0
19.162 7.3597 2.9533 56 33 0
19.212 7.298 2.9543 55 31 3
19.11 7.3488 3.1309 53 27 4
19.133 7.2811 2.9335 57 28 6
19.182 7.3755 3.1114 58 29 5
19.219 7.2949 2.9905 57 31 6
19.254 7.3051 2.9866 59 29 3
19.271 7.3026 3.1026 59 26 7
19.311 7.2517 3.0601 55 26 5
19.263 7.288 3.0271 60 32 5
19.237 7.2563 3.0733 54 30 4
19.225 7.2936 3.0292 56 25 4
19.303 7.2675 3.0198 55 26 4
19.291 7.4416 3.1229 54 24 0
19.333 7.281 2.974 57 29 0
19.237 7.3178 3.1454 58 27 7
19.246 7.322 2.9458 59 28 8
19.27 7.3429 3.1353 57 28 4
19.273 7.26 3.0661 56 27 5
19.265 7.2775 3.027 60 32 5
19.246 7.2376 3.1128 54 28 5
19.3 7.2551 2.9842 57 29 0
19.3 7.3546 3.0903 57 26 8
19.3 7.2238 2.9494 55 26 4
19.356 7.2351 3.0921 53 26 7
19.355 7.4824 3.0622 55 25 0
19.359 7.3516 2.9558 56 28 0
19.338 7.4164 3.1511 55 25 9
19.366 7.4405 3.1061 35 11 0
19.368 7.1199 3.0624 52 25 4
19.386 7.496 3.0167 34 11 3
19.368 7.4645 3.1402 38 15 0
19.386 7.4158 2.9456 36 19 0
19.359 7.3874 2.9894 55 28 7
19.344 7.5222 3.0213 58 28 10
19.374 7.5407 2.9747 35 18 1
19.34 7.2665 3.0138 55 25 7
19.459 7.5106 3.0019 18 7 3
19.454 7.6378 3.0714 22 8 5
19.553 7.0385 3.07 25 12 3
19.498 7.4933 2.9934 22 8 0
19.409 7.5679 2.9655 28 12 0
19.534 7.252 3.0904 23 9 0
19.483 7.5872 2.9428 17 8 0
19.401 7.4957 3.134 32 16 1
19.411 7.5128 2.9303 32 14 4
19.451 7.5312 2.9599 17 7 0
19.427 7.585 3.1198 31 5 4
19.392 7.5294 3.0933 33 14 0
19.529 7.5947 3.0182 28 5 11
19.539 7.6504 3.1275 3 2 0
19.565 7.5629 2.9757 0 0 0
19.592 7.6759 2.9538 5 5 5
19.53 7.5922 3.0188 28 5 11
19.544 7.5399 3.0998 5 6 0
19.603 7.1993 3.0415 0 0 0
19.591 7.6833 2.9559 5 5 5
19.611 7.5705 3.0491 20 1 0
19.683 7.4429 2.958 5 0 0
19.693 7.3511 3.004 5 4 2
19.706 7.6467 2.9316 1 0 0
19.683 7.4283 2.96 5 0 0
19.668 7.2216 3.0278 1 3 0
19.654 7.3548 2.9774 0 0 0
19.714 7.578 2.9863 1 8 1
19.739 7.4276 3.1399 0 0 0
19.724 7.4683 3.0327 12 5 0
19.754 7.6683 3.0473 0 0 0
18.88 7.2056 2.7842 55 30 10
18.967 7.2875 2.9221 52 28 2
18.987 7.3195 2.8243 52 24 11
18.948 7.2563 2.7625 51 24 3
18.978 7.3244 2.7891 47 26 0
19.032 7.3237 2.8617 55 29 14
19.014 7.3463 2.778 58 28 10
19.071 7.3 2.8169 52 28 14
19.022 7.2827 2.7466 54 27 6
19.053 7.2613 2.9106 56 27 5
19.066 7.3531 2.8517 53 28 5
19.067 7.2885 2.7777 54 28 11
19.062 7.2556 2.7025 52 26 1
19.116 7.2163 2.7419 50 26 12
19.026 7.323 2.8196 50 27 11
19.115 7.2776 2.8153 53 28 5
18.998 7.3268 2.9079 52 25 6
19.014 7.29 2.7026 53 28 6
19.08 7.3177 2.8957 54 27 6
19.178 7.4443 2.9 55 29 2
19.15 7.2705 2.7688 52 25 4
19.201 7.2356 2.8056 52 25 6
19.132 7.3272 2.7171 56 23 6
19.186 7.2096 2.9328 56 27 3
19.223 7.2594 2.7162 53 27 0
19.149 7.3336 2.833 52 30 9
19.129 7.2447 2.8594 54 27 10
19.23 7.2841 2.7938 51 28 10
19.224 7.2834 2.7511 52 26 11
19.144 7.3267 2.7983 52 30 6
19.17 7.259 2.8818 60 31 7
19.188 7.3336 2.8294 53 29 17
19.193 7.2147 2.7312 52 25 4
19.197 7.3144 2.8735 57 28 4
19.134 7.2461 2.8972 58 29 7
19.187 7.2738 2.7615 51 27 17
19.276 7.2027 2.757 56 30 13
19.314 7.3007 2.8614 55 31 17
19.306 7.2798 2.7781 52 24 10
19.301 7.3436 2.8121 54 29 6
19.317 7.347 2.9285 50 26 0
19.286 7.2758 2.9055 59 28 7
19.307 7.3716 2.8881 55 29 2
19.275 7.3078 2.8642 54 30 2
19.232 7.3015 2.8273 52 31 14
19.284 7.2238 2.8329 54 26 12
19.236 7.3118 2.8672 53 27 10
19.264 7.3056 2.7808 52 31 4
19.298 7.2941 2.7375 53 26 7
19.251 7.2594 2.9119 58 30 3
19.34 7.2976 2.771 53 28 5
19.289 7.0995 2.7374 49 27 4
19.408 7.4933 2.8902 30 12 0
19.376 7.4133 2.8663 38 13 17
19.385 7.108 2.9101 54 28 5
19.364 7.3856 2.7509 52 32 8
19.401 7.4663 2.8138 32 14 4
19.366 7.5215 2.8918 34 17 0
19.406 7.3512 2.7509 34 14 13
19.375 7.145 2.8635 51 30 3
19.352 7.3568 2.9186 51 24 3
19.356 7.2288 2.821 53 31 7
19.365 7.4179 2.7855 43 21 10
19.388 7.5254 2.7632 42 18 18
19.381 7.1361 2.9081 54 28 5
19.375 7.2777 2.7317 55 25 7
19.412 7.4217 2.8602 33 13 14
19.398 7.4906 2.8106 32 14 4
19.441 7.572 2.9139 20 11 0
19.462 7.5012 2.7139 15 6 0
19.507 7.5281 2.7852 25 13 0
19.491 7.574 2.6951 27 10 3
19.432 7.4367 2.7259 26 11 4
19.617 7.5331 2.7657 5 6 0
19.556 7.4604 2.8237 10 0 0
19.58 7.4873 2.7377 0 0 0
19.61 7.2526 2.8492 0 0 0
19.61 7.5643 2.7222 10 5 1
19.591 7.4191 2.7856 0 0 7
19.571 7.5248 2.6936 1 1 1
19.546 7.4537 2.7504 31 13 0
19.012 7.2678 2.6674 51 24 5
19.003 7.2769 2.6225 51 23 12
19.098 7.2693 2.6923 53 27 4
19.083 7.2801 2.6091 52 26 0
19.116 7.221 2.492 52 26 0
19.126 7.2627 2.6077 56 27 6
19.039 7.2945 2.6118 52 28 2
19.083 7.1912 2.5047 50 26 0
19.104 7.3073 2.5138 49 28 0
19.107 7.3234 2.5547 48 26 3
19.083 7.2788 2.6094 52 26 0
19.088 7.2855 2.6501 53 28 5
19.161 7.3159 2.6317 53 27 4
19.203 7.2647 2.5947 52 27 0
19.216 7.2602 2.6752 53 26 7
19.225 7.2892 2.5021 55 30 0
19.146 7.359 2.5809 53 23 5
19.257 7.2133 2.6383 53 28 5
19.179 7.2951 2.4616 55 30 7
19.117 7.3351 2.6356 53 26 5
19.17 7.3016 2.6752 55 26 4
19.229 7.3332 2.5751 56 31 0
19.211 7.2861 2.6717 53 26 7
19.198 7.3232 2.6225 52 27 0
19.234 7.2747 2.5481 52 31 2
19.19 7.3017 2.5509 54 30 4
19.145 7.232 2.6918 54 28 13
19.137 7.3049 2.4672 54 27 16
19.195 7.2463 2.5152 58 30 1
19.229 7.3359 2.5753 56 31 0
19.185 7.2622 2.469 55 30 7
19.196 7.2401 2.516 58 30 1
19.304 7.3117 2.5253 54 26 0
19.277 7.2788 2.5833 52 26 0
19.244 7.3162 2.6629 53 24 3
19.29 7.4306 2.5423 52 27 7
19.285 7.3038 2.6565 52 23 2
19.33 7.2887 2.6931 54 24 0
19.367 7.2236 2.6179 51 26 6
19.331 7.3461 2.4735 51 26 4
19.294 7.2837 2.7005 55 27 13
19.331 7.2506 2.6606 52 25 6
19.269 7.2582 2.5051 54 30 4
19.275 7.3288 2.6117 53 23 0
19.288 7.1824 2.5616 56 27 5
19.334 7.2004 2.6274 50 23 2
19.331 7.3787 2.5083 53 30 0
19.312 7.2271 2.503 54 25 4
19.346 7.3187 2.5616 53 26 5
19.38 7.3089 2.5168 41 18 0
19.434 7.3849 2.6991 30 18 2
19.379 7.1797 2.6677 54 29 0
19.402 7.4606 2.5215 37 21 0
19.411 7.4369 2.5654 35 16 0
19.412 7.347 2.5075 33 16 8
19.421 7.4368 2.6514 29 12 0
19.371 7.2627 2.6939 53 28 6
19.374 7.427 2.5754 38 15 0
19.361 7.3975 2.4566 52 26 9
19.378 7.4356 2.6174 39 13 0
19.371 7.4071 2.5389 42 15 0
19.374 7.4286 2.5759 38 15 0
19.472 7.5138 2.5004 18 8 0
19.531 7.4071 2.5968 23 7 7
19.523 7.438 2.5522 22 12 0
19.635 7.1486 2.7084 17 4 0
19.643 7.4324 2.6125 1 1 0
19.672 7.4591 2.567 9 6 0
19.792 7.3427 2.651 0 0 0
20.106 7.4279 2.7336 23 9 0
18.592 6.9518 2.4551 92 63 23
19.161 7.2223 2.2719 50 27 9
19.062 7.2529 2.4464 50 25 5
19.05 7.2759 2.3975 49 25 0
19.507 5.5465 2.7416 42 24 4
19.531 5.5369 2.7422 45 24 7
19.13 7.3071 2.425 51 25 2
19.102 7.2533 2.4443 47 26 0
19.52 5.468 2.7404 17 13 2
19.203 7.2756 2.3363 54 30 4
19.217 7.3021 2.4567 54 28 5
19.236 7.2391 2.2606 38 18 11
19.254 7.2738 2.4173 50 25 2
19.21 7.0157 2.373 51 29 5
19.236 7.3402 2.3575 53 26 5
19.217 7.2338 2.3904 56 30 5
19.165 7.3314 2.4114 52 28 2
19.216 7.1758 2.3215 53 31 16
19.207 7.2855 2.3766 56 30 5
19.212 7.296 2.4161 53 26 5
19.245 7.2259 2.2979 53 29 15
19.382 7.1827 2.423 50 29 0
19.358 7.3008 2.3534 53 32 15
19.288 7.3354 2.4403 53 28 5
19.366 7.1743 2.305 47 29 7
19.296 7.2565 2.4163 55 26 2
19.295 7.2274 2.3825 52 28 2
19.278 7.2546 2.2893 51 29 18
19.314 7.4162 2.4206 51 26 4
19.267 7.3542 2.3036 54 32 11
19.322 7.2523 2.329 49 30 16
19.315 7.2616 2.2802 51 29 16
19.342 7.2027 2.4221 53 26 5
19.45 6.8487 2.3938 45 23 8
19.262 7.2646 2.4629 53 31 8
19.347 7.3368 2.3017 50 28 13
19.339 7.3096 2.231 30 18 2
19.315 7.3316 2.3525 54 30 4
19.398 7.4091 2.448 33 15 1
19.39 7.1661 2.4687 55 27 0
19.754 7.624 2.3505 0 0 8
19.154 5.3325 2.5958 108 80 43
19.532 5.6289 2.691 26 13 0
19.529 5.5289 2.7209 21 15 3
19.496 6.111 2.5401 15 11 0
19.462 6.1497 2.5346 21 12 13
19.419 6.2289 2.5122 24 15 8
19.419 7.0302 2.3064 29 20 1
16.732 5.684 1.9354 71 41 23
17.313 5.288 2.1364 67 40 19
16.87 5.6484 1.9099 66 38 7
17.266 5.7321 1.9516 69 45 9
17.261 5.7806 1.9254 72 43 21
16.947 6.0421 1.8623 70 44 19
17.325 5.7674 1.9335 73 42 21
17.004 6.0552 1.8965 76 44 19
17.418 6.0572 1.8997 73 43 19
17.435 6.0237 1.8736 76 46 22
17.767 5.7685 2.0185 76 46 20
17.835 5.6492 2.0876 75 46 14
17.579 5.9881 1.9331 75 46 24
17.393 6.122 1.8222 74 44 20
17.779 5.9715 1.9454 73 45 18
17.421 6.2921 1.8158 74 45 24
17.794 5.9 1.9826 75 45 21
17.588 6.1723 1.9212 74 44 26
17.774 5.9906 1.9712 75 46 22
17.666 6.0649 1.936 74 45 21
17.709 5.9473 1.9574 74 45 23
17.652 6.0813 1.9267 74 45 21
17.546 6.1976 2.0012 73 43 27
17.568 6.1546 1.977 74 44 26
17.774 5.9243 1.969 75 45 21
17.696 6.1424 1.8916 75 44 24
17.969 5.7949 2.0403 75 46 25
17.793 6.1102 1.9879 74 48 21
17.601 6.307 1.9391 75 44 24
17.603 6.2026 2.0368 72 45 24
17.667 6.4487 1.9589 74 47 26
17.864 6.2134 1.9827 74 47 28
17.873 6.0515 1.9816 77 46 25
17.97 6.0244 1.954 79 49 23
17.856 6.1159 1.9076 78 49 25
17.868 6.1916 1.9506 75 49 26
17.875 6.0336 1.9512 77 47 31
17.756 6.217 1.9388 76 50 27
17.695 6.3129 1.9386 78 49 27
17.962 6.0346 1.948 79 49 23
17.896 6.1382 1.9374 77 49 22
17.883 6.1565 1.9278 76 50 25
18 6.1169 1.9421 79 50 29
18.056 6.1011 1.9557 77 51 28
17.729 6.4312 1.9679 78 49 25
17.968 6.1165 1.9851 80 51 29
17.963 6.1851 1.9503 80 52 25
18.057 6.1002 1.9574 77 51 28
17.757 6.4435 1.9174 78 49 28
18.02 6.1836 1.9891 79 50 28
17.838 6.3789 1.8971 80 51 29
17.817 6.2945 1.988 75 48 27
17.888 6.2448 1.9694 79 49 31
17.988 6.0737 1.9638 79 53 28
18.01 6.1826 1.9547 80 51 30
17.773 6.4887 1.8901 78 49 27
17.871 6.5253 1.9642 78 47 26
17.997 6.2664 1.9132 78 49 25
17.948 6.462 1.9424 76 47 25
18.102 6.0952 1.9538 80 51 20
18.126 6.1392 1.9703 79 49 25
17.881 6.5091 1.9703 76 50 27
17.906 6.5078 1.8768 77 51 24
18.125 6.1561 2.0008 80 50 26
18.055 6.3144 2.0575 77 48 24
18.028 6.3574 2.0382 77 48 24
18.192 6.1038 1.9902 78 49 25
18.017 6.2542 1.9581 78 49 25
17.905 6.4543 1.9448 77 47 21
17.886 6.4829 1.9313 77 47 21
18.129 6.2861 1.9451 79 51 22
18.157 6.2249 1.9297 76 47 23
17.984 6.4802 1.939 77 49 22
18.201 6.2568 1.9954 77 48 27
18.184 6.2135 2.0117 78 49 28
17.985 6.4581 1.9005 76 51 21
17.986 6.4387 1.8643 78 48 30
18.109 6.4254 1.9538 77 49 22
18.229 6.1939 1.9869 76 50 23
18.404 5.9711 2.0927 76 49 16
18.145 6.277 1.9851 78 49 28
18.389 6.1298 2.012 77 49 12
18.181 6.3789 1.979 78 50 23
18.078 6.5338 1.8612 78 49 25
18.289 6.2325 1.9613 76 48 21
18.156 6.499 1.9205 77 49 22
18.087 6.5767 1.9758 76 50 23
18.167 6.4986 1.9679 78 50 21
18.246 6.2522 1.9964 78 49 25
18.092 6.5488 1.9387 75 47 18
18.176 6.5424 1.8962 77 48 26
18.46 6.1448 2.0054 78 50 23
18.315 6.3707 1.976 76 48 21
18.432 6.2891 1.9709 79 51 24
18.358 6.3097 2.0441 76 48 21
18.397 6.3759 1.9722 79 48 27
18.384 6.3214 2.0006 78 50 23
18.392 6.2134 2.0104 75 46 25
18.446 6.1888 2.0229 78 47 26
18.326 6.4496 1.9854 78 48 22
18.495 6.1524 1.997 76 47 23
18.368 6.2387 1.9574 77 46 25
18.412 6.571 2.0086 86 57 26
18.303 6.7253 1.9854 81 56 24
18.479 6.358 1.9378 78 50 23
18.336 6.5309 1.9838 78 49 25
18.462 6.498 1.9175 85 58 25
18.594 6.2035 2.0104 81 53 24
18.285 6.7408 1.9401 82 54 25
18.613 6.1637 2.0302 81 53 24
18.612 6.2638 2.0169 90 62 33
18.639 6.3749 1.9641 120 87 46
18.646 6.1734 2.0253 85 57 26
18.607 6.3602 1.9679 105 75 37
18.731 6.2705 2.0478 129 87 37
18.723 6.3602 1.9709 89 64 20
18.726 6.263 2.0196 108 77 33
18.682 6.5201 2.0181 88 60 31
18.591 6.6653 1.997 98 70 43
18.589 6.5109 1.9466 158 121 75
18.629 6.6747 1.9933 82 57 25
18.804 6.2527 2.0204 82 52 26
18.694 6.4716 2.0018 94 67 34
18.738 6.3431 2.0163 90 66 32
18.809 6.3737 2.0388 80 53 20
18.812 6.4643 2.0035 75 46 22
18.594 6.7827 1.9962 83 58 28
18.727 6.6305 2.0149 80 50 24
18.755 6.536 2.0106 80 52 23
18.72 6.5041 1.9791 83 55 26
18.753 6.6684 1.9912 73 47 20
18.681 6.6248 1.9757 80 54 29
18.842 6.3635 2.0028 74 48 25
18.775 6.586 1.9836 75 46 22
18.666 6.6837 1.9907 79 55 21
18.83 6.2981 2.0292 75 50 20
18.933 6.4567 2.0365 66 39 18
18.859 6.5432 1.9597 67 42 20
18.856 6.5764 1.9848 63 41 18
18.821 6.589 2.0234 66 41 18
18.9 6.4058 1.9863 68 39 18
18.827 6.6842 1.9885 63 38 18
18.941 6.4115 2.0205 63 37 10
18.818 6.5533 1.958 69 45 11
18.847 6.4923 2.0265 65 43 20
18.835 6.5062 1.9774 69 45 11
19.022 6.4034 2.0577 64 38 15
19.056 6.3819 2.0254 64 36 5
18.985 6.3869 2.0284 64 37 20
18.986 6.6666 1.9877 64 38 11
18.971 6.5934 2.0157 63 36 15
19.02 6.5276 2.0017 58 31 12
19.136 6.5167 2.044 60 35 15
19.069 6.4802 2.0232 64 37 18
19.106 6.496 2.0529 61 34 15
19.085 6.5502 1.9892 59 36 5
19.143 6.466 2.0249 60 35 5
19.042 6.5997 2.0068 61 36 16
19.145 6.5928 1.9676 61 31 15
19.162 6.5494 2.0298 62 37 17
19.181 6.6426 2.0258 57 34 16
19.175 6.6388 1.9863 63 34 12
19.094 6.7048 2.0029 59 33 10
19.134 6.69 2.0085 61 33 20
19.233 6.3728 2.0633 60 34 11
19.221 6.5925 2.0048 58 33 11
19.323 6.5946 1.9998 63 31 16
19.376 6.7031 1.9904 60 32 3
19.335 6.563 2.0477 60 34 11
19.356 6.6232 2.0227 62 33 12
19.413 6.7144 2.0252 60 33 16
19.449 6.6603 2.0067 55 31 0
19.412 6.6881 1.9963 58 31 12
19.734 6.7833 2.0165 50 31 0
19.725 6.9934 1.9719 50 29 2
19.768 6.7326 2.0333 49 28 7
19.705 6.7493 2.0307 53 35 0
19.835 6.762 2.089 44 22 0
19.865 6.9307 2.0611 35 15 8
16.74 5.5533 1.7465 83 51 12
17.211 5.213 1.9312 79 49 23
17.009 5.4568 1.8714 69 40 9
17.049 5.392 1.9123 76 43 10
17.236 5.2727 1.924 72 42 26
17.155 5.3068 1.9334 73 44 20
17.234 5.2414 1.9481 75 44 23
17.239 5.2702 1.926 72 42 26
17.019 5.4866 1.8509 68 38 12
17.082 5.4303 1.9696 70 42 13
17.071 5.4879 1.8583 69 39 15
17.392 5.2642 1.9467 65 38 19
17.131 5.4798 1.8595 69 41 14
17.468 5.1991 2.1674 69 39 13
17.142 5.4114 1.9455 69 44 0
17.388 5.2433 1.9913 70 40 24
17.411 5.2935 1.9544 66 36 18
17.35 5.3394 1.9207 66 36 18
17.302 5.3887 1.9291 67 38 14
17.266 5.32 1.8964 70 39 18
17.427 5.3641 1.9486 68 42 19
17.24 5.5242 1.8774 67 36 24
17.56 5.214 2.0167 65 34 24
17.425 5.4037 1.9304 65 37 24
17.452 5.3685 1.9127 70 41 10
17.32 5.4236 1.9461 67 37 13
17.311 5.395 1.9659 67 38 14
17.375 5.3926 1.892 69 37 22
17.474 5.3992 1.9288 63 40 22
17.315 5.5954 1.8777 65 39 12
17.425 5.4133 1.9523 66 39 18
17.393 5.478 1.9136 65 39 22
17.412 5.4623 1.9226 65 39 22
17.352 5.5239 1.9218 67 39 8
17.496 5.4185 1.9178 70 41 20
17.485 5.439 1.9356 64 38 11
17.418 5.5207 1.9641 69 41 1
17.53 5.4271 1.9103 66 40 15
17.491 5.5368 1.9531 70 39 8
17.258 5.7543 1.8535 68 40 26
17.314 5.6499 1.8818 69 40 8
17.326 5.7091 1.9268 70 44 4
17.532 5.4642 1.8897 69 40 16
17.476 5.578 1.8916 69 42 23
17.49 5.5243 1.9201 69 40 18
17.451 5.5061 1.8921 69 40 16
17.444 5.5121 1.8887 69 40 16
17.457 5.5136 1.9279 69 40 9
17.473 5.5286 1.8874 71 41 17
17.368 5.688 1.8601 69 40 8
17.343 5.6941 1.9364 70 44 4
17.268 5.7023 1.8847 69 45 9
17.462 5.5779 1.8537 67 42 19
17.66 5.3914 1.9423 69 39 21
17.236 5.7448 1.9038 70 41 7
17.229 5.6955 1.8976 65 40 17
17.29 5.8439 1.8871 74 45 14
17.53 5.5841 1.9287 71 42 8
17.417 5.7148 1.9311 73 43 19
17.527 5.628 1.8978 74 44 16
17.72 5.4639 1.9312 77 47 19
17.672 5.5345 1.9616 75 43 4
17.481 5.6124 1.9875 70 42 13
17.324 5.8588 1.8786 73 44 10
18.143 5.1539 2.3028 73 43 15
17.648 5.6823 1.9884 74 43 12
17.477 5.7769 1.8473 74 42 19
17.785 5.5487 1.9511 78 46 25
17.817 5.5044 1.9454 79 48 27
18.2 5.1312 2.3153 73 44 13
17.524 5.6871 1.9022 71 43 14
17.505 5.7364 1.8314 74 43 15
18.169 5.162 2.2981 73 44 13
17.721 5.5038 1.9064 79 49 25
17.738 5.5005 1.948 76 45 25
17.519 5.7833 1.8477 75 44 13
17.901 5.4173 2.1103 74 45 23
17.733 5.5466 1.92 79 49 25
17.786 5.5314 2.0408 75 46 24
17.643 5.6465 1.8898 73 46 25
17.985 5.3341 2.1621 74 45 23
17.651 5.6388 1.8949 73 46 25
17.603 5.8684 1.8784 76 46 22
17.759 5.6632 1.887 79 43 27
17.836 5.6267 1.9072 76 46 22
17.728 5.6776 1.9575 77 42 22
17.629 5.7649 1.8588 75 44 14
17.61 5.8123 1.9127 76 44 23
17.802 5.6438 1.9731 74 43 13
17.616 5.8207 1.951 75 44 23
17.767 5.6677 1.9209 77 47 23
17.704 5.6563 1.9629 76 45 1
17.718 5.6288 1.9406 78 44 7
17.759 5.7841 1.8928 77 47 11
17.783 5.7101 1.9343 74 45 13
17.791 5.7154 1.9724 75 46 22
17.758 5.7856 1.8929 77 47 11
17.881 5.6237 1.9118 76 43 24
17.974 5.5661 1.9476 76 45 24
17.868 5.7247 1.9678 73 42 22
17.975 5.6114 1.9225 75 44 24
17.847 5.6738 1.9195 76 44 21
17.808 5.7642 1.8606 73 42 24
17.446 6.0501 1.8156 71 43 4
17.83 5.6459 1.9305 77 46 26
17.847 5.7348 1.9197 74 42 27
18.013 5.614 1.9251 76 45 25
17.967 5.7557 1.9473 73 43 19
17.998 5.6315 1.9146 76 45 25
17.683 5.9622 1.9109 73 42 22
17.815 5.8616 1.9623 70 41 10
17.928 5.6912 1.9488 73 45 8
17.995 5.6606 1.9681 74 46 19
17.855 5.8659 1.962 74 44 10
17.943 5.7704 1.9008 76 46 18
17.771 5.8483 1.9348 72 43 9
17.991 5.6064 1.9645 74 41 22
17.858 5.7982 1.9612 74 45 23
18.033 5.6032 1.9654 76 43 24
17.997 5.6584 1.9688 74 46 19
17.997 5.8499 1.9755 76 45 27
17.825 6.0249 1.9135 77 46 25
18.149 5.6664 1.9638 84 53 32
17.95 5.8037 1.9978 74 45 21
18.073 5.726 1.9661 79 50 26
18.079 5.7052 1.9403 79 48 28
18.071 5.6656 1.9607 77 50 17
17.887 5.8651 1.9208 73 43 29
18.067 5.6571 1.9338 79 48 30
17.984 5.8511 1.9335 79 49 23
18.186 5.6083 1.9714 83 53 35
17.926 5.9533 1.9542 76 46 20
18.109 5.7301 1.9627 82 52 24
18.006 5.7584 1.9447 76 46 20
17.971 5.829 1.9843 78 48 22
18.178 5.5689 1.9891 79 50 29
17.942 5.8513 1.9326 77 48 27
18.034 5.9087 1.9354 83 56 37
18.157 5.7717 1.9393 95 67 40
17.984 5.9338 1.9649 78 49 17
18.008 5.9288 1.8858 87 57 29
18.008 5.8889 1.9485 78 50 23
18.185 5.6692 1.9609 85 58 25
18.319 5.5925 2.0137 109 82 49
17.894 6.109 1.868 81 52 20
18.139 5.7959 1.9254 95 67 40
18.139 5.8094 1.9553 89 61 30
18.072 5.9297 1.9672 82 51 20
18.173 5.6987 1.9821 88 57 29
18.202 5.7648 1.9438 100 72 43
17.953 5.9448 1.8758 83 52 24
18.252 5.5712 1.9906 86 57 35
18.27 5.6082 2.0011 98 70 43
18.093 5.8858 1.9498 82 56 31
18.145 5.942 1.9556 81 53 26
17.996 6.0478 1.9401 78 51 18
18.175 5.8432 2.0108 82 56 31
18.063 6.0735 1.9254 79 50 19
18.163 5.9018 1.9425 89 60 29
18.176 5.8845 1.9523 89 60 29
18.343 5.7279 2.11 79 48 27
18.215 5.8144 1.9536 95 69 29
18.215 5.9004 1.9776 83 54 32
18.322 5.7584 1.9493 89 62 29
18.253 5.7478 1.9546 100 72 45
18.268 5.7812 1.9365 94 63 33
18.17 5.8221 1.9498 93 65 36
18.333 5.6748 1.9643 110 79 49
18.086 5.9825 1.9766 81 52 30
18.229 5.8649 1.9609 85 55 21
18.172 5.8477 2.0085 82 56 31
18.164 5.8456 1.9774 84 58 35
18.331 5.6272 1.9958 138 106 68
18.213 5.9616 1.9473 79 50 26
18.346 5.7781 1.9379 83 53 25
18.208 5.9544 1.9114 82 53 29
18.326 5.8075 1.9205 83 53 25
18.171 6.1195 1.9432 77 49 22
18.33 5.8894 1.9494 78 50 23
18.343 5.8843 1.9901 78 49 28
18.167 6.0465 1.9447 80 50 24
18.152 6.0832 1.9542 77 48 24
18.339 5.8329 2.0183 79 51 24
18.444 5.7416 1.9619 81 50 30
18.313 5.7847 1.9716 86 56 32
18.326 5.8518 2.0077 80 51 29
18.266 5.9573 1.9867 78 48 24
18.253 5.9778 1.976 78 48 24
18.44 5.6926 1.9907 79 53 30
18.326 5.8231 1.9487 82 53 31
18.413 5.7473 1.9933 79 50 26
18.328 5.8336 1.9797 82 53 22
18.425 5.9217 1.931 75 45 21
18.368 5.984 1.9705 78 48 20
18.346 6.0359 1.9798 77 48 8
18.448 5.8999 1.9822 75 45 19
18.398 5.9185 1.9701 76 46 22
18.416 5.8749 1.9559 76 48 21
18.494 5.7345 2.0014 77 48 27
18.49 5.7987 1.9642 76 45 27
18.254 6.0554 1.9782 77 46 25
18.384 5.8651 1.9629 76 47 25
18.242 6.0579 1.9329 77 50 17
18.375 5.8646 1.9259 77 49 20
18.346 5.9407 1.9602 77 46 25
18.496 5.7172 1.976 80 51 29
18.438 5.996 1.9662 75 46 24
18.519 5.9703 1.9413 78 48 12
18.564 5.8103 1.9947 75 46 22
18.474 5.9996 1.9631 74 46 9
18.522 5.821 1.9882 76 46 20
18.567 5.8535 1.9346 77 47 23
18.437 5.9822 1.9352 73 45 18
18.398 6.0976 1.9899 76 44 21
18.517 5.9088 1.9748 74 43 12
18.414 5.9724 1.9782 75 46 25
18.569 5.7874 1.9729 78 49 28
18.544 5.911 1.9382 77 47 21
18.432 6.1072 1.981 76 49 16
18.564 5.7349 1.9996 76 48 21
18.505 6.1334 2.0058 76 47 23
18.512 6.1024 1.9866 74 45 23
18.619 5.9216 1.9681 76 48 19
18.593 5.9182 2.0054 78 48 22
18.647 5.8522 1.969 74 46 15
18.529 6.055 1.9701 78 47 26
18.654 5.9221 1.9675 75 46 25
18.609 5.9883 2.0422 76 48 17
18.59 6.009 1.9942 72 46 21
18.452 6.1254 1.9358 75 45 17
18.648 5.7855 2.0066 75 47 18
18.566 6.089 2.0281 76 47 15
18.506 6.011 1.9559 74 46 9
18.589 5.9955 1.9646 76 46 20
18.483 6.0518 1.9344 74 44 6
18.578 5.9299 1.9648 77 48 24
18.656 5.9032 1.9443 76 47 23
18.746 5.7926 2.0047 76 46 30
18.742 5.8857 1.9888 75 49 26
18.659 6.0163 1.9902 77 50 15
18.633 6.1039 2.0206 79 50 18
18.553 6.1893 1.9763 77 51 10
18.645 5.9575 1.9838 74 44 16
18.651 6.1265 1.9687 77 51 26
18.676 6.0576 1.9677 80 50 16
18.559 6.1607 1.9534 76 47 26
18.632 5.9985 1.9984 75 47 20
18.709 5.971 1.9772 78 48 24
18.756 5.9297 1.9641 80 52 23
18.663 5.9914 1.9664 77 48 24
18.674 6.003 2.03 77 50 13
18.755 5.9311 1.9621 80 52 23
18.568 6.1425 1.9617 76 47 26
18.681 5.9398 1.9584 77 48 24
18.701 6.1978 1.9755 90 63 30
18.675 6.1565 1.9609 83 55 28
18.798 5.988 1.9352 80 51 27
18.814 5.97 1.9783 82 53 31
18.72 6.0404 1.9794 82 53 22
18.593 6.2683 1.941 82 52 26
18.786 6.067 1.9986 83 53 25
18.729 6.1155 1.9768 84 59 29
18.681 6.1785 2.0215 93 66 29
18.675 6.2742 1.9725 97 69 29
18.659 6.225 1.9985 93 66 29
18.766 6.0161 1.9891 81 52 20
18.69 6.0863 1.9156 79 49 23
18.609 6.4237 1.9009 99 71 32
18.789 6.0444 1.9725 77 51 24
18.779 6.0845 1.9913 83 53 25
18.879 5.8806 1.9926 80 50 26
18.776 5.9777 1.9723 80 52 23
18.686 6.1496 1.998 89 60 26
18.811 5.8839 1.9897 79 48 28
18.779 5.9715 1.9748 80 52 23
18.825 6.0578 2.0058 85 56 22
18.829 6.0839 2.0635 90 62 25
18.843 6.0991 1.9816 79 52 9
18.815 6.0359 2.0885 98 70 39
18.839 6.0088 1.9923 76 51 21
18.857 6.0833 2.0284 83 56 23
18.759 6.1482 1.9948 89 62 29
18.918 5.9623 1.9803 73 46 25
18.909 5.9028 2.0148 78 49 25
18.811 6.216 2.0011 81 53 24
18.88 5.8933 2.0197 78 49 27
18.909 6.0004 1.9961 74 45 23
18.898 6.0654 2.0359 76 47 23
18.887 6.0752 1.9946 73 49 13
18.74 6.28 1.933 87 59 32
18.995 6.0739 2.0268 73 45 14
18.902 6.1425 1.9998 75 46 25
18.851 6.3183 1.984 72 45 10
18.916 6.0871 1.988 73 46 13
18.9 6.1683 2.0181 70 44 19
18.919 6.2309 2.0275 70 43 10
18.898 6.1725 2.0151 70 44 19
18.943 5.9994 1.9975 71 46 16
18.919 6.209 1.9998 70 46 18
19.019 5.8661 2.0347 74 47 26
18.966 6.0436 2.0103 72 44 13
18.947 6.1154 2.0066 71 44 9
18.822 6.2975 1.9952 78 48 20
18.844 6.2212 1.9977 77 49 22
19.018 5.9726 2.008 70 44 17
19.017 5.9951 2.031 70 45 13
18.974 6.004 1.9955 77 48 16
18.95 5.9639 1.9831 75 46 22
19.071 6.0421 2.0439 66 38 9
18.976 6.2862 2.0369 64 39 17
19.022 6.07 1.9946 69 40 16
19.027 6.1933 2.0077 66 40 0
18.96 6.191 2.008 70 41 19
19.109 5.9829 2.0078 66 40 23
18.948 6.2466 2.018 70 40 14
19.042 5.9956 1.9993 68 42 17
18.97 6.2618 1.9737 67 40 19
18.964 6.3003 1.9951 65 37 10
19.032 6.1992 2.0388 66 38 11
19.054 6.0734 1.9955 68 40 11
18.992 6.3445 2.0128 64 37 4
19.076 6.1042 1.9783 66 40 13
19.068 6.129 1.9654 66 40 13
19.027 6.0761 2.0276 70 41 20
19.081 5.9727 2.0112 68 43 23
19.111 6.1154 2.008 63 38 15
19.048 6.2556 2.0108 65 39 12
19.082 6.2523 2.0127 64 41 10
19.126 6.1925 2.0052 63 35 4
19.154 6.0565 2.003 66 40 17
19.14 6.0015 2.03 62 36 9
19.107 6.279 2.0011 64 36 5
19.049 6.3835 1.9894 64 37 2
19.189 6.0444 2.0088 61 37 3
19.135 5.9994 1.9997 66 36 22
19.11 6.1399 2.0321 66 37 3
19.064 6.1832 2.0117 67 38 4
19.074 6.1317 1.9998 65 36 2
19.191 6.0559 2.0362 65 36 14
19.15 6.0916 2.0189 62 35 14
19.13 6.3388 2.0087 61 34 15
19.211 6.0959 2.0159 64 34 20
19.221 6.2192 2.0256 62 35 0
19.15 6.2459 2.0151 62 36 0
19.246 6.0566 2.0066 61 34 15
19.065 6.4487 1.965 62 37 7
19.164 6.3622 2.0326 63 36 1
19.214 6.2233 1.9867 61 31 7
19.178 6.2411 1.98 65 37 0
19.168 6.3232 2.0141 61 36 16
19.204 6.3104 2.0165 60 33 12
19.077 6.4285 2.0046 61 35 10
19.142 6.2511 1.977 65 35 7
19.218 6.049 2.0068 64 39 9
19.176 6.2688 2.0045 62 34 3
19.121 6.3945 2.0173 65 35 11
19.178 6.2387 1.9826 65 37 0
19.233 6.1273 2.0026 63 34 10
19.221 6.373 1.9891 61 32 8
19.314 6.0487 2.0374 63 38 16
19.346 6.0583 2.0659 62 34 3
19.217 6.4137 2.0102 61 32 10
19.278 6.2229 1.9856 61 35 8
19.301 6.3071 2.0198 60 36 0
19.25 6.1841 1.9721 62 35 18
19.249 6.4186 2.0106 58 32 9
19.305 6.262 2.0036 60 31 0
19.237 6.2834 1.9952 61 34 0
19.244 6.465 2.0193 59 34 11
19.264 6.3296 2.0101 62 32 8
19.286 6.2121 2.0281 61 35 10
19.34 6.0604 2.0295 57 31 16
19.181 6.4234 2.0063 61 35 8
19.253 6.1702 1.9786 62 35 18
19.239 6.2766 1.9982 61 34 0
19.239 6.2525 1.9719 60 34 7
19.41 6.1969 2.0312 63 33 15
19.369 6.2245 1.9838 62 36 21
19.361 6.3468 2.0304 63 32 12
19.34 6.2717 2.0323 61 35 12
19.304 6.6618 1.9317 59 32 11
19.309 6.4687 2.0167 58 32 9
19.331 6.338 2.0362 57 35 14
19.387 6.3445 1.999 60 31 0
19.377 6.2373 2.0472 62 33 1
19.383 6.1824 2.038 63 36 3
19.291 6.3802 2.0159 59 35 9
19.361 6.0955 2.0146 60 33 12
19.396 6.067 2.0292 66 37 5
19.29 6.4043 2.0484 59 35 0
19.335 6.2656 2.0007 60 31 10
19.359 6.1318 2.03 63 33 15
19.474 6.1621 2.0497 63 37 10
19.495 6.2123 2.0205 64 38 11
19.4 6.3599 2.0967 63 34 3
19.382 6.3672 1.9885 60 31 0
19.495 6.2159 2.0193 64 38 11
19.42 6.3573 2.0297 61 34 1
19.46 6.3051 2.0468 62 36 11
19.436 6.2442 2.0463 62 34 5
19.377 6.4506 2.0226 62 31 13
19.458 6.3474 2.0596 58 33 3
19.429 6.2528 2.0053 64 35 13
19.429 6.2246 1.9829 64 38 15
19.46 6.2769 2.0252 65 36 4
19.457 6.3571 2.0564 58 33 3
19.518 6.0406 2.0726 60 34 11
19.43 6.5437 2.0153 61 33 2
19.494 6.2485 2.0352 61 35 8
19.386 6.3791 2.0167 61 31 3
19.463 6.1987 1.999 61 35 10
19.5 6.4664 2.0095 59 31 0
19.51 6.3642 2.022 63 34 3
19.522 6.2518 2.0369 63 36 3
19.495 6.5739 2.035 58 35 4
19.55 6.2615 2.0327 61 33 4
19.548 6.3097 2.0394 63 36 15
19.577 6.2733 2.027 60 35 5
19.483 6.4083 2.0746 58 33 1
19.488 6.3195 2.0372 64 35 13
19.539 6.3086 1.9733 58 33 10
19.46 6.5241 1.9871 63 34 2
19.533 6.4516 2.0188 59 34 2
19.575 6.2913 2.0195 60 35 5
19.587 6.1592 2.0468 60 33 12
19.526 6.1992 2.0251 62 38 12
19.595 6.4378 2.0182 56 33 2
19.625 6.4321 2.0187 57 34 3
19.568 6.3782 2.0149 60 35 3
19.599 6.3626 2.0173 58 33 13
19.637 6.2413 2.0381 55 30 8
19.612 6.216 2.0513 62 35 16
19.567 6.4241 2.0257 55 34 3
19.608 6.2219 2.0141 59 34 11
19.588 6.5371 2.011 57 34 3
19.636 6.2974 2.0437 55 32 16
19.69 6.4124 2.06 54 33 4
19.683 6.4384 2.015 59 30 8
19.658 6.351 2.0203 60 33 16
19.727 6.1566 2.0764 58 34 8
19.649 6.5315 2.0116 58 29 7
19.668 6.7607 1.986 54 32 9
19.688 6.3397 2.0224 58 32 15
19.664 6.3351 2.0617 57 31 4
19.718 6.314 2.0338 55 29 15
19.728 6.2424 2.1 55 30 8
19.672 6.4708 1.9312 55 31 5
19.736 6.6845 2.0148 52 30 17
19.743 6.5182 2.0462 51 31 0
19.797 6.3832 2.0016 51 29 8
19.741 6.3808 2.0045 58 33 1
19.771 6.3458 2.0181 57 27 9
19.705 6.6896 2.0151 55 29 4
19.736 6.5177 1.9766 53 31 8
19.766 6.693 2.014 49 26 20
19.768 6.5893 2.0161 55 30 0
19.766 6.5597 1.991 57 30 9
19.709 6.5854 2.0189 54 29 6
19.745 6.4293 2.0504 50 29 0
19.883 6.5277 1.9998 52 32 21
19.829 6.7217 2.0327 53 28 23
19.796 6.6205 2.003 58 30 0
19.829 6.3716 2.0379 52 30 17
19.882 6.4044 2.0214 54 32 8
19.825 6.3642 2.0082 58 32 7
19.831 6.5837 2.0474 53 28 0
19.856 6.3797 2.0336 49 29 4
19.801 6.6073 2.0401 54 31 0
19.854 6.3174 2.0303 56 33 15
19.939 6.428 2.0415 51 30 0
19.913 6.3622 2.0718 51 25 10
19.886 6.524 2.0378 52 25 6
19.942 6.5498 2.0252 51 29 8
19.908 6.4957 1.9783 58 28 10
19.913 6.372 2.0679 51 25 10
19.945 6.6755 2.0107 54 26 12
19.963 6.4082 2.0166 60 35 15
19.936 6.373 2.034 56 34 10
19.966 6.461 2.0309 53 32 11
19.913 6.5801 2.0131 52 26 0
20.006 6.6587 2.0437 55 31 3
20.018 6.3242 2.0789 55 30 10
19.977 6.7736 2.0042 47 26 0
20.024 6.4619 2.0536 51 32 0
20.028 6.5454 2.0566 54 28 13
19.974 6.6444 2.0133 50 27 11
20.047 6.4686 2.0192 50 29 8
20 6.5298 2.0638 55 30 0
19.998 6.5238 2.0279 53 27 12
19.993 6.3653 2.0628 50 27 9
19.97 6.614 1.996 51 29 8
20.099 6.3366 2.1351 55 28 17
20.092 6.7237 2.018 51 28 0
20.056 6.5545 2.046 57 30 13
20.051 6.4954 2.0393 51 29 6
20.066 6.2618 2.1076 53 25 14
20.116 6.6197 2.0517 53 33 0
20.096 6.3721 2.0559 55 29 14
20.082 6.5424 2.0538 50 28 7
20.178 6.7352 2.0007 53 30 12
20.153 5.9715 2.3586 49 28 0
20.2 6.6926 1.9842 55 28 11
20.137 6.4641 2.1421 50 29 0
20.143 6.6057 2.0502 48 32 7
20.169 6.5579 2.1064 49 23 9
20.154 6.4493 2.0526 55 29 12
20.175 6.6797 2.0224 53 30 12
20.15 7.2288 1.8431 52 31 0
20.174 6.7159 1.9757 55 29 12
20.176 6.6991 2.0163 53 30 12
20.203 6.6878 2.0172 52 28 14
20.22 6.5649 2.068 51 29 14
20.222 6.5552 2.1005 49 30 0
17.347 5.2156 1.931 70 40 26
17.371 5.1558 1.9396 72 42 24
17.028 5.3682 1.8057 74 41 22
17.377 5.2283 1.927 69 40 19
17.324 5.1991 1.9401 65 38 21
17.515 5.1492 1.9544 68 40 26
17.534 5.1892 1.9954 67 36 24
17.496 5.2079 1.9502 64 36 23
17.5 5.1928 1.9242 69 39 25
17.645 5.1266 1.9099 67 36 26
17.503 5.1471 1.9202 67 40 23
17.584 5.1192 1.9442 71 40 19
17.656 5.0982 1.9687 67 39 25
17.649 5.1796 1.9462 69 40 18
17.675 5.1902 1.9347 69 40 19
17.664 5.1559 1.9264 68 39 5
17.513 5.2614 1.9111 65 36 15
17.596 5.2431 1.9685 62 39 23
17.59 5.2697 1.909 65 41 15
17.553 5.2652 1.9135 69 40 8
17.56 5.2146 1.9144 67 41 24
17.498 5.2495 1.9513 69 40 19
17.521 5.2664 1.9443 65 39 14
17.572 5.2268 1.9743 65 39 14
17.601 5.1712 1.9086 67 36 18
17.57 5.3087 1.9533 68 39 17
17.744 5.1678 1.9545 69 40 19
17.753 5.2396 1.9422 69 42 23
17.633 5.316 1.9127 68 38 22
17.609 5.3019 1.9291 67 38 16
17.674 5.2376 1.9425 67 39 2
17.716 5.2131 1.8868 68 41 6
17.64 5.3229 1.9509 69 42 21
17.811 5.1797 1.9525 66 37 15
17.747 5.2111 1.9618 69 39 23
17.786 5.1665 1.9584 64 38 11
17.595 5.3244 1.9468 67 44 13
17.784 5.1689 1.9566 64 38 11
17.59 5.2818 1.9401 67 38 16
17.732 5.3531 1.9354 72 40 28
17.864 5.248 1.9416 69 42 21
17.881 5.2223 1.9266 70 40 12
17.64 5.3966 1.9002 69 39 23
17.656 5.3454 1.9352 69 44 12
17.798 5.2364 1.9457 65 43 20
17.718 5.2808 1.9456 71 43 16
17.791 5.289 1.9463 71 42 21
17.843 5.2086 2.0042 70 40 22
17.785 5.4308 1.9217 80 49 28
17.879 5.2466 1.98 68 40 26
17.759 5.3656 1.9268 72 43 21
17.91 5.2547 1.9772 72 43 21
17.83 5.3765 1.9243 76 47 26
17.723 5.3989 1.9024 72 43 21
17.735 5.439 1.9146 79 47 26
17.904 5.2956 1.9457 75 42 27
17.849 5.2981 1.9056 68 42 19
17.819 5.3481 1.9388 73 43 19
17.896 5.4034 1.9458 82 50 29
17.897 5.3903 1.9179 82 49 32
17.923 5.3157 1.9373 80 50 26
17.919 5.4188 1.9312 81 48 33
18.079 5.2263 1.9685 106 65 43
17.851 5.3951 1.912 81 51 25
17.833 5.4369 1.9555 80 50 22
17.846 5.4115 1.9346 80 48 23
17.99 5.2873 1.9559 89 56 25
18.04 5.2275 1.9631 90 54 32
18.118 5.2242 1.974 98 60 31
17.974 5.3405 1.9162 90 58 33
17.908 5.4184 1.8999 81 49 26
17.842 5.4156 1.9331 80 48 23
17.982 5.2954 1.9512 89 56 25
18.052 5.352 1.9509 82 51 23
17.965 5.4129 1.9376 82 50 27
18.024 5.4054 1.9855 78 46 25
18.056 5.3356 1.9244 87 53 16
18.054 5.3105 1.9781 82 50 29
17.887 5.5603 1.9117 78 46 25
18.101 5.3408 1.9629 79 49 25
18.052 5.3516 1.9519 82 51 23
17.942 5.4085 1.9769 79 46 27
18.094 5.2585 1.9815 87 55 34
18.029 5.3863 1.9582 80 48 25
18.167 5.2581 1.9849 83 49 22
18.046 5.4109 1.9488 79 44 24
18.036 5.5311 1.9415 74 41 22
18.009 5.5164 1.9462 76 46 22
18.143 5.3868 1.9654 77 48 27
18.076 5.407 1.9144 79 48 27
18.188 5.3654 1.9482 75 46 22
18.058 5.4498 1.9553 74 42 17
17.97 5.503 1.9185 78 46 25
18.191 5.3107 1.9508 74 45 24
18.184 5.2782 1.9706 75 45 17
18.104 5.4414 1.9631 77 46 26
18.019 5.4621 1.9774 76 45 24
18.153 5.3642 1.9473 76 47 25
18.032 5.4663 1.9077 75 44 23
18.161 5.4078 1.9527 77 48 27
18.083 5.5784 1.9465 75 49 24
18.068 5.5964 1.9334 75 49 24
18.196 5.4651 1.952 77 48 26
18.088 5.5146 1.9506 74 48 21
18.224 5.3771 1.9732 76 46 20
18.228 5.3619 1.9533 74 45 23
18.237 5.404 1.9578 76 45 24
18.116 5.4706 1.9421 76 45 24
18.175 5.5014 1.9593 78 46 31
18.174 5.5152 1.9852 75 46 24
18.287 5.3875 1.97 78 49 28
18.271 5.3955 1.9312 75 45 11
18.127 5.515 1.9519 77 47 21
18.28 5.342 1.9663 74 43 23
18.163 5.46 1.9513 77 46 28
18.19 5.5291 1.943 76 48 19
18.25 5.5139 1.99 82 51 33
18.266 5.4239 1.9748 75 48 27
18.292 5.436 1.9706 77 52 32
18.19 5.5428 1.9712 76 47 25
18.281 5.438 1.9368 77 46 28
18.348 5.3448 1.9714 75 46 25
18.342 5.407 1.9622 79 50 26
18.296 5.5021 1.9992 86 57 35
18.387 5.3932 1.9686 78 50 21
18.327 5.4366 1.9689 79 50 29
18.286 5.5019 1.9622 82 53 29
18.261 5.5003 1.9996 82 51 33
18.246 5.5068 1.9626 81 51 27
18.456 5.3477 2.0029 86 56 28
18.312 5.5407 2.0083 98 70 39
18.405 5.4274 1.9805 88 62 37
18.42 5.4408 1.9408 91 62 31
18.337 5.4833 1.9792 88 58 34
18.371 5.4272 1.9828 85 54 36
18.378 5.6638 1.9718 90 65 35
18.411 5.6024 1.9734 101 74 39
18.501 5.4956 1.975 89 61 34
18.519 5.4569 1.9652 86 58 31
18.469 5.5556 1.9714 93 65 34
18.268 5.7524 1.8801 167 127 66
18.578 5.4811 1.9875 78 52 27
18.463 5.698 1.9528 75 49 26
18.569 5.5595 1.9681 79 47 32
18.499 5.5892 2.0185 81 55 30
18.505 5.6059 1.9389 79 50 29
18.458 5.6385 1.9539 84 55 34
18.556 5.452 1.9734 82 52 26
18.486 5.6493 1.9482 79 48 27
18.519 5.5322 1.9865 83 54 32
18.585 5.5225 1.9642 79 49 25
18.408 5.6729 1.9654 85 59 36
18.531 5.5022 1.9721 83 54 33
18.414 5.6506 1.9449 91 61 35
18.562 5.6384 1.9536 76 47 16
18.537 5.6937 1.9558 76 45 24
18.655 5.5148 1.9686 74 43 23
18.552 5.5997 1.9787 76 50 23
18.487 5.789 1.9331 77 48 14
18.658 5.5224 1.9947 74 45 24
18.596 5.6525 1.9822 74 44 20
18.568 5.6149 1.9358 76 46 22
18.594 5.642 1.9524 75 46 24
18.506 5.6869 1.9592 79 50 29
18.641 5.4851 1.9857 73 42 24
18.563 5.7218 1.9731 76 47 25
18.676 5.5473 1.9829 74 47 26
18.685 5.5187 1.9682 74 44 20
18.652 5.6732 1.9732 71 44 25
18.68 5.6987 1.991 74 45 23
18.777 5.5383 1.9895 70 41 17
18.587 5.7263 1.939 72 43 21
18.64 5.6225 1.9688 76 47 26
18.597 5.7247 1.9751 77 49 22
18.729 5.5121 2.0069 75 46 25
18.724 5.5755 1.9665 73 43 25
18.718 5.6143 2.0055 73 44 22
18.671 5.6259 1.968 75 46 22
18.644 5.7028 1.9875 75 46 25
18.712 5.6114 1.9756 75 46 25
18.657 5.6645 1.9779 71 44 25
18.731 5.5766 1.9976 75 46 25
18.738 5.6228 1.9698 71 45 22
18.749 5.6174 2.0051 74 45 23
18.802 5.6243 1.9727 71 44 25
18.696 5.7943 1.9323 75 46 25
18.811 5.561 2.0424 75 46 22
18.6 5.8593 1.9322 72 46 23
18.788 5.5902 1.9912 74 45 21
18.723 5.6938 2.0252 76 46 18
18.851 5.5143 2.0085 70 41 9
18.802 5.6527 2.0195 75 45 21
18.788 5.6805 2.0027 75 45 21
18.684 5.8336 1.9477 72 45 10
18.818 5.6072 2.0139 70 44 21
18.717 5.6901 1.9944 75 46 22
18.789 5.5743 1.9683 72 42 16
18.749 5.8565 1.9688 74 48 23
18.828 5.7439 1.9999 74 48 23
18.803 5.7143 1.9842 71 46 24
18.86 5.6631 2.0155 78 50 21
18.795 5.7158 1.9503 75 47 18
18.85 5.7365 1.9387 77 48 26
18.857 5.655 1.9865 73 46 27
18.777 5.7175 2.016 73 47 24
18.891 5.6328 1.9681 75 44 26
18.836 5.619 1.9757 71 46 24
18.767 5.804 1.9672 73 47 22
18.85 5.6536 1.955 74 45 24
18.851 5.7495 1.9657 76 46 28
18.833 5.7489 2.0305 74 48 23
18.816 5.7847 2.0098 74 48 23
18.796 5.8996 1.9461 76 50 27
18.784 5.9099 1.904 73 47 22
18.949 5.5882 2.0277 76 47 25
18.889 5.7511 1.9974 75 47 18
18.888 5.8422 1.9813 78 49 27
18.897 5.8058 1.9654 74 48 25
18.929 5.7172 1.9843 73 46 27
18.913 5.6817 2.0031 72 46 23
18.971 5.6907 1.9997 73 44 22
19.01 5.5844 2.0316 73 44 22
18.912 5.6555 1.9561 69 42 23
18.852 5.849 1.9748 75 49 24
18.965 5.6182 2.0129 71 45 22
18.958 5.7535 2.0288 76 50 23
19.064 5.682 2.0095 76 48 17
18.95 5.864 2.001 74 48 21
18.956 5.7997 1.9364 73 46 25
18.971 5.7797 1.9831 71 45 20
18.995 5.8125 1.9982 71 46 26
19.072 5.6454 1.999 74 47 14
19.067 5.5854 2.0337 73 46 25
19.002 5.6723 1.9797 71 44 23
18.897 5.9147 1.972 77 49 22
18.968 5.8989 1.9835 74 48 25
19.002 5.7801 1.9853 74 45 23
19.023 5.7106 1.9904 73 47 24
18.951 5.7527 1.9968 76 48 21
18.948 5.7591 1.9928 76 48 21
18.986 5.7593 2.0266 75 47 20
19.08 5.8335 1.9838 73 44 20
19.077 5.8225 1.9598 71 46 26
19 6.0044 1.9606 71 42 21
19.069 5.7785 2.0171 71 45 18
19.038 5.8466 1.9451 72 45 24
19.069 5.8807 1.9921 72 43 21
19.035 5.8903 1.9891 74 45 23
19.011 5.8366 1.9524 72 47 17
19.131 5.6552 2.0247 73 45 16
19.046 5.7766 2.0522 74 45 21
19.039 5.7794 2.0166 75 47 18
19.145 5.6971 1.9992 72 43 19
19.092 5.6838 2.0069 75 49 26
19.124 5.9175 2.0067 66 39 18
19.154 5.7905 2.0129 70 40 22
19.16 5.7533 2.0003 68 43 13
19.106 5.8619 2.0031 68 43 21
19.169 5.8518 2.0097 65 39 14
19.088 5.896 1.9513 69 43 20
19.169 5.8341 1.9866 67 42 22
19.068 5.9033 2.0127 69 42 21
19.144 5.7162 2.02 70 46 20
19.068 5.9928 1.9651 67 40 19
19.154 5.8082 2.0316 68 43 13
19.192 5.7427 2.0078 67 40 19
19.233 5.8148 1.9984 64 38 21
19.265 5.8188 2.0304 63 36 15
19.177 5.942 1.9952 65 39 12
19.148 5.9363 1.9996 66 40 17
19.241 5.7874 2.014 64 38 21
19.207 5.9624 2.0166 65 38 17
19.255 5.7221 2.019 64 36 5
19.203 5.9333 1.966 63 37 14
19.269 5.7865 2.0143 62 35 18
19.274 5.7512 2.0033 60 36 0
19.215 5.7986 2.0408 65 39 16
19.208 5.8027 2.0061 61 38 20
19.23 5.7134 2.0234 64 39 7
19.17 5.9848 2.0044 67 35 20
19.257 5.9965 2.0001 64 38 13
19.297 5.7874 2.0154 61 35 18
19.324 5.7883 2.0135 61 34 13
19.331 5.8916 1.9882 61 35 12
19.273 5.9149 2.0099 62 36 9
19.314 5.7046 2.0316 63 34 13
19.313 5.849 2.0137 62 36 19
19.302 5.9572 2.05 61 35 18
19.227 5.997 1.9992 64 37 16
19.303 5.9081 2.0128 64 35 11
19.248 5.9003 2.0158 63 38 8
19.29 5.9795 2.0091 62 35 14
19.352 5.7857 2.0164 64 35 11
19.282 5.8625 2.0044 63 35 21
19.27 5.9272 2.0037 62 36 9
19.381 5.9136 1.9776 61 34 0
19.307 6.0312 1.9856 64 35 14
19.356 5.9684 2.0457 60 35 12
19.398 5.9041 2.0778 62 36 13
19.388 5.8858 1.9928 61 34 0
19.378 5.7869 2.0157 60 34 11
19.344 5.9994 1.997 58 30 3
19.392 5.843 1.9849 63 34 13
19.326 5.9318 1.9978 60 35 12
19.385 5.9213 2.0053 59 30 9
19.379 5.9699 2.0129 61 36 14
19.312 6.031 2.0139 62 36 13
19.387 5.7715 2.054 65 34 14
19.376 5.8394 2.0489 61 35 20
19.426 6.0351 2.0122 63 36 15
19.458 6.0414 2.0384 66 37 13
19.435 5.9681 2.0148 64 36 5
19.438 5.9278 2.0018 59 34 11
19.457 6.026 2.0132 60 35 15
19.461 5.9767 2.008 62 32 4
19.428 6.0531 2.0343 64 35 1
19.47 5.9059 2.0122 62 34 23
19.402 6.0184 2.018 63 34 13
19.411 5.9495 2.0218 63 34 13
19.542 6.0371 2.0403 62 31 21
19.519 5.9802 2.0404 59 32 13
19.593 5.7877 2.0747 59 34 2
19.487 5.9839 2.0051 59 32 13
19.509 6.0668 2.0269 62 34 5
19.523 5.9327 2.0313 61 35 18
19.547 5.9745 2.0409 64 35 14
19.547 5.947 2.0233 59 33 16
19.484 6.0561 2.032 63 39 1
19.492 5.9822 2.0365 60 33 12
19.567 6.0831 2.0466 65 35 17
19.621 5.9784 2.0074 58 33 3
19.593 6.0222 2.0158 59 32 11
19.563 6.0478 2.0045 61 31 17
19.572 5.9533 2.0201 59 33 16
19.592 6.0612 2.0275 60 32 1
19.534 6.1147 2.0343 63 37 12
19.562 6.0546 2.0002 61 31 17
19.629 5.885 2.0251 61 33 6
19.619 6.0284 2.0123 59 33 16
19.565 6.066 2.0244 64 37 16
19.591 6.0099 1.9913 57 33 5
19.599 5.9203 2.0042 61 34 0
19.677 5.9503 2.018 56 31 8
19.671 6.0354 2.0066 60 31 9
19.68 6.0191 2.078 60 30 6
19.664 6.1389 1.9882 55 27 13
19.666 6.2038 2.0184 61 36 6
19.654 5.9569 2.0457 59 34 4
19.616 6.1168 2.0332 59 32 15
19.644 6.1504 2.0421 61 33 19
19.697 5.9939 1.9991 56 29 8
19.646 6.088 2.0461 59 33 16
19.642 6.0894 2.0138 57 33 23
19.62 6.0584 2.027 60 33 16
19.702 5.983 2.0365 57 31 8
19.654 5.9223 2.0348 57 33 0
19.77 6.0837 1.9853 50 30 3
19.693 6.1987 2.0239 58 37 8
19.725 5.9644 2.0125 56 28 0
19.722 6.08 2.0173 61 32 8
19.722 6.0461 2.0028 58 32 15
19.75 6.1076 2.0323 57 33 5
19.72 6.1894 2.0288 52 29 11
19.753 6.0226 2.0423 54 30 16
19.749 6.0232 2.0144 55 28 7
19.724 6.1043 2.035 59 34 4
19.699 6.0897 2.0422 58 32 15
19.747 6.1992 2.0219 56 35 8
19.721 6.1382 2.018 56 36 2
19.749 6.1129 2.0302 57 33 5
19.695 6.0959 2.0109 55 29 14
19.772 6.2162 2.0128 56 31 8
19.771 6.1776 1.998 53 30 14
19.778 6.1953 2.0498 56 34 19
19.805 6.1117 2.0586 55 31 5
19.8 6.266 2.0206 48 22 0
19.737 6.3836 1.9671 57 31 17
19.803 5.9693 2.0392 55 32 1
19.82 6.1777 1.9649 50 28 4
19.799 6.0787 2.0165 53 33 0
19.83 6.1174 2.0564 55 28 11
19.799 6.1551 2.0073 54 28 3
19.826 6.2736 2.0185 54 29 7
19.778 6.1988 2.0487 56 34 19
19.772 6.1088 1.9997 56 31 8
19.853 6.1695 2.033 51 29 6
19.907 6.1791 2.0538 56 31 11
19.88 6.145 2.0407 54 27 18
19.902 6.1209 2.0218 54 29 9
19.899 6.1027 2.0016 56 32 0
19.872 6.1579 1.9756 54 29 9
19.85 6.1477 2.0124 55 31 19
19.925 6.0029 2.0484 54 29 0
19.853 6.2646 2.0188 50 30 6
19.906 6.1275 2.0462 58 31 12
19.879 6.0491 2.059 54 32 8
19.951 6.1308 2.0182 53 28 0
19.976 6.1355 2.0142 55 30 0
19.96 6.2636 2.049 55 30 8
19.929 6.1635 2.0343 58 31 14
19.979 6.1835 2.0225 51 28 10
19.926 6.1767 1.9945 55 32 0
19.949 6.0379 2.0329 50 32 10
19.982 6.2149 2.0386 55 28 11
19.957 6.2306 2.0325 55 30 10
20.017 6.4136 2.0071 57 29 2
20.041 6.3531 2.0357 51 28 12
19.991 6.4255 2.0051 51 29 18
20.037 6.3006 2.0264 50 24 9
20.003 6.1156 2.0515 56 29 12
20.007 6.2013 2.0424 54 28 13
20.008 6.2205 2.0334 54 28 13
19.985 6.2674 2.0471 55 28 11
20.031 6.158 2.0627 53 27 0
20.057 6.2176 2.0362 55 27 16
20 6.0797 2.038 55 32 0
20.022 6.0069 2.0739 55 30 0
20.027 6.1365 2.0424 53 30 0
20.052 6.1486 2.0351 53 27 12
20.011 6.2552 2.0473 54 32 11
20.064 6.2774 2.0668 52 25 14
20.124 6.1505 2.0307 52 31 0
20.105 6.1994 2.0397 57 26 18
20.082 6.1698 2.0844 52 28 14
20.117 6.335 2.0394 54 26 15
20.113 6.3038 2.0227 54 28 14
20.128 6.173 2.049 53 30 0
20.078 6.1857 2.0192 54 29 0
20.08 6.1596 2.0539 54 28 3
20.097 6.4481 1.9902 52 31 14
20.098 6.0878 2.059 56 31 1
20.062 6.2807 2.0368 53 27 13
20.166 6.6611 1.9251 56 29 20
20.185 6.2648 2.0349 54 27 18
20.2 6.4083 2.038 57 31 4
20.157 6.2512 2.0134 56 31 1
20.197 6.3939 2.0087 54 28 14
20.159 6.239 2.0474 51 30 3
20.16 6.2363 2.0806 54 28 3
20.167 6.3059 2.0829 50 29 12
20.134 6.5762 1.9618 55 32 16
20.133 6.224 2.056 50 29 0
20.136 6.2307 2.0852 52 24 21
20.238 6.2658 2.0911 56 29 20
20.233 6.2564 2.0366 56 31 1
20.265 6.3314 2.0379 54 27 18
20.236 6.2709 2.0582 49 28 0
20.258 6.2722 2.0281 55 27 0
20.208 6.2491 2.0409 53 28 5
20.254 6.4121 2.0593 55 29 4
20.253 6.2358 2.0154 53 29 1
18.599 7.3039 3.6271 68 37 16
18.696 7.2842 3.6429 67 41 18
18.746 7.4135 3.67 69 40 18
18.8 7.3951 3.6969 67 40 19
18.729 7.3582 3.7169 68 42 17
18.713 7.3856 3.6767 68 41 24
18.895 7.3436 3.6701 60 34 20
18.839 7.377 3.6479 57 31 6
18.88 7.3765 3.6316 57 28 6
18.918 7.4085 3.6641 60 32 19
18.934 7.3213 3.6192 61 31 13
18.826 7.4481 3.6897 58 32 18
18.948 7.316 3.6913 61 35 18
19.024 7.3215 3.6744 62 35 18
18.964 7.3598 3.6153 59 29 5
18.98 7.3179 3.6502 65 34 26
18.978 7.3511 3.6867 61 30 18
19.156 7.2608 3.6768 40 23 16
19.241 7.3623 3.6184 39 21 9
19.206 7.3822 3.6648 37 22 17
19.182 7.3142 3.669 45 27 23
19.24 7.4026 3.6572 41 27 14
19.272 7.2515 3.6841 32 13 17
19.184 7.2758 3.6355 39 19 10
19.207 7.3196 3.5955 28 12 12
19.299 7.302 3.6715 40 31 24
19.306 7.2282 3.6355 32 13 0
19.281 7.3454 3.6062 35 13 13
19.432 7.6065 3.6119 27 8 2
19.409 7.5002 3.6161 40 17 9
19.441 7.5721 3.6463 36 15 10
19.408 7.5439 3.6527 37 20 2
19.362 7.6081 3.673 41 15 16
19.614 7.2623 3.5907 0 2 0
19.546 7.6704 3.6612 19 11 0
19.599 7.4809 3.6423 4 0 0
19.608 7.4264 3.6643 0 1 13
19.554 7.6367 3.696 8 2 2
20.125 8.0226 3.6054 33 18 0
18.682 7.3061 3.6074 68 42 15
18.666 7.3086 3.5316 65 34 4
18.661 7.3021 3.4921 62 34 7
18.796 7.3133 3.5401 62 35 16
18.829 7.3398 3.5343 60 32 1
18.74 7.3386 3.5121 62 37 7
18.817 7.3593 3.4968 61 33 6
18.733 7.3858 3.5531 64 34 16
18.765 7.3949 3.5049 67 37 11
18.74 7.3857 3.59 69 39 11
18.86 7.3762 3.5235 53 28 0
18.858 7.3566 3.4806 52 31 4
18.931 7.3852 3.4649 56 33 2
18.9 7.3499 3.4748 56 28 17
18.93 7.3112 3.5826 61 35 8
18.93 7.3413 3.3903 59 33 18
18.896 7.3431 3.441 56 27 3
18.903 7.3642 3.5123 59 31 4
19.05 7.1128 3.52 54 29 0
19.071 7.0502 3.5521 59 34 11
19.005 7.2712 3.4885 58 30 3
18.992 7.4382 3.4131 51 27 13
18.95 7.3866 3.5777 60 30 2
19 7.2428 3.4169 55 29 14
18.95 7.337 3.4975 58 30 3
18.931 7.4393 3.5409 61 33 4
18.988 7.3188 3.4522 56 30 5
19.16 7.3685 3.5959 30 14 15
19.272 7.0751 3.4618 32 16 0
19.279 7.3247 3.572 33 15 1
19.287 7.2461 3.5315 26 12 0
19.273 7.1308 3.5365 29 12 2
19.268 7.2645 3.424 34 20 19
19.282 7.279 3.5328 26 12 0
19.302 7.2498 3.3807 39 21 21
19.316 7.1966 3.4152 37 19 9
19.231 7.3886 3.5865 29 15 6
19.263 7.3545 3.5018 31 20 0
19.24 7.4543 3.4662 30 16 3
19.327 7.3851 3.4453 56 28 1
19.356 7.3982 3.4028 52 30 9
19.345 7.511 3.4433 52 29 11
19.308 7.2729 3.4533 39 19 12
19.372 7.1897 3.5505 53 27 0
19.338 7.3782 3.521 55 28 11
19.278 7.5535 3.5731 53 26 9
19.349 7.307 3.5163 55 28 11
19.357 7.4983 3.5201 51 23 0
19.326 7.3558 3.4072 49 27 14
19.303 7.335 3.4906 47 29 5
19.358 7.4556 3.4759 54 28 1
19.337 7.3518 3.4874 53 28 8
19.305 7.3542 3.5283 51 25 11
19.357 7.5351 3.5522 49 21 0
19.376 7.6316 3.5097 33 14 0
19.385 7.6425 3.5871 30 18 0
19.413 7.6333 3.5011 32 13 6
19.405 7.5791 3.3861 32 17 14
19.353 7.5946 3.5943 37 16 0
19.374 7.5692 3.4356 34 17 10
19.429 7.5913 3.5737 36 14 0
19.411 7.5702 3.4236 24 9 4
19.441 7.678 3.4539 25 8 0
19.45 7.6879 3.5314 18 4 0
19.528 7.7578 3.5937 15 4 0
19.564 7.337 3.531 27 15 0
19.497 7.5993 3.5196 30 10 0
19.585 7.5331 3.5695 1 0 0
19.595 7.3776 3.5211 8 0 0
19.715 7.7292 3.5368 1 6 0
20.148 8.0705 3.4435 27 13 2
20.151 8.0612 3.4838 29 14 7
18.702 7.27 3.2036 62 32 14
18.714 7.3288 3.3592 65 34 3
18.818 7.2575 3.3422 65 36 12
18.799 7.2975 3.3026 59 33 10
18.835 7.2233 3.3806 65 34 22
18.756 7.3264 3.3487 63 34 10
18.828 7.2899 3.2154 60 32 19
18.841 7.2236 3.1776 53 28 6
18.919 7.2819 3.2335 52 28 16
18.897 7.3903 3.2697 55 29 4
18.91 7.3643 3.309 51 30 9
18.867 7.2986 3.2081 50 30 6
18.892 7.3569 3.1969 48 27 8
18.973 7.276 3.3016 54 28 13
18.957 7.3139 3.2629 58 33 13
18.94 7.3284 3.1841 54 28 14
18.894 7.3246 3.1589 51 26 6
18.83 7.3837 3.3714 53 29 19
19.073 7.3494 3.2749 57 28 7
18.957 7.3889 3.3807 60 34 9
19.076 7.3091 3.2388 58 34 8
19.098 7.1229 3.3646 53 24 2
19.07 7.2793 3.1653 56 25 5
19.001 7.4349 3.2066 56 30 15
18.959 7.3822 3.3808 60 34 9
18.961 7.4063 3.1746 49 28 9
18.996 7.317 3.2568 56 27 5
19.025 7.2482 3.3351 58 27 9
19.008 7.4336 3.2445 59 32 11
19.071 7.0824 3.3717 55 28 17
19 7.3264 3.2946 55 23 11
19.031 7.2826 3.1718 54 29 9
19.071 7.3038 3.2047 54 31 15
19.041 7.1054 3.2261 56 31 11
19.032 7.3562 3.2881 54 30 4
19.113 7.3702 3.3095 50 26 14
19.183 7.3753 3.2503 58 31 10
19.091 7.3884 3.1904 58 31 12
19.142 7.2083 3.2705 55 28 7
19.165 7.3071 3.3048 55 28 7
19.114 7.3128 3.2315 59 32 11
19.147 7.339 3.2274 62 34 7
19.218 7.1655 3.2205 60 35 5
19.164 7.226 3.1911 57 34 3
19.17 7.385 3.1714 57 30 11
19.159 7.3082 3.26 58 32 18
19.319 7.2382 3.2312 59 33 10
19.306 7.2872 3.1917 53 22 14
19.293 7.1782 3.2403 56 32 6
19.319 6.8975 3.3213 50 29 12
19.245 7.2782 3.2823 55 28 7
19.264 7.3147 3.1988 59 32 15
19.228 7.2817 3.1709 56 27 5
19.287 7.3054 3.3455 39 21 17
19.237 7.2579 3.2093 57 32 12
19.229 7.3326 3.2437 55 31 3
19.2 7.3172 3.2911 52 25 4
19.224 7.3625 3.2424 55 31 3
19.264 7.2854 3.1635 56 29 8
19.267 7.3638 3.2715 53 28 6
19.291 7.2518 3.3092 53 27 13
19.26 7.2509 3.3547 32 16 3
19.204 7.3593 3.3691 31 15 2
19.202 7.3377 3.324 54 28 14
19.361 7.4026 3.1674 55 29 12
19.344 7.3083 3.222 54 29 9
19.313 7.4741 3.1747 52 27 7
19.365 7.5171 3.3183 39 15 1
19.366 7.4059 3.2123 43 10 13
19.353 7.2835 3.2586 59 30 22
19.417 7.3052 3.2062 34 21 3
19.325 7.2364 3.2662 53 31 10
19.333 7.2177 3.3024 53 27 4
19.405 7.5399 3.3443 33 20 4
19.411 7.6294 3.1846 32 13 6
19.425 7.6371 3.2989 30 11 4
19.434 7.6516 3.3725 25 8 0
19.399 7.5479 3.3098 32 13 6
19.416 7.6272 3.2241 25 10 15
19.431 7.4282 3.1557 35 20 0
19.429 7.5616 3.2643 36 18 8
19.448 7.6334 3.1758 21 7 0
19.487 7.6743 3.2013 29 8 13
19.539 7.5837 3.2327 15 8 0
19.537 7.507 3.1638 26 10 0
19.588 7.4909 3.2703 0 2 0
19.6 7.4102 3.3073 3 0 5
19.555 7.4689 3.2795 19 3 3
19.514 7.556 3.3204 26 9 2
20.176 8.0541 3.3568 24 8 8
20.119 8.0017 3.1613 28 11 4
18.802 7.3078 3.0962 56 26 12
18.831 7.275 2.9675 56 27 5
18.974 7.3571 2.9253 51 26 6
18.934 7.3 3.1107 58 33 3
18.944 7.2875 3.1533 59 29 11
18.911 7.3616 3.0671 54 30 4
18.871 7.3065 2.9977 49 27 4
18.963 7.3177 3.0647 55 29 2
19.104 7.2464 3.0827 52 26 3
19.087 7.2946 3.0394 58 29 7
19.007 7.2485 2.9817 51 26 4
19.031 7.4259 3.1168 56 25 5
19.075 7.2935 2.9642 56 27 5
19.005 7.309 3.0589 52 26 3
19.044 7.2837 3.0084 56 25 4
19.076 7.3165 2.9978 57 28 6
19.002 7.3503 3.0898 54 28 3
19.051 7.2265 2.9743 58 27 17
18.963 7.3716 3.1388 55 25 7
19.051 7.2821 3.0472 56 25 4
18.994 7.3278 3.0116 56 25 7
19.003 7.3703 3.1296 58 30 3
19.037 7.2595 2.9315 56 27 5
19.155 7.3133 2.982 58 28 2
19.158 7.3268 3.0239 59 27 4
19.206 7.2782 3.0165 58 30 0
19.124 7.36 3.1051 57 28 6
19.105 7.2971 3.1559 55 27 13
19.113 7.3271 2.9924 56 26 2
19.19 7.2539 3.1433 60 29 8
19.137 7.2717 3.0739 59 28 7
19.165 7.2351 2.9535 57 27 3
19.137 7.3266 3.1474 53 26 5
19.172 7.2864 3.0652 56 30 3
19.151 7.4225 3.0933 60 31 7
19.204 7.2549 2.9798 56 32 4
19.197 7.3536 3.0497 54 28 5
19.087 7.3514 3.1151 57 28 6
19.184 7.3327 2.934 55 29 4
19.129 7.282 3.0341 56 27 3
19.251 7.2964 3.0851 55 26 2
19.28 7.3786 3.1114 59 28 7
19.255 7.304 3.1245 58 25 6
19.221 7.3672 2.964 57 29 0
19.3 7.2881 3.1561 58 29 5
19.212 7.3337 3.1301 58 27 7
19.21 7.3143 3.091 56 28 0
19.331 7.2287 3.0382 58 27 7
19.281 7.273 3.0048 54 24 0
19.315 7.2913 2.9972 56 26 8
19.322 7.2195 2.9638 58 30 0
19.287 7.2079 2.9743 57 28 4
19.283 7.2943 3.0418 58 29 7
19.254 7.2471 3.0516 55 29 6
19.235 7.3226 3.0067 57 31 6
19.296 7.2509 3.0816 58 27 0
19.331 7.3904 2.938 53 26 5
19.365 7.452 2.964 36 17 0
19.371 7.2646 3.1018 56 26 10
19.298 7.531 3.1344 52 25 6
19.328 7.4451 2.9694 53 26 7
19.38 7.456 3.0796 41 13 0
19.328 7.2814 3.0736 51 23 0
19.403 7.45 2.9592 31 12 0
19.377 7.4044 3.0058 35 18 1
19.376 7.343 2.9356 48 23 0
19.31 7.422 3.1002 50 25 5
19.338 7.5271 3.1224 54 26 12
19.432 7.513 2.9485 29 10 0
19.481 7.5018 3.0178 21 8 0
19.413 7.5321 3.1106 31 11 4
19.435 7.5361 2.9832 30 9 4
19.519 7.6358 3.1191 27 9 7
19.52 7.574 3.0764 26 12 0
19.558 7.468 3.0049 0 0 0
19.582 7.6051 2.9915 7 7 7
19.535 7.3456 3.025 20 6 0
19.515 7.58 3.0382 26 3 9
19.687 7.6879 2.9539 13 18 12
19.631 7.3987 2.9644 17 9 0
19.663 7.4993 2.9749 7 6 4
19.732 7.0216 3.0456 6 5 0
19.805 7.8117 3.0464 0 8 0
19.995 7.8523 3.0806 8 4 1
20.07 7.8459 3.1071 18 8 0
18.853 7.2402 2.8022 54 30 20
18.929 7.263 2.7869 53 28 6
18.969 7.2688 2.7784 54 26 13
18.967 7.3034 2.817 50 28 4
19 7.2516 2.6926 54 29 7
19.034 7.3323 2.754 53 27 13
19.1 7.3023 2.876 56 29 8
19.115 7.2993 2.7049 53 28 5
19.092 7.1931 2.9332 54 28 5
18.998 7.3156 2.7687 54 27 6
19.09 7.2313 2.7232 53 26 5
19.014 7.3291 2.8848 52 31 14
19.041 7.3285 2.7958 55 25 7
19.021 7.2722 2.8486 53 27 13
19.046 7.2541 2.726 53 30 14
19.096 7.2933 2.8353 55 32 16
19.075 7.3561 2.7843 52 27 4
19.046 7.3664 2.8742 53 29 1
19.06 7.276 2.8438 53 28 5
19.095 7.355 2.908 57 26 8
19.268 7.1317 2.7549 54 25 4
19.179 7.3248 2.8969 59 30 6
19.176 7.3102 2.8555 54 28 1
19.166 7.3006 2.7812 56 29 8
19.142 7.2605 2.8344 53 30 12
19.218 7.2612 2.8166 52 27 4
19.231 7.2546 2.8977 56 30 3
19.11 7.3494 2.7376 53 27 13
19.219 7.2869 2.851 56 30 15
19.154 7.2587 2.9103 55 29 2
19.166 7.2379 2.7085 56 27 6
19.166 7.2699 2.7448 53 28 5
19.205 7.2953 2.7764 54 31 13
19.191 7.3389 2.7255 54 27 6
19.124 7.313 2.7857 55 29 6
19.162 7.3483 2.8131 53 26 7
19.289 7.286 2.8028 55 27 13
19.288 7.2605 2.7655 55 27 16
19.252 7.3111 2.8452 53 32 15
19.25 7.2928 2.8042 53 28 6
19.251 7.3535 2.8792 54 30 2
19.311 7.2507 2.9247 56 26 0
19.3 7.3781 2.7004 51 23 9
19.298 7.2681 2.8485 57 31 8
19.33 7.2595 2.7991 57 28 7
19.314 7.3253 2.7466 53 28 5
19.332 7.2798 2.8352 55 22 7
19.303 7.2674 2.8874 54 26 13
19.341 7.2615 2.8776 54 28 13
19.281 7.2126 2.9332 55 29 4
19.295 7.187 2.7374 55 29 6
19.241 7.2296 2.9394 58 27 7
19.248 7.2746 2.7679 56 30 13
19.348 7.3471 2.7422 55 25 7
19.416 7.0026 2.9014 53 32 5
19.367 7.2985 2.8208 54 32 8
19.407 7.2328 2.7896 36 16 0
19.399 7.3636 2.85 32 17 10
19.375 7.4996 2.789 37 21 4
19.319 7.432 2.8955 54 27 6
19.373 7.3273 2.8982 54 29 9
19.382 7.3735 2.7307 38 12 0
19.353 7.3542 2.7803 51 26 3
19.392 7.4884 2.9147 35 17 3
19.417 7.4291 2.7514 31 11 4
19.427 7.5157 2.9029 31 15 0
19.447 7.4508 2.7024 31 9 9
19.512 7.5854 2.7058 20 10 0
19.457 7.409 2.7498 28 9 15
19.477 7.5106 2.6894 17 5 7
19.425 7.4857 2.8704 25 14 0
19.6 7.4974 2.7528 0 2 0
19.654 7.2069 2.7549 14 3 0
19.584 7.3299 2.8175 0 0 0
19.593 7.277 2.8677 0 0 0
19.574 7.3308 2.7491 19 1 0
19.582 7.2934 2.7865 14 1 0
18.973 7.2467 2.5268 50 28 5
19.098 7.1982 2.4794 52 27 5
19.029 7.2984 2.6791 52 27 4
19.098 7.3146 2.6234 56 27 6
19.138 7.2224 2.5067 51 25 0
19.087 7.2781 2.5034 53 28 0
19.108 7.2412 2.5939 52 25 4
19.063 7.2958 2.6301 50 25 2
19.028 7.2722 2.6426 52 24 13
19.115 7.2666 2.6713 52 26 3
19.08 7.2494 2.6822 51 24 3
19.112 7.3158 2.447 49 27 3
19.171 7.3813 2.6357 53 28 5
19.201 7.2553 2.7011 51 24 3
19.236 7.2121 2.6204 49 28 1
19.141 7.3325 2.6542 54 33 4
19.18 7.2401 2.5426 54 28 1
19.168 7.331 2.5651 53 22 10
19.216 7.3493 2.64 54 27 8
19.258 7.2297 2.534 53 29 3
19.204 7.2847 2.4822 56 31 1
19.138 7.3166 2.616 53 28 5
19.169 7.2933 2.5314 54 28 1
19.203 7.3508 2.5559 54 28 5
19.174 7.2365 2.5002 54 28 3
19.243 7.2367 2.6973 55 25 7
19.249 7.249 2.4886 54 25 4
19.179 7.3066 2.6116 53 28 0
19.314 7.2576 2.6801 55 25 7
19.303 7.2875 2.6384 53 23 7
19.341 7.2502 2.5967 49 27 4
19.283 7.34 2.5439 54 30 2
19.283 7.2188 2.6941 55 26 5
19.274 7.1746 2.5842 55 30 0
19.298 7.2188 2.5319 52 28 2
19.255 7.3495 2.6306 53 27 2
19.333 7.2683 2.5539 54 31 0
19.331 7.2426 2.5176 56 28 1
19.3 7.2757 2.5965 55 28 7
19.258 7.2987 2.6015 52 26 0
19.285 7.2567 2.4815 52 28 2
19.352 7.2198 2.6411 51 26 6
19.347 7.2855 2.6721 53 26 5
19.399 7.3669 2.5628 38 22 0
19.349 7.4059 2.5204 55 28 7
19.406 7.2736 2.5423 41 18 0
19.348 7.4138 2.5179 52 27 7
19.385 7.2436 2.6351 47 21 0
19.359 7.3821 2.5653 51 25 10
19.38 7.3122 2.6577 51 25 10
19.379 7.4288 2.4679 35 15 6
19.459 7.4812 2.5289 23 9 0
19.437 7.4862 2.6608 30 14 0
19.577 7.4205 2.528 5 0 0
19.636 7.316 2.6591 7 2 0
19.656 7.4691 2.5825 10 7 0
18.846 7.1235 2.3628 49 25 11
19.001 7.1537 2.3323 41 21 14
19.09 7.202 2.4343 47 26 0
19.526 5.4982 2.7424 35 17 3
19.54 5.5381 2.7291 45 24 7
19.237 7.2492 2.4047 54 26 13
19.195 7.2964 2.439 54 28 3
19.189 7.1959 2.2973 52 31 14
19.254 7.2616 2.2698 46 24 13
19.233 7.3012 2.4333 53 27 4
19.216 7.3271 2.341 54 28 5
19.191 7.2182 2.3337 54 31 15
19.261 7.2596 2.312 53 31 16
19.182 7.3314 2.3894 56 30 5
19.221 7.2349 2.2827 49 32 6
19.342 6.7469 2.3782 30 10 3
19.27 7.3124 2.4265 55 26 2
19.329 7.3482 2.3233 51 27 13
19.283 7.3557 2.2806 46 26 17
19.272 7.2636 2.3968 55 30 8
19.299 7.2231 2.2794 48 29 15
19.361 7.2196 2.4365 53 26 7
19.342 7.3046 2.3735 53 28 0
19.321 7.2015 2.4092 56 29 8
19.255 7.3266 2.3384 55 28 7
19.316 7.2678 2.4312 55 30 7
19.311 7.3345 2.4589 54 26 15
19.312 7.2911 2.4266 55 30 7
19.349 7.1819 2.3274 48 29 15
19.386 7.298 2.4155 35 18 0
19.388 7.3239 2.4499 34 9 2
19.369 7.3784 2.3565 36 14 0
19.388 7.3274 2.4493 34 9 2
19.752 7.4208 2.4601 0 0 0
18.086 6.5671 2.0443 77 47 19
19.391 7.0758 2.2754 21 9 0
16.928 6.0283 1.8511 69 43 20
17.159 5.8414 1.8657 69 38 18
17.197 5.8228 1.925 67 43 15
17.38 5.7907 1.9417 74 43 25
17.591 5.8783 1.9357 74 44 20
17.616 5.9149 1.9565 74 44 26
17.474 6.0177 1.9043 76 47 15
17.549 6.182 1.8953 74 44 26
17.788 5.9413 1.9801 74 46 19
17.716 5.9576 1.932 70 41 20
17.685 6.0085 1.9467 76 46 22
17.752 5.9988 1.9921 73 44 23
17.782 6.0013 1.948 76 49 16
18.03 5.8027 2.0544 79 48 27
17.901 5.9098 1.9938 77 47 23
17.532 6.3701 1.9316 77 46 26
17.945 6.037 1.9743 79 50 26
18.017 5.997 1.9835 76 50 27
17.857 6.0772 1.9079 78 48 24
17.771 6.1757 1.9819 76 50 27
17.818 6.2368 1.9531 74 45 24
18.008 6.0685 1.9495 78 51 30
18.066 6.0621 1.9904 81 53 26
17.997 6.0835 1.9423 78 51 30
17.937 6.1831 1.9327 80 51 27
17.839 6.2717 1.9347 77 46 25
17.898 6.2712 1.9791 78 48 24
17.863 6.2708 2.0158 77 50 29
18.02 6.1437 1.9911 80 51 29
18.101 5.9982 1.9854 82 51 23
18.119 5.9038 2.154 76 50 23
17.937 6.1207 1.9645 75 49 24
17.836 6.3751 1.9725 76 50 25
17.91 6.3192 1.9491 78 49 25
18.102 6.0585 1.9597 80 50 22
18.099 6.155 1.9845 78 50 21
17.983 6.382 2.0025 77 51 28
17.87 6.5353 1.8862 79 51 24
18.185 6.074 1.9805 77 47 23
18.126 6.1797 1.9699 79 50 26
18.03 6.1785 1.9384 79 51 24
18.066 6.1571 2.0199 79 48 28
18.143 6.0744 1.9835 80 50 26
17.882 6.4445 1.9272 80 52 25
18.009 6.3069 1.9531 79 51 22
18.193 6.2964 1.9547 79 50 26
17.995 6.5462 1.8375 76 50 25
18.058 6.3887 1.9477 76 47 26
18.018 6.5269 1.8901 76 47 26
18.224 6.0775 1.9854 77 49 22
18.139 6.2264 1.9485 78 49 25
18.222 6.1642 1.9832 77 47 21
18.012 6.4072 1.9929 77 49 22
18.209 6.3775 1.9963 79 49 25
18.103 6.6002 1.9931 77 48 24
18.346 6.162 1.9764 75 46 24
18.374 6.1854 1.9696 77 48 17
18.136 6.409 1.9439 78 49 25
18.178 6.45 2.0078 76 48 19
18.073 6.5703 2.0007 77 47 21
18.391 6.1873 2.0387 76 48 21
18.309 6.3172 1.9372 77 46 25
18.208 6.3053 2.0295 77 49 22
18.207 6.3628 1.9651 78 49 25
18.194 6.3298 2.0188 77 49 22
18.052 6.6085 1.7989 75 46 24
18.409 6.2858 1.9548 77 49 22
18.385 6.2542 1.9715 77 48 27
18.357 6.4219 1.9759 77 50 15
18.473 6.2405 1.9726 78 50 21
18.531 6.0027 2.1286 77 47 23
18.346 6.4229 1.9279 78 46 23
18.291 6.3844 1.9891 77 49 22
18.344 6.3658 2.0025 76 47 23
18.4 6.5436 2.0005 82 52 24
18.522 6.2226 1.9838 77 49 22
18.565 6.2144 1.9881 81 51 25
18.6 6.4106 1.9265 106 77 43
18.549 6.3479 1.9642 87 57 29
18.681 6.2471 2.0406 119 91 54
18.615 6.2887 1.9867 94 65 34
18.663 6.6071 1.9574 86 56 30
18.564 6.7939 1.9655 91 64 31
18.795 6.2386 2.0477 86 58 19
18.774 6.22 2.0934 106 74 33
18.762 6.2308 2.051 102 73 42
18.648 6.6455 1.9437 86 58 29
18.65 6.3856 1.9409 112 82 44
18.665 6.3704 1.9881 150 108 58
18.805 6.325 2.0394 82 51 23
18.699 6.6411 1.9907 80 52 25
18.836 6.3186 2.0041 77 49 22
18.821 6.3991 2.0492 78 48 24
18.781 6.4868 1.975 75 46 22
18.795 6.5732 1.9704 72 43 19
18.691 6.769 1.9284 77 49 18
18.718 6.5687 1.9761 80 51 27
18.577 6.8693 1.936 81 57 23
18.92 6.2097 2.094 74 48 23
18.797 6.325 2.0039 80 52 25
18.802 6.4503 2.0262 79 49 25
18.991 6.3034 2.0423 66 38 11
18.822 6.6292 1.99 67 42 20
18.927 6.4321 2.0669 65 38 17
18.898 6.4971 1.999 63 41 20
18.707 6.8644 1.9324 67 41 16
18.83 6.4982 2.0424 68 43 20
18.867 6.4574 1.9858 66 44 20
19.014 6.4739 2.0084 59 34 14
19.053 6.4628 2.0075 59 36 3
19.163 6.3372 2.1006 60 37 6
19.092 6.6275 2.0159 54 32 11
19.077 6.5275 2.0194 59 33 6
19.142 6.3927 2.0406 61 34 17
19.09 6.4577 2.0077 61 35 10
19.063 6.4539 2.0529 58 37 8
19.234 6.474 2.0735 59 34 12
19.15 6.6832 1.9867 57 34 16
19.116 6.6508 1.9631 61 35 8
19.136 6.595 2.0304 60 35 15
19.241 6.4203 2.0576 59 33 10
19.173 6.5643 2.0012 61 35 12
19.277 6.7845 1.9798 55 33 9
19.262 6.471 2.0363 60 33 12
19.405 6.6476 2.031 55 35 1
19.352 6.5461 2.0356 60 35 12
19.383 6.5519 2.0311 61 34 0
19.433 6.4456 2.0772 58 33 3
19.444 6.6055 2.0448 60 32 3
19.754 6.7353 2.0519 49 28 0
19.688 6.7328 2.0168 56 29 10
19.725 6.7162 2.0627 46 25 0
17.299 5.1763 1.9808 77 46 25
17.178 5.2675 1.9411 78 48 24
17.195 5.2905 1.9293 76 45 25
17.255 5.2365 1.9317 72 42 14
17.07 5.3542 1.9177 78 48 14
17.388 5.266 1.9947 69 43 16
17.295 5.3829 1.9544 68 38 12
17.162 5.4083 1.9272 71 41 17
17.539 5.2074 1.9984 67 38 17
17.487 5.1833 2.021 65 36 15
17.507 5.2778 1.9905 63 36 15
17.41 5.4014 1.941 67 38 16
17.147 5.5314 1.8476 67 38 16
17.169 5.501 1.8271 68 39 17
17.422 5.3319 1.9157 65 39 16
17.435 5.3697 1.9293 66 37 15
17.444 5.4495 1.916 63 37 20
17.683 5.2397 2.0215 70 41 19
17.518 5.3401 1.9532 67 37 23
17.497 5.4539 1.9471 70 41 10
17.469 5.4659 1.9035 67 40 23
17.334 5.5135 1.9102 63 38 8
17.502 5.4495 1.9483 68 39 15
17.412 5.4996 1.9569 65 39 12
17.41 5.4378 1.917 64 37 2
17.36 5.5306 1.897 68 38 14
17.558 5.3791 1.9268 69 42 25
17.293 5.7103 1.9071 69 43 3
17.131 5.8976 1.7871 73 40 31
17.499 5.5311 1.9027 70 40 16
17.16 5.7812 1.8563 69 40 19
17.446 5.5399 1.9024 69 40 9
17.442 5.5939 1.8998 69 40 9
17.553 5.4714 1.9029 68 39 18
17.27 5.6608 1.8563 67 39 8
17.355 5.642 1.9064 69 42 0
17.263 5.6798 1.8817 69 40 8
17.537 5.4457 1.917 65 42 9
17.486 5.6358 1.9932 73 42 21
17.232 5.8223 1.8801 71 43 6
17.469 5.7105 1.8688 72 42 14
17.556 5.5331 1.9411 71 42 10
17.261 5.8875 1.8422 75 46 15
17.72 5.5028 1.9625 75 46 25
17.409 5.8129 1.8022 75 43 18
17.702 5.6305 1.9624 77 43 14
18.184 5.1243 2.3026 72 41 21
17.718 5.5461 1.9361 77 47 19
17.828 5.4913 2.0099 72 45 24
17.77 5.5206 2.0297 76 44 6
17.728 5.5782 1.9149 76 45 24
17.337 5.9305 1.7325 76 44 21
17.753 5.6663 1.9406 73 42 12
17.686 5.6771 1.8932 76 44 29
17.838 5.6218 1.9676 74 41 22
17.619 5.8341 1.9182 76 44 23
17.811 5.637 1.9193 80 44 28
17.817 5.5876 1.9519 77 45 22
17.709 5.6666 1.9373 77 46 2
17.598 5.7486 1.9314 77 47 23
17.586 5.9338 1.9047 73 45 6
17.802 5.7068 1.9166 76 46 22
17.934 5.6408 1.9212 73 42 24
17.782 5.7079 1.9921 77 44 11
17.649 5.8363 1.8765 72 41 10
17.936 5.5361 1.9469 76 47 16
17.841 5.6764 1.9702 76 44 23
17.795 5.7759 1.9185 75 45 21
18.06 5.4447 2.0082 76 43 24
17.895 5.6514 1.9533 75 43 28
17.938 5.6497 1.9546 74 47 10
18.055 5.4624 2.0345 74 43 23
18.107 5.5794 1.962 75 45 29
17.679 6.0543 1.8783 75 44 23
17.955 5.7375 1.9382 74 45 11
18.072 5.6336 1.9651 76 46 22
17.848 5.8409 1.9541 74 44 18
18.015 5.6424 1.9267 75 44 26
17.808 5.8372 1.959 71 40 20
17.806 5.8254 1.9248 74 44 28
18.025 5.5969 1.9877 73 44 20
17.89 5.8424 1.9546 74 45 24
17.885 5.7221 1.9478 74 46 6
17.944 5.7386 1.9037 76 45 24
18.117 5.4789 2.0277 76 45 24
17.938 5.8 2.0171 72 44 5
17.907 5.8904 1.972 75 46 15
17.862 5.9297 1.9069 78 47 17
18.124 5.6308 2.0034 80 49 29
18.015 5.7521 1.893 79 50 19
18.062 5.7856 1.985 79 49 31
18.146 5.6885 1.9348 83 54 32
18.179 5.5986 1.991 78 51 30
18.059 5.7251 1.9864 79 48 17
17.949 5.809 1.9353 74 44 18
18.013 5.7181 1.9516 76 46 20
17.968 5.8521 1.9522 78 48 22
18.051 5.7859 1.9479 80 52 13
18.168 5.5517 1.9809 77 49 22
17.907 5.9432 1.9428 78 48 24
18.118 5.6873 1.9696 81 48 29
17.996 5.9234 1.9079 83 52 32
18.209 5.6568 1.951 88 62 37
18.144 5.8377 1.9597 87 59 28
18.222 5.7449 2.0491 82 56 29
18.137 5.8473 1.9538 87 59 28
18.307 5.5778 2.0031 103 74 52
17.944 6.0061 1.9031 83 53 29
18.146 5.7026 1.9615 84 55 33
18.15 5.7487 1.9352 89 60 29
17.977 6.036 1.9296 79 48 17
18.08 5.8009 1.9402 83 55 28
17.879 6.108 1.8888 80 50 22
18.083 5.8642 1.942 87 59 28
18.365 5.5596 2.0466 124 97 62
17.981 6.015 1.8981 83 55 26
18.21 5.7205 1.9522 101 74 41
17.937 5.9591 1.9284 79 49 23
18.096 5.8331 1.9224 88 57 36
17.97 6.0459 1.9235 79 48 17
18.295 5.7222 1.9898 93 67 40
18.305 5.6938 1.9677 105 78 45
18.298 5.7866 1.9888 84 56 29
18.184 5.9234 1.9824 82 54 27
18.29 5.7843 1.9512 88 58 34
18.256 5.7242 1.9888 97 67 41
18.178 5.9161 1.9481 86 57 26
18.186 5.8626 2.0133 84 55 34
18.327 5.7175 1.9568 95 65 37
18.119 5.9002 2.001 81 52 28
18.156 5.8928 1.9708 84 56 29
18.193 5.8812 1.9316 89 61 34
18.237 5.764 2.0019 91 61 33
18.157 6.0227 1.9356 79 48 27
18.361 5.7206 1.9531 85 60 30
18.097 6.1264 1.921 79 50 19
18.282 5.8661 1.9415 82 53 22
18.296 5.935 1.9799 77 47 23
18.351 5.7497 1.9713 85 55 27
18.427 5.7471 1.9763 78 49 25
18.228 5.9026 1.9569 83 54 32
18.255 6.0138 1.9727 78 49 18
18.362 5.8619 1.9449 76 47 23
18.287 5.9189 1.9146 81 50 29
18.262 5.9117 1.9544 81 52 21
18.297 5.8736 2.0158 78 48 24
18.4 5.7317 1.9845 82 53 31
18.099 6.1881 1.8852 76 45 24
18.309 5.8998 1.9623 81 51 15
18.419 5.6898 1.9737 82 53 31
18.366 5.9636 2.004 75 44 24
18.311 6.0369 1.9232 79 48 28
18.465 5.8034 1.9407 78 49 27
18.363 5.938 1.9423 76 46 20
18.419 5.8934 1.9277 77 47 21
18.396 5.9618 1.9646 75 46 25
18.36 6.0381 1.9622 75 46 24
18.457 5.7574 1.9693 78 50 21
18.359 5.8827 1.9692 78 49 17
18.502 5.8176 1.9707 76 47 23
18.542 5.7357 1.9841 75 47 20
18.442 5.87 1.9771 72 44 15
18.43 5.8154 1.973 78 47 26
18.431 5.9682 1.9629 74 46 19
18.523 5.9219 1.9492 76 48 21
18.439 6.106 1.9314 77 49 22
18.45 5.919 1.9519 78 46 23
18.526 5.838 1.9609 76 48 21
18.615 5.7451 2.0126 77 47 21
18.494 5.9892 1.9482 75 45 9
18.589 5.8533 1.9526 76 45 25
18.554 5.8052 2.014 76 48 11
18.41 6.191 1.9593 76 48 21
18.589 5.8847 2.0069 75 45 19
18.552 6.0552 1.9919 77 46 25
18.669 5.8523 1.9881 76 48 21
18.601 5.9446 2.0085 77 47 19
18.48 6.1349 1.9888 77 48 26
18.5 6.0643 1.9465 76 47 26
18.531 6.1113 2.0013 75 46 24
18.632 5.9394 1.9758 75 45 17
18.629 5.9613 1.9994 77 48 17
18.622 5.9269 1.9102 76 47 25
18.58 5.9692 1.9626 76 48 21
18.584 5.9457 1.9347 74 46 15
18.592 5.8635 1.9836 75 46 24
18.493 6.0948 1.9705 75 47 18
18.662 5.7836 1.9927 75 46 24
18.724 5.9684 1.9604 76 48 21
18.68 5.9147 1.9886 76 46 20
18.739 5.85 1.9904 75 43 20
18.57 6.1088 1.9989 78 48 22
18.64 6.1204 1.9887 81 53 16
18.67 5.9664 2.0342 77 48 27
18.649 5.9935 1.9836 77 48 16
18.572 6.1819 1.9608 77 50 13
18.654 6.074 1.9743 76 51 21
18.703 6.0296 1.9667 80 50 22
18.754 5.8897 1.9687 75 48 27
18.752 5.8233 2.0056 75 43 20
18.714 5.9173 1.9898 78 48 20
18.683 5.9975 1.9827 77 50 13
18.58 6.0733 1.9807 78 50 23
18.66 5.9377 1.9419 75 46 22
18.589 6.2438 1.9708 80 51 19
18.609 6.2854 1.9527 86 59 24
18.741 6.14 1.9827 85 62 31
18.738 6.0472 1.9938 80 52 23
18.778 6.0367 1.9943 82 54 25
18.772 5.9392 1.9755 76 50 23
18.701 6.1121 1.9201 80 51 19
18.831 5.9779 1.9913 80 52 23
18.698 6.1189 1.9154 80 51 19
18.685 6.2014 1.9912 93 65 25
18.788 5.9978 1.982 80 52 25
18.691 6.0899 2.0085 82 55 22
18.692 6.0692 1.9799 80 50 16
18.847 5.9245 1.9865 79 50 28
18.823 5.8136 2.0112 80 49 28
18.735 6.1719 2.0016 96 68 29
18.677 6.1996 1.9568 87 58 24
18.808 5.9356 1.9791 79 51 24
18.853 6.1275 1.9868 77 50 7
18.708 6.3402 1.9625 95 66 32
18.828 6.0834 1.9732 80 52 25
18.832 6.1983 1.9887 80 52 23
18.828 6.1206 2.0307 83 55 28
18.949 5.9331 2.0146 72 48 22
18.944 5.8483 2.0264 76 50 23
18.85 6.0859 2.0791 87 59 30
18.777 6.157 2.0076 88 61 26
18.843 6.1318 1.945 73 50 6
18.846 6.0224 1.9716 79 49 21
18.803 6.0604 1.9843 78 52 25
18.76 6.179 1.9646 84 55 31
18.874 5.94 1.9763 76 50 25
18.816 6.1318 1.9835 81 54 21
18.859 6.3569 1.9885 71 45 22
18.978 6.066 2.0141 71 43 12
18.898 6.2302 2.0061 70 44 21
18.945 6.1973 2.0244 70 44 19
18.953 6.1538 2.0055 70 42 11
19.031 5.9728 1.9927 71 44 23
18.932 6.0809 1.9742 75 47 20
18.93 6.1065 1.9969 75 46 24
18.896 6.2161 1.9772 71 47 19
19.012 5.9536 2.0389 69 43 18
18.832 6.3106 1.9738 77 48 14
19.018 5.9193 2.0207 75 49 26
18.886 6.1311 1.9859 78 50 13
18.907 6.0951 2.0388 75 49 24
18.798 6.303 1.9781 81 51 15
18.96 5.9899 1.986 75 49 24
18.95 6.3005 2.012 65 39 14
19.046 6.059 2.0196 68 38 22
19.038 6.201 1.9832 65 37 8
19.046 6.0788 2.0443 69 40 9
19.076 6.0444 1.9918 67 39 10
18.985 6.1197 1.9521 70 41 20
19.079 6.0367 1.9963 67 39 10
18.979 6.1759 1.9973 68 41 6
18.97 6.3461 1.9948 63 38 8
19.071 6.0812 2.0072 66 38 9
19.048 6.0923 2.0735 67 41 18
19.002 6.0728 1.9759 70 41 20
18.937 6.3183 1.97 65 39 16
19.07 5.9496 2.005 68 42 17
19.062 5.9908 2.0185 67 39 12
19.09 6.2477 1.9601 64 36 5
19.01 6.3081 1.9709 64 38 11
19.102 6.1227 2.0555 63 37 10
19.104 6.0769 2.0099 67 40 7
19.119 6.0105 2.0083 65 38 21
19.072 6.2418 2.0343 64 37 2
19.155 5.9928 2.0173 67 38 17
19.077 6.3349 1.9946 63 33 5
19.198 5.9909 2.0855 64 36 5
19.055 6.4329 1.986 61 36 6
19.163 6.0901 2.0013 65 38 19
19.151 6.1744 2.0317 61 36 4
19.142 6.0562 2.0221 66 36 8
19.089 6.1445 2.0111 66 37 3
19.192 5.9713 2.0284 64 38 15
19.103 6.2276 2.005 64 35 4
19.157 6.4395 1.9763 60 37 4
19.154 6.2804 1.9805 64 36 0
19.149 6.343 2.0236 61 36 16
19.231 6.0895 2.0373 64 34 18
19.162 6.2736 2.0194 62 35 14
19.205 6.0512 2.0212 61 34 13
19.239 6.1769 1.9929 59 32 13
19.094 6.4181 1.9935 63 33 5
19.19 6.1277 2.0158 63 35 4
19.13 6.271 2.0205 65 37 6
19.241 6.0317 2.0316 62 37 7
19.204 6.2373 2.033 62 34 3
19.175 6.3217 1.959 60 34 7
19.239 6.4051 2.0304 60 34 9
19.319 6.0982 2.0276 62 36 21
19.289 6.275 2.0186 58 34 0
19.305 6.1844 2.0234 61 35 10
19.176 6.5261 1.9786 61 34 1
19.257 6.2547 1.9901 63 34 10
19.218 6.3086 2.0011 59 33 6
19.217 6.2877 1.976 62 35 0
19.237 6.363 1.9754 61 34 0
19.298 6.0411 2.0244 62 35 0
19.255 6.4803 1.99 59 33 10
19.329 6.0354 2.0266 58 32 9
19.271 6.3814 2.005 60 34 9
19.358 6.0569 2.0499 61 36 14
19.288 6.1051 2.0274 64 37 2
19.228 6.4247 1.9891 62 36 19
19.2 6.4017 1.9971 60 30 16
19.339 6.3636 2.0088 62 33 12
19.389 6.2378 2.033 60 33 12
19.404 6.1384 2.0439 64 34 16
19.316 6.3513 2.0463 62 33 9
19.304 6.3762 2.0046 62 35 0
19.363 6.2183 2.0389 61 35 10
19.294 6.6372 1.9625 60 28 13
19.366 6.3848 1.9997 63 32 12
19.375 6.1144 2.0228 59 31 18
19.324 6.4623 1.9988 58 33 10
19.393 6.1698 1.9944 64 35 1
19.317 6.2667 1.9828 62 33 12
19.309 6.3273 1.9904 61 32 10
19.356 6.2264 2.0006 62 35 2
19.361 6.4359 2.0123 60 35 12
19.429 6.1342 2.0084 65 36 14
19.464 6.1257 2.0493 62 34 20
19.461 6.4091 2.0156 64 35 3
19.521 6.129 2.0416 63 36 1
19.336 6.5965 1.9782 60 29 11
19.448 6.2996 2.0706 57 32 0
19.442 6.3076 2.0279 62 35 0
19.415 6.2638 2.0154 62 33 2
19.409 6.2657 1.9802 63 37 12
19.48 6.2555 2.0536 59 33 8
19.486 6.1934 2.0445 62 36 11
19.471 6.2519 1.9906 64 37 20
19.451 6.2283 2.0353 64 37 2
19.453 6.52 2.0449 60 30 4
19.492 6.3694 2.0026 64 37 2
19.433 6.6107 1.968 60 39 12
19.486 6.5098 2.0477 55 30 0
19.51 6.2218 2.0327 58 32 5
19.508 6.3005 2.0639 62 32 14
19.559 6.2855 2.0041 62 31 21
19.487 6.6524 1.9103 59 35 1
19.536 6.2761 2.0422 63 35 4
19.565 6.3065 2.063 58 34 0
19.558 6.328 2.0164 56 30 3
19.515 6.3524 1.9354 61 34 15
19.533 6.2668 2.0097 59 34 2
19.626 6.2012 2.0435 59 34 11
19.649 6.2906 2.0272 60 34 17
19.621 6.2835 2.0359 65 35 9
19.58 6.4534 2.0296 58 33 3
19.612 6.4373 2.0346 56 32 0
19.598 6.2058 2.0399 64 37 18
19.613 6.3948 2.0191 58 33 1
19.581 6.4091 2.0129 60 35 3
19.581 6.3696 2.0019 60 35 15
19.664 6.221 2.127 57 33 0
19.643 6.3857 2.0209 58 31 14
19.66 6.1479 2.059 59 29 11
19.699 6.5643 2.043 55 34 7
19.732 6.3432 2.0393 57 36 5
19.673 6.2784 2.0029 60 35 15
19.68 6.3366 2.0769 59 30 8
19.674 6.7435 1.8996 58 32 9
19.666 6.4361 2.0045 57 31 4
19.706 6.3219 2.0479 59 30 0
19.73 6.4699 2.0498 52 32 0
19.751 6.5287 1.9909 54 29 7
19.745 6.8245 1.9791 51 30 9
19.754 6.6144 2.0256 52 28 0
19.724 6.6183 2.0231 54 25 19
19.78 6.6018 1.9935 56 29 8
19.791 6.2152 2.0567 61 31 13
19.688 6.7339 2.0162 56 29 10
19.713 6.8312 1.9746 55 30 0
19.756 6.5112 2.0316 56 31 1
19.783 6.6117 2.0273 54 31 0
19.813 6.3774 2.0198 56 31 9
19.763 6.238 2.0519 59 33 8
19.724 6.6119 2.0256 54 25 19
19.869 6.5596 2.0056 54 29 6
19.812 6.6376 2.0098 55 32 0
19.785 6.6728 2.0313 53 29 1
19.845 6.2637 2.0678 54 34 0
19.868 6.4666 2.0123 53 27 10
19.814 6.6999 2.0176 53 27 10
19.896 6.5101 1.9864 53 25 11
19.927 6.4456 2.0505 52 29 11
19.924 6.4077 2.0348 50 27 11
19.929 6.606 2.0172 48 27 8
19.958 6.6467 2.0014 51 30 11
19.899 6.4765 2.0415 53 30 0
19.954 6.4108 2.0672 54 28 13
19.954 6.4474 2.0527 54 28 13
19.951 6.4751 2.0032 53 31 8
19.99 6.6871 2.0146 55 30 0
20.017 6.621 2.0422 50 28 7
20.011 6.4719 2.0709 54 29 0
20.031 6.3886 2.0363 51 28 10
20.036 6.4955 2.0236 53 31 8
20.005 6.3261 2.0599 51 28 10
20.009 6.4853 2.0291 58 30 3
19.982 6.5254 2.0131 51 30 9
19.978 6.3639 2.0528 54 29 9
19.987 6.681 1.9833 51 27 13
19.987 6.7192 1.9668 51 27 13
20.039 6.4625 2.0668 48 32 7
20.111 6.7792 2.0048 52 29 0
20.075 6.6878 2.013 53 30 14
20.102 6.6552 2.0212 56 30 15
20.065 6.4802 2.0612 57 30 13
20.062 6.4658 2.0357 53 30 12
20.169 6.4583 2.0634 52 32 0
20.161 6.6627 2.0468 53 27 13
20.185 6.6249 2.0619 52 29 0
20.19 6.7269 1.9862 51 28 12
20.158 6.6631 2.0134 55 29 12
20.124 6.5391 2.0681 56 25 15
20.127 6.5455 2.0962 53 27 0
20.214 6.6744 2.007 52 29 13
20.205 6.5281 2.0981 53 29 15
20.2 6.4472 2.1633 53 32 5
17.105 5.26 1.8702 83 49 24
17.422 5.1415 1.9702 68 41 24
17.313 5.2625 1.9173 73 44 20
17.609 5.1234 1.9641 67 42 22
17.529 5.2036 1.9649 68 41 20
17.655 5.1191 1.9642 70 40 26
17.675 5.0927 1.9513 70 41 7
17.525 5.1636 1.9627 68 39 15
17.422 5.2182 1.9552 69 40 18
17.541 5.141 1.9449 63 35 21
17.507 5.1438 1.9713 70 39 19
17.432 5.3604 1.8978 70 39 19
17.729 5.0839 1.9652 66 35 25
17.538 5.2646 1.9289 68 39 15
17.113 5.57 1.7375 65 39 16
17.661 5.148 1.9505 65 39 16
17.634 5.2112 1.9325 65 39 14
17.516 5.3298 1.9227 68 43 23
17.56 5.2132 1.9612 69 40 6
17.578 5.2679 1.9307 68 42 17
17.654 5.3224 1.931 65 40 20
17.628 5.3086 1.94 69 40 16
17.725 5.1724 1.9689 63 39 13
17.776 5.1861 1.9273 63 37 10
17.561 5.3281 1.9229 69 40 18
17.744 5.2015 1.9841 70 40 14
17.735 5.186 1.922 68 40 13
17.812 5.167 1.9744 68 38 20
17.691 5.2334 1.9236 65 37 23
17.751 5.3124 1.9453 73 43 27
17.814 5.21 1.981 70 43 24
17.736 5.3368 1.9628 69 45 19
17.659 5.3306 1.9631 69 39 21
17.743 5.3564 1.9155 74 45 21
17.782 5.2266 1.9339 68 41 20
17.684 5.3333 1.927 67 40 23
17.79 5.2667 1.9439 71 44 27
17.851 5.2478 1.9591 67 43 7
17.714 5.3202 1.9739 68 43 11
17.89 5.3074 1.9877 75 46 25
17.848 5.2872 1.9329 71 42 20
17.966 5.2607 1.9899 78 48 24
17.879 5.3054 1.9538 74 44 20
17.863 5.2849 1.9705 75 46 22
17.732 5.4677 1.9143 77 47 19
17.946 5.2335 1.9756 73 39 28
18.046 5.2824 1.9439 96 61 31
17.906 5.4069 1.9249 82 47 25
17.754 5.4875 1.9051 83 52 24
18.023 5.2675 1.9495 89 53 27
17.876 5.3857 1.9044 82 50 27
18.012 5.2435 1.9737 86 53 22
17.867 5.3672 1.9504 80 49 18
17.928 5.3957 1.9657 80 48 25
17.997 5.3057 1.9624 85 53 32
17.902 5.3827 1.9742 80 48 23
17.831 5.4403 1.8986 83 51 30
18.064 5.2761 1.985 84 53 23
18.047 5.2932 1.9723 84 53 23
17.957 5.406 1.9588 77 46 25
18.056 5.3218 1.9516 82 51 20
18.003 5.4419 1.9469 77 45 22
18.162 5.2893 1.9818 80 48 25
17.984 5.3674 1.9529 80 48 23
17.967 5.3845 1.9406 80 48 23
18.141 5.2726 1.9903 79 51 22
18.147 5.2548 1.9695 90 55 23
18.016 5.4151 1.926 80 48 23
18.057 5.3102 1.9306 96 60 20
18.011 5.4436 1.9703 78 46 25
18.13 5.3741 1.9561 74 45 24
18.015 5.4823 1.9499 77 44 25
18.155 5.335 1.9484 74 46 7
18.043 5.4391 1.9404 78 47 26
18.101 5.4178 1.9621 78 47 27
18.144 5.4127 1.9678 78 48 24
18.132 5.3605 1.9306 74 46 7
18.117 5.3481 1.9705 76 47 25
18.041 5.54 1.9156 77 44 27
18.022 5.5299 1.9551 77 44 25
18.071 5.4633 1.965 76 44 29
18.2 5.3269 1.9597 76 44 23
18.217 5.3483 1.948 74 45 23
18.168 5.3731 1.9595 77 46 25
18.24 5.4156 1.9314 77 45 24
18.251 5.4148 1.9676 78 47 26
18.215 5.4705 1.9623 76 46 28
18.25 5.362 1.9695 76 45 27
18.115 5.4995 1.9442 75 46 24
18.175 5.4183 1.9597 77 45 22
18.177 5.4594 1.9365 74 44 26
18.128 5.5409 1.9497 78 49 27
18.054 5.5382 1.9528 73 45 14
18.218 5.4665 1.964 76 46 28
18.232 5.3416 1.9814 78 46 25
18.174 5.4747 1.9612 76 44 29
18.054 5.5845 1.929 77 46 26
18.333 5.39 1.9549 76 44 23
18.436 5.3047 2.017 76 46 32
18.145 5.6282 1.9377 78 48 32
18.318 5.3662 1.9712 73 43 27
18.308 5.491 1.9557 83 54 32
18.234 5.5049 1.9794 80 49 31
18.348 5.4271 1.9619 80 51 27
18.309 5.4442 1.9869 82 49 30
18.251 5.4716 1.966 79 51 20
18.168 5.5392 1.9511 78 47 26
18.315 5.4247 1.9635 75 50 30
18.26 5.4476 1.9454 78 49 25
18.394 5.3612 2.1077 80 51 27
18.201 5.5924 1.9219 83 54 30
18.345 5.4306 1.9606 80 51 27
18.283 5.5352 1.9608 86 55 35
18.395 5.4573 1.9461 89 63 38
18.399 5.4073 1.9802 86 56 30
18.352 5.4802 1.9629 88 61 40
18.302 5.5234 2.0031 91 62 40
18.392 5.6112 1.9886 104 75 44
18.396 5.657 1.9578 91 63 32
18.513 5.4971 1.958 84 56 29
18.473 5.5317 2.0008 100 69 38
18.452 5.6803 1.9435 80 51 29
18.591 5.4924 1.9951 77 51 26
18.493 5.5531 1.9889 84 58 33
18.447 5.6337 1.9731 88 58 30
18.508 5.5808 1.97 79 50 28
18.572 5.4587 1.985 81 52 31
18.516 5.5049 1.9861 88 60 33
18.526 5.5412 1.9656 82 52 28
18.439 5.6461 1.9667 88 58 30
18.414 5.7536 1.9356 77 52 22
18.555 5.5616 1.985 79 50 28
18.514 5.639 1.9715 78 50 21
18.641 5.4524 1.9921 75 44 24
18.534 5.7342 1.9493 77 46 26
18.638 5.5772 1.9465 76 47 26
18.531 5.6546 1.9266 77 49 22
18.606 5.6017 1.9915 74 48 25
18.51 5.66 1.9945 76 50 27
18.597 5.5361 1.9692 77 46 25
18.563 5.6304 2.0109 78 50 21
18.6 5.5974 1.9642 75 46 15
18.55 5.637 1.9703 77 47 23
18.657 5.4921 1.9976 75 46 24
18.627 5.6091 1.9589 74 45 21
18.592 5.6817 1.9485 77 44 29
18.674 5.5997 1.9993 73 44 23
18.614 5.7931 1.9525 74 44 16
18.558 5.8146 1.9043 76 45 24
18.732 5.5278 1.9789 72 42 24
18.759 5.5497 1.9997 74 45 21
18.569 5.8116 1.9407 78 48 24
18.718 5.565 1.9889 76 45 24
18.577 5.7211 1.9572 77 45 22
18.564 5.7578 1.9706 75 49 24
18.736 5.6047 1.9961 74 45 23
18.67 5.593 1.9702 75 46 24
18.717 5.4989 1.9988 73 46 25
18.658 5.6999 1.9732 75 46 25
18.675 5.6556 1.9641 74 44 26
18.739 5.6732 1.9909 76 47 25
18.797 5.5953 1.9726 72 43 19
18.772 5.7019 2.0399 76 47 23
18.806 5.6546 1.9693 73 44 23
18.705 5.753 1.9736 74 45 23
18.818 5.5705 2.022 70 38 23
18.79 5.6519 2.0364 72 46 23
18.683 5.7312 1.9891 71 45 22
18.749 5.6264 1.9508 71 45 18
18.768 5.6946 2.0116 74 45 21
18.73 5.7546 1.9419 75 45 21
18.844 5.5653 1.9921 69 40 16
18.717 5.6524 1.9991 74 45 23
18.734 5.6686 1.9591 72 45 26
18.846 5.6673 2.0292 75 47 18
18.8 5.7467 1.948 76 45 24
18.762 5.7878 1.9911 74 45 24
18.801 5.6947 2.0125 76 45 24
18.821 5.8016 1.9841 75 49 22
18.859 5.6905 1.9825 74 46 17
18.919 5.6128 1.9976 72 45 24
18.865 5.5979 2.0044 68 43 21
18.814 5.7484 2.0128 74 49 19
18.85 5.7252 1.9943 74 47 26
18.855 5.6844 1.952 72 45 24
18.832 5.6166 2.0241 73 47 24
18.856 5.6975 1.9782 76 47 25
18.912 5.7275 1.9959 77 46 25
18.878 5.7169 1.9668 76 47 25
18.811 5.9137 1.9574 80 51 27
18.942 5.6453 2.0098 73 47 24
18.865 5.7769 1.9978 80 49 28
18.979 5.6144 1.9982 70 45 15
18.834 5.8293 1.9337 74 48 25
18.918 5.6827 1.957 72 44 17
18.854 5.8746 1.9444 74 48 25
18.881 5.8297 2.004 78 49 27
19.016 5.5736 2.1169 78 49 27
18.933 5.7516 1.9802 77 48 24
18.945 5.7082 1.9743 72 46 23
19.054 5.6626 2.0034 72 45 24
18.999 5.8357 1.9674 73 47 24
19.005 5.7413 2.0208 70 44 17
18.982 5.6929 1.9838 73 46 25
18.994 5.7516 1.9828 73 46 25
18.927 5.9704 1.9607 78 50 23
18.961 5.7732 2.0018 77 51 26
18.937 5.8481 1.9931 77 49 22
18.892 5.923 1.8812 73 50 17
19.034 5.729 1.9975 72 46 21
18.971 5.8437 1.9972 78 50 21
19.009 5.6987 1.9802 71 45 22
18.872 5.9265 1.9489 79 51 22
18.973 5.6987 1.9481 72 44 15
18.994 5.8831 2.011 76 47 23
19.134 5.5597 2.1215 72 46 21
19.073 5.7045 2.0097 75 48 27
19.104 5.7981 1.9899 68 43 23
19.008 5.8296 2.0052 74 47 26
19.087 5.7456 1.9873 75 46 24
19.067 5.8167 1.9785 74 46 19
19.062 5.8488 1.9943 74 45 23
19.13 5.7066 2.0108 72 46 23
19.068 5.7011 1.9808 75 46 15
19.002 5.9459 1.9768 70 44 17
19.035 5.9409 1.9759 74 45 23
19.013 5.8984 1.967 71 45 18
19.115 5.654 2.0098 71 47 13
19.084 6.0028 1.9809 67 42 20
19.174 5.7646 2.0115 67 42 20
19.08 5.9012 1.9987 69 40 19
19.075 5.8989 1.9661 69 39 23
19.164 5.6912 2.0195 67 40 19
19.141 5.8842 1.9749 68 39 18
19.119 5.8765 2.0111 69 42 21
19.148 5.9007 2.0348 67 37 23
19.206 5.7357 1.9962 63 37 14
19.176 5.8482 1.9631 68 39 15
19.129 5.8102 1.9841 68 41 24
19.125 5.8417 1.9992 70 40 22
19.137 5.9149 1.992 66 40 15
19.245 5.8321 2.005 62 37 15
19.171 5.9022 2.0003 65 41 5
19.196 5.9389 2.0126 64 38 13
19.259 5.6723 2.0633 66 42 8
19.266 5.7401 2.0235 64 36 7
19.226 5.7614 1.9811 60 33 14
19.223 5.9471 2.0072 66 36 20
19.3 5.7145 2.0398 61 34 13
19.145 6.005 1.9777 65 39 12
19.194 5.9037 1.9657 67 40 23
19.193 5.8122 2.0162 67 41 18
19.215 5.855 2.0243 64 38 15
19.27 6.0116 2.0093 60 36 0
19.258 5.9076 1.9968 62 35 14
19.289 6.0335 1.9677 62 36 11
19.328 5.836 2.0045 63 37 14
19.303 5.8056 1.9901 61 33 2
19.204 6.0336 1.9966 61 34 17
19.31 5.9256 1.9878 61 35 8
19.305 5.8375 2.0338 62 37 17
19.305 5.8177 2.0125 65 34 22
19.333 5.7977 1.9933 65 36 12
19.267 6.0041 1.9802 62 36 11
19.243 6.0038 2.013 61 35 10
19.37 5.9605 2.0311 63 35 8
19.33 5.9861 1.9874 62 34 21
19.346 6.0859 2.0024 61 36 14
19.397 5.9387 2.0105 63 34 13
19.39 5.8028 2.0236 59 34 14
19.344 5.9032 1.998 62 37 5
19.323 6.0365 1.9919 60 36 10
19.382 5.8628 2.019 61 36 13
19.31 5.9679 2.0317 59 31 20
19.366 5.9544 2.0055 62 32 14
19.37 5.7778 2.0346 63 35 4
19.438 6.0611 2.0131 66 37 13
19.423 5.9932 2.0481 64 35 11
19.383 6.0539 2.0155 62 34 20
19.425 5.9643 2.0296 64 35 14
19.441 6.0182 2.0046 61 35 12
19.391 5.9919 2.017 63 35 22
19.499 6.0078 2.0081 62 32 16
19.534 6.0153 2.0687 65 36 14
19.528 6.0212 2.0339 63 34 13
19.563 5.9171 2.0228 63 34 3
19.466 6.0667 2.0085 61 35 12
19.47 6.0138 2.0053 62 33 11
19.464 6.1027 2.0258 66 36 12
19.478 6.1816 1.9868 63 36 1
19.506 5.9955 2.0455 63 35 6
19.538 5.9335 2.0456 61 34 15
19.583 6.2572 1.9462 59 32 15
19.642 5.9288 2.0478 54 28 5
19.639 5.927 2.0188 58 31 0
19.577 6.0605 2.0128 64 34 16
19.552 6.0754 2.0358 61 33 4
19.594 5.8854 2.0373 59 36 5
19.58 6.0052 2.0084 60 33 16
19.563 6.2232 1.9984 61 37 3
19.543 6.0729 1.9757 59 33 16
19.605 6.0514 2.0193 60 35 13
19.602 6.0379 1.9915 61 36 6
19.549 6.0604 2.0138 61 39 2
19.541 6.0855 1.969 59 33 16
19.575 6.1092 2.018 58 33 10
19.61 5.9524 2.0052 61 34 0
19.658 6.0522 2.0168 60 37 21
19.623 6.1933 2.0121 60 32 21
19.661 5.9937 2.0106 61 32 10
19.644 5.9782 2.085 61 34 17
19.626 6.0961 1.9926 56 32 22
19.653 6.1709 2.02 59 34 12
19.655 6.1202 2.0118 60 34 7
19.684 6.0535 2.0152 61 35 12
19.687 5.9851 2.0159 54 27 6
19.685 6.0799 2.0329 57 31 16
19.66 5.9591 2.0012 57 28 4
19.592 6.2121 2.0041 62 35 16
19.702 6.2692 2.0077 59 33 8
19.763 6.0837 2.0266 56 32 18
19.736 6.0514 2.0146 57 31 8
19.707 6.1259 2.0117 59 36 5
19.708 6.1688 2.0174 58 32 5
19.758 6.0499 1.9874 56 31 0
19.708 6.0357 1.9927 57 30 9
19.733 6.1293 2.0064 56 36 2
19.738 5.9744 2.0251 54 27 6
19.732 6.1932 2.0084 59 36 5
19.728 6.2876 2.002 58 30 17
19.759 6.088 1.9968 54 32 9
19.766 6.0936 2.0534 59 33 8
19.678 6.1896 2.0102 59 32 11
19.713 6.0217 2.0287 60 31 7
19.785 6.2483 2.0127 59 28 16
19.814 6.0203 2.0277 53 31 8
19.811 6.3396 2.0045 59 33 8
19.764 6.1814 2.0406 56 35 8
19.788 6.0266 2.0282 54 31 0
19.842 6.0919 2.0535 53 33 9
19.787 6.155 2.0248 54 31 15
19.788 6.094 2.0241 56 31 9
19.816 6.0942 2.0542 54 27 16
19.813 6.2245 2.0234 57 30 21
19.888 6.1342 1.9995 56 31 1
19.865 6.1453 2.0262 57 30 21
19.839 6.2333 2.0194 53 33 9
19.892 6.1072 2.0432 57 32 12
19.84 6.2232 2.0231 53 33 9
19.866 6.2318 2.0173 55 30 26
19.839 6.3089 2.0184 52 26 9
19.865 6.1499 2.0246 57 30 21
19.864 6.0919 2.0218 51 29 6
19.892 6.2283 2.019 52 29 11
19.887 6.0234 2.0243 56 32 0
19.911 6.2606 1.9381 58 28 12
19.917 6.2222 2.0219 53 29 15
19.914 6.2571 1.9712 51 28 10
19.963 6.193 1.971 60 32 3
19.948 6.2934 2.0524 52 29 11
19.989 6.0947 2.049 55 30 0
19.938 6.0587 2.0376 50 28 7
19.94 6.1576 2.0197 55 30 8
19.968 6.1271 2.0644 56 29 12
19.966 6.2135 1.9913 56 31 11
19.993 6.2073 2.0256 53 28 0
20.021 6.2328 2.0436 54 28 13
20.036 6.0449 2.0702 53 30 0
20.043 6.2192 2.0222 53 25 14
20 6.2795 2.0519 57 30 13
19.997 6.24 2.0392 51 24 7
20.046 6.2107 2.0521 52 31 12
20.015 6.1398 2.0241 54 29 0
19.975 6.4324 1.9918 52 27 20
20.049 6.241 2.0696 51 30 11
20.025 6.2541 2.0616 56 28 14
20.017 6.1581 2.047 53 28 0
20.05 6.2524 2.0647 51 30 11
20.105 6.306 2.0674 51 30 11
20.053 6.28 2.0835 50 29 0
20.128 6.3297 2.0261 53 26 15
20.093 6.2276 2.0122 54 28 3
20.067 6.1778 2.036 54 31 0
20.072 6.2552 2.0299 52 26 1
20.076 6.2383 2.1014 48 24 10
20.078 6.3322 2.0288 48 24 10
20.116 6.1556 2.0742 57 31 6
20.114 6.1542 2.0427 55 30 0
20.1 6.3247 1.9994 55 30 0
20.178 6.3047 2.0673 51 30 0
20.183 6.3938 1.9965 53 27 0
20.169 6.4926 2.0186 55 29 12
20.158 6.3534 2.0441 53 30 14
20.191 6.4324 2.0419 56 33 15
20.129 6.3062 2.0677 53 30 14
20.132 6.3571 2.0446 54 26 23
20.138 6.1637 2.0387 52 27 0
20.199 6.2758 2.0445 55 29 4
20.147 6.2365 2.0658 54 31 15
20.174 6.3006 2.0072 55 28 19
20.193 6.2346 2.0358 53 28 0
20.143 6.1925 2.0537 54 29 0
20.251 6.3004 2.0643 55 29 4
20.249 6.3141 1.9975 59 31 2
20.248 6.2708 2.0768 55 29 4
20.253 6.3284 2.0187 54 30 20
20.23 6.3391 2.0126 54 31 0
