2842
-0.30515 0.38392 -0.56461 0.66386 20.531 20.215 3.3599
21.473 22.833 3.2509 88 58 34
21.462 22.707 3.3022 88 59 35
21.457 22.703 3.2764 88 60 33
21.487 22.852 3.2994 86 62 34
21.461 22.79 3.2776 90 64 37
21.466 22.802 3.2771 90 64 37
21.525 23.054 3.2742 68 49 33
21.44 22.667 3.2535 89 59 35
21.5 22.971 3.3052 72 52 28
21.423 22.62 3.256 89 59 35
21.429 22.549 3.2981 88 60 33
21.44 22.45 3.2928 86 57 26
21.466 22.577 3.2936 88 61 26
21.442 22.592 3.2765 88 60 33
21.463 22.5 3.3141 79 51 24
21.442 22.462 3.2701 90 59 28
21.509 22.489 3.3056 79 48 18
21.528 22.481 3.2783 74 45 23
21.474 22.472 3.29 77 52 22
21.496 22.465 3.2823 86 57 25
21.466 22.46 3.2666 79 47 24
21.545 22.512 3.2967 76 51 19
21.577 22.478 3.2691 77 49 18
21.608 22.482 3.2871 79 51 11
21.562 22.501 3.2713 72 46 23
21.564 22.493 3.3173 76 48 19
21.586 22.485 3.3121 76 48 8
21.597 22.515 3.2893 77 54 23
21.57 22.513 3.2963 79 50 26
21.546 22.509 3.3211 77 49 20
21.664 22.482 3.3224 70 44 19
21.62 22.503 3.3073 79 51 14
21.638 22.488 3.3034 76 46 20
21.582 22.276 3.3024 72 47 24
21.669 22.498 3.2969 70 42 15
21.652 22.417 3.2742 74 46 19
21.662 22.489 3.2753 73 49 13
21.636 22.488 3.2821 72 45 10
21.659 22.525 3.3242 73 44 20
21.682 22.422 3.2905 87 61 36
21.701 22.364 3.2833 76 51 19
21.693 22.387 3.3308 77 48 26
21.655 22.366 3.3137 79 48 2
21.719 22.441 3.307 73 48 18
21.678 22.42 3.2702 67 41 18
21.699 22.407 3.2873 75 49 22
21.684 22.471 3.317 76 47 26
21.692 22.215 3.2982 62 35 18
21.735 22.169 3.2853 54 28 11
21.69 22.208 3.318 70 37 6
21.773 22.226 3.323 55 28 7
21.774 22.19 3.3221 53 28 8
21.794 22.184 3.3172 55 32 1
21.761 22.17 3.3018 51 30 0
21.755 22.199 3.3035 52 29 13
21.79 22.18 3.2976 50 28 7
21.756 22.165 3.2823 53 27 12
21.784 22.165 3.3359 56 31 0
21.821 22.189 3.315 54 27 8
21.814 22.181 3.2943 54 29 0
21.859 22.213 3.2862 50 27 9
21.801 22.156 3.3338 57 29 0
21.818 22.185 3.3142 54 27 8
21.495 22.928 3.1697 48 25 9
21.485 22.91 3.1432 45 19 5
21.49 22.833 3.1691 86 57 33
21.462 22.67 3.2017 85 56 24
21.529 23.09 3.2207 58 42 29
21.527 23.095 3.191 54 37 19
21.459 22.815 3.2029 51 28 20
21.482 22.869 3.2279 36 15 0
21.467 22.749 3.2242 87 59 32
21.481 22.797 3.196 86 59 22
21.447 22.497 3.2015 84 55 24
21.451 22.499 3.2253 87 58 16
21.499 22.65 3.1176 90 61 40
21.456 22.645 3.2249 85 56 34
21.484 22.517 3.2187 78 49 15
21.494 22.557 3.1702 76 51 21
21.423 22.507 3.184 87 60 25
21.448 22.484 3.2471 88 59 27
21.459 22.485 3.1301 96 69 36
21.454 22.521 3.1788 85 58 25
21.491 22.542 3.1945 72 45 10
21.489 22.618 3.1438 87 59 30
21.408 22.454 3.2321 86 59 14
21.475 22.518 3.1489 77 52 20
21.45 22.62 3.2504 87 59 32
21.484 22.468 3.1703 74 49 17
21.52 22.535 3.2341 94 70 42
21.511 22.507 3.2611 90 65 33
21.534 22.52 3.1853 69 43 16
21.523 22.489 3.2104 73 45 5
21.468 22.47 3.2441 76 48 9
21.511 22.52 3.2123 72 48 10
21.547 22.496 3.1594 71 46 16
21.524 22.504 3.1628 73 44 22
21.503 22.508 3.1887 69 44 12
21.547 22.485 3.2062 70 41 7
21.517 22.493 3.1407 79 49 13
21.546 22.487 3.1821 70 43 6
21.524 22.483 3.233 71 45 5
21.49 22.491 3.1485 78 53 23
21.525 22.48 3.2568 72 49 8
21.549 22.508 3.1352 73 46 11
21.593 22.484 3.1508 70 44 17
21.622 22.485 3.1682 67 40 3
21.601 22.478 3.2385 75 46 15
21.605 22.483 3.2633 73 44 22
21.541 22.464 3.2309 75 46 12
21.577 22.499 3.1765 73 44 13
21.59 22.471 3.1748 74 49 3
21.616 22.476 3.145 76 49 12
21.571 22.469 3.2464 74 46 17
21.595 22.477 3.1951 70 39 18
21.616 22.467 3.1909 74 46 9
21.566 22.487 3.1315 79 51 22
21.564 22.51 3.2509 73 45 18
21.577 22.493 3.1998 70 44 17
21.575 22.501 3.1528 75 50 20
21.59 22.516 3.2206 76 49 14
21.593 22.468 3.2186 72 44 13
21.696 22.475 3.1544 69 43 3
21.671 22.47 3.2048 76 48 21
21.65 22.483 3.1857 73 48 18
21.638 22.464 3.1624 77 50 7
21.652 22.474 3.255 72 43 22
21.623 22.471 3.2376 69 45 7
21.608 22.445 3.2166 74 47 2
21.698 22.537 3.1294 79 55 21
21.684 22.499 3.1793 68 42 19
21.646 22.466 3.2335 67 41 18
21.696 22.527 3.1528 70 41 9
21.644 22.466 3.2094 72 44 17
21.637 22.393 3.2539 74 48 23
21.661 22.444 3.229 77 51 24
21.679 22.448 3.1338 81 53 24
21.624 22.468 3.2588 70 45 13
21.647 22.486 3.139 79 50 18
21.654 22.28 3.2662 78 52 11
21.643 22.268 3.2263 75 50 2
21.664 22.309 3.2008 74 48 21
21.689 22.318 3.152 73 47 6
21.646 22.314 3.2488 71 46 14
21.677 22.368 3.2671 72 49 15
21.691 22.448 3.2451 65 40 0
21.64 22.257 3.2472 73 47 7
21.648 22.33 3.1822 89 66 35
21.677 22.426 3.2245 73 44 23
21.65 22.326 3.2267 73 51 14
21.712 22.356 3.1697 78 50 19
21.684 22.35 3.1764 73 50 19
21.689 22.363 3.1513 76 47 13
21.697 22.474 3.1753 73 45 5
21.653 22.334 3.2042 70 40 2
21.643 22.146 3.1824 71 43 3
21.638 22.123 3.2817 80 51 19
21.641 22.139 3.2022 78 48 10
21.698 22.201 3.1705 63 38 15
21.61 22.121 3.2276 80 55 9
21.706 22.212 3.1881 62 38 4
21.616 22.091 3.2456 75 48 11
21.659 22.168 3.2202 75 49 8
21.638 22.126 3.2626 75 47 8
21.674 22.28 3.2218 80 51 11
21.621 22.152 3.1656 92 71 40
21.767 22.236 3.1591 51 25 11
21.73 22.21 3.209 47 26 7
21.764 22.19 3.18 51 25 10
21.712 22.183 3.1885 52 28 2
21.695 22.185 3.2552 64 38 11
21.716 22.141 3.2681 53 27 12
21.701 22.156 3.2521 53 33 0
21.733 22.172 3.2249 48 26 2
21.777 22.25 3.1777 47 28 0
21.737 22.177 3.2455 52 29 0
21.722 22.194 3.23 49 28 0
21.71 22.181 3.1679 51 25 11
21.786 22.178 3.2563 53 30 0
21.787 22.178 3.278 52 28 2
21.794 22.159 3.1922 47 28 0
21.813 22.181 3.2737 53 27 12
21.756 22.172 3.2231 51 30 1
21.755 22.169 3.2422 50 26 0
21.769 22.196 3.1998 51 27 0
21.786 22.184 3.1973 50 26 0
21.8 22.166 3.2132 51 25 0
21.783 22.175 3.2378 54 29 0
21.779 22.138 3.1742 48 25 9
21.781 22.174 3.2168 52 26 12
21.787 22.143 3.2558 53 30 0
21.804 22.17 3.2332 51 25 0
21.754 22.164 3.2628 53 27 2
21.846 22.199 3.2258 48 28 0
21.868 22.234 3.2014 49 26 0
21.854 22.208 3.2441 53 28 0
21.871 22.24 3.1804 52 26 1
21.513 22.938 3.0511 94 59 55
21.515 22.968 2.9909 51 13 0
21.455 22.644 3.0256 85 57 26
21.442 22.821 3.074 82 60 45
21.286 22.122 3.1322 85 60 28
21.512 22.971 2.9642 64 42 19
21.514 22.954 3.0219 45 3 0
21.46 22.665 2.9965 82 57 25
21.491 22.76 2.9539 82 58 22
21.502 22.859 2.9743 86 57 25
21.467 22.752 3.0169 84 56 25
21.51 22.88 2.9706 86 57 25
21.463 22.433 3.1305 80 54 27
21.457 22.488 3.1068 88 60 33
21.49 22.527 3.0248 68 42 2
21.459 22.501 3.0816 85 57 26
21.399 22.421 3.0735 86 58 27
21.551 22.683 2.9737 72 48 22
21.438 22.455 3.0641 85 55 17
21.47 22.552 2.9991 85 56 24
21.456 22.423 3.1116 77 48 16
21.451 22.495 3.0352 86 57 23
21.434 22.528 3.0114 84 59 29
21.543 22.461 3.0406 75 47 10
21.564 22.514 3.0084 66 42 8
21.525 22.518 3.1126 74 51 7
21.528 22.48 3.0677 72 46 5
21.52 22.515 3.0898 93 69 35
21.573 22.514 3.0809 74 47 4
21.529 22.5 2.9928 72 47 15
21.518 22.462 3.0443 73 47 7
21.504 22.482 3.0689 93 70 28
21.543 22.5 3.1105 72 43 19
21.551 22.491 2.9875 70 44 17
21.526 22.487 3.0175 75 48 13
21.543 22.461 3.0403 75 47 10
21.478 22.435 3.0335 67 38 14
21.571 22.516 3.0567 69 42 5
21.491 22.458 3.0479 64 36 0
21.506 22.508 2.9962 70 39 18
21.511 22.433 3.0951 75 50 27
21.596 22.408 3.0319 70 43 22
21.579 22.481 3.0315 72 44 17
21.576 22.469 3.0577 74 48 7
21.627 22.477 2.9972 72 48 10
21.602 22.464 3.0772 73 50 9
21.58 22.467 3.1057 71 46 24
21.591 22.485 3.1263 72 46 23
21.637 22.481 3.0682 68 42 1
21.593 22.461 3.0059 67 45 21
21.577 22.466 3.0819 66 40 17
21.618 22.503 3.0473 66 44 7
21.635 22.484 3.0451 65 40 10
21.557 22.474 3.1106 72 46 6
21.597 22.448 3.1006 68 37 16
21.625 22.501 3.1193 69 43 16
21.58 22.49 3.0065 69 43 16
21.613 22.499 3.0236 72 45 12
21.632 22.364 3.0968 65 38 1
21.636 22.375 3.0733 74 49 5
21.675 22.443 3.1134 72 48 12
21.664 22.436 3.0406 71 43 14
21.642 22.444 3.0445 70 44 3
21.64 22.484 3.0908 65 37 8
21.633 22.411 3.1199 69 44 12
21.639 22.442 3.0196 71 48 7
21.681 22.473 3.0101 70 44 19
21.663 22.481 3.0633 67 43 9
21.661 22.52 3.1103 68 44 10
21.654 22.457 3.09 70 43 8
21.702 22.458 3.0301 71 45 20
21.694 22.438 3.0567 89 64 32
21.647 22.463 2.9941 68 43 13
21.666 22.282 3.1138 74 47 10
21.68 22.272 3.0427 70 44 4
21.678 22.398 3.112 64 37 4
21.674 22.387 3.135 89 69 35
21.685 22.36 3.1353 71 48 7
21.656 22.279 3.0249 45 21 0
21.672 22.391 3.0869 73 45 6
21.632 22.272 3.0749 67 42 10
21.68 22.305 3.1327 72 47 17
21.637 22.285 3.0517 73 49 21
21.696 22.384 3.1076 69 45 11
21.803 22.588 3.0544 73 46 3
21.615 22.195 3.0823 71 44 9
21.652 22.267 3.0497 63 41 2
21.674 22.171 3.0918 56 33 0
21.675 22.207 3.1334 73 45 6
21.658 22.176 3.1591 71 44 11
21.652 22.209 3.1385 83 56 21
21.701 22.173 3.1066 52 27 0
21.688 22.189 3.1341 60 32 1
21.686 22.19 3.1115 59 32 0
21.699 22.253 3.1059 71 43 3
21.721 22.21 3.0809 50 24 0
21.739 22.244 3.0536 49 23 9
21.659 22.225 3.1177 71 46 0
21.704 22.134 3.1496 51 25 0
21.742 22.163 3.0986 47 26 0
21.784 22.196 3.0459 47 23 11
21.727 22.132 3.1648 50 24 10
21.714 22.194 3.1247 49 23 9
21.751 22.222 3.0517 47 26 7
21.721 22.167 3.1062 46 25 0
21.745 22.169 3.075 47 27 2
21.736 22.195 3.0781 49 25 0
21.761 22.158 3.0736 47 26 0
21.707 22.14 3.1492 51 25 0
21.748 22.17 3.1173 48 27 0
21.69 22.15 3.1514 48 27 0
21.734 22.146 3.1422 51 27 0
21.718 22.17 3.0391 46 25 0
21.759 22.195 3.0508 46 27 10
21.801 22.174 3.1502 46 30 0
21.785 22.154 3.09 49 23 0
21.767 22.161 3.1377 54 23 3
21.773 22.173 3.1136 51 25 0
21.804 22.151 3.0452 50 26 0
21.807 22.15 3.1101 51 25 0
21.801 22.14 3.1293 49 25 0
21.823 22.177 3.0846 48 27 0
21.768 22.16 3.1593 50 24 10
21.799 22.173 3.1304 47 27 0
21.805 22.143 3.1508 53 27 2
21.79 22.162 3.1104 49 28 1
21.864 22.202 3.0485 48 27 0
21.772 22.172 3.0932 48 27 0
21.795 22.173 3.0664 48 24 10
21.768 22.16 3.1579 49 28 0
21.795 22.175 3.0459 49 29 2
21.825 22.182 3.0609 52 28 2
21.809 22.115 3.1277 51 27 1
21.834 22.154 3.1006 51 27 0
21.858 22.192 3.0741 48 24 0
21.502 23.004 2.8111 79 54 31
21.54 23.126 2.756 83 62 35
21.484 22.939 2.8547 87 63 37
21.439 22.923 2.8076 87 63 37
21.554 23.181 2.7126 96 66 38
21.53 23.184 2.7831 75 51 25
21.485 22.773 2.8699 82 53 22
21.47 22.637 2.9433 85 58 25
21.48 22.818 2.9244 74 52 29
21.505 22.817 2.8893 78 53 23
21.526 22.991 2.7709 33 9 0
21.492 22.875 2.8592 83 59 31
21.51 22.873 2.7632 83 56 35
21.439 22.585 2.8765 83 56 21
21.426 22.48 2.8911 84 54 26
21.419 22.514 2.9411 84 55 23
21.427 22.49 2.8635 84 57 24
21.454 22.613 2.8947 82 54 23
21.494 22.869 2.8889 79 57 34
21.522 22.993 2.744 90 65 42
21.494 22.892 2.828 36 7 0
21.487 22.758 2.929 82 55 22
21.516 22.867 2.8232 82 55 20
21.48 22.701 2.8252 83 55 26
21.493 22.816 2.8049 82 56 29
21.474 22.447 2.9564 65 39 12
21.462 22.512 2.8515 83 54 23
21.449 22.45 2.9638 83 56 23
21.481 22.471 2.9312 70 39 18
21.421 22.46 2.9201 85 59 19
21.436 22.423 2.9448 83 56 21
21.486 22.468 2.9789 64 39 17
21.466 22.483 2.9822 75 48 5
21.479 22.489 2.8514 68 44 18
21.518 22.576 2.8584 61 37 11
21.456 22.49 2.8807 81 53 22
21.454 22.477 2.9105 83 54 22
21.503 22.481 2.8435 57 35 11
21.438 22.495 2.9368 85 58 21
21.497 22.461 2.8757 57 33 5
21.496 22.514 2.8955 64 38 11
21.577 22.514 2.8775 61 39 15
21.545 22.495 2.9121 69 43 2
21.553 22.507 2.9362 76 47 15
21.506 22.46 2.9498 64 41 10
21.511 22.467 2.9729 70 43 8
21.566 22.472 2.9598 74 46 19
21.563 22.489 2.8588 70 43 8
21.512 22.481 2.9217 87 64 33
21.567 22.486 2.9084 69 43 3
21.531 22.532 2.8852 86 62 36
21.549 22.493 2.9635 72 48 12
21.521 22.455 2.8725 64 42 18
21.568 22.481 2.9359 65 40 10
21.519 22.443 2.8991 63 39 3
21.576 22.46 2.8587 67 41 14
21.627 22.483 2.9726 73 47 20
21.611 22.42 2.855 69 45 7
21.645 22.485 2.8662 65 41 15
21.589 22.457 2.9824 68 39 15
21.582 22.5 2.9806 76 49 16
21.606 22.454 2.9032 69 42 7
21.62 22.478 2.9227 73 45 16
21.635 22.45 2.9469 62 38 4
21.611 22.47 2.8741 69 43 18
21.603 22.505 2.8998 69 42 5
21.588 22.479 2.878 68 43 21
21.605 22.442 2.9549 71 46 16
21.621 22.497 2.8435 69 45 17
21.634 22.457 2.8953 70 46 18
21.646 22.476 2.9165 69 43 3
21.594 22.481 2.9276 70 43 6
21.592 22.47 2.9546 72 45 10
21.666 22.468 2.8876 65 40 18
21.674 22.479 2.9107 63 34 0
21.643 22.461 2.9698 66 42 4
21.686 22.401 2.8904 82 59 18
21.709 22.539 2.9493 63 39 5
21.705 22.526 2.9768 66 40 13
21.692 22.447 2.9859 63 37 10
21.71 22.452 2.8555 76 52 18
21.666 22.419 2.8675 69 43 20
21.646 22.433 2.8714 61 40 9
21.688 22.501 2.9314 69 45 7
21.718 22.353 2.9596 70 46 18
21.664 22.258 2.9563 60 33 0
21.622 22.188 2.927 70 47 14
21.674 22.28 2.9287 69 44 24
21.72 22.352 2.9825 78 47 1
21.671 22.32 2.9259 75 50 18
21.676 22.241 2.9103 75 51 17
21.668 22.323 2.8776 69 43 20
21.69 22.295 3.0165 75 47 16
21.71 22.388 2.9352 39 21 0
21.694 22.355 2.9658 41 15 0
21.564 22.032 3.0185 81 54 11
21.639 22.168 2.9695 81 56 12
21.66 22.208 2.936 75 51 17
21.679 22.147 3.0248 53 29 3
21.673 22.139 3.0074 52 31 2
21.705 22.153 2.9991 45 24 0
21.697 22.182 2.9752 54 32 8
21.712 22.261 2.8977 81 53 22
21.653 22.146 3.0112 79 56 23
21.762 22.204 3.0039 49 25 0
21.768 22.179 2.9619 47 25 10
21.749 22.185 2.9854 47 26 0
21.765 22.207 3.0269 48 23 1
21.744 22.181 2.9668 46 23 7
21.78 22.164 2.9151 52 26 11
21.819 22.223 2.9233 47 24 6
21.691 22.127 3.0263 49 28 1
21.757 22.157 3.0094 45 25 0
21.778 22.155 2.9843 47 26 0
21.781 22.203 2.9343 49 28 0
21.787 22.17 2.9579 48 29 0
21.728 22.119 2.9283 46 23 7
21.749 22.142 3.0338 46 26 1
21.797 22.146 2.9815 46 25 0
21.812 22.171 2.9525 48 25 9
21.787 22.164 3.0259 49 25 0
21.855 22.193 3.0077 48 27 0
21.801 22.151 2.9985 51 27 0
21.76 22.125 3.011 46 26 0
21.845 22.18 2.9881 50 26 0
21.82 22.186 2.9273 46 25 8
21.819 22.176 3.0156 47 28 0
21.803 22.162 2.91 43 22 5
21.944 22.287 2.985 45 25 0
21.962 22.315 2.9565 45 25 1
21.936 22.274 3.0128 45 23 0
21.547 23.118 2.5871 74 45 23
21.538 23.119 2.5211 85 61 33
21.485 22.862 2.6164 50 20 4
21.547 23.05 2.5303 42 5 0
21.481 22.724 2.7658 84 56 25
21.499 22.816 2.6216 83 55 26
21.498 22.76 2.7807 93 64 30
21.482 22.832 2.6891 45 18 0
21.453 22.576 2.7912 83 54 23
21.454 22.57 2.8196 81 55 28
21.474 22.658 2.6885 83 54 22
21.483 22.739 2.7305 84 56 16
21.492 22.785 2.6606 80 52 23
21.507 22.913 2.633 59 39 2
21.479 22.799 2.7524 83 55 26
21.528 22.945 2.6845 83 54 23
21.489 22.767 2.6963 81 53 16
21.483 22.662 2.7424 82 55 10
21.484 22.676 2.7115 82 55 12
21.514 22.931 2.6295 59 34 2
21.518 22.548 2.7264 64 38 15
21.488 22.519 2.8204 66 42 4
21.472 22.555 2.7946 79 51 22
21.508 22.46 2.7428 82 59 43
21.491 22.593 2.8069 83 54 22
21.467 22.474 2.8033 78 51 16
21.516 22.551 2.6972 65 40 18
21.483 22.457 2.7769 74 49 5
21.484 22.451 2.8035 68 45 27
21.5 22.447 2.719 84 63 42
21.51 22.506 2.8193 63 36 17
21.468 22.51 2.692 81 54 17
21.551 22.44 2.7068 70 45 22
21.572 22.482 2.7246 67 46 17
21.557 22.566 2.7399 61 37 0
21.574 22.473 2.7815 73 47 6
21.582 22.478 2.8288 61 37 11
21.519 22.456 2.8452 69 42 5
21.555 22.484 2.8068 70 44 19
21.548 22.463 2.8386 70 44 21
21.521 22.421 2.773 68 41 6
21.55 22.5 2.6986 65 43 19
21.591 22.516 2.7398 64 42 19
21.541 22.458 2.7887 62 39 8
21.557 22.509 2.7225 61 38 7
21.527 22.489 2.7834 66 40 0
21.582 22.484 2.803 64 39 7
21.585 22.456 2.6984 62 40 17
21.541 22.515 2.8065 72 41 11
21.632 22.474 2.7901 68 45 1
21.654 22.458 2.8148 64 39 9
21.65 22.46 2.7616 63 39 1
21.621 22.457 2.7685 61 37 9
21.61 22.497 2.7384 67 44 3
21.636 22.437 2.7429 63 41 20
21.606 22.471 2.823 65 44 17
21.627 22.481 2.7105 64 39 17
21.63 22.464 2.8196 69 44 14
21.637 22.42 2.8483 64 38 13
21.661 22.478 2.7835 70 45 0
21.614 22.511 2.7078 64 42 18
21.604 22.473 2.7973 65 41 7
21.653 22.476 2.7041 66 42 16
21.628 22.478 2.7385 62 43 11
21.743 22.528 2.7563 87 63 35
21.711 22.464 2.8004 87 62 30
21.689 22.489 2.7214 61 39 0
21.685 22.376 2.7402 77 50 13
21.694 22.503 2.6907 64 39 19
21.708 22.516 2.7697 67 44 3
21.637 22.269 2.8681 67 39 8
21.682 22.455 2.8345 65 39 12
21.676 22.458 2.7568 63 42 13
21.699 22.449 2.7527 60 31 10
21.723 22.481 2.8209 78 56 32
21.69 22.389 2.711 73 48 4
21.651 22.365 2.7259 59 34 14
21.634 22.271 2.8183 66 42 14
21.67 22.342 2.7741 71 47 19
21.671 22.337 2.8272 70 47 6
21.705 22.505 2.7964 65 43 4
21.688 22.273 2.8303 78 53 7
21.679 22.295 2.878 70 45 15
21.708 22.316 2.7722 73 48 18
21.709 22.314 2.7947 77 53 1
21.684 22.317 2.8021 81 56 10
21.708 22.365 2.7657 74 46 9
21.713 22.377 2.7337 74 46 17
21.68 22.252 2.8824 79 53 12
21.691 22.274 2.8533 77 54 13
21.649 22.245 2.8673 71 42 20
21.66 22.269 2.8369 70 43 6
21.781 22.301 2.7778 53 31 10
21.71 22.134 2.8904 47 28 0
21.703 22.132 2.7992 48 26 15
21.708 22.129 2.9138 48 27 0
21.675 22.157 2.8942 47 27 2
21.715 22.143 2.8882 46 25 0
21.571 21.982 2.9176 76 49 2
21.738 22.189 2.8068 47 26 0
21.705 22.167 2.8867 50 27 0
21.714 22.184 2.8571 51 30 1
21.715 22.19 2.8379 48 27 0
21.747 22.198 2.8504 50 29 0
21.747 22.325 2.857 73 45 18
21.743 22.195 2.8277 49 30 0
21.728 22.126 2.8592 48 27 0
21.772 22.158 2.8492 47 28 0
21.802 22.165 2.8394 49 26 8
21.797 22.205 2.7662 49 23 8
21.759 22.134 2.9036 49 25 0
21.758 22.18 2.8022 49 26 10
21.759 22.179 2.8259 50 27 9
21.72 22.109 2.9081 46 25 4
21.806 22.174 2.8138 48 27 6
21.761 22.145 2.8069 47 26 5
21.759 22.184 2.7786 51 28 10
21.782 22.172 2.8668 48 24 0
21.845 22.154 2.8299 49 25 0
21.88 22.211 2.7718 48 25 9
21.815 22.184 2.8599 50 24 0
21.834 22.176 2.8345 50 27 9
21.813 22.105 2.8894 49 28 0
21.823 22.12 2.8616 46 26 0
21.808 22.138 2.8198 48 27 0
21.832 22.172 2.8561 50 24 0
21.872 22.197 2.7978 47 28 11
21.844 22.195 2.7814 49 23 6
21.815 22.184 2.8609 50 24 0
21.3 22.53 2.6462 39 13 0
21.543 23.165 2.4373 91 64 29
21.436 22.958 2.4765 107 85 87
21.48 22.872 2.5561 82 56 31
21.518 22.993 2.4842 89 63 36
21.467 22.615 2.5533 81 54 21
21.477 22.558 2.5932 83 55 24
21.429 22.463 2.5454 81 55 14
21.453 22.55 2.6594 81 56 24
21.521 22.911 2.503 84 54 52
21.488 22.831 2.4949 39 2 7
21.493 22.73 2.6107 82 57 27
21.513 22.815 2.4943 79 51 22
21.51 22.796 2.5314 81 54 17
21.426 22.439 2.6069 81 53 22
21.467 22.605 2.5845 83 55 18
21.487 22.794 2.5978 82 54 25
21.503 22.85 2.5537 81 56 24
21.462 22.436 2.6798 57 32 2
21.514 22.528 2.5321 65 40 18
21.523 22.539 2.5566 58 34 8
21.479 22.407 2.7079 61 37 3
21.47 22.488 2.5543 82 55 18
21.45 22.417 2.6601 81 57 29
21.535 22.511 2.5342 63 42 13
21.51 22.622 2.6275 80 53 20
21.52 22.46 2.6056 57 29 0
21.457 22.442 2.6266 81 57 19
21.457 22.449 2.5958 82 55 8
21.519 22.459 2.6057 57 29 0
21.488 22.435 2.6721 60 38 17
21.498 22.473 2.6062 61 37 0
21.519 22.467 2.5769 60 35 5
21.476 22.415 2.6526 64 39 17
21.554 22.461 2.652 66 41 21
21.597 22.489 2.6627 69 48 21
21.569 22.488 2.6695 60 36 8
21.586 22.49 2.5543 67 43 15
21.593 22.44 2.5914 64 39 16
21.539 22.489 2.6542 64 37 4
21.601 22.463 2.555 55 27 14
21.53 22.477 2.6263 61 35 8
21.581 22.46 2.6419 60 35 5
21.572 22.468 2.5338 59 39 5
21.541 22.459 2.543 65 42 9
21.549 22.456 2.626 65 39 16
21.547 22.46 2.5969 63 37 10
21.573 22.451 2.6233 63 40 0
21.582 22.476 2.5862 65 41 7
21.547 22.467 2.5695 67 44 11
21.655 22.492 2.6486 65 44 17
21.661 22.444 2.6822 69 44 12
21.657 22.44 2.6551 67 41 18
21.678 22.448 2.5426 66 41 19
21.652 22.557 2.5774 60 40 3
21.687 22.46 2.5598 64 42 18
21.62 22.473 2.6875 62 42 15
21.645 22.479 2.6256 62 40 16
21.666 22.463 2.6242 64 40 4
21.658 22.453 2.6 57 35 0
21.656 22.454 2.5717 65 42 11
21.629 22.463 2.5489 65 40 20
21.658 22.494 2.6737 61 36 14
21.663 22.474 2.5376 65 40 18
21.618 22.434 2.5852 63 40 9
21.603 22.398 2.624 62 40 16
21.615 22.468 2.6626 60 35 12
21.635 22.516 2.6194 59 35 9
21.718 22.456 2.6099 79 47 26
21.654 22.289 2.6364 68 44 6
21.703 22.423 2.6494 85 58 25
21.74 22.508 2.5384 75 49 8
21.74 22.56 2.5554 61 37 1
21.678 22.286 2.6299 73 48 18
21.691 22.312 2.5942 71 47 13
21.682 22.332 2.672 72 48 12
21.721 22.466 2.581 80 51 20
21.658 22.301 2.6057 71 42 21
21.673 22.321 2.6504 73 50 8
21.721 22.517 2.5988 69 41 10
21.668 22.403 2.6888 68 40 11
21.686 22.444 2.6481 59 36 5
21.679 22.232 2.6909 76 48 8
21.692 22.203 2.7424 56 25 4
21.747 22.266 2.6147 49 24 2
21.69 22.204 2.7173 78 49 9
21.7 22.282 2.6002 75 48 15
21.681 22.232 2.7138 77 48 17
21.66 22.245 2.6946 74 49 5
21.66 22.248 2.6677 71 46 2
21.657 22.187 2.754 71 46 14
21.701 22.275 2.6525 74 50 0
21.719 22.312 2.6136 71 45 20
21.762 22.334 2.6229 67 42 0
21.697 22.087 2.7848 50 26 0
21.683 22.146 2.7529 50 26 0
21.678 22.108 2.6671 49 23 8
21.683 22.064 2.792 46 22 8
21.676 22.104 2.6695 49 23 8
21.726 22.136 2.7438 46 26 0
21.716 22.16 2.7444 47 27 0
21.681 22.109 2.6896 42 23 6
21.755 22.222 2.7486 49 25 11
21.008 23.597 1.9437 103 69 40
21.083 23.839 1.8293 97 63 34
21.21 23.894 1.955 107 77 43
21.217 23.71 2.0217 107 78 44
21.235 23.68 1.9292 83 53 27
21.211 23.597 1.9284 84 53 22
21.172 23.556 1.9982 85 54 23
21.308 23.832 1.8595 82 51 23
21.319 23.691 1.9095 81 51 17
21.307 22.583 2.3693 59 42 16
21.284 22.602 2.3669 57 42 19
21.524 22.972 2.3523 81 56 10
21.315 22.453 2.3815 56 41 22
21.574 23.125 2.2618 70 45 22
21.473 22.683 2.3851 79 51 22
21.477 22.704 2.3464 81 53 14
21.487 22.742 2.2985 81 53 14
21.447 22.467 2.4517 76 50 9
21.597 22.998 2.2885 81 53 26
21.464 22.73 2.4055 74 54 30
21.469 22.606 2.3787 79 51 20
21.59 23.085 2.2339 77 51 26
21.506 22.68 2.4037 78 54 20
21.539 22.834 2.3849 79 57 20
21.477 22.635 2.333 81 51 23
21.503 22.713 2.2666 79 51 22
21.471 22.736 2.4306 75 54 33
21.503 22.797 2.2407 78 52 25
21.541 22.483 2.4527 58 38 1
21.537 22.465 2.4877 57 37 3
21.55 22.503 2.4442 58 38 1
21.541 22.497 2.3882 62 37 7
21.49 22.438 2.449 67 42 10
21.523 22.491 2.5112 80 58 34
21.557 22.527 2.4046 59 36 0
21.499 22.442 2.5014 56 35 8
21.506 22.481 2.4025 63 42 13
21.484 22.374 2.4145 66 40 25
21.446 22.382 2.5346 58 36 0
21.484 22.532 2.5106 82 55 22
21.437 22.367 2.5127 66 42 4
21.481 22.409 2.4879 54 30 2
21.502 22.508 2.5139 62 39 8
21.459 22.43 2.4619 92 67 23
21.576 22.656 2.2952 56 36 9
21.537 22.671 2.4293 81 54 17
21.48 22.489 2.406 81 54 19
21.617 22.461 2.4347 60 35 3
21.568 22.473 2.4766 63 38 8
21.595 22.483 2.4071 59 36 3
21.616 22.502 2.5138 56 35 6
21.598 22.437 2.3924 54 35 5
21.564 22.478 2.4189 61 40 11
21.551 22.456 2.3987 61 40 11
21.568 22.465 2.5064 61 36 16
21.566 22.402 2.525 60 35 13
21.601 22.436 2.4218 59 39 5
21.588 22.454 2.4764 60 36 8
21.62 22.53 2.4163 59 37 0
21.561 22.416 2.4068 61 36 13
21.518 22.415 2.5355 61 39 15
21.546 22.452 2.3725 64 41 10
21.566 22.475 2.4493 63 37 12
21.712 22.48 2.4083 54 30 4
21.741 22.542 2.3504 56 37 7
21.636 22.456 2.3744 58 36 12
21.658 22.43 2.4348 65 42 11
21.67 22.501 2.4718 63 39 5
21.647 22.459 2.4604 64 40 2
21.644 22.46 2.4303 57 34 3
21.665 22.45 2.4005 56 31 11
21.679 22.457 2.5119 61 39 16
21.688 22.478 2.4726 56 35 6
21.627 22.471 2.49 69 46 13
21.627 22.477 2.4578 61 35 8
21.674 22.458 2.4529 70 47 6
21.651 22.456 2.5167 58 38 4
21.624 22.459 2.5239 64 43 24
21.641 22.459 2.4013 54 33 4
21.66 22.447 2.3718 57 35 11
21.716 22.427 2.4485 69 43 3
21.698 22.342 2.4784 72 44 5
21.728 22.388 2.5122 70 42 13
21.66 22.37 2.5085 61 36 13
21.688 22.366 2.5317 67 46 17
21.717 22.426 2.4796 67 43 15
21.721 22.371 2.5462 70 45 13
21.677 22.341 2.5661 74 47 14
21.686 22.272 2.5007 72 44 15
21.702 22.345 2.5031 71 48 6
21.692 22.436 2.4535 58 33 3
21.685 22.329 2.4301 65 42 9
21.669 22.248 2.4576 70 46 12
21.655 22.221 2.4967 70 46 8
21.728 22.455 2.4079 65 40 8
21.717 22.425 2.4806 67 43 15
21.676 22.31 2.4381 65 42 9
21.684 22.406 2.5468 63 39 11
21.708 22.424 2.3965 61 37 9
21.656 22.357 2.5402 62 38 12
21.688 22.184 2.5249 47 25 2
21.652 22.158 2.5906 74 48 7
21.689 22.181 2.5535 50 29 2
21.701 22.255 2.4755 70 43 10
21.707 22.306 2.5127 77 51 1
21.718 22.221 2.6086 48 29 15
21.647 22.145 2.6193 66 43 9
21.699 22.287 2.5461 76 49 4
21.704 22.291 2.5715 77 46 16
21.662 22.182 2.5317 70 45 15
21.765 22.257 2.5893 46 25 0
21.686 22.128 2.6129 45 23 0
20.661 23.304 1.8394 119 90 58
20.907 23.418 1.8331 113 83 45
20.907 23.418 1.8334 113 83 45
20.912 23.389 1.8818 112 82 46
20.867 23.385 1.8602 124 91 58
20.875 23.383 1.8994 120 87 54
20.826 23.052 1.9789 145 104 59
20.841 23.487 1.8245 127 94 61
20.981 23.581 1.8244 104 75 44
21.028 23.434 1.832 99 70 36
21.03 23.596 1.8476 102 73 41
20.976 23.482 1.9083 104 75 44
20.988 23.806 1.8215 107 74 41
21.013 23.532 1.8393 103 75 44
20.983 23.47 1.9579 102 68 39
20.956 23.451 1.8432 109 78 47
20.986 23.397 1.8591 103 72 41
21.069 23.806 1.7953 96 66 40
21.125 23.424 1.932 86 54 31
21.051 23.528 1.8321 98 68 40
21.17 23.632 1.8823 84 54 28
21.111 23.432 1.8489 87 56 28
21.074 23.106 1.9208 89 54 34
21.05 23.475 1.8945 94 69 39
21.016 23.173 1.9077 93 66 33
21.205 23.413 1.9536 85 54 26
21.209 23.625 1.8713 85 53 30
21.177 23.237 1.8734 85 53 28
21.159 23.407 1.9251 85 55 29
21.179 23.356 1.9044 84 52 29
21.145 23.374 1.9033 84 54 28
21.199 23.576 1.8894 85 53 30
21.248 23.506 1.8231 85 53 28
21.137 23.183 1.9495 85 53 30
21.126 23.162 1.9154 85 53 32
21.134 23.353 1.8717 83 51 28
21.218 23.259 1.8513 86 54 29
21.111 23.122 1.9006 83 51 28
21.184 23.346 1.9427 84 53 32
21.225 23.509 1.9141 83 51 26
21.24 23.05 1.9312 90 58 33
21.301 23.128 1.918 92 61 30
21.229 23.152 1.8914 90 57 26
21.234 23.299 1.8699 87 55 30
21.281 23.078 1.907 91 57 30
21.345 23.162 1.8934 88 57 26
21.396 23.211 1.8646 84 53 22
21.353 23.166 1.9285 92 60 21
21.255 22.289 2.4255 58 41 23
21.414 23.147 1.875 81 47 20
21.463 22.482 2.2955 76 51 21
21.495 22.519 2.1799 77 48 26
21.452 22.507 2.3516 79 55 21
21.464 22.547 2.3043 78 51 18
21.506 22.733 2.2272 77 49 20
21.455 22.473 2.2709 75 47 18
21.516 22.77 2.1783 75 49 22
21.44 22.507 2.2638 75 47 16
21.473 22.581 2.2577 78 53 23
21.489 22.529 2.3331 78 50 23
21.448 22.465 2.2478 77 50 13
21.468 22.427 2.3121 68 40 13
21.54 22.555 2.1517 59 36 3
21.47 22.422 2.3444 64 42 3
21.528 22.451 2.2331 59 37 14
21.492 22.402 2.3753 76 55 28
21.54 22.446 2.3451 63 42 15
21.511 22.47 2.2566 49 30 0
21.463 22.425 2.2882 63 37 0
21.532 22.445 2.2894 62 36 13
21.481 22.475 2.2339 60 33 0
21.538 22.45 2.3141 59 34 14
21.491 22.407 2.3435 80 56 30
21.532 22.526 2.197 54 34 0
21.465 22.429 2.2851 64 38 0
21.499 22.433 2.3015 53 34 4
21.535 22.459 2.2535 59 36 3
21.566 22.454 2.2737 56 35 4
21.565 22.44 2.3419 61 39 18
21.595 22.437 2.3646 59 37 13
21.606 22.493 2.1881 59 34 11
21.571 22.482 2.2045 52 31 12
21.596 22.466 2.2334 55 32 0
21.599 22.465 2.2658 54 32 8
21.629 22.466 2.2568 62 38 10
21.59 22.501 2.2832 59 33 16
21.622 22.46 2.2289 56 35 4
21.646 22.496 2.2707 63 36 17
21.619 22.461 2.1999 60 37 19
21.563 22.456 2.245 60 37 6
21.607 22.467 2.3218 64 39 16
21.599 22.507 2.3402 56 32 4
21.604 22.469 2.2908 53 32 3
21.623 22.442 2.326 64 38 23
21.657 22.464 2.2499 59 37 13
21.668 22.474 2.3035 58 38 3
21.657 22.472 2.2145 58 36 13
21.729 22.525 2.3295 60 36 10
21.679 22.45 2.2483 60 36 2
21.663 22.459 2.3368 58 36 13
21.65 22.49 2.3312 59 35 9
21.664 22.36 2.3127 56 35 6
21.678 22.454 2.2158 55 34 5
21.67 22.421 2.3201 64 40 14
21.653 22.45 2.2843 60 36 8
21.696 22.427 2.2512 54 32 9
21.662 22.351 2.3434 69 46 12
21.732 22.5 2.182 54 32 17
21.686 22.459 2.2721 58 34 8
21.726 22.37 2.2915 63 40 0
21.679 22.232 2.3794 69 47 10
21.697 22.304 2.4058 69 44 22
21.747 22.472 2.1883 63 39 5
21.689 22.307 2.296 65 39 12
21.698 22.27 2.3342 73 45 5
21.687 22.345 2.3398 64 40 6
21.687 22.341 2.3693 65 41 15
21.696 22.361 2.331 64 40 6
21.677 22.317 2.4061 66 44 20
21.739 22.39 2.3094 65 43 6
21.73 22.436 2.2366 64 37 16
21.724 22.357 2.3544 66 43 10
21.671 22.28 2.2817 64 39 19
21.697 22.269 2.3343 73 45 5
21.681 22.244 2.3198 75 46 12
21.731 22.433 2.2674 64 40 2
21.704 22.218 2.461 49 28 1
21.644 22.082 2.4396 51 30 3
21.723 22.168 2.4159 42 21 0
21.706 22.191 2.3576 46 24 0
21.724 22.3 2.428 67 44 10
21.711 22.191 2.4092 45 20 0
21.713 22.156 2.3973 41 23 0
21.649 22.138 2.3954 70 45 1
21.691 22.214 2.3293 73 46 9
21.648 22.133 2.4206 66 42 4
21.727 22.181 2.3542 40 22 0
21.679 22.148 2.355 52 27 0
21.727 22.308 2.3959 70 44 19
21.736 22.329 2.3598 70 46 8
21.699 22.09 2.4239 39 21 0
21.685 22.064 2.4596 41 23 0
20.395 22.906 1.9097 76 56 32
20.381 23.016 1.8131 74 56 32
20.38 23.035 1.8031 74 56 32
20.411 23.012 1.8048 72 55 35
20.512 22.903 1.8658 76 56 31
20.549 22.908 1.8822 84 64 30
20.591 23.179 1.7636 84 62 38
20.602 23.302 1.734 87 66 37
20.58 23.023 1.8116 81 59 35
20.574 23.133 1.714 81 61 37
20.557 22.969 1.8837 82 60 36
20.534 23.204 1.8078 81 60 31
20.534 23.218 1.8011 81 60 31
20.565 23.037 1.8866 83 63 36
20.525 23.342 1.695 82 60 36
20.542 22.956 1.829 80 61 31
20.689 23.167 1.8975 140 104 64
20.689 22.999 1.8628 113 80 49
20.647 23.15 1.8781 118 85 40
20.66 23.036 1.8578 110 79 49
20.697 23.002 1.8976 116 86 52
20.686 23.276 1.8022 122 89 56
20.698 22.868 1.8605 109 78 48
20.669 22.889 1.8614 111 77 48
20.627 23.016 1.8778 110 79 49
20.638 23.108 1.8612 110 81 50
20.662 22.933 1.9457 111 81 45
20.74 22.84 1.9326 113 83 47
20.731 23.046 1.8635 120 86 51
20.73 22.884 1.8442 111 77 52
20.78 22.868 1.9401 118 85 54
20.742 22.952 1.8383 110 79 49
20.775 22.889 1.8919 117 83 45
20.729 23.119 1.7893 115 82 49
20.71 22.938 1.8549 109 78 48
20.767 23.091 1.8298 117 84 51
20.772 23.058 1.8843 123 91 53
20.765 22.862 1.8745 109 79 45
20.718 23.239 1.8092 125 91 54
20.871 23.003 1.9143 118 85 52
20.809 22.916 1.8727 112 82 46
20.857 23.179 1.8376 126 92 55
20.798 22.877 1.8596 107 77 43
20.851 22.747 1.9415 106 72 43
20.851 22.806 1.8761 102 71 43
20.888 22.99 1.8439 103 74 40
20.823 22.82 1.8817 106 75 44
20.82 23.225 1.7853 121 87 52
20.836 22.885 1.8708 109 76 41
20.953 22.942 1.8852 100 69 38
20.916 23.099 1.8552 106 75 44
20.889 22.81 1.8965 101 70 40
20.932 22.852 1.9004 103 72 41
20.924 22.967 1.881 103 73 39
20.992 23.11 1.8698 100 69 41
20.979 23.072 1.8466 100 69 41
20.906 22.888 1.8875 103 72 42
20.924 22.836 1.875 100 70 34
20.893 22.972 1.8938 107 76 45
20.969 22.883 1.8737 96 67 35
20.962 22.881 1.8373 94 64 36
20.984 22.824 1.8597 98 68 30
21.001 22.887 1.8593 94 65 34
21.005 22.91 1.8457 94 65 34
21.06 23.106 1.8473 88 54 27
21.047 23.19 1.853 90 55 33
21.043 22.904 1.8727 84 53 22
21.014 23.205 1.8546 99 71 34
21.027 22.85 1.8684 88 53 31
21.047 22.894 1.913 83 54 23
21.049 22.804 1.8862 86 50 26
20.974 22.878 1.9029 94 65 34
21.036 23.008 1.8634 86 54 29
21.053 23.03 1.9202 85 53 30
21.026 23.106 1.8563 95 67 38
20.992 22.948 1.9027 94 65 31
21.185 23.043 1.8335 83 51 26
21.112 22.838 1.9925 83 51 30
21.131 22.952 1.8955 85 51 24
21.125 22.897 1.96 83 51 30
21.089 23.045 1.9032 84 52 29
21.119 22.808 1.8968 84 48 22
21.152 23.15 1.8745 86 54 29
21.088 22.934 1.8823 84 49 29
21.2 23.209 1.8326 84 52 27
21.137 22.861 1.8982 83 50 19
21.079 22.793 1.8832 85 51 26
21.122 22.708 1.9109 83 49 22
21.095 22.727 1.9114 85 51 26
21.088 22.84 1.856 85 51 26
21.107 22.872 1.9037 86 53 22
21.073 22.892 1.8733 86 53 18
21.095 22.843 1.886 83 48 26
21.183 22.895 1.9087 82 50 25
21.256 23.028 1.8623 82 50 25
21.201 22.754 1.8986 84 50 23
21.188 23.002 1.9315 85 53 28
21.233 23.074 1.8489 82 51 23
21.267 23.045 1.8936 85 54 26
21.192 23.047 1.8724 84 53 25
21.243 22.872 1.8966 81 48 15
21.208 22.758 1.9265 81 47 22
21.156 22.803 1.926 83 48 28
21.205 23.103 1.8425 84 53 25
21.224 22.925 1.8833 82 47 27
21.237 23.063 1.8913 87 56 28
21.233 23.076 1.8488 82 51 23
21.188 22.804 1.9147 80 48 23
21.165 22.737 1.9148 85 51 16
21.161 22.851 1.8619 85 51 26
21.261 22.741 1.8864 83 51 26
21.35 22.972 1.8977 83 48 26
21.305 22.764 1.8947 82 51 21
21.303 22.83 1.9396 83 49 24
21.327 22.821 1.8987 81 49 24
21.265 22.831 1.9111 82 48 19
21.252 22.806 1.8917 83 47 23
21.321 22.99 1.8976 85 49 27
21.275 22.949 1.9281 87 52 30
21.27 22.951 1.8894 82 50 27
21.239 22.777 1.8787 80 49 28
21.287 22.889 1.9142 84 49 29
21.301 22.826 1.9411 83 49 24
21.3 22.84 1.8975 83 48 28
21.317 23.08 1.8946 87 55 30
21.253 22.809 1.89 82 48 21
21.367 23.013 1.9102 81 50 22
21.271 22.759 1.9071 80 45 23
21.367 22.899 1.9601 78 46 23
21.352 22.885 1.8976 79 47 24
21.405 23.04 1.8516 77 46 16
21.32 22.712 1.9185 81 47 18
21.359 22.802 1.9346 78 46 25
21.548 22.514 2.1355 51 29 5
21.555 22.462 2.1544 53 33 9
21.558 22.462 2.1855 54 31 0
21.575 22.566 2.1408 51 29 6
21.501 22.472 2.1656 55 34 7
21.597 22.427 2.159 46 25 4
21.621 22.47 2.1631 55 33 10
21.584 22.461 2.144 54 34 9
21.647 22.463 2.1588 57 34 18
21.578 22.441 2.1874 56 35 8
21.662 22.488 2.1753 56 33 15
21.778 22.549 2.0591 24 22 0
21.737 22.516 2.1442 55 34 17
21.671 22.453 2.1553 50 32 10
21.686 22.475 2.1739 54 32 9
21.72 22.277 2.2127 68 45 12
21.66 22.269 2.2328 61 40 11
21.754 22.34 2.1459 65 42 0
21.707 22.351 2.2155 63 39 13
21.754 22.344 2.1139 65 44 1
21.688 22.269 2.2237 66 41 19
21.674 22.239 2.2673 70 48 11
21.713 22.318 2.1655 61 39 15
21.706 22.248 2.2558 70 45 13
21.722 22.294 2.1196 47 34 15
21.722 22.432 2.1795 64 44 17
21.696 22.34 2.1651 54 34 9
21.674 22.235 2.2957 72 50 13
21.689 22.214 2.3004 71 48 15
21.704 22.195 2.3043 50 28 4
20.057 22.665 1.8664 84 64 40
19.993 22.684 1.8401 179 138 92
20.019 22.684 1.8311 107 79 42
20.06 22.97 1.801 67 50 20
20.087 22.925 1.7817 73 54 24
20.073 22.707 1.8239 74 55 38
20.187 22.749 1.8255 67 49 27
20.153 22.688 1.9151 68 47 28
20.256 22.117 2.2182 69 49 22
20.144 22.788 1.8822 62 44 22
20.196 22.515 1.9769 69 52 22
20.192 22.54 1.9615 69 52 22
20.221 22.629 1.856 68 52 26
20.253 22.58 1.8808 68 54 18
20.231 22.615 1.8981 74 55 23
20.273 22.632 1.8395 71 54 34
20.368 22.722 1.8503 70 53 33
20.365 22.652 1.8588 71 51 24
20.369 22.361 2.0776 71 53 31
20.404 22.189 2.1729 72 54 30
20.366 22.535 1.8997 73 57 34
20.456 22.563 1.9189 76 56 32
20.422 22.583 1.8861 71 56 27
20.446 22.627 1.8423 78 60 38
20.39 22.551 1.8837 67 55 31
20.397 22.681 1.86 75 56 39
20.402 22.725 1.867 73 55 33
20.426 22.804 1.8117 76 55 34
20.363 22.892 1.7777 70 54 28
20.386 22.752 1.7906 70 54 31
20.505 22.851 1.8598 79 58 39
20.515 22.435 2.0008 80 60 36
20.471 22.747 1.8988 78 60 38
20.472 22.972 1.8001 75 57 33
20.486 22.712 1.8508 77 61 35
20.49 22.841 1.8007 78 58 31
20.48 22.635 1.8622 79 62 32
20.462 22.592 1.9334 66 49 21
20.495 22.95 1.7707 78 60 38
20.463 22.746 1.8667 75 58 30
20.548 22.869 1.7585 89 63 36
20.582 22.646 1.9203 88 67 38
20.576 22.714 1.8472 116 86 52
20.611 22.709 1.8723 115 80 50
20.598 22.048 2.1921 139 99 61
20.604 22.695 1.8473 117 84 51
20.534 22.913 1.8173 80 59 38
20.54 22.883 1.7158 95 71 37
20.592 22.807 1.8558 107 78 54
20.672 22.514 1.9025 144 102 64
20.63 22.635 1.8785 123 90 57
20.66 22.849 1.8484 110 79 49
20.651 22.811 1.8329 111 80 50
20.659 22.655 1.854 127 90 54
20.619 22.729 1.8935 110 78 53
20.621 22.573 1.886 136 98 59
20.63 22.855 1.8511 108 77 49
20.666 22.662 1.8812 120 85 55
20.642 22.581 1.8391 159 116 74
20.642 22.77 1.8263 117 83 54
20.641 22.544 1.8633 159 116 74
20.686 22.784 1.8751 109 78 48
20.676 22.727 1.8742 115 81 56
20.673 22.532 1.8906 144 102 64
20.648 22.557 1.8851 140 102 65
20.685 22.619 1.8665 132 98 61
20.742 22.738 1.88 111 77 48
20.735 22.545 1.8938 134 93 61
20.755 22.706 1.8234 117 83 48
20.78 22.766 1.8856 107 78 44
20.737 22.571 1.8771 134 93 61
20.698 22.721 1.836 126 89 55
20.715 22.781 1.8669 111 78 45
20.723 22.669 1.8583 121 87 52
20.711 22.819 1.8076 115 82 51
20.712 22.605 1.8644 145 105 67
20.789 22.936 1.7525 108 77 49
20.763 22.554 1.8785 125 87 48
20.755 22.818 1.864 111 77 48
20.73 22.675 1.8819 117 84 53
20.756 22.642 1.8961 112 80 41
20.754 22.62 1.9093 112 80 41
20.843 22.846 1.7831 101 72 41
20.831 22.432 1.9289 101 70 42
20.798 22.714 1.8762 104 75 43
20.822 22.535 1.9027 107 75 34
20.782 22.62 1.8982 109 75 46
20.815 22.812 1.8488 108 78 42
20.8 22.585 1.8801 108 75 42
20.834 22.455 1.9133 102 71 43
20.781 22.524 1.8569 121 84 50
20.789 22.543 1.8748 115 81 44
20.816 22.67 1.8606 104 73 43
20.82 22.565 1.8512 101 71 37
20.846 22.626 1.9065 104 73 42
20.843 22.653 1.8561 101 72 38
20.776 22.623 1.8659 115 81 44
20.86 22.69 1.9037 102 71 41
20.931 22.657 1.8268 92 62 26
20.913 22.647 1.9073 97 68 34
20.903 22.556 1.8283 99 70 39
20.871 22.643 1.8557 106 72 43
20.888 22.601 1.8416 100 70 44
20.916 22.71 1.8359 94 65 33
20.918 22.607 1.8303 98 69 37
20.941 22.644 1.8952 98 70 41
20.946 22.823 1.8346 95 68 33
20.887 22.712 1.8505 98 71 38
20.903 22.736 1.897 99 69 41
20.887 22.848 1.8422 101 72 41
20.884 22.535 1.9128 98 68 40
20.945 22.7 1.8319 98 69 38
20.875 22.556 1.8391 101 71 37
20.861 22.614 1.8408 96 67 36
21.003 22.757 1.884 87 52 30
20.98 22.695 1.8598 91 63 32
21.014 22.687 1.8889 86 55 27
20.995 22.525 1.8815 88 52 28
21.007 22.557 1.8942 87 52 22
20.995 22.615 1.8949 88 53 34
20.956 22.693 1.905 94 66 39
20.95 22.561 1.9091 97 67 39
20.975 22.573 1.8611 87 51 25
20.93 22.511 1.8771 99 70 38
21.033 22.752 1.8789 87 53 28
20.992 22.63 1.8545 91 53 25
20.977 22.612 1.8008 89 55 30
20.968 22.414 1.9244 90 54 32
20.951 22.598 1.8554 93 66 29
20.987 22.699 1.8875 89 52 33
21.107 22.67 1.8995 85 51 24
21.099 22.66 1.8737 84 50 23
21.049 22.68 1.9132 85 52 21
21.045 22.691 1.8772 87 53 26
21.047 22.582 1.897 83 52 21
21.041 22.474 1.8981 85 51 24
21.048 22.616 1.8443 83 52 24
21.029 22.638 1.8737 87 51 29
21.012 22.494 1.8604 88 52 26
21.063 22.631 1.8989 83 51 28
21.036 22.477 1.8638 85 51 26
21.093 22.554 1.8664 83 49 20
21.071 22.481 1.8821 85 51 24
21.087 22.716 1.8842 83 51 28
21.052 22.502 1.909 84 49 27
21.024 22.529 1.8717 87 51 29
21.078 22.589 1.8867 85 51 24
21.168 22.67 1.8828 84 52 31
21.171 22.781 1.8562 83 51 26
21.136 22.512 1.8434 89 53 29
21.214 22.706 1.884 84 52 27
21.124 22.54 1.8972 85 52 17
21.141 22.682 1.8819 84 49 30
21.153 22.632 1.8702 84 50 23
21.104 22.574 1.8857 82 48 23
21.184 22.614 1.9042 85 51 22
21.137 22.499 1.8847 88 54 29
21.191 22.739 1.8726 82 50 27
21.154 22.524 1.9311 86 53 22
21.157 22.554 1.8791 88 54 19
21.113 22.593 1.9046 84 49 27
21.119 22.342 1.9474 93 58 36
21.085 22.424 1.9098 87 53 28
21.112 22.51 1.8861 84 50 23
21.245 22.582 1.9686 84 49 27
21.226 22.552 1.9244 89 55 30
21.276 22.603 1.917 85 50 30
21.248 22.717 1.8651 88 54 29
21.25 22.598 1.958 84 49 27
21.204 22.598 1.8758 95 61 34
21.225 22.484 1.8977 103 71 33
21.284 22.645 1.8554 84 53 22
21.22 22.635 1.8827 87 53 26
21.253 22.561 1.8766 89 56 21
21.227 22.505 1.8466 118 72 13
21.265 22.666 1.8853 86 52 25
21.214 22.527 1.9122 104 73 29
21.225 22.404 1.9068 90 56 31
21.298 22.513 1.8883 80 49 18
21.322 22.573 1.8822 81 50 20
21.246 22.382 1.9136 83 49 22
21.331 22.6 1.8653 81 50 20
21.263 22.498 1.9079 84 51 20
21.308 22.591 1.9461 79 48 18
21.288 22.412 1.9176 78 43 23
21.315 22.464 1.9424 79 45 20
21.336 22.538 1.8627 74 41 8
21.266 22.489 1.9428 83 51 26
21.31 22.612 1.903 79 48 17
21.298 22.656 1.9159 79 49 23
21.273 22.453 1.8987 81 49 24
21.25 22.47 1.8987 82 52 18
21.356 22.658 1.8614 80 48 25
21.723 22.172 2.0235 20 6 5
21.757 22.183 2.0105 23 12 8
21.687 22.108 2.0924 19 13 0
21.415 21.479 2.5043 25 15 5
21.824 22.152 2.0295 31 13 0
21.78 22.174 2.0051 21 10 4
20.02 22.799 1.7463 84 66 42
19.962 22.901 1.6569 109 79 45
20.077 22.556 1.8317 82 61 34
20.085 22.6 1.8642 80 62 38
20.105 22.544 1.8346 71 54 26
20.068 22.648 1.8039 85 66 36
20.158 22.472 1.8331 70 51 19
20.185 22.6 1.8265 70 54 31
20.199 22.562 1.8856 75 58 38
20.155 22.628 1.8144 72 55 35
20.167 22.667 1.751 67 51 28
20.206 22.569 1.8053 65 48 20
20.222 22.568 1.8629 72 57 38
20.203 22.593 1.7886 65 48 20
20.258 22.37 1.9288 70 52 32
20.253 22.352 1.9115 68 51 33
20.177 22.498 1.8028 73 54 37
20.309 22.391 1.9256 69 53 30
20.297 22.573 1.8332 67 51 34
20.278 22.456 1.8892 69 51 27
20.297 22.442 1.8631 64 46 26
20.292 22.487 1.8326 66 48 28
20.342 22.557 1.7961 67 48 31
20.344 22.45 1.8362 67 52 29
20.353 22.524 1.8526 75 57 37
20.325 22.471 1.8654 69 53 30
20.381 22.48 1.8657 73 55 35
20.367 22.477 1.8113 74 56 32
20.327 22.611 1.8323 73 57 34
20.301 22.606 1.8425 77 56 37
20.336 22.431 1.9185 68 52 27
20.333 22.46 1.8985 68 52 27
20.352 22.626 1.8144 75 57 35
20.369 22.455 1.8266 74 56 32
20.345 22.369 1.8646 64 51 32
20.427 22.431 1.8522 74 57 37
20.401 22.444 1.8541 73 55 41
20.412 22.626 1.825 75 55 28
20.381 22.594 1.8307 72 53 36
20.406 22.49 1.8542 72 56 33
20.426 22.444 1.846 70 53 33
20.502 22.433 1.8219 87 62 30
20.506 22.603 1.736 85 65 31
20.468 22.541 1.859 80 64 38
20.478 22.36 1.8812 86 65 36
20.527 22.377 1.853 108 76 37
20.482 22.471 1.8375 85 64 37
20.489 22.467 1.8689 81 59 35
20.534 22.413 1.8564 113 92 61
20.584 22.384 1.8559 116 81 49
20.54 22.424 1.8784 148 97 44
20.559 22.408 1.854 113 77 51
20.602 22.596 1.7759 152 108 73
20.571 22.384 1.9262 138 94 57
20.591 22.443 1.8461 128 91 55
20.565 22.436 1.8588 119 82 46
20.609 22.376 1.8549 122 85 49
20.663 22.457 1.9097 151 107 68
20.665 22.62 1.769 177 126 83
20.679 22.393 1.9131 177 126 83
20.63 22.292 1.9056 136 97 64
20.649 22.44 1.8593 169 119 69
20.668 22.424 1.8332 154 108 69
20.625 22.487 1.8354 155 111 74
20.634 22.552 1.8244 169 122 86
20.641 22.405 1.8538 144 101 69
20.657 22.336 1.8642 135 97 60
20.676 22.451 1.8415 176 123 81
20.617 22.422 1.8544 140 102 66
20.63 22.273 1.9193 136 97 64
20.685 22.4 1.9367 165 122 80
20.737 22.31 1.8849 123 85 56
20.711 22.483 1.8434 171 125 82
20.746 22.347 1.8873 139 96 62
20.719 22.504 1.8597 162 115 72
20.69 22.358 1.868 148 101 67
20.714 22.337 1.8738 148 100 60
20.727 22.431 1.8381 151 108 64
20.795 22.457 1.8605 112 77 45
20.792 22.308 1.8953 108 75 42
20.784 22.405 1.8677 116 81 49
20.823 22.421 1.9078 106 72 43
20.832 22.37 1.872 106 73 40
20.775 22.38 1.8548 114 82 44
20.806 22.375 1.8789 109 77 38
20.76 22.292 1.8871 117 84 43
20.801 22.457 1.8912 109 78 48
20.815 22.398 1.8933 106 73 42
20.807 22.27 1.885 106 75 44
20.784 22.282 1.8882 113 79 42
20.823 22.345 1.8595 105 71 44
20.868 22.302 1.8738 101 70 39
20.892 22.379 1.8766 95 70 38
20.883 22.362 1.8582 98 68 32
20.891 22.226 1.9725 99 69 31
20.902 22.318 1.8815 98 68 34
20.894 22.36 1.9197 102 69 38
20.857 22.468 1.8657 103 73 35
20.841 22.287 1.8931 104 71 40
20.846 22.326 1.8655 106 73 42
20.875 22.408 1.8957 105 74 46
20.85 22.464 1.8388 105 71 44
20.924 22.508 1.8502 100 71 40
20.892 22.287 1.875 98 69 37
20.856 22.358 1.8711 101 70 39
20.862 22.359 1.9018 100 70 36
20.951 22.298 1.8775 87 54 23
20.942 22.361 1.871 86 53 20
20.968 22.444 1.8738 87 55 34
20.928 22.374 1.9292 98 68 40
20.95 22.379 1.8887 90 53 35
20.918 22.293 1.8606 97 68 36
20.936 22.251 1.8823 88 52 26
20.98 22.368 1.9165 89 53 27
20.978 22.381 1.8738 90 50 32
20.923 22.292 1.8899 102 69 34
20.97 22.452 1.8688 87 55 34
20.968 22.258 1.8969 87 52 22
20.927 22.4 1.8814 101 70 39
20.97 22.37 1.8562 88 53 24
21.021 22.261 1.8763 87 49 21
21.033 22.362 1.902 87 53 28
20.997 22.367 1.8474 86 52 23
21.029 22.368 1.8685 85 51 26
21.014 22.401 1.8839 88 53 31
21.066 22.389 1.8744 86 50 26
21.065 22.48 1.8493 86 52 25
21.003 22.298 1.8579 90 52 24
21.035 22.211 1.9046 84 47 28
21.012 22.316 1.8746 87 51 27
20.998 22.351 1.8875 85 49 25
21.05 22.342 1.8759 88 48 21
21.039 22.317 1.8646 83 49 20
21.104 22.324 1.9008 86 51 22
21.095 22.306 1.8814 82 52 18
21.079 22.422 1.8817 87 53 24
21.042 22.222 1.9236 85 49 23
21.058 22.268 1.9192 85 49 25
21.11 22.279 1.8632 84 53 22
21.123 22.377 1.8925 89 58 27
21.111 22.268 1.901 89 51 22
21.124 22.299 1.9085 92 57 27
21.08 22.267 1.8845 84 48 10
21.087 22.343 1.9262 87 51 29
21.089 22.371 1.8761 84 52 29
21.167 22.261 1.9173 98 60 32
21.133 22.254 1.9017 92 59 28
21.19 22.324 1.9015 96 62 33
21.137 22.111 1.9621 85 49 23
21.115 22.205 1.9092 85 51 26
21.182 22.241 1.8945 85 50 20
21.146 22.281 1.9128 120 86 51
21.153 22.23 1.9102 90 55 35
21.145 22.138 1.9419 87 51 25
21.119 22.22 1.8981 85 51 26
21.151 22.239 1.8754 86 55 27
21.22 22.404 1.8772 94 63 32
21.211 22.318 1.8689 82 47 25
21.233 22.301 1.871 80 45 16
21.234 22.211 1.9543 75 43 18
21.277 22.391 1.8974 80 48 23
21.26 22.301 1.8625 77 43 18
21.226 22.335 1.9151 84 52 29
21.239 22.173 1.9136 75 43 20
21.221 22.321 1.9256 84 52 29
21.302 22.382 1.8952 76 43 24
21.247 22.185 1.9347 78 41 23
21.28 22.413 1.8516 78 48 14
21.217 22.322 1.8936 82 49 16
21.265 22.382 1.8428 80 45 25
21.21 22.166 1.9317 80 47 12
21.197 22.204 1.9124 80 44 18
21.694 22.173 2.0032 21 18 3
21.751 22.135 1.9742 30 24 0
21.725 22.137 1.9825 34 17 7
21.761 22.154 1.9337 12 4 0
21.692 22.129 1.9969 29 16 0
21.718 22.129 1.9579 25 18 2
21.794 22.199 1.959 21 12 0
21.728 22.184 1.9856 23 16 0
21.714 22.168 1.9372 27 22 3
21.777 22.218 1.9543 26 11 14
21.749 22.137 1.9152 20 12 1
21.796 22.119 1.9695 25 18 0
21.797 22.158 2.0089 18 9 2
21.797 22.168 1.9186 21 10 4
21.812 22.101 1.9752 18 20 0
21.829 22.129 1.9246 27 14 0
21.829 22.124 1.9882 24 16 13
21.828 22.122 1.9895 24 16 13
21.768 22.118 1.978 32 21 15
21.805 22.179 1.9093 21 16 0
21.859 22.211 1.9318 23 17 1
21.847 22.19 1.9749 29 10 12
21.938 22.193 1.9747 31 18 0
21.876 22.154 1.9276 37 22 1
21.924 22.225 1.8409 21 15 15
21.856 21.969 2.0552 35 20 0
21.903 22.066 2.0486 31 19 0
21.899 22.102 2.0055 35 15 6
21.868 22.023 2.028 37 22 3
21.884 22.005 2.0542 40 25 4
21.488 22.831 3.2604 87 61 34
21.451 22.709 3.3156 88 61 24
21.426 22.587 3.2671 84 58 31
21.495 22.921 3.2886 28 9 0
21.458 22.738 3.2888 84 60 32
21.436 22.762 3.2698 68 46 33
21.448 22.435 3.303 79 50 18
21.455 22.46 3.2791 76 47 25
21.442 22.622 3.2883 85 57 30
21.468 22.546 3.3039 88 61 18
21.447 22.501 3.2811 89 60 29
21.45 22.575 3.2867 89 61 32
21.531 22.508 3.3116 76 44 23
21.487 22.476 3.2739 76 47 25
21.52 22.496 3.2694 72 43 21
21.518 22.483 3.2924 78 49 15
21.542 22.487 3.2646 74 45 23
21.584 22.506 3.3261 80 53 10
21.583 22.509 3.3023 73 45 5
21.602 22.495 3.2988 76 48 8
21.587 22.457 3.3227 76 46 18
21.555 22.51 3.2846 76 51 19
21.599 22.495 3.2767 80 52 21
21.57 22.487 3.282 77 48 24
21.542 22.474 3.3086 78 50 21
21.666 22.516 3.3104 78 52 27
21.645 22.482 3.2698 75 48 13
21.647 22.483 3.2883 72 42 16
21.626 22.487 3.3178 77 49 12
21.63 22.5 3.2938 71 47 9
21.677 22.49 3.2843 75 47 20
21.63 22.506 3.2737 75 46 24
21.69 22.512 3.3083 71 43 12
21.664 22.406 3.3293 77 48 14
21.683 22.398 3.3008 70 43 8
21.693 22.421 3.2776 71 45 20
21.659 22.404 3.2836 73 44 23
21.674 22.377 3.321 90 59 13
21.692 22.371 3.2763 72 46 19
21.641 22.365 3.3058 77 48 16
21.695 22.371 3.3184 73 48 18
21.724 22.429 3.2933 75 50 18
21.779 22.178 3.331 53 33 0
21.806 22.183 3.3259 53 24 16
21.806 22.185 3.3055 49 32 4
21.807 22.189 3.2859 53 28 6
21.756 22.183 3.2931 50 29 0
21.78 22.182 3.3112 51 29 8
21.758 22.184 3.3133 53 26 5
21.767 22.163 3.291 51 25 10
21.822 22.173 3.3033 55 28 9
21.825 22.18 3.2841 55 30 0
21.49 22.865 3.1853 88 61 24
21.465 22.721 3.1877 85 56 24
21.462 22.703 3.2121 85 56 34
21.445 22.648 3.2399 86 57 26
21.502 22.985 3.1777 54 37 20
21.522 23.03 3.2084 55 34 17
21.494 22.856 3.2334 85 57 30
21.478 22.845 3.1607 77 53 39
21.419 22.46 3.1966 84 57 24
21.48 22.566 3.1348 88 61 28
21.43 22.482 3.218 87 58 27
21.458 22.441 3.167 69 44 14
21.472 22.657 3.2086 86 59 14
21.49 22.583 3.1574 85 57 28
21.474 22.535 3.1856 86 59 24
21.458 22.474 3.2578 69 41 2
21.49 22.526 3.1352 72 46 19
21.412 22.429 3.2419 86 59 24
21.429 22.494 3.1713 88 60 29
21.471 22.512 3.2328 91 62 20
21.465 22.506 3.2098 90 61 29
21.494 22.499 3.2503 75 49 22
21.505 22.532 3.2259 72 43 19
21.559 22.497 3.144 76 48 19
21.53 22.491 3.1512 76 51 21
21.494 22.521 3.183 80 53 18
21.532 22.475 3.2202 74 46 6
21.526 22.516 3.245 64 42 1
21.526 22.521 3.2209 70 46 18
21.513 22.498 3.1992 90 64 37
21.529 22.463 3.2441 73 50 9
21.49 22.464 3.1351 83 54 22
21.535 22.496 3.1726 77 51 11
21.497 22.52 3.2047 74 50 12
21.512 22.51 3.1526 76 51 21
21.533 22.486 3.1979 70 43 6
21.623 22.5 3.2258 75 46 15
21.566 22.507 3.166 72 45 8
21.575 22.509 3.2344 73 45 8
21.588 22.481 3.2326 72 44 4
21.587 22.485 3.2092 75 48 13
21.591 22.499 3.1848 74 49 3
21.588 22.475 3.2546 75 47 18
21.61 22.479 3.2032 72 49 7
21.565 22.498 3.1898 71 44 9
21.607 22.488 3.1345 81 54 17
21.573 22.498 3.2576 72 47 17
21.579 22.484 3.141 72 45 12
21.579 22.478 3.164 69 44 14
21.605 22.478 3.1604 72 45 8
21.607 22.477 3.1819 78 51 16
21.564 22.491 3.2144 79 52 17
21.718 22.547 3.1372 71 44 11
21.659 22.478 3.1708 70 44 21
21.681 22.461 3.2145 73 47 20
21.653 22.446 3.2647 72 43 22
21.696 22.494 3.1886 79 50 26
21.642 22.481 3.246 70 44 21
21.637 22.476 3.223 74 45 11
21.633 22.483 3.1525 73 45 5
21.631 22.478 3.1528 73 45 5
21.637 22.486 3.1769 72 45 10
21.668 22.5 3.1461 72 43 11
21.663 22.482 3.1945 73 45 18
21.611 22.47 3.2496 70 45 13
21.655 22.455 3.2419 69 42 5
21.698 22.503 3.165 75 49 9
21.635 22.492 3.1295 78 50 19
21.659 22.469 3.219 70 42 11
21.629 22.464 3.2007 69 41 4
21.663 22.279 3.2338 75 47 7
21.683 22.32 3.2089 77 48 8
21.645 22.287 3.2577 72 46 6
21.646 22.3 3.1938 71 43 16
21.641 22.287 3.2164 74 44 6
21.698 22.351 3.1836 78 50 19
21.694 22.348 3.1619 73 44 10
21.663 22.368 3.2594 89 66 32
21.693 22.439 3.1861 87 59 19
21.669 22.347 3.1679 73 48 16
21.663 22.371 3.2356 81 59 22
21.673 22.44 3.2387 75 45 7
21.662 22.382 3.1697 70 47 16
21.687 22.422 3.2098 76 48 11
21.634 22.271 3.2389 76 50 9
21.665 22.42 3.2612 70 44 21
21.669 22.4 3.147 79 51 12
21.664 22.343 3.1456 75 52 11
21.682 22.184 3.2473 62 38 12
21.625 22.13 3.2154 78 51 6
21.675 22.296 3.2733 74 48 7
21.622 22.122 3.2337 77 47 11
21.679 22.275 3.1651 75 49 8
21.662 22.147 3.2682 61 35 8
21.627 22.14 3.1745 77 48 17
21.676 22.178 3.2075 63 35 0
21.671 22.174 3.1863 80 50 24
21.733 22.191 3.2404 52 32 0
21.702 22.137 3.2602 49 30 0
21.742 22.167 3.2344 48 26 2
21.711 22.198 3.2003 50 26 0
21.748 22.178 3.2128 50 26 0
21.704 22.181 3.2417 53 25 0
21.715 22.208 3.1763 52 27 4
21.779 22.232 3.1868 51 24 15
21.718 22.171 3.1988 52 29 0
21.746 22.22 3.1735 52 24 10
21.793 22.176 3.2036 51 25 0
21.795 22.181 3.1822 47 28 0
21.792 22.172 3.2252 51 27 0
21.795 22.175 3.2453 51 28 0
21.823 22.182 3.2202 52 26 1
21.749 22.177 3.2532 53 28 0
21.788 22.161 3.2667 51 27 1
21.764 22.162 3.2506 54 28 1
21.74 22.159 3.2747 51 25 0
21.735 22.125 3.1746 49 26 10
21.772 22.179 3.2113 50 24 10
21.783 22.199 3.1875 51 25 10
21.811 22.169 3.1796 48 27 0
21.775 22.178 3.2697 53 28 0
21.779 22.188 3.2302 50 26 0
21.811 22.167 3.2014 52 28 2
21.808 22.158 3.2438 53 30 0
21.803 22.147 3.2632 55 30 0
21.508 22.961 3.067 39 4 0
21.454 22.61 3.015 86 58 29
21.527 22.94 3.0356 86 61 31
21.479 22.82 3.0229 91 49 45
21.516 23.02 2.9747 74 49 19
21.512 22.985 3.0365 39 0 1
21.487 22.851 2.992 81 56 24
21.484 22.763 2.998 85 56 24
21.468 22.656 2.9817 82 57 25
21.476 22.752 2.9706 85 58 23
21.399 22.384 3.0871 85 57 26
21.543 22.626 2.9926 68 39 15
21.425 22.457 3.0546 86 59 26
21.46 22.49 3.0207 85 56 24
21.507 22.614 2.9752 75 51 25
21.442 22.51 3.0216 83 58 28
21.576 22.714 2.9512 67 36 15
21.44 22.472 3.1221 88 60 23
21.467 22.478 3.1187 92 64 37
21.5 22.493 3.1082 72 47 15
21.546 22.481 3.0989 72 44 13
21.548 22.491 3.0743 71 42 2
21.504 22.462 3.033 85 57 20
21.571 22.496 3.021 72 44 5
21.497 22.453 3.0141 74 46 9
21.552 22.554 3.0938 68 43 20
21.516 22.484 3.0535 73 47 6
21.542 22.526 3.1233 81 51 15
21.558 22.534 2.9954 70 47 6
21.537 22.473 3.054 73 45 16
21.509 22.46 3.0819 68 35 0
21.556 22.497 3.1217 76 50 10
21.57 22.5 2.9953 67 41 14
21.54 22.485 3.028 72 48 14
21.574 22.479 3.1192 77 47 19
21.589 22.483 2.9924 66 42 16
21.614 22.474 3.0124 70 46 8
21.624 22.481 3.0841 70 46 8
21.608 22.507 3.061 72 43 12
21.603 22.501 3.0383 67 45 8
21.559 22.464 3.0484 69 41 1
21.575 22.487 3.095 67 42 20
21.584 22.467 3.0199 74 44 18
21.614 22.464 3.0618 72 50 3
21.619 22.463 3.1074 76 45 24
21.629 22.452 3.0109 69 44 21
21.566 22.473 3.0712 73 46 3
21.608 22.496 3.1106 70 44 21
21.578 22.438 3.0947 80 53 18
21.626 22.495 3.034 69 46 5
21.666 22.502 3.1237 75 50 18
21.711 22.509 2.99 57 31 4
21.639 22.35 3.1083 66 37 6
21.699 22.481 3.0196 68 42 17
21.642 22.41 3.0822 69 42 5
21.64 22.411 3.0582 71 45 4
21.631 22.435 3.1062 74 45 21
21.632 22.453 3.0346 71 49 12
21.672 22.46 3.1235 69 41 14
21.656 22.387 3.0805 64 43 0
21.647 22.429 3.0322 71 48 7
21.689 22.456 3.0458 71 43 12
21.672 22.484 2.9989 69 46 5
21.675 22.415 3.1246 71 43 14
21.643 22.471 3.0562 66 40 0
21.64 22.403 3.1068 74 45 21
21.655 22.489 3.077 70 43 8
21.655 22.432 3.1033 74 45 21
21.666 22.271 3.0346 70 51 37
21.726 22.467 3.0863 66 38 7
21.711 22.383 3.1361 84 59 36
21.639 22.264 3.0628 72 45 12
21.673 22.281 3.0557 72 50 11
21.693 22.354 3.1192 69 44 14
21.68 22.377 3.1247 71 47 13
21.662 22.251 3.1279 72 47 17
21.626 22.243 3.0441 67 45 22
21.643 22.267 3.0848 73 48 0
21.654 22.338 3.0572 94 69 37
21.727 22.42 3.0867 71 44 7
21.689 22.401 3.0711 71 44 0
21.668 22.259 3.145 84 59 29
21.655 22.193 3.1485 85 64 33
21.677 22.235 3.1213 77 49 0
21.683 22.202 3.1235 78 49 7
21.703 22.199 3.0947 58 35 2
21.686 22.205 3.1436 67 39 8
21.693 22.224 3.0973 78 50 10
21.714 22.182 3.0491 48 22 8
21.795 22.457 2.9958 78 51 14
21.704 22.195 3.1362 59 33 16
21.721 22.227 3.1115 57 31 17
21.734 22.171 3.0895 48 27 0
21.723 22.145 3.1533 50 26 0
21.744 22.189 3.0649 45 26 9
21.753 22.166 3.0427 45 23 0
21.753 22.157 3.129 54 23 3
21.756 22.164 3.1065 49 23 0
21.747 22.235 3.0635 51 27 1
21.68 22.115 3.1445 49 28 0
21.732 22.164 3.1141 51 25 0
21.737 22.17 3.1287 49 28 0
21.768 22.152 3.0402 48 24 12
21.724 22.194 3.0931 47 26 0
21.712 22.166 3.1582 49 23 9
21.755 22.165 3.0856 47 27 2
21.7 22.151 3.1185 48 27 0
21.777 22.204 3.0575 45 24 7
21.807 22.164 3.1596 50 24 0
21.84 22.186 3.0462 50 26 0
21.803 22.167 3.0568 47 26 0
21.807 22.165 3.1389 48 24 0
21.802 22.124 3.1195 50 26 0
21.776 22.163 3.0608 47 26 0
21.803 22.164 3.098 47 28 0
21.817 22.15 3.0746 50 26 0
21.798 22.153 3.1193 48 27 0
21.796 22.154 3.0787 48 27 0
21.783 22.094 3.1422 50 24 0
21.757 22.162 3.1495 49 25 13
21.829 22.166 3.094 50 26 0
21.79 22.182 3.0993 47 26 0
21.775 22.159 3.0809 49 23 0
21.787 22.173 3.1215 51 27 1
21.78 22.161 3.1415 48 28 3
21.524 23.122 2.7739 74 53 26
21.537 23.077 2.7481 88 64 36
21.527 23.116 2.8061 82 57 34
21.495 23.049 2.7649 94 69 39
21.489 22.818 2.8804 81 57 29
21.47 22.671 2.9538 84 57 24
21.485 22.663 2.8675 84 54 26
21.492 22.738 2.9152 83 55 26
21.482 22.664 2.8414 83 58 26
21.473 22.755 2.9441 85 61 25
21.485 22.902 2.8432 80 51 29
21.523 22.924 2.8298 81 56 24
21.426 22.59 2.8657 84 57 22
21.533 23.054 2.7831 83 57 32
21.492 22.778 2.7972 82 53 22
21.422 22.571 2.8955 83 54 23
21.457 22.581 2.9112 83 54 22
21.462 22.668 2.9008 84 56 27
21.53 22.953 2.7936 88 60 33
21.476 22.659 2.8153 83 56 23
21.501 22.937 2.8668 43 17 0
21.515 22.923 2.7697 87 60 39
21.467 22.681 2.8984 84 56 27
21.477 22.776 2.915 78 56 33
21.451 22.426 2.9537 67 39 0
21.474 22.496 2.8909 67 41 14
21.429 22.435 2.9573 82 55 22
21.447 22.514 2.8431 85 57 17
21.484 22.529 2.8574 83 54 23
21.422 22.425 2.9347 80 54 14
21.521 22.544 2.8742 64 40 12
21.502 22.508 2.8568 64 38 13
21.467 22.457 2.9714 69 40 0
21.431 22.457 2.9055 82 53 21
21.468 22.475 2.9209 72 43 0
21.466 22.596 2.9343 85 57 26
21.432 22.466 2.8781 82 57 25
21.496 22.471 2.9384 68 37 16
21.511 22.514 2.9041 59 32 0
21.553 22.474 2.9513 69 41 10
21.527 22.441 2.8602 65 43 19
21.511 22.459 2.8852 68 46 22
21.546 22.478 2.8776 64 41 7
21.539 22.503 2.9516 74 48 23
21.536 22.491 2.9785 74 49 19
21.553 22.481 2.9257 69 42 5
21.58 22.488 2.8935 68 42 2
21.499 22.471 2.9624 83 60 29
21.492 22.449 2.9925 78 51 16
21.587 22.51 2.8627 70 44 17
21.531 22.491 2.9312 75 46 14
21.515 22.475 2.8572 70 46 20
21.556 22.493 2.8968 65 42 11
21.572 22.51 2.9692 75 48 15
21.575 22.49 2.8415 68 42 15
21.525 22.484 2.9065 68 44 18
21.628 22.459 2.9604 65 41 15
21.625 22.458 2.9351 68 45 3
21.624 22.462 2.9106 73 45 8
21.653 22.471 2.8783 63 38 16
21.58 22.47 2.9697 72 45 10
21.602 22.46 2.9676 67 39 10
21.575 22.472 2.9223 73 48 2
21.632 22.433 2.8622 70 44 19
21.607 22.466 2.99 73 44 20
21.604 22.476 2.9153 72 44 15
21.64 22.479 2.9819 69 44 14
21.608 22.479 2.9383 71 44 7
21.634 22.492 2.8548 69 43 18
21.644 22.514 2.8494 66 42 16
21.586 22.489 2.942 70 41 7
21.593 22.463 2.8664 67 43 17
21.6 22.473 2.8894 69 44 22
21.62 22.458 2.8863 67 43 15
21.712 22.514 2.9636 69 45 11
21.665 22.475 2.9762 61 37 1
21.661 22.437 2.8546 62 36 11
21.66 22.48 2.9012 68 40 9
21.653 22.455 2.9555 69 45 7
21.687 22.431 2.8722 64 41 0
21.666 22.487 2.924 70 44 4
21.692 22.391 2.878 71 48 7
21.65 22.411 2.8842 64 41 10
21.709 22.361 2.9504 50 26 0
21.694 22.249 2.9133 80 52 23
21.696 22.33 3.0016 70 59 29
21.678 22.268 2.8935 75 49 24
21.663 22.238 2.9237 73 45 16
21.677 22.306 2.9374 51 31 7
21.674 22.255 2.9418 68 43 23
21.689 22.321 2.9813 44 24 0
21.703 22.303 2.9558 82 55 12
21.675 22.307 2.9153 69 44 12
21.673 22.306 2.8899 72 47 17
21.705 22.272 2.8873 77 49 18
21.674 22.122 2.9968 49 26 0
21.711 22.181 3.0068 49 28 0
21.653 22.124 3.0241 50 25 0
21.681 22.175 2.9917 52 29 0
21.667 22.106 3.0424 46 26 0
21.719 22.156 3.0072 46 26 1
21.711 22.113 2.9261 51 25 8
21.784 22.223 2.9666 46 23 7
21.759 22.142 2.9987 47 28 0
21.698 22.119 3.0332 45 24 7
21.76 22.142 3.0208 46 26 0
21.715 22.107 3.0317 49 24 2
21.769 22.197 2.9924 48 24 0
21.722 22.163 2.9834 46 26 0
21.799 22.211 2.9411 45 26 0
21.741 22.119 2.9373 47 26 0
21.764 22.16 2.9099 49 25 0
21.834 22.183 2.979 46 25 0
21.847 22.198 3.0202 50 26 0
21.814 22.187 3.027 50 26 0
21.834 22.181 3.0013 45 27 7
21.801 22.167 3.0087 50 26 0
21.791 22.155 2.9893 47 26 0
21.781 22.141 2.9744 47 25 1
21.825 22.212 2.9353 48 27 10
21.812 22.194 2.9162 48 27 0
21.906 22.249 3.0058 48 27 0
21.946 22.311 2.9716 47 26 0
21.53 23.028 2.5914 70 45 23
21.508 22.978 2.5718 75 50 28
21.461 22.556 2.807 80 52 23
21.462 22.717 2.7552 82 54 25
21.512 22.865 2.689 82 54 17
21.536 22.995 2.7247 86 58 31
21.465 22.715 2.7806 83 55 28
21.48 22.698 2.7225 83 54 22
21.454 22.65 2.6809 82 54 25
21.506 22.777 2.6736 83 55 18
21.481 22.731 2.628 82 54 25
21.486 22.694 2.7807 86 60 33
21.487 22.707 2.7489 83 55 15
21.476 22.778 2.6849 80 53 8
21.529 22.935 2.607 82 54 25
21.532 22.954 2.5696 83 46 38
21.577 23.147 2.5909 62 37 5
21.49 22.486 2.8399 64 40 2
21.508 22.472 2.8046 65 42 24
21.52 22.516 2.7457 62 39 6
21.478 22.521 2.8334 82 54 23
21.553 22.601 2.6917 56 35 14
21.455 22.411 2.8307 62 37 15
21.507 22.501 2.6967 63 41 18
21.505 22.472 2.7792 83 57 30
21.504 22.594 2.7903 78 54 20
21.472 22.457 2.7934 71 46 2
21.55 22.514 2.7641 74 51 20
21.562 22.487 2.7395 66 44 21
21.565 22.473 2.8203 65 42 11
21.556 22.461 2.7985 66 40 15
21.524 22.503 2.8253 62 35 0
21.527 22.483 2.6956 67 45 22
21.598 22.503 2.7267 69 46 15
21.59 22.475 2.7915 69 43 2
21.582 22.464 2.7665 66 39 6
21.564 22.484 2.7659 63 41 2
21.527 22.469 2.7485 69 39 11
21.559 22.487 2.7128 65 41 15
21.517 22.453 2.7285 67 43 15
21.533 22.469 2.8007 62 37 17
21.578 22.467 2.7126 63 41 18
21.542 22.483 2.8237 66 43 2
21.632 22.459 2.7268 65 40 18
21.665 22.465 2.7444 69 45 17
21.629 22.433 2.8366 67 42 12
21.664 22.475 2.6902 64 39 7
21.594 22.477 2.812 64 43 16
21.655 22.451 2.7235 66 40 13
21.594 22.472 2.8397 65 39 14
21.621 22.472 2.8328 68 41 8
21.626 22.454 2.702 64 37 18
21.618 22.476 2.7785 74 51 7
21.639 22.47 2.751 60 38 17
21.608 22.461 2.7603 71 44 7
21.659 22.448 2.7755 62 38 0
21.627 22.508 2.7192 64 39 16
21.632 22.449 2.7804 69 47 0
21.647 22.475 2.8009 67 43 5
21.608 22.472 2.7025 64 39 19
21.624 22.483 2.8052 68 40 11
21.73 22.53 2.7753 63 40 6
21.689 22.393 2.8269 66 41 9
21.668 22.371 2.7335 71 50 23
21.694 22.45 2.845 55 34 5
21.709 22.483 2.812 61 36 13
21.683 22.344 2.7591 71 46 16
21.677 22.48 2.7939 65 43 4
21.695 22.417 2.7436 78 54 18
21.673 22.466 2.8222 66 40 13
21.691 22.401 2.8016 79 53 26
21.643 22.374 2.7398 67 42 22
21.679 22.382 2.779 85 61 33
21.702 22.48 2.761 77 51 11
21.679 22.37 2.8582 63 41 17
21.702 22.384 2.721 74 46 17
21.656 22.285 2.8231 75 50 20
21.661 22.3 2.7938 74 48 21
21.694 22.469 2.739 66 45 16
21.728 22.316 2.85 77 50 7
21.646 22.261 2.8786 73 45 14
21.693 22.308 2.8123 69 44 0
21.714 22.349 2.7781 74 46 9
21.638 22.249 2.8586 69 43 2
21.684 22.284 2.8651 66 43 12
21.682 22.283 2.8422 70 45 0
21.721 22.365 2.7466 72 49 7
21.683 22.19 2.9008 80 52 25
21.735 22.201 2.8397 49 28 0
21.76 22.203 2.8117 49 26 10
21.721 22.173 2.8712 48 27 0
21.673 22.135 2.8856 50 28 5
21.716 22.133 2.8068 47 25 14
21.721 22.179 2.825 49 30 0
21.663 22.117 2.8903 50 28 5
21.739 22.173 2.7765 51 28 12
21.705 22.156 2.8059 50 28 7
21.724 22.176 2.8923 47 21 4
21.806 22.191 2.8471 50 24 0
21.758 22.156 2.8402 48 25 7
21.753 22.143 2.8864 46 25 0
21.741 22.166 2.8661 51 27 0
21.744 22.14 2.8021 48 27 6
21.738 22.126 2.8266 49 26 8
21.751 22.143 2.8659 43 26 0
21.704 22.104 2.9075 47 26 0
21.821 22.138 2.8272 44 25 8
21.826 22.186 2.7962 52 26 9
21.829 22.148 2.8468 47 24 6
21.818 22.13 2.8727 48 27 0
21.812 22.159 2.8736 51 25 0
21.859 22.198 2.7893 50 29 10
21.826 22.182 2.8468 47 26 0
21.804 22.151 2.8307 55 26 4
21.541 23.018 2.4565 31 1 0
21.454 22.75 2.6031 38 7 0
21.519 22.945 2.5105 34 3 0
21.548 23.122 2.466 86 61 29
21.565 22.98 2.4914 81 54 17
21.455 22.517 2.6779 81 54 17
21.437 22.447 2.5601 79 54 24
21.495 22.644 2.5563 80 52 23
21.438 22.438 2.5889 84 55 24
21.483 22.691 2.5473 82 54 17
21.509 22.841 2.5078 80 53 18
21.437 22.413 2.6772 81 56 24
21.482 22.472 2.5994 65 39 12
21.479 22.442 2.6864 59 34 11
21.478 22.447 2.6586 65 38 19
21.425 22.391 2.6589 82 54 25
21.498 22.518 2.5555 69 45 9
21.527 22.514 2.5772 74 46 7
21.484 22.47 2.6266 66 42 6
21.487 22.527 2.669 81 55 28
21.432 22.416 2.6243 81 54 7
21.506 22.441 2.6806 85 61 27
21.523 22.518 2.5186 63 41 17
21.483 22.491 2.5377 65 42 11
21.516 22.438 2.5439 62 40 16
21.528 22.523 2.5443 73 52 23
21.507 22.452 2.6516 74 45 11
21.523 22.496 2.6083 67 38 7
21.536 22.442 2.698 61 37 11
21.565 22.471 2.5772 68 45 12
21.552 22.451 2.5575 65 44 13
21.604 22.477 2.6492 59 38 11
21.542 22.491 2.5508 65 40 20
21.613 22.501 2.6131 61 37 9
21.558 22.443 2.6411 66 40 13
21.559 22.452 2.6114 63 38 8
21.523 22.441 2.596 64 42 5
21.557 22.496 2.658 67 43 5
21.604 22.489 2.5922 64 39 7
21.573 22.47 2.6587 62 39 6
21.586 22.492 2.6802 73 49 21
21.558 22.505 2.6281 62 37 17
21.59 22.465 2.5726 66 41 18
21.537 22.464 2.6117 67 41 14
21.585 22.461 2.5457 57 37 3
21.653 22.475 2.582 67 40 19
21.603 22.468 2.6796 60 40 13
21.609 22.454 2.5415 65 39 22
21.686 22.479 2.6013 55 31 0
21.633 22.479 2.6437 56 34 11
21.647 22.468 2.5555 65 43 22
21.663 22.438 2.5884 61 39 16
21.685 22.472 2.6312 65 39 16
21.664 22.48 2.6614 58 37 10
21.624 22.466 2.6194 58 36 12
21.605 22.439 2.5749 58 34 6
21.665 22.448 2.5581 66 44 21
21.656 22.468 2.6399 66 43 12
21.651 22.464 2.6134 63 39 1
21.635 22.478 2.6699 60 37 4
21.601 22.424 2.6059 58 38 1
21.659 22.271 2.6498 73 45 8
21.673 22.357 2.5761 67 43 17
21.673 22.352 2.606 71 45 4
21.729 22.502 2.614 58 30 0
21.672 22.44 2.6643 66 38 9
21.645 22.382 2.711 59 40 6
21.74 22.527 2.5771 60 28 7
21.67 22.295 2.6175 73 48 18
21.659 22.267 2.6769 71 46 2
21.695 22.432 2.6632 60 33 0
21.675 22.309 2.5859 75 48 15
21.712 22.485 2.5373 69 46 12
21.69 22.416 2.6942 78 56 32
21.681 22.358 2.6536 67 40 0
21.703 22.404 2.6124 72 48 10
21.727 22.508 2.5547 58 36 12
21.69 22.227 2.7004 76 47 7
21.731 22.307 2.6264 71 46 16
21.678 22.256 2.6747 74 47 12
21.685 22.263 2.6962 71 46 2
21.682 22.267 2.6464 81 54 21
21.665 22.139 2.7492 58 29 5
21.688 22.281 2.6165 72 48 14
21.723 22.191 2.7475 49 25 0
21.652 22.043 2.7013 47 24 8
21.737 22.175 2.7253 50 26 0
21.688 22.144 2.6696 45 26 9
21.731 22.218 2.6176 47 26 0
21.697 22.107 2.7678 48 24 10
21.75 22.151 2.7712 51 27 0
21.008 23.775 1.8524 106 72 43
21.015 23.531 1.9508 98 67 37
21.113 23.483 2.0938 109 79 41
21.191 23.614 1.9063 84 52 31
21.283 23.792 1.8967 82 50 25
21.212 23.861 1.9034 86 55 25
21.253 23.686 1.906 85 51 26
21.49 22.8 2.2619 79 50 26
21.513 22.9 2.3598 74 53 32
21.526 22.95 2.3066 73 53 29
21.469 22.534 2.4992 82 53 19
21.454 22.611 2.3658 81 53 14
21.459 22.612 2.3949 82 53 21
21.5 22.778 2.3978 79 54 22
21.486 22.706 2.292 80 50 22
21.479 22.643 2.4382 81 53 26
21.442 22.425 2.4523 71 49 10
21.526 22.86 2.3353 79 51 22
21.488 22.678 2.3983 81 51 27
21.482 22.754 2.3456 76 51 19
21.498 22.657 2.3037 81 51 23
21.499 22.471 2.5075 64 39 7
21.51 22.432 2.5171 58 37 18
21.517 22.455 2.4802 78 56 32
21.536 22.457 2.3878 63 42 13
21.473 22.433 2.4425 64 40 2
21.52 22.554 2.3596 62 41 10
21.522 22.483 2.412 61 40 11
21.455 22.44 2.5014 81 54 17
21.518 22.465 2.4469 76 55 24
21.524 22.495 2.3806 70 46 20
21.474 22.428 2.4705 70 48 9
21.501 22.543 2.4908 66 39 2
21.465 22.399 2.51 67 43 5
21.587 22.433 2.4398 58 35 4
21.612 22.465 2.5088 58 37 18
21.605 22.417 2.4113 58 34 8
21.588 22.476 2.5138 60 34 17
21.569 22.441 2.4996 60 35 13
21.59 22.452 2.3758 61 39 16
21.599 22.444 2.4916 65 42 1
21.564 22.451 2.4114 59 38 9
21.549 22.459 2.5001 57 32 12
21.617 22.489 2.4423 68 44 18
21.563 22.496 2.4584 63 40 7
21.581 22.481 2.4282 59 36 0
21.565 22.516 2.3903 60 36 8
21.564 22.506 2.4242 63 41 17
21.555 22.465 2.5253 67 43 17
21.592 22.45 2.4034 60 35 12
21.545 22.416 2.3984 59 38 19
21.577 22.464 2.4626 65 42 8
21.64 22.459 2.5309 65 43 6
21.652 22.456 2.3859 62 41 10
21.657 22.392 2.4901 62 39 0
21.676 22.436 2.4439 60 36 0
21.695 22.478 2.3966 62 38 2
21.673 22.419 2.5062 62 40 17
21.665 22.458 2.4991 58 34 6
21.663 22.45 2.5298 60 40 6
21.641 22.427 2.4265 57 35 14
21.637 22.466 2.4744 64 39 9
21.67 22.474 2.4655 67 43 9
21.631 22.458 2.4486 61 36 4
21.635 22.456 2.506 62 39 0
21.638 22.48 2.4111 63 39 13
21.68 22.455 2.3796 57 36 9
21.653 22.446 2.448 62 36 11
21.712 22.388 2.5038 70 47 5
21.68 22.379 2.5157 80 56 28
21.707 22.374 2.5359 73 43 15
21.698 22.321 2.4708 79 51 22
21.697 22.314 2.4996 70 47 3
21.716 22.41 2.4116 65 40 8
21.669 22.271 2.4653 69 46 13
21.693 22.303 2.5296 69 46 4
21.678 22.329 2.5004 72 46 5
21.684 22.434 2.5276 61 37 9
21.73 22.496 2.354 71 52 22
21.679 22.373 2.544 78 57 28
21.69 22.355 2.4605 69 45 11
21.706 22.435 2.467 78 54 26
21.726 22.477 2.4194 61 37 11
21.726 22.483 2.3882 67 44 11
21.687 22.196 2.5858 65 42 9
21.731 22.317 2.5425 72 46 5
21.729 22.28 2.4747 74 47 14
21.712 22.253 2.4606 72 44 4
21.692 22.253 2.5437 73 47 0
21.706 22.318 2.5771 72 48 14
21.697 22.266 2.5121 71 47 0
21.708 22.238 2.5145 67 42 12
21.724 22.354 2.5366 74 43 13
21.665 22.212 2.5096 77 50 13
21.68 22.243 2.4687 68 43 11
20.846 22.993 2.0596 119 86 53
20.865 23.503 1.8238 123 90 57
20.876 23.329 1.8641 124 89 57
20.856 23.495 1.7923 134 101 58
20.877 23.268 1.9257 117 86 55
20.993 23.439 1.9455 101 71 45
20.974 23.419 1.874 103 74 42
21.014 23.335 1.9773 98 70 39
21.033 23.561 1.7979 100 72 41
20.975 23.424 1.8724 103 74 42
20.999 23.538 1.8551 104 75 44
20.933 23.445 1.8376 111 81 47
21.038 23.542 1.8497 101 72 41
20.944 23.345 1.9958 107 76 45
20.951 23.522 1.8335 109 78 48
21.141 23.431 1.9032 86 56 30
21.105 23.315 1.8819 85 54 26
21.127 23.394 1.8809 85 54 23
21.039 23.227 1.8589 95 67 36
21.149 23.644 1.8618 85 56 25
21.211 23.294 1.8583 85 55 27
21.129 23.253 1.8966 85 54 26
21.24 23.395 1.8511 87 56 26
21.141 23.169 1.8912 85 53 32
21.235 23.636 1.8815 84 53 32
21.167 23.411 1.8634 85 54 24
21.147 23.163 1.9366 84 53 25
21.235 23.517 1.8445 84 53 32
21.167 23.375 1.9175 84 56 29
21.205 23.524 1.8936 84 53 25
21.199 23.272 1.8296 86 52 27
21.189 23.641 1.8586 85 53 30
21.194 23.357 1.8821 85 53 30
21.113 23.206 1.8823 87 53 26
21.211 23.165 1.8737 86 54 29
21.236 23.245 1.8719 88 56 31
21.277 23.119 1.909 95 62 29
21.365 23.157 1.9097 88 52 30
21.306 23.095 1.911 93 57 33
21.391 23.122 1.9109 80 48 23
21.334 23.069 1.9179 88 53 24
21.343 23.209 1.895 94 62 23
21.451 22.443 2.2395 74 49 17
21.488 22.568 2.3057 76 48 21
21.521 22.658 2.2301 76 51 21
21.452 22.435 2.2722 76 49 12
21.483 22.651 2.2163 75 49 22
21.446 22.403 2.3427 78 54 20
21.48 22.577 2.2112 79 49 21
21.494 22.602 2.2282 79 52 19
21.483 22.63 2.2847 79 54 22
21.49 22.726 2.2488 79 51 22
21.441 22.399 2.3189 78 50 23
21.502 22.688 2.2295 79 52 19
21.49 22.44 2.3176 62 40 17
21.485 22.437 2.2894 56 32 4
21.497 22.474 2.243 53 32 3
21.514 22.432 2.3157 59 37 13
21.526 22.467 2.2701 70 51 19
21.509 22.511 2.1959 58 33 13
21.533 22.525 2.3361 76 55 28
21.546 22.446 2.2697 60 33 14
21.532 22.49 2.2299 66 41 9
21.535 22.505 2.1894 57 34 3
21.527 22.519 2.3075 62 42 8
21.457 22.294 2.4083 69 44 21
21.53 22.452 2.3624 68 44 18
21.568 22.512 2.1801 61 39 16
21.553 22.47 2.2269 58 36 13
21.587 22.481 2.2145 57 32 10
21.556 22.446 2.3566 57 35 12
21.574 22.46 2.1976 58 33 10
21.567 22.485 2.28 60 38 15
21.601 22.504 2.2344 59 39 4
21.614 22.45 2.3404 61 36 13
21.617 22.462 2.305 63 39 13
21.619 22.473 2.2725 59 35 7
21.623 22.461 2.3627 62 38 12
21.603 22.494 2.2979 59 37 13
21.584 22.446 2.3484 62 36 9
21.562 22.467 2.3171 64 39 19
21.647 22.483 2.1983 57 34 3
21.611 22.463 2.2475 56 32 6
21.582 22.455 2.2867 51 30 1
21.6 22.448 2.2242 60 37 3
21.635 22.453 2.244 59 38 9
21.674 22.41 2.2774 63 41 18
21.663 22.45 2.2375 53 31 8
21.638 22.44 2.3369 60 40 13
21.661 22.379 2.3221 60 40 6
21.678 22.456 2.3503 60 38 14
21.653 22.482 2.2583 60 35 13
21.681 22.469 2.3152 64 39 16
21.682 22.432 2.2386 56 34 11
21.661 22.435 2.3022 59 36 5
21.655 22.467 2.3524 63 41 20
21.652 22.474 2.2924 60 33 14
21.674 22.466 2.2573 60 36 10
21.671 22.474 2.1951 62 37 7
21.694 22.459 2.1934 56 34 11
21.687 22.374 2.3147 62 40 17
21.729 22.464 2.2142 59 39 5
21.707 22.295 2.4196 65 42 8
21.681 22.358 2.3511 64 40 14
21.692 22.323 2.3876 68 44 18
21.724 22.449 2.2497 60 36 8
21.695 22.247 2.3008 70 47 14
21.719 22.33 2.32 67 39 0
21.666 22.271 2.4388 67 40 21
21.717 22.318 2.3838 75 52 19
21.681 22.218 2.3435 66 44 7
21.697 22.295 2.3119 66 37 5
21.692 22.327 2.3587 66 41 11
21.692 22.336 2.2983 62 38 0
21.723 22.389 2.3 63 38 8
21.669 22.248 2.3081 67 43 15
21.731 22.347 2.3416 73 50 17
21.694 22.346 2.2655 62 35 14
21.674 22.152 2.4182 53 29 0
21.715 22.182 2.3746 40 22 0
21.718 22.235 2.3264 53 28 0
21.688 22.133 2.4217 44 22 1
21.711 22.176 2.378 40 22 0
21.679 22.212 2.3734 70 45 1
21.768 22.317 2.3111 51 29 6
21.714 22.26 2.4286 67 44 11
21.681 22.168 2.3861 51 30 0
21.72 22.244 2.297 54 27 10
21.728 22.156 2.4036 41 23 0
21.708 22.127 2.3923 38 22 0
20.402 22.994 1.8396 77 58 28
20.493 22.886 1.8613 78 61 35
20.492 22.944 1.83 78 61 35
20.515 23.177 1.8173 76 54 30
20.523 22.928 1.8346 79 59 35
20.568 22.987 1.8525 82 63 33
20.555 23.412 1.7152 84 63 34
20.576 23.013 1.8725 82 62 38
20.546 23.131 1.8222 83 62 33
20.561 22.971 1.8311 83 62 35
20.538 23.044 1.8311 84 62 39
20.651 23.134 1.8259 113 80 45
20.647 22.811 1.8902 107 76 46
20.687 23.043 1.8975 117 86 55
20.67 23.202 1.8663 119 86 41
20.691 22.938 1.8443 109 79 45
20.666 23.306 1.7739 113 82 51
20.702 23.182 1.8676 135 98 56
20.62 23.182 1.8124 86 65 36
20.678 23.015 1.8764 109 78 48
20.722 23.097 1.8586 119 87 49
20.768 22.955 1.8796 116 83 52
20.747 22.994 1.9032 120 87 52
20.759 22.922 1.8629 113 81 43
20.726 22.906 1.883 112 79 46
20.742 23.023 1.8557 113 83 47
20.748 22.884 1.8507 104 75 44
20.789 22.911 1.8611 109 79 45
20.717 22.871 1.8704 108 78 44
20.71 23.027 1.86 115 85 51
20.769 22.772 1.9048 106 75 45
20.786 23.078 1.8493 117 84 51
20.89 23.051 1.8738 112 81 51
20.858 22.907 1.876 110 80 46
20.818 22.884 1.8705 106 75 44
20.839 22.798 1.8984 106 75 44
20.875 22.844 1.8635 100 71 39
20.806 22.839 1.8597 104 75 44
20.789 22.839 1.935 116 81 49
20.875 23.154 1.8585 123 90 57
20.923 22.872 1.9119 102 73 41
20.921 23.041 1.8627 107 76 45
20.9 22.803 1.8806 98 68 42
20.973 22.949 1.8927 97 69 38
20.912 22.84 1.8949 101 70 39
20.953 22.863 1.9055 99 70 39
20.903 22.957 1.8755 105 72 39
20.931 22.807 1.8674 99 71 42
20.947 22.991 1.8801 103 73 39
20.882 22.848 1.8976 102 71 41
20.884 22.862 1.8901 102 71 41
21.035 23.082 1.8481 90 56 31
20.993 22.768 1.9048 87 53 26
21.032 23.228 1.8175 97 67 39
21.033 23.235 1.814 97 67 39
21.071 23.054 1.8872 86 52 25
21.085 23.092 1.9062 88 54 25
21.053 22.888 1.8601 84 53 22
21.063 23.16 1.8781 86 55 24
21.038 23.061 1.8912 90 57 26
20.984 22.978 1.9136 96 67 36
21.025 22.912 1.8552 87 51 27
20.972 22.826 1.8813 94 65 31
21.022 22.86 1.9199 88 54 29
20.986 22.875 1.8874 94 64 28
21.021 22.752 1.902 86 55 24
21.066 22.92 1.8819 87 51 25
21.144 22.924 1.9228 83 51 30
21.144 22.834 1.8913 82 47 25
21.101 22.81 1.8857 82 50 25
21.042 22.705 1.9213 87 52 32
21.14 22.934 1.885 85 51 26
21.143 22.892 1.9736 84 52 27
21.142 22.851 1.8514 83 49 24
21.175 23.195 1.8293 84 52 27
21.129 23.141 1.8685 85 53 28
21.096 22.908 1.8699 87 51 25
21.111 22.951 1.8859 83 51 28
21.111 22.83 1.9054 84 49 27
21.081 22.869 1.8615 85 51 26
21.057 22.632 1.9548 84 50 25
21.212 22.908 1.9502 86 52 25
21.262 22.972 1.9054 80 48 25
21.225 23.073 1.9101 90 57 26
21.22 22.754 1.9085 85 50 20
21.198 22.989 1.9155 85 51 26
21.19 22.785 1.8674 84 50 23
21.175 22.829 1.8872 83 49 22
21.204 22.9 1.9199 83 52 24
21.255 22.968 1.8705 82 47 27
21.2 22.778 1.9402 80 49 21
21.2 22.7 1.9099 83 49 22
21.185 22.742 1.9253 82 48 13
21.193 22.991 1.8806 84 50 25
21.161 22.795 1.8697 84 50 23
21.15 22.835 1.9271 84 48 22
21.209 22.946 1.8621 82 48 23
21.317 22.927 1.9088 83 49 22
21.316 22.946 1.8622 82 47 27
21.363 23.048 1.9141 85 50 28
21.337 22.864 1.9667 81 47 22
21.305 22.984 1.9217 83 51 26
21.289 22.775 1.8791 83 51 26
21.305 22.773 1.9836 80 48 23
21.307 22.798 1.9363 80 48 27
21.274 22.892 1.9336 86 52 27
21.273 22.616 1.9582 81 49 26
21.263 22.778 1.92 84 51 20
21.29 23.055 1.8974 85 54 24
21.357 23.046 1.8796 84 50 21
21.313 22.838 1.8737 83 49 22
21.24 22.808 1.9093 84 51 20
21.255 22.769 1.8932 85 49 25
21.258 22.855 1.919 84 49 29
21.342 22.808 1.9195 78 46 25
21.353 22.899 1.9817 80 49 21
21.307 22.679 2.0232 78 46 23
21.322 22.677 1.9171 79 48 18
21.558 22.497 2.1553 57 35 14
21.526 22.493 2.1666 59 36 3
21.609 22.474 2.18 59 37 14
21.625 22.447 2.1882 56 32 6
21.609 22.48 2.1483 51 35 9
21.564 22.448 2.174 54 34 10
21.632 22.466 2.1482 55 35 11
21.694 22.467 2.16 57 35 11
21.756 22.522 2.1527 69 47 23
21.681 22.499 2.1503 55 32 16
21.677 22.273 2.2386 66 42 16
21.695 22.309 2.1912 63 38 16
21.69 22.243 2.2747 70 48 11
21.68 22.335 2.1871 49 37 15
21.746 22.354 2.1289 69 45 7
21.69 22.247 2.246 67 43 17
21.693 22.353 2.2042 62 41 12
21.668 22.251 2.2783 65 44 15
21.684 22.332 2.2445 67 43 9
21.716 22.297 2.19 64 36 0
21.684 22.137 2.3481 41 19 6
21.718 22.244 2.2677 43 21 0
20.047 22.634 1.8773 96 73 39
20.056 22.707 1.816 81 63 39
20.203 22.647 1.8411 72 56 30
20.132 22.757 1.8933 70 55 26
20.225 22.596 1.9327 69 49 22
20.193 22.642 1.9093 66 51 22
20.137 22.847 1.7987 68 51 25
20.235 22.653 1.8553 74 56 36
20.359 22.699 1.8842 66 48 24
20.387 22.248 2.1302 70 52 28
20.387 22.458 1.9607 71 54 26
20.347 22.569 1.8722 75 53 38
20.443 22.635 1.8937 79 58 31
20.381 22.775 1.8263 73 55 33
20.433 22.541 1.8912 76 58 36
20.45 22.654 1.9159 74 53 32
20.405 22.709 1.8277 67 51 26
20.412 22.729 1.8457 73 55 33
20.482 23.041 1.7382 76 58 36
20.476 22.692 1.8824 74 57 29
20.461 22.687 1.8153 78 61 31
20.479 22.825 1.8311 77 59 37
20.471 22.638 1.8866 80 59 40
20.553 22.952 1.8087 80 60 36
20.53 22.763 1.8109 87 65 41
20.594 22.712 1.8574 115 81 52
20.591 22.083 2.1867 123 85 56
20.607 22.693 1.9363 105 75 49
20.602 22.767 1.8586 108 77 49
20.602 22.748 1.8702 108 77 49
20.565 22.727 1.8579 89 67 43
20.559 22.89 1.7236 97 73 39
20.638 22.78 1.8739 111 78 45
20.634 22.86 1.7954 115 82 51
20.64 22.614 1.8706 129 93 55
20.675 22.638 1.8752 124 91 60
20.689 22.756 1.8362 119 86 51
20.682 22.517 1.8792 155 111 72
20.66 22.59 1.8446 144 106 70
20.621 22.679 1.8712 119 84 52
20.657 22.7 1.8802 113 82 52
20.666 22.749 1.8827 112 81 50
20.615 22.689 1.8336 124 90 55
20.663 22.54 1.906 134 96 59
20.629 22.517 1.9005 149 108 63
20.648 22.664 1.8682 126 89 53
20.693 22.714 1.8937 109 78 48
20.686 22.472 1.9353 143 103 68
20.722 22.711 1.8846 111 78 47
20.724 22.744 1.8639 111 78 47
20.757 22.609 1.8637 121 86 54
20.76 22.568 1.9223 114 80 45
20.773 22.638 1.9097 109 78 50
20.703 22.762 1.8978 110 79 49
20.745 22.725 1.8314 118 83 51
20.711 22.656 1.8853 118 85 50
20.729 22.606 1.8762 130 91 58
20.706 22.685 1.8368 133 95 59
20.748 22.678 1.8961 110 77 42
20.739 22.853 1.8321 111 77 48
20.809 22.569 1.8686 110 77 44
20.825 22.74 1.905 104 73 45
20.818 22.593 1.8872 108 75 42
20.795 22.792 1.8537 106 75 45
20.775 22.508 1.9161 115 83 45
20.859 22.771 1.8763 101 71 35
20.849 22.74 1.8593 103 72 41
20.851 22.631 1.8509 99 70 38
20.806 22.681 1.8742 106 75 44
20.801 22.699 1.831 110 76 39
20.825 22.598 1.9135 102 71 41
20.811 22.402 1.9376 106 75 45
20.819 22.742 1.8656 104 73 43
20.803 22.568 1.8389 110 77 42
20.827 22.483 1.9142 104 71 38
20.934 22.668 1.9035 99 70 39
20.93 22.683 1.8607 96 67 36
20.914 22.512 1.8675 99 67 29
20.904 22.708 1.8579 98 69 35
20.914 22.621 1.8691 99 69 35
20.953 22.75 1.8925 94 66 39
20.923 22.793 1.8433 99 70 46
20.903 22.589 1.8614 100 70 36
20.88 22.706 1.9032 101 72 40
20.87 22.557 1.8901 99 68 38
20.864 22.677 1.856 98 67 39
20.888 22.531 1.8644 99 69 41
20.93 22.578 1.8576 96 65 34
20.859 22.523 1.8782 101 70 39
20.889 22.645 1.8657 99 68 37
20.863 22.627 1.9187 100 70 42
20.951 22.665 1.8325 96 68 28
20.993 22.669 1.8861 89 53 29
20.962 22.442 1.9266 87 51 25
20.968 22.595 1.8648 88 58 32
21.04 22.723 1.8786 85 51 24
20.999 22.605 1.8513 87 53 26
20.961 22.693 1.8502 89 60 29
20.932 22.457 1.8944 97 68 36
21.029 22.697 1.8608 87 51 27
21.01 22.635 1.8644 86 52 25
20.969 22.569 1.9117 87 54 23
21.006 22.523 1.864 89 50 29
20.961 22.59 1.835 90 61 21
21.011 22.733 1.88 88 54 29
20.961 22.654 1.9043 96 68 31
20.959 22.642 1.9123 96 68 31
20.964 22.48 1.8688 88 52 28
21.074 22.627 1.8821 85 50 28
21.081 22.553 1.8881 84 50 23
21.04 22.607 1.9054 86 51 21
21.039 22.628 1.8588 87 52 22
21.018 22.443 1.9075 84 48 22
21.097 22.706 1.8679 86 52 25
21.014 22.534 1.8883 84 49 20
21.075 22.549 1.8582 85 49 25
21.11 22.628 1.9038 85 51 22
21.077 22.756 1.8483 86 51 29
21.092 22.577 1.9039 87 51 25
21.056 22.596 1.837 88 52 30
21.075 22.451 1.883 88 58 32
21.061 22.593 1.8715 88 52 26
21.059 22.504 1.8574 87 50 31
21.107 22.725 1.8857 85 50 28
21.164 22.606 1.9 84 50 21
21.122 22.58 1.8926 86 52 25
21.155 22.668 1.9027 84 52 31
21.118 22.487 1.8787 86 51 29
21.144 22.568 1.8637 85 49 23
21.118 22.638 1.9309 83 49 24
21.116 22.576 1.8648 85 51 22
21.188 22.602 1.8593 92 58 21
21.145 22.651 1.8809 83 48 28
21.146 22.555 1.8949 87 53 16
21.194 22.7 1.8744 85 50 28
21.098 22.307 1.9914 87 54 23
21.103 22.543 1.851 85 50 28
21.242 22.742 1.8746 85 53 32
21.282 22.663 1.902 83 48 26
21.256 22.679 1.899 85 49 33
21.213 22.405 1.9259 95 61 36
21.22 22.593 1.8898 95 61 34
21.199 22.437 1.9426 116 77 22
21.216 22.666 1.8842 86 52 27
21.203 22.64 1.8746 86 56 22
21.24 22.477 1.9108 89 56 25
21.272 22.647 1.875 85 54 26
21.232 22.617 1.9051 89 55 30
21.257 22.516 1.915 83 52 22
21.291 22.386 1.9116 78 44 19
21.284 22.573 1.9456 79 48 17
21.257 22.367 1.9358 79 48 20
21.274 22.493 1.8909 86 50 26
21.337 22.642 1.8935 82 48 21
21.28 22.424 1.9278 82 48 19
21.312 22.581 1.8961 80 50 26
21.275 22.382 2.0135 79 49 25
21.318 22.522 1.8934 82 48 23
21.253 22.443 1.8937 82 49 16
21.284 22.507 1.9099 81 49 24
21.267 22.534 1.9372 81 49 26
21.733 22.165 2.039 20 14 0
21.669 22.108 2.0604 25 15 13
21.756 22.205 1.983 26 18 7
21.813 22.159 2.0172 19 18 13
21.851 22.174 1.9993 23 15 2
20.022 22.705 1.7961 96 76 42
20.027 22.567 1.893 145 103 51
20.004 22.923 1.6454 83 64 32
20.127 22.387 1.9566 84 65 35
20.175 22.601 1.8414 71 55 32
20.163 22.635 1.7926 67 50 22
20.203 22.583 1.8431 75 59 36
20.186 22.661 1.7709 67 51 26
20.237 22.409 1.8916 68 51 23
20.292 22.544 1.8768 74 57 37
20.28 22.575 1.8237 64 48 25
20.321 22.422 1.9128 68 51 34
20.288 22.435 1.8826 69 53 27
20.339 22.179 2.05 64 48 22
20.316 22.549 1.8617 74 53 34
20.334 22.391 1.8672 66 49 29
20.364 22.494 1.8488 68 50 28
20.347 22.478 1.8983 67 52 31
20.37 22.5 1.8726 65 50 27
20.366 22.377 1.8977 67 46 25
20.356 22.418 1.8381 72 51 30
20.33 22.513 1.8147 71 54 26
20.369 22.626 1.8238 73 55 35
20.396 22.492 1.8691 70 56 29
20.386 22.551 1.8052 74 56 34
20.392 22.674 1.784 72 54 32
20.419 22.405 1.8877 76 59 33
20.523 22.556 1.7768 96 75 46
20.492 22.47 1.817 85 65 38
20.485 22.455 1.796 75 54 35
20.518 22.409 1.8511 88 68 34
20.511 22.428 1.8064 83 62 33
20.543 22.398 1.8508 108 75 40
20.608 22.455 1.849 143 104 63
20.582 22.449 1.8643 134 95 62
20.575 22.441 1.8364 122 83 60
20.556 22.441 1.8758 126 89 55
20.6 22.402 1.8556 129 91 63
20.55 22.413 1.8678 116 81 52
20.659 22.435 1.8445 165 118 75
20.649 22.367 1.8621 145 99 60
20.616 22.504 1.8475 154 111 76
20.617 22.327 1.8715 120 87 56
20.647 22.474 1.8883 165 117 77
20.632 22.402 1.8736 155 111 74
20.643 22.526 1.822 173 125 85
20.684 22.425 1.8419 168 121 77
20.641 22.319 1.867 127 93 58
20.659 22.431 1.8462 165 118 75
20.672 22.451 1.8938 165 114 69
20.672 22.558 1.7894 187 134 92
20.626 22.406 1.8456 139 99 63
20.674 22.359 1.8598 144 101 67
20.69 22.413 1.8825 175 123 76
20.728 22.321 1.8948 137 94 59
20.741 22.408 1.8642 149 107 67
20.696 22.411 1.9105 166 117 74
20.707 22.378 1.8629 156 108 68
20.742 22.264 1.8982 118 83 53
20.756 22.353 1.8652 116 84 46
20.808 22.311 1.9033 101 70 39
20.81 22.441 1.8832 108 78 42
20.797 22.266 1.9052 108 75 44
20.795 22.367 1.903 109 77 38
20.775 22.291 1.8998 114 79 49
20.831 22.395 1.9067 107 76 45
20.82 22.247 1.9105 103 72 41
20.786 22.468 1.8738 115 80 50
20.79 22.374 1.8687 112 79 44
20.83 22.438 1.8449 103 72 41
20.901 22.47 1.8649 99 66 35
20.844 22.346 1.8999 102 73 39
20.879 22.369 1.9035 100 69 38
20.878 22.502 1.8528 100 69 41
20.855 22.533 1.842 104 72 34
20.902 22.316 1.9589 96 67 36
20.867 22.463 1.8491 101 71 37
20.882 22.259 1.9416 95 64 34
20.89 22.341 1.8546 102 72 36
20.871 22.348 1.8877 101 71 37
20.841 22.36 1.8612 103 72 41
20.904 22.361 1.9004 95 64 33
20.877 22.424 1.8049 101 71 35
20.968 22.39 1.8904 89 53 31
20.961 22.38 1.8663 88 53 31
20.943 22.399 1.8964 87 59 28
20.929 22.35 1.8983 94 59 29
20.912 22.316 1.8625 99 69 35
20.958 22.365 1.8774 88 53 31
20.953 22.257 1.8882 91 51 24
20.923 22.317 1.9208 94 59 29
20.925 22.357 1.8632 95 62 29
20.941 22.3 1.8923 89 56 25
20.971 22.374 1.9319 91 56 24
20.986 22.369 1.8625 86 52 23
20.932 22.28 1.8797 80 50 16
20.966 22.297 1.8882 90 52 26
21.01 22.356 1.866 87 51 27
21.059 22.332 1.8631 83 47 21
21.006 22.314 1.9246 86 51 32
21.044 22.363 1.8815 85 51 26
21.063 22.42 1.8717 87 53 28
21.024 22.21 1.923 86 52 14
21.013 22.445 1.8726 88 53 31
20.99 22.361 1.9 91 55 33
21.035 22.347 1.864 88 50 21
21.023 22.37 1.9162 88 49 26
20.988 22.353 1.9051 89 53 31
21.017 22.289 1.8747 88 50 22
20.983 22.253 1.9099 87 52 22
21.099 22.187 1.9424 87 53 26
21.121 22.412 1.8889 90 54 30
21.09 22.331 1.8839 85 50 21
21.079 22.376 1.8924 84 52 29
21.106 22.29 1.9037 86 55 24
21.058 22.31 1.9098 86 51 22
21.115 22.338 1.8402 88 50 21
21.068 22.283 1.8604 83 47 23
21.106 22.462 1.8678 85 52 33
21.06 22.153 1.9478 88 52 14
21.063 22.244 1.9181 84 50 21
21.1 22.35 1.901 87 52 30
21.064 22.248 1.9153 84 50 21
21.164 22.304 1.8772 100 62 34
21.207 22.326 1.9104 88 53 34
21.184 22.268 1.9207 89 55 20
21.139 22.237 1.8947 88 52 26
21.191 22.348 1.9331 102 72 38
21.146 22.335 1.8626 91 57 30
21.166 22.239 1.8844 85 50 20
21.192 22.236 1.8793 82 51 23
21.178 22.262 1.897 89 52 18
21.16 22.276 1.9245 128 90 61
21.245 22.344 1.9185 81 49 26
21.261 22.322 1.8961 78 48 14
21.241 22.346 1.8869 82 47 25
21.224 22.307 1.8855 82 47 15
21.244 22.209 1.9378 77 40 21
21.243 22.218 1.9037 78 45 12
21.283 22.373 1.8895 81 49 28
21.25 22.304 1.8788 82 46 22
21.224 22.367 1.9136 85 53 28
21.224 22.321 1.8462 82 46 24
21.222 22.233 1.901 78 44 17
21.27 22.217 1.8925 78 43 14
21.703 22.214 1.9631 38 29 14
21.776 22.193 1.9488 34 20 11
21.782 22.2 1.9763 21 10 4
21.736 22.135 1.9648 30 18 0
21.755 22.168 1.9127 16 9 0
21.753 22.2 1.9863 26 18 7
21.715 22.146 1.9655 39 24 1
21.761 22.131 1.9615 21 13 2
21.733 22.17 1.9766 26 9 0
21.768 22.144 1.9209 20 14 0
21.798 22.142 1.9745 31 19 7
21.847 22.17 1.9726 17 9 6
21.832 22.189 1.9635 29 10 12
21.79 22.169 1.9905 24 13 7
21.794 22.094 1.9981 34 18 3
21.799 22.102 1.9604 19 16 1
21.791 22.174 1.958 33 14 8
21.808 22.161 1.9342 24 17 0
21.984 22.24 1.9277 38 19 5
21.829 22.103 1.9787 33 20 2
21.86 22.154 1.92 24 15 0
21.864 22.035 2.0375 27 20 0
21.903 22.049 2.0132 37 22 0
