2123
0.085553 0.51351 0.085403 0.84952 9.8884 5.3082 -0.15209
13.435 3.1149 0.11044 97 72 42
13.436 3.1182 0.069588 96 72 38
13.345 3.1343 0.020058 96 68 41
13.565 3.0424 0.035355 93 69 43
13.58 3.0785 0.043369 94 68 41
13.3 3.0748 0.042496 93 68 38
13.226 3.1612 0.074044 98 74 40
13.364 3.0792 0.01585 94 68 41
13.409 3.0916 0.060301 95 71 43
13.25 3.1492 0.044705 95 72 39
13.263 3.1407 0.045097 94 71 38
13.46 3.0561 0.098525 98 73 43
13.236 3.1137 0.073935 95 70 38
13.236 3.0716 0.069262 96 71 39
13.232 3.0289 0.098556 90 67 33
13.263 2.9652 0.094012 86 62 36
13.283 2.9999 0.029824 88 65 34
13.313 3.0173 0.10879 95 72 39
13.287 2.9946 0.067084 87 63 35
13.253 2.9772 0.023673 82 61 34
13.277 2.9577 0.058065 84 61 27
13.288 3.0393 0.037407 94 68 43
13.203 2.9236 0.045913 85 61 35
13.224 2.9494 0.086763 84 61 30
13.259 2.8809 0.082857 82 61 32
13.219 2.8641 0.11012 81 59 35
13.249 2.9346 0.053225 85 62 29
13.26 2.8783 0.11995 82 62 37
13.216 2.8715 0.040522 80 59 32
13.26 2.929 0.018343 82 57 34
13.22 2.8657 0.076834 80 59 30
13.213 2.7817 0.099264 79 59 34
13.221 2.8242 0.036812 77 56 25
13.286 2.7733 0.073757 80 57 24
13.193 2.7524 0.090043 76 56 32
13.212 2.7848 0.06601 78 58 33
13.197 2.7984 0.029504 77 55 31
13.236 2.7218 0.05928 74 57 29
13.278 2.7767 0.10905 78 59 29
13.189 2.7117 0.088695 76 55 26
13.242 2.6253 0.083959 75 55 31
13.194 2.6209 0.044855 71 52 20
13.201 2.7047 0.05561 77 57 32
13.203 2.6588 0.046694 74 57 29
13.16 2.7328 0.12181 78 56 32
13.179 2.6738 0.11539 77 59 21
13.19 2.6219 0.07622 74 54 29
13.171 2.5454 0.10135 73 56 28
13.146 2.6133 0.069517 72 54 18
13.127 2.5806 0.13482 75 56 24
13.19 2.5318 0.066633 74 48 33
13.214 2.6007 0.11459 76 55 28
13.178 2.5854 0.10627 74 52 29
13.146 2.5238 0.057002 71 51 26
13.164 2.4159 0.049684 72 50 26
13.14 2.483 0.055552 71 53 13
13.111 2.4613 0.083375 68 51 23
13.131 2.487 0.12766 73 53 28
13.181 2.4456 0.092793 71 51 24
13.184 2.3952 0.12423 72 55 25
13.168 2.501 0.13128 73 53 29
13.132 2.5337 0.094471 73 53 29
13.126 2.3538 0.11048 74 51 20
13.13 2.3521 0.073249 69 51 27
13.189 2.2477 0.14563 72 51 32
13.075 2.3987 0.14176 71 51 26
13.189 2.3459 0.083174 71 49 26
13.158 2.2772 0.11022 72 52 18
13.005 2.4201 0.0613 73 49 21
13.115 2.4097 0.11624 74 55 23
13.549 3.0556 -0.0031443 92 67 35
13.431 3.0837 -0.01335 90 66 38
13.361 3.093 -0.12613 87 64 33
13.464 3.0791 -0.19983 85 62 29
13.539 3.0683 -0.078571 88 67 36
13.419 3.0973 -0.086407 88 62 35
13.36 3.0968 -0.16443 87 64 33
13.491 3.0496 -0.045388 91 67 41
13.459 3.0786 -0.16218 87 63 37
13.397 3.114 -0.12399 88 64 36
13.592 3.0324 -0.041254 90 66 40
13.483 3.1089 -0.15384 88 65 32
13.37 3.0935 -0.20585 87 62 32
13.602 3.0683 0.0016711 93 68 38
13.441 2.9945 -0.10043 88 63 31
13.337 3.053 0.0072072 92 68 30
13.204 3.1116 -0.1797 87 64 22
13.487 2.9672 -0.13956 88 64 36
13.291 3.008 -0.15064 91 66 36
13.267 3.0588 -0.036241 92 67 37
13.224 3.0902 -0.074004 93 65 36
13.266 3.0683 -0.14323 89 65 29
13.231 3.0879 -0.11144 89 67 30
13.262 3.0595 -0.0021419 91 68 37
13.376 3.0745 -0.016956 91 66 34
13.398 3.0633 -0.055869 93 65 34
13.254 3.1214 -0.17435 88 62 35
13.241 3.0443 -0.18666 89 63 36
13.31 3.0763 -0.065628 90 66 32
13.319 3.0677 -0.028696 91 65 38
13.39 3.0718 -0.094115 91 65 38
13.233 3.0393 -0.043091 89 66 35
13.101 3.0435 -0.023122 84 61 28
13.242 2.987 -0.012665 84 60 32
13.24 3.0015 -0.1921 82 58 24
13.25 3.0245 -0.0072567 92 68 34
13.262 3.0248 -0.11383 89 64 32
13.25 2.9486 -0.16268 81 58 27
13.245 2.9907 -0.083918 81 61 26
13.242 2.9953 -0.12065 85 62 29
13.235 2.9152 -0.1703 78 54 26
13.226 3.001 -0.048497 84 62 25
13.22 2.9622 -0.056245 83 60 19
13.223 3.0482 -0.078058 91 67 33
13.227 2.9623 -0.12631 82 59 28
13.262 2.9837 -0.15653 84 60 26
13.221 2.964 -0.088859 81 57 31
13.21 2.883 -0.065947 78 57 30
13.206 2.9268 -0.026332 79 58 27
13.182 2.8984 0.0024636 77 57 20
13.211 2.8799 -0.031212 78 55 21
13.195 2.9414 -0.13413 77 56 27
13.162 2.881 -0.18032 78 57 28
13.216 2.8344 -0.072297 76 56 22
13.195 2.8957 -0.1037 79 56 22
13.23 2.912 -0.059611 81 61 27
13.198 2.93 0.0087269 80 58 35
13.214 2.838 -0.10909 75 53 29
13.254 2.8577 -0.17526 78 55 21
13.243 2.8121 -0.035762 76 57 25
13.256 2.8956 -0.097212 80 58 19
13.173 2.8707 -0.1442 75 55 21
13.24 2.8657 -0.13832 76 55 28
13.121 2.8686 -0.18585 71 52 10
13.184 2.7244 -0.054457 77 54 20
13.169 2.7822 -0.084646 76 55 26
13.172 2.8212 -0.044105 78 56 17
13.265 2.7488 -0.0042764 77 55 31
13.197 2.8092 -0.15133 74 55 13
13.171 2.7826 -0.12224 77 53 19
13.192 2.76 -0.011592 74 54 20
13.149 2.7537 -0.09141 74 54 19
13.268 2.7043 -0.048128 74 55 25
13.21 2.7551 -0.15708 73 51 28
13.2 2.7516 0.022256 76 54 13
13.211 2.8341 -0.0010756 80 56 22
13.212 2.7936 -0.0792 74 54 20
13.186 2.729 -0.16351 73 53 19
13.184 2.8169 -0.11722 75 56 24
13.15 2.7552 -0.12804 74 52 28
13.159 2.6568 -0.10223 74 50 24
13.147 2.7073 -0.024867 73 51 28
13.135 2.7226 -0.13321 70 50 16
13.159 2.6555 -0.065855 71 50 19
13.154 2.6146 -0.074074 73 52 21
13.139 2.6748 -0.13822 72 52 18
13.193 2.7152 -0.019155 76 55 26
13.219 2.6028 0.0083855 71 51 26
13.183 2.6767 0.009563 74 51 17
13.169 2.6053 -0.14738 67 50 22
13.181 2.6434 -0.17532 70 49 32
13.147 2.7149 -0.16876 72 52 28
13.211 2.6992 0.018374 74 54 19
13.196 2.6706 -0.060604 70 53 25
13.164 2.6978 -0.096813 71 52 18
13.147 2.6217 -0.1087 70 50 26
13.17 2.644 -0.030045 73 49 21
13.146 2.5326 -0.12116 69 47 23
13.091 2.5359 -0.16274 69 49 15
13.14 2.5825 -0.1155 70 49 22
13.122 2.5508 -0.084747 69 51 11
13.156 2.5639 -0.0059439 72 51 24
13.181 2.5864 0.033786 73 52 23
13.142 2.5741 0.028126 72 51 22
13.17 2.5139 -0.15816 69 47 23
13.133 2.5907 -0.15232 69 48 27
13.147 2.5265 -0.012287 73 51 12
13.211 2.47 0.024936 73 52 25
13.167 2.6017 -0.034264 73 52 21
13.099 2.5692 -0.049307 71 52 12
13.131 2.5882 -0.078859 70 49 22
13.141 2.5782 -0.042784 72 51 22
13.105 2.5221 -0.12747 70 47 14
13.12 2.4565 0.01423 73 53 18
12.997 2.5251 -0.10284 68 48 13
13.13 2.453 -0.094985 70 50 16
13.103 2.3861 -0.14279 68 47 26
13.133 2.4925 -0.0167 72 53 13
13.166 2.4657 -0.052666 70 50 13
13.083 2.4921 -0.058421 71 51 24
13.118 2.4646 -0.13337 69 46 28
13.149 2.3876 -0.065861 68 49 17
13.071 2.5443 0.016073 72 52 28
13.084 2.4897 -0.021878 72 52 17
13.093 2.4409 -0.13981 67 45 22
13.138 2.3945 0.0099124 74 51 20
13.125 2.503 -0.089901 70 50 25
13.109 2.4221 -0.029847 70 50 13
13.07 2.4114 -0.03507 71 49 26
13.085 2.3494 -0.0037696 68 48 23
13.147 2.3381 0.03493 68 51 21
13.072 2.3167 -0.04579 70 50 23
13.132 2.3987 0.042618 71 53 17
13.13 2.3066 0.032186 71 53 17
13.019 2.4153 -0.1144 69 51 1
13.036 2.3526 -0.12263 71 47 21
13.114 2.3725 -0.071982 70 49 28
13.109 2.3294 -0.040474 70 52 2
13.141 2.3012 -0.07618 69 49 15
13.131 2.3543 0.00075809 70 51 17
13.014 2.3725 -0.08085 69 48 19
13.065 2.3741 -0.14835 68 47 0
13.11 2.3782 -0.10906 69 52 26
13.097 2.337 0.029915 71 53 17
13.088 2.3057 -0.15733 65 48 18
13.072 2.2718 -0.12598 70 49 4
13.51 3.1122 -0.39015 85 58 23
13.524 3.0975 -0.31215 86 62 28
13.443 3.0504 -0.24185 83 63 29
13.512 3.0095 -0.28811 85 63 22
13.298 3.1073 -0.36051 84 63 32
13.527 3.0466 -0.27922 84 62 25
13.481 3.078 -0.31682 85 62 31
13.426 3.0734 -0.39745 83 60 26
13.186 3.1737 -0.28011 86 61 31
13.508 3.0645 -0.35731 83 62 31
13.327 3.0916 -0.39892 85 62 28
13.525 3.0444 -0.23991 85 62 31
13.411 3.0859 -0.43615 83 59 33
13.327 3.1295 -0.31719 85 63 26
13.378 3.1007 -0.35674 84 60 32
13.28 3.1162 -0.32315 85 64 37
13.229 3.0684 -0.40592 85 62 28
13.256 3.1228 -0.21055 87 62 30
13.242 3.095 -0.28931 85 62 31
13.239 3.0482 -0.22285 88 64 28
13.228 3.02 -0.3382 80 58 21
13.145 3.0818 -0.40632 82 59 25
13.213 3.0682 -0.25811 87 62 32
13.329 3.0401 -0.33222 83 63 29
13.198 3.1212 -0.25127 86 61 31
13.228 3.0987 -0.21458 88 62 35
13.264 3.0423 -0.3709 87 65 28
13.291 3.1031 -0.24612 87 63 25
13.364 3.0198 -0.37303 84 58 31
13.324 2.9571 -0.38361 77 55 18
13.339 3.0393 -0.40869 86 62 28
13.199 3.0803 -0.29442 87 64 33
13.225 3.0659 -0.33252 85 64 21
13.215 2.9834 -0.30972 80 57 26
13.205 2.9828 -0.19997 80 55 33
13.153 2.9884 -0.38578 77 54 20
13.226 2.9732 -0.27098 80 56 28
13.224 3.0202 -0.30038 78 57 30
13.211 3.0242 -0.22754 81 58 25
13.183 2.9207 -0.35878 76 53 22
13.194 2.9494 -0.23906 79 57 18
13.213 2.9872 -0.34541 78 57 10
13.217 2.9766 -0.23415 81 58 27
13.224 2.9817 -0.38231 76 53 19
13.265 2.904 -0.31782 77 57 22
13.224 3.0174 -0.26593 81 57 23
13.185 2.9631 -0.35087 77 54 21
13.196 2.9455 -0.20489 76 55 28
13.228 2.928 -0.2756 79 56 22
13.205 2.9074 -0.39503 77 57 20
13.181 2.8743 -0.2899 74 54 17
13.242 2.8688 -0.21252 78 53 23
13.205 2.8519 -0.21941 75 54 9
13.181 2.8339 -0.37204 73 51 14
13.22 2.7984 -0.26109 72 51 20
13.273 2.8489 -0.25144 76 55 8
13.21 2.8483 -0.21852 75 54 9
13.183 2.8699 -0.25492 77 53 25
13.164 2.8887 -0.32583 75 55 21
13.209 2.8085 -0.29942 74 52 15
13.209 2.7682 -0.38213 71 50 19
13.351 2.7559 -0.41443 74 50 24
13.183 2.9184 -0.32124 74 54 19
13.223 2.794 -0.22543 74 52 11
13.16 2.8475 -0.33283 73 53 18
13.188 2.8711 -0.32659 75 55 21
13.199 2.8651 -0.36415 74 55 12
13.218 2.8911 -0.28417 76 56 21
13.213 2.8057 -0.29932 74 52 15
13.122 2.7387 -0.24107 70 49 18
13.141 2.812 -0.22856 74 53 24
13.18 2.742 -0.31125 75 52 21
13.128 2.7361 -0.27877 72 51 8
13.173 2.7857 -0.19385 73 54 24
13.172 2.7438 -0.238 69 50 16
13.231 2.696 -0.20058 72 50 27
13.15 2.7626 -0.27402 73 51 27
13.146 2.7272 -0.39041 71 47 21
13.194 2.7734 -0.27102 73 53 26
13.164 2.7111 -0.3534 71 47 21
13.176 2.7915 -0.3415 72 50 26
13.151 2.7658 -0.34689 71 50 19
13.146 2.7233 -0.31561 71 50 7
13.144 2.6839 -0.39696 68 46 22
13.156 2.7641 -0.38433 72 51 20
13.188 2.7796 -0.30777 75 52 19
13.132 2.6432 -0.29309 68 48 21
13.165 2.6176 -0.3329 69 50 10
13.147 2.6259 -0.18257 69 49 22
13.129 2.5986 -0.26166 69 49 12
13.173 2.6551 -0.28293 68 50 26
13.123 2.692 -0.21192 70 51 9
13.179 2.652 -0.32326 71 49 12
13.147 2.6343 -0.36656 68 48 21
13.115 2.6158 -0.37198 71 48 14
13.078 2.735 -0.35461 71 49 10
13.14 2.5932 -0.33642 68 48 11
13.172 2.5651 -0.29977 72 49 16
13.143 2.6324 -0.25548 69 50 20
13.155 2.6679 -0.25131 72 52 28
13.201 2.6741 -0.20723 70 49 18
13.221 2.567 -0.21858 70 49 22
13.125 2.6476 -0.25506 69 50 20
13.075 2.5971 -0.2283 70 50 13
13.151 2.5366 -0.3047 69 50 10
13.163 2.5689 -0.22554 69 47 23
13.095 2.4915 -0.27717 66 47 15
13.103 2.5296 -0.27369 70 50 25
13.105 2.4838 -0.31669 68 48 24
13.168 2.5625 -0.18875 70 49 6
13.119 2.5587 -0.19278 69 47 23
13.155 2.536 -0.38018 69 47 24
13.1 2.537 -0.38265 68 48 13
13.139 2.5479 -0.34391 69 49 25
13.132 2.5064 -0.30944 68 49 15
13.114 2.566 -0.26515 67 45 22
13.149 2.4872 -0.20023 68 48 13
13.119 2.5194 -0.34844 65 47 11
13.134 2.5511 -0.30431 69 50 10
13.106 2.526 -0.23584 69 49 14
13.097 2.4917 -0.35509 66 47 15
13.104 2.5321 -0.34749 65 47 11
13.123 2.4216 -0.32403 68 49 17
13.094 2.4427 -0.20952 66 51 22
13.079 2.4142 -0.33068 65 48 2
13.067 2.3801 -0.3711 69 47 8
13.12 2.3713 -0.18119 66 47 15
13.174 2.4207 -0.24421 68 47 16
13.106 2.4307 -0.17794 66 47 13
13.156 2.4331 -0.17176 68 48 14
13.084 2.411 -0.36647 64 44 19
13.13 2.4169 -0.36315 64 48 15
13.115 2.4275 -0.28746 65 49 16
13.062 2.4283 -0.29289 67 46 15
13.118 2.4233 -0.24958 67 48 16
13.074 2.4148 -0.21886 66 45 24
13.074 2.3723 -0.3356 67 43 31
13.14 2.3564 -0.2569 68 49 6
13.095 2.3526 -0.33667 67 43 31
13.124 2.4624 -0.2063 66 50 14
13.058 2.2873 -0.16218 72 47 24
13.076 2.3662 -0.22425 67 48 18
13.144 2.2549 -0.1956 71 50 21
13.1 2.2044 -0.35614 68 47 26
13.113 2.2379 -0.27579 66 44 20
13.077 2.3185 -0.23125 68 46 22
12.998 2.3956 -0.33606 64 47 3
13.114 2.2386 -0.31418 65 45 10
13.152 2.2975 -0.26291 66 49 5
13.052 2.2983 -0.34623 64 43 22
13.044 2.3947 -0.18637 66 50 1
13.097 2.3049 -0.37882 67 45 22
13.069 2.327 -0.26661 65 45 8
13.041 2.3047 -0.19596 66 47 13
13.061 2.2863 -0.23606 68 51 23
13.107 2.3401 -0.29839 65 48 18
13.096 2.3031 -0.30576 67 48 6
13.051 2.251 -0.31612 63 45 21
13.439 3.078 -0.55813 80 59 28
13.454 3.0654 -0.51911 83 60 26
13.348 3.0932 -0.59429 83 60 27
13.121 3.1934 -0.53648 83 60 26
13.328 3.0972 -0.47728 84 62 25
13.289 3.1246 -0.51131 84 59 27
13.426 3.0405 -0.56577 83 59 33
13.301 3.0702 -0.48201 85 59 32
13.271 3.0926 -0.51765 84 60 34
13.471 3.0512 -0.48336 81 60 31
13.359 3.0741 -0.44206 84 59 27
13.198 3.1458 -0.58202 85 61 33
13.234 3.1253 -0.62632 82 59 25
13.451 3.0738 -0.60128 80 60 26
13.445 3.0743 -0.55791 80 59 28
13.197 3.0105 -0.53199 75 56 24
13.246 2.9792 -0.57559 78 57 30
13.175 3.1126 -0.51289 85 62 28
13.237 3.0326 -0.60516 85 60 37
13.19 3.0536 -0.4486 82 58 24
13.234 3.1114 -0.43617 85 62 28
13.212 3.0415 -0.48794 81 56 26
13.272 3.0037 -0.5308 82 61 30
13.15 3.1264 -0.47289 84 59 29
13.237 3.0795 -0.63596 81 59 35
13.234 2.9824 -0.49707 77 56 25
13.245 3.0304 -0.64389 82 60 19
13.213 3.0049 -0.60969 75 54 25
13.198 3.0998 -0.55422 83 60 29
13.246 3.0597 -0.44634 81 61 27
13.177 3.0708 -0.55866 81 60 17
13.204 3.0987 -0.59364 83 63 28
13.23 2.9799 -0.42147 77 54 20
13.216 2.9135 -0.62665 74 53 22
13.225 2.9049 -0.58806 75 55 21
13.199 2.9167 -0.47011 76 53 22
13.114 2.9367 -0.50265 73 51 27
13.229 2.9471 -0.58112 75 56 26
13.244 2.8817 -0.43532 75 54 23
13.222 2.9468 -0.50499 77 57 23
13.164 2.9024 -0.54931 75 55 21
13.191 2.8848 -0.59265 75 54 27
13.215 2.9931 -0.45991 79 56 23
13.171 2.9415 -0.54315 79 55 27
13.162 2.9456 -0.5038 76 52 26
13.214 2.9601 -0.61742 75 53 29
13.2 2.9649 -0.54012 79 55 27
13.198 2.961 -0.46382 75 55 21
13.22 2.9436 -0.42656 74 53 24
13.199 2.8816 -0.63074 72 51 20
13.268 2.9594 -0.50115 76 56 21
13.202 2.9683 -0.61684 75 53 29
13.259 2.7805 -0.4516 74 51 17
13.265 2.7733 -0.41756 73 52 23
13.176 2.8045 -0.56633 72 56 23
13.145 2.7828 -0.57117 69 47 23
13.167 2.813 -0.60472 68 50 26
13.025 2.9596 -0.50298 72 50 26
13.287 2.8055 -0.44716 78 54 18
13.205 2.8296 -0.60208 73 50 19
13.108 2.8516 -0.48575 72 51 20
13.118 2.888 -0.47586 73 51 27
13.195 2.7835 -0.45682 74 51 20
13.136 2.8785 -0.55366 71 51 26
13.233 2.7584 -0.53802 69 50 18
13.195 2.7814 -0.41903 73 49 21
13.204 2.7394 -0.61765 69 50 20
13.156 2.9038 -0.47288 76 52 18
13.103 2.767 -0.49719 69 50 8
13.204 2.7291 -0.42413 69 48 27
13.206 2.6878 -0.54875 71 50 23
13.157 2.6776 -0.47396 70 50 13
13.229 2.7118 -0.46586 73 49 21
13.109 2.714 -0.43106 71 49 12
13.141 2.7428 -0.61514 70 51 11
13.146 2.6919 -0.58613 68 45 27
13.187 2.6968 -0.43228 71 51 27
13.13 2.7927 -0.53086 71 50 19
13.172 2.7162 -0.58224 69 49 24
13.181 2.6598 -0.51385 70 49 22
13.19 2.6102 -0.60134 67 49 13
13.162 2.6768 -0.55083 71 50 23
13.188 2.6982 -0.46831 70 49 22
13.166 2.7623 -0.49776 70 51 8
13.177 2.6207 -0.59921 67 49 13
13.175 2.6152 -0.44521 68 46 23
13.204 2.5898 -0.40991 71 50 23
13.124 2.6099 -0.40957 67 47 23
13.152 2.5895 -0.48755 69 51 15
13.123 2.6593 -0.47622 67 49 11
13.079 2.6052 -0.48673 67 47 22
13.194 2.5564 -0.53159 67 49 13
13.123 2.6629 -0.55298 70 50 23
13.148 2.5912 -0.44894 69 49 15
13.157 2.5379 -0.45615 68 46 23
13.044 2.6824 -0.54959 66 46 21
13.133 2.5646 -0.60813 67 49 25
13.172 2.5787 -0.60528 67 47 13
13.047 2.6339 -0.52059 69 47 24
13.102 2.6785 -0.51289 71 48 30
13.145 2.552 -0.57272 67 45 22
13.044 2.5938 -0.6021 67 44 26
13.057 2.5756 -0.41752 69 49 15
13.096 2.4985 -0.50194 67 47 23
13.086 2.4597 -0.47268 66 46 21
13.15 2.499 -0.50243 67 50 22
13.148 2.5035 -0.57917 70 47 14
13.152 2.4981 -0.54289 67 50 24
13.172 2.4294 -0.43683 66 45 24
13.063 2.5287 -0.53811 67 48 18
13.143 2.4537 -0.39532 69 48 29
13.125 2.5189 -0.46036 71 48 17
13.02 2.5217 -0.5785 68 47 28
13.124 2.4272 -0.51529 64 47 17
13.16 2.5334 -0.41885 68 48 14
13.093 2.504 -0.57933 64 48 23
13.168 2.434 -0.47484 66 46 21
13.153 2.4032 -0.55735 65 44 23
13.15 2.3526 -0.4083 67 48 6
13.18 2.3264 -0.45059 63 45 23
13.035 2.4163 -0.59387 66 45 28
13.166 2.2936 -0.53503 64 46 24
13.055 2.3493 -0.5676 64 47 21
13.14 2.3674 -0.6035 63 46 18
13.119 2.3356 -0.48947 64 47 19
13.043 2.4529 -0.51219 67 48 14
13.042 2.455 -0.55016 66 46 21
13.063 2.4785 -0.43239 67 45 21
13.13 2.3276 -0.57116 63 45 23
13.069 2.472 -0.39539 62 45 15
13.074 2.424 -0.47979 66 48 24
13.054 2.3927 -0.40755 66 44 20
12.997 2.4027 -0.52097 66 46 9
13.019 2.4265 -0.43998 66 47 17
13.031 2.3206 -0.42125 63 45 23
13.018 2.3359 -0.53141 68 46 22
13.052 2.301 -0.46247 67 47 22
13.1 2.2535 -0.38889 66 47 7
13.123 2.2827 -0.461 66 48 8
13.035 2.2242 -0.58695 65 44 23
13.124 2.2827 -0.50012 65 48 22
13.044 2.2591 -0.39326 64 46 10
13.093 2.2639 -0.50197 66 48 26
13.008 2.298 -0.53629 64 46 22
13.053 2.2554 -0.58185 64 46 24
13.074 2.2829 -0.57931 63 45 21
13.085 2.2733 -0.58044 63 45 21
13.104 2.2022 -0.435 67 45 24
13.012 2.2459 -0.54663 66 46 21
13.076 2.2315 -0.50765 67 46 25
13.097 2.3057 -0.41987 65 45 20
13.036 2.2688 -0.46567 66 44 21
13.036 2.2215 -0.47243 66 46 21
13.041 2.2169 -0.51235 64 45 11
13.28 3.0984 -0.67116 80 58 34
13.322 3.0772 -0.76267 82 59 28
13.375 3.0396 -0.72946 81 58 25
13.3 3.1012 -0.87669 80 56 28
13.331 3.0775 -0.84281 75 56 22
13.347 3.1067 -0.75446 81 60 33
13.309 3.0406 -0.76716 81 57 21
13.265 3.064 -0.6791 85 59 36
13.225 3.099 -0.79185 78 57 26
13.311 3.0484 -0.88693 78 57 26
13.334 3.0728 -0.80257 79 58 27
13.228 3.1 -0.83079 81 58 27
13.327 3.0258 -0.73 80 59 30
13.307 3.1253 -0.67065 81 57 29
13.156 3.1038 -0.8253 81 57 29
13.227 2.9612 -0.77691 73 54 24
13.213 2.9731 -0.81482 73 51 12
13.19 3.0727 -0.71463 82 59 25
13.154 3.0993 -0.74767 82 58 22
13.253 2.9827 -0.69357 72 53 19
13.161 3.0484 -0.71642 71 52 18
13.195 3.031 -0.80026 71 50 21
13.196 3.0325 -0.84105 72 51 22
13.127 2.9925 -0.84273 70 50 23
13.246 2.9848 -0.6544 75 55 20
13.161 3.0123 -0.842 72 53 21
13.251 2.9394 -0.70019 72 52 25
13.244 2.9465 -0.74008 74 50 12
13.196 3.0274 -0.76152 74 53 22
13.204 3.069 -0.79343 79 58 27
13.241 3.0351 -0.68388 82 58 30
13.213 2.8809 -0.7892 71 52 22
13.165 2.8705 -0.79182 70 50 15
13.215 2.9222 -0.7428 75 53 16
13.205 2.889 -0.82714 71 51 26
13.209 2.9657 -0.65654 74 54 30
13.199 2.9359 -0.78066 72 53 23
13.241 2.9004 -0.70932 75 53 30
13.2 2.8829 -0.67065 75 54 27
13.181 2.9087 -0.86273 72 52 25
13.254 2.846 -0.71985 72 52 25
13.169 2.8653 -0.75205 70 50 25
13.264 2.8407 -0.76305 72 52 15
13.2 2.8467 -0.83669 66 49 21
13.219 2.9142 -0.66547 77 54 23
13.167 2.9614 -0.81159 72 50 13
13.201 2.8397 -0.71697 71 51 24
13.19 2.7565 -0.73378 73 49 11
13.19 2.7541 -0.69395 71 50 23
13.175 2.8541 -0.63724 73 53 19
13.217 2.6913 -0.78744 68 48 11
13.157 2.7862 -0.80638 68 47 16
13.176 2.7633 -0.65063 69 49 25
13.166 2.8631 -0.67384 69 50 20
13.177 2.816 -0.80243 69 48 19
13.186 2.7171 -0.82247 68 46 22
13.186 2.8122 -0.84089 70 51 9
13.215 2.7832 -0.72789 71 47 9
13.19 2.7625 -0.85174 69 49 22
13.209 2.7438 -0.77608 70 51 21
13.224 2.69 -0.86845 68 48 24
13.178 2.8135 -0.76231 70 48 24
13.152 2.8287 -0.67995 70 50 25
13.186 2.8005 -0.64614 72 53 23
13.158 2.6393 -0.67327 66 46 22
13.211 2.6415 -0.63432 70 48 25
13.169 2.5896 -0.80314 64 46 10
13.157 2.6474 -0.83346 65 44 23
13.172 2.6786 -0.74603 66 51 12
13.168 2.7237 -0.65773 70 49 18
13.131 2.663 -0.70956 69 48 19
13.128 2.71 -0.66163 65 47 23
13.144 2.6493 -0.63315 67 50 22
13.127 2.7123 -0.70171 70 47 14
13.123 2.6287 -0.83374 69 48 19
13.16 2.7334 -0.73687 68 46 22
13.143 2.6569 -0.79085 68 48 14
13.13 2.7555 -0.69184 65 48 20
13.176 2.6289 -0.75483 66 49 23
13.167 2.6841 -0.78584 68 48 14
13.112 2.638 -0.83112 69 48 19
13.168 2.6856 -0.82629 66 46 21
13.114 2.584 -0.67927 66 46 22
13.155 2.5067 -0.81803 64 43 22
13.105 2.5928 -0.72099 67 47 23
13.195 2.5183 -0.77923 66 46 12
13.129 2.6151 -0.63963 68 47 30
13.123 2.6252 -0.75481 66 45 14
13.148 2.6013 -0.68205 67 46 25
13.153 2.4601 -0.82801 64 44 19
13.122 2.5298 -0.6923 66 47 17
13.129 2.576 -0.80339 67 47 13
13.1 2.5938 -0.64173 66 46 21
13.101 2.5462 -0.65067 67 48 16
13.106 2.5504 -0.84622 64 44 17
13.133 2.5237 -0.77409 65 48 4
13.132 2.6162 -0.71691 67 49 13
13.144 2.5126 -0.73564 65 44 25
13.153 2.5565 -0.85089 66 45 18
13.049 2.452 -0.66633 66 47 7
13.086 2.5131 -0.65805 68 48 24
13.081 2.4689 -0.62569 64 46 26
13.137 2.4732 -0.78295 65 47 25
13.091 2.4152 -0.7134 65 42 24
13.12 2.4852 -0.6982 65 48 4
13.102 2.4532 -0.70518 64 48 25
13.132 2.4286 -0.75027 66 47 5
13.121 2.3927 -0.83784 61 43 3
13.041 2.4175 -0.82885 64 42 29
13.109 2.4026 -0.79318 62 42 17
13.114 2.4415 -0.66962 65 45 18
13.146 2.4593 -0.62829 67 48 16
13.158 2.4078 -0.8369 64 46 26
13.112 2.4472 -0.78682 65 45 21
13.097 2.5064 -0.73642 67 45 6
13.065 2.4401 -0.74777 64 46 6
13.12 2.2899 -0.61642 64 46 22
13.128 2.2375 -0.78085 62 46 21
13.067 2.296 -0.81356 62 41 20
13.097 2.3606 -0.64207 66 44 20
13.109 2.3507 -0.68534 71 49 12
13.103 2.3595 -0.80215 64 46 10
13.08 2.3302 -0.72563 64 44 19
13.15 2.3155 -0.77178 64 46 8
13.059 2.3505 -0.76328 66 46 9
13.103 2.2593 -0.6998 62 49 17
13.106 2.304 -0.65264 62 45 25
13.143 2.2737 -0.82067 59 43 20
13.089 2.2736 -0.73689 65 47 11
13.105 2.4004 -0.63682 66 45 18
13.086 2.3725 -0.7208 66 46 22
13.015 2.3892 -0.67782 62 45 19
13.098 2.2166 -0.78776 65 44 25
13.019 2.1933 -0.71158 63 44 10
13.021 2.2385 -0.62354 63 42 23
13.057 2.2527 -0.6234 62 44 22
13.086 2.177 -0.7137 64 45 13
13.071 2.1928 -0.75133 59 42 22
13.122 2.1903 -0.67229 66 48 10
13.084 2.2269 -0.70921 60 43 23
13.047 2.1669 -0.79373 61 43 23
13.021 2.1925 -0.74822 63 44 12
13.042 2.2688 -0.73808 66 46 12
13.026 2.2354 -0.66262 64 47 21
13.106 2.1592 -0.79857 59 42 14
13.033 2.324 -0.64936 65 43 20
13.101 2.2593 -0.62121 61 43 21
13.097 2.1686 -0.8353 60 41 7
13.006 2.2533 -0.62191 63 42 23
13.13 2.0825 -0.69145 64 43 12
13.167 3.0994 -0.86458 78 57 28
13.217 3.0749 -0.99691 79 56 22
13.053 3.1476 -1.0401 77 56 27
13.146 3.1601 -0.88979 78 57 26
13.229 3.1176 -1.0734 75 55 21
13.2 3.0802 -0.91195 80 56 28
13.162 3.1558 -0.97298 77 57 22
13.239 3.1016 -0.95441 80 56 30
13.22 3.0305 -1.0471 70 47 14
13.255 3.0974 -1.0401 77 53 27
13.189 3.0905 -0.94893 80 57 23
13.268 3.0444 -1.0477 79 56 23
13.301 3.1033 -0.91913 78 57 28
13.325 3.0877 -0.92435 78 57 28
13.274 3.092 -1.1251 78 55 22
13.352 3.0738 -0.97317 78 55 22
13.193 2.956 -1.0193 72 47 24
13.199 2.9996 -1.0508 70 47 13
13.205 2.9983 -1.0957 72 49 15
13.253 2.9052 -0.91256 69 52 24
13.191 3.0447 -0.95829 70 50 25
13.206 2.9839 -0.89146 72 50 26
13.2 2.9932 -0.97012 70 50 13
13.165 3.057 -0.87376 73 53 18
13.217 2.9412 -1.0672 73 50 17
13.231 3.0143 -0.92806 72 54 8
13.249 2.9621 -1.0246 71 50 21
13.194 2.9526 -0.97764 69 49 12
13.133 2.9562 -1.0534 68 47 16
13.223 2.9748 -0.93693 72 50 13
13.178 3.0566 -0.99516 74 51 18
13.166 2.9699 -0.93187 70 52 14
13.189 2.9642 -1.1007 69 47 23
13.115 2.8334 -1.0765 65 45 20
13.188 2.9088 -0.94654 72 49 16
13.149 2.8919 -0.94491 72 47 15
13.182 2.9156 -0.9853 66 48 24
13.192 2.8165 -1.0053 66 47 17
13.196 2.8159 -1.048 67 48 6
13.188 2.8149 -0.92229 68 48 21
13.178 2.8759 -1.0314 67 46 15
13.168 2.8319 -0.9596 69 47 10
13.24 2.8221 -0.92711 68 47 18
13.171 2.8833 -1.0715 68 49 7
13.217 2.8931 -1.0347 67 46 15
13.201 2.8122 -1.0491 67 48 6
13.141 2.8979 -0.943 72 47 15
13.171 2.8776 -0.99284 67 46 17
13.186 2.8598 -0.87416 71 49 25
13.13 2.9483 -0.89157 70 50 25
13.161 2.8449 -1.0791 67 47 22
13.169 2.7352 -0.89609 66 46 22
13.189 2.7236 -0.98285 66 46 9
13.157 2.7467 -0.93444 66 46 11
13.152 2.7061 -0.9818 64 48 13
13.139 2.8082 -0.96129 66 46 9
13.179 2.7754 -0.93192 68 48 11
13.202 2.8018 -0.88541 70 48 25
13.158 2.7036 -1.0259 65 47 1
13.135 2.7698 -1.0521 65 43 20
13.141 2.8091 -1.0013 68 47 20
13.128 2.8214 -1.0386 66 46 11
13.201 2.7561 -0.89605 68 50 12
13.158 2.75 -1.0164 67 47 13
13.112 2.7419 -1.0534 67 45 22
13.148 2.6175 -1.0411 64 45 15
13.152 2.6103 -0.96165 67 46 1
13.184 2.5379 -1.021 65 44 17
13.146 2.6138 -0.9187 66 45 2
13.161 2.6951 -0.90378 67 45 21
13.099 2.6103 -1.0394 65 44 27
13.138 2.6704 -0.9896 65 45 11
13.122 2.7241 -0.85386 67 45 24
13.152 2.6574 -0.95062 65 46 14
13.169 2.6421 -0.91107 67 45 24
13.109 2.6418 -0.87086 65 44 13
13.153 2.6608 -1.0319 68 47 2
13.161 2.6047 -1.0043 65 44 13
13.114 2.6467 -1.0752 65 46 4
13.142 2.5764 -1.0925 65 45 20
13.133 2.678 -1.0706 65 44 25
13.169 2.6398 -0.87458 67 46 25
13.119 2.4991 -1.0625 60 43 25
13.17 2.5002 -0.98503 64 45 15
13.184 2.5331 -0.89666 65 45 18
13.107 2.5525 -0.92724 63 44 4
13.155 2.4614 -0.90659 64 44 17
13.106 2.5059 -0.93611 63 42 13
13.086 2.4787 -1.0671 60 43 17
13.092 2.4728 -1.0238 60 42 18
13.125 2.5418 -1.0549 64 44 19
13.089 2.5662 -0.88234 64 44 17
13.138 2.481 -1.0259 63 43 16
13.171 2.5469 -0.97593 63 40 22
13.115 2.592 -0.92089 64 43 12
13.084 2.575 -1.0024 62 43 13
13.127 2.488 -0.93936 63 42 13
13.081 2.5281 -0.97266 66 47 5
13.163 2.4529 -0.86834 64 44 19
13.082 2.4325 -0.98906 63 43 6
13.054 2.5009 -0.85338 62 42 18
13.092 2.4689 -0.90168 62 42 15
13.16 2.4118 -1.0014 62 44 4
13.098 2.4166 -0.95353 61 43 19
13.039 2.4251 -1.0278 59 43 8
13.086 2.3326 -1.0518 59 43 8
13.089 2.4272 -1.0346 61 43 21
13.1 2.3655 -0.92319 62 42 5
13.125 2.3444 -1.0127 62 44 8
13.082 2.3805 -0.87762 65 45 10
13.141 2.4269 -0.95634 62 45 17
13.148 2.3697 -0.88363 62 41 20
13.134 2.3832 -0.92201 64 44 9
13.109 2.4544 -0.90503 62 42 15
13.091 2.4263 -1.0765 60 43 23
13.09 2.3758 -0.95919 64 44 10
13.071 2.2956 -0.97394 60 43 0
13.062 2.3546 -1.0022 59 42 22
13.124 2.1942 -0.91628 60 39 22
13.067 2.2978 -0.89232 62 39 21
13.114 2.3039 -0.93416 59 41 21
13.068 2.2493 -0.98429 60 42 22
13.027 2.2413 -1.0631 58 39 0
13.071 2.2945 -0.93509 60 45 6
13.084 2.3312 -0.88569 66 43 10
13.055 2.3562 -0.84051 60 44 18
13.1 2.3173 -0.97455 57 41 5
13.034 2.284 -1.0563 62 46 13
12.98 2.3349 -1 59 43 7
13.033 2.3335 -1.0463 59 41 19
13.086 2.1315 -0.9661 64 42 1
13.021 2.147 -1.0408 60 41 24
13.057 2.1586 -0.83484 63 41 26
13.025 2.1416 -0.91881 62 43 13
13.023 2.194 -0.9914 60 41 25
13.008 2.1583 -0.95592 59 42 14
12.99 2.2734 -0.8543 57 41 6
13.066 2.1998 -0.91121 58 42 7
12.981 2.285 -1.0113 60 41 24
13.093 2.1751 -0.95582 55 33 9
13.044 2.1711 -0.87509 61 40 23
13.056 2.16 -0.91821 64 45 2
13.047 2.2203 -0.98909 54 41 7
13.062 2.1048 -1.0106 60 43 15
13.017 2.201 -1.0291 58 41 15
13.135 2.1825 -0.87832 62 44 22
13.001 2.1654 -0.8715 60 43 13
13.2 3.1524 -1.2759 67 48 18
13.206 3.0973 -1.2015 75 54 27
13.179 3.0736 -1.2416 76 56 31
13.168 3.0754 -1.1549 77 58 16
13.146 3.0927 -1.1913 79 55 27
13.194 3.0243 -1.3418 67 51 18
13.161 3.0412 -1.2452 71 49 25
13.146 3.1344 -1.1386 77 56 27
13.154 3.1384 -1.2654 78 57 26
13.205 3.0922 -1.1123 76 55 26
13.225 3.0883 -1.2471 76 55 28
13.127 3.1001 -1.1 77 53 27
13.194 3.0211 -1.2986 71 51 26
13.095 3.1339 -1.2529 79 55 29
13.215 3.0562 -1.3389 74 54 29
13.238 2.9323 -1.1547 69 47 24
13.17 2.9429 -1.2702 68 46 22
13.161 3.0378 -1.2051 70 48 24
13.224 2.9913 -1.1819 71 47 19
13.243 2.9317 -1.1984 67 50 20
13.153 3.0043 -1.294 68 48 24
13.211 2.9029 -1.1145 67 51 16
13.142 2.9606 -1.217 67 48 18
13.17 2.986 -1.2169 68 50 26
13.163 2.9401 -1.1414 69 50 20
13.155 2.9485 -1.1801 67 47 10
13.196 2.9275 -1.321 66 46 22
13.157 2.998 -1.2558 70 49 18
13.149 2.9552 -1.2225 67 48 18
13.174 3.0228 -1.1257 69 49 25
13.165 2.9007 -1.2777 69 49 14
13.163 2.904 -1.3222 68 48 13
13.179 2.7944 -1.2616 69 49 15
13.14 2.8681 -1.1961 69 48 21
13.2 2.7705 -1.1433 68 48 24
13.124 2.8773 -1.15 68 46 22
13.185 2.8416 -1.3394 63 46 16
13.185 2.7872 -1.2215 66 45 24
13.135 2.8766 -1.2775 67 47 22
13.191 2.8766 -1.202 71 48 14
13.166 2.8064 -1.3002 64 43 14
13.148 2.813 -1.1681 68 48 23
13.14 2.9162 -1.2283 67 45 21
13.178 2.8829 -1.1582 67 47 20
13.203 2.8622 -1.1231 67 46 17
13.158 2.7654 -1.3076 66 46 21
13.173 2.8457 -1.2501 70 47 14
13.135 2.8666 -1.1136 65 49 23
13.161 2.8135 -1.3383 56 36 9
13.167 2.6555 -1.1612 64 44 17
13.159 2.6635 -1.2029 65 47 27
13.124 2.6979 -1.3184 58 38 13
13.149 2.7168 -1.1464 64 45 15
13.13 2.7386 -1.2648 67 46 17
13.119 2.7004 -1.2716 64 43 16
13.153 2.7627 -1.1781 65 46 14
13.178 2.7457 -1.2285 63 47 12
13.083 2.7268 -1.217 64 44 17
13.147 2.7628 -1.0964 65 46 12
13.172 2.7075 -1.3233 61 43 5
13.175 2.6978 -1.1986 65 44 17
13.153 2.7181 -1.23 65 45 11
13.186 2.6854 -1.1158 66 46 22
13.148 2.7713 -1.2613 66 43 27
13.19 2.7318 -1.149 62 45 19
13.117 2.646 -1.1161 63 43 18
13.138 2.6764 -1.1116 66 45 18
13.116 2.6037 -1.2059 65 42 8
13.101 2.6177 -1.2472 65 48 22
13.171 2.6063 -1.2158 64 44 17
13.099 2.6202 -1.291 64 46 10
13.126 2.5453 -1.1803 66 44 29
13.103 2.5666 -1.2136 63 46 20
13.124 2.5502 -1.2638 63 46 16
13.125 2.5516 -1.3069 59 38 17
13.096 2.6172 -1.1167 67 42 10
13.106 2.6102 -1.1617 65 44 27
13.129 2.6463 -1.3291 57 37 12
13.107 2.6628 -1.2781 64 43 16
13.159 2.6177 -1.2529 63 42 23
13.093 2.5257 -1.179 62 44 22
13.11 2.5109 -1.185 62 44 22
13.064 2.5521 -1.2123 64 43 22
13.089 2.4818 -1.1872 63 41 26
13.038 2.4791 -1.1799 62 44 8
13.095 2.5231 -1.1375 63 42 21
13.128 2.4989 -1.2742 63 42 21
13.082 2.5797 -1.0824 64 49 20
13.113 2.506 -1.1012 61 43 19
13.098 2.4266 -1.288 62 43 11
13.11 2.4143 -1.2504 65 45 11
13.138 2.4349 -1.1224 63 43 8
13.104 2.4663 -1.1515 63 43 19
13.122 2.5052 -1.3186 59 41 21
13.105 2.3655 -1.0885 58 41 21
13.074 2.3983 -1.247 58 44 8
13.053 2.414 -1.1141 59 43 18
13.093 2.3803 -1.2114 63 42 23
13.087 2.3846 -1.1662 62 41 22
13.11 2.361 -1.0902 58 41 21
13.071 2.3032 -1.2644 62 44 24
13.139 2.3849 -1.1317 61 45 10
13.047 2.3723 -1.164 60 42 20
13.072 2.4462 -1.1516 60 42 20
13.052 2.3666 -1.1251 61 43 23
13.098 2.3261 -1.2227 59 41 19
13.075 2.3448 -1.0878 59 41 21
13.085 2.3393 -1.2608 62 44 22
13.076 2.2441 -1.1123 62 43 11
13.052 2.2184 -1.1538 56 39 13
13.014 2.2074 -1.2781 46 32 19
13.047 2.2747 -1.2709 56 39 19
13.063 2.3062 -1.0954 61 40 21
13.034 2.3338 -1.1295 61 43 21
13.03 2.2389 -1.1062 59 44 15
13.038 2.1306 -1.0846 60 40 15
13.041 2.1289 -1.2135 59 41 17
13.028 2.1409 -1.168 63 43 18
13.038 2.181 -1.1184 63 42 25
13.051 2.1703 -1.2483 58 42 16
13.08 2.1389 -1.0881 62 42 17
13.04 2.0777 -1.1386 57 38 21
12.983 2.1366 -1.2013 58 41 13
12.973 2.1971 -1.2311 59 37 24
13.022 3.1448 -1.3233 11 10 5
11.069 4.4036 -0.60858 1 11 0
13.146 2.9668 -1.3376 53 36 10
13.168 2.7613 -1.3494 56 35 14
12.574 4.3664 -1.6987 49 28 11
12.451 4.3053 -1.6191 47 22 15
12.343 4.1812 -1.5775 45 20 13
12.403 4.1877 -1.6022 45 24 19
12.205 4.0838 -1.5112 45 22 14
12.364 3.9891 -1.5026 38 23 4
12.426 3.9593 -1.578 43 20 12
12.433 3.8813 -1.5689 41 23 1
12.497 3.8824 -1.5898 40 22 0
12.701 3.7371 -1.7519 33 20 12
12.49 3.8143 -1.6074 41 23 0
12.35 3.9697 -1.576 42 22 11
12.516 3.8759 -1.6372 43 22 3
12.398 3.8397 -1.6292 26 16 6
12.339 3.8394 -1.6049 43 22 19
12.489 3.746 -1.6629 50 23 14
12.385 3.773 -1.6088 45 26 12
12.293 3.7221 -1.5555 42 19 11
12.385 3.7299 -1.5559 42 25 0
12.532 3.6009 -1.6453 43 24 10
12.209 3.8146 -1.5231 46 27 13
12.391 3.7337 -1.6251 44 26 12
12.273 3.6986 -1.5186 39 20 6
12.207 3.6433 -1.5412 34 10 10
12.217 3.599 -1.5254 38 21 4
12.25 3.4686 -1.5728 39 22 5
12.785 4.5284 -1.8697 48 27 24
12.401 4.5996 -1.6504 46 25 22
12.259 4.6489 -1.6243 42 19 13
12.381 4.6412 -1.6588 49 25 23
12.405 4.6347 -1.6743 49 25 23
12.329 4.6599 -1.6595 45 27 17
12.542 4.5878 -1.6884 49 27 14
12.489 4.5802 -1.7364 44 25 18
12.208 4.6046 -1.6104 34 28 4
12.222 4.5663 -1.5962 39 22 14
12.251 4.6215 -1.6307 39 20 13
12.309 4.5952 -1.6019 44 25 19
12.271 4.5556 -1.6571 45 21 11
12.451 4.5587 -1.7239 46 27 20
12.606 4.4635 -1.726 43 23 16
12.311 4.5637 -1.6187 41 22 16
12.242 4.5897 -1.601 44 23 18
12.513 4.459 -1.6804 49 26 18
12.486 4.4725 -1.7016 46 26 27
12.249 4.4838 -1.5415 41 22 8
12.42 4.4988 -1.6925 43 24 17
12.219 4.4775 -1.6268 40 23 6
12.099 4.5722 -1.5034 41 22 15
12.293 4.4731 -1.6 24 20 11
12.222 4.4719 -1.5972 41 24 7
12.408 4.5023 -1.6873 43 24 17
12.208 4.541 -1.5989 40 21 17
12.278 4.4829 -1.6216 28 19 10
12.401 4.3294 -1.6277 31 16 13
12.182 4.3968 -1.599 37 19 0
12.035 4.4584 -1.5357 43 18 11
12.434 4.3916 -1.6999 40 22 8
12.41 4.3678 -1.6915 44 20 20
12.312 4.4088 -1.6638 38 14 10
12.444 4.3835 -1.6668 40 20 9
12.383 4.3404 -1.656 46 22 20
12.195 4.4258 -1.6323 46 19 12
12.199 4.4161 -1.5665 39 22 15
12.229 4.4086 -1.6217 43 19 5
12.271 4.4286 -1.6646 42 24 10
12.278 4.3187 -1.6034 45 23 10
12.323 4.2636 -1.6106 44 27 20
12.36 4.2897 -1.6873 41 20 17
12.186 4.3301 -1.5883 43 25 11
12.218 4.3737 -1.5619 43 26 18
12.363 4.3211 -1.68 45 24 21
12.383 4.3037 -1.6293 40 22 8
12.171 4.3924 -1.5325 43 26 18
12.144 4.3821 -1.5825 44 22 0
12.404 4.2333 -1.6978 45 21 21
12.448 4.2144 -1.7259 45 21 21
12.131 4.3272 -1.5993 42 20 9
12.251 4.1994 -1.5974 43 23 12
12.393 4.1757 -1.7418 24 19 13
12.342 4.1858 -1.6101 40 20 19
12.384 4.2 -1.6269 47 20 13
12.122 4.3272 -1.5618 42 17 12
12.091 4.3031 -1.4929 47 23 19
12.263 4.2299 -1.6275 35 23 11
12.619 4.1063 -1.8381 31 14 7
12.401 4.159 -1.6459 40 20 19
12.171 4.2409 -1.5779 39 21 11
12.17 4.2453 -1.6085 48 21 10
12.204 4.1554 -1.5499 44 25 21
12.193 4.1952 -1.5729 40 23 16
12.171 4.214 -1.6171 50 23 12
12.117 4.1674 -1.5124 45 24 21
12.18 4.1781 -1.633 44 20 8
12.225 4.1168 -1.6073 43 17 20
12.201 4.16 -1.5851 45 23 12
12.499 4.0796 -1.7154 42 19 13
12.16 4.2148 -1.5818 43 20 14
12.217 4.1521 -1.5955 43 23 12
12.042 4.2156 -1.5563 46 24 11
12.152 4.1493 -1.5342 45 24 21
12.246 4.066 -1.5661 40 12 8
12.282 4.0506 -1.6228 46 16 14
12.153 4.0234 -1.571 34 27 17
12.283 3.9461 -1.6241 41 23 19
12.24 3.9379 -1.6024 41 21 20
12.142 3.9973 -1.5775 44 23 2
12.232 3.949 -1.6663 43 23 14
12.212 3.9512 -1.5503 45 19 20
12.347 3.8028 -1.6543 43 25 13
12.175 3.9104 -1.5821 40 22 10
12.288 3.835 -1.5889 44 25 11
12.176 3.8772 -1.5929 45 18 23
12.14 3.8958 -1.5413 46 21 14
12.197 3.9365 -1.6516 41 23 0
12.182 3.9067 -1.5843 40 22 10
12.14 3.8045 -1.6293 45 27 3
12.068 3.883 -1.5773 43 25 11
12.154 3.8584 -1.5881 45 23 12
12.161 3.8564 -1.6265 41 25 0
12.228 3.8051 -1.5689 43 23 22
12.245 3.8271 -1.5744 37 18 12
12.102 3.7617 -1.5923 35 24 2
12.105 3.792 -1.5862 39 22 15
12.361 3.5732 -1.657 40 27 18
12.007 3.8617 -1.5499 40 21 14
12.03 3.8456 -1.5668 41 23 1
12.213 3.6825 -1.6264 32 17 10
12.148 3.6895 -1.5727 39 18 23
12.005 3.7562 -1.4282 37 18 14
12.215 3.6401 -1.579 39 25 25
12.125 3.635 -1.512 30 20 18
12.26 3.463 -1.6115 39 19 20
12.161 3.5074 -1.5902 41 20 17
12.23 3.5213 -1.5853 30 21 12
12.089 3.6021 -1.5969 38 21 4
12.129 3.5668 -1.601 30 14 0
12.09 3.5967 -1.5377 36 16 5
12.245 3.438 -1.6142 39 15 5
12.132 3.4924 -1.5533 39 15 13
12.279 3.3389 -1.6903 48 21 14
12.068 3.4786 -1.597 39 14 10
12.54 3.1647 -1.8526 39 17 2
12.122 3.5044 -1.6126 34 19 0
12.083 3.5036 -1.6255 35 15 17
13.459 3.0801 0.087571 97 73 39
13.478 3.0722 0.048547 95 70 38
13.571 3.0563 0.10194 94 70 36
13.515 3.0971 0.01903 94 70 44
13.484 3.1126 0.054694 94 71 37
13.232 3.1356 0.091988 98 71 34
13.333 3.1159 0.070321 97 73 39
13.239 3.0891 0.088119 97 72 40
13.31 3.0482 0.021466 93 68 38
13.278 3.1086 0.060857 95 70 40
13.429 3.0584 0.037214 93 69 41
13.252 3.0835 0.056463 96 71 39
13.317 3.0861 0.027107 94 69 39
13.404 3.0676 0.10804 99 74 42
13.266 3.0283 0.084433 93 70 36
13.275 2.9799 0.080967 86 61 38
13.231 3.0127 0.042887 84 63 36
13.306 3.0073 0.016683 94 68 43
13.316 2.9976 0.053899 94 70 42
13.262 2.9479 0.038663 86 60 33
13.25 2.9936 0.10928 86 62 28
13.249 2.9548 0.071632 85 62 28
13.202 2.8997 0.095497 81 61 36
13.234 2.8787 0.06143 80 59 32
13.242 2.9137 0.10495 85 62 31
13.225 2.8419 0.056998 82 59 25
13.221 2.9312 0.069792 82 61 32
13.241 2.8764 0.027633 79 59 22
13.196 2.9513 0.02988 83 60 27
13.22 2.8474 0.021149 77 57 30
13.266 2.9401 0.10913 85 61 35
13.203 2.7661 0.11302 76 56 31
13.263 2.767 0.087382 76 56 31
13.216 2.7164 0.036595 75 51 25
13.185 2.7821 0.078044 77 56 29
13.212 2.7639 0.043845 77 55 14
13.225 2.839 0.091105 80 59 30
13.258 2.7687 0.12357 79 58 31
13.2 2.817 0.048009 83 59 31
13.151 2.7193 0.10006 73 55 17
13.239 2.6017 0.13607 75 53 29
13.241 2.6024 0.10076 75 54 35
13.155 2.7202 0.031681 71 54 24
13.199 2.7272 0.07426 75 58 30
13.217 2.7109 0.10966 77 57 33
13.224 2.6634 0.0741 75 55 31
13.243 2.6028 0.064492 71 52 20
13.133 2.6026 0.046389 72 54 18
13.146 2.5905 0.08485 71 54 26
13.187 2.5539 0.12277 74 55 23
13.168 2.5285 0.047734 71 52 12
13.086 2.5938 0.11153 74 54 27
13.198 2.5942 0.056956 72 53 21
13.176 2.5196 0.081217 71 51 26
13.115 2.6599 0.08618 77 57 32
13.132 2.4644 0.1074 71 54 24
13.125 2.4725 0.067466 71 51 24
13.141 2.4545 0.13822 74 53 24
13.293 2.374 0.084413 73 51 27
13.268 2.298 0.11065 71 49 26
13.208 2.445 0.11431 74 54 30
13.176 2.3813 0.067169 70 52 14
13.142 2.3149 0.12876 74 54 29
13.175 2.287 0.092025 75 52 21
13.053 2.4435 0.091169 73 51 27
13.125 2.3803 0.057253 69 52 26
13.136 2.3238 0.052082 71 51 17
13.096 2.449 0.13529 74 54 27
13.121 2.3805 0.13067 76 54 30
13.459 3.0864 0.0072658 92 68 42
13.615 3.0855 -0.0056171 91 67 39
13.584 3.0582 -0.019031 90 65 33
13.499 3.0785 -0.17606 87 64 31
13.44 3.0607 -0.069096 90 67 34
13.421 3.0788 -0.14401 89 63 36
13.498 3.0693 -0.063853 90 64 37
13.54 3.04 -0.025437 89 65 37
13.477 3.0466 -0.18281 86 62 36
13.537 3.0484 -0.1015 89 66 35
13.53 3.0559 -0.14136 89 66 32
13.586 3.0642 -0.094523 89 63 36
13.335 3.1296 -0.10843 88 64 36
13.51 3.0135 -0.031127 91 65 40
13.385 3.0893 0.0019405 92 66 39
13.192 3.0892 -0.058211 91 67 33
13.419 3.0328 -0.11378 89 66 32
13.198 3.1377 -0.19368 88 61 24
13.35 3.068 -0.0061167 94 69 37
13.267 3.047 -0.16601 91 67 31
13.162 3.1559 -0.12495 88 65 32
13.256 3.0921 -0.087098 90 65 33
13.249 3.0905 -0.020105 91 68 37
13.378 3.0619 -0.15522 86 60 33
13.308 3.0978 -0.039971 95 67 36
13.341 3.0335 -0.048997 91 66 36
13.318 3.0945 -0.080283 89 65 31
13.284 3.0332 -0.12976 89 66 33
13.263 3.044 -0.094709 93 66 33
13.171 3.1526 -0.15917 86 63 32
13.335 3.0373 -0.050167 91 66 36
13.266 3.0508 -0.20031 87 63 25
13.374 3.096 0.0010532 92 66 39
13.363 3.0745 -0.18903 88 63 33
13.279 3.028 -0.021713 92 66 41
13.234 3.0237 -0.13447 84 61 28
13.22 2.9852 -0.068925 82 60 23
13.248 3.0114 -0.09757 80 60 23
13.198 3.0401 -0.030999 84 61 30
13.234 3.0129 0.0065495 88 64 30
13.252 2.9218 -0.11254 82 59 28
13.256 2.9574 -0.034517 82 59 26
13.195 2.9671 -0.18367 80 57 26
13.196 3.0516 -0.17138 87 61 34
13.265 2.9612 -0.17981 80 55 25
13.259 2.9627 -0.14059 83 60 27
13.249 2.9677 -0.10434 80 58 21
13.254 3.0047 -0.061938 83 61 22
13.212 2.9521 -0.14841 80 60 25
13.177 3.0096 0.00039032 83 59 33
13.199 2.9162 -0.11997 78 57 28
13.171 2.8517 -0.16538 75 55 20
13.202 2.8699 -0.12198 77 57 23
13.188 2.8828 -0.15946 77 54 21
13.195 2.9571 -0.042722 79 59 25
13.209 2.9017 -0.012002 78 57 26
13.262 2.9119 -0.075065 81 57 19
13.228 2.8439 -0.016955 82 58 24
13.211 2.905 -0.081732 79 57 20
13.205 2.8245 -0.12864 75 55 21
13.171 2.9713 -0.0065258 81 56 33
13.281 2.8616 -0.19233 78 57 30
13.215 2.8994 -0.046788 78 59 27
13.178 2.8833 -0.051322 80 57 23
13.24 2.8398 -0.087703 79 56 22
13.232 2.8944 -0.15366 80 57 23
13.139 2.7847 -0.10704 78 54 28
13.167 2.7206 -0.14773 74 51 17
13.149 2.814 0.0082178 77 55 31
13.219 2.8068 -0.020457 77 57 23
13.246 2.747 -0.098747 77 58 16
13.185 2.7884 -0.029775 78 56 17
13.174 2.8037 -0.13658 78 54 20
13.189 2.7503 -0.17917 73 52 25
13.219 2.809 -0.058807 77 57 23
13.224 2.7121 0.0043931 75 58 15
13.236 2.7922 0.015612 76 55 24
13.199 2.7402 -0.14301 76 53 19
13.191 2.7864 -0.064137 75 56 14
13.212 2.817 -0.092247 75 54 23
13.218 2.7213 -0.069609 73 54 24
13.252 2.7799 0.016891 76 55 24
13.188 2.7951 -0.17234 74 55 25
13.233 2.7074 -0.033521 74 53 24
13.195 2.6025 -0.050567 71 50 19
13.246 2.6051 -0.0080616 72 50 27
13.196 2.696 -0.10989 72 53 19
13.175 2.668 -0.11652 73 52 23
13.172 2.7103 -0.040186 75 53 29
13.213 2.6782 -0.039328 75 53 29
13.219 2.6243 0.027698 74 54 29
13.167 2.6307 -0.15767 70 49 30
13.211 2.6348 -0.042538 71 54 26
13.181 2.5736 -0.16798 69 52 24
13.108 2.675 -0.086209 74 53 22
13.128 2.7474 -0.076841 72 52 18
13.168 2.6749 -0.15419 70 49 32
13.178 2.6636 -0.081715 73 52 25
13.167 2.6293 -0.12427 70 51 21
13.131 2.6528 -0.014877 74 54 19
13.14 2.7341 -0.0057207 74 54 19
13.077 2.6949 0.01937 74 54 30
13.071 2.5709 -0.070396 68 50 10
13.123 2.5683 0.0072069 71 50 23
13.232 2.5242 -0.01989 71 52 22
13.115 2.5802 -0.099547 72 50 13
13.21 2.5022 -0.13821 70 48 24
13.057 2.6272 -0.066215 71 50 23
13.204 2.4551 -0.028991 72 53 13
13.197 2.5555 -0.055802 73 52 23
13.095 2.5537 -0.14102 69 49 24
13.172 2.5721 0.012734 70 51 19
13.125 2.6186 -0.12864 68 49 7
13.159 2.5466 -0.17201 69 47 23
13.17 2.5797 -0.095792 71 50 23
13.146 2.5083 -0.10481 69 47 23
13.138 2.5578 -0.026438 72 51 22
13.053 2.4969 -0.078318 71 48 15
13.1 2.4524 -0.010413 71 51 16
13.172 2.3935 -0.11866 70 48 25
13.078 2.4273 -0.051726 68 49 17
13.131 2.3815 -0.08813 69 49 14
13.151 2.4972 0.040191 72 52 25
13.18 2.383 -0.043925 71 51 17
13.093 2.5088 -0.1122 69 49 22
13.11 2.4922 -0.074525 71 49 26
13.092 2.5033 0.032974 71 53 13
13.047 2.5436 -0.0039294 71 50 23
13.118 2.443 -0.15351 68 49 15
13.166 2.447 -0.14815 71 48 15
13.138 2.4169 0.028034 71 51 16
13.189 2.332 -0.15962 66 46 22
13.146 2.4591 -0.035002 70 50 23
13.183 2.4715 0.0029522 70 50 26
13.063 2.4443 -0.1239 70 50 26
13.13 2.3327 -0.019025 71 53 15
13.058 2.4026 -0.12884 66 49 23
13.05 2.363 -0.099469 71 47 21
13.097 2.4078 0.023963 67 50 20
13.046 2.3649 -0.061186 68 49 17
13.024 2.3882 -0.13476 68 47 20
13.068 2.3877 0.012756 70 50 16
13.038 2.3283 -0.14315 67 48 18
13.143 2.3227 -0.055198 71 53 3
13.031 2.334 -0.10305 70 49 22
13.075 2.4287 -0.014992 69 50 16
13.086 2.3783 -0.16333 66 45 24
13.137 2.3295 -0.091622 69 49 15
13.088 2.3246 -0.022621 70 49 32
13.421 3.0402 -0.22826 86 63 32
13.514 3.0302 -0.26081 86 63 32
13.497 3.0436 -0.3013 85 62 29
13.331 3.1068 -0.33809 85 61 33
13.466 3.0239 -0.38577 83 59 31
13.474 3.068 -0.41745 84 60 34
13.451 3.0664 -0.22328 85 65 31
13.395 3.0631 -0.30624 86 61 31
13.406 3.1039 -0.3346 85 62 31
13.383 3.1209 -0.3727 83 63 29
13.402 3.068 -0.4188 83 59 31
13.506 2.9889 -0.26654 86 62 28
13.401 3.0231 -0.42933 85 62 28
13.233 3.1231 -0.30477 86 63 32
13.313 3.0744 -0.34719 83 63 29
13.237 3.0291 -0.2451 86 62 26
13.247 3.0308 -0.35463 82 60 23
13.187 3.0661 -0.27827 87 63 29
13.254 3.0234 -0.31751 82 61 34
13.214 3.0553 -0.38948 84 60 26
13.316 3.0755 -0.38459 86 63 19
13.315 3.0317 -0.39082 83 60 26
13.265 3.0566 -0.27431 87 64 33
13.168 3.1632 -0.26464 87 62 32
13.181 3.1516 -0.22902 87 62 30
13.259 3.0634 -0.31237 86 62 36
13.274 3.0558 -0.35041 86 62 34
13.246 3.0667 -0.23813 87 62 32
13.251 2.9735 -0.21439 81 56 34
13.175 2.9956 -0.40166 75 54 25
13.215 2.9576 -0.25571 78 55 21
13.199 2.9713 -0.292 80 57 26
13.248 2.9832 -0.32524 77 56 25
13.216 3.0407 -0.20677 85 62 29
13.223 2.9084 -0.2643 77 57 20
13.2 2.9295 -0.3375 77 54 21
13.219 2.9185 -0.37487 77 54 21
13.248 2.978 -0.25047 79 56 23
13.234 2.9492 -0.33229 76 55 24
13.265 2.9688 -0.28926 79 59 25
13.209 2.9591 -0.21982 78 56 17
13.289 2.9133 -0.37234 79 57 10
13.242 2.9042 -0.4149 75 52 19
13.203 3.0169 -0.35802 75 54 7
13.22 2.9563 -0.2914 80 57 26
13.279 2.9674 -0.40286 79 57 20
13.263 2.8823 -0.30091 75 55 20
13.202 2.875 -0.19647 75 54 25
13.236 2.8167 -0.38991 73 51 28
13.215 2.8253 -0.27847 74 52 31
13.15 2.9219 -0.34051 75 54 11
13.2 2.8789 -0.23313 78 53 23
13.151 2.919 -0.30172 74 58 22
13.226 2.8217 -0.35087 73 54 14
13.23 2.8166 -0.31403 76 56 22
13.204 2.829 -0.20457 75 52 11
13.245 2.8898 -0.22728 76 55 28
13.186 2.8452 -0.24049 73 52 21
13.206 2.7878 -0.28336 72 52 27
13.158 2.8263 -0.31829 75 52 19
13.286 2.7338 -0.40328 72 51 22
13.207 2.8755 -0.27026 78 54 28
13.253 2.8493 -0.38305 75 56 13
13.17 2.8193 -0.35505 74 52 15
13.167 2.7323 -0.36836 70 49 18
13.168 2.7219 -0.18486 72 52 18
13.155 2.6947 -0.33749 71 49 10
13.213 2.7333 -0.21618 71 49 26
13.13 2.7168 -0.37292 71 47 21
13.216 2.7374 -0.32899 70 49 4
13.147 2.7462 -0.32972 70 51 8
13.155 2.8221 -0.20706 74 52 11
13.207 2.7851 -0.24705 76 52 18
13.166 2.7719 -0.25253 71 50 21
13.178 2.7198 -0.29634 71 50 7
13.184 2.766 -0.40222 72 51 20
13.18 2.7632 -0.29139 74 49 26
13.112 2.7678 -0.21943 71 50 19
13.175 2.7201 -0.2597 72 52 27
13.114 2.8175 -0.36009 71 53 5
13.101 2.6864 -0.19615 70 49 22
13.142 2.6164 -0.38875 68 48 23
13.134 2.6177 -0.27823 68 48 11
13.079 2.6224 -0.35361 71 49 26
13.133 2.6623 -0.23254 69 48 21
13.18 2.6693 -0.22917 70 53 9
13.197 2.6124 -0.27277 68 50 26
13.18 2.5814 -0.31816 71 48 15
13.165 2.5908 -0.24179 68 51 21
13.246 2.522 -0.20441 69 49 22
13.187 2.6622 -0.19138 71 50 19
13.102 2.6945 -0.3775 67 47 10
13.131 2.7104 -0.2606 70 48 24
13.175 2.677 -0.30116 69 48 19
13.132 2.6665 -0.30571 72 50 11
13.173 2.5454 -0.39813 67 47 23
13.201 2.5668 -0.35521 70 51 11
13.122 2.6765 -0.34095 71 48 14
13.147 2.4258 -0.37879 64 48 15
13.151 2.509 -0.21684 69 49 14
13.169 2.54 -0.20934 70 48 24
13.141 2.5227 -0.32813 70 48 24
13.088 2.5619 -0.17867 70 50 15
13.106 2.5022 -0.22099 69 49 14
13.105 2.5087 -0.36828 66 48 12
13.116 2.5881 -0.28204 69 49 14
13.085 2.6119 -0.2443 70 50 23
13.094 2.5139 -0.25731 69 49 25
13.134 2.5303 -0.36372 65 45 21
13.133 2.482 -0.29517 66 47 15
13.145 2.5654 -0.32203 68 48 24
13.117 2.5416 -0.28632 69 50 10
13.152 2.5101 -0.254 69 49 24
13.082 2.5279 -0.33057 68 48 14
13.182 2.3888 -0.22813 69 48 17
13.081 2.4351 -0.30703 63 44 12
13.055 2.4594 -0.34344 63 44 14
13.099 2.372 -0.31722 61 44 14
13.107 2.3617 -0.23979 68 47 30
13.083 2.3857 -0.27649 66 49 6
13.122 2.4869 -0.1827 68 48 14
13.093 2.423 -0.27015 65 49 16
13.147 2.4229 -0.30491 67 48 14
13.042 2.4677 -0.23126 68 47 26
13.135 2.4343 -0.34322 65 46 16
13.086 2.472 -0.19173 65 49 13
13.111 2.4035 -0.194 66 48 24
13.207 2.3685 -0.26881 68 47 26
13.074 2.3963 -0.35152 65 45 20
13.086 2.433 -0.38134 65 47 25
13.075 2.4861 -0.30011 65 49 14
13.099 2.3212 -0.20821 66 47 17
13.058 2.3157 -0.3263 67 47 22
13.102 2.3218 -0.32036 65 48 4
13.074 2.2515 -0.29569 68 48 11
13.087 2.2851 -0.21538 65 48 20
13.07 2.3525 -0.35615 65 43 20
13.07 2.2996 -0.17688 71 46 23
13.151 2.2269 -0.29461 67 48 6
13.138 2.2377 -0.25607 65 45 8
13.088 2.3324 -0.24523 67 47 20
13.145 2.2773 -0.17276 65 48 18
13.094 2.2835 -0.36438 63 45 21
13.06 2.404 -0.2032 63 48 9
13.057 2.2702 -0.36997 65 46 6
13.084 2.3372 -0.28216 67 50 6
13.088 2.2399 -0.33406 67 46 25
13.343 3.0757 -0.61876 85 62 28
13.182 3.1336 -0.56851 83 59 31
13.43 3.066 -0.62176 80 60 25
13.433 3.0571 -0.54412 80 59 28
13.296 3.1 -0.53243 84 60 34
13.322 3.077 -0.46084 84 61 30
13.426 3.0684 -0.62164 80 60 25
13.32 3.0811 -0.50074 84 60 24
13.332 3.1149 -0.45417 83 58 26
13.37 3.061 -0.66494 83 58 26
13.282 3.1119 -0.57175 83 59 33
13.205 3.1181 -0.57026 83 59 31
13.19 3.1311 -0.60539 82 61 34
13.449 3.0503 -0.58391 82 59 28
13.433 3.0542 -0.50469 84 59 27
13.256 3.0327 -0.46888 86 62 28
13.193 3.0288 -0.43391 76 57 17
13.179 3.0412 -0.46901 76 56 21
13.221 2.9788 -0.63306 74 53 26
13.183 3.1221 -0.41694 84 61 27
13.226 3.0638 -0.6175 83 58 35
13.21 3.061 -0.42706 84 61 27
13.243 3.0052 -0.58985 77 56 13
13.232 3.0153 -0.6261 75 56 26
13.199 3.0734 -0.50066 86 62 24
13.217 3.1078 -0.53405 84 61 30
13.218 3.0658 -0.57987 83 63 28
13.242 2.961 -0.59822 77 56 29
13.205 3.072 -0.53809 84 62 25
13.263 2.9858 -0.51598 77 56 25
13.196 3.1162 -0.45454 81 60 31
13.228 3.0125 -0.55079 77 56 25
13.194 3.1198 -0.49271 86 60 33
13.186 2.9512 -0.52309 75 51 23
13.157 2.9696 -0.48119 76 56 22
13.197 2.9015 -0.5686 77 53 25
13.222 2.9697 -0.52108 76 56 21
13.295 2.9168 -0.48855 78 55 13
13.152 2.932 -0.52464 76 54 30
13.181 2.9503 -0.4465 74 53 22
13.19 2.9091 -0.60612 74 53 24
13.249 2.9536 -0.56003 76 57 27
13.238 2.9191 -0.60508 73 53 19
13.227 2.8726 -0.45751 72 51 20
13.228 2.8745 -0.49557 75 54 25
13.235 2.9562 -0.44539 78 55 22
13.236 2.918 -0.56698 75 57 21
13.15 2.9332 -0.52398 76 54 30
13.267 2.7962 -0.4297 74 51 18
13.129 2.9028 -0.49212 73 54 14
13.157 2.8838 -0.53409 75 54 27
13.22 2.7466 -0.55799 72 51 20
13.161 2.8387 -0.57932 71 51 24
13.19 2.7718 -0.59365 68 50 26
13.155 2.7926 -0.47373 72 53 19
13.255 2.8499 -0.42196 74 54 17
13.192 2.8179 -0.62337 72 51 24
13.226 2.835 -0.58261 74 53 24
13.148 2.8442 -0.50105 74 51 20
13.125 2.864 -0.53851 73 53 28
13.178 2.8643 -0.45972 75 51 17
13.183 2.8138 -0.42942 70 50 23
13.215 2.7922 -0.47004 72 51 24
13.201 2.7653 -0.63242 71 52 22
13.181 2.7746 -0.51383 70 52 16
13.2 2.7662 -0.6322 71 52 22
13.198 2.8582 -0.6167 76 53 22
13.181 2.7234 -0.40746 69 49 25
13.158 2.6583 -0.5734 67 47 20
13.152 2.7106 -0.60222 69 50 10
13.153 2.7037 -0.48917 70 49 22
13.149 2.7564 -0.55522 73 48 26
13.156 2.7488 -0.5187 72 53 10
13.195 2.7594 -0.44022 74 51 20
13.121 2.7258 -0.4099 70 50 23
13.167 2.6524 -0.61225 68 51 23
13.146 2.7082 -0.44961 70 51 9
13.111 2.78 -0.43824 69 50 20
13.219 2.6977 -0.48687 71 50 23
13.211 2.6619 -0.57167 70 50 25
13.168 2.6942 -0.5266 72 47 24
13.174 2.7392 -0.59626 70 51 11
13.135 2.6735 -0.49445 69 49 22
13.165 2.6509 -0.53562 66 49 19
13.16 2.6087 -0.54123 71 48 30
13.139 2.5355 -0.59321 68 45 27
13.074 2.7206 -0.44967 69 49 12
13.146 2.6154 -0.4261 71 48 15
13.223 2.5983 -0.42629 69 48 21
13.134 2.6317 -0.57743 72 49 16
13.12 2.5927 -0.46821 70 47 16
13.103 2.6084 -0.50467 68 46 23
13.189 2.583 -0.50748 69 51 15
13.192 2.5788 -0.47043 70 50 16
13.065 2.5964 -0.54469 65 47 25
13.19 2.4915 -0.60067 68 45 27
13.209 2.5169 -0.43836 68 46 25
13.268 2.5235 -0.63714 68 48 24
13.165 2.5579 -0.55201 68 52 27
13.131 2.5879 -0.58531 68 46 23
13.12 2.5454 -0.43673 70 47 16
13.106 2.5137 -0.52012 66 49 21
13.126 2.4982 -0.56117 69 46 13
13.146 2.386 -0.58084 64 47 19
13.109 2.5067 -0.40779 69 46 15
13.089 2.4853 -0.60375 64 48 23
13.067 2.5892 -0.39538 69 49 14
13.106 2.5166 -0.59776 66 45 24
13.162 2.4165 -0.49744 66 45 24
13.101 2.4736 -0.56432 67 46 25
13.076 2.49 -0.41111 68 48 13
13.118 2.501 -0.44359 66 45 24
13.153 2.5188 -0.47848 67 47 22
13.045 2.5209 -0.51969 67 50 24
13.134 2.5366 -0.516 68 47 26
13.111 2.4597 -0.45339 66 45 24
13.041 2.4814 -0.60395 65 44 25
13.112 2.5072 -0.48183 64 43 14
13.056 2.3248 -0.59116 65 43 20
13.182 2.3486 -0.42692 65 47 25
13.113 2.3663 -0.54474 66 46 19
13.13 2.3508 -0.54742 66 46 19
13.098 2.3304 -0.47079 66 44 21
13.125 2.3507 -0.39007 67 48 6
13.109 2.3232 -0.5904 62 45 19
13.114 2.3644 -0.50596 65 48 20
13.115 2.4102 -0.45996 65 45 18
13.038 2.4363 -0.57096 61 44 16
13.079 2.3472 -0.43097 68 46 22
13.064 2.3597 -0.39218 66 44 20
13.1 2.3312 -0.55056 65 45 8
13.082 2.3468 -0.50769 66 48 24
12.965 2.5451 -0.48169 66 49 19
13.1 2.3746 -0.42702 66 47 17
13.098 2.378 -0.46572 68 48 24
13.007 2.5075 -0.48701 64 47 17
13.112 2.4156 -0.53483 64 47 21
13.131 2.2505 -0.44734 65 45 18
13.078 2.254 -0.52315 62 44 20
13.065 2.2185 -0.53138 62 44 22
13.044 2.2875 -0.558 66 48 24
13.025 2.3536 -0.54779 67 45 21
13.072 2.2109 -0.49231 68 48 23
13.105 2.274 -0.40459 62 44 22
12.997 2.3324 -0.55106 66 48 24
13.09 2.2418 -0.48586 68 46 23
13.034 2.2945 -0.44319 66 44 23
13.15 2.1874 -0.61296 64 44 20
13.107 2.1756 -0.45686 65 42 24
13.071 2.308 -0.47742 63 46 20
13.038 2.2893 -0.40591 65 42 24
13.127 2.2565 -0.52299 65 45 21
13.036 2.2474 -0.5645 66 46 21
13.389 3.1078 -0.82132 79 58 27
13.212 3.1195 -0.6468 85 59 34
13.327 3.047 -0.70475 81 60 31
13.318 3.098 -0.6941 81 59 35
13.322 3.0592 -0.82767 78 58 24
13.132 3.1404 -0.79588 81 58 27
13.145 3.1345 -0.83638 80 56 28
13.144 3.1291 -0.76002 81 60 29
13.335 3.0477 -0.78767 81 59 22
13.289 3.1194 -0.72985 81 60 33
13.287 3.1269 -0.8105 81 58 25
13.297 3.079 -0.85871 79 59 25
13.352 3.0332 -0.75079 83 59 31
13.347 3.0858 -0.77783 81 57 23
13.213 2.9951 -0.78747 74 53 22
13.231 2.9745 -0.67363 75 55 20
13.21 3.047 -0.85914 75 54 25
13.197 3.0084 -0.82346 74 53 24
13.263 2.9544 -0.7183 73 52 21
13.249 3.0093 -0.70804 73 54 20
13.169 2.9837 -0.82828 73 54 22
13.247 3.0526 -0.65918 86 60 37
13.17 3.0708 -0.81412 76 55 24
13.243 3.0163 -0.74628 75 51 25
13.19 3.0077 -0.74463 76 52 14
13.207 2.9543 -0.79645 74 52 15
13.212 3.0318 -0.66311 72 55 25
13.23 3.0665 -0.69691 82 59 26
13.228 3.0705 -0.737 82 58 32
13.209 3.0418 -0.77948 77 54 21
13.182 3.0212 -0.86232 72 53 23
13.213 2.897 -0.68829 73 54 24
13.217 2.8492 -0.69659 72 51 24
13.206 2.9043 -0.7264 74 54 27
13.226 2.9304 -0.64301 76 53 22
13.167 2.94 -0.83487 71 50 19
13.259 2.9145 -0.76677 75 51 23
13.198 2.8704 -0.81204 70 51 21
13.194 2.8637 -0.65284 74 53 24
13.241 2.8744 -0.65177 76 52 26
13.258 2.8233 -0.78425 70 50 25
13.271 2.9037 -0.72824 73 54 22
13.24 2.8346 -0.74076 72 49 5
13.176 2.9315 -0.79889 70 50 15
13.153 2.8604 -0.85277 69 50 8
13.238 2.9241 -0.68407 72 52 25
13.18 2.926 -0.7606 73 54 24
13.165 2.8496 -0.81342 70 49 20
13.222 2.8546 -0.85765 67 46 17
13.161 2.7589 -0.79123 69 49 24
13.195 2.7269 -0.67739 67 47 23
13.189 2.7788 -0.70853 69 50 20
13.169 2.7551 -0.83317 67 47 23
13.194 2.8203 -0.70189 72 52 25
13.142 2.8619 -0.72902 73 53 19
13.257 2.7292 -0.76095 71 52 22
13.157 2.8527 -0.77364 71 50 19
13.161 2.7984 -0.66537 68 48 14
13.173 2.7456 -0.71445 68 47 20
13.161 2.7568 -0.75198 70 50 23
13.19 2.8212 -0.66243 72 52 27
13.192 2.783 -0.8289 67 47 20
13.237 2.7469 -0.79686 70 49 20
13.2 2.814 -0.66384 72 52 27
13.186 2.6414 -0.69307 68 46 22
13.186 2.7312 -0.63737 70 51 11
13.232 2.657 -0.81512 72 47 25
13.156 2.6674 -0.72899 68 47 20
13.165 2.7061 -0.72038 71 48 15
13.195 2.6783 -0.64692 68 50 26
13.206 2.6751 -0.76899 69 47 23
13.138 2.6871 -0.8443 66 46 21
13.215 2.5758 -0.82869 67 47 13
13.155 2.67 -0.76649 68 45 4
13.156 2.6205 -0.73638 70 49 20
13.148 2.626 -0.69393 68 47 18
13.124 2.6963 -0.80204 65 45 20
13.189 2.6933 -0.84547 66 46 21
13.169 2.653 -0.65254 68 48 21
13.18 2.6064 -0.86226 65 46 14
13.107 2.7501 -0.67206 69 48 27
13.208 2.5796 -0.78725 70 50 15
13.128 2.5479 -0.66734 67 47 23
13.079 2.5905 -0.69901 66 47 15
13.149 2.5752 -0.62567 67 47 13
13.125 2.5566 -0.82758 66 45 24
13.127 2.5997 -0.77943 68 50 14
13.168 2.5621 -0.7077 67 46 1
13.152 2.6207 -0.65746 68 47 30
13.14 2.4919 -0.71778 64 45 28
13.131 2.5006 -0.75869 65 44 15
13.209 2.4836 -0.80511 66 45 18
13.15 2.5757 -0.66444 69 47 24
13.143 2.5383 -0.74937 66 45 14
13.153 2.4834 -0.80264 66 49 5
13.114 2.6125 -0.81595 70 49 6
13.141 2.5861 -0.74377 67 47 23
13.106 2.5648 -0.62799 69 50 18
13.116 2.5172 -0.83277 65 46 16
13.142 2.5855 -0.74488 67 47 23
13.185 2.4073 -0.81774 66 45 16
13.116 2.3709 -0.77944 64 44 20
13.109 2.4713 -0.7198 65 45 21
13.055 2.5628 -0.62607 63 47 22
13.135 2.4503 -0.76599 67 48 6
13.132 2.4972 -0.67911 64 47 3
13.125 2.3645 -0.82299 64 44 9
13.112 2.466 -0.64632 65 45 21
13.081 2.4481 -0.68728 66 46 19
13.125 2.4098 -0.73314 64 43 26
13.103 2.4308 -0.77058 64 47 4
13.085 2.4481 -0.80498 62 44 20
13.131 2.4564 -0.8461 65 45 20
13.068 2.4587 -0.6445 65 44 17
13.145 2.4382 -0.68936 66 46 19
13.087 2.2986 -0.71258 65 45 20
13.11 2.3275 -0.74742 64 44 9
13.042 2.3404 -0.66653 66 44 21
13.118 2.3203 -0.79245 60 42 22
13.14 2.2018 -0.81203 63 42 21
13.069 2.4109 -0.69391 65 48 22
13.082 2.3045 -0.74993 65 44 25
13.143 2.343 -0.66662 63 46 20
13.075 2.3557 -0.62442 65 43 19
13.028 2.4006 -0.65407 67 45 8
13.049 2.3819 -0.69931 62 44 20
13.111 2.2743 -0.638 64 43 22
13.14 2.2028 -0.85074 62 46 13
13.126 2.3575 -0.62391 64 46 22
13.088 2.3496 -0.82206 62 40 27
13.077 2.3108 -0.83163 63 42 21
13.116 2.3704 -0.74048 64 44 20
13.119 2.271 -0.79959 61 43 19
13.017 2.3153 -0.63117 61 43 21
13.098 2.2392 -0.68278 62 44 20
13.008 2.2753 -0.59791 63 42 23
13.036 2.2493 -0.64113 62 44 6
13.099 2.1908 -0.7711 63 44 12
13.112 2.1785 -0.81395 61 45 22
13.011 2.225 -0.64586 63 44 12
13.108 2.1307 -0.70084 62 43 9
13.037 2.2008 -0.7295 61 44 24
13.059 2.1796 -0.77165 64 49 18
13.116 2.1248 -0.82447 64 47 19
13.13 2.158 -0.69964 61 45 20
13.072 2.2642 -0.71901 61 46 7
13.152 2.1895 -0.7737 66 46 12
13.094 2.1935 -0.73316 58 41 21
13.348 3.0977 -0.94579 80 57 23
13.207 3.058 -0.97795 77 56 27
13.176 3.1168 -0.88242 79 58 27
13.22 3.0937 -0.9736 76 56 21
13.178 3.0861 -1.0911 79 56 23
13.312 3.0787 -0.98653 79 56 25
13.318 3.0846 -1.1136 78 55 22
13.204 3.0567 -0.93662 81 55 30
13.165 3.1334 -0.99792 75 53 30
13.205 3.11 -1.0503 78 55 21
13.227 3.0989 -1.0951 78 53 30
13.241 3.038 -1.0265 78 55 22
13.282 3.0133 -1.0797 78 54 26
13.168 3.1254 -0.91919 80 56 28
13.267 2.9311 -1.0964 71 49 25
13.231 2.9447 -0.92271 70 50 13
13.192 3.0202 -0.94376 72 54 8
13.218 2.9139 -1.0084 69 49 15
13.214 3.0079 -0.98863 73 51 14
13.19 3.0298 -1.0648 70 49 20
13.217 2.9573 -0.96018 72 49 18
13.229 3.0007 -1.0328 69 48 21
13.223 2.948 -0.8806 71 52 22
13.141 2.9661 -0.95068 70 50 13
13.209 3.0058 -0.90793 73 51 27
13.199 3.0574 -0.89468 79 58 29
13.171 3.0461 -1.0983 75 51 25
13.197 2.9766 -1.0372 72 49 15
13.216 2.9612 -0.99752 69 49 12
13.183 2.9419 -1.0411 67 47 12
13.18 2.9467 -1.0816 70 50 16
13.232 2.8112 -1.03 67 48 18
13.222 2.8703 -1.102 71 50 21
13.176 2.9009 -1.0483 67 46 15
13.198 2.8294 -0.90026 70 48 24
13.143 2.9181 -0.91788 70 49 18
13.182 2.8024 -1.0275 68 46 9
13.185 2.8894 -0.96988 68 49 17
13.179 2.9366 -0.92065 70 52 14
13.172 2.812 -1.0674 70 47 13
13.168 2.9421 -0.87488 70 50 25
13.152 2.8272 -1.0613 70 47 13
13.23 2.8516 -0.89844 70 51 17
13.152 2.8758 -1.0914 69 48 21
13.21 2.8742 -1.0154 67 46 15
13.2 2.8379 -1.0618 69 50 8
13.105 2.903 -0.95889 67 48 18
13.115 2.8933 -0.92094 69 48 17
13.206 2.775 -0.87131 72 53 11
13.168 2.7601 -0.91346 65 46 12
13.16 2.764 -0.86932 66 48 10
13.168 2.7119 -0.88109 69 47 26
13.162 2.7245 -1.0424 65 43 20
13.164 2.7697 -1.0342 67 45 4
13.154 2.6866 -1.0879 63 42 21
13.141 2.7849 -0.98584 66 48 12
13.191 2.6997 -1.0093 67 47 10
13.141 2.7894 -1.0678 67 47 12
13.149 2.777 -0.94875 66 46 9
13.154 2.7329 -1.081 64 48 15
13.162 2.6782 -1.0512 65 44 13
13.175 2.8052 -0.9857 68 46 9
13.192 2.6949 -0.92796 68 48 13
13.226 2.762 -0.91657 69 44 21
13.188 2.7927 -0.94804 67 46 19
13.155 2.7259 -0.95794 64 46 10
13.188 2.6038 -0.94538 63 42 21
13.113 2.6162 -0.8961 64 45 3
13.151 2.5903 -1.027 65 44 13
13.148 2.5947 -1.0683 63 44 12
13.104 2.584 -1.0636 62 42 5
13.144 2.6884 -0.96547 63 44 12
13.102 2.7239 -0.99504 64 46 0
13.147 2.6429 -1.0557 64 45 15
13.194 2.6459 -0.93555 65 47 23
13.152 2.6312 -0.89661 66 44 23
13.159 2.629 -0.97805 65 44 15
13.126 2.6989 -0.87884 66 47 15
13.142 2.5943 -0.94313 62 46 10
13.208 2.5414 -1.0007 68 45 12
13.183 2.6114 -1.0255 66 45 16
13.151 2.4916 -0.9632 65 46 16
13.179 2.5171 -1.0022 65 44 13
13.118 2.5186 -0.91286 61 45 12
13.106 2.5806 -1.0259 63 42 25
13.167 2.5223 -0.87673 65 45 18
13.135 2.5097 -1.081 60 43 25
13.09 2.4978 -0.99725 65 46 4
13.11 2.482 -1.0443 60 41 24
13.179 2.5156 -0.96304 66 45 18
13.151 2.4414 -0.93286 65 44 27
13.08 2.5536 -0.98762 63 44 4
13.125 2.5595 -0.90873 65 44 17
13.119 2.6098 -0.85819 67 48 18
13.098 2.5398 -1.0321 63 44 14
13.134 2.5036 -0.87584 66 45 18
13.161 2.4339 -0.97619 60 43 15
13.094 2.3954 -0.93734 64 44 10
13.127 2.4614 -0.88457 66 47 7
13.139 2.4013 -0.85804 62 41 20
13.129 2.4129 -0.93716 60 40 16
13.13 2.3641 -0.98763 62 42 5
13.096 2.4442 -1.0109 61 43 19
13.124 2.4165 -0.89207 62 42 15
13.116 2.3273 -0.94922 62 41 20
13.082 2.3618 -1.0649 60 43 23
13.009 2.475 -0.99452 63 44 12
13.096 2.3465 -0.98714 59 43 7
13.047 2.4892 -1.0378 62 41 20
13.093 2.3999 -1.0607 62 41 10
13.142 2.3509 -0.9087 64 44 9
13.152 2.3937 -0.98406 63 44 4
13.124 2.3664 -0.86249 63 43 19
13.007 2.2852 -1.0315 61 45 12
13.05 2.3862 -0.85329 61 43 21
13.101 2.3398 -0.90578 61 41 17
13.026 2.3638 -1.0196 61 40 19
13.111 2.2308 -0.88647 60 42 18
13.098 2.2938 -0.91495 59 41 21
13.031 2.2601 -1.0019 59 40 23
13.077 2.2659 -1.0006 58 40 20
13.037 2.3048 -1.0321 58 42 17
13.046 2.346 -1.0649 59 41 19
13.006 2.284 -0.95349 59 43 20
13.08 2.2623 -0.96288 62 43 11
13.082 2.2589 -0.92291 62 44 8
13.019 2.368 -0.93899 59 43 20
13.068 2.1721 -0.85381 63 45 23
13.017 2.1764 -1.0528 62 42 17
13.075 2.2159 -0.88976 61 40 23
13.058 2.1339 -0.98527 58 41 13
13.034 2.2064 -0.8874 62 41 24
13.074 2.117 -0.94873 60 44 9
13.002 2.2397 -0.95665 59 37 13
13.117 2.176 -0.93937 65 41 15
13.08 2.1104 -0.86639 65 44 15
13.036 2.2062 -1.0105 59 43 17
13.093 2.0997 -1.0338 57 38 22
13.079 2.1113 -0.90797 60 41 11
13.123 2.1686 -0.85851 62 43 9
13.059 2.1851 -1.0564 58 43 20
13.084 2.158 -0.93866 63 44 1
13.303 3.098 -1.1514 76 56 22
13.179 3.0107 -1.3179 66 45 18
13.301 3.0531 -1.1581 76 55 26
13.063 3.176 -1.2159 75 54 25
13.142 3.1136 -1.1184 77 56 27
13.175 3.0946 -1.1724 74 55 13
13.183 3.0472 -1.2265 71 49 25
13.225 3.0122 -1.1563 70 50 26
13.193 3.0433 -1.27 71 49 25
13.226 3.0143 -1.2011 72 47 24
13.234 3.0185 -1.3275 72 49 18
13.214 3.1136 -1.1767 77 55 18
13.125 3.1379 -1.2779 78 55 21
13.206 3.0765 -1.2261 77 56 29
13.191 2.99 -1.1557 71 49 26
13.193 2.9549 -1.328 68 48 21
13.18 2.9118 -1.2562 69 49 22
13.158 2.9731 -1.2392 68 47 16
13.182 3.0053 -1.2782 67 47 23
13.202 2.8928 -1.2227 69 48 17
13.22 2.9209 -1.1335 67 50 22
13.188 2.9944 -1.1986 71 49 25
13.166 2.9701 -1.2847 68 48 24
13.175 2.9585 -1.2026 69 50 18
13.139 2.9864 -1.2337 68 47 16
13.193 2.9429 -1.1668 70 49 6
13.189 2.9882 -1.1169 69 47 24
13.198 2.9033 -1.3505 63 46 20
13.208 2.9841 -1.2458 67 49 13
13.21 2.8845 -1.183 69 50 20
13.174 2.7783 -1.3261 64 43 22
13.153 2.8777 -1.133 68 48 23
13.147 2.8457 -1.3071 67 48 5
13.131 2.8989 -1.2093 67 48 18
13.211 2.8366 -1.1934 67 49 9
13.18 2.7685 -1.2464 64 47 21
13.178 2.8117 -1.1529 67 46 19
13.163 2.8213 -1.1069 68 48 23
13.138 2.8038 -1.273 64 47 17
13.157 2.7918 -1.3203 64 43 22
13.174 2.8175 -1.1922 68 48 21
13.136 2.8981 -1.2512 68 46 22
13.171 2.8251 -1.2722 66 46 21
13.148 2.8914 -1.2975 63 46 20
13.193 2.8941 -1.1348 68 50 10
13.179 2.8161 -1.2359 64 47 19
13.188 2.7605 -1.2058 67 48 16
13.122 2.6732 -1.254 62 42 15
13.159 2.7428 -1.3326 58 43 14
13.2 2.7009 -1.1796 65 43 20
13.158 2.7788 -1.1139 68 48 24
13.184 2.6644 -1.1402 65 45 18
13.165 2.7309 -1.2089 65 48 22
13.144 2.6576 -1.3057 64 43 16
13.166 2.7343 -1.2944 64 44 19
13.091 2.7446 -1.2356 63 43 16
13.155 2.6961 -1.2999 65 45 20
13.19 2.7566 -1.1644 67 44 13
13.191 2.7066 -1.1328 67 46 17
13.15 2.6953 -1.2144 65 44 17
13.089 2.7426 -1.1528 65 44 17
13.178 2.7233 -1.2562 65 45 11
13.102 2.6382 -1.1775 62 45 17
13.104 2.5438 -1.2843 65 44 23
13.081 2.6593 -1.254 62 44 20
13.171 2.6314 -1.2313 64 43 24
13.147 2.603 -1.2336 66 44 20
13.153 2.5941 -1.1514 65 45 20
13.124 2.6159 -1.1023 64 44 19
13.12 2.5715 -1.1123 61 43 21
13.145 2.6458 -1.0992 65 45 18
13.122 2.6278 -1.3083 61 43 7
13.139 2.5631 -1.284 63 43 16
13.167 2.6318 -1.1891 64 43 22
13.111 2.5844 -1.2331 63 46 20
13.146 2.5536 -1.2016 64 42 27
13.126 2.4223 -1.1414 63 43 18
13.137 2.4644 -1.2207 64 44 20
13.114 2.4832 -1.1694 64 43 26
13.104 2.5397 -1.1567 67 45 22
13.148 2.5019 -1.1709 67 45 22
13.136 2.511 -1.1218 62 42 18
13.108 2.4912 -1.2504 64 46 26
13.089 2.5558 -1.2356 63 42 21
13.147 2.4523 -1.1397 62 41 20
13.028 2.5108 -1.1529 63 39 25
13.093 2.4983 -1.0821 64 43 26
13.104 2.5414 -1.1989 66 44 7
13.067 2.477 -1.2066 64 46 10
13.102 2.449 -1.3029 59 38 17
13.079 2.3691 -1.2327 62 44 22
13.091 2.4077 -1.2698 62 43 11
13.11 2.3857 -1.1064 58 42 7
13.078 2.3708 -1.2745 60 41 24
13.082 2.3142 -1.1602 57 39 15
13.115 2.3853 -1.2346 63 42 21
13.104 2.4396 -1.0973 63 43 8
13.114 2.3336 -1.1166 61 42 10
13.104 2.3943 -1.1868 60 42 20
13.03 2.4125 -1.1736 60 44 9
13.108 2.3889 -1.147 59 43 18
13.065 2.3794 -1.1435 62 44 22
13.057 2.3371 -1.1082 61 43 23
13.058 2.1867 -1.1841 58 42 16
13.035 2.2112 -1.2594 59 42 16
13.052 2.2908 -1.0785 62 41 14
13.068 2.2774 -1.1239 58 41 23
13.07 2.2257 -1.1343 60 41 24
13.057 2.2901 -1.2449 61 43 23
13.034 2.212 -1.2166 57 40 12
13.064 2.283 -1.2055 59 41 21
13.065 2.2819 -1.2053 59 41 21
13.03 2.1135 -1.1938 60 45 16
13 2.1446 -1.2252 57 41 16
13.001 2.1446 -1.267 50 36 23
13.067 2.1776 -1.1453 58 41 21
13.074 2.0679 -1.0829 62 42 17
13.016 2.228 -1.0844 61 40 23
13.078 2.1669 -1.1495 58 41 21
13.202 3.0424 -1.3659 60 41 11
12.368 4.2216 -1.5911 44 26 12
12.488 3.9111 -1.6339 38 25 16
12.644 3.8238 -1.6844 41 20 0
12.47 3.8853 -1.6322 39 20 6
12.505 3.8263 -1.6244 41 23 9
12.535 3.8448 -1.638 41 20 1
12.484 3.905 -1.563 38 22 9
12.36 3.8071 -1.6091 43 22 19
12.513 3.7525 -1.6865 45 23 12
12.413 3.7396 -1.6502 46 24 11
12.28 3.5728 -1.5717 36 17 11
12.266 3.5477 -1.5703 40 16 6
12.685 4.5349 -1.796 42 23 16
12.329 4.6167 -1.6931 49 26 8
12.461 4.6015 -1.6972 48 24 22
12.397 4.624 -1.689 45 25 14
12.461 4.5694 -1.7038 47 29 9
12.147 4.6259 -1.4932 48 29 23
12.37 4.5639 -1.6657 45 24 19
12.096 4.6497 -1.5213 44 25 18
12.379 4.5977 -1.6888 48 28 19
12.422 4.5167 -1.7068 42 25 17
12.285 4.5539 -1.5926 42 28 19
12.274 4.5675 -1.642 38 21 4
12.242 4.4733 -1.5574 40 27 18
12.258 4.5421 -1.645 47 23 13
12.265 4.47 -1.6037 40 22 8
12.27 4.503 -1.6305 41 24 7
12.28 4.5305 -1.6259 43 22 19
12.264 4.5304 -1.5888 40 21 14
12.146 4.4867 -1.5688 35 21 8
12.191 4.4704 -1.5976 35 21 8
12.375 4.367 -1.6926 37 19 17
12.203 4.4057 -1.6227 46 24 9
12.374 4.4221 -1.6082 43 25 15
12.27 4.3755 -1.634 41 22 6
12.077 4.4505 -1.5138 44 25 9
12.231 4.4256 -1.6318 40 16 12
12.198 4.4631 -1.5746 42 25 8
12.494 4.2743 -1.6696 44 26 14
12.235 4.3585 -1.6203 41 23 0
12.35 4.3351 -1.6219 33 16 6
12.353 4.3388 -1.6546 41 21 10
12.381 4.2572 -1.661 40 22 22
12.238 4.3528 -1.5915 42 21 18
12.058 4.4331 -1.5385 37 25 13
12.172 4.319 -1.5685 42 24 10
12.157 4.3596 -1.5805 43 19 9
12.418 4.2755 -1.669 45 27 23
12.499 4.1733 -1.7437 46 21 24
12.525 4.1367 -1.8357 48 21 0
12.337 4.2064 -1.6203 46 22 18
12.291 4.1993 -1.6332 44 24 13
12.432 4.1598 -1.6438 45 21 11
12.185 4.2515 -1.5988 29 24 18
12.389 4.146 -1.6217 40 21 14
12.168 4.2286 -1.5975 39 16 10
12.174 4.2297 -1.6311 47 23 11
12.192 4.2793 -1.5942 40 23 16
12.319 4.1821 -1.6178 47 26 23
12.249 4.1547 -1.6231 43 23 12
12.242 4.1859 -1.5811 38 19 13
12.166 4.2257 -1.5642 42 24 10
12.182 4.1833 -1.5512 47 26 21
12.184 4.1897 -1.6182 49 24 1
12.241 4.1223 -1.5996 43 22 19
12.29 4.0245 -1.5815 42 14 10
12.373 4.0145 -1.6236 44 19 12
12.194 4.1107 -1.5486 44 22 24
12.161 4.1313 -1.5573 40 22 10
12.298 3.9223 -1.6544 42 24 10
12.156 3.9754 -1.6024 43 22 1
12.185 3.9906 -1.6132 42 23 6
12.171 3.8947 -1.5707 42 23 19
12.256 3.8397 -1.5876 45 27 15
12.294 3.885 -1.5881 35 23 11
12.055 3.9386 -1.5338 41 23 11
12.326 3.832 -1.6147 43 19 9
12.316 3.7652 -1.6007 46 22 12
12.201 3.8402 -1.5655 44 28 11
11.994 3.9484 -1.5363 46 23 15
12.123 3.8631 -1.5877 44 22 11
12.112 3.8994 -1.5421 40 24 9
12.22 3.7326 -1.6719 37 25 0
11.853 3.9496 -1.4417 40 22 0
12.125 3.7592 -1.5927 42 24 2
12.071 3.7262 -1.4763 40 16 16
12.269 3.6181 -1.5894 34 13 10
12.108 3.5311 -1.5853 42 20 5
12.171 3.5193 -1.6453 31 20 0
12.202 3.5249 -1.5534 35 13 13
12.159 3.5273 -1.6004 26 8 0
12.171 3.5159 -1.5763 41 15 14
12.164 3.4857 -1.5852 39 17 17
12.126 3.4128 -1.6217 35 15 6
12.06 3.5358 -1.5629 32 19 0
12.099 3.5029 -1.5533 44 15 20
