150
0.57192 0.034724 0.81174 0.113 14.786 7.3067 3.5602
12.214 5.9685 2.432 75 45 19
11.237 5.6136 2.1204 80 49 29
11.265 5.9654 2.0699 81 50 20
11.375 5.9396 2.2081 82 51 30
11.197 5.9821 2.029 82 52 26
11.044 6.4362 2.1142 82 50 25
11.045 6.5637 2.1013 82 53 22
11.354 5.7448 1.8609 83 52 31
11.517 5.8748 2.0265 81 49 24
11.485 5.8461 1.93 80 50 24
11.549 5.8814 1.9956 79 48 30
11.282 5.815 1.9186 81 49 26
11.507 5.9442 1.9767 80 49 29
11.315 5.8793 1.975 82 51 30
11.551 5.9695 2.0388 84 49 29
11.217 5.8451 1.9596 82 47 18
11.579 6.0132 2.0033 85 53 14
11.641 5.9618 2.0476 80 50 24
11.377 5.9941 2.0326 81 50 22
11.267 5.994 1.9777 79 49 21
11.316 5.921 1.9643 81 48 29
11.409 5.9518 1.9684 81 49 26
11.611 6.0653 2.0235 80 52 25
11.288 5.9522 1.9438 81 50 32
11.319 5.9295 2.0083 81 47 22
11.387 6.0731 1.9889 80 48 27
11.341 6.1393 1.9671 80 48 23
11.415 6.0904 2.0452 80 50 26
11.163 5.9623 1.9753 79 50 19
11.211 6.1017 1.9479 79 46 31
11.419 6.1591 1.9545 80 51 27
11.466 6.1418 2.0233 82 51 23
11.22 6.0265 1.996 82 50 27
11.36 6.2335 2.0045 81 49 26
11.364 6.2011 2.0557 81 53 26
11.284 6.251 1.9685 81 51 23
11.239 6.1185 2.0049 80 49 19
11.362 6.1944 2.0186 79 46 13
11.331 6.3593 2.0723 80 49 19
11.321 6.3501 2.0247 80 49 29
11.25 6.2542 2.0388 83 49 20
11.36 6.3144 2.0044 81 49 26
11.282 6.2571 2.0146 82 52 28
11.418 6.4882 2.0148 83 53 29
11.196 6.3635 2.0115 84 52 27
11.258 6.4678 2.0761 83 47 31
11.367 6.5149 1.9948 85 53 30
11.24 6.4098 1.9806 80 51 29
11.251 6.4189 2.0286 83 53 27
11.437 6.5049 2.1124 81 53 16
11.347 6.3973 2.0339 81 51 23
11.104 6.4175 1.918 81 51 27
11.238 6.4028 1.9408 81 51 27
11.409 6.4859 2.0136 83 53 29
11.167 6.5159 1.9401 83 51 28
11.365 6.5203 2.0355 82 52 26
11.072 6.5012 1.9457 83 53 17
11.285 6.5019 2.0019 82 52 26
11.235 6.4966 2.0188 81 51 25
11.865 6.7412 2.2872 82 52 24
11.267 6.5779 1.9866 84 52 27
11.648 6.6631 2.1934 81 50 30
11.517 6.6615 2.0589 82 53 21
11.145 6.5237 2.0201 82 50 25
11.193 6.6216 2.0724 83 49 20
11.299 6.6634 1.9927 84 55 33
11.449 6.697 2.1026 83 52 31
11.268 6.618 1.9827 82 52 26
11.315 6.7169 2.0843 75 51 17
11.297 6.7079 2.0349 82 52 26
11.283 6.6329 2.0741 81 50 30
11.158 6.5739 2.0622 82 52 16
11.704 6.7095 2.2173 82 52 24
11.301 6.7861 2.0289 82 53 31
11.085 6.8001 1.9787 84 54 26
11.3 6.7973 2.1153 83 53 25
11.119 6.7644 1.995 83 54 23
11.281 6.8217 2.0188 82 53 29
11.123 6.7244 1.996 79 54 24
11.545 6.839 2.2488 82 53 21
11.149 6.8942 2.0405 81 51 23
11.248 6.8671 2.0854 82 52 24
11.146 6.939 2.0776 82 51 30
11.316 6.9511 2.1115 83 54 23
11.395 7.027 2.101 81 51 27
11.142 5.4822 3.6241 79 48 17
11.434 5.6268 2.1031 78 46 23
11.206 5.8014 2.1159 83 52 31
11.185 5.8729 2.0625 80 49 19
11.205 6.0812 2.2262 77 48 26
11.519 5.8448 1.969 80 48 25
11.255 5.7856 1.9275 85 50 30
11.236 5.8209 1.9172 79 49 25
11.518 5.9719 1.9985 80 50 26
11.255 5.8295 1.9276 79 49 25
11.433 5.9441 1.9952 81 51 25
11.598 5.9199 2.0069 81 51 27
11.528 5.9363 2.0018 81 50 30
11.396 5.8389 1.9478 82 50 27
11.349 5.9587 2.0002 82 50 29
11.346 5.9647 2.0409 80 49 21
11.296 5.9804 1.9746 81 50 22
11.294 5.902 2.0203 80 50 22
11.364 5.9582 1.9687 81 49 24
11.56 6.0288 2.0193 80 50 26
11.292 6.1186 2.0484 80 50 24
11.49 6.2066 2.0129 79 48 28
11.318 6.1209 2.0173 82 49 30
11.386 6.1306 1.9637 81 52 21
11.298 6.1071 1.969 80 47 14
11.372 6.0919 2.0053 81 48 29
11.591 6.1382 2.1441 82 48 21
11.334 6.0849 2.024 78 48 12
11.182 6.1597 1.9521 79 51 24
11.315 6.1543 1.9714 81 46 26
11.525 6.264 2.0721 81 51 27
11.446 6.2048 2.075 79 48 27
11.212 6.3022 1.9976 81 50 29
11.367 6.2998 2.0321 81 52 20
11.261 6.3572 2.0196 83 53 25
11.216 6.2614 2.0045 84 52 29
11.228 6.2716 2.0502 79 49 25
11.324 6.4145 2.0382 83 53 25
11.245 6.3874 1.9609 80 49 28
11.33 6.4557 2.0415 82 53 22
11.476 6.5361 2.1457 82 53 22
11.259 6.4787 2.0088 82 51 31
11.413 6.5093 2.0335 84 53 32
11.443 6.5548 2.0506 83 52 22
11.074 6.4774 1.929 82 51 30
11.313 6.6041 1.9865 85 53 28
11.312 6.5706 2.0263 82 53 22
11.234 6.5198 2.0369 83 52 24
11.159 6.5441 2.0034 79 54 24
11.506 6.6494 2.1108 83 51 26
11.125 6.5846 2.0266 80 52 15
11.266 6.6465 2.0464 84 52 27
11.564 6.692 2.0948 82 53 21
11.376 6.6997 2.0522 83 54 22
11.343 6.6553 2.0333 83 52 31
11.188 6.591 2.012 83 51 26
11.162 6.7937 2.0319 82 52 28
11.531 6.8165 2.2322 81 51 23
10.999 6.7286 1.9658 83 52 31
11.06 6.6968 1.9924 81 53 24
11.287 6.7286 2.0476 83 54 32
11.318 6.8105 2.0579 84 54 30
11.194 6.9217 2.0787 81 51 25
11.188 6.837 2.0397 79 53 26
11.5 7.051 2.1253 82 54 25
