517
0.079405 0.52456 0.044249 0.8465 9.4216 5.3616 -0.16717
13.263 3.1267 0.17042 96 72 36
13.225 3.147 0.19479 102 75 40
13.088 3.3135 0.15765 100 72 45
13.252 3.0402 0.23069 99 72 37
13.178 3.0425 0.18253 90 66 32
13.189 3.0805 0.18719 97 72 40
13.257 3.0823 0.23985 100 75 43
13.207 3.0214 0.25937 87 63 27
13.249 3.0406 0.26596 100 75 43
13.127 3.0727 0.21612 85 62 31
13.193 2.941 0.25055 82 61 34
13.21 2.9754 0.25897 87 63 35
13.187 2.9475 0.17364 84 61 28
13.16 2.9638 0.21179 83 63 28
13.188 2.9919 0.175 85 64 33
13.217 2.972 0.21762 83 62 35
13.181 2.9042 0.24527 81 59 36
13.223 2.878 0.2094 81 59 35
13.136 2.8426 0.26971 78 58 31
13.111 2.861 0.22885 79 58 29
13.227 2.8268 0.28406 82 57 35
13.127 2.8511 0.19434 80 59 28
13.109 2.8626 0.22998 79 58 29
13.139 2.887 0.23586 82 57 34
13.203 2.8454 0.2046 83 59 33
13.125 2.8077 0.18814 78 59 25
13.114 2.7228 0.25641 77 55 34
13.07 2.8004 0.21594 77 57 30
13.048 2.7712 0.20735 78 57 28
13.136 2.7977 0.26638 79 55 27
13.164 2.7798 0.23001 79 58 29
13.069 2.7996 0.25405 77 57 30
13.144 2.7004 0.2953 76 54 30
13.134 2.7567 0.18583 74 57 27
13.099 2.6429 0.24555 75 56 24
13.097 2.5976 0.28172 76 55 26
13.122 2.6726 0.21495 76 56 22
13.06 2.6729 0.20399 74 54 29
13.091 2.6043 0.20156 73 52 25
13.097 2.6436 0.2845 77 55 31
13.07 2.6189 0.23892 75 58 15
13.053 2.5397 0.22581 74 55 25
13.148 2.4655 0.27722 75 54 25
13.097 2.5516 0.27654 75 55 30
13.148 2.5139 0.24179 76 55 38
13.017 2.5221 0.22053 75 54 27
13.055 2.4922 0.22403 75 54 27
13.137 2.4267 0.27537 77 56 29
13.071 2.524 0.3054 76 55 28
12.982 3.2563 -0.042719 90 66 32
13.17 3.142 0.041009 89 64 34
13.18 3.0011 0.06271 81 58 24
13.175 3.0507 0.028028 84 61 20
13.18 3.0918 0.033613 93 66 29
13.179 3.0876 0.15076 95 71 37
13.171 3.011 -0.056377 77 59 23
13.131 3.1183 0.10589 92 70 29
13.199 3.0313 0.14407 84 64 29
13.116 3.1322 -0.0070878 90 66 32
13.191 2.9946 0.064579 81 58 24
13.17 3.0965 0.072435 93 68 36
13.185 3.0459 -0.010425 87 64 31
13.127 3.0374 -0.01937 81 58 24
13.145 3.1158 -0.045337 85 62 29
13.121 3.081 0.1016 92 66 39
13.203 2.8951 0.094723 80 58 19
13.114 2.9112 0.0048722 78 55 22
13.16 2.9243 0.054214 81 55 30
13.148 2.8872 0.046262 78 58 31
13.157 2.9723 0.017491 81 58 25
13.167 2.9621 0.13355 84 58 33
13.134 2.9376 0.16572 81 61 37
13.093 2.9258 -0.032842 78 57 12
13.196 2.8998 0.093349 80 58 19
13.221 2.9743 0.10384 85 62 31
13.177 2.9586 0.056875 81 59 20
13.161 2.9672 0.095621 80 60 26
13.129 3.0306 0.13432 86 62 34
13.174 2.9124 0.13132 79 59 25
13.169 2.9212 -0.027887 78 56 19
13.106 2.8667 0.15324 80 55 32
13.122 2.8556 0.15264 78 60 24
13.146 2.8411 0.11809 76 55 24
13.092 2.8339 0.071271 78 56 15
13.136 2.8942 0.083298 77 57 22
13.135 2.8024 0.15128 77 58 15
13.099 2.8311 -0.0050042 77 55 18
13.093 2.8809 -0.04147 75 54 23
13.16 2.8341 0.039909 76 55 28
13.148 2.7964 0.035057 73 54 24
13.117 2.8637 -0.00024775 75 52 21
13.144 2.7534 0.032289 73 56 10
13.189 2.7659 0.11629 78 56 19
13.149 2.7512 -0.0098137 72 52 17
13.2 2.849 0.16664 77 56 27
13.128 2.7162 0.14131 74 53 22
13.147 2.7056 0.028735 73 51 27
13.08 2.7492 0.17934 77 55 31
13.146 2.6584 0.10176 72 54 4
13.061 2.721 0.055499 72 51 20
13.111 2.775 0.1086 77 54 20
13.11 2.6822 0.17371 73 51 27
13.138 2.7099 0.10111 75 55 21
13.099 2.6494 -0.025813 74 50 22
13.034 2.7872 -0.017659 74 51 20
13.13 2.673 -0.01688 75 51 23
13.138 2.7545 0.14623 76 57 27
13.063 2.7647 0.060839 74 52 28
13.123 2.6772 0.021285 74 50 22
13.097 2.6931 0.13427 76 55 12
13.097 2.5559 0.082903 70 50 26
13.068 2.6219 0.16221 73 52 23
12.99 2.7277 0.045772 73 49 23
12.994 2.6346 0.03994 71 52 9
13.077 2.6183 0.0087532 69 50 20
13.107 2.5951 0.048906 72 51 8
13.128 2.6268 0.014486 71 50 23
13.123 2.5817 0.13282 75 53 14
13.068 2.6678 0.1674 71 52 20
13.082 2.5657 0.15933 72 53 21
13.065 2.5796 0.11894 72 53 10
12.987 2.64 0.038521 71 52 9
13.116 2.5428 0.004543 72 51 24
13.099 2.6008 0.089895 71 52 20
13.099 2.6018 0.048277 72 51 8
13.114 2.6346 0.133 72 50 27
13.046 2.4549 0.10786 74 49 26
13.008 2.4866 0.065801 73 53 0
13.069 2.4839 0.10958 73 53 28
12.946 2.5814 0.026658 70 50 15
13.037 2.5542 0.15452 71 50 29
13.087 2.5164 0.11682 73 53 26
13.1 2.46 0.071594 72 51 24
13.066 2.4877 -0.0060283 68 51 25
13.097 2.416 0.02963 67 50 24
13.023 2.5665 0.07536 69 50 10
13.051 2.4963 0.18589 73 53 16
13.077 2.4796 -0.004924 68 51 25
13.047 2.5006 0.14756 72 53 13
13.052 2.588 0.19524 72 53 23
13.076 2.5235 0.19436 74 54 27
13.067 2.5337 -0.00052863 73 51 14
13.006 2.4888 -0.014621 71 50 19
13.093 2.5128 0.038488 69 49 12
13.077 2.4287 0.18355 73 53 16
13.104 2.4085 0.14752 78 53 5
13.136 3.1245 -0.12155 84 61 28
13.136 3.1701 -0.1559 87 63 35
13.148 3.1187 -0.16366 87 63 29
13.179 3.0975 -0.084343 89 66 35
13.156 3.0723 -0.24762 88 65 34
13.154 2.9808 -0.17777 78 57 28
13.119 3.0465 -0.13405 78 58 24
13.128 2.9987 -0.21723 77 58 28
13.162 3.018 -0.094535 79 56 22
13.136 2.9448 -0.10503 76 55 26
13.131 2.9471 -0.066133 80 58 11
13.129 2.9508 -0.14535 79 56 25
13.11 2.9217 -0.26806 76 55 24
13.132 2.9011 -0.072091 81 58 27
13.128 2.9083 -0.23044 74 55 25
13.114 2.9189 -0.26826 76 55 24
13.141 2.8047 -0.082748 74 54 17
13.121 2.8191 -0.12323 75 54 27
13.096 2.8384 -0.19956 72 52 28
13.092 2.7951 -0.16562 73 51 28
13.116 2.8681 -0.11558 75 54 25
13.117 2.7761 -0.12838 73 54 24
13.05 2.7804 -0.25169 70 49 22
13.149 2.8448 -0.076553 77 55 18
13.07 2.7167 -0.060267 73 51 10
13.039 2.651 -0.22573 70 48 25
13.091 2.7048 -0.21775 72 51 24
13.116 2.7303 -0.093297 70 49 22
13.096 2.7456 -0.13408 75 51 23
13.008 2.7202 -0.25978 72 50 13
13.063 2.6794 -0.22123 70 51 21
13.085 2.6602 -0.065159 75 50 27
13.026 2.6601 -0.18791 69 47 24
13.068 2.7198 -0.13756 72 49 31
13.127 2.7215 -0.053726 73 52 21
13.036 2.7434 -0.17845 71 52 10
13.01 2.7192 -0.25902 72 50 13
13.018 2.6637 -0.034536 69 50 20
13.076 2.5749 -0.074011 72 52 15
13.066 2.535 -0.042474 71 51 16
13.028 2.5662 -0.15945 71 49 25
13.04 2.6037 -0.23408 69 51 27
13.039 2.6021 -0.035885 68 48 21
13.022 2.5256 -0.24265 70 49 20
13.011 2.5334 -0.20145 70 49 18
13.022 2.5704 -0.12014 70 50 26
13.055 2.5917 -0.15395 68 51 25
13.075 2.6219 -0.069174 71 49 25
12.982 2.6021 -0.19655 67 51 15
13.062 2.6315 -0.11124 73 53 26
13.075 2.6232 -0.14793 70 49 28
13.032 2.6074 -0.036919 68 48 21
13.048 2.5517 -0.23799 68 48 24
13.094 2.5142 -0.078363 69 49 22
13.085 2.6159 -0.1471 70 49 28
13.069 2.6268 -0.1114 73 53 26
13.068 2.4877 -0.084743 70 50 26
13.059 2.4005 -0.13395 71 50 31
13.04 2.4159 -0.09521 69 52 24
13.026 2.4738 -0.090004 70 51 19
12.998 2.4975 -0.1663 65 49 16
12.969 2.4737 -0.17265 67 47 20
13.046 2.4114 -0.21547 67 50 22
13.023 2.4774 -0.20716 69 48 21
13.069 2.4877 -0.1652 65 47 23
12.999 2.4956 -0.12928 67 49 25
12.991 2.5471 -0.047403 71 51 17
13.006 2.4919 -0.24449 69 48 19
13.062 2.3972 -0.01627 71 50 21
12.977 2.4211 -0.17947 69 52 24
13.702 6.745 -0.77834 78 54 26
13.509 6.7275 -0.78361 82 57 27
13.657 6.7505 -0.85799 80 59 28
13.608 6.7244 -0.80917 77 57 33
13.529 6.6889 -0.75455 78 54 26
13.651 6.7851 -0.84584 79 58 27
13.077 3.2159 -0.42842 83 59 31
13.085 3.12 -0.36494 84 59 27
12.991 3.0918 -0.40991 76 56 19
13.081 2.9885 -0.38272 73 52 21
13.034 3.0657 -0.45147 75 52 11
13.091 3.0735 -0.40633 76 55 10
13.113 3.0599 -0.40849 76 55 10
13.075 3.0403 -0.45517 75 52 11
13.042 3.0588 -0.37124 77 54 10
13.096 3.0691 -0.36895 77 57 4
13.059 2.8703 -0.47891 73 55 9
13.082 2.8994 -0.43392 73 50 17
13.045 2.7414 -0.41544 67 48 6
13.083 2.7581 -0.29019 69 47 8
13.021 2.7582 -0.37298 68 48 13
13.06 2.7296 -0.33665 73 50 16
13.026 2.6635 -0.38443 68 48 14
13.031 2.7038 -0.3004 71 46 24
13.068 2.6303 -0.26718 70 47 14
13.019 2.5749 -0.27537 67 47 13
12.996 2.5473 -0.36039 69 45 17
12.995 2.5471 -0.28209 68 47 16
13.048 2.5996 -0.31126 68 48 13
13.058 2.5908 -0.27256 72 49 18
13.035 2.5627 -0.35871 67 48 16
13.016 2.5785 -0.39624 65 46 12
13.031 2.5193 -0.32343 67 48 14
12.96 2.482 -0.2924 68 46 5
12.933 2.504 -0.32823 65 45 20
13.007 2.3966 -0.33959 66 47 5
12.953 2.4422 -0.41361 64 47 21
12.996 2.5001 -0.36625 67 46 19
12.983 2.3695 -0.42375 65 45 21
12.978 2.3737 -0.3819 65 47 7
13.609 6.791 -0.9224 81 57 31
13.478 6.7395 -1.0271 78 55 21
13.526 6.7529 -0.86734 80 58 35
13.673 6.7658 -0.90136 80 55 32
13.654 6.7889 -1.0176 76 56 31
13.648 6.7775 -0.97978 79 60 30
13.024 2.7588 -0.53337 68 51 25
12.949 2.723 -0.53698 68 47 16
12.996 2.641 -0.50893 67 50 24
12.989 2.506 -0.48834 67 47 20
12.975 2.424 -0.4967 63 46 18
13.557 6.7154 -1.3137 79 53 38
13.564 6.7152 -1.1425 73 51 27
13.48 6.7138 -1.0734 77 57 22
12.731 2.6694 -0.69774 63 41 20
12.839 2.5359 -0.88619 64 45 13
12.84 2.4892 -0.72785 62 47 8
13.435 6.7506 -1.4364 68 46 22
13.552 6.7714 -1.3913 75 54 33
13.359 6.6985 -1.4634 10 7 0
13.414 6.7173 -1.4815 10 7 0
13.542 6.7409 -1.4393 69 50 33
13.494 6.7415 -1.3322 77 56 25
12.942 3.1497 -1.1723 70 45 13
11.295 3.8346 -0.78381 4 3 11
13.207 3.0904 0.21103 101 76 44
13.209 3.0465 0.16969 97 73 39
13.2 3.0486 0.24141 96 73 40
13.216 3.0867 0.17334 99 75 39
13.219 3.0386 0.20539 98 70 41
13.189 3.1438 0.25331 101 76 46
13.135 2.9553 0.26123 80 60 33
13.155 2.9455 0.18995 83 59 33
13.185 3.0151 0.20089 88 65 34
13.206 2.9109 0.23136 81 61 27
13.199 2.9604 0.23554 83 62 35
13.201 3.0037 0.23993 87 65 24
13.071 2.9092 0.24444 77 57 30
13.167 2.8461 0.22127 79 58 27
13.168 2.8918 0.18264 80 58 34
13.11 2.8384 0.2443 76 59 33
13.214 2.8587 0.26383 80 58 35
13.149 2.8136 0.21205 78 58 31
13.215 2.8601 0.22641 81 60 31
13.188 2.784 0.29291 79 58 27
13.064 2.9166 0.17247 79 58 29
13.095 2.8057 0.2022 78 57 28
13.102 2.7547 0.23511 77 57 30
13.115 2.7009 0.20003 76 56 22
13.189 2.6922 0.28476 78 56 32
13.077 2.7276 0.22936 75 55 30
13.099 2.8015 0.24033 80 58 35
13.025 2.8104 0.19274 73 56 26
13.111 2.6574 0.22957 75 55 31
13.069 2.643 0.22045 75 55 30
13.035 2.6672 0.25662 75 56 24
13.072 2.5948 0.2167 73 52 35
13.175 2.5622 0.30895 77 56 27
13.142 2.4469 0.2556 75 55 30
13.108 2.473 0.29059 75 54 25
13.077 2.5889 0.29374 74 55 25
13.063 2.5539 0.28392 76 54 31
13.143 2.5401 0.26311 74 54 29
13.087 2.4909 0.21037 73 53 28
13.072 2.549 0.21253 73 53 26
13.023 2.5859 0.2451 71 55 20
13.129 3.1858 0.097621 93 68 36
13.142 3.1374 0.018189 93 66 29
13.101 3.1636 -0.025822 91 63 34
13.11 3.1595 -0.06173 87 63 27
13.128 3.1428 0.089698 94 68 41
13.148 3.0396 0.15655 84 60 32
13.195 3.057 0.12837 91 71 36
13.196 3.0593 0.052814 91 67 31
13.192 3.0631 0.011843 91 67 31
13.195 3.0136 0.086788 84 61 19
13.204 3.0093 0.045992 83 60 19
13.191 3.0148 0.12177 82 59 28
13.139 3.0524 -0.03415 81 57 31
13.127 3.0144 -0.0035082 80 57 23
13.227 3.0385 0.090698 92 70 29
13.145 3.0477 0.0058683 82 59 26
13.155 3.1283 0.054688 90 66 30
13.171 2.8975 -0.049034 77 57 22
13.154 2.9473 0.15015 79 59 35
13.181 2.9763 0.11836 80 59 28
13.204 2.9628 0.079507 82 60 19
13.065 2.9232 -0.055927 75 54 23
13.157 2.9482 0.076621 79 59 25
13.13 2.9642 0.11022 84 58 33
13.111 2.9356 -0.011863 78 55 21
13.186 2.9322 -0.0011851 79 58 27
13.154 2.9538 -0.043331 80 58 21
13.13 2.9222 0.031273 78 57 26
13.139 2.8674 0.14059 79 58 29
13.104 2.8029 0.089551 75 56 16
13.154 2.8161 0.018599 77 53 25
13.098 2.9001 -0.01675 77 56 11
13.087 2.8155 0.050184 76 57 27
13.154 2.816 0.018625 77 53 25
13.171 2.8019 0.099781 77 56 25
13.153 2.8152 0.055911 76 55 24
13.128 2.8345 -0.021411 76 54 17
13.181 2.7938 0.13507 75 57 21
13.13 2.8751 0.09899 77 56 29
13.097 2.8066 0.12808 78 55 21
13.09 2.8544 0.16457 76 57 23
13.123 2.7926 -0.027099 73 54 24
13.142 2.8682 0.062215 80 57 15
13.101 2.7148 0.041921 74 54 4
13.118 2.6565 0.033688 73 49 21
13.112 2.7547 -0.032965 71 51 16
13.076 2.7302 0.15464 75 53 30
13.063 2.7407 0.11341 71 50 19
13.064 2.7422 -0.0004407 73 52 9
13.124 2.7452 0.010369 73 51 27
13.024 2.7247 0.070489 73 52 21
13.143 2.7298 0.088246 74 53 22
13.123 2.6544 0.0021546 73 49 21
13.014 2.7761 0.070872 72 56 23
13.111 2.7097 -0.036901 73 49 21
13.106 2.7989 0.16692 78 56 33
13.162 2.7175 0.050039 74 52 28
13.154 2.7203 0.16434 76 54 17
13.081 2.7313 -0.037788 73 49 21
13.047 2.617 0.065093 71 52 9
13.094 2.5824 0.025966 72 51 0
13.015 2.5957 0.05641 69 52 9
13.077 2.5918 0.18014 72 51 20
13.121 2.5595 0.14487 71 50 21
13.125 2.603 0.15222 72 56 7
13.095 2.5361 -0.016086 72 52 15
13.094 2.6258 0.14957 72 56 7
13.067 2.6451 0.18266 75 54 23
13.082 2.6356 0.11025 73 52 23
13.126 2.5556 0.14596 71 50 21
13.04 2.6675 0.066163 71 52 20
13.08 2.5464 0.022886 71 51 24
13.079 2.5944 -0.013322 73 52 25
13.077 2.6836 0.18727 72 54 30
13.027 2.6782 0.029121 73 49 23
13.097 2.4837 0.1748 76 51 28
13.046 2.4777 0.16339 73 53 16
13.059 2.5161 0.014335 70 48 11
13.103 2.4799 0.13271 72 53 13
13.016 2.4999 0.19402 75 54 27
13.039 2.4853 0.010215 68 51 25
12.986 2.5261 0.12102 73 53 18
13.043 2.4358 0.0032658 72 52 18
12.958 2.5942 0.049506 72 53 13
13.048 2.4778 0.046779 70 50 15
13.009 2.5081 0.085593 72 52 0
13.059 2.5615 0.096926 72 52 28
13.046 2.5704 0.13193 72 53 10
13.17 3.1289 -0.17922 87 63 35
13.122 3.1558 -0.13983 87 64 31
13.164 3.1292 -0.098921 88 65 34
13.151 3.0465 -0.073162 81 58 24
13.111 2.9867 -0.19869 79 58 27
13.16 3.0863 -0.11158 88 65 31
13.169 3.0371 -0.1118 80 60 26
13.173 2.9427 -0.08291 78 58 21
13.154 2.9114 -0.12794 79 53 26
13.095 2.904 -0.093538 75 55 21
13.131 2.8832 -0.2133 75 56 26
13.141 2.781 -0.063882 76 57 17
13.069 2.8337 -0.18224 74 54 20
13.092 2.7742 -0.27058 72 53 11
13.035 2.8558 -0.10558 74 54 29
13.104 2.7622 -0.15448 75 51 23
13.088 2.7271 -0.076246 73 51 12
13.057 2.6591 -0.12557 72 51 22
13.12 2.7052 -0.11421 74 53 26
13.098 2.6732 -0.042182 73 52 9
13.024 2.6853 -0.2402 69 49 15
13.053 2.755 -0.23506 68 47 20
13.076 2.6457 -0.16468 68 47 26
13.072 2.6473 -0.08637 71 51 24
13.105 2.6696 -0.12079 72 50 29
13.011 2.6946 -0.20373 70 51 21
13.081 2.7335 -0.15423 71 54 28
13.085 2.7318 -0.19647 71 50 23
13.031 2.6799 -0.20433 70 51 21
13.02 2.5496 -0.18329 69 48 17
13.007 2.6063 -0.21685 69 47 24
13.074 2.5528 -0.057474 72 52 25
13.03 2.5878 -0.17438 65 48 22
13.025 2.5459 -0.21952 68 48 24
13.074 2.6007 -0.17139 67 49 25
13.045 2.5751 -0.096711 71 51 26
12.994 2.6163 -0.25488 69 49 15
13.016 2.5517 -0.10129 69 50 16
13.014 2.5996 -0.13812 69 52 26
13.065 2.6053 -0.052952 73 48 26
13.083 2.638 -0.045148 70 51 9
12.985 2.4373 -0.15778 66 49 21
13.028 2.449 -0.073708 69 52 26
13.045 2.5276 -0.023748 70 52 16
13.041 2.5312 -0.067395 70 49 18
13.007 2.4668 -0.14921 67 51 18
12.966 2.5466 -0.22277 68 47 20
13.054 2.4752 -0.066316 68 48 14
13.06 2.4713 -0.18491 69 47 24
13.015 2.4607 -0.1876 69 50 20
12.998 2.5195 -0.1072 69 52 24
12.972 2.4939 -0.1124 71 53 29
13.024 2.4982 -0.029963 71 51 24
13.047 2.4817 -0.14623 71 50 19
13.693 6.7558 -0.75326 80 56 28
13.554 6.7202 -0.77757 80 56 18
13.658 6.7642 -0.83302 83 58 38
13.339 6.4585 -0.69739 76 54 30
13.1 3.1388 -0.50068 81 57 21
13.091 3.0962 -0.42405 77 54 20
13.055 3.1641 -0.45925 84 60 24
13.12 3.1698 -0.45412 82 62 28
13.093 3.1379 -0.38027 83 58 26
13.053 3.0744 -0.38889 77 56 11
13.082 3.0117 -0.3961 73 52 21
13.063 3.0225 -0.35539 77 56 13
13.105 3.0402 -0.35225 73 54 24
13.075 2.9268 -0.44967 73 48 25
13.081 2.9199 -0.33004 73 51 14
13.062 2.7512 -0.35362 68 49 9
13.024 2.8249 -0.4242 71 49 8
13.051 2.7597 -0.39251 69 50 10
13.063 2.7955 -0.30799 71 50 21
13.06 2.8437 -0.34048 73 52 7
13.019 2.6895 -0.28403 69 49 15
12.993 2.6179 -0.2914 69 49 15
12.965 2.5937 -0.3362 68 47 16
13.024 2.5476 -0.2597 68 49 17
13 2.5201 -0.3035 67 48 14
13.029 2.591 -0.3745 66 47 15
13.02 2.4097 -0.2776 65 46 4
12.988 2.4829 -0.34928 68 44 18
12.967 2.5457 -0.26458 69 48 19
13.036 2.4443 -0.27157 67 46 0
12.959 2.506 -0.30755 67 45 4
12.994 2.431 -0.31582 64 44 17
12.987 2.3897 -0.44055 66 46 22
12.978 2.5371 -0.26469 69 48 19
13.566 6.7464 -1.0286 78 56 33
13.624 6.7727 -0.90913 81 57 31
13.665 6.7392 -0.8809 81 56 33
13.079 3.1527 -0.54075 82 60 21
13.013 2.6981 -0.5212 71 48 17
12.989 2.6237 -0.53146 67 46 17
12.98 2.5368 -0.50471 69 48 21
12.964 2.409 -0.47711 64 46 26
13.559 6.7669 -1.2831 77 53 27
13.596 6.7494 -1.169 78 53 31
13.526 6.7455 -1.2306 78 55 24
13.526 6.7527 -1.1035 76 56 21
13.573 6.7516 -1.2031 74 53 22
12.984 3.1799 -0.901 78 54 26
13.014 3.1598 -0.86778 79 56 25
13.464 6.7475 -1.4717 28 9 0
13.462 6.6706 -1.3111 75 54 27
13.495 6.7213 -1.4896 12 8 0
13.512 6.7167 -1.4522 36 20 0
