3089
0.43863 0.3479 0.6403 0.52591 18.853 23.922 3.5105
17.726 21.062 3.9392 102 72 34
17.534 20.75 3.9699 200 150 87
17.661 21.045 3.9041 155 114 68
17.692 21.056 3.931 90 60 26
17.638 21.079 3.9188 166 115 60
17.654 20.948 3.9247 98 68 30
17.652 21.099 3.8883 156 110 59
17.558 21.056 3.9399 192 137 70
17.564 21.045 3.8861 164 114 61
17.579 21.091 3.9088 191 137 85
17.578 21.003 3.901 162 113 57
17.512 21.014 3.9115 163 113 53
17.582 21.037 3.9523 212 153 83
17.507 21.141 3.885 136 93 48
17.482 21.02 3.9068 156 109 55
17.498 21.065 3.9261 176 122 62
17.99 22.886 3.6739 90 54 12
17.995 22.924 3.6643 93 59 22
17.987 22.879 3.6635 107 68 27
17.99 22.904 3.6805 91 57 20
17.995 22.908 3.6691 95 63 12
17.986 22.895 3.6593 107 70 28
17.998 22.973 3.6516 78 54 26
17.996 22.959 3.6767 82 57 9
17.998 22.959 3.6556 82 54 27
17.992 22.938 3.6714 103 66 22
17.999 22.948 3.6807 92 59 28
17.998 22.975 3.6623 81 56 24
17.996 22.941 3.6601 103 64 31
17.998 22.96 3.6661 83 57 30
17.995 22.925 3.6753 98 58 20
18.013 23.034 3.6482 79 52 17
18.004 22.998 3.6668 79 51 24
18.003 22.995 3.6574 82 54 27
18.01 23.016 3.6521 82 54 25
18.005 22.996 3.647 79 54 24
18.002 23.023 3.6595 83 55 28
18.003 23.011 3.6632 79 54 31
18.002 22.981 3.671 81 53 14
18.02 23.067 3.6404 78 49 15
18.016 23.052 3.6537 79 51 24
18.012 23.049 3.6645 78 51 16
18.019 23.082 3.6557 93 64 42
18.019 23.08 3.6457 91 60 40
18.007 23.03 3.6686 79 49 25
18.014 23.063 3.6501 86 59 38
18.01 23.044 3.6445 82 54 23
17.758 21.031 3.7133 79 53 28
17.729 21.055 3.733 101 72 40
17.707 21.027 3.7935 102 73 31
17.626 20.835 3.8429 101 72 38
17.995 21.72 3.779 79 55 29
17.776 21.096 3.7362 80 56 18
17.673 20.967 3.8595 106 79 44
17.722 21.117 3.7247 100 71 37
17.636 21.049 3.8663 162 122 73
17.607 21.032 3.8026 95 58 12
17.641 21.025 3.7813 126 87 32
17.645 20.955 3.7998 126 87 46
17.621 20.988 3.8132 143 101 53
17.61 21.052 3.8284 119 75 38
17.71 21.102 3.753 93 65 28
17.538 21.06 3.8774 161 113 63
17.477 20.941 3.7348 104 74 40
17.534 21.028 3.8274 126 89 43
17.583 21.076 3.8538 146 97 54
17.505 21.026 3.7871 110 73 27
17.555 21.063 3.7944 122 85 39
17.571 21.037 3.8285 137 90 47
17.48 20.959 3.7637 100 71 29
17.574 21.033 3.8005 126 88 49
17.547 21.067 3.8494 145 100 55
17.564 20.959 3.874 161 116 69
17.49 21.052 3.7499 98 70 30
17.492 21.135 3.7689 89 57 34
17.471 21.055 3.8688 128 90 44
17.473 21.028 3.781 102 69 36
17.498 21.044 3.8728 152 108 56
17.454 21.089 3.8616 121 82 39
17.478 21.172 3.7594 87 55 16
17.498 21.232 3.8044 94 61 28
17.475 21.078 3.7126 100 68 29
17.502 21.147 3.7366 95 67 28
17.521 21.081 3.8392 137 90 54
17.511 21.087 3.7195 104 72 34
17.518 21.373 3.7285 84 54 20
17.551 21.483 3.6906 79 51 12
17.523 21.399 3.7793 98 64 29
17.513 21.371 3.7528 86 57 17
17.514 21.281 3.8548 134 93 39
17.498 21.301 3.8241 96 64 25
17.52 21.308 3.7134 89 60 36
17.448 21.194 3.8046 92 58 23
17.47 21.22 3.7458 77 47 11
17.516 21.359 3.6993 82 54 25
17.479 21.371 3.7772 90 60 24
17.498 21.241 3.8323 107 72 40
17.429 21.149 3.7804 83 51 10
17.462 21.486 3.702 110 73 18
17.447 21.422 3.7608 135 101 48
17.427 21.402 3.8154 132 85 39
17.427 21.447 3.7795 117 74 29
17.485 21.482 3.7292 89 53 1
17.483 21.442 3.7882 88 58 24
17.435 21.345 3.7712 91 61 25
17.555 21.55 3.7045 84 54 20
17.488 21.458 3.8114 89 61 32
17.485 21.475 3.7051 86 58 9
17.464 21.496 3.7227 120 80 27
17.437 21.413 3.7896 122 80 0
17.531 21.485 3.8165 94 64 28
17.518 21.49 3.7352 84 59 3
17.4 21.507 3.7853 117 74 16
17.363 21.439 3.7747 116 74 22
17.476 21.587 3.7845 119 74 15
17.422 21.516 3.6883 108 68 7
17.364 21.366 3.7006 117 72 25
17.458 21.591 3.7325 122 77 22
17.361 21.477 3.7365 116 72 9
17.393 21.474 3.719 118 73 28
17.354 21.438 3.8262 120 75 30
17.368 21.483 3.7094 113 72 16
17.388 21.43 3.7782 116 72 19
17.426 21.481 3.7171 116 73 15
17.285 21.444 3.6998 104 65 22
17.346 21.501 3.73 105 64 10
17.325 21.425 3.7662 115 73 7
17.292 21.426 3.7874 107 65 15
17.327 21.464 3.7057 102 62 26
17.311 21.451 3.758 108 68 7
17.349 21.471 3.7861 117 76 4
18.011 22.896 3.5924 81 47 12
17.981 22.871 3.655 99 59 0
17.971 22.855 3.6437 100 64 6
17.991 22.898 3.636 99 57 7
17.987 22.894 3.6479 90 53 9
17.991 22.891 3.603 84 50 12
17.994 22.913 3.6104 94 58 8
17.994 22.921 3.6536 95 58 14
17.987 22.907 3.6219 87 52 0
17.993 22.926 3.5963 76 46 8
17.987 22.884 3.5922 77 43 5
17.996 22.921 3.6434 105 66 1
17.99 22.912 3.633 98 61 17
17.993 22.898 3.6257 102 61 15
17.99 22.907 3.5997 81 54 1
17.989 22.89 3.6143 91 55 13
17.99 22.925 3.6074 90 56 18
17.995 22.968 3.6414 76 50 23
18.004 22.986 3.5957 81 56 12
17.997 22.956 3.6454 81 54 9
18 22.952 3.6026 86 55 11
18.002 22.97 3.6097 76 52 18
17.998 22.968 3.6211 79 52 9
17.996 22.953 3.6351 84 53 0
17.993 22.932 3.6285 101 58 14
17.987 22.939 3.6145 87 51 9
17.995 22.961 3.5998 86 56 22
17.999 22.971 3.6305 81 49 10
18.003 22.989 3.6168 76 50 10
18.002 22.985 3.6063 83 53 29
17.99 22.93 3.639 97 57 0
17.992 22.934 3.6496 95 64 18
17.994 22.942 3.5929 77 51 10
17.998 22.953 3.6241 89 52 16
17.997 22.962 3.5887 82 53 21
17.994 22.931 3.6177 106 71 15
18.009 23.034 3.5856 77 52 22
18.015 23.031 3.6185 76 49 12
18.011 23.04 3.6153 77 48 17
18.014 23.029 3.6083 80 50 22
18.012 23.041 3.6151 77 48 17
18.008 23.011 3.6322 78 51 16
18.005 23.006 3.623 77 50 13
18.003 23.001 3.6028 83 55 26
18.011 23.016 3.6419 77 50 15
17.981 22.975 3.5941 81 55 14
18.005 23.005 3.6124 76 49 14
18.014 23.033 3.6385 78 52 1
18.014 23.041 3.6053 78 53 21
18.009 23.026 3.6288 77 48 16
18.013 23.039 3.5951 78 53 23
18.009 22.999 3.6365 80 50 12
18.005 22.992 3.6268 76 51 7
18.016 23.028 3.598 80 50 22
18.013 23.024 3.5887 80 54 13
18.011 23.056 3.6314 77 49 12
18.015 23.058 3.6124 83 55 16
18.02 23.091 3.6237 88 62 37
18.017 23.084 3.5955 89 65 37
18.017 23.072 3.6083 90 64 37
18.022 23.09 3.6054 84 59 29
18.016 23.058 3.6022 81 53 22
18.01 23.041 3.6248 79 52 0
18.016 23.06 3.6211 79 50 8
18.013 23.052 3.5926 76 51 21
18.015 23.081 3.5863 90 64 41
18.016 23.073 3.6177 91 63 24
18.018 23.071 3.5895 90 64 39
18.008 23.04 3.6351 77 53 19
18.015 23.053 3.5825 78 49 15
18.02 23.079 3.6275 86 61 38
18.02 23.09 3.6147 86 60 33
18.021 23.1 3.5926 88 63 40
18.022 23.095 3.6324 73 47 7
17.742 20.976 3.6869 79 55 29
17.721 21.087 3.6668 102 73 42
17.852 21.321 3.6055 73 50 19
17.704 21.098 3.6044 36 3 0
17.712 21.052 3.6402 133 95 58
17.696 21.066 3.574 28 4 0
17.692 20.946 3.7109 101 73 34
17.598 20.687 3.6933 100 71 37
17.708 21.026 3.6096 103 73 37
17.675 20.999 3.5436 69 48 29
17.667 20.966 3.7043 98 70 39
17.705 21.004 3.5792 84 60 34
17.641 21.024 3.5964 88 59 28
17.678 21.075 3.6907 102 70 29
17.608 21.05 3.6515 75 46 15
17.659 21.014 3.6653 101 71 37
17.518 20.77 3.7004 86 56 28
17.651 21.021 3.5392 86 57 26
17.595 20.981 3.563 72 42 14
17.657 21.075 3.6268 93 59 22
17.579 21.02 3.5536 77 50 17
17.683 21.061 3.6346 94 65 31
17.61 21.042 3.6234 79 48 17
17.599 21.003 3.5906 77 49 20
17.659 21.092 3.6533 95 65 29
17.556 20.804 3.5749 82 50 11
17.609 21.103 3.579 64 29 10
17.571 21.162 3.5706 61 38 4
17.524 21.048 3.5429 72 45 10
17.615 21.233 3.6839 89 63 36
17.481 20.849 3.6854 107 72 42
17.58 21.11 3.5752 68 39 15
17.584 21.153 3.6612 101 71 33
17.513 21.058 3.6311 81 54 19
17.586 21.061 3.6139 84 48 24
17.524 21.008 3.64 83 53 25
17.607 21.181 3.604 78 55 14
17.512 21.078 3.6911 102 69 36
17.576 21.051 3.644 93 66 33
17.521 21.086 3.658 105 71 34
17.498 21.063 3.5361 76 47 7
17.476 20.966 3.605 72 46 19
17.519 20.946 3.7091 105 73 32
17.559 21.051 3.5466 73 47 22
17.455 21.027 3.688 88 59 25
17.462 21.031 3.6558 83 55 24
17.508 21.095 3.5644 65 43 4
17.478 21.153 3.7016 83 55 24
17.466 21.144 3.5502 75 46 22
17.436 20.954 3.5982 71 46 23
17.449 21.072 3.6473 75 46 15
17.382 20.996 3.6146 75 46 12
17.46 21.105 3.6757 83 55 28
17.57 21.3 3.582 65 40 17
17.561 21.403 3.5694 73 49 15
17.485 21.115 3.5564 78 49 25
17.449 21.15 3.6669 76 50 27
17.395 21.032 3.6408 76 51 21
17.496 21.267 3.5446 85 59 19
17.496 21.312 3.6798 79 50 18
17.456 21.225 3.6559 74 50 22
17.513 21.361 3.5372 78 51 8
17.559 21.482 3.6389 68 39 15
17.529 21.494 3.6804 82 53 21
17.486 21.232 3.6906 77 51 26
17.504 21.441 3.6634 83 56 23
17.461 21.354 3.6398 82 54 27
17.38 21.193 3.6175 81 51 25
17.493 21.306 3.6798 79 50 18
17.407 21.12 3.6318 73 48 18
17.515 21.363 3.537 78 51 8
17.493 21.459 3.6066 84 54 26
17.474 21.521 3.5647 77 45 0
17.415 21.333 3.6611 80 53 18
17.444 21.483 3.613 85 49 11
17.427 21.461 3.6433 94 58 6
17.445 21.479 3.5922 76 46 0
17.459 21.45 3.5968 71 43 12
17.483 21.509 3.6468 99 63 21
17.464 21.467 3.6231 80 51 9
17.455 21.413 3.6821 87 55 17
17.46 21.436 3.5449 79 52 9
17.372 21.475 3.6579 94 56 7
17.357 21.437 3.6083 81 45 7
17.347 21.44 3.6878 107 67 16
17.339 21.441 3.5491 66 37 6
17.422 21.46 3.6676 100 62 15
17.388 21.495 3.6312 83 50 9
17.458 21.543 3.5579 73 44 2
17.377 21.433 3.6682 97 60 14
17.403 21.506 3.58 72 39 4
17.341 21.453 3.5732 72 43 0
17.39 21.433 3.5855 75 42 9
17.336 21.458 3.6278 78 48 0
17.335 21.45 3.6002 76 44 5
17.369 21.406 3.6135 83 46 2
17.395 21.485 3.5559 69 39 5
17.343 21.504 3.5689 68 39 0
17.288 21.435 3.6493 81 48 15
17.34 21.471 3.6521 90 53 7
17.331 21.479 3.5449 68 37 16
17.328 21.527 3.5585 65 39 0
17.362 21.587 3.5846 68 39 0
17.3 21.448 3.6231 74 43 0
17.326 21.455 3.6801 101 63 16
17.329 21.488 3.5958 70 38 17
17.2 21.352 3.6802 85 52 11
17.226 21.343 3.6805 84 52 14
18.039 22.94 3.5445 59 34 0
17.991 22.922 3.5849 71 39 14
17.991 22.905 3.5887 73 42 12
17.987 22.891 3.5316 63 35 8
17.995 22.939 3.5595 61 32 0
17.985 22.89 3.5437 63 35 4
17.991 22.916 3.5517 64 34 0
17.991 22.906 3.5884 73 42 12
17.987 22.898 3.5772 70 39 9
17.988 22.925 3.525 67 42 12
17.991 22.93 3.5375 70 41 20
17.991 22.932 3.5487 67 38 0
17.991 22.914 3.5405 60 33 0
17.98 22.874 3.5809 71 40 0
17.987 22.895 3.5543 63 33 0
17.995 22.925 3.574 70 45 1
17.988 22.915 3.5629 69 42 7
17.991 22.902 3.5656 62 35 0
17.988 22.908 3.5282 68 37 16
17.998 22.984 3.5301 80 53 16
18 22.98 3.5849 82 54 23
17.996 22.958 3.5782 84 57 20
17.992 22.964 3.5429 90 62 35
18.008 22.999 3.5614 79 54 22
17.995 22.952 3.546 88 60 21
17.993 22.966 3.5537 76 48 9
17.988 22.932 3.5708 77 50 7
18.001 22.979 3.5751 79 51 11
17.994 22.97 3.5645 82 55 22
18.001 22.988 3.5408 91 62 30
17.993 22.94 3.5814 78 51 0
18.007 22.997 3.5506 78 50 11
17.994 22.964 3.5326 81 53 14
17.994 22.949 3.5354 79 54 10
17.996 22.955 3.5568 76 48 0
17.999 22.961 3.5676 82 52 2
18.012 23.032 3.556 72 45 0
18.015 23.05 3.5629 79 54 22
18.011 23.02 3.5786 78 50 21
17.998 22.998 3.5268 81 50 20
18.002 23.004 3.5375 80 52 23
17.995 22.995 3.5267 83 54 12
18.013 23.046 3.5527 82 52 2
18.01 23.031 3.5653 81 54 21
18.014 23.05 3.5724 80 52 3
18.016 23.059 3.5308 85 60 28
18.011 23.028 3.5353 82 54 25
18.011 23.034 3.5758 76 49 14
18.007 23.013 3.5583 79 49 25
18.002 23.006 3.5482 89 62 27
18.014 23.021 3.5682 79 50 26
17.998 23.001 3.5481 89 62 27
18.013 23.045 3.5423 85 55 27
17.993 22.984 3.5719 78 49 9
18.002 22.997 3.5823 77 49 10
18.008 23.038 3.5326 81 50 20
18.013 23.028 3.525 83 54 12
18.016 23.065 3.5698 90 64 24
18.012 23.063 3.5796 87 64 33
18.018 23.101 3.5332 83 62 35
18.016 23.09 3.5551 88 62 22
18.019 23.094 3.5644 87 64 30
18.015 23.073 3.5377 87 62 32
18.015 23.062 3.551 85 58 25
18.018 23.079 3.5576 84 59 27
18.014 23.071 3.5277 88 62 35
18.017 23.093 3.5738 77 51 24
18.021 23.093 3.5451 81 55 32
18.017 23.098 3.5235 78 52 35
18.017 23.088 3.5355 79 58 37
18.012 23.06 3.5597 86 62 36
18.019 23.088 3.5259 79 54 31
18.013 23.073 3.5476 88 62 37
18.01 23.055 3.5396 84 61 27
18.017 23.079 3.5669 85 60 28
18.023 23.087 3.5764 75 54 25
18.015 23.099 3.543 82 55 34
17.616 20.159 3.4871 87 64 33
17.67 20.998 3.3807 45 32 0
17.705 21.047 3.4848 59 42 24
17.652 20.84 3.5241 61 44 24
17.66 20.946 3.5123 57 41 18
17.639 20.906 3.3446 44 29 0
17.604 20.697 3.4883 60 40 15
17.596 21.074 3.3974 72 46 6
17.66 21.029 3.505 92 63 31
17.615 21.014 3.5311 86 57 26
17.598 21.04 3.4965 79 52 15
17.618 21.009 3.5013 86 59 24
17.685 21.076 3.4763 81 53 26
17.731 21.393 3.4393 73 46 9
17.598 21.026 3.465 77 48 17
17.593 21.054 3.3622 76 49 12
17.626 21.014 3.468 79 51 22
17.609 20.959 3.4388 74 48 23
17.679 21.192 3.4081 73 44 13
17.62 21.04 3.3748 83 53 17
17.61 20.88 3.4426 81 55 28
17.609 21.078 3.5241 77 49 20
17.66 21.068 3.4092 72 49 18
17.651 21.033 3.3784 75 49 24
17.519 21.023 3.51 82 59 26
17.547 21.012 3.5179 86 57 33
17.497 21.048 3.5048 76 50 23
17.565 21.04 3.4862 78 50 23
17.49 21.06 3.3761 42 27 8
17.45 20.901 3.3731 45 28 10
17.509 21.063 3.4731 67 43 15
17.587 21.15 3.448 49 34 11
17.504 21.04 3.4436 49 33 20
17.582 21.067 3.4582 69 40 18
17.57 21.102 3.4257 47 33 24
17.559 21.065 3.3895 55 35 1
17.544 21.067 3.4798 66 47 17
17.49 21 3.4091 30 17 1
17.559 21.054 3.3543 72 46 23
17.454 21.029 3.4979 69 41 10
17.497 21.259 3.5111 72 46 21
17.468 21.106 3.433 66 42 14
17.426 21.03 3.4586 72 44 17
17.473 21.036 3.4037 48 34 5
17.443 21.018 3.5257 80 52 25
17.456 21.023 3.4666 58 36 12
17.508 21.177 3.4043 56 39 9
17.466 21.081 3.3681 63 38 18
17.475 21.051 3.4352 49 33 18
17.476 21.279 3.5082 41 26 3
17.405 21.132 3.4766 46 29 12
17.506 21.482 3.4123 79 51 11
17.53 21.517 3.3877 77 51 26
17.381 21.077 3.4476 44 22 0
17.472 21.48 3.4291 68 38 0
17.423 21.4 3.4611 63 29 2
17.412 21.472 3.3899 55 30 0
17.43 21.45 3.3999 60 33 0
17.496 21.515 3.405 63 32 4
17.477 21.452 3.4919 81 54 17
17.424 21.456 3.4517 59 35 0
17.445 21.484 3.4261 61 30 0
17.464 21.437 3.516 73 50 9
17.442 21.411 3.3721 63 37 0
17.349 21.486 3.4616 61 32 11
17.363 21.461 3.4661 63 35 8
17.329 21.434 3.3786 54 29 0
17.368 21.462 3.4411 61 29 14
17.441 21.542 3.474 64 35 11
17.36 21.512 3.486 63 36 1
17.4 21.458 3.4163 57 32 2
17.323 21.438 3.4338 56 31 0
17.369 21.45 3.387 57 31 6
17.337 21.454 3.4067 57 30 0
17.368 21.456 3.4151 56 30 13
17.386 21.442 3.4442 60 32 1
17.292 21.526 3.395 52 30 6
17.317 21.47 3.4014 57 32 0
17.329 21.543 3.4237 54 31 0
17.287 21.471 3.3921 55 29 6
17.236 21.354 3.4503 61 32 8
17.323 21.487 3.4277 56 32 6
17.316 21.462 3.3742 54 30 0
17.987 22.918 3.4922 61 39 0
17.985 22.914 3.4802 60 36 0
17.992 22.928 3.5149 57 31 4
17.994 22.907 3.4713 52 27 7
17.98 22.888 3.458 58 33 3
17.985 22.901 3.5057 58 34 6
17.99 22.933 3.4672 73 45 14
17.993 22.927 3.504 59 39 4
17.989 22.904 3.4942 62 34 5
17.984 22.911 3.4679 58 36 0
17.987 22.936 3.5012 79 49 15
17.99 22.938 3.4902 79 49 0
17.994 22.94 3.4791 66 43 9
17.989 22.915 3.4574 62 37 5
17.995 22.91 3.4832 66 39 4
17.995 22.962 3.5102 79 55 3
17.992 22.972 3.4967 80 53 20
17.992 22.961 3.522 84 55 23
17.986 22.946 3.4761 77 49 20
18.005 23.002 3.5061 80 51 20
17.996 22.974 3.4862 79 50 19
18.007 23.014 3.4721 84 51 16
17.993 22.983 3.4618 81 54 11
17.982 22.94 3.4645 81 52 21
18.006 23.002 3.4958 79 51 20
18.002 22.969 3.4997 82 53 22
18.001 22.977 3.4643 80 51 20
18.002 22.979 3.4756 76 50 9
17.993 22.956 3.488 80 52 3
18 22.998 3.5165 81 53 13
17.993 22.975 3.5073 81 54 19
18.001 22.994 3.4842 79 52 7
18.006 23.011 3.4613 82 53 22
18.001 22.993 3.4735 78 53 0
17.989 22.94 3.512 72 48 14
18.013 23.037 3.4917 80 48 10
18.009 23.022 3.5144 78 47 17
18.007 23.029 3.4813 80 50 16
18.01 23.039 3.5223 79 48 18
18.006 23.018 3.5036 78 51 8
18.008 23.047 3.4997 80 53 0
18.007 23.041 3.4681 79 54 10
18.007 23.044 3.4894 79 51 12
18.005 23.026 3.4705 79 48 0
18.008 23.056 3.4668 85 61 33
18.013 23.053 3.5097 82 53 22
18.004 23.012 3.4823 82 52 0
18.013 23.039 3.5019 80 51 17
18.001 23.037 3.4788 81 55 4
18.004 23.014 3.4929 78 50 10
18.014 23.057 3.5204 79 49 11
18.008 23.057 3.4767 84 60 26
18.011 23.039 3.5122 79 49 15
18.02 23.098 3.4946 83 59 31
18.017 23.105 3.4825 78 55 37
18.011 23.074 3.4857 75 52 18
18.012 23.075 3.4757 82 57 25
18.012 23.067 3.518 87 61 34
18.019 23.087 3.5164 82 57 34
18.014 23.068 3.508 84 60 34
18.016 23.068 3.4979 86 58 19
18.012 23.077 3.496 82 57 25
18.014 23.065 3.4879 86 58 29
18.021 23.097 3.4848 70 48 25
18.014 23.089 3.4744 80 60 26
18.017 23.096 3.5041 71 50 31
18.019 23.106 3.4731 80 53 36
18.018 23.079 3.4657 79 57 33
18.015 23.096 3.5137 81 56 33
18.016 23.083 3.5062 76 56 21
18.02 23.111 3.5019 76 51 21
18.015 23.105 3.4922 79 57 34
17.726 21.097 3.2956 49 31 19
17.658 20.979 3.2171 65 46 29
17.725 21.108 3.3242 45 24 0
17.656 20.988 3.2496 37 20 3
17.706 21.085 3.1948 53 32 13
17.715 21.148 3.2937 34 11 3
17.579 21.035 3.1981 70 45 15
17.628 21.083 3.2436 76 51 19
17.559 21.015 3.2643 74 48 21
17.58 21.049 3.2321 77 49 18
17.598 21.052 3.3337 72 46 6
17.624 21.047 3.1771 84 50 12
17.595 21.034 3.301 74 49 19
17.636 20.983 3.3436 76 51 21
17.638 21.042 3.2777 77 49 22
17.547 20.809 3.2248 71 44 0
17.575 20.972 3.2644 71 47 9
17.592 21.051 3.1707 78 51 14
17.589 20.952 3.3348 85 58 13
17.629 21.034 3.3063 76 48 11
17.648 20.998 3.3145 82 57 25
17.66 21.068 3.2187 73 48 26
17.638 21 3.1764 71 47 9
17.621 21.055 3.2065 69 45 11
17.472 21.048 3.2417 71 45 20
17.504 21.056 3.2806 69 42 21
17.518 21.05 3.184 75 46 4
17.501 21.061 3.3143 68 43 13
17.5 20.96 3.2466 71 48 17
17.565 21.054 3.325 73 46 11
17.529 21.06 3.3508 63 40 7
17.563 21.087 3.2283 69 44 14
17.527 21.044 3.3206 70 48 11
17.497 21.088 3.2141 67 42 10
17.529 21.036 3.2867 71 46 16
17.522 21.07 3.2201 74 46 15
17.558 21.063 3.1923 71 42 20
17.501 21.037 3.2474 69 46 13
17.482 21.032 3.3426 67 43 9
17.489 21.061 3.1803 73 47 6
17.38 20.952 3.2944 70 46 12
17.514 21.203 3.249 71 48 14
17.436 20.983 3.2678 70 44 21
17.423 20.98 3.3313 68 44 10
17.44 21.029 3.1698 79 50 6
17.416 21.051 3.1682 76 46 10
17.431 21.023 3.1989 67 42 19
17.451 21.027 3.3042 68 43 13
17.483 21.379 3.2109 72 45 12
17.441 21.337 3.3221 77 51 36
17.486 21.427 3.3557 74 55 15
17.51 21.485 3.2165 75 51 13
17.492 21.338 3.2125 63 40 6
17.511 21.628 3.351 55 34 3
17.448 21.511 3.3168 54 26 13
17.427 21.467 3.2835 54 29 6
17.43 21.381 3.3443 68 38 4
17.502 21.504 3.3236 73 51 14
17.453 21.483 3.3739 54 24 0
17.426 21.45 3.2284 54 29 0
17.469 21.504 3.3478 57 29 0
17.441 21.432 3.2572 64 35 13
17.489 21.508 3.2385 62 28 0
17.401 21.414 3.2514 51 25 0
17.443 21.451 3.3153 54 33 4
17.407 21.38 3.2805 57 32 2
17.391 21.428 3.3637 58 30 0
17.433 21.528 3.2818 55 30 7
17.372 21.483 3.303 53 28 8
17.346 21.454 3.3509 53 28 6
17.317 21.477 3.2321 48 24 0
17.335 21.466 3.2641 45 26 0
17.35 21.482 3.2373 45 26 0
17.331 21.378 3.3562 56 28 0
17.401 21.525 3.2778 53 26 5
17.358 21.439 3.2123 52 27 7
17.346 21.476 3.2368 45 26 0
17.32 21.462 3.3464 54 31 0
17.449 21.569 3.34 52 26 1
17.4 21.515 3.2474 53 30 0
17.389 21.518 3.3307 52 31 14
17.329 21.471 3.3153 49 29 4
17.347 21.492 3.2897 53 26 9
17.39 21.462 3.3074 52 25 14
17.323 21.582 3.2327 52 26 3
17.316 21.531 3.2547 49 25 0
17.306 21.467 3.2579 50 25 2
17.264 21.443 3.217 53 28 5
17.24 21.439 3.3604 55 27 0
17.288 21.452 3.31 51 23 9
17.243 21.396 3.3601 58 30 3
17.252 21.402 3.3335 53 27 13
17.326 21.506 3.2879 54 28 1
17.173 21.328 3.3261 53 28 5
17.974 22.874 3.421 48 24 0
17.978 22.882 3.4334 46 23 0
17.968 22.865 3.4081 51 22 0
17.986 22.919 3.4083 64 40 2
17.986 22.928 3.4555 74 47 14
17.989 22.938 3.3958 77 52 8
17.988 22.912 3.4456 47 26 0
17.985 22.921 3.4201 58 30 1
17.982 22.897 3.3968 47 24 0
17.994 22.951 3.443 76 52 18
17.977 22.908 3.3948 69 44 0
17.985 22.939 3.4304 77 50 17
17.98 22.896 3.4087 58 36 0
17.983 22.89 3.4462 63 39 5
17.988 22.94 3.4182 79 51 11
17.982 22.895 3.3842 58 35 19
17.984 22.923 3.4432 72 41 20
17.985 22.949 3.3941 76 48 19
17.99 22.928 3.4323 62 31 1
17.994 22.952 3.4543 83 54 12
17.982 22.902 3.4329 52 26 9
17.986 22.905 3.4214 62 35 16
17.981 22.93 3.4066 78 50 10
17.993 22.977 3.4169 83 51 12
17.995 22.968 3.4528 81 52 10
17.993 22.964 3.441 77 51 24
17.993 22.974 3.4054 79 50 10
17.998 22.986 3.4515 79 52 19
18.005 23.018 3.4165 78 50 1
17.997 22.997 3.4277 79 51 20
18 23.011 3.4047 78 52 12
17.999 22.996 3.4061 79 51 14
17.993 22.973 3.3946 77 49 12
17.992 22.958 3.407 79 50 10
17.993 22.978 3.4285 80 52 21
17.996 22.995 3.4167 77 54 12
17.991 22.994 3.4488 82 53 13
17.993 22.962 3.4301 83 55 15
17.99 22.958 3.4183 80 51 9
17.999 22.986 3.4406 79 53 12
18.005 23.044 3.4038 82 54 17
18.015 23.044 3.4276 82 54 15
18.007 23.034 3.4157 79 51 1
18.016 23.06 3.4367 78 55 11
18.011 23.068 3.4349 81 55 32
18.01 23.026 3.4387 80 51 19
18.014 23.07 3.4249 79 56 23
18.006 23.048 3.4249 83 53 25
18.012 23.058 3.4567 84 61 27
18.009 23.027 3.4496 82 53 13
18.01 23.065 3.4143 84 58 35
18.005 23.024 3.4599 80 51 20
18.011 23.042 3.4485 77 51 24
18.005 23.035 3.4368 81 54 19
18.004 23.019 3.4272 80 51 11
18.012 23.045 3.4581 78 53 23
18.009 23.049 3.4147 82 57 27
18.016 23.061 3.4468 84 61 30
18.007 23.033 3.4048 78 52 11
18.013 23.085 3.4542 79 57 33
18.012 23.08 3.4234 81 57 23
18.011 23.085 3.464 73 50 34
18.015 23.094 3.4133 80 59 32
18.016 23.086 3.4344 82 59 26
18.013 23.095 3.4329 80 53 32
18.015 23.107 3.412 82 59 28
18.018 23.113 3.4421 84 54 38
18.013 23.08 3.4136 81 56 24
18.017 23.098 3.4232 81 56 26
18.02 23.114 3.4327 82 55 36
18.018 23.078 3.4556 84 59 36
18.017 23.101 3.4431 81 57 29
18.015 23.086 3.4445 77 52 29
18.02 23.106 3.4635 74 54 30
18.01 23.068 3.4448 81 59 36
18.013 23.106 3.4216 82 57 34
18.018 23.103 3.4535 77 56 27
18.016 23.113 3.4516 74 52 28
18.018 23.122 3.4117 81 57 29
17.711 20.968 3.0888 69 46 4
17.687 21.105 3.1602 74 46 0
17.657 20.988 3.0475 79 54 22
17.663 21.056 2.9862 67 45 8
17.679 20.987 3.1182 81 53 22
17.712 21.11 3.0344 76 51 21
17.794 21.22 3.0343 63 39 1
17.648 20.893 3.0729 82 55 22
17.569 20.677 3.003 79 54 22
17.738 21.092 3.0396 77 54 21
17.681 21.009 3.1551 79 55 21
17.732 21.2 3.144 78 51 18
17.669 21.032 3.0872 80 53 20
17.695 21.051 2.9934 79 52 17
17.606 20.962 3.0684 67 48 8
17.611 21.042 3.0437 69 41 14
17.562 21.006 3.0267 73 44 20
17.597 21.049 3.137 73 47 22
17.547 20.986 3.0563 74 50 14
17.597 21.035 3.1046 68 40 9
17.608 21.021 3.005 83 57 16
17.625 21.036 3.1435 75 48 11
17.541 20.987 3.0886 73 46 13
17.634 21.015 3.0445 73 47 20
17.614 20.995 3.1054 73 46 9
17.675 21.099 3.0251 68 43 13
17.614 21.019 2.9723 80 54 14
17.641 21.124 3.0868 73 47 22
17.588 21.053 3.0019 67 43 7
17.451 20.943 3.0666 68 45 14
17.503 21.113 3.0532 66 43 10
17.476 21.009 3.1085 69 45 9
17.524 21.026 3.0862 71 43 14
17.496 21.063 3.148 72 45 12
17.476 21.068 3.079 75 47 7
17.49 21.074 3.0159 69 43 2
17.526 21.054 3.1523 71 44 11
17.534 21.061 3.1248 73 44 20
17.528 21.07 2.9887 71 42 21
17.552 21.074 3.0596 72 44 17
17.498 21.03 3.0469 71 47 13
17.554 21.028 3.1264 72 47 17
17.498 21.079 2.9845 68 44 8
17.527 21.08 3.0218 68 43 13
17.578 21.095 3.1644 72 46 19
17.548 21.052 3.0264 68 42 19
17.552 21.048 2.9914 70 46 12
17.479 21.254 3.0223 74 48 23
17.444 21.027 3.1354 70 45 13
17.422 21.006 2.9927 70 44 3
17.462 21.051 3.1046 69 43 3
17.47 21.138 3.1095 72 48 14
17.455 21.196 3.1715 75 56 26
17.549 21.523 3.1153 69 44 12
17.485 21.396 3.0626 65 40 8
17.517 21.511 3.0755 75 45 9
17.611 21.697 3.1635 77 49 20
17.481 21.367 3.1821 61 35 10
17.528 21.539 3.1097 72 46 19
17.421 21.205 3.0088 65 42 1
17.458 21.381 3.1744 82 55 12
17.514 21.53 3.1593 74 49 19
17.382 21.233 3.1299 75 50 6
17.432 21.213 3.1681 62 36 11
17.479 21.325 3.0565 65 36 4
17.511 21.397 3.1007 66 39 18
17.421 21.514 3.1114 46 23 7
17.413 21.494 3.0768 46 25 0
17.454 21.439 3.2044 59 35 1
17.451 21.425 3.1741 72 48 14
17.401 21.445 3.1669 50 24 0
17.416 21.437 3.052 49 23 0
17.471 21.513 3.1792 51 24 5
17.376 21.312 3.0331 57 31 4
17.399 21.395 3.1933 51 26 3
17.419 21.443 3.0534 49 23 0
17.347 21.512 3.1815 46 24 0
17.386 21.477 3.1888 51 25 8
17.308 21.385 3.1133 47 20 9
17.311 21.411 3.2027 50 26 0
17.364 21.462 3.073 48 24 0
17.361 21.487 3.1836 49 22 1
17.358 21.474 3.1502 45 25 0
17.348 21.486 3.0666 50 23 2
17.311 21.388 3.1138 47 20 9
17.268 21.363 3.0741 47 20 0
17.405 21.51 3.1932 51 25 8
17.392 21.48 3.16 51 27 1
17.427 21.574 3.1164 50 23 12
17.266 21.359 3.0741 45 23 0
17.321 21.477 3.2041 42 19 3
17.36 21.485 3.1828 49 22 1
17.298 21.483 3.17 46 25 0
17.234 21.388 3.1846 50 23 12
17.972 22.877 3.3443 56 32 4
18.03 22.934 3.3801 47 25 10
17.978 22.887 3.3587 49 29 5
18.018 22.917 3.366 44 24 0
18.04 22.953 3.324 43 19 0
17.981 22.891 3.3715 44 24 0
17.953 22.85 3.3138 51 28 12
17.984 22.924 3.3466 73 44 23
17.991 22.939 3.3843 73 49 23
17.979 22.937 3.3572 77 48 14
17.98 22.918 3.3335 71 40 19
17.985 22.942 3.3457 74 46 17
17.994 22.926 3.3857 56 34 0
17.989 22.913 3.3357 54 33 6
17.978 22.901 3.3468 50 32 10
17.983 22.936 3.322 73 49 0
17.987 22.958 3.3347 76 50 0
17.976 22.895 3.3205 57 32 0
17.977 22.904 3.3698 51 27 1
17.982 22.942 3.3697 78 50 23
17.982 22.937 3.3339 73 44 0
17.975 22.899 3.3574 57 31 8
17.988 22.951 3.3827 79 51 1
17.992 22.936 3.3606 70 38 13
17.989 22.958 3.3235 77 48 14
17.991 22.936 3.3722 78 50 13
17.985 22.922 3.3228 71 44 7
17.991 22.97 3.3828 73 49 0
17.997 23.014 3.3369 79 51 22
17.998 23.005 3.3714 79 51 22
18 23.005 3.3603 80 54 13
17.992 22.981 3.3476 76 49 12
17.987 22.977 3.358 73 49 11
18.003 23.013 3.3942 77 47 19
17.995 22.99 3.3938 79 51 12
17.991 22.993 3.3356 81 48 15
17.991 22.998 3.3808 77 48 16
17.999 23.018 3.3597 81 52 21
17.997 22.99 3.383 80 50 16
17.996 23.014 3.3471 78 48 12
17.99 22.981 3.3702 79 52 17
17.999 22.977 3.3728 77 47 19
17.993 22.968 3.36 73 49 13
17.994 22.98 3.3363 70 46 8
17.986 22.959 3.3465 79 51 1
17.994 22.997 3.3479 78 50 11
18.011 23.064 3.4035 79 59 24
18.007 23.067 3.361 71 44 9
18.009 23.047 3.3937 80 51 27
18.01 23.06 3.3824 79 50 26
18.005 23.054 3.3706 75 50 6
18.01 23.045 3.3724 79 49 13
18.002 23.036 3.3607 78 48 10
18.002 23.023 3.3708 78 50 11
18.004 23.027 3.3825 81 56 12
18.003 23.062 3.3486 79 49 0
18.003 23.05 3.3602 78 46 7
18.001 23.046 3.3483 80 50 0
18.007 23.058 3.3925 82 57 25
18.003 23.027 3.3931 79 52 0
18.01 23.073 3.3818 73 48 26
17.991 23.021 3.3352 78 50 1
18.001 23.033 3.3487 74 45 11
18.01 23.047 3.3832 80 52 21
18.011 23.073 3.3716 71 46 14
18.013 23.111 3.3605 75 45 11
18.021 23.109 3.3828 76 52 16
18.018 23.12 3.3916 81 57 29
18.014 23.113 3.3705 77 52 22
18.014 23.092 3.4024 80 54 27
18.008 23.092 3.3493 81 53 24
18.011 23.097 3.3614 80 50 24
18.008 23.099 3.4009 83 57 30
18.01 23.087 3.3916 82 60 39
18.008 23.081 3.3611 79 49 13
18.013 23.077 3.3929 83 57 34
18.011 23.087 3.3814 77 52 29
18.024 23.127 3.4021 79 57 36
18.014 23.115 3.381 66 43 27
18.009 23.084 3.3702 83 54 20
18.021 23.11 3.3931 81 56 33
18.019 23.106 3.3722 81 50 4
18.01 23.075 3.4027 81 58 25
18.006 23.077 3.349 82 52 2
18.016 23.126 3.3615 77 46 16
17.618 20.826 2.8823 79 52 17
17.724 21.146 2.8797 82 57 27
17.7 21.071 2.8254 78 50 23
17.682 21.087 2.9607 80 53 18
17.685 20.891 2.8714 66 42 14
17.753 21.136 2.8851 77 54 23
17.687 21.136 2.8669 79 54 22
17.702 20.974 2.7767 62 38 0
17.652 20.928 2.9347 77 51 11
17.659 21.054 2.8138 59 30 0
17.655 20.944 2.7635 76 51 7
17.629 20.838 2.8526 77 53 19
17.624 20.914 2.8608 76 51 19
17.645 20.981 2.9066 76 52 14
17.743 21.072 2.9732 65 42 0
17.586 21.022 2.9313 75 49 8
17.598 21.006 2.8281 85 57 30
17.595 20.984 2.7899 73 49 11
17.631 21.018 2.8716 75 46 14
17.566 21.025 2.8564 68 43 11
17.629 21.041 2.9428 67 46 3
17.596 21.081 2.8383 61 35 8
17.571 21.01 2.7884 63 38 6
17.554 21.039 2.9582 72 45 10
17.593 20.942 2.8886 68 44 10
17.563 21.034 2.8918 72 44 17
17.61 21.063 2.908 63 39 1
17.607 21.043 2.87 71 44 7
17.598 21.062 2.9703 68 41 8
17.561 21.042 2.9259 69 43 2
17.544 21.067 2.8939 65 42 9
17.492 21.042 2.9104 73 43 15
17.48 21.064 2.8417 70 45 13
17.487 21.091 2.8797 71 44 9
17.533 21.104 2.8627 71 47 11
17.535 21.095 2.8234 71 47 13
17.533 21.031 2.8502 70 44 17
17.473 21.015 2.9412 72 43 19
17.55 21.055 2.8211 64 37 16
17.542 21.088 2.9604 75 46 14
17.538 21.066 2.9235 72 45 10
17.481 21.079 2.8776 71 44 9
17.485 21.112 2.9503 68 42 17
17.499 21.128 2.9212 73 43 15
17.466 21.022 2.7972 68 41 6
17.446 20.809 2.7271 69 45 11
17.492 21.029 2.8748 67 44 11
17.537 21.408 2.9849 68 44 10
17.488 21.304 2.9364 62 40 16
17.306 20.856 2.7731 66 40 0
17.483 21.285 2.9002 78 55 21
17.474 21.147 2.9168 74 46 17
17.426 21.073 2.9623 69 43 3
17.373 20.977 2.7702 64 40 4
17.431 21.048 2.86 74 46 17
17.487 21.184 2.9558 72 45 8
17.442 21.035 2.9651 72 45 2
17.459 21.183 2.9216 69 45 19
17.477 21.283 2.9314 62 40 16
17.39 21.035 2.8521 69 42 9
17.442 21.172 2.9738 75 48 5
17.475 21.247 2.8305 75 48 13
17.477 21.262 2.8655 74 48 21
17.431 21.035 2.8265 71 44 7
17.448 21.058 2.7987 64 42 5
17.459 21.339 3.0216 72 41 11
17.455 21.388 3.0299 74 46 17
17.515 21.415 2.9501 65 40 8
17.456 21.344 2.869 75 53 6
17.456 21.263 2.9862 64 37 0
17.454 21.433 2.9995 77 51 11
17.503 21.442 2.9203 69 44 14
17.606 21.595 3.0208 61 33 2
17.498 21.441 2.9497 75 48 11
17.471 21.323 2.9034 66 39 6
17.428 21.23 2.8462 65 38 1
17.44 21.293 2.9861 77 45 20
17.404 21.454 2.9879 51 25 0
17.399 21.344 3.0096 55 30 0
17.329 21.342 3.0221 45 25 0
17.304 21.234 2.9833 48 27 0
17.428 21.443 2.9913 47 26 0
17.343 21.42 3.0328 47 26 0
17.304 21.346 2.9926 48 21 10
18.034 22.944 3.3081 54 27 10
17.978 22.902 3.2446 56 28 0
17.977 22.904 3.2573 55 29 4
17.981 22.897 3.2963 48 26 2
17.979 22.892 3.2825 49 27 6
17.969 22.878 3.2662 45 25 0
17.962 22.866 3.2387 59 36 2
17.985 22.903 3.3095 48 26 5
17.967 22.874 3.2532 48 24 10
18.022 22.927 3.2927 53 29 19
17.983 22.917 3.3096 60 37 3
17.98 22.925 3.2715 73 47 6
17.987 22.92 3.2985 55 36 2
17.987 22.964 3.2749 72 47 0
17.982 22.945 3.285 76 47 16
17.986 22.952 3.2994 76 47 15
17.987 22.962 3.2631 74 48 8
17.981 22.928 3.285 69 45 19
17.98 22.922 3.2464 78 46 8
17.981 22.932 3.3101 76 49 14
17.986 22.953 3.311 74 47 4
17.98 22.939 3.2597 72 47 0
17.98 22.911 3.2838 60 35 13
17.98 22.908 3.2708 55 35 0
17.98 22.923 3.2596 74 47 4
17.985 22.934 3.2975 76 47 23
17.982 22.943 3.2725 74 47 14
17.989 22.968 3.2878 76 47 7
17.994 22.994 3.3246 78 50 0
17.989 22.984 3.2878 76 52 16
17.995 23.005 3.2905 75 51 13
17.992 22.998 3.2665 77 50 17
17.991 22.998 3.2777 76 48 0
17.993 22.986 3.2775 77 50 7
17.994 23.005 3.3014 75 48 13
17.989 22.972 3.3118 76 50 0
17.992 23.015 3.2785 74 49 1
17.988 22.97 3.299 76 51 3
17.987 22.972 3.3229 77 49 12
17.99 22.981 3.2645 74 48 7
17.998 23.024 3.3032 77 48 16
17.994 23.018 3.2904 78 49 15
17.991 22.99 3.3124 78 50 10
17.991 23.005 3.3241 79 50 16
17.993 23.006 3.3129 79 47 22
17.993 22.99 3.3012 72 47 1
18.006 23.051 3.3387 81 50 2
18.003 23.067 3.2833 75 48 1
17.997 23.039 3.3252 79 51 14
17.999 23.037 3.2923 79 50 16
18.004 23.072 3.3161 77 47 9
17.999 23.068 3.3261 82 52 14
18.002 23.031 3.3268 79 52 7
17.999 23.026 3.3144 78 50 19
18.004 23.069 3.2949 74 45 1
18.001 23.055 3.3155 83 56 3
18.005 23.061 3.3272 84 55 15
18.002 23.055 3.3045 76 50 0
18.002 23.059 3.3375 83 53 15
18 23.041 3.3147 83 55 6
17.997 23.036 3.3028 80 49 18
17.999 23.051 3.2924 76 48 0
17.999 23.049 3.2814 75 48 1
18.003 23.069 3.3049 76 47 3
18.001 23.038 3.2818 77 51 1
18.012 23.109 3.3498 81 47 18
18.004 23.087 3.3379 78 47 17
18.018 23.133 3.2997 79 52 7
18.014 23.12 3.33 78 47 17
18.01 23.104 3.3181 84 54 16
18.004 23.096 3.3056 80 51 17
18.013 23.122 3.35 80 52 3
18.016 23.098 3.3302 80 50 12
18.007 23.088 3.3173 80 50 0
18.006 23.114 3.3382 79 50 16
18.015 23.111 3.3403 82 52 16
18.009 23.089 3.3074 75 46 14
18.005 23.099 3.3276 79 49 25
18.014 23.118 3.3089 81 52 18
18.012 23.118 3.319 79 53 13
18.011 23.102 3.2974 82 50 11
18.004 23.083 3.2948 78 50 1
18.002 23.105 3.2948 82 55 10
18.007 23.078 3.3386 82 51 3
18.005 23.082 3.2842 76 47 5
18.013 23.129 3.309 79 52 15
17.96 21.078 2.7559 55 39 22
17.649 20.766 2.5862 62 38 12
17.681 21.033 2.6418 77 51 26
17.649 20.896 2.6805 79 51 20
17.73 21.069 2.6696 73 51 28
17.685 21.139 2.7029 68 41 24
17.649 20.878 2.6423 78 50 19
17.679 21.074 2.7551 78 51 16
17.681 21.093 2.7952 74 50 16
17.684 21.056 2.6835 80 53 20
17.68 21.098 2.6237 77 51 11
17.646 20.977 2.6968 78 51 18
17.689 21.134 2.6692 69 43 18
17.601 21.065 2.7691 66 39 4
17.569 21.013 2.6115 66 42 16
17.565 21.034 2.6866 66 41 19
17.601 21.007 2.6196 74 50 24
17.573 21.037 2.6531 65 41 13
17.551 21.064 2.6528 64 43 16
17.559 21.068 2.6211 59 33 8
17.64 21.062 2.7446 64 40 6
17.641 21.142 2.7582 64 40 2
17.6 21.034 2.6928 69 42 5
17.59 21.116 2.7735 71 45 4
17.628 21.085 2.675 76 53 22
17.655 21.084 2.7135 67 41 0
17.639 21.073 2.7798 69 44 12
17.629 21.058 2.6039 68 41 8
17.572 21.063 2.7276 71 43 14
17.596 21.061 2.5934 66 39 4
17.446 21.041 2.761 68 41 8
17.465 21.091 2.6011 66 40 17
17.46 20.983 2.7209 73 44 20
17.486 21.026 2.6984 64 42 18
17.531 21.075 2.786 61 36 4
17.542 21.058 2.6844 66 41 11
17.473 21.059 2.6668 69 45 17
17.54 21.103 2.6226 68 40 11
17.484 21.07 2.6358 63 38 18
17.512 21.055 2.6418 65 40 20
17.425 20.986 2.7136 68 46 9
17.467 21.021 2.5882 69 42 7
17.536 21.072 2.7539 69 44 12
17.453 20.983 2.754 66 43 2
17.507 21.058 2.6726 63 41 17
17.473 21.073 2.7027 72 42 16
17.538 21.065 2.717 67 40 0
17.467 21.061 2.6991 72 42 16
17.426 21.048 2.6877 63 42 0
17.435 21.124 2.6738 62 39 21
17.462 21.243 2.6954 76 53 22
17.457 21.202 2.7843 64 40 6
17.511 21.243 2.8068 67 41 14
17.493 21.228 2.668 67 39 2
17.39 21.045 2.6805 68 44 8
17.453 21.115 2.7402 63 40 9
17.446 21.243 2.7905 68 44 10
17.376 21.031 2.7038 70 43 10
17.463 21.297 2.6713 66 41 11
17.415 21.014 2.6437 62 38 24
17.492 21.323 2.7789 72 47 15
17.482 21.303 2.7734 72 47 15
17.449 21.23 2.7211 68 42 15
17.427 21.164 2.6409 75 52 21
17.435 21.042 2.6191 68 40 13
17.55 21.556 2.8598 65 39 12
17.462 21.385 2.7818 70 40 4
17.437 21.31 2.6702 74 50 14
17.45 21.344 2.7115 73 49 13
17.333 21.159 2.7509 71 43 16
17.356 21.082 2.7783 63 39 13
17.494 21.386 2.7904 73 47 6
17.456 21.324 2.8054 71 42 8
17.45 21.393 2.6868 70 42 15
17.424 21.234 2.6844 67 43 17
17.46 21.448 2.8216 74 46 19
17.464 21.349 2.8417 70 43 8
17.974 22.904 3.1786 68 43 23
17.981 22.902 3.2194 49 28 1
17.942 22.852 3.1772 52 33 1
17.981 22.904 3.2326 55 31 5
17.98 22.914 3.1939 61 42 10
17.955 22.865 3.1688 57 33 7
17.981 22.938 3.2476 78 46 7
17.976 22.94 3.185 78 48 22
17.984 22.954 3.2243 78 49 7
17.981 22.937 3.2347 76 49 4
17.991 22.978 3.2286 79 51 14
17.973 22.909 3.2181 79 50 18
17.988 22.972 3.2152 81 51 25
17.977 22.927 3.1956 82 55 22
17.984 22.967 3.2019 74 46 15
17.978 22.946 3.2095 87 64 31
17.97 22.949 3.1836 73 48 4
17.981 22.933 3.2097 89 64 34
17.981 22.921 3.2329 76 49 16
17.973 22.92 3.1809 78 50 21
17.983 22.949 3.1994 86 54 15
17.975 22.909 3.2058 64 43 16
17.982 22.937 3.2227 74 47 4
17.985 22.957 3.2372 75 48 1
17.987 22.961 3.2507 74 46 9
17.99 23.004 3.2182 76 47 15
17.991 23.007 3.2309 74 48 21
17.999 23.034 3.2582 77 48 17
17.994 23.022 3.2092 86 62 26
17.995 23 3.2546 77 48 17
17.987 22.975 3.2395 76 49 16
17.994 23.026 3.2447 77 47 19
17.992 23.013 3.2666 78 49 15
17.985 22.984 3.2154 75 46 22
17.986 22.987 3.2279 79 53 13
17.987 22.99 3.2413 79 49 13
17.989 23.009 3.254 79 50 19
17.992 23.01 3.2428 75 46 15
17.993 23.024 3.2324 75 45 17
17.982 22.979 3.2026 72 47 1
17.987 23 3.2047 76 48 11
17.988 22.977 3.2515 78 48 14
17.99 22.987 3.191 71 46 2
17.988 23.017 3.219 75 48 5
17.998 23.058 3.2485 73 49 15
17.998 23.042 3.2245 76 47 15
18 23.045 3.2367 79 53 26
17.998 23.072 3.2604 79 50 19
18.006 23.09 3.2303 72 47 15
17.997 23.055 3.2362 76 53 22
18.005 23.066 3.2617 78 49 18
17.996 23.045 3.2694 77 51 11
18.005 23.075 3.2291 73 46 1
18.001 23.077 3.2721 75 53 6
17.998 23.056 3.2252 80 53 6
17.997 23.044 3.2579 78 54 2
17.999 23.045 3.247 80 54 14
18.001 23.074 3.2503 74 46 17
18 23.036 3.27 75 49 24
17.997 23.039 3.2121 91 63 26
18.006 23.069 3.2733 76 52 0
18.007 23.079 3.2411 74 47 14
17.994 23.05 3.2124 88 61 26
18.006 23.115 3.233 78 47 3
18.012 23.124 3.2671 71 47 19
18.008 23.106 3.2542 78 49 18
18.008 23.096 3.2754 76 46 8
18.005 23.09 3.2411 72 47 15
18.013 23.135 3.2472 77 47 21
18.007 23.096 3.2855 75 47 18
18.007 23.105 3.2432 75 44 13
18.003 23.106 3.2848 78 50 3
18.006 23.106 3.2641 76 51 19
18.011 23.124 3.2777 73 46 13
18.004 23.1 3.2316 73 47 6
18.008 23.096 3.2646 79 49 23
18.011 23.126 3.2879 75 46 12
18.006 23.092 3.2527 78 48 22
18.008 23.109 3.2755 79 49 15
18.01 23.121 3.2554 77 48 17
18.006 23.116 3.2436 76 49 4
18.011 23.135 3.2675 77 48 24
18.011 23.134 3.2568 77 50 17
19.337 20.648 2.4101 101 72 40
19.316 20.587 2.378 102 72 38
17.646 20.998 2.5573 76 50 9
17.65 20.96 2.4424 76 51 21
17.654 21.072 2.5077 66 42 6
17.72 21.066 2.5202 54 46 44
17.651 20.835 2.3342 26 21 17
17.65 21.046 2.4669 75 44 23
17.602 20.914 2.3829 75 51 25
17.742 21.104 2.5035 43 37 23
17.655 20.863 2.3801 34 32 20
17.692 21.082 2.5176 79 51 22
17.654 21.002 2.5254 84 57 22
17.577 21.038 2.4428 68 44 10
17.529 21.024 2.4615 66 39 18
17.615 21.075 2.5341 70 46 18
17.555 21.033 2.5405 62 38 2
17.571 21.055 2.517 67 43 7
17.553 21.041 2.5777 63 37 10
17.629 21.063 2.4275 66 44 3
17.579 21.107 2.4264 67 42 20
17.597 21.049 2.5585 70 43 8
17.571 21.039 2.4738 66 41 9
17.508 20.965 2.4046 67 42 20
17.624 21.03 2.5602 67 40 7
17.604 21.034 2.4834 71 43 16
17.585 21.041 2.4102 72 44 15
17.634 21.038 2.5267 66 42 14
17.633 21.057 2.3942 64 41 10
17.591 20.99 2.4328 75 49 26
17.496 21.03 2.4586 70 43 10
17.482 21.027 2.5211 70 45 23
17.511 21.035 2.3866 65 39 14
17.424 21.029 2.4345 66 40 15
17.532 21.093 2.4457 66 41 19
17.534 21.05 2.5063 67 41 18
17.482 21.04 2.5603 72 45 2
17.428 20.949 2.3792 64 39 19
17.494 21.039 2.4929 68 39 15
17.476 21.063 2.4576 65 39 16
17.499 21.084 2.3991 67 41 14
17.457 21.061 2.5587 68 43 0
17.543 21.082 2.5478 67 44 3
17.547 21.106 2.5902 65 42 9
17.463 21.096 2.4264 67 44 13
17.483 21.043 2.5611 72 45 2
17.461 21.044 2.4849 63 41 2
17.467 21.069 2.5279 65 45 10
17.401 21.091 2.5488 73 46 3
17.422 21.198 2.5768 65 42 9
17.424 21.222 2.4497 64 38 11
17.428 21.048 2.4756 66 37 15
17.445 21.165 2.5411 61 37 11
17.401 21.168 2.5999 66 38 9
17.418 21.167 2.5024 64 40 14
17.463 21.157 2.6129 69 42 7
17.396 20.996 2.4958 70 47 5
17.456 21.152 2.4372 64 39 19
17.465 21.311 2.515 66 41 21
17.471 21.193 2.4861 60 39 12
17.463 21.188 2.5175 62 36 13
17.432 21.205 2.5467 65 43 19
17.428 21.075 2.5533 60 35 5
17.438 21.218 2.551 65 43 19
17.43 21.306 2.5075 70 45 23
17.454 21.381 2.6239 71 45 20
17.446 21.296 2.5714 68 42 1
17.4 21.199 2.5045 63 39 11
17.405 21.273 2.5181 69 44 12
17.524 21.519 2.6976 63 36 0
17.412 21.293 2.5651 68 40 9
17.554 21.517 2.7087 66 44 0
17.485 21.38 2.6312 68 40 1
17.398 21.195 2.5045 63 39 11
17.969 22.89 3.1226 57 31 14
18.052 22.977 3.1815 52 28 2
17.978 22.907 3.1669 55 32 1
17.97 22.906 3.0988 67 44 13
17.972 22.897 3.1374 54 28 5
17.982 22.925 3.1451 75 46 15
17.978 22.905 3.1538 57 30 0
17.976 22.915 3.1145 73 47 32
17.967 22.905 3.1247 78 51 6
17.983 22.959 3.1502 76 47 13
17.977 22.95 3.1345 76 48 19
17.982 22.97 3.127 78 49 25
17.986 22.95 3.1748 76 49 12
17.978 22.935 3.1324 76 48 19
17.995 22.991 3.1808 76 48 17
17.973 22.933 3.156 73 44 20
17.976 22.931 3.1184 75 47 18
17.988 22.981 3.1677 73 45 16
17.975 22.919 3.155 78 51 16
17.977 22.936 3.1449 76 47 13
17.986 22.976 3.1407 77 49 18
17.976 22.945 3.1071 70 46 12
17.979 22.95 3.1222 74 50 24
17.984 22.975 3.1527 76 48 17
17.978 22.957 3.1736 80 50 0
17.984 22.961 3.1634 73 49 11
17.978 22.931 3.1054 77 48 17
17.971 22.916 3.1666 74 49 1
17.989 23.028 3.1861 75 53 4
17.998 23.024 3.1983 73 45 5
17.983 22.988 3.1416 72 48 20
17.994 23.028 3.139 73 46 3
17.996 23.034 3.1761 72 47 15
17.986 22.998 3.1916 73 44 4
17.99 23.014 3.1837 76 46 22
17.986 22.99 3.1308 75 46 24
17.985 23.007 3.1692 74 49 5
17.995 23.006 3.183 74 47 14
17.985 23.003 3.1332 77 47 21
17.989 23.011 3.1593 75 44 23
17.993 23.002 3.1708 73 51 14
17.989 23.029 3.1975 76 49 4
17.992 23.039 3.1411 77 49 18
17.994 23.031 3.1636 78 50 21
17.992 22.999 3.1583 76 48 19
17.993 23.014 3.1487 75 47 18
17.989 23.024 3.1492 77 48 24
17.995 23.063 3.2024 75 47 18
18.002 23.068 3.1823 74 48 7
17.997 23.05 3.1903 76 51 19
17.997 23.046 3.1548 77 52 22
18.016 23.106 3.1805 76 48 21
18.005 23.094 3.1644 73 48 18
18.007 23.087 3.1973 72 46 19
17.998 23.053 3.2028 80 53 0
17.999 23.068 3.2154 75 49 0
18.003 23.068 3.1715 72 49 8
18.005 23.086 3.2077 71 49 12
17.999 23.066 3.1919 71 46 23
18.007 23.083 3.1632 71 45 28
17.99 23.04 3.1637 75 50 30
18.005 23.088 3.219 76 51 0
17.993 23.056 3.155 74 47 10
18.016 23.107 3.192 72 47 17
17.997 23.049 3.1778 74 49 19
18.006 23.123 3.1908 73 47 22
18.005 23.123 3.2016 75 50 6
18.009 23.117 3.2232 76 48 9
18.002 23.096 3.2083 85 57 26
18 23.104 3.1872 79 53 30
18.003 23.106 3.1763 80 50 24
18.009 23.114 3.2016 80 51 20
18 23.093 3.1963 79 51 24
18.01 23.129 3.2247 78 48 22
18.006 23.125 3.2125 91 66 12
18.012 23.133 3.2361 77 49 20
18.004 23.099 3.2201 74 47 0
18.01 23.117 3.2128 89 59 35
18.003 23.105 3.1659 74 47 12
18.01 23.125 3.1811 73 47 24
18.005 23.133 3.1814 77 47 23
18.011 23.14 3.1935 77 54 20
18.012 23.143 3.2164 91 65 14
18.011 23.14 3.205 75 52 8
17.676 21.128 2.3547 62 37 7
17.592 20.894 2.185 72 51 20
17.617 20.973 2.2542 65 40 17
17.639 21.057 2.3602 67 42 0
17.671 21.033 2.3235 73 47 20
17.632 20.92 2.2398 74 49 26
17.622 21.083 2.3269 76 52 16
17.551 21.08 2.3048 63 37 12
17.569 21.013 2.2171 63 37 14
17.559 21.048 2.369 66 41 11
17.616 21.083 2.359 61 30 0
17.584 21.091 2.3526 60 32 5
17.559 21.083 2.2768 63 41 20
17.551 20.987 2.2407 59 38 19
17.616 21.054 2.2791 64 43 14
17.575 21.004 2.3619 69 41 4
17.65 21.118 2.2743 60 40 6
17.566 21.035 2.2951 59 37 13
17.648 21.114 2.2714 60 40 6
17.571 21.096 2.2433 36 20 21
17.464 21.085 2.3896 62 40 3
17.51 21.081 2.3276 57 33 7
17.459 21.109 2.2881 59 40 10
17.472 21.089 2.3575 58 35 4
17.488 21.082 2.2516 55 35 8
17.457 21.045 2.302 56 36 11
17.41 20.995 2.2021 48 27 10
17.496 21.037 2.2756 60 34 17
17.52 21.041 2.3574 62 37 5
17.492 20.964 2.2902 60 39 12
17.483 21.085 2.2851 55 37 15
17.551 21.141 2.2891 59 36 20
17.496 21.064 2.3563 63 39 3
17.414 21.055 2.3675 56 31 1
17.414 21.113 2.3466 63 39 11
17.396 21.11 2.2342 38 24 21
17.502 21.361 2.4739 61 37 9
17.483 21.354 2.3652 59 39 12
17.457 21.264 2.3974 55 35 11
17.402 21.005 2.2803 58 38 11
17.486 21.231 2.3326 60 37 19
17.435 21.118 2.2468 24 14 13
17.405 21.024 2.317 56 37 7
17.481 21.339 2.33 61 40 11
17.398 21.011 2.3128 56 37 7
17.326 20.952 2.3147 73 49 21
17.273 20.849 2.2716 73 49 21
17.401 21.133 2.2766 55 35 11
17.452 21.424 2.4144 70 43 22
17.485 21.447 2.4927 66 40 13
17.526 21.474 2.5398 69 43 2
17.476 21.431 2.4862 66 40 13
17.42 21.319 2.4065 72 44 7
17.524 21.48 2.3858 66 42 16
17.496 21.524 2.51 67 44 13
17.483 21.489 2.4715 68 42 17
17.588 21.737 2.5921 43 20 0
17.523 21.526 2.5525 74 44 6
17.475 21.369 2.4666 70 44 3
17.42 21.258 2.3885 68 45 12
17.35 21.115 2.2925 69 47 0
17.517 21.57 2.557 66 43 0
17.974 22.904 3.0599 66 42 8
17.97 22.896 3.0431 68 39 17
17.965 22.889 3.0255 64 38 21
17.977 22.918 3.0229 72 48 22
17.968 22.914 3.06 71 48 7
17.977 22.909 3.075 65 38 1
17.975 22.909 3.0877 72 47 15
17.971 22.914 3.0338 72 49 16
17.965 22.909 3.0441 74 49 27
17.976 22.955 3.0574 76 49 16
17.987 22.985 3.0927 74 46 17
17.982 22.979 3.0772 75 49 22
17.984 22.993 3.0551 72 48 22
17.979 22.947 3.0959 78 51 4
17.976 22.956 3.0707 79 49 23
17.976 22.938 3.0542 71 46 23
17.983 22.969 3.1138 75 48 13
17.978 22.955 3.0451 76 48 21
17.987 22.987 3.1055 72 49 16
17.964 22.911 3.0712 75 48 1
17.973 22.933 3.0385 74 45 21
17.978 22.96 3.0851 78 49 17
17.973 22.924 3.0897 77 45 4
17.992 22.959 3.0889 72 42 18
17.97 22.933 3.0644 76 46 22
17.979 22.963 3.0988 72 47 17
17.982 22.976 3.0643 75 49 8
17.981 22.974 3.0504 76 50 25
17.99 23.032 3.0901 75 50 18
17.99 23.008 3.1226 81 54 7
17.989 23.015 3.0746 73 47 20
17.983 22.998 3.1066 75 50 4
17.995 23.05 3.0846 77 52 20
17.984 23.024 3.0754 73 46 27
17.992 23.02 3.089 74 45 21
17.985 22.996 3.069 73 50 17
17.988 23.032 3.1146 80 52 15
17.985 23.016 3.1225 87 57 3
17.985 23.009 3.0596 73 47 20
17.988 23.032 3.1022 79 51 12
17.985 22.987 3.1171 75 47 16
17.987 23.016 3.0991 83 55 24
17.986 23 3.0951 77 49 20
17.976 22.987 3.0774 76 47 23
17.993 23.039 3.129 77 49 10
17.992 23.023 3.1138 85 53 12
18.003 23.077 3.1384 71 44 7
18.001 23.09 3.1517 78 52 2
17.997 23.084 3.138 75 50 27
17.992 23.052 3.131 66 40 13
17.995 23.053 3.1203 77 49 22
18.004 23.079 3.1505 69 42 5
17.993 23.079 3.1244 71 44 9
17.994 23.062 3.0862 77 52 20
17.981 23.066 3.1065 80 55 23
18 23.096 3.1066 84 56 27
17.998 23.071 3.1242 74 47 12
17.996 23.054 3.1089 80 51 30
17.995 23.056 3.1438 74 47 2
17.999 23.071 3.1127 73 47 20
17.996 23.078 3.0903 74 49 19
17.991 23.047 3.0944 77 48 27
17.996 23.066 3.0986 78 50 19
17.991 23.075 3.1 73 50 19
18.011 23.138 3.1728 77 50 5
18.002 23.124 3.1127 70 45 23
18.001 23.124 3.1241 72 46 21
18.005 23.119 3.1574 79 52 5
18.006 23.118 3.1458 74 48 21
18.007 23.132 3.1492 75 47 20
17.998 23.098 3.1408 75 49 22
18.002 23.112 3.122 78 49 25
18.004 23.118 3.1677 82 51 7
18.005 23.114 3.1123 75 52 21
18.01 23.145 3.1414 77 52 20
17.997 23.096 3.1286 78 50 21
18.005 23.116 3.1345 75 49 22
18.006 23.131 3.1599 76 48 17
18.014 23.148 3.1328 75 48 11
18.01 23.143 3.1195 75 49 24
18.005 23.129 3.1366 75 50 27
18 23.101 3.1532 79 48 17
18.006 23.143 3.151 77 49 22
18.01 23.147 3.1629 77 50 5
17.417 21.14 2.2114 12 11 17
17.476 21.319 2.2886 20 22 1
17.358 21.266 2.173 44 47 38
17.438 21.311 2.2736 67 44 28
17.415 21.257 2.2125 14 14 4
17.351 21.265 2.1966 40 20 0
17.465 21.419 2.319 64 42 21
17.431 21.349 2.2502 66 47 15
17.967 22.899 2.9594 70 50 16
17.969 22.923 2.995 75 47 7
17.969 22.908 3.0043 72 46 19
17.971 22.923 2.9816 72 44 7
17.966 22.899 2.9732 64 44 10
17.971 22.908 2.991 70 47 5
18.013 22.935 2.9853 24 10 0
17.974 22.93 3.0115 76 48 21
17.97 22.92 2.9666 73 49 21
17.972 22.963 3.0321 70 46 20
17.972 22.945 3.0143 72 43 19
17.972 22.955 2.9771 75 49 22
17.98 22.983 3.0138 73 46 0
17.978 22.98 2.999 70 46 10
17.971 22.942 3.0004 75 47 0
17.955 22.911 3.0142 71 48 15
17.987 22.963 3.0365 75 49 22
17.985 22.986 2.99 73 50 17
17.985 22.992 3.0434 74 49 19
17.983 22.988 3.0282 74 48 7
17.971 22.94 2.9857 75 46 12
17.985 22.975 3.0263 72 47 3
17.978 22.964 2.9948 73 47 22
17.978 22.966 3.0078 72 47 3
17.976 22.943 2.975 74 49 19
17.983 23.004 3.0327 77 49 9
17.991 23.029 3.054 73 45 8
17.989 23.037 3.0185 75 46 22
17.988 23.037 3.0306 75 49 9
17.992 23.039 3.0197 75 46 22
17.984 23.003 3.0206 73 44 20
17.983 23 3.0068 74 50 12
17.982 23.005 3.0453 72 49 8
17.983 23.019 3.0366 73 46 9
17.989 23.041 3.0554 74 48 8
17.985 23.019 3.0248 80 50 14
17.992 23.045 3.0698 72 49 18
17.992 23.056 3.0365 72 46 23
17.995 23.045 3.0469 71 45 4
17.99 23.029 3.0655 75 49 22
17.983 23.016 3.0102 73 48 26
17.986 23.048 3.0197 73 47 24
17.99 23.081 3.0424 80 51 29
17.999 23.092 3.0716 80 51 17
17.997 23.078 3.0794 81 51 17
18.002 23.096 3.0843 78 52 12
17.998 23.077 3.0672 71 45 18
17.988 23.053 3.0459 75 48 1
18.003 23.082 3.0581 69 42 5
17.996 23.101 3.0608 75 48 1
17.995 23.087 3.057 80 53 18
18.004 23.099 3.0972 83 57 17
17.997 23.074 3.0428 74 51 10
17.994 23.098 3.0479 77 48 26
17.994 23.061 3.0744 81 54 17
17.994 23.06 3.062 76 46 10
18.002 23.134 3.093 76 48 8
18.003 23.145 3.0735 80 53 20
18.003 23.123 3.0913 70 49 6
18.004 23.122 3.0797 76 52 1
17.999 23.117 3.0656 76 49 14
18.005 23.138 3.1066 80 50 24
18.004 23.124 3.1023 78 52 11
18 23.107 3.0864 71 45 5
18.007 23.15 3.0875 81 51 13
18.003 23.134 3.082 79 46 11
17.996 23.103 3.0727 73 46 0
18.001 23.109 3.099 77 54 13
17.999 23.117 3.0659 76 49 14
18.003 23.133 3.071 80 52 15
18.001 23.118 3.0551 79 48 27
18.01 23.155 3.1109 74 46 17
18.007 23.151 3.0992 76 48 9
17.683 20.986 3.9349 101 71 37
17.641 20.963 3.9349 166 119 73
17.642 21.044 3.9111 188 139 81
17.619 21.067 3.9051 159 114 59
17.66 21.076 3.88 158 111 55
17.671 20.97 3.9652 86 56 20
17.587 21.079 3.9262 195 140 73
17.542 21.038 3.9015 167 117 57
17.563 21.012 3.9051 169 115 63
17.551 21.07 3.9187 173 123 63
17.544 20.993 3.9684 215 156 86
17.504 21.027 3.8902 162 114 64
17.485 21.068 3.9109 151 107 55
17.483 21.052 3.8844 148 105 60
17.501 21.032 3.9267 164 117 63
17.991 22.897 3.6771 95 56 1
17.992 22.915 3.6832 104 68 10
17.986 22.904 3.6626 101 64 20
17.988 22.891 3.6667 93 61 10
17.987 22.908 3.673 90 56 19
17.995 22.948 3.6634 92 53 20
17.998 22.954 3.6732 92 55 11
17.997 22.934 3.6563 90 57 22
17.998 22.968 3.6689 81 56 8
17.999 22.968 3.6589 84 58 31
17.996 22.934 3.6682 101 67 30
17.995 22.946 3.6527 90 53 19
17.994 22.933 3.6782 94 54 16
18.003 23.005 3.67 80 51 20
18.007 23.023 3.666 80 50 26
18.004 22.99 3.664 80 55 23
17.998 22.982 3.6548 80 56 28
18.009 23.021 3.6454 80 52 23
18.005 23.005 3.6603 82 54 27
18.008 22.997 3.6731 80 52 13
18.015 23.042 3.6411 80 54 3
18.016 23.015 3.6486 79 54 24
18.011 23.026 3.6551 77 52 29
18.013 23.041 3.6508 81 54 19
18.005 23.035 3.6627 82 54 27
18.019 23.063 3.6569 79 53 28
18.014 23.056 3.6476 79 52 31
18.018 23.072 3.643 93 62 42
18.015 23.071 3.6529 94 65 43
17.97 21.682 3.7702 98 73 43
17.75 21.061 3.7214 99 74 42
17.678 21 3.8077 97 68 26
17.732 21.111 3.7411 100 71 39
17.704 21.025 3.7178 100 72 33
17.667 20.959 3.7835 101 73 33
17.624 21.065 3.8762 159 113 62
17.597 20.99 3.8547 141 95 52
17.661 21.04 3.803 132 94 48
17.612 21.012 3.8222 125 88 42
17.657 20.989 3.716 105 71 34
17.636 21.057 3.7863 102 69 24
17.54 21.083 3.8327 134 88 45
17.587 21.043 3.8451 145 101 64
17.564 21.002 3.8824 164 114 61
17.557 21.06 3.8667 154 109 64
17.502 21.037 3.7402 102 72 36
17.509 21.026 3.8654 138 93 46
17.576 21.091 3.8362 144 96 56
17.542 21.003 3.8143 125 88 46
17.43 20.794 3.73 80 51 17
17.539 21.058 3.7685 106 73 32
17.587 21.031 3.8157 132 83 27
17.458 21.027 3.7639 98 65 32
17.493 21.088 3.7281 100 72 33
17.449 21.049 3.8818 144 101 43
17.522 21.277 3.7028 85 53 32
17.417 20.952 3.8043 106 74 33
17.484 21.042 3.8551 133 89 37
17.462 21.091 3.7243 86 58 27
17.493 21.204 3.8574 121 83 37
17.525 21.294 3.7285 79 50 16
17.509 21.197 3.7464 85 53 30
17.495 21.034 3.7682 103 72 26
17.561 21.531 3.6935 87 59 28
17.491 21.252 3.8155 102 69 38
17.445 21.225 3.8144 97 63 28
17.47 21.201 3.7913 93 61 20
17.419 21.165 3.7907 93 61 22
17.49 21.344 3.7133 78 50 11
17.533 21.345 3.8324 110 72 25
17.518 21.33 3.6954 69 40 16
17.483 21.27 3.7251 84 54 20
17.496 21.304 3.75 83 54 14
17.451 21.415 3.8016 138 110 70
17.434 21.422 3.7457 117 77 0
17.429 21.42 3.7713 120 75 8
17.429 21.458 3.7079 113 72 26
17.519 21.485 3.8013 91 63 34
17.47 21.387 3.7838 90 60 26
17.499 21.471 3.6915 89 60 29
17.454 21.412 3.7772 86 52 0
17.474 21.485 3.7151 110 70 17
17.452 21.438 3.6913 104 76 27
17.487 21.464 3.7445 88 63 7
17.498 21.477 3.7157 88 59 25
17.388 21.452 3.7608 116 74 22
17.345 21.43 3.7561 117 73 10
17.46 21.566 3.7233 114 71 13
17.439 21.496 3.7849 117 74 29
17.383 21.487 3.7264 116 74 24
17.38 21.424 3.7092 116 71 24
17.377 21.496 3.8018 118 76 26
17.338 21.425 3.782 117 74 14
17.384 21.46 3.8127 117 75 33
17.421 21.515 3.7805 116 73 15
17.37 21.513 3.7183 109 66 22
17.343 21.461 3.6958 109 66 21
17.336 21.471 3.7709 113 71 5
17.304 21.447 3.6915 100 63 9
17.326 21.488 3.7104 102 62 26
17.365 21.511 3.7424 111 67 14
17.995 22.923 3.6139 85 50 0
17.989 22.9 3.6185 94 62 14
17.985 22.884 3.6575 93 56 14
18.002 22.895 3.5981 83 49 14
17.984 22.892 3.6073 93 57 15
17.992 22.891 3.6447 106 69 25
17.993 22.91 3.6509 103 64 0
17.994 22.924 3.6253 91 48 4
17.987 22.902 3.6402 94 58 0
17.99 22.913 3.5924 75 44 14
18.002 22.901 3.6319 106 69 15
17.987 22.894 3.5965 85 51 13
17.994 22.926 3.6365 102 62 1
17.994 22.92 3.6034 80 53 0
17.981 22.893 3.6301 87 50 6
17.994 22.972 3.6244 77 52 8
17.991 22.938 3.6318 89 52 16
18.003 22.991 3.589 78 53 23
17.994 22.97 3.6136 78 52 12
17.989 22.933 3.6211 102 66 24
17.997 22.964 3.6487 78 51 6
18.001 22.961 3.6061 81 57 23
17.991 22.924 3.646 105 67 20
17.996 22.945 3.6418 85 54 8
18.001 22.963 3.6172 78 53 7
17.997 22.962 3.6386 81 49 10
17.997 22.972 3.6033 83 53 29
17.998 22.971 3.5922 83 54 22
17.996 22.976 3.6345 78 50 13
17.997 22.954 3.5962 87 56 12
18.005 22.969 3.6269 76 49 6
17.992 22.933 3.5998 89 59 21
17.988 22.931 3.6109 90 56 19
17.994 22.934 3.589 78 44 15
18.004 23.008 3.596 82 52 24
18.019 23.041 3.6116 79 52 5
18.016 23.04 3.6218 78 51 18
18.001 23.011 3.6364 77 50 15
18.013 23.047 3.5992 80 55 25
18.012 23.044 3.589 79 53 13
18.002 23.011 3.6266 76 49 12
18.004 23.006 3.5855 80 54 13
18.022 23.021 3.6378 83 53 25
18.011 23.029 3.5922 78 53 23
18 23.005 3.6061 82 52 24
18.014 23.035 3.6019 77 52 20
18.014 23.01 3.629 78 48 10
18.02 23.046 3.6312 78 49 17
18.003 22.992 3.5992 83 52 34
18.012 23.006 3.6193 78 49 15
17.994 22.976 3.6452 77 51 24
17.999 23.006 3.6164 75 48 15
18.009 23.001 3.609 79 51 22
18.018 23.082 3.621 89 61 22
18.018 23.067 3.6052 91 64 29
18.024 23.098 3.5996 84 59 29
18.017 23.076 3.583 89 65 31
18.019 23.085 3.6302 81 56 33
18.02 23.093 3.5895 91 65 42
18.008 23.046 3.6288 74 50 16
18.007 23.047 3.638 80 51 17
18.021 23.092 3.5798 84 60 34
18.02 23.067 3.5963 83 55 28
18.018 23.081 3.6112 87 61 34
18.023 23.076 3.6337 88 59 25
18.013 23.058 3.5858 82 56 31
18.013 23.072 3.5924 90 64 37
18.021 23.073 3.6241 87 58 16
18.015 23.065 3.6149 89 61 22
18.014 23.076 3.602 90 64 39
18.015 23.052 3.6182 79 52 0
18.012 23.047 3.6084 80 52 21
17.692 20.894 3.7009 98 73 43
17.784 21.19 3.6224 120 92 55
17.751 21.089 3.5941 90 66 40
17.639 20.873 3.5619 75 51 25
17.661 20.9 3.6958 100 71 37
17.711 21.082 3.6212 116 83 50
17.697 21.033 3.5916 96 69 36
17.672 20.998 3.6555 66 35 7
17.631 21.045 3.6076 92 61 17
17.663 20.991 3.6841 97 69 38
17.58 20.911 3.5841 89 60 29
17.592 21.005 3.542 76 47 25
17.658 21.018 3.5866 92 64 35
17.626 21.046 3.6415 81 52 21
17.621 20.996 3.5506 82 53 22
17.694 21.094 3.5564 28 4 0
17.671 21.063 3.6166 89 60 26
17.611 21.064 3.5689 76 46 18
17.583 21.01 3.6036 75 40 21
17.703 21.167 3.6701 102 70 29
17.61 21.085 3.6306 82 40 14
17.678 21.094 3.644 91 62 28
17.622 21.173 3.5928 74 47 26
17.57 21.046 3.5636 71 42 18
17.531 21.004 3.6862 94 68 41
17.528 21.047 3.6204 77 51 26
17.497 21.043 3.5838 56 32 6
17.544 21.095 3.648 90 63 28
17.594 21.224 3.697 105 75 41
17.507 21.052 3.554 74 47 12
17.555 21.096 3.5891 58 33 11
17.561 21.098 3.5588 72 46 19
17.469 20.787 3.7075 108 76 35
17.585 21.067 3.5335 75 48 15
17.544 21.107 3.6771 98 70 33
17.537 21.006 3.6582 102 72 34
17.54 21.001 3.6281 74 48 8
17.427 21.008 3.6993 82 52 28
17.489 21.201 3.6777 79 51 22
17.506 21.26 3.5598 74 47 10
17.466 21.048 3.5773 67 40 5
17.435 21.015 3.6673 76 48 21
17.558 21.302 3.5654 81 53 14
17.464 21.005 3.6756 97 67 33
17.42 21.01 3.5375 79 50 18
17.512 21.239 3.651 73 48 18
17.476 21.069 3.5761 67 40 5
17.396 20.994 3.633 75 46 12
17.482 21.055 3.7034 101 72 38
17.482 21.069 3.5453 79 50 26
17.465 21.286 3.6922 76 47 16
17.524 21.447 3.6496 79 51 24
17.45 21.3 3.6294 80 56 30
17.449 21.177 3.647 79 49 21
17.566 21.534 3.6698 86 57 26
17.459 21.257 3.6378 65 36 12
17.471 21.228 3.6727 68 42 19
17.462 21.191 3.6193 76 47 13
17.519 21.347 3.5546 70 44 4
17.403 21.405 3.689 105 68 16
17.532 21.65 3.5716 73 44 0
17.423 21.315 3.6514 83 55 26
17.418 21.37 3.6704 93 66 31
17.457 21.47 3.5805 82 50 0
17.471 21.509 3.6326 92 56 18
17.463 21.396 3.6736 86 58 31
17.524 21.551 3.6329 83 53 17
17.467 21.509 3.6584 99 63 21
17.497 21.444 3.6207 77 47 21
17.45 21.464 3.6089 87 55 16
17.439 21.392 3.6145 80 51 9
17.321 21.398 3.5903 72 42 8
17.4 21.451 3.6782 106 66 17
17.431 21.524 3.5686 76 43 0
17.378 21.465 3.6786 103 64 21
17.362 21.458 3.5635 71 42 11
17.415 21.461 3.6254 84 47 3
17.334 21.427 3.6163 78 46 0
17.357 21.408 3.5977 76 45 15
17.369 21.491 3.6404 88 55 14
17.385 21.403 3.6016 81 49 11
17.394 21.432 3.6552 93 58 10
17.358 21.479 3.6672 97 60 14
17.41 21.511 3.6486 95 58 12
17.392 21.474 3.6225 82 46 8
17.334 21.461 3.5567 70 38 0
17.345 21.534 3.5775 68 39 0
17.329 21.502 3.5493 65 34 13
17.169 21.274 3.6687 84 51 10
17.333 21.48 3.637 78 45 12
17.338 21.481 3.6107 76 46 0
17.336 21.472 3.5848 68 39 0
17.304 21.475 3.6026 72 38 9
17.311 21.452 3.6645 91 55 15
17.23 21.379 3.6901 92 56 14
17.986 22.919 3.5556 68 39 0
17.998 22.888 3.5857 79 45 7
17.993 22.939 3.5307 77 52 8
17.982 22.883 3.5735 71 39 0
17.984 22.898 3.5478 66 36 0
17.99 22.911 3.5814 70 39 8
18.004 22.904 3.5384 52 22 4
17.993 22.931 3.5776 68 36 11
17.988 22.92 3.5446 66 42 16
17.988 22.902 3.536 67 39 12
17.984 22.888 3.5848 71 40 10
17.989 22.906 3.559 67 40 5
17.991 22.911 3.5699 66 41 0
18.005 22.907 3.5488 61 33 0
17.985 22.92 3.567 63 34 0
17.984 22.914 3.5326 67 38 17
17.997 22.98 3.5576 76 49 16
17.991 22.945 3.5751 80 53 10
17.991 22.956 3.5497 81 52 8
17.993 22.957 3.5387 87 59 32
17.993 22.978 3.5781 78 50 11
18.002 22.974 3.5817 80 53 16
18.003 22.984 3.5471 89 60 28
17.993 22.941 3.5417 76 48 9
17.997 22.947 3.5528 75 47 0
17.994 22.961 3.5605 82 54 7
17.997 22.95 3.5635 75 46 4
17.995 22.974 3.5363 81 51 17
18.002 22.996 3.5325 82 53 21
17.998 22.967 3.571 82 52 2
17.991 22.946 3.5854 83 57 16
17.997 22.981 3.5686 76 46 20
17.997 22.974 3.5267 82 55 18
17.991 22.953 3.5287 82 53 21
18.011 23.038 3.5592 80 53 20
18.013 23.03 3.5822 77 50 15
18.012 23.037 3.5486 88 64 30
18.008 23.023 3.5719 78 49 25
18.014 23.016 3.5749 78 50 11
18.013 23.049 3.5263 84 54 20
18.01 23.01 3.5645 76 51 19
18.016 23.054 3.5367 83 52 22
18.007 23.031 3.539 81 47 18
18.01 23.032 3.5284 80 49 18
18.015 23.054 3.5463 90 60 32
18.009 23.022 3.5621 81 51 27
18.014 23.043 3.5691 79 51 24
18.01 23.02 3.5415 87 60 25
18.008 23.016 3.5312 83 55 26
18.007 23.005 3.5543 74 47 14
18.01 23.041 3.579 78 49 15
18.008 23.02 3.5518 77 51 0
17.996 22.991 3.5441 89 61 30
18.015 23.083 3.561 87 64 30
18.013 23.091 3.5396 78 57 28
18.016 23.092 3.5292 81 56 33
18.012 23.054 3.5662 84 60 34
18.015 23.069 3.5532 88 63 31
18.019 23.074 3.5636 88 64 38
18.018 23.062 3.576 81 58 27
18.022 23.092 3.5705 74 48 21
18.017 23.069 3.5441 90 60 32
18.015 23.081 3.5517 90 64 24
18.015 23.056 3.5566 76 46 0
18.009 23.06 3.5338 88 65 31
18.014 23.063 3.5238 86 61 31
18.021 23.099 3.5484 87 60 39
18.013 23.069 3.5733 87 62 30
18.019 23.083 3.5318 84 58 31
18.018 23.084 3.5417 85 59 34
17.685 21.03 3.4634 51 33 11
17.665 20.993 3.4943 26 7 0
17.723 21.058 3.5028 58 41 23
17.641 20.961 3.3613 78 52 27
17.599 21.035 3.3833 78 50 13
17.645 21.013 3.46 79 51 24
17.59 21.053 3.4752 77 49 18
17.588 20.958 3.4488 75 53 16
17.617 21.04 3.4824 78 51 14
17.61 20.914 3.4227 75 52 21
17.616 21.049 3.5146 87 59 20
17.657 20.989 3.5265 27 11 0
17.606 21.04 3.3533 72 46 21
17.601 21.065 3.4495 73 48 18
17.678 21.157 3.4235 76 50 9
17.644 21.037 3.5202 81 50 20
17.635 21.028 3.3593 74 44 8
17.665 21.035 3.3972 78 54 20
17.617 21.089 3.4157 76 46 20
17.642 21.019 3.4872 83 55 26
17.664 21.11 3.3937 74 45 14
17.541 21.029 3.4988 72 47 3
17.55 21.111 3.4627 59 35 7
17.542 21.081 3.4314 33 19 10
17.534 21.027 3.5306 79 56 23
17.573 21.028 3.508 83 55 26
17.541 21.056 3.3707 44 28 13
17.478 21.027 3.4542 49 36 17
17.54 21.078 3.4332 33 19 10
17.51 21.072 3.3942 44 34 9
17.588 21.087 3.378 61 36 16
17.59 21.116 3.4421 58 33 10
17.497 20.971 3.3951 45 28 11
17.551 21.041 3.4665 66 37 15
17.519 21.055 3.4919 79 51 24
17.519 21.08 3.3647 48 31 13
17.506 21.038 3.5235 78 53 23
17.496 21.054 3.4227 48 32 17
17.47 21.069 3.4186 52 32 5
17.483 21.086 3.3872 59 34 14
17.391 20.918 3.4461 60 44 21
17.493 21.081 3.5191 81 53 16
17.498 21.08 3.4858 72 46 19
17.384 20.915 3.4781 75 49 22
17.482 21.203 3.5323 81 53 22
17.473 21.054 3.3548 66 42 4
17.418 21.184 3.4611 51 29 5
17.488 21.267 3.4935 76 53 22
17.497 21.294 3.5249 74 47 14
17.453 21.477 3.4434 60 31 7
17.408 21.451 3.4317 59 32 0
17.449 21.455 3.3886 67 36 8
17.428 21.47 3.383 56 31 1
17.409 21.444 3.4114 59 32 0
17.497 21.487 3.3963 77 49 10
17.478 21.461 3.4175 79 51 11
17.465 21.489 3.4172 60 29 0
17.478 21.579 3.4679 64 37 0
17.338 21.483 3.4201 57 32 0
17.374 21.443 3.4302 57 31 14
17.322 21.451 3.3911 54 28 1
17.331 21.422 3.424 60 33 0
17.343 21.449 3.4496 59 31 0
17.354 21.454 3.3977 57 30 0
17.393 21.468 3.403 57 27 3
17.407 21.506 3.4589 60 34 7
17.359 21.483 3.4774 64 36 9
17.377 21.434 3.3742 55 30 0
17.306 21.474 3.3832 55 31 0
17.341 21.502 3.4737 63 35 4
17.313 21.539 3.4097 58 31 0
17.304 21.484 3.4355 56 33 0
17.336 21.529 3.4102 56 31 0
17.244 21.424 3.3748 53 31 7
17.325 21.469 3.4472 61 31 7
17.985 22.905 3.4754 63 39 3
17.99 22.929 3.4855 56 34 0
17.991 22.917 3.5109 65 37 6
17.985 22.919 3.4616 58 31 0
17.987 22.927 3.4971 69 47 6
17.981 22.908 3.5207 66 42 4
17.99 22.927 3.4738 54 31 0
17.987 22.905 3.4641 62 40 0
17.992 22.935 3.5081 63 43 8
17.989 22.914 3.4991 52 31 0
17.988 22.939 3.4603 78 53 21
17.989 22.941 3.4719 78 50 11
17.981 22.901 3.4868 49 25 0
17.996 22.982 3.4797 79 50 8
17.996 22.966 3.4819 79 51 22
17.999 22.983 3.4685 80 54 13
17.989 22.947 3.5057 80 49 19
17.988 22.956 3.4701 82 53 19
17.989 22.981 3.5223 83 52 22
17.998 22.974 3.515 83 54 23
17.998 22.985 3.4906 80 51 20
17.994 22.95 3.4947 80 50 16
18.002 23.001 3.4672 81 54 11
17.999 22.973 3.5038 81 57 5
17.992 22.964 3.4921 79 51 2
17.99 22.95 3.5167 81 54 19
17.994 22.961 3.459 81 52 21
17.997 22.987 3.5126 81 52 21
17.988 22.976 3.5014 81 53 22
18.009 23.011 3.4893 81 54 9
18.005 23.005 3.4781 76 51 0
17.987 22.941 3.4829 79 51 12
18.013 23.019 3.5105 80 54 13
18.006 23.026 3.5183 79 48 18
18.008 23.012 3.4995 79 51 20
18.006 23.025 3.5077 79 49 15
18.006 23.033 3.4636 80 51 20
18.009 23.026 3.4871 81 51 0
18 23.014 3.4759 81 48 13
18.005 23.023 3.4974 79 50 16
18.01 23.056 3.5038 83 59 33
18.006 23.02 3.4659 79 49 21
18.01 23.042 3.4957 79 46 11
18.014 23.048 3.5162 81 51 13
18.014 23.048 3.506 80 53 0
18.007 23.036 3.4741 81 51 13
18.01 23.054 3.4836 85 57 28
18.011 23.053 3.4728 78 53 9
18.008 23.015 3.5205 81 50 20
18.013 23.058 3.4937 85 57 18
18.007 23.037 3.4855 79 51 12
18.015 23.087 3.5002 74 50 22
18.014 23.085 3.4902 82 59 26
18.014 23.069 3.4714 81 56 24
18.019 23.1 3.4691 74 54 30
18.022 23.107 3.5081 72 51 32
18.017 23.099 3.4788 77 54 36
18.016 23.077 3.512 81 58 27
18.015 23.088 3.5099 81 56 33
18.009 23.066 3.4813 81 56 26
18.018 23.092 3.52 78 60 36
18.017 23.077 3.5023 81 60 33
18.011 23.059 3.5137 85 59 34
18.016 23.078 3.522 83 57 30
18.013 23.071 3.492 83 58 26
18.021 23.105 3.4987 75 56 24
18.018 23.101 3.4885 80 56 22
18.019 23.088 3.4804 78 56 33
18.01 23.078 3.4697 77 57 23
17.693 21.061 3.3058 35 12 4
17.654 20.99 3.1667 81 56 24
17.702 21.071 3.2735 44 25 9
17.669 21.015 3.3322 42 27 0
17.674 21.053 3.2052 27 6 0
17.62 20.979 3.3262 72 45 0
17.656 21.053 3.2979 78 54 26
17.62 21.059 3.3202 76 49 12
17.586 21.005 3.1859 70 46 12
17.597 21.07 3.2864 73 47 20
17.588 21.036 3.2515 73 46 11
17.595 21.077 3.3167 72 46 6
17.615 21.085 3.2237 65 40 10
17.609 21.021 3.2874 74 49 19
17.579 21.054 3.3437 71 47 13
17.639 21.049 3.197 69 46 5
17.643 21.007 3.2638 78 53 30
17.575 21.057 3.1824 75 48 11
17.636 21.057 3.2285 75 47 16
17.644 20.996 3.2323 80 57 26
17.616 21.024 3.2579 82 55 10
17.498 21.025 3.3332 65 40 10
17.512 21.08 3.2026 69 45 11
17.542 21.046 3.3377 69 46 13
17.49 21.044 3.2288 71 46 14
17.554 21.087 3.1735 76 53 12
17.477 21.051 3.3238 66 43 9
17.496 21.081 3.2944 73 44 20
17.555 21.063 3.3081 78 51 18
17.542 21.082 3.2395 71 47 19
17.562 21.053 3.2449 75 49 22
17.534 21.003 3.2699 76 48 19
17.513 21.033 3.2672 69 42 21
17.558 21.032 3.2094 72 43 21
17.468 21.008 3.2581 74 48 23
17.534 21.09 3.3051 74 48 21
17.545 21.079 3.2085 69 43 18
17.523 21.09 3.1704 81 52 10
17.491 21.117 3.2279 69 46 12
17.406 21 3.1778 78 51 8
17.388 20.939 3.3066 71 45 20
17.474 21.07 3.1946 68 43 20
17.485 21.114 3.26 73 48 18
17.411 20.975 3.2819 70 44 21
17.476 21.271 3.1936 73 51 10
17.434 21.356 3.3333 76 52 16
17.52 21.534 3.232 75 48 11
17.421 21.397 3.3566 67 37 3
17.422 21.481 3.2654 53 28 0
17.435 21.459 3.3006 55 30 0
17.47 21.528 3.3344 56 28 0
17.38 21.355 3.2613 54 26 12
17.474 21.483 3.3339 61 38 7
17.444 21.451 3.2171 67 33 4
17.455 21.442 3.3026 62 31 0
17.418 21.444 3.3544 57 29 0
17.448 21.54 3.3278 57 29 16
17.451 21.395 3.3642 76 49 14
17.396 21.444 3.2941 54 29 6
17.411 21.512 3.2642 52 28 0
17.391 21.487 3.2928 53 26 5
17.328 21.403 3.369 55 30 0
17.331 21.459 3.3617 56 30 7
17.377 21.498 3.2306 48 29 0
17.323 21.481 3.3002 53 28 8
17.326 21.464 3.2192 53 24 0
17.366 21.488 3.254 50 26 0
17.335 21.487 3.2498 49 23 6
17.374 21.521 3.3392 51 26 3
17.368 21.511 3.3382 51 26 3
17.317 21.463 3.2731 49 30 0
17.352 21.479 3.3054 53 28 8
17.413 21.537 3.3483 53 28 5
17.387 21.486 3.3193 57 32 9
17.407 21.477 3.3497 58 29 7
17.106 21.194 3.3003 54 24 10
17.19 21.334 3.338 54 29 6
17.259 21.462 3.2335 51 27 0
17.299 21.449 3.3263 52 24 10
17.301 21.474 3.2148 48 25 9
17.298 21.476 3.241 49 25 0
17.313 21.478 3.358 56 36 2
17.989 22.898 3.4042 60 31 7
17.98 22.924 3.4244 76 48 19
17.987 22.919 3.4506 66 36 12
17.987 22.918 3.439 59 33 16
17.988 22.917 3.4268 54 28 11
17.98 22.893 3.4393 53 30 0
17.984 22.911 3.4148 59 37 0
17.976 22.886 3.4267 65 41 15
17.98 22.903 3.4017 50 31 0
17.987 22.93 3.4138 72 48 10
17.981 22.89 3.4154 48 24 14
17.978 22.916 3.3885 70 45 1
17.984 22.925 3.4017 75 50 6
17.987 22.944 3.4008 78 50 10
17.992 22.954 3.425 80 52 3
17.982 22.94 3.412 79 51 11
17.982 22.897 3.4516 59 34 4
17.981 22.903 3.3903 55 29 12
17.986 22.934 3.4486 83 54 12
17.986 22.933 3.4367 74 50 16
17.994 22.974 3.4461 78 54 18
17.994 22.976 3.4577 81 54 21
17.996 22.989 3.4339 77 52 20
18 23.004 3.3998 81 53 14
17.995 22.97 3.4125 79 50 10
17.995 22.991 3.4556 80 54 14
18.005 23.014 3.4334 79 52 7
17.993 22.971 3.4347 80 54 13
18.004 23.014 3.4439 82 53 21
17.991 22.964 3.4001 81 53 24
17.995 22.96 3.448 79 50 8
17.989 22.965 3.4229 77 49 18
18.007 23.012 3.4124 77 50 5
17.995 22.959 3.4368 78 51 18
17.993 22.981 3.3994 79 50 8
17.996 22.991 3.4449 79 51 20
17.994 22.985 3.4223 76 53 11
18.004 23.011 3.4223 79 50 10
17.992 22.981 3.411 77 50 5
18.008 23.045 3.4307 81 51 23
18.005 23.031 3.4531 81 51 23
18.002 23.021 3.4102 79 53 12
18.01 23.034 3.4438 79 54 22
18.011 23.063 3.4509 82 59 25
18.014 23.074 3.4091 82 58 32
18.009 23.05 3.4624 82 57 27
18.006 23.053 3.4088 82 56 33
18.016 23.067 3.441 84 58 31
18.006 23.041 3.4206 77 49 20
18.009 23.021 3.4556 80 51 20
18.003 23.021 3.3993 78 48 20
18.014 23.064 3.4307 83 59 33
18.016 23.056 3.4526 82 56 29
18.008 23.046 3.4417 86 57 26
18.011 23.059 3.42 80 57 24
18.01 23.043 3.4102 78 53 23
18.007 23.028 3.4217 78 50 11
18.006 23.028 3.4324 77 50 15
18.019 23.117 3.4169 82 59 28
18.017 23.082 3.4504 75 53 30
18.016 23.082 3.4603 78 56 32
18.019 23.109 3.448 75 54 25
18.015 23.104 3.4375 82 55 34
18.019 23.095 3.4391 82 57 34
18.019 23.098 3.459 84 57 38
18.017 23.108 3.4575 83 59 33
18.013 23.091 3.4485 76 51 28
18.015 23.09 3.4287 81 57 23
18.008 23.072 3.439 83 57 34
18.011 23.084 3.4077 80 55 33
18.015 23.089 3.4186 79 59 24
18.012 23.066 3.4612 83 57 30
18.015 23.102 3.4273 81 56 26
18.014 23.1 3.417 82 57 35
18.01 23.071 3.4186 82 57 27
18.012 23.075 3.4291 78 54 28
17.697 21.081 3.1456 77 53 17
17.643 21.003 3.0632 72 43 11
17.755 21.17 3.0345 79 51 14
17.714 21.041 3.1458 78 54 20
17.711 21.02 3.1083 79 56 14
17.673 20.905 3.0588 81 53 22
17.654 21.015 3.0338 63 36 0
17.721 21.069 2.9828 76 49 14
17.656 20.951 3.0614 82 55 22
17.686 21.039 3.1074 81 53 14
17.673 21.046 3.0048 81 54 19
17.736 21.136 3.0565 79 54 22
17.65 21.063 3.1638 80 52 5
17.644 21.113 3.1349 76 49 12
17.585 21.066 3.1516 71 42 18
17.562 21.052 3.0467 76 48 21
17.619 21.041 3.094 79 52 15
17.657 21.051 3.1042 71 39 16
17.629 21.022 2.9937 63 37 0
17.594 21.033 3.0196 67 43 15
17.584 21.051 3.1185 71 43 12
17.581 21.017 3.0506 72 44 17
17.65 21.087 3.0348 66 40 15
17.57 21.057 3.015 69 45 9
17.607 21.039 3.156 71 42 10
17.584 21.076 2.986 68 42 17
17.653 21.055 3.1334 73 44 20
17.638 21.073 3.0654 77 54 21
17.586 21.043 3.0841 70 46 10
17.594 21.02 2.9838 66 37 3
17.522 21.1 3.0064 69 44 14
17.522 21.112 3.0413 71 45 22
17.465 21.027 3.1235 71 45 18
17.5 21.089 3.1019 73 47 6
17.525 21.045 3.0372 69 45 19
17.463 21.036 3.1575 70 43 10
17.512 21.043 3.1027 71 47 11
17.537 21.059 3.0059 65 37 6
17.541 21.044 3.1428 69 42 9
17.529 21.066 3.0716 76 48 19
17.54 21.028 3.1071 68 41 8
17.576 21.097 3.0868 70 45 15
17.505 21.04 3.1324 70 46 18
17.511 21.1 3.0713 67 44 11
17.471 21.065 2.99 68 44 8
17.535 21.408 3.0914 67 43 15
17.493 21.318 3.0455 68 43 13
17.467 21.102 3.1252 67 42 10
17.406 20.989 3.1443 68 42 19
17.459 21.051 3.0234 69 43 18
17.465 21.087 3.0914 74 45 13
17.499 21.446 3.0531 74 44 8
17.536 21.522 3.0965 74 44 16
17.449 21.281 3.1899 61 32 0
17.429 21.256 3.0277 61 30 2
17.461 21.354 3.1611 67 40 0
17.494 21.423 3.1983 79 55 17
17.452 21.31 3.065 59 34 2
17.467 21.43 3.1946 83 57 17
17.556 21.567 3.1297 68 40 11
17.376 21.255 3.141 73 46 3
17.436 21.387 3.0404 77 48 14
17.471 21.459 3.0796 78 50 10
17.448 21.523 3.0766 48 27 0
17.464 21.479 3.1906 64 35 13
17.388 21.452 3.1723 49 25 0
17.379 21.457 3.0563 46 25 0
17.487 21.512 3.1668 59 30 6
17.389 21.504 3.1767 44 23 4
17.384 21.524 3.0915 45 23 8
17.212 21.219 3.1648 47 20 0
17.363 21.497 3.1109 44 24 0
17.421 21.535 3.0976 47 26 0
17.368 21.463 3.1396 53 29 3
17.337 21.402 3.1091 45 22 6
17.287 21.394 3.1817 49 24 1
17.339 21.499 3.082 48 21 0
17.233 21.415 3.1979 49 23 0
17.241 21.371 3.1733 46 24 9
18 22.908 3.3811 46 21 0
18.002 22.917 3.3188 55 30 8
17.989 22.902 3.3291 44 23 0
17.983 22.883 3.3523 54 31 25
18.026 22.92 3.3724 59 33 16
17.976 22.889 3.3394 46 25 4
17.991 22.895 3.367 49 27 0
17.99 22.946 3.3897 79 51 14
17.985 22.947 3.3281 74 50 0
17.981 22.917 3.3766 64 36 0
17.986 22.937 3.3654 77 49 22
17.976 22.904 3.3266 52 27 0
17.986 22.954 3.3645 74 50 14
17.986 22.936 3.3532 79 51 22
17.978 22.896 3.3648 62 36 13
17.981 22.944 3.3394 78 50 0
17.99 22.944 3.3777 77 49 0
17.979 22.899 3.3769 58 36 0
17.978 22.908 3.3392 51 28 0
17.979 22.895 3.3529 47 23 0
17.977 22.904 3.3143 54 29 6
17.98 22.915 3.3646 67 41 14
17.987 22.935 3.3414 75 44 23
17.981 22.927 3.3279 73 48 0
17.987 22.952 3.3524 77 50 15
17.977 22.909 3.351 69 37 12
17.991 22.973 3.3539 75 51 13
17.991 22.97 3.3414 73 49 11
17.984 22.953 3.3761 84 52 11
18.004 23.019 3.3774 81 52 20
17.998 23.007 3.343 79 49 13
18 22.987 3.3899 76 48 11
17.997 22.999 3.3881 80 50 16
17.991 22.989 3.3645 77 50 15
17.996 22.982 3.3777 73 49 15
18.005 23.018 3.367 82 52 24
17.992 22.975 3.3652 75 47 18
17.998 23.009 3.3542 80 50 14
17.988 22.987 3.3752 79 52 15
17.989 22.985 3.3522 78 50 11
17.988 22.981 3.3292 82 49 16
18.004 23.02 3.3886 75 49 0
17.988 22.982 3.3405 77 49 0
17.986 22.957 3.3881 75 51 17
17.989 22.967 3.3291 76 47 13
18.012 23.055 3.3778 76 48 11
18.008 23.054 3.3982 82 57 25
18.005 23.046 3.3659 80 50 14
17.998 23.05 3.342 81 53 3
18.001 23.031 3.3871 78 53 9
18.005 23.037 3.399 78 50 13
17.993 23.018 3.3528 77 47 11
17.992 23.016 3.3407 76 48 0
18.006 23.062 3.3762 70 41 17
18.008 23.065 3.3868 82 56 33
18.012 23.056 3.3885 84 56 25
18.008 23.062 3.3658 80 48 9
17.998 23.051 3.3531 80 50 0
18.007 23.073 3.3552 82 47 0
18.003 23.043 3.355 80 52 5
18 23.038 3.3432 77 48 17
18.001 23.029 3.3763 79 51 12
18.002 23.03 3.3655 81 52 21
18.01 23.069 3.398 82 59 26
18.006 23.071 3.344 78 48 10
18.023 23.118 3.3881 81 57 29
18.014 23.106 3.3668 80 52 12
18.013 23.093 3.3657 79 50 16
18.012 23.084 3.3975 82 56 29
18.016 23.121 3.366 73 52 0
18.009 23.113 3.3542 80 49 19
18.02 23.116 3.3972 78 56 35
18.014 23.1 3.4073 77 56 29
18.013 23.105 3.3559 82 52 2
18.02 23.113 3.3774 66 43 27
18.011 23.092 3.3758 71 47 11
18.01 23.077 3.3663 74 47 12
18.004 23.082 3.3539 80 50 0
18.015 23.112 3.4066 81 55 28
18.015 23.085 3.3876 81 56 33
18.01 23.094 3.3967 81 56 33
18.009 23.091 3.3859 81 56 33
18.013 23.082 3.3768 66 41 9
17.782 21.131 2.8112 66 47 13
17.74 21.137 2.8659 79 51 24
17.761 21.207 2.9125 80 55 23
17.686 21.065 2.9753 78 51 8
17.693 21.004 2.7984 78 50 23
17.657 20.977 2.9261 77 53 15
17.638 20.913 2.8815 78 50 19
17.722 21.19 2.8973 76 51 21
17.61 20.732 2.8165 73 50 17
17.697 21.114 2.8528 87 59 30
17.685 21.07 2.8088 73 48 18
17.679 20.945 2.927 78 52 12
17.619 20.955 2.8823 66 36 12
17.599 21.055 2.8525 66 43 10
17.607 21.008 2.8819 81 56 24
17.563 21.015 2.9416 73 46 13
17.615 21.042 2.9238 78 55 14
17.598 21.04 2.8158 66 41 11
17.613 20.978 2.7758 70 42 5
17.604 21.08 2.8908 71 44 7
17.531 20.98 2.8252 72 47 17
17.546 21.026 2.8703 71 43 16
17.633 21.055 2.8608 67 41 0
17.583 21.083 2.8193 64 38 13
17.62 20.97 2.9159 76 48 9
17.62 20.985 2.9535 71 44 9
17.653 21.087 2.8356 64 36 9
17.559 20.992 2.9039 71 43 12
17.597 21.012 2.9497 71 44 11
17.607 21.045 2.7849 72 44 7
17.538 21.048 2.972 69 40 19
17.517 21.013 2.792 63 39 5
17.513 21.091 2.8343 61 38 7
17.486 21.118 2.8656 70 45 13
17.464 21.038 2.9575 73 44 20
17.533 21.1 2.943 70 45 13
17.494 21.002 2.89 69 42 9
17.483 21.04 2.8568 66 39 6
17.557 21.125 2.8864 68 40 9
17.537 21.069 2.8396 76 50 23
17.515 21.083 2.8012 68 41 8
17.443 21.006 2.773 63 40 0
17.571 21.25 2.9667 66 41 18
17.493 21.075 2.8967 71 44 9
17.524 21.092 2.9752 74 44 20
17.469 21.072 2.8235 68 41 4
17.552 21.066 2.9436 71 45 4
17.565 21.082 2.9158 69 45 11
17.379 20.959 2.7857 61 37 1
17.463 21.186 2.9941 65 38 3
17.497 21.275 2.8897 69 44 14
17.464 21.241 2.97 74 48 23
17.458 21.239 3.0031 71 44 1
17.559 21.466 2.9553 64 41 7
17.482 21.201 2.9413 72 44 15
17.461 21.267 2.8755 73 46 13
17.437 21.053 2.9507 70 44 4
17.382 20.978 2.8233 67 42 10
17.466 21.18 2.9654 67 43 7
17.386 20.974 2.7906 61 37 1
17.426 21.078 2.8834 72 44 13
17.447 21.186 2.9009 73 51 27
17.465 21.201 2.8386 58 32 0
17.464 21.264 2.8444 66 39 4
17.474 21.107 2.8949 74 47 12
17.473 21.105 2.8943 74 47 12
17.486 21.141 2.9359 72 47 17
17.416 21.342 3.0008 78 52 12
17.452 21.291 3.0029 60 33 0
17.495 21.411 2.9599 72 46 19
17.462 21.368 3.0099 68 40 11
17.414 21.231 2.8289 70 42 5
17.46 21.337 2.9139 64 41 10
17.445 21.267 2.969 57 31 8
17.469 21.344 2.8871 70 48 1
17.502 21.365 2.9589 61 36 14
17.403 21.429 3.0049 47 24 6
17.377 21.338 3.0191 48 27 0
17.435 21.432 3.0086 56 31 8
17.987 22.892 3.2777 45 26 0
17.97 22.889 3.2736 53 27 0
17.976 22.893 3.2498 54 31 0
17.966 22.882 3.2597 53 33 0
17.998 22.91 3.3068 57 33 7
17.994 22.903 3.2921 44 23 0
17.98 22.936 3.2905 77 48 16
17.976 22.93 3.2772 75 47 0
17.979 22.903 3.3025 53 30 0
17.982 22.918 3.2656 62 36 11
17.987 22.96 3.2929 74 47 14
17.975 22.898 3.2886 53 28 6
17.982 22.924 3.303 75 47 10
17.982 22.956 3.3036 76 49 6
17.989 22.959 3.2694 74 49 1
17.986 22.931 3.3173 77 50 13
17.982 22.949 3.2548 76 48 11
17.981 22.919 3.2781 71 47 21
17.986 22.956 3.2804 76 47 7
17.977 22.91 3.2513 67 39 8
17.975 22.927 3.2641 73 46 13
17.986 22.945 3.3048 77 48 16
17.982 22.933 3.2537 76 47 7
17.984 22.924 3.2914 72 43 19
17.988 22.971 3.257 77 51 10
17.982 22.941 3.3163 72 45 10
17.994 23.015 3.3191 77 50 5
17.998 23.028 3.2863 74 45 11
17.995 22.996 3.2841 74 47 12
17.996 23.002 3.3193 77 49 9
17.992 22.995 3.2952 73 48 2
17.99 22.994 3.3062 77 50 5
17.995 23.003 3.3306 77 48 14
17.998 23.017 3.3086 81 49 24
17.989 23.003 3.2712 79 51 1
17.987 22.973 3.2814 73 46 9
17.986 22.977 3.3167 77 51 1
17.984 22.968 3.2683 74 48 0
17.987 22.975 3.2933 74 46 15
17.991 22.981 3.3066 75 50 2
17.993 23.015 3.3304 74 47 12
17.994 23.011 3.2961 74 50 12
17.992 22.968 3.3183 77 50 15
17.991 23.007 3.2835 75 46 4
17.992 22.992 3.2719 75 49 0
18 23.029 3.2755 74 45 11
17.999 23.045 3.298 76 48 0
18 23.06 3.3094 76 47 3
18.003 23.04 3.3324 78 47 0
18.001 23.036 3.3208 79 51 2
17.999 23.046 3.3095 79 52 0
18.005 23.078 3.3007 77 48 16
18.003 23.074 3.2889 76 47 5
18.003 23.065 3.3217 85 59 0
17.997 23.047 3.331 82 53 13
18.001 23.06 3.2991 74 47 2
17.995 23.029 3.3078 79 49 23
17.999 23.043 3.2866 77 51 1
18 23.058 3.2878 77 49 0
17.993 23.036 3.2735 75 46 4
18.005 23.069 3.3328 83 49 12
17.999 23.048 3.3203 81 52 20
17.997 23.029 3.2969 75 48 15
18.002 23.079 3.3323 77 47 13
18.01 23.1 3.3445 79 51 22
18.006 23.106 3.3225 82 52 28
18.005 23.092 3.3113 78 52 11
18.003 23.1 3.2899 81 51 1
18.007 23.092 3.3013 78 46 7
18.013 23.122 3.3036 81 54 9
18.014 23.103 3.3349 74 50 16
18.003 23.081 3.3429 80 49 1
18.008 23.092 3.2912 75 48 1
18.009 23.12 3.3131 82 50 12
18.007 23.11 3.3434 78 49 15
18.011 23.099 3.3238 78 49 18
18.012 23.111 3.3138 81 52 18
18.004 23.105 3.3328 79 52 15
18.003 23.078 3.3214 82 52 2
18.007 23.105 3.3013 82 51 23
18.007 23.081 3.3119 77 48 17
17.714 21.08 2.6768 77 52 20
17.679 21.023 2.7268 79 52 17
17.657 21.069 2.7678 70 43 8
17.637 21.006 2.717 66 39 2
17.668 21.011 2.7599 75 50 18
17.65 20.826 2.6201 64 41 8
17.632 21.015 2.5781 62 38 0
17.668 20.979 2.683 77 49 18
17.695 21.132 2.7197 79 52 19
17.685 21.091 2.6758 76 50 23
17.635 20.953 2.5995 77 51 11
17.568 21.084 2.7134 67 44 13
17.655 21.085 2.6354 69 44 14
17.631 21.088 2.7651 77 52 20
17.636 21.085 2.7288 76 52 16
17.6 21.094 2.7553 68 42 15
17.57 21.04 2.7748 64 39 7
17.557 21.074 2.7425 70 45 15
17.626 21.046 2.6847 68 42 17
17.582 21.039 2.7082 70 42 13
17.601 21.069 2.6809 69 42 21
17.592 21.034 2.6415 64 39 17
17.569 21.073 2.6771 73 47 24
17.583 20.997 2.5946 56 30 3
17.637 21.059 2.6554 71 47 21
17.569 21.046 2.6009 63 40 9
17.556 21.032 2.631 69 45 19
17.457 21.068 2.6805 67 43 17
17.458 21.024 2.7446 65 42 1
17.489 21.05 2.6514 67 42 22
17.456 21.055 2.6437 64 42 18
17.588 21.156 2.7964 65 38 1
17.509 21.081 2.6275 64 41 10
17.548 21.076 2.6029 61 36 13
17.526 21.042 2.626 67 39 10
17.518 21.052 2.6923 68 42 15
17.506 21.039 2.7231 65 36 12
17.499 21.085 2.6937 72 42 16
17.482 21.061 2.7218 65 43 6
17.5 21.038 2.7566 67 41 16
17.513 21.076 2.5935 70 42 15
17.539 21.084 2.6721 60 35 13
17.459 21.049 2.6098 61 38 4
17.447 21.085 2.7851 67 46 0
17.456 21.193 2.6679 65 42 1
17.46 21.244 2.8107 68 40 9
17.471 21.298 2.7223 69 45 19
17.447 21.142 2.7573 68 44 10
17.429 21.175 2.7576 75 53 29
17.412 21.061 2.7045 71 44 11
17.409 21.03 2.6281 64 43 16
17.463 21.187 2.8026 62 37 5
17.482 21.329 2.7617 73 47 6
17.46 21.213 2.7046 63 40 22
17.449 21.168 2.6301 66 38 9
17.457 21.115 2.6206 70 43 8
17.394 21.013 2.6585 65 41 27
17.454 21.243 2.6446 60 36 10
17.445 21.236 2.6757 67 44 13
17.442 21.064 2.7461 67 45 8
17.433 21.033 2.7034 66 42 14
17.441 21.291 2.6848 67 43 7
17.421 21.295 2.811 67 41 14
17.478 21.39 2.8018 71 47 13
17.458 21.383 2.7027 68 40 13
17.446 21.281 2.8117 65 41 15
17.467 21.31 2.7897 72 46 5
17.46 21.415 2.8042 72 44 17
17.968 22.873 3.18 49 25 15
17.979 22.909 3.2262 55 34 5
17.971 22.897 3.2103 55 34 3
17.992 22.909 3.2414 57 33 0
17.976 22.898 3.172 51 29 5
17.975 22.899 3.1846 51 31 0
17.967 22.891 3.1957 48 27 0
17.98 22.923 3.202 73 46 13
17.98 22.941 3.2159 76 47 23
17.975 22.934 3.2016 77 50 15
17.975 22.913 3.1733 74 46 17
17.968 22.908 3.1842 77 48 17
17.985 22.966 3.244 80 50 16
17.972 22.944 3.1897 77 49 12
17.985 22.964 3.232 76 47 5
17.978 22.926 3.2396 75 48 15
17.975 22.92 3.2255 76 47 15
17.977 22.922 3.2139 82 51 23
17.985 22.963 3.2197 77 49 18
17.977 22.908 3.2384 59 36 3
17.978 22.935 3.1905 78 46 7
17.983 22.948 3.2428 76 48 1
17.972 22.926 3.175 78 49 7
17.985 22.961 3.2073 90 67 34
17.985 22.949 3.2309 79 52 7
17.989 22.987 3.2587 74 47 14
17.986 22.992 3.2104 90 61 29
17.994 23.007 3.2605 75 46 4
17.995 23.02 3.2389 76 49 16
17.983 22.974 3.2084 91 63 32
17.997 23.033 3.2172 78 54 18
17.998 23.024 3.2517 75 46 15
17.985 22.996 3.2462 78 49 18
17.992 22.989 3.2476 78 48 12
17.987 22.995 3.2228 78 49 25
17.994 23.022 3.2618 74 50 16
17.994 23.031 3.228 75 49 22
17.99 22.995 3.1981 74 47 4
17.997 23.018 3.2027 74 45 5
17.996 23.019 3.2274 75 49 22
17.986 23.007 3.2113 85 61 25
17.988 22.998 3.2352 80 51 20
17.989 22.984 3.2351 78 50 13
17.987 22.98 3.2217 78 49 17
18.002 23.058 3.2771 77 50 3
17.994 23.035 3.2508 76 49 14
18.006 23.084 3.2358 74 49 17
18 23.077 3.2221 74 44 20
17.995 23.037 3.263 74 48 23
17.999 23.064 3.2319 73 46 13
17.998 23.061 3.2205 75 49 0
17.998 23.065 3.2543 77 48 17
18.005 23.085 3.2576 78 50 21
17.997 23.063 3.2426 79 54 6
18 23.055 3.2654 76 52 0
18.006 23.074 3.2675 78 50 1
17.995 23.045 3.2177 74 47 0
18.002 23.072 3.2775 76 52 0
18.001 23.054 3.254 77 48 17
17.996 23.035 3.2399 78 52 12
17.998 23.049 3.2307 79 53 13
17.998 23.051 3.2423 73 48 18
18.007 23.086 3.2472 71 47 13
18.009 23.115 3.2603 79 50 19
18.002 23.098 3.2788 80 50 16
18.009 23.091 3.2805 73 49 13
18.004 23.096 3.247 74 49 17
18.006 23.097 3.2369 72 47 3
18.002 23.084 3.2676 77 48 17
18.01 23.129 3.2721 77 49 18
18.005 23.108 3.2376 72 44 17
18.005 23.098 3.258 75 47 20
18.014 23.123 3.2935 80 51 17
18.008 23.125 3.2606 77 48 24
18.006 23.096 3.2257 76 47 7
18.01 23.126 3.2401 81 50 6
18.007 23.101 3.2697 77 48 16
18.01 23.114 3.25 76 45 14
18.008 23.125 3.2503 74 47 14
18.012 23.12 3.2826 78 45 10
18.008 23.114 3.2707 79 52 19
19.129 21.466 2.778 100 72 33
19.368 20.366 2.2898 83 48 29
17.664 20.942 2.4246 76 48 21
17.703 21.057 2.4972 74 51 20
17.699 21.08 2.5716 76 50 9
17.649 20.827 2.4301 19 21 8
17.627 20.988 2.5352 70 43 8
17.687 21.117 2.5426 79 53 13
17.669 21.058 2.4915 79 51 22
17.643 20.978 2.4277 77 50 17
17.584 21.066 2.5745 62 38 10
17.551 21.07 2.5653 63 37 10
17.595 21.033 2.4273 65 36 12
17.577 21.07 2.4341 64 39 17
17.61 21.031 2.539 70 46 8
17.525 20.97 2.4278 65 42 11
17.584 21.051 2.5393 63 39 3
17.618 21.034 2.5039 62 39 8
17.562 21.023 2.3808 61 37 11
17.622 21.08 2.4116 67 45 22
17.544 21.041 2.5232 69 45 17
17.552 21.093 2.432 66 41 19
17.607 21.09 2.5169 71 43 16
17.599 20.958 2.4106 68 42 19
17.572 21.089 2.5048 66 40 13
17.598 21.053 2.4689 69 42 5
17.628 21.042 2.4744 61 41 6
17.609 21.043 2.5756 67 40 7
17.506 21.069 2.4144 64 38 21
17.482 21.031 2.4344 67 42 10
17.442 21.048 2.5003 65 39 12
17.514 21.052 2.5182 69 45 17
17.481 21.162 2.4311 65 42 11
17.536 21.112 2.5716 62 39 0
17.484 21.062 2.5115 64 44 9
17.453 21.01 2.5293 70 44 3
17.517 21.03 2.4434 66 39 20
17.47 21.092 2.4793 63 42 15
17.547 21.082 2.4269 66 41 19
17.527 21.066 2.4909 64 38 15
17.464 21.106 2.5527 70 45 1
17.467 21.012 2.4599 68 41 8
17.462 21.042 2.5719 69 43 3
17.451 21.041 2.4284 69 44 12
17.488 21.105 2.4175 63 38 16
17.378 21.004 2.5083 72 43 11
17.462 21.237 2.5782 75 49 24
17.465 21.119 2.5888 68 43 0
17.445 21.193 2.5279 74 50 24
17.452 21.115 2.4447 69 44 22
17.451 21.269 2.5503 65 42 11
17.427 21.089 2.5034 67 41 18
17.41 21.079 2.5671 67 40 0
17.427 21.076 2.4639 66 39 18
17.431 21.188 2.5958 60 36 8
17.469 21.314 2.5972 67 44 11
17.453 21.344 2.6001 75 49 8
17.381 21.242 2.4574 71 42 21
17.378 21.194 2.5169 76 52 24
17.432 21.255 2.6075 64 41 0
17.425 21.251 2.6395 68 46 0
17.439 21.287 2.4861 69 44 12
17.497 21.436 2.6614 73 45 16
17.471 21.398 2.6783 68 40 0
17.446 21.311 2.5249 71 46 24
17.993 22.914 3.1507 54 32 9
17.984 22.905 3.1619 56 32 4
17.966 22.897 3.1294 72 47 17
17.969 22.902 3.1442 73 43 15
17.963 22.891 3.1143 70 46 12
17.974 22.91 3.1601 71 44 9
17.97 22.913 3.0936 74 46 15
17.974 22.927 3.1618 79 52 15
17.984 22.971 3.1692 76 48 17
17.978 22.956 3.1165 77 46 15
17.974 22.938 3.125 79 51 22
17.987 22.971 3.1595 74 46 17
17.977 22.943 3.1395 78 51 18
17.982 22.952 3.1678 82 52 2
17.976 22.947 3.1778 73 46 0
17.987 22.982 3.1235 75 48 13
17.981 22.963 3.1439 77 49 20
17.982 22.979 3.1341 73 46 25
17.979 22.927 3.1248 77 49 22
17.98 22.943 3.1147 76 49 14
17.969 22.914 3.1065 77 48 17
17.981 22.933 3.152 77 50 15
17.988 22.977 3.1833 75 47 16
17.978 22.945 3.1528 74 46 15
17.982 22.963 3.1314 77 53 27
17.975 22.924 3.1364 76 49 4
17.99 23.004 3.1526 78 47 26
17.987 22.999 3.1386 75 45 19
17.992 23.026 3.2031 71 44 0
17.994 23.036 3.1464 75 50 20
18.001 23.004 3.178 79 52 19
17.993 23.021 3.1557 72 46 21
17.987 23.014 3.141 72 43 19
17.992 23.008 3.1651 78 49 18
17.987 23.003 3.1746 75 49 22
17.991 22.991 3.1627 75 47 18
17.994 23.025 3.1807 72 47 3
17.992 23.034 3.1577 75 51 23
17.991 23.02 3.1669 74 49 19
17.992 22.996 3.1866 73 46 0
17.984 22.982 3.147 75 47 20
17.982 22.991 3.1235 75 45 19
17.989 23.021 3.1912 74 46 6
17.995 23.014 3.1901 78 50 1
17.996 23.04 3.1714 74 45 21
17.995 23.057 3.2075 94 64 28
17.995 23.055 3.1962 77 49 20
17.993 23.04 3.1942 73 51 2
17.992 23.038 3.1813 73 49 15
17.993 23.049 3.1479 75 47 7
18.002 23.089 3.2016 73 45 14
17.999 23.069 3.1651 73 46 9
17.995 23.051 3.1604 72 47 27
17.996 23.065 3.1516 70 43 6
18.004 23.079 3.2124 96 71 17
18.01 23.093 3.1708 67 46 19
18.004 23.078 3.2012 74 48 21
18.006 23.066 3.1884 75 50 20
17.996 23.044 3.2068 80 53 8
17.993 23.05 3.1718 73 47 20
17.997 23.07 3.1863 77 49 10
18.001 23.087 3.1909 71 43 16
18.004 23.106 3.2263 69 43 0
18.005 23.115 3.1837 77 51 28
18.005 23.128 3.1965 77 50 29
18.012 23.126 3.2301 73 48 4
18.005 23.103 3.1827 81 55 32
18.005 23.116 3.1956 79 54 10
18.008 23.129 3.1762 75 45 21
18.007 23.107 3.2161 90 63 28
18.004 23.1 3.171 76 48 21
18.008 23.121 3.2179 78 50 11
18.008 23.108 3.2057 86 56 32
18.015 23.137 3.1893 76 53 19
18.003 23.091 3.2131 95 66 34
18.004 23.113 3.1725 77 50 15
18.007 23.119 3.2069 75 50 18
18 23.099 3.192 80 57 23
18.008 23.132 3.2085 72 45 12
18.01 23.135 3.2199 76 51 0
17.612 20.907 2.2122 70 51 34
17.665 21.053 2.3103 75 49 22
17.691 21.032 2.3125 56 34 21
17.662 21.047 2.3072 75 49 22
17.625 21.025 2.255 63 42 11
17.54 21.039 2.3419 63 39 1
17.55 21.075 2.3922 67 38 14
17.601 21.036 2.2175 40 28 14
17.592 21.06 2.3275 64 34 8
17.619 21.028 2.2912 65 41 5
17.598 21.076 2.3342 64 34 8
17.638 21.087 2.3497 57 34 1
17.524 21.038 2.2303 61 38 20
17.543 21.03 2.3065 61 38 7
17.594 21.051 2.2915 70 41 20
17.558 21.035 2.2402 58 36 13
17.569 21.074 2.2912 62 35 14
17.608 21.068 2.2635 61 36 13
17.601 21.015 2.3554 67 44 13
17.516 21.048 2.3031 64 43 12
17.525 21.055 2.2729 64 39 19
17.461 21.083 2.2977 60 35 15
17.485 21.072 2.3367 56 32 6
17.446 21.079 2.363 55 32 1
17.456 21.06 2.2532 55 36 6
17.445 21.063 2.3262 61 36 14
17.505 21.101 2.3146 62 38 12
17.492 21.025 2.3621 63 37 10
17.522 21.124 2.2925 60 37 19
17.498 21.112 2.3873 63 38 6
17.51 21.051 2.3389 54 33 6
17.509 21.408 2.5034 65 41 3
17.485 21.363 2.4839 65 41 3
17.386 21.028 2.3335 61 38 5
17.328 20.9 2.2429 60 34 11
17.435 21.102 2.2976 59 36 20
17.469 21.342 2.3094 55 40 21
17.4 21.068 2.3833 56 36 11
17.402 21.094 2.2516 55 36 4
17.47 21.292 2.3287 59 41 17
17.422 21.169 2.3816 71 49 26
17.315 20.911 2.1297 15 11 0
17.481 21.375 2.3559 66 42 16
17.26 20.867 2.2925 63 39 1
17.492 21.367 2.4547 58 33 1
17.425 21.229 2.3629 68 45 14
17.458 21.134 2.2795 57 36 17
17.393 21.157 2.2977 61 40 21
17.449 21.24 2.2728 12 11 17
17.539 21.577 2.5562 68 45 1
17.569 21.682 2.5857 58 35 4
17.423 21.299 2.4178 59 33 6
17.47 21.396 2.489 65 39 0
17.425 21.353 2.4004 68 45 14
17.971 22.91 3.0671 70 46 12
17.965 22.901 3.0497 75 48 15
17.968 22.918 3.0265 71 48 15
17.968 22.902 3.0376 72 46 29
17.965 22.897 3.0211 73 47 20
17.975 22.916 3.0824 82 50 9
17.986 22.988 3.0615 71 48 15
17.974 22.945 3.0617 77 50 17
17.98 22.95 3.0512 78 50 23
17.979 22.955 3.1036 76 48 0
17.983 22.976 3.109 75 48 3
17.972 22.93 3.084 73 48 2
17.976 22.967 3.0923 75 47 18
17.968 22.924 3.0682 78 48 24
17.976 22.965 3.0789 75 45 21
17.979 22.966 3.0673 74 48 21
17.987 22.993 3.0881 77 49 18
17.98 22.983 3.0718 74 46 15
17.977 22.961 3.039 71 46 23
17.981 22.957 3.0919 75 48 5
17.973 22.927 3.0575 74 49 27
17.975 22.947 3.0756 80 51 19
17.967 22.919 3.0397 74 49 17
17.975 22.96 3.0518 73 50 19
17.976 22.936 3.0993 77 51 1
17.976 22.943 3.0358 74 51 18
17.99 23.009 3.0795 73 48 16
17.989 23.039 3.1096 78 55 21
17.983 23.007 3.1147 85 60 14
17.989 22.996 3.102 76 51 3
17.991 23.029 3.1205 80 52 15
17.996 23.021 3.1326 84 58 18
17.985 23.002 3.0638 75 49 22
17.991 23.027 3.1083 82 54 23
17.987 23.036 3.0964 74 51 20
17.991 23.026 3.0959 79 53 28
17.987 23.009 3.1032 84 54 26
17.988 23.027 3.1315 78 46 0
17.984 23.004 3.0893 76 47 23
17.987 22.996 3.1131 77 49 18
17.988 23.021 3.0698 76 47 26
17.988 23.035 3.072 71 45 18
17.988 23.036 3.0851 74 47 28
17.988 23.022 3.0823 80 51 27
17.995 23.062 3.1391 71 44 7
17.992 23.085 3.131 79 57 8
17.993 23.069 3.093 75 50 20
17.989 23.081 3.1181 78 52 25
17.993 23.069 3.0932 78 53 21
17.991 23.043 3.1236 71 45 18
17.995 23.057 3.0915 73 49 21
17.998 23.063 3.1172 75 48 13
17.995 23.061 3.1275 67 47 10
17.999 23.089 3.1105 81 53 24
18.007 23.088 3.147 68 44 10
17.988 23.065 3.1029 80 52 25
17.996 23.06 3.1043 77 48 27
18.006 23.088 3.1581 69 43 26
17.995 23.089 3.1438 78 53 21
18.002 23.082 3.1333 74 47 28
17.994 23.073 3.1172 72 50 9
18 23.089 3.0998 82 54 27
17.994 23.048 3.1368 75 48 3
17.995 23.056 3.08 76 51 19
18.008 23.128 3.1648 76 49 2
18.005 23.112 3.1507 70 44 17
18.004 23.133 3.132 73 46 25
18.007 23.137 3.145 78 53 30
18.004 23.12 3.1187 72 49 7
18.003 23.121 3.1406 74 48 21
18.005 23.122 3.1303 73 47 20
18.006 23.125 3.1532 78 50 21
18.005 23.111 3.1393 77 49 22
18.005 23.137 3.1654 74 50 24
18.002 23.11 3.1605 77 48 14
18.011 23.142 3.1572 79 55 4
18.003 23.117 3.1071 73 50 8
18.001 23.103 3.1029 73 50 19
18.005 23.134 3.1215 73 48 26
18.005 23.109 3.1276 73 45 16
18 23.096 3.1581 78 52 2
18 23.104 3.1142 78 50 21
17.44 21.277 2.2465 20 14 18
17.424 21.31 2.2508 63 37 10
17.434 21.387 2.2816 68 42 15
17.432 21.335 2.2988 61 34 13
17.392 21.241 2.185 17 19 0
17.962 22.909 3.0094 76 47 23
17.964 22.907 2.9826 70 47 5
17.964 22.906 2.9675 74 46 9
17.983 22.91 2.9746 38 20 10
17.97 22.929 2.9763 73 48 18
17.972 22.929 2.9631 75 49 24
17.967 22.913 2.9982 70 42 15
17.976 22.969 2.9892 77 51 26
17.98 22.992 3.0221 73 46 0
17.983 22.994 3.0112 75 49 9
17.972 22.954 3.0237 77 48 24
17.972 22.952 3.0091 75 48 3
17.983 22.983 3.0467 74 48 23
17.983 22.981 3.0335 75 50 6
17.984 22.981 3.0207 76 46 12
17.975 22.97 3.0015 73 50 19
17.966 22.927 2.9881 72 44 0
17.976 22.942 3.0209 73 47 7
17.98 22.989 2.9958 71 45 20
17.976 22.94 3.0081 75 46 4
17.978 22.957 3 69 43 2
17.976 22.952 2.9839 77 48 24
17.994 23.051 3.042 73 46 25
17.989 23.02 3.0572 73 47 20
17.983 23.008 3.0024 71 45 20
17.988 23.044 3.0256 77 51 28
17.988 23.029 3.0223 72 46 21
17.988 23.015 3.0307 76 48 8
17.987 23.033 3.0591 73 48 18
17.986 23.015 3.0425 70 47 5
17.982 22.996 3.0371 72 43 19
17.983 22.999 3.0503 75 45 21
17.98 23.006 3.0134 74 50 12
17.989 23.032 3.0479 74 48 8
17.985 23.028 3.0328 72 46 6
17.994 23.053 3.0667 74 51 17
17.991 23.049 3.052 75 45 9
18.004 23.092 3.0901 72 50 13
17.993 23.065 3.0573 72 46 6
17.994 23.065 3.0447 74 47 10
18.004 23.091 3.0783 76 50 23
17.995 23.079 3.0377 76 47 23
18.003 23.089 3.0659 69 42 5
17.987 23.085 3.0484 76 52 14
18 23.085 3.0521 72 44 13
17.998 23.099 3.0892 72 46 23
17.993 23.062 3.0329 75 53 4
17.995 23.07 3.082 81 54 17
17.991 23.065 3.0678 78 52 2
17.993 23.094 3.0756 74 48 8
17.993 23.092 3.0636 72 45 10
18.002 23.115 3.0835 74 53 10
18.006 23.145 3.1141 78 52 27
18.002 23.114 3.0715 73 46 0
18.001 23.127 3.0854 79 47 24
18.001 23.124 3.0624 77 46 25
18.003 23.128 3.0754 77 50 15
18.009 23.147 3.1046 79 49 11
18.006 23.143 3.0912 75 47 8
18.005 23.119 3.0963 73 47 6
18.002 23.139 3.0773 79 49 13
18.003 23.129 3.0975 75 47 7
18.003 23.115 3.0835 74 53 10
18.006 23.133 3.1105 74 45 23
18.001 23.112 3.0598 75 47 20
