974
0.26319 0.51147 0.40248 0.71214 11.157 6.3462 3.4318
13.674 3.1204 4.0895 82 48 19
13.635 3.2151 4.1182 85 52 19
13.61 3.1842 4.1105 81 48 13
13.708 3.106 4.1787 84 50 21
13.531 3.0585 4.166 49 28 1
13.547 3.203 4.093 83 46 12
13.56 3.1864 4.0967 83 46 12
13.534 3.2019 4.1294 79 44 15
13.598 3.0714 4.1052 53 18 0
13.543 3.1085 4.1688 51 26 6
13.56 3.0365 4.1348 54 29 0
13.524 3.105 4.0852 53 27 4
13.548 3.0036 4.0919 52 26 3
11.37 3.5079 3.7983 251 231 171
11.373 3.5182 3.7737 210 213 160
11.392 3.5109 3.8049 72 71 43
11.303 3.5232 3.773 87 87 87
11.344 3.492 3.8174 255 255 181
11.327 3.491 3.7864 255 253 254
11.366 3.493 3.8256 99 97 57
11.35 3.4694 3.7962 255 253 254
11.324 3.4713 3.8121 251 255 167
11.353 3.4916 3.7695 255 253 254
11.279 3.498 3.7929 79 62 42
11.283 3.496 3.7695 71 55 20
11.274 3.5029 3.8148 81 61 36
11.263 3.4672 3.7649 73 49 21
11.304 3.4416 3.8046 87 76 56
11.24 3.4998 3.7543 69 39 21
11.253 3.503 3.8067 73 53 29
11.258 3.464 3.7885 72 50 26
11.236 3.4783 3.7804 72 43 22
13.851 3.3266 4.0181 104 65 24
13.665 3.1495 4.0467 82 48 19
13.593 3.1863 3.866 81 46 26
13.594 3.2125 3.9476 81 46 24
13.64 3.1998 4.0004 81 47 22
13.638 3.1381 3.994 80 47 14
13.698 3.1436 3.9729 82 48 23
13.419 3.3164 3.9052 77 46 16
13.451 3.3014 3.9899 82 47 25
13.52 3.1282 4.0445 53 27 2
13.576 3.1546 3.9783 78 48 14
13.576 3.1253 3.8963 78 47 16
13.607 3.078 4.0673 78 44 6
13.574 3.1472 3.8569 75 45 21
13.622 3.1226 4.0741 83 50 15
13.479 3.1537 3.9559 51 24 7
13.52 3.1161 3.925 52 27 7
13.536 3.1318 3.842 63 36 15
13.566 3.0725 3.8923 55 29 6
13.458 3.1174 3.9492 56 26 8
13.476 3.0424 3.9057 56 30 5
13.532 3.0511 3.8837 50 26 12
13.475 2.9875 4.0273 53 29 3
13.498 2.9921 3.9504 52 22 6
13.47 3.1194 3.909 53 31 10
13.434 2.9757 4.0157 50 26 0
13.397 2.9983 3.9258 55 30 7
13.017 2.6944 3.9734 46 24 0
11.371 3.4851 3.6757 45 35 23
11.364 3.5131 3.6965 41 32 23
11.375 3.483 3.6524 111 105 89
11.378 3.5082 3.753 113 123 61
11.332 3.4706 3.7637 255 253 254
11.359 3.4599 3.7507 255 253 254
11.347 3.4514 3.6943 41 32 27
11.363 3.4775 3.7241 44 43 25
11.31 3.486 3.7519 65 65 65
11.317 3.4962 3.7064 72 47 25
11.309 3.4818 3.6289 73 48 25
11.303 3.5182 3.6502 74 48 23
11.33 3.489 3.6362 35 0 4
11.334 3.507 3.7382 62 59 44
11.341 3.4662 3.7173 46 43 28
11.347 3.5075 3.6667 46 34 12
11.353 3.4844 3.6434 46 37 32
11.314 3.4808 3.7304 71 54 28
11.3 3.4901 3.676 70 44 21
11.322 3.4873 3.6851 71 44 23
11.327 3.4758 3.6607 74 51 18
11.277 3.5158 3.6677 72 42 24
11.261 3.4894 3.6384 68 43 21
11.252 3.5008 3.6841 69 36 17
11.249 3.4791 3.7103 67 41 14
11.287 3.4902 3.7472 74 50 24
11.244 3.5068 3.7314 72 44 4
11.273 3.5124 3.6907 73 46 13
11.239 3.4941 3.631 65 38 19
11.291 3.5032 3.7224 70 47 14
11.295 3.4981 3.6991 71 42 21
11.284 3.4639 3.6465 65 38 19
11.257 3.4746 3.6629 69 40 19
11.286 3.4946 3.6219 71 44 11
11.273 3.5267 3.688 73 46 13
11.265 3.5023 3.7393 72 45 8
11.271 3.4718 3.7177 71 45 22
11.235 3.4906 3.6554 67 40 21
11.231 3.504 3.6768 69 36 17
13.721 3.1963 3.648 79 46 13
13.631 3.1558 3.8321 79 48 20
13.538 3.0986 3.7618 50 23 6
13.579 3.1295 3.7349 74 39 17
13.54 3.0855 3.6334 46 24 3
13.575 3.1526 3.6926 76 43 0
13.505 3.2089 3.7598 73 41 18
13.487 3.2218 3.6388 75 42 9
13.62 3.1039 3.8256 80 45 23
13.632 3.1251 3.7464 79 46 15
13.525 3.1169 3.7589 48 25 7
13.486 3.2231 3.6393 75 42 9
13.528 3.0827 3.6744 48 26 2
13.496 3.0773 3.6255 49 23 6
11.379 3.485 3.6258 139 150 92
11.378 3.4414 3.5247 203 206 151
11.368 3.4539 3.5724 187 185 186
11.374 3.4356 3.5483 217 220 203
11.391 3.4006 3.6087 156 143 107
11.32 3.5079 3.5558 77 47 49
11.317 3.4884 3.5811 76 39 44
11.335 3.4849 3.6116 43 21 0
11.3 3.4789 3.5514 72 43 11
11.301 3.522 3.5255 66 42 30
11.335 3.4689 3.4852 54 48 48
11.362 3.4703 3.596 8 1 0
11.346 3.5019 3.5395 147 136 57
11.328 3.4421 3.5335 73 51 64
11.356 3.5026 3.6197 27 25 26
11.307 3.4956 3.5018 67 43 31
11.34 3.4644 3.59 176 154 143
11.344 3.48 3.5649 218 199 165
11.356 3.4896 3.4922 205 195 186
11.312 3.5006 3.6051 72 47 24
11.329 3.4955 3.508 2 2 2
11.35 3.512 3.5155 255 253 254
11.281 3.4986 3.5187 67 43 17
11.265 3.4887 3.615 70 38 15
11.238 3.4884 3.5056 67 38 17
11.255 3.5084 3.5349 68 36 21
11.278 3.4755 3.5439 71 43 12
11.291 3.4921 3.5967 70 41 9
11.269 3.4919 3.5899 66 38 7
11.248 3.4854 3.5851 65 36 12
11.251 3.5059 3.56 69 39 5
11.263 3.5016 3.489 70 38 25
11.286 3.4808 3.4955 70 41 17
11.242 3.5207 3.6065 67 38 16
11.255 3.4997 3.5349 68 36 21
11.242 3.4793 3.4828 71 39 24
11.259 3.508 3.5123 68 42 17
11.234 3.4809 3.5298 72 42 24
11.294 3.5064 3.5748 71 44 11
11.275 3.449 3.5678 68 39 8
11.23 3.4999 3.5526 67 37 1
13.679 3.176 3.5071 76 45 15
13.713 3.1965 3.5216 77 45 20
13.575 3.1231 3.6064 74 42 21
13.534 3.1669 3.4751 72 42 16
13.547 3.1192 3.3905 70 39 9
13.578 3.1752 3.4864 74 44 18
13.592 3.1197 3.5673 74 42 21
13.609 3.135 3.4868 74 44 18
13.601 3.1734 3.5716 77 45 24
13.564 3.1451 3.438 71 39 16
13.456 3.0706 3.4438 49 25 11
13.509 3.0783 3.5839 47 23 11
11.379 3.521 3.3435 41 33 22
11.38 3.3953 3.391 35 27 40
11.359 3.4931 3.3361 50 36 7
11.306 3.4882 3.3729 63 39 5
11.337 3.4938 3.4601 43 13 0
11.293 3.5009 3.4471 67 39 25
11.311 3.4992 3.4753 71 46 23
11.32 3.4829 3.4283 70 44 21
11.311 3.4723 3.3474 65 34 4
11.325 3.471 3.4038 67 37 23
11.361 3.4702 3.4674 6 0 0
11.345 3.5047 3.4115 164 155 158
11.351 3.4749 3.3851 36 27 30
11.331 3.5115 3.3553 61 35 10
11.328 3.4919 3.3803 62 36 21
11.316 3.4814 3.4532 67 44 26
11.302 3.489 3.3988 63 36 17
11.298 3.4928 3.4227 65 36 12
11.337 3.4953 3.4599 43 13 0
11.355 3.4876 3.36 33 20 12
11.341 3.501 3.4355 215 213 214
11.24 3.526 3.3556 63 35 0
11.267 3.4701 3.335 65 36 5
11.294 3.4787 3.447 67 39 25
11.253 3.517 3.4095 70 36 9
11.291 3.4665 3.472 67 41 24
11.281 3.4585 3.3909 65 38 5
11.232 3.4992 3.403 64 34 10
11.246 3.4933 3.4574 66 37 5
11.282 3.5293 3.3687 65 36 5
11.288 3.5014 3.3429 61 33 2
11.25 3.505 3.4331 63 36 19
11.273 3.4711 3.4398 66 39 22
11.237 3.4843 3.3789 63 33 9
11.276 3.4874 3.4163 68 41 4
11.268 3.4811 3.467 66 37 16
11.263 3.466 3.3589 65 35 9
11.258 3.4957 3.3868 63 36 3
11.224 3.5064 3.4508 69 38 8
11.23 3.4492 3.4267 64 39 19
13.707 3.2134 3.3472 74 41 8
13.611 3.1768 3.2367 73 43 19
13.548 3.1742 3.2697 66 34 9
13.518 3.147 3.2538 69 38 10
13.513 3.2029 3.3074 68 36 0
13.552 3.1322 3.3465 71 40 10
13.504 3.1844 3.2159 71 42 20
13.482 3.1771 3.2982 55 23 0
11.363 3.4898 3.3116 43 29 20
11.37 3.4545 3.2839 44 35 28
11.387 3.3493 3.2257 4 0 0
11.362 3.4297 3.1983 142 133 124
11.372 3.4881 3.2601 41 36 33
11.389 3.4489 3.3162 46 25 8
11.307 3.5271 3.2213 67 37 19
11.305 3.4765 3.244 70 41 20
11.315 3.4481 3.1874 63 36 1
11.34 3.4331 3.3272 60 35 3
11.322 3.4967 3.2742 65 39 14
11.342 3.4634 3.3041 53 27 2
11.3 3.4985 3.2681 69 38 18
11.328 3.4746 3.247 70 41 19
11.354 3.4849 3.2284 184 172 172
11.294 3.4612 3.3166 63 33 7
11.337 3.4593 3.1958 55 38 44
11.344 3.4968 3.2796 59 33 19
11.32 3.4675 3.2971 68 39 5
11.349 3.4845 3.2556 128 123 119
11.315 3.4746 3.3231 63 34 3
11.298 3.4614 3.2907 69 39 21
11.334 3.4384 3.2202 67 36 24
11.293 3.4549 3.1834 66 39 22
11.244 3.514 3.3308 61 33 0
11.244 3.467 3.1989 62 34 7
11.28 3.4629 3.2601 67 36 8
11.239 3.4863 3.2256 65 35 9
11.254 3.4626 3.2795 64 33 5
11.227 3.4848 3.3 64 40 6
11.257 3.4851 3.2562 62 30 7
11.274 3.4024 3.3084 62 33 2
11.26 3.4963 3.2323 68 38 12
11.282 3.4912 3.2338 67 41 18
11.289 3.4474 3.21 67 38 17
11.236 3.4674 3.2494 69 32 13
11.248 3.5005 3.3059 66 34 9
11.23 3.5209 3.2774 61 33 6
11.266 3.4659 3.203 63 32 12
11.28 3.4556 3.2599 67 36 8
11.274 3.5034 3.2878 70 41 10
11.224 3.4529 3.3237 66 38 9
11.222 3.4656 3.1934 66 32 7
13.455 3.2394 3.0936 68 38 10
13.468 3.2404 3.0529 67 36 15
13.494 3.1747 2.9547 66 36 2
13.509 3.174 2.9132 66 37 5
11.372 3.4124 3.1447 162 152 143
11.378 3.3994 3.116 135 126 119
11.384 3.3697 3.0903 162 151 145
11.365 3.4487 3.1749 149 141 130
11.354 3.4658 3.0926 102 91 95
11.378 3.3944 3.1156 135 126 119
11.36 3.4402 3.0639 105 97 95
11.314 3.4407 3.0531 66 36 20
11.309 3.4638 3.083 61 35 20
11.341 3.468 3.1712 55 40 47
11.327 3.4647 3.1141 62 33 0
11.351 3.4419 3.1177 84 72 72
11.339 3.4749 3.0366 63 36 17
11.296 3.4619 3.1587 70 37 18
11.324 3.45 3.1373 66 37 3
11.32 3.4433 3.1624 64 34 16
11.321 3.4263 3.1605 64 34 16
11.295 3.4949 3.1623 70 37 18
11.318 3.4579 3.029 66 36 18
11.3 3.4705 3.1341 64 35 3
11.336 3.4609 3.0619 67 39 25
11.302 3.5143 3.1146 64 35 1
11.286 3.4637 3.08 62 34 5
11.289 3.4873 3.0549 63 34 12
11.345 3.4697 3.1455 51 35 36
11.332 3.4545 3.0867 61 37 11
11.245 3.4826 3.0432 63 33 7
11.226 3.48 3.1701 65 33 8
11.283 3.4384 3.0995 64 32 9
11.27 3.4498 3.1776 59 35 9
11.229 3.4901 3.1457 62 34 5
11.269 3.4535 3.0447 62 34 5
11.254 3.5051 3.1287 65 35 9
11.259 3.5019 3.102 61 32 1
11.234 3.4638 3.1183 66 33 0
11.239 3.4387 3.0888 63 33 9
11.242 3.4568 3.066 62 34 5
11.225 3.4327 3.0318 65 33 12
11.264 3.4713 3.0726 62 34 7
11.25 3.5303 3.1557 63 33 5
11.247 3.4887 3.1753 62 32 16
11.274 3.4705 3.1555 68 32 8
11.278 3.4586 3.127 65 37 0
11.216 3.4804 3.0901 63 35 0
11.22 3.4746 3.0633 64 35 11
13.511 3.1895 2.8741 70 40 12
13.527 3.187 2.8317 71 42 20
13.468 3.2168 2.7893 70 42 15
11.354 3.4488 2.9548 62 48 35
11.357 3.4679 2.9306 66 52 39
11.359 3.4973 2.9094 63 41 26
11.372 3.457 2.9858 98 88 78
11.384 3.3658 2.9435 104 95 90
11.364 3.486 2.8805 171 166 127
11.312 3.4569 2.9195 61 33 6
11.315 3.479 2.8962 64 35 4
11.338 3.4784 2.9017 69 40 8
11.344 3.4723 3.0091 58 39 25
11.285 3.4524 2.9406 62 35 2
11.325 3.4758 2.9796 65 36 15
11.32 3.4908 3.0074 66 36 18
11.33 3.4591 2.9501 66 38 24
11.348 3.4696 2.9828 48 39 44
11.298 3.4739 3.0008 64 34 8
11.333 3.4866 2.9296 61 34 13
11.289 3.4533 2.9139 63 34 10
11.302 3.4876 2.9764 67 35 20
11.306 3.494 2.951 60 35 5
11.294 3.4796 3.0268 60 34 11
11.294 3.4533 2.8873 63 31 6
11.27 3.5167 3.0281 64 36 7
11.27 3.471 2.8867 63 30 11
11.245 3.4481 2.9038 62 37 5
11.227 3.4926 3.0153 63 35 8
11.217 3.4877 2.9331 60 30 12
11.236 3.4753 2.9639 64 36 9
11.232 3.4727 2.9869 64 34 18
11.258 3.4653 2.9648 64 38 11
11.24 3.4548 2.9308 61 35 8
11.25 3.4612 3.015 64 34 8
11.265 3.4936 2.9178 65 35 11
11.277 3.4599 2.9938 63 33 5
11.281 3.4446 2.9646 60 32 1
11.261 3.4872 2.9425 64 32 20
11.253 3.4975 2.9943 63 33 7
11.221 3.517 2.9125 58 34 0
11.213 3.5042 2.9595 63 35 0
13.489 3.1763 2.6472 65 36 15
11.358 3.5016 2.773 64 42 29
11.367 3.7626 2.7844 57 37 12
11.355 3.4795 2.7946 56 36 12
11.353 3.4429 2.8133 57 34 0
11.368 3.4877 2.8516 87 83 35
11.377 3.4317 2.8162 73 62 42
11.389 3.3444 2.7668 70 57 25
11.413 3.4054 2.7591 61 46 25
11.363 3.4892 2.7396 60 35 15
11.323 3.3988 2.7135 59 33 10
11.331 3.4201 2.804 65 37 6
11.305 3.4862 2.8145 63 33 5
11.344 3.4508 2.8694 67 37 1
11.315 3.4528 2.753 60 28 7
11.341 3.4792 2.7357 61 33 4
11.288 3.4467 2.7749 66 38 11
11.334 3.4497 2.7817 60 33 16
11.301 3.4746 2.8382 60 31 7
11.324 3.4758 2.8414 65 37 0
11.298 3.4107 2.7108 60 33 0
11.309 3.4817 2.7862 64 34 18
11.34 3.4173 2.7474 63 35 6
11.321 3.4515 2.8663 61 37 0
11.285 3.4194 2.7956 63 32 11
11.298 3.4459 2.859 62 34 3
11.294 3.4133 2.7401 62 34 5
11.348 3.455 2.8431 63 35 6
11.341 3.4805 2.7362 61 33 4
11.23 3.4654 2.8509 62 31 0
11.225 3.5073 2.8868 65 33 12
11.275 3.4683 2.8595 62 33 0
11.247 3.4886 2.8855 64 34 0
11.234 3.4586 2.8245 59 33 10
11.238 3.4653 2.7978 63 34 10
11.244 3.5158 2.7557 63 33 0
11.216 3.4741 2.7955 62 35 14
11.257 3.4603 2.828 66 33 0
11.219 3.4972 2.7747 63 34 13
11.244 3.4165 2.7592 61 30 9
11.279 3.4677 2.8332 60 29 0
11.264 3.4692 2.7766 60 32 18
11.27 3.4347 2.7398 61 34 0
11.223 3.4818 2.7449 61 34 0
11.253 3.4567 2.8527 62 31 0
11.259 3.4986 2.8092 63 30 21
11.224 3.4607 2.7393 61 34 0
11.211 3.4865 2.8244 63 33 9
13.446 3.23 2.3484 60 35 3
11.364 3.4682 2.5948 57 32 25
11.357 3.4998 2.6314 58 32 18
11.377 3.4193 2.668 55 30 7
11.345 3.4762 2.7082 61 34 0
11.386 3.3716 2.6263 33 27 13
11.351 3.4582 2.6747 64 33 2
11.369 3.4681 2.7073 54 29 0
11.357 3.4371 2.6418 59 27 12
11.37 3.4497 2.5615 70 49 20
11.345 3.4566 2.5593 64 31 0
11.289 3.4703 2.6128 60 31 9
11.332 3.4605 2.6451 61 34 1
11.333 3.4411 2.6398 61 34 1
11.276 3.4944 2.7019 63 30 0
11.317 3.4592 2.5866 58 34 0
11.337 3.4529 2.6149 61 31 7
11.298 3.5045 2.7074 56 32 0
11.294 3.4737 2.5871 62 32 14
11.284 3.4911 2.6468 62 29 0
11.308 3.4709 2.6444 57 32 0
11.326 3.4174 2.6904 60 34 11
11.312 3.4819 2.6184 58 29 7
11.328 3.4559 2.6715 60 29 8
11.305 3.452 2.6691 62 31 0
11.34 3.4707 2.5913 58 32 9
11.279 3.5128 2.6789 60 34 9
11.263 3.4438 2.6304 60 26 14
11.217 3.4777 2.6344 60 30 14
11.25 3.4812 2.7201 61 34 0
11.231 3.4762 2.6897 60 31 0
11.221 3.4971 2.6126 61 31 15
11.249 3.4427 2.5725 60 33 0
11.254 3.4784 2.6925 61 32 10
11.237 3.4432 2.6547 61 32 0
11.259 3.4563 2.6598 62 31 3
11.244 3.4643 2.6061 56 29 12
11.214 3.4566 2.6539 63 32 12
11.274 3.45 2.7174 59 32 0
11.228 3.471 2.7154 61 32 0
11.266 3.4935 2.6172 60 36 0
11.226 3.4551 2.5728 58 30 0
11.272 3.4518 2.5781 59 32 13
11.244 3.4573 2.6046 56 29 12
11.239 3.4831 2.6387 60 30 12
11.205 3.4844 2.7159 58 31 0
11.209 3.4855 2.6891 60 33 0
11.366 3.5537 2.567 52 29 0
11.369 3.4364 2.4104 48 29 13
11.352 3.4297 2.5233 60 33 0
11.365 3.4299 2.4389 60 31 0
11.35 3.5122 2.5214 61 34 0
11.384 3.3051 2.3341 46 28 14
11.345 3.4411 2.4119 58 31 10
11.355 3.5065 2.4924 59 35 0
11.322 3.4617 2.559 56 32 0
11.297 3.445 2.4061 58 27 15
11.334 3.4674 2.4763 63 34 0
11.274 3.4943 2.5625 57 30 13
11.302 3.4703 2.5296 57 25 12
11.306 3.4795 2.5056 58 29 0
11.327 3.4528 2.5278 62 33 1
11.283 3.466 2.4979 59 29 15
11.331 3.4606 2.5026 60 30 12
11.289 3.4469 2.4629 59 31 0
11.311 3.4648 2.4732 59 29 13
11.3 3.4281 2.546 59 30 0
11.281 3.4367 2.5174 57 30 11
11.291 3.4711 2.4409 56 30 13
11.318 3.4302 2.4333 61 31 15
11.32 3.4537 2.4113 55 29 12
11.344 3.3948 2.4248 59 35 0
11.274 3.4451 2.4046 55 29 12
11.237 3.4725 2.4953 54 28 11
11.253 3.4371 2.5421 53 26 7
11.211 3.4769 2.5208 57 28 20
11.223 3.4436 2.428 51 22 16
11.261 3.4629 2.4953 58 30 0
11.265 3.4522 2.4636 62 34 5
11.219 3.4457 2.4572 58 33 13
11.256 3.4622 2.5222 58 30 1
11.27 3.4336 2.4288 50 27 11
11.234 3.4597 2.5176 53 25 14
11.246 3.4501 2.4318 54 31 13
11.243 3.4381 2.4556 58 27 15
11.23 3.4482 2.5423 61 27 0
11.214 3.5006 2.5022 57 30 13
11.207 3.4389 2.5374 57 32 0
11.2 3.431 2.4185 51 26 19
11.203 3.4621 2.5716 56 31 1
11.357 3.3985 2.3361 50 27 0
11.352 3.825 2.4726 37 25 0
11.348 3.4657 2.3894 58 32 17
11.34 3.4307 2.2888 25 12 3
11.393 3.2577 2.2859 51 27 23
11.356 3.4728 2.3364 25 9 0
11.345 3.4189 2.2517 16 6 0
11.362 3.4481 2.2954 6 1 0
11.349 3.4474 2.3823 58 32 17
11.304 3.4087 2.3663 55 24 16
11.282 3.4505 2.349 53 30 0
11.325 3.454 2.3827 56 30 16
11.312 3.4153 2.312 26 17 0
11.315 3.4415 2.2885 8 3 0
11.287 3.4391 2.3169 4 6 3
11.28 3.4126 2.3633 49 29 2
11.333 3.4698 2.332 15 12 0
11.292 3.4299 2.2826 6 10 0
11.331 3.4212 2.3423 54 29 0
11.307 3.4245 2.3414 49 30 13
11.208 3.4654 2.3776 50 26 0
11.253 3.4793 2.3861 53 24 3
11.213 3.4146 2.3286 18 19 3
11.227 3.4589 2.4026 54 28 1
11.24 3.4291 2.3086 23 14 0
11.232 3.4397 2.369 54 28 1
11.26 3.4284 2.3386 49 26 18
11.235 3.4536 2.3464 43 19 0
11.266 3.4582 2.2895 18 9 0
11.263 3.4467 2.3155 13 23 14
11.235 3.4618 2.35 43 19 0
11.25 3.4482 2.4017 52 24 13
13.579 3.2019 4.0839 81 48 13
13.739 3.1253 4.1259 85 50 21
13.649 3.094 4.1396 83 48 19
13.604 3.1976 4.1694 84 50 21
13.661 3.1422 4.1464 85 49 23
13.56 3.1272 4.1599 54 25 0
13.525 3.1266 4.1056 52 27 5
11.386 3.4743 3.7945 131 130 102
11.385 3.4251 3.8251 96 92 57
11.318 3.4974 3.7691 0 0 0
11.314 3.4853 3.7958 11 11 11
11.354 3.5387 3.8043 255 255 218
11.361 3.511 3.7813 255 255 208
11.333 3.458 3.8321 82 103 0
11.338 3.4592 3.8058 255 253 254
11.342 3.4554 3.7823 255 253 254
11.288 3.4835 3.8106 78 66 44
11.293 3.4649 3.7872 77 64 45
11.27 3.4965 3.7791 73 57 22
11.245 3.4781 3.7967 74 48 21
11.25 3.4469 3.7759 73 44 23
11.267 3.4785 3.8024 75 50 30
11.297 3.4776 3.7634 75 58 38
13.679 3.1275 3.9874 78 48 12
13.602 3.179 3.9299 81 46 24
13.655 3.1484 3.8576 79 48 20
13.656 3.1272 3.9015 83 51 26
13.687 3.1631 4.0326 83 49 20
13.714 3.1114 4.079 85 51 22
13.744 3.1551 4.047 86 51 21
13.646 3.1512 4.0209 79 46 13
13.624 3.1615 4.0553 83 50 15
13.498 3.1884 3.8995 55 27 16
13.541 3.0828 3.8646 47 27 3
13.597 3.1394 3.8812 80 45 25
13.527 3.1604 4.0257 74 40 15
13.575 3.1149 3.9972 74 40 13
13.583 3.1685 4.0019 80 47 16
13.629 3.0797 3.9282 78 47 16
13.485 3.141 3.895 52 28 2
13.487 3.1195 3.9369 52 27 7
13.537 3.2104 4.0317 82 47 25
13.616 3.1336 3.8477 78 50 19
13.448 3.0879 3.9659 53 26 7
13.529 3.0429 3.9863 53 23 5
13.434 3.0888 4.0021 50 29 0
13.488 3.0494 3.9351 57 32 2
13.486 3.0718 3.8874 51 29 8
11.388 3.5 3.7691 117 114 97
11.364 3.5103 3.6344 214 206 204
11.337 3.4622 3.6783 62 46 31
11.343 3.5131 3.7525 192 190 191
11.35 3.4687 3.7327 57 52 33
11.322 3.4899 3.7438 81 64 38
11.318 3.4745 3.6448 75 52 19
11.306 3.4691 3.7165 74 51 18
11.331 3.4894 3.6999 49 40 35
11.325 3.5106 3.7231 57 54 39
11.356 3.4969 3.6833 33 29 18
11.363 3.4636 3.6605 75 66 61
11.309 3.4787 3.694 75 46 25
11.313 3.4915 3.6679 71 47 21
11.354 3.4789 3.7067 45 44 26
11.344 3.4846 3.6287 225 199 210
11.321 3.4899 3.6217 75 38 43
11.367 3.483 3.7631 251 255 224
11.339 3.4871 3.6523 120 113 95
11.291 3.4986 3.6588 71 44 25
11.262 3.4707 3.7016 70 40 22
11.278 3.4994 3.7286 70 47 16
11.247 3.5065 3.6458 69 40 19
11.251 3.505 3.6228 68 41 22
11.274 3.505 3.7533 72 48 22
11.266 3.4853 3.6773 72 44 15
11.239 3.5123 3.6901 70 37 18
11.281 3.5258 3.7063 73 43 27
11.255 3.4435 3.7521 70 40 22
11.243 3.5081 3.6696 68 39 17
11.3 3.4929 3.7376 74 48 21
11.295 3.5032 3.6366 71 46 23
11.269 3.4982 3.6539 69 39 21
11.257 3.4964 3.7232 69 43 20
11.275 3.47 3.6308 65 40 18
11.285 3.538 3.6803 73 46 13
13.534 3.1353 3.621 73 41 0
13.63 3.1327 3.8122 79 44 22
13.452 3.2284 3.6515 63 30 0
13.525 3.1594 3.7446 74 44 6
13.582 3.1193 3.669 75 42 0
13.607 3.0791 3.8377 69 39 15
13.535 3.1278 3.783 51 22 0
13.546 3.1959 3.7519 76 43 12
13.617 3.1402 3.6786 76 43 12
13.595 3.1501 3.7212 78 45 12
13.593 3.1243 3.6299 76 44 23
13.48 3.105 3.6861 49 25 0
13.509 3.0844 3.6481 48 27 0
13.512 3.0984 3.6087 54 28 11
11.375 3.4854 3.5867 255 255 206
11.37 3.4926 3.609 251 238 202
11.362 3.52 3.507 255 253 254
11.302 3.5205 3.5887 68 43 13
11.321 3.4853 3.4935 72 50 29
11.317 3.4823 3.5168 70 46 34
11.337 3.5058 3.522 255 255 181
11.301 3.4627 3.6149 70 45 22
11.299 3.4887 3.4857 70 40 16
11.33 3.482 3.5737 36 0 4
11.327 3.465 3.5982 29 0 4
11.311 3.513 3.5412 72 50 13
11.335 3.4822 3.5476 50 20 22
11.362 3.4728 3.5318 85 88 33
11.307 3.4967 3.5658 70 45 13
11.349 3.4704 3.6044 208 186 162
11.343 3.4874 3.5004 179 169 160
11.357 3.4805 3.5561 0 3 0
11.353 3.4788 3.5803 211 192 158
11.283 3.4752 3.5814 68 41 8
11.238 3.5156 3.5677 68 40 1
11.276 3.5177 3.6055 73 41 18
11.276 3.5086 3.4802 68 39 17
11.292 3.4472 3.5361 67 42 20
11.293 3.5082 3.5102 67 39 25
11.264 3.4974 3.5513 67 37 3
11.272 3.4948 3.5045 65 41 15
11.268 3.5112 3.5271 66 40 23
11.289 3.4231 3.5616 71 42 10
11.26 3.4889 3.5757 66 37 13
11.251 3.4915 3.499 71 39 26
11.242 3.5029 3.5439 68 38 2
11.247 3.4821 3.5204 68 39 18
11.257 3.4759 3.6002 67 38 14
13.628 3.1802 3.5617 76 44 21
13.516 3.2326 3.4622 74 43 22
13.544 3.093 3.5279 52 23 0
13.532 3.1274 3.4918 52 24 13
13.568 3.1073 3.5849 74 39 19
13.524 3.2215 3.4616 74 43 22
13.607 3.1241 3.59 76 44 21
13.577 3.1336 3.5011 72 44 17
13.521 3.0929 3.4396 49 23 6
13.509 3.0532 3.5587 49 27 3
13.486 3.0727 3.4297 50 23 14
13.531 3.0917 3.5687 45 24 5
13.502 3.082 3.5195 52 27 5
11.362 3.5162 3.3767 31 23 20
11.367 3.5014 3.352 34 19 22
11.362 3.4578 3.4009 156 147 150
11.334 3.4803 3.4195 46 46 54
11.307 3.492 3.4376 69 43 20
11.291 3.5233 3.3836 61 37 3
11.297 3.4884 3.3576 66 35 5
11.323 3.4911 3.3399 62 33 2
11.327 3.5161 3.4441 78 48 34
11.338 3.4811 3.3953 58 30 1
11.353 3.4554 3.4513 192 187 193
11.311 3.4846 3.4134 69 39 25
11.348 3.4634 3.4763 76 68 57
11.302 3.4658 3.3323 61 37 1
11.324 3.5046 3.469 70 52 32
11.305 3.4424 3.4624 66 38 24
11.321 3.4653 3.3628 61 37 1
11.317 3.4528 3.3882 65 36 15
11.341 3.4984 3.3707 57 31 16
11.347 3.4742 3.3441 50 37 29
11.271 3.4899 3.3759 62 34 20
11.237 3.5038 3.4428 64 37 20
11.266 3.5103 3.4017 66 39 6
11.256 3.4759 3.4719 67 38 17
11.254 3.474 3.3441 64 36 0
11.242 3.4633 3.4176 66 36 8
11.281 3.4758 3.4578 67 37 23
11.233 3.4894 3.4667 63 36 17
11.286 3.4616 3.4322 64 37 20
11.289 3.4812 3.4071 68 41 4
11.289 3.4834 3.407 68 41 4
11.275 3.5024 3.3531 59 32 15
11.249 3.5049 3.3707 62 38 0
11.246 3.4745 3.3944 65 35 9
11.231 3.5045 3.3398 62 35 0
11.264 3.4586 3.4239 70 36 9
11.271 3.4914 3.3754 62 34 20
11.259 3.4778 3.4492 65 38 19
13.615 3.2132 3.2226 75 43 20
13.526 3.1425 3.3216 67 36 8
13.562 3.1797 3.2927 64 36 0
13.521 3.1382 3.1865 67 32 10
13.521 3.1196 3.2259 68 37 16
13.52 3.1015 3.2667 46 20 5
13.469 3.14 3.1793 46 21 0
11.366 3.4483 3.2427 166 161 157
11.364 3.523 3.22 8 0 0
11.381 3.4382 3.2984 53 36 18
11.359 3.4767 3.2695 81 74 68
11.378 3.4193 3.3244 48 32 15
11.321 3.439 3.2315 66 40 26
11.312 3.446 3.281 66 35 15
11.306 3.4831 3.3075 62 34 3
11.3 3.4761 3.2014 68 41 6
11.323 3.4647 3.2056 67 36 24
11.337 3.4769 3.2628 64 38 24
11.312 3.5085 3.2601 65 36 14
11.331 3.43 3.3104 59 37 16
11.341 3.4716 3.239 62 46 49
11.347 3.4542 3.2113 83 66 59
11.296 3.4915 3.2276 66 40 17
11.33 3.5079 3.2902 61 42 28
11.351 3.4767 3.3197 43 29 20
11.353 3.4253 3.1826 68 51 57
11.293 3.4685 3.2499 69 42 7
11.354 3.4875 3.2965 38 28 26
11.256 3.4742 3.1896 64 34 18
11.284 3.4811 3.3016 68 41 4
11.24 3.4818 3.29 63 39 5
11.244 3.4876 3.2648 63 33 7
11.232 3.4305 3.2064 66 32 7
11.26 3.4298 3.3185 61 33 6
11.265 3.5013 3.2731 65 34 16
11.262 3.4877 3.2965 70 41 10
11.251 3.5088 3.2172 65 35 11
11.27 3.4729 3.245 62 33 2
11.288 3.4773 3.2757 67 36 15
11.235 3.5159 3.3159 63 33 7
11.249 3.4544 3.2389 64 34 8
11.279 3.4975 3.3284 65 37 6
11.235 3.4725 3.1847 66 36 20
11.276 3.4315 3.2171 63 33 19
11.278 3.4844 3.1967 66 35 15
13.563 3.5188 2.9949 36 15 0
13.57 3.1849 2.9454 72 39 8
13.514 3.2028 3.0741 71 39 18
13.493 3.1447 3.098 49 24 2
13.485 3.1627 2.9284 64 34 6
13.444 3.1123 2.9968 42 20 7
11.364 3.5092 3.0876 193 180 164
11.365 3.4433 3.1054 169 158 152
11.36 3.4516 3.1329 131 122 115
11.314 3.4586 3.123 65 36 2
11.309 3.474 3.1496 63 33 15
11.356 3.445 3.1584 75 59 60
11.339 3.4799 3.1051 52 41 45
11.327 3.4822 3.1825 68 44 16
11.326 3.4665 3.0461 65 38 19
11.317 3.4707 3.0983 63 34 3
11.294 3.4921 3.0979 66 37 6
11.336 3.462 3.1303 67 38 4
11.3 3.4572 3.067 66 37 15
11.304 3.4691 3.0412 67 37 9
11.324 3.4276 3.0665 63 37 22
11.346 3.4425 3.0746 52 44 42
11.308 3.4183 3.1693 64 38 15
11.291 3.4682 3.1181 64 35 3
11.33 3.4885 3.157 64 38 15
11.233 3.4683 3.0511 64 36 9
11.273 3.4765 3.0879 59 31 2
11.247 3.4659 3.1073 61 36 4
11.282 3.4834 3.1718 61 37 11
11.281 3.4745 3.0375 64 34 18
11.23 3.4423 3.0743 61 32 8
11.27 3.4473 3.1109 63 33 7
11.255 3.4544 3.0557 61 33 6
11.287 3.4718 3.145 67 38 6
11.261 3.4496 3.1621 66 34 11
11.242 3.4979 3.1368 64 34 6
11.225 3.4603 3.1023 64 32 7
11.264 3.4774 3.1395 64 34 6
11.237 3.5307 3.1655 64 32 7
11.251 3.462 3.082 62 32 8
11.277 3.4745 3.0634 63 35 4
14.099 3.5838 2.8766 47 21 4
13.544 3.1886 2.8571 70 42 11
11.342 3.7882 3.0004 75 67 54
11.359 3.4519 2.9958 76 56 45
11.353 3.4563 2.887 59 37 22
11.361 3.483 2.9744 149 140 121
11.312 3.465 2.9896 64 35 14
11.34 3.4472 2.9643 66 38 24
11.316 3.4677 2.9637 60 35 12
11.319 3.494 2.9411 63 39 5
11.35 3.4403 2.9099 53 34 28
11.345 3.4378 2.9377 64 37 2
11.329 3.4628 2.8832 60 33 0
11.323 3.4949 2.9148 65 36 5
11.285 3.4738 3.0111 62 34 21
11.303 3.455 2.9027 61 33 6
11.335 3.4563 2.9918 61 34 15
11.29 3.4599 2.9835 64 34 6
11.299 3.444 2.928 62 34 7
11.336 3.4487 2.9905 61 34 15
11.331 3.4507 3.0174 66 37 16
11.323 3.4896 2.914 65 36 5
11.306 3.496 3.0186 67 35 20
11.307 3.4538 2.8766 63 32 1
11.294 3.4671 2.9567 66 37 16
11.275 3.4853 2.9311 64 32 20
11.272 3.4589 2.953 65 31 6
11.259 3.4734 3.0318 63 33 7
11.258 3.4504 2.8936 63 33 0
11.245 3.4716 2.978 63 37 0
11.249 3.4553 2.9477 63 33 7
11.231 3.4675 2.9183 63 32 1
11.241 3.475 3.0013 65 35 9
11.263 3.4735 3.0063 62 32 16
11.237 3.4683 3.0273 66 34 13
11.267 3.4738 2.9809 62 34 7
11.232 3.5506 2.909 62 32 0
11.279 3.4858 2.9048 62 33 9
11.227 3.478 2.946 61 35 8
11.254 3.4469 2.9187 62 32 16
11.224 3.434 2.9643 64 37 20
13.548 3.2823 2.4897 65 37 0
11.359 3.4314 2.8535 55 39 13
11.374 3.4125 2.7668 62 40 29
11.363 3.6654 2.7712 60 41 11
11.349 3.4932 2.7524 64 32 7
11.363 3.4361 2.829 64 45 11
11.371 3.3849 2.7894 66 46 22
11.356 3.4531 2.7156 56 31 11
11.329 3.4475 2.7391 61 32 10
11.317 3.4342 2.8189 63 34 10
11.288 3.4721 2.8486 63 33 0
11.32 3.4492 2.7947 61 33 2
11.284 3.4639 2.8746 59 34 4
11.324 3.4562 2.7689 62 34 5
11.345 3.42 2.7922 68 34 9
11.35 3.4187 2.7636 63 34 10
11.311 3.4664 2.8511 62 33 0
11.303 3.4229 2.7585 62 34 7
11.306 3.4446 2.7342 60 34 11
11.283 3.4514 2.7327 62 35 0
11.334 3.4552 2.8541 65 37 6
11.338 3.4671 2.8297 65 38 3
11.296 3.4784 2.7979 62 33 9
11.293 3.455 2.8191 63 32 1
11.243 3.4687 2.8398 59 28 0
11.233 3.4449 2.7508 63 32 11
11.274 3.4605 2.7892 61 30 20
11.28 3.4265 2.7546 63 31 8
11.27 3.4541 2.8156 61 33 4
11.239 3.4578 2.864 61 30 0
11.247 3.4795 2.8163 64 35 1
11.279 3.4354 2.7564 63 31 8
11.221 3.4571 2.8327 65 34 3
11.266 3.4646 2.8442 61 32 0
11.25 3.4873 2.7914 64 39 7
11.262 3.4527 2.8665 61 31 0
11.225 3.4565 2.8074 62 36 11
11.229 3.4475 2.7782 62 35 14
11.259 3.4727 2.7347 62 30 9
11.257 3.4241 2.7492 61 32 11
11.367 3.4261 2.6539 59 32 13
11.366 3.3867 2.6711 57 32 9
11.347 3.4348 2.6244 60 31 10
11.373 3.4057 2.6212 50 31 0
11.356 3.4471 2.5734 59 32 11
11.352 3.4337 2.5987 63 30 11
11.315 3.4457 2.6803 62 33 0
11.286 3.4703 2.7106 60 33 0
11.308 3.453 2.5677 56 30 5
11.289 3.4943 2.69 63 34 0
11.303 3.4621 2.5983 58 29 7
11.319 3.4493 2.6547 57 31 8
11.334 3.4299 2.7078 58 32 9
11.332 3.4449 2.5693 64 35 13
11.275 3.4924 2.6322 62 35 2
11.286 3.4446 2.5638 56 29 10
11.28 3.4697 2.5981 59 27 12
11.326 3.4796 2.6062 62 33 12
11.32 3.4944 2.6393 60 31 7
11.293 3.4926 2.6623 66 39 4
11.299 3.4551 2.6235 57 30 11
11.312 3.4218 2.7014 61 32 0
11.336 3.4715 2.6912 61 32 0
11.344 3.4221 2.6489 63 33 7
11.219 3.4547 2.6958 60 31 0
11.212 3.4678 2.5873 57 33 0
11.264 3.4674 2.7068 61 30 0
11.267 3.4722 2.6791 60 31 9
11.23 3.4951 2.6284 60 30 14
11.218 3.4863 2.7045 60 31 0
11.223 3.4441 2.6662 59 30 0
11.254 3.4591 2.619 58 24 12
11.215 3.4658 2.7256 60 29 11
11.236 3.4793 2.7313 58 28 0
11.258 3.4552 2.5906 58 31 12
11.25 3.433 2.6392 56 34 0
11.235 3.4666 2.591 57 27 11
11.271 3.4763 2.6538 66 36 10
11.226 3.502 2.6555 63 33 9
11.244 3.488 2.6808 60 31 0
11.241 3.4652 2.7022 60 33 0
11.351 3.4279 2.4508 61 32 1
11.37 3.37 2.4914 63 36 0
11.359 3.4611 2.5485 66 33 2
11.356 3.424 2.4214 64 35 4
11.363 3.3921 2.3802 55 30 10
11.344 3.4627 2.4902 60 31 9
11.328 3.423 2.4459 59 29 13
11.285 3.4195 2.4098 57 29 18
11.294 3.4448 2.5073 60 31 0
11.297 3.4623 2.483 58 29 0
11.321 3.4583 2.486 60 36 10
11.302 3.4631 2.457 58 31 14
11.339 3.4148 2.5312 60 31 0
11.339 3.4682 2.5197 62 33 0
11.331 3.4402 2.4224 59 32 11
11.313 3.4567 2.5426 58 26 11
11.319 3.4204 2.5011 56 29 0
11.288 3.4773 2.5439 58 31 14
11.306 3.4574 2.4252 57 28 7
11.279 3.4488 2.4485 53 31 10
11.336 3.4355 2.391 55 28 9
11.276 3.4329 2.4723 57 29 0
11.26 3.4947 2.5752 55 31 0
11.24 3.4411 2.5554 55 28 9
11.237 3.4455 2.4141 51 27 0
11.251 3.4764 2.4845 59 28 16
11.21 3.4269 2.4347 54 29 9
11.225 3.4458 2.4985 57 31 14
11.221 3.4487 2.5276 55 26 18
11.234 3.4204 2.4348 54 28 14
11.267 3.431 2.5278 56 28 0
11.257 3.4278 2.4407 58 27 15
11.26 3.4608 2.4229 55 29 12
11.27 3.4595 2.5088 57 29 0
11.244 3.4417 2.5275 59 29 1
11.216 3.4631 2.5599 54 29 0
11.247 3.4522 2.5034 58 28 2
11.228 3.4621 2.4763 55 30 0
11.363 3.5744 2.3597 20 9 3
11.349 3.4383 2.3071 13 10 0
11.353 3.4305 2.2692 11 6 0
11.356 3.609 2.4004 36 20 5
11.345 3.4289 2.3315 26 8 0
11.367 3.4016 2.352 53 27 12
11.271 3.4754 2.3412 13 0 0
11.302 3.4249 2.2986 23 12 0
11.34 3.432 2.3612 53 27 0
11.294 3.4134 2.3517 50 26 0
11.311 3.4476 2.3945 56 25 13
11.299 3.391 2.3137 28 12 0
11.327 3.4724 2.2866 21 17 8
11.328 3.3943 2.2875 25 16 9
11.316 3.4311 2.3589 52 27 0
11.278 3.4173 2.2918 24 7 0
11.289 3.4223 2.3835 55 24 14
11.32 3.4433 2.3354 44 20 10
11.265 3.4328 2.385 52 23 15
11.268 3.4508 2.3617 54 27 18
11.214 3.4599 2.4176 58 27 9
11.226 3.4316 2.3224 15 16 0
11.218 3.4213 2.3759 52 26 1
11.24 3.4859 2.3998 52 23 2
11.221 3.4833 2.37 53 30 0
11.249 3.4601 2.3345 20 14 0
11.245 3.4517 2.3614 51 25 2
