1212
-0.44763 0.33165 -0.63617 0.53379 19.746 1.4335 3.3813
19.283 3.4862 3.3856 91 63 26
19.198 3.8903 3.4181 51 27 0
19.88 3.2297 3.107 20 14 0
19.878 3.2473 3.0831 31 14 7
20.32 4.3587 2.7724 21 16 0
18.269 4.9388 2.1561 78 47 19
18.338 4.939 2.0896 79 49 25
18.707 4.8054 2.0752 88 56 31
18.717 4.7742 2.0876 88 56 31
18.74 5.0014 2.0194 81 51 23
18.763 4.8259 2.1386 81 50 29
18.797 4.9409 2.0306 78 49 25
18.826 4.9818 2.0087 78 48 24
18.982 4.8749 2.0721 73 44 23
19.06 5.1242 1.9955 66 36 22
18.969 5.1678 1.9912 69 40 18
19.074 4.9973 2.0065 66 40 15
19.005 5.1384 1.9531 68 39 18
19.031 5.0102 2.0036 67 38 17
19.152 5.121 2.0185 65 39 12
19.19 5.0667 1.9911 64 38 13
19.193 5.1172 2.0138 65 40 10
19.173 4.9283 2.0488 67 40 19
19.228 5.0804 1.9827 71 43 14
19.281 4.9201 2.1521 62 35 18
19.258 5.1693 2.1124 60 36 10
19.359 5.14 2.0131 68 39 17
19.37 5.1335 2.0588 63 37 12
19.386 5.2609 1.96 67 38 14
19.455 5.0493 2.0739 65 36 14
19.402 4.9908 2.0194 67 38 16
19.444 5.0629 2.0294 70 41 19
19.357 5.0572 2.0001 69 40 18
19.497 5.133 2.0771 64 35 13
19.497 4.9742 2.0889 67 38 16
19.493 5.0333 2.0648 67 38 16
19.562 4.9572 2.0434 66 40 15
19.603 5.0749 2.0297 65 36 12
19.641 5.0404 2.0318 64 38 13
19.677 5.0542 2.0187 64 37 16
19.722 5.2913 1.9699 62 36 9
19.751 5.0408 2.0138 64 38 13
19.713 5.1036 1.9953 64 38 11
19.76 5.2038 1.9884 64 37 20
19.864 4.9562 2.0588 62 34 20
19.866 4.9959 2.0444 62 34 20
19.986 5.1044 2.0169 61 35 12
19.902 5.0159 2.0243 64 36 22
20.025 5.0447 2.0703 67 39 25
20.012 4.9693 2.0559 62 33 2
20.184 5.3282 2.07 60 36 2
20.212 5.0989 2.0537 64 35 14
20.224 5.4209 1.9883 60 31 10
20.156 4.9774 2.0609 67 40 7
20.179 5.1053 2.0514 65 37 10
20.334 5.3504 2.0256 60 35 5
20.28 5.0858 2.0351 63 37 20
20.246 5.0299 2.1023 62 35 16
20.33 5.0494 2.1574 61 33 6
20.403 5.2105 1.9751 60 34 7
20.311 4.7787 2.2138 59 36 5
20.364 5.1429 2.041 61 34 13
20.335 4.7775 2.1698 57 32 12
20.332 4.9881 2.0584 62 35 18
20.388 5.4613 1.9799 59 34 4
20.364 5.0509 2.1562 61 36 4
20.466 5.4861 1.9552 55 33 10
20.409 5.0515 2.0264 60 32 18
20.433 5.1444 2.0306 59 28 7
20.506 5.1658 2.0003 60 36 2
20.41 5.0574 2.0242 60 32 18
20.56 5.0719 2.061 60 33 12
20.544 5.1507 2.0395 58 32 7
20.487 4.9122 2.0903 57 34 16
20.674 5.1036 2.0671 60 34 11
20.742 5.2404 2.0084 60 31 10
20.664 5.089 2.0328 55 30 0
20.681 5.1058 2.0976 59 33 10
20.56 4.7914 2.1448 55 28 11
20.647 5.1034 2.1114 60 35 13
20.77 4.9756 2.0744 54 31 15
20.767 5.2039 2.0148 56 31 9
20.361 3.4838 2.6221 57 32 12
20.862 5.1837 1.9977 61 33 2
18.073 4.5714 1.9493 92 63 41
18.204 4.5371 2.0589 94 64 38
18.1 4.6927 1.9102 255 203 134
18.135 4.5485 1.9856 198 149 93
18.104 4.6087 1.9601 198 149 93
18.085 4.7221 1.8975 255 203 134
18.138 4.7815 1.8587 93 63 39
18.225 4.7102 1.9222 82 52 28
18.195 4.6881 1.9353 85 56 32
18.197 4.7997 1.9255 83 53 29
18.156 4.7432 1.8765 93 63 39
18.333 4.5353 1.9569 79 51 22
18.162 4.785 1.9386 82 54 27
18.273 4.5801 1.9418 84 55 34
18.232 4.6939 1.9289 82 52 28
18.103 4.7961 1.9025 96 65 37
18.328 4.5715 1.977 79 50 19
18.348 4.7603 1.9578 78 49 27
18.403 4.6602 2.0421 80 49 28
18.374 4.5276 1.9518 77 48 24
18.374 4.67 1.9596 79 49 23
18.279 4.8595 1.9685 78 48 22
18.281 4.8841 1.9986 81 49 28
18.262 4.8035 1.9999 78 49 28
18.401 4.4934 2.0056 80 50 22
18.379 4.6297 1.9362 78 50 23
18.468 4.7911 1.9609 77 48 24
18.276 4.993 1.9434 82 51 23
18.389 4.9607 1.8439 78 48 20
18.407 4.659 1.9213 79 50 26
18.506 4.6273 1.9497 79 49 23
18.529 4.5414 1.9563 76 47 25
18.408 4.7457 1.8656 78 46 31
18.327 4.8768 1.8592 76 46 18
18.321 5.0218 1.9693 81 52 28
18.405 4.7207 1.9708 80 50 22
18.478 4.6324 1.9957 77 47 19
18.421 4.7468 1.9085 78 46 23
18.492 4.5977 2.0115 77 47 19
18.54 4.878 1.9874 85 55 31
18.546 4.7201 2.0245 81 50 29
18.733 4.3046 2.1922 84 54 30
18.565 4.7059 1.9404 76 46 20
18.585 4.552 2.02 81 47 22
18.574 4.6493 1.9275 77 48 17
18.547 4.6206 1.9485 79 47 24
18.592 4.6646 1.9996 81 52 21
18.68 4.816 1.9913 85 56 32
18.692 4.5261 1.968 78 49 28
18.723 4.5762 1.9754 81 50 22
18.742 4.4875 1.9808 76 48 21
18.746 4.6594 1.9767 80 51 27
18.747 4.6172 1.9526 77 50 31
18.848 4.649 1.9156 78 50 21
18.723 4.8045 1.9901 76 51 28
18.783 4.6198 1.9407 77 48 26
18.844 4.54 1.9754 75 51 17
18.952 4.5731 1.9724 77 51 26
18.798 4.9138 1.8782 77 48 24
18.963 4.6124 2.0289 74 48 21
18.908 4.8798 1.958 70 41 17
18.995 4.5435 1.9806 78 50 23
18.88 4.7934 1.9616 77 46 25
18.925 4.5416 1.9933 78 49 15
18.807 4.9196 1.912 76 50 25
18.942 4.9996 1.977 70 43 22
19.006 4.6479 1.927 71 45 28
19.073 4.5522 1.9984 72 44 17
18.937 4.9711 1.9493 69 42 21
18.903 4.9465 1.97 73 44 23
18.981 4.6422 1.9699 74 47 12
19.028 4.5952 1.9859 73 45 14
19.041 4.7997 1.9683 65 37 8
18.961 5.0965 1.9344 68 41 22
19.04 4.7535 1.9473 71 41 23
18.982 4.9463 1.9511 68 41 22
19.09 4.4325 2.017 74 45 21
19.102 5.0479 1.9661 66 40 13
19.173 4.6903 1.9954 68 40 13
19.091 4.7938 2.0065 69 39 23
19.102 4.9937 1.9563 65 39 16
19.093 4.8356 2.0251 67 40 21
19.04 4.8595 1.9835 66 39 18
19.09 4.7423 1.981 67 40 21
19.086 4.658 1.9447 67 39 8
19.152 4.6906 1.9135 70 40 14
19.124 4.6472 1.9383 69 42 21
19.149 4.7614 1.9214 73 44 13
19.119 4.8401 1.9774 66 39 20
19.097 4.6536 1.9813 65 40 17
19.13 4.6727 1.9695 69 40 9
19.112 4.8215 1.9454 64 37 18
19.256 4.6086 2.009 68 40 13
19.278 4.6305 1.9603 70 38 13
19.205 4.7067 1.9779 67 39 10
19.223 5.0366 1.956 68 39 17
19.17 4.7626 1.9944 64 38 13
19.221 4.5537 2.0061 71 44 1
19.276 4.4541 2.1944 67 41 16
19.24 4.8447 1.9856 68 38 20
19.2 4.8627 1.9876 66 36 20
19.215 4.7086 2.0116 65 34 13
19.256 4.5494 2.0031 69 42 21
19.271 4.7446 1.9451 68 38 10
19.227 4.4676 2.0101 69 39 13
19.192 4.7544 2.0779 70 41 17
19.163 4.8627 1.9909 67 36 24
19.24 4.7813 1.9788 67 39 2
19.365 4.7171 2.0175 69 39 21
19.333 4.6257 2.0302 71 41 15
19.326 4.5988 1.9988 66 37 13
19.326 4.7487 2.0068 68 38 10
19.393 4.6127 1.9841 69 42 21
19.368 4.4693 2.0171 71 42 2
19.404 4.4381 2.0272 70 40 2
19.302 5.0181 1.9461 70 41 17
19.357 4.6286 1.9833 70 40 14
19.279 4.8347 1.9874 71 39 16
19.328 4.521 2.0007 68 38 22
19.361 4.6763 2.0027 69 39 23
19.359 4.8541 2.0003 69 42 21
19.408 4.5656 2.0415 66 39 20
19.365 4.4869 2.0096 71 42 2
19.275 4.7883 1.9638 70 38 23
19.462 4.6008 1.9797 68 38 10
19.481 4.591 2.0502 68 40 3
19.406 4.5776 2.0366 66 39 20
19.387 5.0368 1.9646 71 41 15
19.43 4.7756 1.9813 70 40 16
19.502 4.5171 2.0057 67 38 16
19.435 4.6249 2.0078 70 41 1
19.403 4.6911 2.0236 66 38 9
19.444 4.7262 2.0419 70 38 15
19.395 4.8596 1.9958 68 40 13
19.435 4.533 2.015 69 42 21
19.416 5.1314 1.9143 72 39 22
19.436 4.5246 2.0184 69 42 21
19.465 4.6708 1.9814 67 41 1
19.49 4.7006 2.0789 67 38 16
19.475 4.7611 2.0147 66 38 1
19.519 4.7722 2.0429 67 41 18
19.578 4.7964 1.982 65 36 4
19.544 5.0934 1.9441 67 36 16
19.549 4.6925 2.0339 65 39 14
19.502 4.6322 1.9941 67 39 0
19.542 4.5321 2.0237 69 40 19
19.545 4.9163 1.983 64 35 14
19.579 4.4511 2.0595 62 35 16
19.503 4.7303 1.9831 65 35 21
19.574 4.6969 1.9867 69 37 0
19.587 4.8041 2.0163 67 35 20
19.538 4.471 2.021 68 39 7
19.672 4.4712 2.0305 67 35 10
19.631 4.7984 2.0514 63 35 21
19.604 4.5866 1.9924 67 35 20
19.683 4.7351 1.9851 63 35 6
19.656 4.5299 2.0817 64 36 5
19.673 4.4496 2.0412 67 35 10
19.625 4.5083 2.095 66 38 7
19.693 4.6643 2.0509 66 36 8
19.677 4.6131 2.0062 67 39 10
19.634 4.6489 1.9526 68 38 0
19.644 4.6238 2.0021 65 38 21
19.59 4.9277 2.0073 68 37 16
19.614 4.5648 2.0346 65 35 7
19.659 4.6959 2.0443 63 35 6
19.634 4.9668 2.0211 69 41 12
19.788 5.1639 1.9598 66 37 13
19.792 4.7498 1.9977 61 35 10
19.733 4.7863 2.0344 65 37 10
19.777 4.9422 2.0062 63 34 12
19.767 4.8674 1.9945 64 36 9
19.781 4.5092 2.0645 66 36 2
19.773 4.5352 2.015 64 35 1
19.725 4.6881 2.034 67 37 13
19.758 4.7956 1.9853 64 38 21
19.75 4.376 2.1289 63 36 0
19.705 5.0138 1.9874 63 37 10
19.716 4.7495 1.9749 64 36 0
19.708 4.7021 1.9561 62 36 22
19.698 4.8507 2.0115 62 36 9
19.715 4.8259 1.9405 64 36 0
19.742 4.8295 2.0523 62 35 16
19.742 4.5055 2.0385 65 38 17
19.849 4.7269 1.9559 61 33 20
19.888 4.8811 2.044 67 38 14
19.799 4.6798 2.0647 64 37 4
19.857 4.7044 2.0032 62 33 1
19.804 4.5081 2.0228 66 37 5
19.864 4.668 2.0487 64 35 11
19.822 5.0067 2.0079 61 34 13
19.879 4.8862 2.002 60 34 11
19.89 4.9464 2.0181 67 38 14
19.886 4.6363 2.0217 63 36 3
19.81 4.8454 2.0317 63 35 4
19.814 4.6126 2.0123 67 38 16
19.853 4.8678 2.0547 61 37 11
19.842 4.7744 2.0509 56 31 9
19.838 4.6078 1.9715 61 35 12
19.877 4.6088 2.003 65 36 2
19.821 4.5723 2.0671 61 34 0
19.985 5.2357 1.9226 65 36 15
19.986 4.8454 2.0341 63 36 1
19.97 4.7233 2.0426 63 36 0
19.982 4.6609 1.9944 61 34 15
19.933 4.5023 2.1798 62 33 11
19.894 4.6436 2.0585 65 36 14
19.94 4.7632 2.0382 61 34 13
19.926 4.6507 2.0465 59 32 0
19.972 4.6246 1.9734 63 35 4
19.983 4.6657 1.992 61 34 15
19.944 4.5443 2.0471 63 34 10
19.907 4.5764 2.0049 64 36 5
19.914 4.5572 2.0508 65 34 22
19.962 4.7077 2.0154 63 34 13
19.929 4.4178 2.0737 65 38 3
19.994 4.4147 2.0957 64 37 4
20.056 4.8796 2.0068 62 32 16
20.033 4.7134 2.0364 60 35 5
20.032 4.5133 2.0434 63 35 4
20.09 4.892 1.9947 62 34 3
20.063 4.5214 2.0325 63 36 15
20.049 4.6246 2.0309 65 38 5
19.999 4.4701 2.0715 64 37 4
20.052 5.1469 1.9496 65 36 2
20.023 4.6785 2.0176 63 34 2
20.001 4.9371 2.034 63 32 12
20.095 4.9424 1.9762 62 34 3
20.018 4.8248 2.0351 65 34 16
20.086 4.9359 1.9407 62 34 20
20.162 4.6781 2.0585 65 34 4
20.15 4.997 2.0201 60 34 11
20.146 4.6035 2.0531 61 34 13
20.14 4.7514 2.0332 66 37 16
20.094 4.6858 2.0321 65 37 0
20.162 4.6757 2.0597 65 34 4
20.135 4.5737 2.032 65 38 5
20.139 4.9679 1.9963 61 35 18
20.312 5.1282 1.9755 61 37 3
20.201 4.7369 2.0295 64 35 4
20.193 4.36 2.1077 61 34 17
20.227 4.5402 2.0627 63 35 6
20.171 4.6136 2.013 62 38 4
20.17 4.5525 2.0662 60 33 24
20.21 4.6277 2.0329 62 37 7
20.194 4.5656 2.0238 64 34 20
20.32 4.8028 2.0485 62 35 18
20.308 4.5254 2.1845 63 35 8
20.262 4.5763 2.0393 64 36 7
20.361 4.8641 2.0237 62 32 6
20.318 4.6565 2.0677 61 34 0
20.335 4.6538 1.9986 62 34 7
20.324 4.983 2.0236 65 35 7
20.241 4.4898 2.045 63 35 4
20.394 5.0101 2.0018 62 34 7
20.332 4.6031 2.0494 62 33 9
20.44 4.9069 2.0259 64 34 10
20.393 4.6119 2.0314 59 36 5
20.418 4.7059 2.0312 61 35 20
20.352 4.6761 2.0521 63 36 1
20.333 4.4843 2.0606 58 35 17
20.385 4.8193 2.0373 59 36 3
20.409 4.7781 2.039 60 32 18
20.433 4.6638 2.008 59 33 8
20.358 4.5815 2.0508 56 32 4
20.482 5.1873 1.8317 60 34 19
20.449 4.9134 2.0576 59 33 6
20.44 4.7763 2.0296 62 34 0
20.464 4.5109 2.0903 62 31 0
20.501 4.6475 2.0684 58 32 18
20.458 4.6392 2.0077 57 33 5
20.477 4.596 2.0228 60 33 22
20.488 4.4905 2.0875 56 32 0
20.526 4.7296 2.0675 55 30 7
20.567 4.8782 2.0473 59 32 0
20.6 4.9088 1.9892 61 32 0
20.56 4.7686 2.0078 58 29 21
20.624 4.8523 2.0457 61 34 0
20.6 4.9876 2.0341 58 31 12
20.575 4.6146 2.0294 58 33 10
20.651 4.8373 2.0427 51 29 16
20.892 5.4499 1.8241 59 32 13
20.731 4.7932 2.0352 58 31 10
20.649 4.6526 2.0356 58 31 12
20.709 4.8224 2.0261 59 31 0
20.681 4.6431 2.0663 56 33 0
20.683 4.7142 2.1094 56 29 12
20.679 4.7366 2.03 56 32 0
20.656 4.7665 2.0282 58 31 14
20.656 4.7391 2.0659 60 33 0
20.66 4.8009 1.975 56 32 0
20.768 5.1293 1.9553 56 34 13
20.583 4.5338 2.0529 59 37 0
20.739 4.8882 2.0743 52 30 9
20.728 4.6824 2.0679 59 34 2
18.257 4.4334 1.9852 127 94 49
18.379 4.4085 1.9748 81 51 23
18.368 4.4582 1.8667 78 46 31
18.239 4.6263 1.8818 83 52 32
18.439 4.2818 1.9249 76 48 35
18.387 4.3665 1.9596 82 52 26
18.399 4.5552 1.9303 77 47 23
18.486 4.2572 1.9333 75 44 24
18.495 4.2576 1.9609 78 48 30
18.546 4.2996 1.9292 73 43 17
18.461 4.3589 1.9471 78 48 24
18.53 4.3375 1.9101 73 43 17
18.453 4.4035 1.9629 76 46 28
18.548 4.1888 1.9531 72 47 25
18.492 4.2652 1.9583 78 48 30
18.471 4.4744 1.9632 78 49 18
18.39 4.4653 1.9452 79 49 21
18.585 4.184 1.9553 74 43 23
18.634 4.1713 1.9906 78 47 29
18.542 4.4797 1.9467 76 46 22
18.466 4.6396 1.8283 72 43 21
18.696 4.1493 2.0645 74 44 26
18.576 4.4856 1.9322 75 45 21
18.643 4.2313 1.9527 75 46 25
18.602 4.4455 1.9903 73 44 23
18.595 4.2908 1.9634 70 46 20
18.636 4.2748 1.9651 74 44 26
18.636 4.2748 1.9639 74 44 26
18.687 4.203 1.9606 74 44 28
18.616 4.4444 1.9088 75 45 21
18.636 4.5177 1.9013 75 47 20
18.553 4.6751 1.8749 75 47 18
18.667 4.4032 1.9217 76 47 26
18.665 4.4686 1.9625 76 45 24
18.629 4.6108 1.8139 79 48 28
18.759 4.2161 1.973 72 46 19
18.692 4.3064 1.9342 75 46 25
18.751 4.2964 2.0055 77 46 26
18.621 4.4604 1.9385 74 44 30
18.659 4.3036 1.9456 74 43 22
18.859 4.2112 1.9587 72 45 28
18.745 4.4144 1.9437 75 48 13
18.765 4.5253 1.9567 77 47 21
18.788 4.4208 1.9648 75 48 27
18.783 4.4025 1.9398 73 47 24
18.873 4.1968 2.0002 74 45 21
18.592 4.7827 1.8062 79 50 19
18.781 4.3369 2.0135 76 47 23
18.845 4.3167 1.9732 75 47 16
18.895 4.3 2.0156 76 47 25
18.834 4.4204 1.9982 78 48 22
18.801 4.491 1.9257 75 49 22
18.902 4.2404 2.0077 79 50 28
18.882 4.2742 1.9551 78 48 22
18.896 4.2286 1.9781 78 48 22
18.963 4.2899 2.0037 77 47 23
18.918 4.334 1.9937 78 49 27
18.975 4.2107 2.0094 79 49 21
18.942 4.2164 2.0128 76 47 23
18.893 4.2062 1.9564 74 45 13
18.897 4.4403 1.9756 77 47 23
18.925 4.2393 1.9689 77 47 29
18.987 4.3963 2.0144 76 48 17
19.01 4.2366 2.0238 84 54 26
19.017 4.4139 2.0026 80 52 21
19.003 4.4281 1.9601 76 53 20
18.948 4.3817 1.997 80 51 29
19.093 4.123 2.0367 86 60 35
18.995 4.3662 2.0287 76 48 17
18.998 4.2474 1.9849 88 59 28
19.036 4.2232 1.9909 146 111 66
18.972 4.417 1.9702 80 52 25
18.991 4.4373 1.9197 85 55 31
18.962 4.4559 1.9515 80 52 25
18.916 4.5348 1.9614 79 48 28
19.012 4.3533 1.961 85 55 31
19.119 4.3619 1.9717 72 46 19
19.136 4.2023 1.9861 86 55 24
19.035 4.4805 1.9649 77 48 27
19.041 4.3699 1.9456 82 53 31
19.058 4.3443 1.9954 79 51 22
19.102 4.4871 1.9497 72 44 17
19.085 4.3688 1.9772 78 47 26
19.072 4.4252 1.9491 78 47 26
19.053 4.4613 1.8931 84 53 32
19.066 4.4943 1.951 70 43 24
19.121 4.3089 1.9623 81 52 18
19.125 4.1145 2.0341 93 62 34
19.117 4.1493 2.0165 93 62 34
19.165 4.255 1.9844 73 46 27
19.152 4.455 1.994 70 44 17
19.196 4.2575 1.9749 73 43 25
19.225 4.371 1.9858 75 41 14
19.213 4.3838 1.9413 72 44 17
19.244 4.3137 2.0462 72 45 12
19.139 4.4724 1.9469 74 45 23
19.28 4.1376 2.0294 72 41 21
19.185 4.3587 1.9609 68 41 22
19.231 4.2378 1.9826 73 44 23
19.208 4.3362 2.0418 68 43 13
19.183 4.4186 1.9685 72 42 24
19.084 4.6175 1.9244 72 41 23
19.155 4.3487 1.97 69 42 21
19.161 4.2757 1.9732 73 46 27
19.334 4.2863 2.0065 74 45 23
19.326 4.2232 1.9716 72 46 21
19.258 4.4812 1.9991 70 42 15
19.269 4.3556 2.02 73 42 14
19.29 4.2574 1.9584 71 42 21
19.301 4.2458 1.9973 72 44 13
19.272 4.2864 2.0219 72 42 18
19.296 4.3282 1.9929 74 43 23
19.283 4.4727 1.9592 72 42 18
19.292 4.4738 1.9958 72 41 13
19.268 4.2587 1.9989 69 39 11
19.341 4.1825 2.0236 75 46 15
19.366 4.4096 2.0103 71 41 23
19.389 4.4902 1.9683 71 41 23
19.435 4.1464 2.0282 76 47 23
19.402 4.3123 2.019 71 41 15
19.305 4.6177 1.9217 70 42 13
19.295 4.6196 1.8837 71 45 22
19.35 4.4006 1.9475 69 39 21
19.363 4.2369 1.9918 75 44 24
19.421 4.4145 1.9586 73 44 22
19.431 4.2552 2.0062 66 39 18
19.365 4.3525 2.0042 74 43 13
19.396 4.2212 1.9959 74 45 24
19.305 4.6135 1.9246 70 42 13
19.385 4.5187 1.9545 71 41 23
19.391 4.3253 1.9774 71 41 17
19.525 4.3107 1.9923 66 42 6
19.46 4.4347 1.9788 72 44 7
19.454 4.5824 1.9458 68 38 12
19.501 4.2369 2.0339 72 44 15
19.492 4.247 1.9962 74 45 24
19.433 4.4713 2.0051 69 40 16
19.426 4.4529 1.9788 70 40 22
19.463 4.2335 2.0059 75 48 29
19.446 4.4825 1.9202 72 41 21
19.508 4.2493 2.0616 69 40 16
19.505 4.3838 2.0316 67 38 16
19.522 4.2468 1.9929 73 43 25
19.463 4.1564 2.0127 71 40 22
19.599 4.5058 1.9928 67 36 18
19.57 4.4565 2.0216 64 37 18
19.588 4.2592 2.0056 66 39 20
19.557 4.176 2.023 70 43 26
19.569 4.3377 2.0404 69 40 9
19.533 4.3127 2.0248 70 39 21
19.593 4.3161 2.011 72 41 21
19.622 4.1823 2.0384 68 38 24
19.558 4.2701 2.0077 66 37 13
19.529 4.4758 1.9834 67 38 17
19.589 4.1215 2.0421 67 41 16
19.594 4.4415 1.986 69 38 17
19.56 4.3528 2.0004 72 43 9
19.685 4.2233 2.0408 69 39 15
19.688 4.4091 1.9804 67 37 23
19.625 4.2631 2.0309 65 38 17
19.697 4.392 2.0244 64 38 11
19.685 4.2401 2.0321 69 39 15
19.63 4.3491 2.0242 69 40 9
19.653 4.1198 2.0643 67 37 21
19.665 4.4531 1.9991 65 38 19
19.707 4.1596 2.0338 64 33 13
19.657 4.4358 1.9823 69 39 11
19.677 4.2379 2.0027 65 36 14
19.655 4.2436 2.035 70 42 11
19.635 4.4062 2.0303 64 37 20
19.689 4.3949 1.9869 67 37 23
19.765 4.5558 1.9744 63 36 1
19.757 4.3439 2.0355 63 32 11
19.795 4.3926 2.0412 66 37 13
19.757 4.3784 2.0198 63 32 11
19.787 4.3788 2.0183 62 36 9
19.703 4.4905 2.017 67 37 11
19.779 4.336 1.9998 66 37 13
19.728 4.3372 2.0391 61 34 17
19.713 4.2917 1.9987 65 36 14
19.734 4.5027 2.0033 66 37 13
19.797 4.0829 2.0861 63 36 17
19.727 4.4254 2.0015 61 34 17
19.721 4.2447 2.0524 61 35 10
19.828 4.2586 1.9953 65 35 19
19.854 4.3766 2.0351 63 36 1
19.862 4.2254 2.0364 64 38 15
19.817 4.3838 2.0075 64 35 14
19.807 4.2862 2.0199 63 36 17
19.795 4.4275 2.0248 66 37 13
19.838 4.3505 1.9813 64 37 16
19.86 4.3399 2.0882 65 36 14
19.855 4.2084 2.0138 67 35 23
19.839 4.4011 1.9554 64 37 16
19.826 4.4526 2.0071 61 33 19
19.882 4.357 2.0388 62 38 2
19.874 4.3408 2.0118 63 33 15
19.901 4.2928 2.0329 64 36 23
19.927 4.5041 1.9938 64 37 18
19.943 4.3966 2.0112 66 39 6
19.933 4.3509 1.9986 66 37 15
19.895 4.4755 2.0182 62 35 16
19.909 4.315 2.0526 62 37 14
19.918 4.2231 2.0283 65 36 2
19.958 4.3072 2.0114 60 33 16
19.946 4.3369 2.0683 66 39 6
20.006 4.207 2.0446 66 38 7
20.057 4.5337 1.9989 62 35 0
19.981 4.4309 2.018 64 34 6
20.043 4.3044 1.9971 65 33 20
20.008 4.403 2.031 64 34 20
20.033 4.3631 2.0397 64 34 18
19.984 4.3769 2.0778 65 35 17
19.967 4.1469 2.0516 62 33 9
19.985 4.2846 2.0178 64 39 19
20.027 4.3675 2.0097 60 38 15
20.003 4.4251 1.9816 65 37 8
20.008 4.3076 1.9668 61 34 15
20.005 4.2757 1.9828 61 34 15
19.973 4.4148 1.9965 64 37 18
20.107 4.4457 2.0198 65 36 15
20.114 4.3273 2.0378 65 35 7
20.074 4.2236 2.097 66 35 17
20.123 4.5301 2.0196 61 34 15
20.077 4.307 2.0214 66 38 7
20.113 4.3163 2.0428 65 35 7
20.053 4.3372 2.0156 66 38 7
20.062 4.3661 2.0348 62 32 14
20.083 4.4978 2.0021 63 35 4
20.127 4.3805 2.0458 65 36 4
20.107 4.3202 2.0113 61 34 23
20.156 4.5526 2.0042 62 34 3
20.222 4.4494 1.9965 62 35 14
20.176 4.2293 2.0404 63 39 5
20.177 4.5415 1.9658 61 39 15
20.195 4.3096 2.028 64 39 19
20.145 4.3527 2.0228 64 37 16
20.199 4.44 2.0397 64 37 2
20.215 4.3628 2.0685 64 40 6
20.17 4.4381 2.0437 60 33 16
20.211 4.5692 1.947 62 37 15
20.188 4.4536 1.968 64 39 17
20.274 4.3504 2.0958 60 35 5
20.287 4.5867 2.001 64 36 7
20.259 4.1829 2.1022 61 36 13
20.315 4.4514 2.0086 62 36 9
20.249 4.398 2.0483 66 36 18
20.268 4.5524 1.9425 65 39 24
20.222 4.3075 2.0248 61 36 4
20.274 4.3827 2.0482 62 36 21
20.277 4.4345 1.9894 60 37 19
20.281 4.4573 1.9787 60 37 19
20.297 4.244 2.0646 62 36 19
20.373 4.3534 2.0048 60 39 12
20.385 4.4611 2.0594 60 34 20
20.364 4.386 2.0609 61 36 6
20.334 4.406 2.0287 61 35 8
20.368 4.3046 2.0569 59 37 22
20.325 4.4765 2.0312 62 33 9
20.364 4.3877 2.0606 61 36 6
20.375 4.4711 1.9919 59 33 6
20.413 4.3641 2.0599 62 33 0
20.485 4.737 1.8143 60 37 4
20.471 4.468 2.0375 58 31 24
20.427 4.5279 2.0269 61 35 8
20.458 4.3662 1.9825 0 0 0
20.437 4.4418 2.0518 64 34 10
20.397 4.4137 2.0417 58 36 13
20.46 4.3536 2.0183 58 30 19
20.463 4.4574 2.0101 60 34 19
20.427 4.3279 2.0381 58 35 19
20.409 4.368 2.0277 63 34 28
20.403 4.245 2.044 59 35 7
20.533 4.3862 2.0542 61 37 11
20.523 4.4518 2.0294 57 31 6
20.501 4.4563 2.0684 60 36 0
20.662 5.1623 1.687 59 34 27
20.481 4.2435 2.0283 0 0 0
20.449 4.2013 2.0825 59 38 9
20.5 4.2174 2.0363 0 0 0
20.516 4.3427 2.0443 57 33 19
20.508 4.3291 2.0172 61 29 24
20.506 4.3656 2.1026 60 36 0
20.523 4.5158 1.9021 0 0 0
20.5 4.1989 2.0722 0 0 0
20.505 4.494 2.0194 62 33 25
20.606 4.3388 2.0888 61 34 13
20.569 4.3983 2.0744 56 32 18
20.577 4.201 2.0542 0 0 0
20.571 4.3631 1.9937 0 0 0
20.577 4.3516 2.0601 61 37 11
20.594 4.3321 2.0295 62 35 16
20.573 4.355 2.0295 60 32 21
20.531 4.2978 2.0576 59 33 16
20.585 4.4762 2.0108 63 33 15
20.6 4.2317 2.1293 56 31 9
20.61 4.2651 2.1135 56 31 9
20.601 4.1969 2.0509 0 0 0
20.629 4.2568 2.0825 65 40 20
20.632 4.2833 2.0398 0 0 0
20.606 4.2128 2.0434 0 0 0
20.609 4.2784 2.0784 63 34 13
20.59 4.2253 2.0693 0 0 0
19.869 3.209 3.1019 30 15 18
18.692 5.0782 1.981 81 51 23
18.947 5.147 1.9843 68 41 22
18.922 5.0259 1.99 71 46 24
19.052 5.0351 2.0141 70 42 13
19.196 5.195 1.961 63 38 18
19.382 5.1524 2.0173 67 40 23
19.413 5.2455 1.9838 67 38 16
19.481 5.2991 2.0867 59 35 7
19.48 4.8979 2.1052 67 38 17
19.659 5.2389 1.9719 65 37 8
19.651 5.1737 1.9566 63 33 17
19.737 5.0308 2.04 63 37 10
19.699 5.1188 2.0089 64 38 11
19.991 4.9832 2.0396 66 38 25
20.075 5.3883 1.9697 64 37 2
20.009 5.1167 2.0283 65 36 14
20.203 5.1313 2.0598 66 38 7
20.18 5.0082 2.0655 60 33 0
20.227 5.0454 2.0819 61 37 3
20.417 5.171 2.0055 61 37 11
20.329 5.1767 2.1015 59 35 7
20.378 5.2641 2.0669 60 34 17
20.342 4.9319 2.0985 62 36 13
20.468 5.4138 1.9564 60 29 9
20.504 5.0567 2.0586 62 36 11
20.565 5.1851 2.0015 61 32 11
20.703 5.1407 2.0655 58 32 9
20.683 5.1921 2.052 59 33 10
20.652 5.0947 2.0486 57 27 11
18.15 4.4732 2.0068 99 71 34
18.19 4.5412 1.956 133 98 30
18.214 4.7055 1.948 85 56 24
18.196 4.6085 1.9217 102 73 39
18.202 4.6219 1.957 94 63 33
18.187 4.7352 1.896 85 56 24
18.323 4.5268 1.9776 85 55 27
18.148 4.9384 1.8429 81 51 27
18.369 4.7428 1.9406 79 49 23
18.275 4.8338 2.0019 77 48 24
18.251 4.9195 2.0088 81 50 29
18.484 4.4132 2.0122 78 50 23
18.369 4.5089 1.9802 81 53 24
18.394 4.6561 1.9418 78 46 21
18.445 4.4211 2.0173 79 48 30
18.373 4.7994 1.8676 78 48 14
18.346 4.8912 2.0034 80 49 28
18.373 4.8307 1.8946 77 47 19
18.521 4.5274 1.9814 79 47 32
18.373 4.7659 1.9775 79 49 21
18.419 4.8468 1.9168 77 47 21
18.568 4.5014 1.9854 74 45 24
18.413 4.8307 1.8857 77 46 26
18.629 4.4378 2.0097 73 44 22
18.548 4.6849 1.9363 77 45 22
18.508 4.7202 1.9657 79 49 23
18.546 4.7206 1.9555 78 49 28
18.61 4.614 2.0847 83 52 31
18.564 4.7133 1.8742 75 46 24
18.466 4.7989 1.8917 78 47 16
18.737 4.4631 2.0125 80 51 30
18.599 5.0651 1.9554 89 57 32
18.726 4.6676 2.1156 90 61 29
18.797 4.499 1.9841 77 50 31
18.75 4.5334 1.9731 75 50 28
18.76 4.5361 2.0037 78 48 24
18.808 4.4979 2.0181 77 49 10
18.834 4.8735 1.9101 77 48 26
18.914 4.7587 1.9942 74 46 15
18.951 4.6264 1.926 78 48 22
18.905 4.6667 1.9164 76 50 27
18.976 4.571 1.991 79 50 18
18.807 5.1156 1.9402 76 48 21
18.773 5.0821 1.955 80 51 27
18.805 4.9374 1.8446 74 45 21
18.905 4.5305 1.9847 79 50 28
19.096 4.5522 2.0122 68 41 8
19.086 4.5998 1.9903 68 41 8
18.918 4.9434 1.9472 71 44 25
19.02 4.8358 1.9747 68 40 11
18.985 4.6802 1.9326 75 47 20
19.004 4.8355 2.059 67 40 21
18.934 4.9236 1.9931 73 44 20
19.035 4.6236 1.9535 72 45 24
19.076 4.5981 1.9579 66 39 22
18.998 4.9905 1.9495 68 42 19
18.97 4.9388 1.9807 67 41 18
19.058 4.5671 2.0134 68 41 22
19.101 4.8047 1.972 63 36 17
19.194 4.5843 1.979 71 43 12
19.092 4.7442 1.9209 67 39 8
18.987 5.0943 1.9531 66 41 11
19.089 4.6305 2.0137 68 42 19
19.146 4.768 1.9833 62 38 2
19.113 4.5888 1.954 69 38 20
19.131 4.902 1.9596 65 36 14
19.071 4.7722 1.9955 67 42 12
19.089 4.9857 1.9845 68 40 13
19.159 4.638 1.9985 69 39 15
19.095 4.9199 1.8337 71 42 20
19.108 4.72 1.9723 69 40 19
19.169 5.0402 1.9853 65 38 17
19.236 4.6563 2.0113 70 42 5
19.221 4.8187 1.9832 67 37 23
19.179 4.9097 1.9952 63 37 14
19.224 4.7956 1.9928 67 37 23
19.123 5.0128 1.9612 65 42 11
19.182 4.7095 1.9625 69 39 11
19.192 4.7709 2.0074 69 38 17
19.22 4.9624 2.0103 67 41 14
19.261 4.7245 1.9766 70 40 12
19.243 4.4993 2.0093 68 41 20
19.262 4.6539 1.9718 69 39 11
19.227 4.6561 1.9789 69 41 10
19.245 4.9036 1.9436 66 36 18
19.293 4.6137 1.9435 70 42 3
19.193 4.7041 1.9988 71 43 12
19.193 5.0648 1.9227 65 40 10
19.265 4.6318 1.9802 69 39 11
19.343 4.717 2.0052 71 41 23
19.403 4.4243 2.0901 68 40 1
19.392 4.4442 2.0429 70 42 13
19.309 4.6394 2.0079 69 41 14
19.263 4.851 2.0015 70 41 20
19.305 4.8111 2.0094 69 41 14
19.393 4.6729 2.0531 69 39 21
19.343 4.6401 1.9986 69 38 17
19.316 4.5873 2.0305 69 41 14
19.313 4.5384 2.016 70 40 12
19.306 4.7329 2.0068 70 37 22
19.362 4.6384 2.0698 68 38 10
19.382 4.6894 2.0123 69 38 20
19.476 4.5182 2.1077 67 35 12
19.451 4.6774 1.9981 64 37 18
19.477 4.7098 2.0968 70 37 20
19.407 4.9781 1.9618 69 37 14
19.444 4.5673 1.9791 68 40 13
19.375 5.0159 1.996 68 40 11
19.413 4.629 1.9961 68 38 12
19.415 4.7884 1.9983 65 37 8
19.425 4.6017 2.0366 68 38 14
19.485 4.5826 1.9973 68 40 13
19.501 4.5969 2.0601 68 38 14
19.463 4.4627 2.056 68 38 10
19.47 4.6833 2.0721 67 38 14
19.419 4.4872 2.02 72 42 4
19.492 4.6068 2.0234 68 38 24
19.561 4.7065 2.0036 67 38 16
19.563 4.8363 1.9906 67 38 4
19.572 4.8395 2.019 65 36 15
19.588 4.4962 2.0174 64 38 0
19.593 4.5643 2.0247 66 36 8
19.511 4.7937 1.9347 66 37 13
19.527 4.8433 1.9944 66 35 17
19.551 4.57 1.9881 66 37 5
19.583 4.8091 2.0778 70 39 19
19.49 4.8566 1.9907 70 40 16
19.528 4.4498 2.0532 66 37 13
19.608 4.8213 2.0275 64 36 5
19.622 4.6417 1.98 65 35 17
19.632 4.6285 2.024 63 35 4
19.666 4.563 2.0467 66 36 10
19.678 4.808 2.0204 62 34 7
19.61 4.5804 2.0881 68 39 7
19.668 4.4968 2.0748 66 36 10
19.592 4.7603 1.9736 63 38 6
19.623 4.6221 1.9869 65 35 17
19.633 4.5879 2.0412 63 35 4
19.676 4.5052 2.1025 64 36 7
19.659 4.5216 2.0264 64 37 20
19.632 4.8744 1.959 66 36 8
19.771 4.7565 1.979 64 36 9
19.746 4.8356 1.9904 62 34 7
19.755 4.8126 2.0311 64 34 20
19.712 4.7437 2.0349 64 36 9
19.78 4.8557 1.9771 63 35 22
19.722 4.5068 2.0205 65 35 9
19.691 5.0644 1.9912 66 39 20
19.705 4.6465 2.0373 62 34 5
19.731 4.4728 2.072 62 36 22
19.789 4.8724 2.0102 63 34 12
19.792 4.4843 2.0533 62 36 11
19.696 4.6865 1.9868 63 37 0
19.719 4.9056 2.0072 64 36 9
19.728 5.0104 2.0089 65 39 14
19.738 4.6799 2.0176 64 34 6
19.812 4.7068 2.0313 62 33 12
19.799 4.9251 2.0284 64 35 13
19.861 4.4717 2.2213 65 37 23
19.873 4.8188 2.0897 65 37 23
19.868 4.6844 1.9897 67 37 23
19.865 4.8231 2.0455 64 34 16
19.876 4.6832 2.0241 62 33 9
19.802 4.6418 2.0218 61 35 10
19.854 4.4925 2.0389 65 38 1
19.838 4.7642 1.9612 64 33 15
19.831 4.8201 2.057 59 32 11
19.827 4.6418 1.9755 64 38 13
19.915 4.6686 2.0609 63 37 12
19.967 4.6032 2.0378 67 38 17
19.972 4.8046 1.914 64 36 5
19.903 4.5811 2.0601 63 34 0
19.889 4.6072 1.9815 62 34 5
19.919 4.4327 2.0864 64 33 21
19.972 4.8079 2.0671 60 33 12
19.896 4.5989 2.018 58 32 17
19.936 4.6162 2.0409 63 34 13
19.949 4.6965 2.0457 67 34 15
19.968 4.8807 2.0093 62 33 12
20.012 4.9076 2.0235 62 35 14
20.031 4.8256 2.0152 63 36 1
20.012 4.4967 2.0388 64 35 13
20.052 4.9877 1.9819 61 37 1
20.048 4.4906 2.067 67 36 5
20.036 4.6036 2.0617 63 35 4
20.008 4.7329 1.9818 64 37 18
20.059 4.7785 2.0287 63 33 5
20.033 4.4006 2.075 67 34 15
20.034 4.6642 1.9986 64 34 20
19.988 4.5735 2.0107 64 37 4
20.149 4.589 2.0068 65 36 5
20.095 4.6737 2.1294 63 33 15
20.151 4.744 2.0162 65 35 1
20.158 4.6093 2.0327 63 39 5
20.09 4.7692 2.023 64 34 16
20.09 4.8458 1.9501 65 37 0
20.207 4.6933 2.0261 64 35 4
20.238 4.5419 2.0438 64 37 18
20.21 4.5464 2.0473 62 34 5
20.205 4.7317 1.9723 61 36 4
20.177 4.6998 2.0275 62 35 0
20.176 4.5684 2.0075 61 36 6
20.318 5.0298 2.0284 64 36 7
20.351 4.9136 1.9852 56 30 13
20.321 4.7019 2.1012 61 34 17
20.279 4.6098 2.0094 64 36 9
20.336 4.9359 2.0583 64 34 6
20.392 5.0702 2.0001 61 36 6
20.319 4.5924 2.0723 62 34 23
20.37 4.8427 2.0097 58 35 2
20.361 4.5404 2.0504 63 34 12
20.343 4.5655 2.0772 59 33 18
20.391 4.785 2.0259 64 34 0
20.364 4.7101 1.9817 58 35 2
20.396 4.6543 2.0716 59 34 4
20.398 4.5508 2.0713 58 33 10
20.424 4.8274 1.9611 60 34 11
20.459 4.9344 1.9933 62 34 7
20.455 4.8528 2.0962 59 33 8
20.469 4.6084 2.0359 58 32 5
20.532 4.8046 2.0564 55 31 5
20.486 4.5536 2.0476 60 33 22
20.404 4.4707 2.0687 56 32 6
20.517 4.6626 2.0411 57 35 0
20.626 4.9358 1.9913 58 34 0
20.618 4.9822 2.0516 58 31 12
20.541 4.7377 2.0384 58 31 10
20.699 4.8344 2.0461 56 31 11
20.633 4.7256 2.0649 55 31 0
20.693 4.8322 2.0121 59 32 13
20.661 4.8507 1.9748 55 28 0
20.698 4.8296 2.0472 56 31 11
20.743 4.9724 2.0314 55 33 12
20.767 4.9645 1.9897 59 32 0
20.792 5.1202 2.0069 55 33 12
20.753 4.9556 1.9202 60 35 3
20.65 4.6966 2.0362 59 35 1
20.655 4.7827 2.0746 59 32 0
20.738 4.8816 1.9866 61 33 2
20.742 4.8984 1.9799 61 33 2
20.643 4.6924 2.0006 63 34 12
20.844 5.1898 1.9825 55 27 14
20.709 4.6745 2.0582 56 36 0
18.24 4.6786 1.8704 84 53 22
18.386 4.3428 1.993 83 52 32
18.365 4.4673 1.9302 78 49 28
18.501 4.1732 1.9611 72 46 23
18.155 4.7725 1.8335 88 59 27
18.414 4.3862 2.0046 81 49 24
18.47 4.42 1.9734 75 49 26
18.574 4.1816 1.9721 72 45 24
18.565 4.1025 1.9893 72 45 28
18.406 4.4838 1.9514 79 49 25
18.464 4.3294 1.9915 78 49 28
18.482 4.2619 1.9821 77 45 30
18.47 4.2629 1.9477 76 48 21
18.632 4.2294 1.9758 74 43 23
18.59 4.4165 1.9877 74 44 28
18.645 4.1721 1.9695 73 47 22
18.569 4.3822 2.0127 77 45 22
18.649 4.2753 1.9484 75 44 24
18.635 4.2484 1.9976 73 44 22
18.453 4.5765 1.9295 78 47 19
18.591 4.4139 1.9898 76 45 17
18.562 4.3188 1.9361 73 42 24
18.646 4.3067 1.9644 74 45 21
18.596 4.21 1.9546 73 45 18
18.608 4.3456 1.9905 73 44 12
18.677 4.1729 1.9615 71 42 18
18.728 4.3284 2.0099 76 45 24
18.711 4.3753 1.9878 76 45 24
18.681 4.3041 1.9559 75 46 25
18.681 4.3987 1.9022 73 47 20
18.71 4.348 1.9638 78 48 20
18.637 4.482 1.9434 71 46 16
18.694 4.2442 1.955 75 42 23
18.648 4.3588 2.0087 74 44 20
18.549 4.5867 1.8607 76 49 16
18.776 4.3876 1.9691 76 46 30
18.72 4.421 1.9244 76 47 25
18.705 4.5266 1.9458 81 46 24
18.804 4.4426 1.9726 77 47 23
18.888 4.1862 1.9843 74 47 30
18.766 4.4494 1.9724 77 47 29
18.897 4.1881 2.0172 76 47 25
18.813 4.4133 1.9859 77 47 23
18.765 4.3174 2.0069 77 48 26
18.81 4.3885 1.9601 73 47 24
18.868 4.4623 1.9505 75 46 24
18.861 4.5218 1.9588 77 48 24
18.91 4.4761 1.9736 77 49 20
18.861 4.4035 2.0133 78 48 22
18.917 4.2306 1.9957 76 47 26
18.957 4.2359 2.0157 78 49 25
18.922 4.2432 2.0187 76 47 25
18.855 4.3912 1.9908 74 47 26
18.921 4.326 1.9386 79 46 27
18.861 4.3345 1.9793 76 47 26
18.923 4.3915 1.978 79 48 30
19.022 4.4412 1.9692 74 51 18
18.973 4.3695 2.017 79 50 26
19.032 4.3616 1.9699 77 49 20
19 4.3536 1.9799 77 49 20
19.044 4.3106 1.9946 80 52 23
19.043 4.276 1.9792 83 57 32
18.979 4.2739 1.991 82 54 25
18.987 4.2802 2.0251 79 53 30
18.988 4.365 1.9423 87 59 30
18.996 4.4087 1.9901 80 51 27
19.051 4.4654 1.951 75 49 22
19.073 4.4741 1.9018 78 51 30
19.08 4.2984 1.9968 78 49 17
19.085 4.5112 1.9597 70 44 19
19.046 4.4012 1.9096 89 61 34
19.027 4.7235 1.8196 78 47 29
19.158 4.2374 2.0135 73 47 24
19.143 4.2628 1.9653 84 54 30
19.141 4.36 1.9867 72 42 24
19.038 4.562 1.9418 77 43 16
19.021 4.4867 1.9833 77 49 20
19.044 4.6513 1.8552 78 47 29
19.109 4.2728 1.9685 93 66 33
19.21 4.3889 1.998 72 43 21
19.174 4.5322 1.8902 70 41 19
19.27 4.0885 2.0401 70 42 15
19.209 4.4457 2.0038 69 39 13
19.15 4.579 1.9479 70 40 12
19.158 4.4363 1.9428 71 42 21
19.144 4.4577 1.8974 69 44 12
19.177 4.3875 2.0021 71 42 20
19.255 4.2683 2.0126 71 45 20
19.234 4.3328 1.9489 73 43 15
19.219 4.5796 1.9366 70 40 22
19.295 4.1592 2.0286 74 45 24
19.296 4.5284 1.9522 70 41 19
19.26 4.2885 2.0377 72 42 14
19.31 4.3155 1.9792 73 42 22
19.342 4.2485 1.9716 74 45 23
19.287 4.2625 2.0114 68 38 12
19.28 4.3599 1.996 67 41 18
19.343 4.3062 1.9784 73 43 15
19.317 4.3227 2.008 69 40 19
19.273 4.4622 1.9864 68 42 19
19.325 4.1617 2.0206 74 43 22
19.37 4.3994 1.9611 74 45 14
19.338 4.5379 1.9748 72 40 15
19.383 4.241 2.0048 73 41 26
19.383 4.4391 2.0098 71 41 15
19.413 4.2385 2.0009 75 46 22
19.349 4.3896 2.0082 71 43 12
19.42 4.2518 2.0267 75 46 24
19.371 4.2622 1.9618 73 44 23
19.41 4.4878 1.9837 72 42 26
19.414 4.377 1.9978 73 44 13
19.343 4.3656 1.9831 75 45 21
19.373 4.4469 1.9739 73 43 19
19.433 4.4939 1.9332 72 44 15
19.543 4.1108 2.0399 72 40 25
19.507 4.3823 1.9775 66 39 18
19.482 4.2358 2.0211 71 39 24
19.44 4.5096 1.965 69 41 14
19.483 4.5025 1.9977 71 38 19
19.478 4.1945 2.0063 71 43 16
19.513 4.2263 2.0211 68 38 20
19.516 4.3794 2.0106 71 40 20
19.483 4.403 2.0088 71 43 6
19.44 4.3453 1.9763 71 42 20
19.474 4.4084 1.9702 72 42 18
19.545 4.4178 1.9892 69 42 7
19.589 4.3392 2.0527 68 38 20
19.6 4.2477 1.9912 64 37 16
19.57 4.1322 2.0236 73 47 6
19.573 4.3365 1.9885 68 41 6
19.611 4.1803 2.0576 67 38 6
19.572 4.4804 1.9528 68 41 6
19.519 4.4567 2.0137 67 41 16
19.543 4.3283 1.9999 68 39 18
19.611 4.3421 2.011 70 43 22
19.536 4.3117 1.9756 69 42 25
19.543 4.5651 1.9576 64 37 18
19.572 4.2242 2.0105 69 42 21
19.653 4.46 2.016 64 35 14
19.648 4.3689 2.0294 70 38 13
19.638 4.4126 1.9756 68 41 22
19.665 4.2991 1.9918 67 37 19
19.659 4.2341 1.9885 65 35 19
19.675 4.4766 1.9687 68 37 19
19.683 4.5095 1.9941 66 38 11
19.702 4.2672 2.0275 65 35 19
19.613 4.4572 1.9936 69 40 19
19.616 4.5967 1.9635 65 38 21
19.652 4.4927 2.0016 64 35 14
19.637 4.4333 1.9659 68 41 22
19.636 4.2736 2.0088 69 39 21
19.676 4.183 2.0788 63 36 19
19.695 4.2729 1.9996 67 39 25
19.785 4.5087 2.0084 64 40 2
19.79 4.3704 1.9635 66 37 15
19.775 4.2167 2.1097 67 38 17
19.768 4.2998 2.0382 64 37 20
19.708 4.3969 2.007 64 35 11
19.754 4.4744 2.0258 63 36 1
19.739 4.3409 2.0197 65 40 20
19.745 4.606 1.9355 67 37 13
19.865 4.3913 2.0052 65 35 17
19.875 4.4613 2.0113 66 36 18
19.798 4.3486 2.0098 63 34 12
19.815 4.4912 2.0093 62 31 10
19.836 4.3998 2.0097 64 35 14
19.826 4.2921 2.0296 66 37 15
19.836 4.1596 2.0276 65 36 12
19.847 4.2822 1.9949 62 32 16
19.856 4.3395 2.0009 65 36 14
19.818 4.2997 1.9954 64 38 15
19.806 4.427 2.0067 62 36 11
19.871 4.1748 2.0417 67 38 17
19.91 4.2748 2.0209 62 39 21
19.971 4.4485 2.0323 65 36 4
19.929 4.3508 2.0459 58 34 0
19.919 4.5665 1.9871 64 35 13
19.952 4.3659 2.0064 63 36 17
19.902 4.3887 2.0374 62 38 2
19.961 4.3982 2.025 67 38 6
19.881 4.2595 2.0311 65 39 16
19.954 4.6417 1.9514 64 35 4
19.988 4.1858 2.0409 64 40 6
20.016 4.3668 2.0257 63 36 15
20.044 4.2973 2.082 63 36 1
20 4.2563 2.0423 65 38 19
19.977 4.3263 2.0181 61 34 15
20.029 4.3424 1.9633 67 35 23
19.991 4.3323 2.0798 64 32 17
20.027 4.2552 2.0361 69 40 19
19.967 4.2821 2.0075 61 33 2
20.044 4.3578 2.0254 58 36 13
20.056 4.265 2.0299 65 33 20
20.096 4.3201 2.0291 61 33 2
20.127 4.2902 2.0668 62 35 16
20.072 4.3584 2.0198 63 35 4
20.088 4.4416 2.0126 65 34 16
20.08 4.5788 1.987 65 38 19
20.106 4.3488 2.0437 62 35 18
20.145 4.6109 1.9607 64 35 3
20.193 4.3715 2.0196 59 38 11
20.141 4.3551 2.0719 65 36 4
20.222 4.377 2.0118 65 40 18
20.2 4.5751 1.965 63 41 0
20.173 4.4233 1.998 62 35 14
20.221 4.4714 2.0382 64 36 7
20.172 4.2674 2.0375 62 37 7
20.203 4.2918 2.0189 62 40 17
20.218 4.4904 1.9961 64 37 16
20.189 4.4482 2.0536 62 38 4
20.307 4.4374 2.0688 63 32 24
20.277 4.4974 1.9801 62 34 3
20.239 4.4447 2.0138 65 35 17
20.281 4.4843 2.0222 59 35 1
20.3 4.4648 1.9861 60 35 5
20.253 4.492 2.025 61 36 16
20.252 4.3877 1.9985 61 33 19
20.351 4.4036 2.0373 61 35 8
20.334 4.4645 2.0193 58 36 15
20.377 4.3716 2.0774 53 32 3
20.322 4.4333 1.9985 62 40 19
20.394 4.4785 2.0011 60 37 21
20.358 4.3347 2.0325 61 34 27
20.338 4.3705 2.024 60 39 20
20.414 4.2745 2.1445 62 34 7
20.456 4.5748 2.0142 58 37 8
20.462 4.5017 2.0087 57 36 15
20.401 4.4048 1.9922 63 37 22
20.425 4.2759 2.0448 61 33 20
20.424 4.4616 2.0357 61 39 16
20.396 4.2613 2.0557 63 35 8
20.451 4.3615 2.0336 65 34 26
20.377 4.273 2.0844 65 37 10
20.499 4.5381 1.989 51 29 5
20.449 4.2847 2.0045 0 0 0
20.387 4.2221 2.0756 63 35 8
20.438 4.4252 2.0119 64 34 8
20.491 4.2221 2.0499 0 0 0
20.479 4.2785 2.0276 0 0 0
20.509 4.4631 2.0181 61 35 10
20.476 4.4207 2.0682 59 32 0
20.502 4.3263 2.0676 62 32 14
20.517 4.3039 2.0429 61 36 13
20.442 4.2362 2.0578 55 35 0
20.511 4.3857 2.0115 58 34 20
20.521 4.4906 2.0335 54 30 18
20.536 4.3553 2.0494 60 33 22
20.56 4.3465 2.0497 60 36 10
20.624 4.3823 2.0245 65 33 18
20.548 4.3189 2.0309 58 36 13
20.566 4.2732 2.0743 61 36 14
20.579 4.3359 2.0207 58 33 13
20.614 4.5203 2.0035 59 34 11
20.574 4.4343 1.9449 0 0 0
20.63 4.3115 2.0466 61 34 15
20.624 4.3602 2.0564 61 31 15
20.596 4.2125 2.0579 0 0 0
