340
0.55952 0.10961 0.8054 0.16204 15.85 8.2028 3.5596
11.698 8.5633 2.8933 71 27 0
11.817 8.5815 2.8683 47 12 10
11.817 8.5437 2.8337 34 5 9
11.824 8.609 2.8258 34 10 0
11.644 8.5628 2.8451 44 20 6
11.776 8.547 2.8269 34 5 9
12.171 8.5055 2.8292 29 4 0
12.104 8.5154 2.8515 25 8 0
12.259 8.5154 2.7368 43 26 0
12.134 8.473 2.7918 39 22 14
12.108 8.4705 2.7464 52 32 5
12.275 8.4927 2.8174 45 31 5
12.005 8.487 2.799 23 9 0
12.022 8.5083 2.7241 43 28 0
12.08 8.5259 2.6607 38 24 13
12.237 8.5557 2.7962 46 29 0
12.037 8.5701 2.7246 37 20 0
12.193 8.5982 2.8532 21 0 0
12.112 8.6024 2.8022 36 23 7
12.097 8.5736 2.8013 34 12 0
11.894 8.5509 2.6927 38 21 0
12.148 8.5949 2.7698 39 25 12
12.078 8.5488 2.8392 26 3 13
12.191 8.577 2.6811 36 21 14
12.154 8.5724 2.8472 22 4 0
12.244 8.5759 2.7281 36 24 2
12.114 8.6023 2.8027 36 23 7
12.137 8.5389 2.8175 29 7 0
12.063 8.541 2.7649 47 32 0
12.087 8.5568 2.6549 38 23 4
12.081 8.5616 2.6914 35 23 11
12.121 8.6963 2.8233 28 8 0
12.142 8.6637 2.8342 28 10 0
12.106 8.638 2.8297 28 7 4
12.152 8.6801 2.7253 30 22 1
12.114 8.6411 2.8676 29 7 7
12.132 8.6608 2.7958 36 20 0
11.937 8.7116 2.7157 32 20 4
12.065 8.6251 2.6825 42 25 7
12.231 8.67 2.7438 30 22 1
12.173 8.648 2.7313 38 24 0
12.16 8.6872 2.7971 44 29 6
12.07 8.6863 2.6724 32 21 2
12.05 8.6665 2.7431 44 25 0
12.102 8.6383 2.829 28 7 4
12.111 8.6509 2.684 38 21 13
12.203 8.6225 2.8174 40 20 11
11.986 8.6393 2.6914 35 23 1
12.165 8.7164 2.7911 46 29 0
11.993 8.7314 2.685 31 22 5
11.948 8.7331 2.64 30 18 2
12.097 8.4972 2.4404 40 25 2
11.997 8.4862 2.533 33 17 0
12.144 8.4538 2.6488 44 23 18
12.051 8.4724 2.4771 34 19 0
12.028 8.5256 2.6105 39 24 17
12.128 8.5129 2.5984 37 17 6
12.095 8.5379 2.5116 31 7 3
12.115 8.5095 2.5576 31 0 0
12.048 8.5373 2.4616 36 11 6
12.082 8.4896 2.6288 39 23 0
12.155 8.4972 2.4954 32 16 0
12.151 8.4437 2.5819 42 21 0
12.101 8.4836 2.596 42 24 10
12.046 8.5326 2.4246 38 23 0
12.054 8.4772 2.5119 35 25 0
12.12 8.4506 2.6074 40 26 0
12.112 8.5051 2.5205 27 10 0
12.072 8.5981 2.4617 36 23 5
12.141 8.5472 2.6336 27 1 12
12.061 8.6168 2.6083 28 8 0
12.198 8.5981 2.6052 34 20 0
12.156 8.6208 2.4784 29 15 2
12.143 8.5777 2.6303 38 15 7
12.126 8.5394 2.5588 32 15 0
12.166 8.6233 2.5211 29 6 0
12.146 8.595 2.5185 23 2 0
12.116 8.5449 2.5922 31 15 2
12.113 8.567 2.5172 32 17 0
12.086 8.5654 2.4697 37 22 15
12.165 8.5974 2.5598 28 15 0
12.128 8.5392 2.5602 34 18 1
12.144 8.5424 2.5998 31 15 2
12.137 8.5692 2.5616 37 20 2
12.035 8.5842 2.5642 39 24 3
12.133 8.6134 2.663 30 15 12
12.153 8.6376 2.6231 33 23 0
12.142 8.6431 2.656 36 23 7
12.084 8.672 2.5664 33 9 9
12.184 8.6556 2.5575 37 18 12
12.119 8.6899 2.4999 30 14 1
12.178 8.6984 2.6598 32 21 2
12.136 8.6699 2.6145 29 11 0
12.068 8.7089 2.5952 36 19 0
12.09 8.6587 2.4573 35 23 1
12.076 8.6647 2.4899 33 21 5
12.012 8.6894 2.6211 38 20 8
12.177 8.6864 2.5531 32 15 8
12.154 8.6292 2.5512 28 0 1
12.09 8.6406 2.5711 27 10 0
12.148 8.6942 2.5816 33 18 0
11.835 8.8099 2.5568 8 5 0
12.167 8.714 2.508 23 16 0
12.231 8.7206 2.6691 22 11 0
12.306 8.7137 2.7208 27 15 0
11.755 8.8166 2.5025 1 4 0
12.378 8.6963 2.6682 28 15 0
15.322 8.0518 3.3428 80 50 14
15.305 8.0529 3.3358 82 50 25
15.321 8.0515 3.3427 80 50 14
12.121 8.503 2.2618 35 20 1
12.09 8.5419 2.2865 38 23 0
12.069 8.5484 2.3175 34 14 5
12.061 8.522 2.3542 39 23 0
12.162 8.509 2.3504 39 24 3
12.139 8.4838 2.386 38 20 0
12.031 8.4967 2.3877 41 25 2
11.814 8.5474 2.3145 38 24 15
12.163 8.5308 2.2757 33 25 4
12.039 8.514 2.2727 35 23 1
12.034 8.5145 2.2708 35 23 1
12.33 8.4563 2.3394 35 20 15
12.118 8.6339 2.2833 30 21 6
12.142 8.6092 2.3665 32 19 0
12.048 8.6234 2.3759 32 21 0
12.086 8.6115 2.3079 35 19 4
12.227 8.5736 2.437 39 25 0
11.995 8.569 2.4089 38 19 5
12.09 8.6233 2.4245 31 16 0
12.128 8.5522 2.4105 34 21 2
12.092 8.5781 2.3204 36 25 0
12.135 8.5648 2.2614 37 24 6
12.13 8.6369 2.3241 30 25 6
12.092 8.5914 2.4333 36 23 4
12.147 8.5999 2.2947 31 19 5
11.993 8.5598 2.3321 40 25 2
12.136 8.5692 2.2992 37 24 6
12.124 8.5658 2.2581 37 24 6
12.16 8.6768 2.4373 34 22 0
12.158 8.6809 2.4741 34 18 5
12.121 8.7119 2.4244 28 19 4
12.055 8.6586 2.4097 34 18 5
12.069 8.7061 2.3007 23 7 10
12.171 8.6975 2.3652 25 6 0
12.13 8.7066 2.3906 27 22 0
12.355 8.6189 2.4693 36 18 6
11.999 8.688 2.3162 30 17 0
12.15 8.6386 2.3686 33 21 0
12.036 8.7068 2.2468 21 18 1
12.042 8.6741 2.2546 30 21 6
12.019 8.681 2.2864 31 19 0
12.03 8.7282 2.4349 33 19 6
12.136 8.6753 2.3962 30 14 0
12.078 8.732 2.2628 0 0 10
15.304 8.0297 3.3155 81 50 20
15.299 8.0293 3.3194 80 48 27
15.306 8.043 3.3161 83 52 22
15.299 8.0395 3.3057 89 57 34
15.299 8.0346 3.3131 81 52 28
15.29 8.0473 3.3226 81 52 20
15.306 8.0381 3.3229 81 49 28
15.292 8.0592 3.3147 80 51 27
15.295 8.0524 3.3098 84 54 26
12.13 8.4975 2.2278 35 22 3
12.046 8.5315 2.1579 31 19 21
11.958 8.5626 2.0428 41 14 7
12.102 8.5317 2.2148 36 23 5
12.275 8.5303 2.1252 0 0 0
12.09 8.5552 2.1338 28 22 10
12.255 8.6148 2.291 23 11 11
12.037 8.5694 2.1899 33 18 15
12.092 8.6238 2.1618 5 4 0
12.026 8.5937 2.1056 9 4 0
12.053 8.5863 2.0797 15 11 0
12.107 8.6223 2.1662 5 4 0
12.026 8.5657 2.1494 28 19 4
12.334 8.5548 2.1482 0 0 0
12.269 8.5613 2.1214 0 0 0
11.996 8.731 2.1172 5 10 3
12.009 8.7331 2.1634 0 3 0
12.066 8.6631 2.1849 32 7 10
12.13 8.6508 2.1729 1 3 0
12.224 8.7082 2.2743 10 0 0
11.997 8.7031 2.1587 27 21 0
12.123 8.6834 2.1641 0 4 0
12.174 8.6733 2.1449 11 2 0
12.079 8.6568 2.1542 1 3 0
11.744 8.574 2.8745 53 21 8
11.71 8.5721 2.8299 36 5 13
12.069 8.5361 2.8614 25 6 0
12.027 8.5712 2.8515 25 5 0
12.168 8.4883 2.8129 34 9 2
12.147 8.4943 2.8449 25 5 6
12.076 8.459 2.7635 52 37 8
12.09 8.5206 2.7597 46 29 9
12.198 8.4814 2.785 52 32 5
11.978 8.5256 2.6918 43 26 0
12.186 8.5779 2.7989 46 29 0
12.152 8.5813 2.7919 46 29 0
12.394 8.5486 2.7809 42 24 4
12.122 8.5272 2.8335 27 5 7
12.144 8.5687 2.6893 36 20 0
12.067 8.6116 2.703 40 21 4
12.166 8.5194 2.8035 34 22 0
12.13 8.5394 2.6882 36 21 0
12.145 8.5862 2.8261 31 6 1
12.193 8.5855 2.8711 24 5 0
12.154 8.5981 2.6878 32 22 12
12.054 8.5644 2.813 24 10 0
12.085 8.5522 2.7533 45 30 0
12.08 8.5484 2.7114 38 27 0
12.096 8.5513 2.7548 45 30 0
12.164 8.5497 2.8002 42 27 4
12.193 8.6366 2.7934 45 28 0
12.157 8.6751 2.8131 40 29 1
12.138 8.6989 2.7385 35 24 5
12.123 8.6668 2.7025 36 19 11
12.146 8.616 2.8253 21 8 0
11.992 8.6564 2.7089 33 21 0
12.177 8.6086 2.7947 45 25 14
12.127 8.6225 2.8539 28 6 6
12.175 8.643 2.8223 39 21 11
12.105 8.699 2.6967 37 22 3
12.078 8.6805 2.7656 48 29 0
12.139 8.6344 2.7149 35 23 1
12.115 8.6539 2.8493 24 0 0
12.045 8.6805 2.7203 37 25 0
12.071 8.6378 2.6639 35 15 6
12.191 8.7002 2.8149 41 26 3
12.137 8.7031 2.7768 40 21 0
12.304 8.7016 2.7388 33 24 7
12.27 8.4283 2.6635 56 31 9
12.023 8.5028 2.5567 24 4 0
12.114 8.4914 2.5417 28 18 0
12.052 8.4637 2.5317 40 22 0
12.108 8.5185 2.5017 27 3 0
12.079 8.5163 2.4554 33 18 13
12.029 8.5346 2.5514 32 12 1
12.096 8.5246 2.5313 28 5 0
12.064 8.4726 2.608 39 23 0
12.091 8.4663 2.5758 36 20 0
12.063 8.4905 2.4907 35 20 0
12.145 8.4982 2.6236 39 20 14
11.977 8.6036 2.528 32 19 0
12.005 8.6049 2.5752 29 5 0
12.072 8.5711 2.6364 31 12 0
12.05 8.5642 2.5563 37 22 1
12.169 8.5794 2.5468 35 20 0
12.12 8.6108 2.4928 35 16 9
12.022 8.5848 2.434 36 20 0
12.193 8.5293 2.6688 36 21 14
12.049 8.5375 2.5939 25 8 0
12.098 8.5819 2.4933 32 21 1
12.229 8.6035 2.5576 23 8 0
12.025 8.5573 2.4738 27 1 2
12.108 8.5635 2.6058 33 23 0
12.129 8.5964 2.6465 27 12 5
12.091 8.6095 2.4476 34 20 7
12.081 8.5479 2.4513 36 23 15
12.179 8.6133 2.5786 26 10 0
11.994 8.6782 2.6362 40 22 18
12.028 8.6382 2.6176 36 23 7
12.073 8.6559 2.5465 24 0 0
12.016 8.7022 2.6041 38 20 8
12.148 8.6429 2.5301 27 9 0
12.154 8.6804 2.6026 33 17 0
11.996 8.6736 2.6002 36 20 3
12.161 8.6194 2.6104 36 6 4
12.081 8.698 2.6558 37 22 1
12.09 8.6803 2.5117 29 12 5
12.12 8.6726 2.4823 33 21 0
12.196 8.6709 2.5783 33 21 0
12.101 8.6569 2.5896 34 19 0
12.116 8.7117 2.5503 29 17 3
12.114 8.6426 2.485 29 22 4
12.188 8.6938 2.5014 30 24 0
12.17 8.742 2.6351 6 7 0
12.167 8.7093 2.5965 35 20 0
12.181 8.7443 2.6721 13 4 0
12.224 8.7049 2.6522 28 17 0
12.153 8.7186 2.6691 32 21 0
12.14 8.7469 2.6207 6 7 0
12.143 8.5148 2.2483 38 22 5
12.067 8.5301 2.3014 30 24 0
12.067 8.5029 2.3404 40 25 2
12.103 8.5413 2.4213 36 22 13
12.034 8.5283 2.25 31 23 2
12.117 8.5355 2.3887 34 23 1
11.929 8.5238 2.3707 40 25 2
12.225 8.4768 2.284 35 22 4
12.077 8.5523 2.2221 37 22 19
12.091 8.5328 2.3468 40 23 5
11.996 8.5134 2.3541 35 20 0
12.016 8.4975 2.2444 33 23 11
12.229 8.5865 2.4165 39 23 0
12.132 8.6278 2.38 35 22 3
12.341 8.6214 2.3395 33 21 9
12.021 8.6264 2.2345 30 21 6
12.131 8.6194 2.3057 31 22 7
12.074 8.5619 2.296 35 22 4
12.099 8.627 2.3336 34 23 1
12.112 8.6029 2.4174 38 22 7
12.201 8.5543 2.3766 36 18 0
12.161 8.5799 2.2902 35 17 0
12.046 8.5596 2.25 33 20 2
12.041 8.5785 2.4002 32 22 10
12.092 8.5689 2.3795 36 24 0
12.285 8.644 2.4615 30 22 0
11.986 8.6485 2.373 36 18 6
12.129 8.6507 2.3016 31 22 7
12.082 8.6954 2.3597 29 19 0
12.08 8.6917 2.3203 30 17 0
12.098 8.658 2.3327 26 17 2
12.162 8.6892 2.4213 32 16 0
12.104 8.6704 2.4407 32 21 0
12.163 8.7072 2.3099 17 8 9
12.106 8.6393 2.4455 34 23 3
12.101 8.7012 2.4397 36 22 9
12.085 8.6642 2.3622 34 21 2
11.985 8.6996 2.2503 26 23 6
11.775 8.7775 2.3351 10 0 0
11.684 8.7956 2.3429 9 6 0
15.3 8.0323 3.3168 84 50 21
15.301 8.0311 3.3106 80 51 27
15.299 8.0318 3.3162 85 51 22
15.302 8.0484 3.3313 81 48 15
15.301 8.0389 3.3168 85 49 25
15.299 8.037 3.3096 81 53 22
12.096 8.5457 2.1933 29 17 3
12.06 8.5168 2.1814 31 17 17
12.098 8.5729 2.1526 14 5 0
12.06 8.5718 2.1017 49 30 0
11.608 8.6103 1.879 24 12 14
12.095 8.6418 2.1778 24 13 0
12.077 8.7147 2.2433 7 18 12
12.122 8.6659 2.1467 4 4 4
12.041 8.7109 2.157 8 3 0
12.122 8.7044 2.2233 9 16 0
11.986 8.6862 2.1373 16 10 0
12.014 8.7108 2.1039 1 2 0
