2708
0.45679 0.33577 0.61939 0.5431 20.264 33.196 3.4683
19.023 30.022 3.9846 86 64 41
19.111 30.163 3.9626 69 52 32
18.965 30.147 3.9821 82 57 34
19.143 31.088 3.8467 149 109 58
19.084 30.981 3.8881 153 112 66
19.111 31.075 3.8461 149 108 62
19.131 31.161 3.8536 132 94 57
19.131 31.207 3.86 126 89 53
19.123 31.102 3.8649 157 116 70
19.121 31.146 3.8736 127 94 49
19.124 31.107 3.8855 129 91 55
19.121 31.225 3.8323 79 48 18
19.112 31.254 3.8452 112 80 55
19.136 31.367 3.8019 103 69 32
19.15 31.356 3.827 114 79 47
19.139 31.377 3.8355 106 76 40
19.142 31.379 3.8204 107 74 39
19.123 31.308 3.8134 109 75 46
19.143 31.303 3.8178 99 65 40
19.13 31.244 3.8497 71 39 18
19.167 31.518 3.7862 97 66 36
19.157 31.473 3.8134 101 70 39
19.158 31.442 3.8225 104 74 38
19.148 31.423 3.8067 105 73 34
19.142 31.452 3.8367 101 70 39
19.155 31.468 3.7965 100 67 32
19.19 31.559 3.8141 101 69 31
19.188 31.553 3.7973 100 67 34
19.304 31.813 3.7544 93 62 31
19.294 31.796 3.7425 92 61 31
19.303 31.835 3.749 91 60 32
19.306 31.838 3.7341 89 58 27
19.304 31.839 3.7627 92 61 30
19.283 31.829 3.7343 105 74 43
19.256 31.842 3.7433 77 55 32
19.292 31.865 3.7263 101 73 42
19.279 31.827 3.7636 106 76 38
19.279 31.825 3.7493 108 74 45
19.273 31.842 3.745 105 75 47
19.262 31.852 3.7552 77 56 27
19.262 31.828 3.7619 90 59 28
19.036 29.832 3.9253 61 49 23
19.005 29.714 3.8335 59 43 17
19.027 29.786 3.8603 56 41 22
19.036 29.823 3.8913 58 44 18
18.992 29.794 3.8567 46 35 7
18.978 29.767 3.897 67 57 30
19.009 30.02 3.7875 91 65 38
19.046 30.035 3.823 88 64 30
19.018 30.072 3.8798 93 66 33
19.029 30.029 3.9533 91 65 42
19.013 30.049 3.8477 94 68 41
18.985 29.968 3.828 101 73 44
19.041 29.956 3.9401 57 44 26
19.046 30.024 3.7907 86 61 29
19.015 29.786 3.9627 64 52 30
19.048 30.048 3.8529 91 64 31
19.011 29.972 3.929 94 65 41
19.008 29.825 3.8186 44 37 11
19.014 30.06 3.8827 109 80 48
18.987 29.803 3.925 63 52 30
19.05 30.065 3.8841 90 62 31
19.097 30.367 3.8959 93 63 35
19.018 30.166 3.8939 91 62 38
18.993 30.096 3.8734 91 62 38
18.982 30.178 3.9466 84 60 34
18.963 30.117 3.8966 89 60 29
19.013 30.067 3.9119 124 95 64
18.953 30.151 3.7921 87 57 33
18.984 30.004 3.9533 79 45 10
18.968 30.008 3.7862 89 61 21
18.976 30.045 3.8459 92 62 34
18.862 30.022 3.7993 71 48 17
19.054 30.664 3.7497 82 53 21
19.101 30.933 3.7382 85 56 22
19.111 30.905 3.7659 89 58 27
19.126 30.944 3.8118 143 101 59
19.044 30.777 3.8083 94 64 26
19.062 30.802 3.7563 85 56 24
19.096 31.043 3.83 126 90 40
19.072 30.9 3.856 141 114 71
19.109 31.003 3.7476 89 60 20
19.092 31.063 3.713 91 58 27
19.112 30.969 3.8011 106 74 26
19.091 30.918 3.7641 89 58 12
19.093 30.927 3.7833 91 65 15
19.122 31.024 3.7206 82 55 12
19.113 31.029 3.8334 136 99 53
19.135 31.149 3.7464 94 60 22
19.149 31.126 3.7309 92 59 24
19.14 31.106 3.7108 90 57 22
19.113 31.105 3.7288 88 56 31
19.112 30.973 3.8233 140 102 56
19.118 31.208 3.7554 81 48 7
19.104 31.14 3.7683 95 62 19
19.119 31.209 3.7551 81 48 7
19.132 31.266 3.7024 84 50 21
19.082 31.097 3.7514 90 57 22
19.065 31.06 3.7105 92 59 24
19.11 31.201 3.7964 74 41 0
19.134 31.239 3.77 82 51 20
19.119 31.171 3.7842 100 67 26
19.124 31.215 3.7319 78 44 9
19.113 31.192 3.7145 78 41 0
19.086 31.1 3.7301 91 56 24
19.132 31.268 3.7217 88 54 19
19.134 31.275 3.7429 90 54 14
19.126 31.295 3.695 90 60 26
19.133 31.309 3.7145 90 57 16
19.153 31.356 3.787 105 72 39
19.122 31.294 3.7373 93 58 26
19.146 31.34 3.7697 99 65 30
19.138 31.361 3.745 91 59 20
19.144 31.368 3.7252 91 58 25
19.132 31.346 3.7078 87 56 26
19.15 31.41 3.6981 90 57 22
19.12 31.255 3.7638 87 49 23
19.138 31.391 3.7 90 57 22
19.142 31.399 3.7193 90 56 19
19.14 31.328 3.7518 93 58 26
19.117 31.25 3.7644 93 60 27
19.144 31.362 3.6844 92 59 28
19.099 31.225 3.8095 106 73 42
19.147 31.41 3.7366 91 58 17
19.136 31.284 3.7795 101 70 40
19.143 31.374 3.7811 97 64 29
19.139 31.365 3.7642 96 64 26
19.17 31.54 3.6746 89 55 26
19.163 31.503 3.7163 90 55 10
19.149 31.515 3.7308 87 57 21
19.141 31.44 3.7643 93 60 29
19.143 31.413 3.7892 99 65 36
19.155 31.497 3.7716 91 60 29
19.16 31.464 3.7068 90 56 21
19.167 31.539 3.6924 87 54 21
19.144 31.435 3.691 90 59 28
19.152 31.46 3.7794 96 63 30
19.173 31.523 3.7498 93 61 23
19.151 31.453 3.7456 91 60 12
19.147 31.413 3.7533 93 59 22
19.154 31.486 3.7013 89 56 23
19.149 31.476 3.6835 91 57 22
19.161 31.502 3.7346 92 59 16
19.168 31.45 3.7655 95 61 23
19.152 31.454 3.7261 93 59 21
19.144 31.436 3.6916 90 59 28
19.175 31.552 3.7077 88 54 19
19.168 31.54 3.6918 87 54 21
19.292 31.835 3.6755 107 78 47
19.294 31.837 3.6591 83 51 12
19.317 31.849 3.6891 85 55 21
19.322 31.828 3.6643 89 56 21
19.307 31.836 3.7053 87 57 21
19.323 31.832 3.6789 86 54 13
19.306 31.827 3.6484 85 54 23
19.326 31.84 3.7062 89 59 21
19.29 31.834 3.6897 96 61 29
19.311 31.815 3.6957 89 56 25
19.304 31.834 3.7204 89 55 28
19.299 31.841 3.6448 80 51 9
19.312 31.84 3.6761 86 53 18
19.315 31.825 3.7218 84 54 30
19.312 31.837 3.6616 85 53 28
19.143 31.509 3.7475 88 55 24
19.319 31.822 3.6512 88 54 25
19.269 31.854 3.6981 79 53 28
19.286 31.852 3.6857 110 77 46
19.277 31.839 3.6719 109 71 42
19.269 31.852 3.6832 77 53 17
19.258 31.842 3.7278 78 50 23
19.285 31.83 3.7196 110 75 27
19.307 31.928 3.6852 75 49 26
19.293 31.84 3.7036 110 76 21
19.303 31.921 3.6722 75 51 15
19.286 31.854 3.6997 109 76 45
19.279 31.839 3.6585 109 78 34
19.272 31.878 3.6639 74 49 26
19.288 31.859 3.7136 105 71 42
19.276 31.86 3.6682 80 52 21
19.275 31.858 3.6531 79 55 17
19.264 31.865 3.6504 77 53 27
19.277 31.834 3.6437 111 81 43
19.266 31.852 3.7123 81 50 29
18.954 29.558 3.8116 54 41 23
19.013 29.805 3.717 39 28 22
18.91 29.422 3.7842 45 33 19
19.028 29.813 3.6102 40 32 11
19.024 29.814 3.6448 40 29 9
19.021 29.815 3.6797 40 27 18
18.996 29.884 3.773 81 66 35
19.061 30.126 3.6834 83 57 32
19.02 30.041 3.7528 91 64 29
18.938 29.719 3.7501 82 65 47
18.964 29.683 3.7606 39 30 1
19.017 30.085 3.6169 106 77 46
18.947 29.936 3.7269 88 58 30
19.027 30.048 3.7219 92 63 39
19.018 30.005 3.6577 83 57 32
19.066 30.028 3.6306 32 23 6
18.994 30.045 3.6866 104 75 43
19.038 30.145 3.6472 103 74 43
19 29.792 3.7865 44 33 13
18.996 29.828 3.605 36 27 8
19.044 30.054 3.5883 81 57 31
19.056 30.094 3.6209 79 59 34
19.021 30.221 3.7634 97 69 40
18.949 30.133 3.7656 89 59 33
19.017 30.18 3.6423 92 62 38
18.851 29.804 3.7674 94 65 34
18.984 30.09 3.6116 91 63 32
18.937 29.921 3.7597 90 61 30
18.906 30.024 3.7409 89 58 37
19.041 30.56 3.7108 75 42 27
19.069 30.602 3.6313 70 41 20
19.049 30.643 3.7034 82 53 22
18.981 30.404 3.6111 75 45 11
19.006 30.538 3.6554 84 55 24
19.062 30.594 3.657 72 41 21
19.103 30.804 3.6363 90 61 30
19.026 30.588 3.6844 86 56 28
18.915 30.192 3.6578 77 45 24
18.985 30.487 3.633 83 53 25
19.025 30.52 3.6896 74 45 24
18.99 30.491 3.6049 81 54 7
19.056 30.702 3.6124 92 62 28
19.037 30.622 3.7326 85 55 31
19.022 30.686 3.5873 92 64 17
19.069 30.792 3.6322 96 63 32
19.082 30.891 3.7164 87 55 32
19.041 30.842 3.5948 94 62 21
19.07 30.799 3.6561 91 64 31
19.014 30.748 3.6799 91 61 33
19.062 30.828 3.5988 97 64 29
19.107 30.979 3.6359 86 57 25
19.059 30.881 3.6175 93 64 32
19.001 30.649 3.6131 95 62 29
19.116 30.946 3.6398 94 63 33
19.072 30.746 3.6612 91 61 33
19.071 30.851 3.6235 96 66 32
19.124 31.059 3.6256 100 66 39
19.127 31.078 3.693 92 60 21
19.098 30.975 3.7053 88 54 27
19.152 31.108 3.6008 99 68 37
19.083 31.042 3.6926 98 64 29
19.113 31.031 3.5832 99 66 23
19.122 31.06 3.6484 95 64 34
19.078 31.03 3.6703 98 64 37
19.107 30.988 3.6809 93 63 29
19.178 31.246 3.5873 105 71 33
19.118 31.056 3.6716 96 63 32
19.145 31.182 3.5689 103 71 23
19.098 30.965 3.6608 87 57 29
19.092 31.152 3.6975 79 42 8
19.049 31.024 3.668 99 64 34
19.103 31.156 3.6095 102 68 39
19.119 31.236 3.6664 95 61 34
19.134 31.294 3.5947 101 64 28
19.11 31.214 3.6244 81 48 29
19.124 31.202 3.65 86 53 20
19.046 31.014 3.6469 101 67 32
19.124 31.197 3.6278 103 68 36
19.109 31.179 3.6731 93 60 25
19.135 31.252 3.5811 67 29 0
19.149 31.325 3.6335 95 65 29
19.117 31.261 3.5764 101 64 28
19.064 31.054 3.6859 94 61 28
19.095 31.139 3.589 96 64 26
19.13 31.259 3.686 89 55 26
19.143 31.312 3.6151 100 65 35
19.109 31.217 3.644 74 44 18
19.125 31.238 3.6015 66 33 0
19.128 31.324 3.6109 99 67 29
19.148 31.399 3.6414 96 63 30
19.152 31.442 3.6532 91 60 32
19.145 31.392 3.6223 99 66 35
19.14 31.422 3.6345 97 62 30
19.139 31.39 3.6804 92 59 28
19.133 31.403 3.58 93 62 18
19.145 31.389 3.6033 98 64 29
19.138 31.35 3.6679 94 59 29
19.141 31.379 3.584 95 63 25
19.135 31.407 3.5992 97 63 28
19.128 31.292 3.6568 96 63 22
19.125 31.316 3.59 98 65 22
19.141 31.391 3.6607 93 60 25
19.135 31.41 3.6176 97 64 29
19.154 31.469 3.5748 94 59 14
19.134 31.34 3.6499 96 63 32
19.127 31.293 3.6766 92 59 26
19.132 31.325 3.571 99 62 26
19.12 31.314 3.6316 98 65 34
19.281 31.757 3.5811 90 62 15
19.311 31.806 3.6228 92 60 22
19.308 31.798 3.5947 94 61 30
19.166 31.528 3.622 92 62 26
19.151 31.476 3.6664 91 58 23
19.266 31.732 3.5663 88 55 20
19.172 31.502 3.608 98 63 33
19.177 31.549 3.6555 90 57 22
19.309 31.802 3.6086 92 59 26
19.171 31.537 3.6387 90 60 26
19.16 31.481 3.5912 95 60 13
19.147 31.468 3.6488 93 59 30
19.158 31.51 3.5858 94 58 18
19.14 31.48 3.5693 89 57 19
19.149 31.468 3.6291 96 63 30
19.153 31.505 3.6051 90 57 24
19.145 31.434 3.6731 92 60 22
19.297 31.813 3.6348 88 57 13
19.301 31.839 3.6009 86 56 30
19.308 31.845 3.5556 84 52 11
19.286 31.839 3.5689 107 75 34
19.276 31.83 3.6143 111 78 43
19.284 31.839 3.584 110 78 40
19.319 31.819 3.6366 89 56 25
19.304 31.818 3.5892 90 59 29
19.307 31.822 3.5889 90 59 29
19.302 31.84 3.5857 86 51 4
19.3 31.84 3.6154 88 58 22
19.295 31.834 3.6305 103 68 38
19.321 31.84 3.573 90 58 9
19.294 31.807 3.6202 87 58 24
19.29 31.843 3.5533 104 74 38
19.306 31.844 3.5705 89 55 26
19.293 31.804 3.6052 90 58 33
19.281 31.835 3.5992 108 78 42
19.255 31.848 3.6086 77 53 27
19.278 31.855 3.5957 82 52 26
19.272 31.827 3.6295 110 81 50
19.275 31.871 3.5632 73 48 16
19.271 31.851 3.6398 77 53 17
19.281 31.858 3.5802 83 51 10
19.254 31.846 3.5943 75 54 27
19.256 31.852 3.6232 75 54 25
19.26 31.858 3.6376 77 54 20
19.264 31.839 3.6265 77 53 25
19.271 31.847 3.6112 80 51 20
19.285 31.862 3.5655 75 46 12
19.262 31.854 3.5789 77 50 7
18.982 29.771 3.5335 34 27 1
19.002 29.73 3.5754 38 27 8
18.983 29.664 3.5407 36 24 12
18.973 29.756 3.5676 46 36 11
18.996 29.866 3.3814 74 60 33
18.959 30.012 3.5478 85 60 28
19.05 30.289 3.4456 83 58 35
18.983 30.032 3.4127 85 56 32
19.055 30.071 3.5571 82 57 35
18.986 29.997 3.5869 98 69 38
18.96 30.014 3.5472 85 60 28
18.956 30.013 3.5805 88 59 27
18.998 30.157 3.41 88 62 35
18.984 30.063 3.5138 83 55 26
18.936 29.924 3.4455 80 51 27
18.998 30.006 3.5196 85 60 28
19.006 30.037 3.5524 83 55 28
19.035 30.092 3.4818 84 58 31
18.958 29.989 3.48 79 56 25
18.957 30.185 3.5639 84 56 27
18.953 30.067 3.4758 87 61 34
18.951 30.128 3.4062 81 56 26
18.95 30.085 3.5749 85 56 25
18.919 30.079 3.5029 85 55 31
18.927 30.187 3.5279 67 42 10
19.062 30.472 3.4382 66 41 11
18.841 29.985 3.4972 69 44 24
18.978 30.135 3.5068 84 55 23
19.07 30.496 3.4686 78 53 21
19.057 30.452 3.4096 65 39 16
19.036 30.583 3.571 76 47 15
19.06 30.669 3.4284 71 44 11
18.96 30.388 3.4251 70 42 13
19.041 30.653 3.5401 81 51 23
19.029 30.665 3.4233 70 45 15
18.993 30.402 3.4921 63 32 12
19.083 30.899 3.4721 76 47 15
19.093 30.885 3.5719 94 66 19
19.041 30.767 3.4994 77 49 20
19.008 30.652 3.5601 84 55 15
19.225 31.14 3.5204 82 51 21
19.062 30.803 3.4735 74 45 21
19.088 30.923 3.5432 84 55 23
19.023 30.792 3.5205 80 50 22
19.086 30.958 3.4639 78 47 17
19.08 30.899 3.4944 77 49 18
19.069 30.869 3.4418 74 45 13
19.088 30.967 3.4881 82 52 26
19.082 30.946 3.441 78 48 24
19.056 30.787 3.4456 74 43 12
19.055 30.864 3.5691 85 56 24
19.064 30.818 3.5223 84 52 27
19.079 31.05 3.505 86 54 16
19.058 31.055 3.4788 79 48 20
19.132 31.101 3.5087 84 55 24
19.122 31.079 3.4848 80 49 19
19.104 31.009 3.5595 95 62 27
19.083 31.055 3.482 83 49 24
19.123 31.072 3.4392 78 47 17
19.124 31.078 3.4619 80 51 20
19.081 31.046 3.4573 78 45 10
19.183 31.2 3.5286 91 59 20
19.116 31.126 3.5481 97 59 31
19.118 31.296 3.5294 87 54 19
19.122 31.259 3.5132 84 56 25
19.13 31.307 3.4683 77 46 15
19.103 31.193 3.5614 71 39 1
19.063 31.074 3.5474 92 59 24
19.131 31.321 3.5496 90 59 11
19.111 31.192 3.474 71 40 10
19.1 31.219 3.4912 80 48 23
19.125 31.22 3.4972 74 44 18
19.11 31.205 3.5609 71 39 1
19.108 31.276 3.509 83 52 21
19.134 31.351 3.4652 78 46 23
19.125 31.302 3.4882 80 50 14
19.084 31.117 3.5679 85 51 16
19.127 31.271 3.5344 90 56 31
19.116 31.199 3.4514 71 39 14
19.141 31.321 3.4481 76 45 14
19.094 31.203 3.4481 75 41 16
19.117 31.258 3.5546 93 59 21
19.118 31.246 3.4696 79 45 20
19.132 31.239 3.5394 75 38 0
19.135 31.394 3.5016 83 47 23
19.126 31.349 3.5449 90 57 16
19.127 31.354 3.5651 94 59 11
19.146 31.451 3.5364 88 55 22
19.127 31.384 3.5221 84 53 22
19.148 31.458 3.5561 89 55 17
19.154 31.491 3.4757 77 47 11
19.146 31.377 3.5052 83 52 24
19.143 31.437 3.4594 75 44 16
19.134 31.425 3.4784 80 49 21
19.121 31.339 3.526 88 55 24
19.125 31.338 3.486 81 50 22
19.136 31.433 3.5182 86 55 27
19.155 31.49 3.4571 82 43 22
19.144 31.405 3.4826 81 47 22
19.139 31.396 3.4614 78 43 21
19.148 31.421 3.5407 87 56 25
19.15 31.426 3.5596 90 53 17
19.153 31.457 3.4986 82 48 19
19.155 31.533 3.5444 85 52 21
19.322 31.834 3.4987 79 46 13
19.315 31.821 3.4833 76 48 8
19.185 31.573 3.5083 80 49 21
19.329 31.848 3.5432 84 51 20
19.16 31.504 3.5143 80 51 19
19.144 31.477 3.4943 81 48 17
19.288 31.805 3.4656 74 44 8
19.184 31.571 3.4914 77 47 13
19.321 31.835 3.5286 83 52 22
19.29 31.811 3.4803 78 46 7
19.145 31.486 3.5489 87 54 13
19.156 31.501 3.5297 84 53 9
19.166 31.541 3.473 76 45 15
19.289 31.839 3.524 103 73 39
19.289 31.836 3.5086 104 71 36
19.311 31.847 3.5406 84 52 14
19.269 31.832 3.4914 80 51 20
19.293 31.845 3.5391 106 73 40
19.309 31.841 3.511 79 52 9
19.276 31.846 3.5361 74 50 14
19.272 31.834 3.4761 84 55 31
19.296 31.82 3.4956 77 46 18
19.284 31.858 3.5506 76 50 23
19.314 31.849 3.5257 82 53 19
19.29 31.835 3.4787 99 70 49
19.273 31.84 3.522 86 56 22
19.27 31.834 3.5066 83 54 22
19.258 31.839 3.4738 76 52 26
19.29 31.836 3.494 101 68 35
19.264 31.874 3.5167 71 50 23
19.276 31.892 3.531 74 51 20
19.272 31.861 3.5037 75 49 22
19.257 31.864 3.5018 75 51 23
19.245 31.845 3.4717 72 47 24
19.275 31.867 3.5188 74 49 26
19.278 31.897 3.5448 75 51 23
19.276 31.869 3.5336 75 52 19
19.263 31.847 3.4896 71 51 17
19.281 31.877 3.548 74 48 25
19.251 31.854 3.4862 75 51 25
18.985 29.811 3.3107 65 44 27
18.981 29.881 3.2362 75 53 32
19.006 29.88 3.3477 54 36 12
19 29.943 3.2746 74 55 23
18.977 29.78 3.2722 30 22 1
18.994 30.091 3.2052 81 53 24
18.978 30.061 3.2376 79 54 22
19.004 30.055 3.313 81 55 28
19.036 30.056 3.3506 78 53 21
19.058 30.121 3.3871 79 55 27
18.932 29.969 3.3003 85 58 25
19.024 30.097 3.2791 83 55 28
18.984 30.114 3.3755 89 61 34
19 30.055 3.3449 87 60 27
19.004 30.074 3.3805 88 62 37
18.979 29.898 3.3083 77 54 20
18.952 30.009 3.2677 84 59 29
19.035 30.277 3.2158 88 60 33
19.026 30.091 3.2455 79 55 27
19.029 30.088 3.2095 80 56 22
18.95 30.255 3.272 66 36 10
18.927 30.219 3.3322 68 39 8
18.959 30.213 3.337 75 51 23
18.933 30.207 3.2328 68 40 13
18.95 30.279 3.3623 71 42 21
19.016 30.49 3.3395 67 35 12
18.929 30.125 3.2645 63 37 10
18.891 29.961 3.2961 78 52 27
18.936 30.151 3.2994 73 50 19
18.998 30.31 3.3709 57 31 6
18.933 30.224 3.2989 65 37 0
18.918 30.023 3.3003 79 53 28
18.974 30.476 3.3598 69 39 11
18.986 30.437 3.3992 68 38 20
19.012 30.542 3.3052 65 36 5
19.027 30.645 3.3371 68 38 2
19.014 30.553 3.3344 68 37 6
19.053 30.709 3.3978 69 38 10
19.027 30.626 3.2537 66 35 15
19.045 30.688 3.3678 68 39 8
19.018 30.692 3.3626 69 39 15
19.009 30.668 3.3347 66 37 5
18.882 30.191 3.2865 65 34 13
19.059 30.842 3.4186 68 39 15
19.059 30.887 3.3634 70 43 10
19.096 31.001 3.3167 69 39 11
19.136 31.093 3.4169 74 44 10
19.096 31.014 3.3894 73 43 9
19.096 31.005 3.3408 70 38 13
19.098 30.91 3.3693 66 40 15
19.052 30.859 3.2851 67 36 8
19.095 30.966 3.4166 70 38 13
19.038 30.74 3.3898 69 39 13
19.102 31.016 3.3413 70 38 13
19.075 30.922 3.3908 69 40 18
19.068 30.846 3.3409 66 39 6
19.08 30.879 3.3933 68 39 17
19.098 31.013 3.3657 70 39 9
19.059 30.843 3.4181 68 39 15
19.056 30.881 3.3626 70 43 10
19.132 31.115 3.3212 69 39 13
19.094 30.949 3.3427 63 34 3
19.083 30.924 3.3148 63 35 4
19.077 30.854 3.288 64 35 11
19.102 31.007 3.294 71 40 12
19.087 31.141 3.4058 71 36 7
19.079 31.065 3.3127 68 36 15
19.108 31.18 3.4287 69 37 14
19.046 31.052 3.3076 67 32 12
19.099 31.19 3.3149 64 29 9
19.076 31.109 3.3353 71 37 12
19.099 31.193 3.3375 67 36 8
19.189 31.279 3.4161 73 37 13
19.137 31.13 3.3467 67 37 3
19.145 31.196 3.3913 72 39 6
19.104 31.115 3.3397 69 36 3
19.075 31.116 3.3824 69 36 5
19.068 31.099 3.3586 67 31 5
19.126 31.159 3.366 71 36 6
19.119 31.308 3.338 67 34 0
19.124 31.357 3.3579 69 34 14
19.119 31.268 3.3414 71 37 12
19.13 31.339 3.424 74 43 15
19.118 31.23 3.362 66 34 9
19.123 31.33 3.4439 76 45 14
19.118 31.309 3.3602 66 34 9
19.123 31.248 3.4283 69 41 14
19.118 31.276 3.4046 71 38 5
19.118 31.281 3.4256 76 41 9
19.111 31.262 3.3821 69 35 6
19.121 31.275 3.3611 68 36 11
19.126 31.329 3.4029 72 38 9
19.131 31.365 3.3387 67 35 14
19.117 31.231 3.383 71 38 7
19.119 31.238 3.4063 71 36 7
19.13 31.332 3.3823 67 36 8
19.143 31.398 3.442 76 42 7
19.134 31.414 3.3988 73 38 8
19.126 31.432 3.3577 68 35 18
19.137 31.417 3.3788 72 37 8
19.141 31.417 3.3403 68 37 16
19.144 31.467 3.4186 74 39 7
19.153 31.509 3.3784 69 37 0
19.124 31.36 3.3803 66 36 10
19.161 31.524 3.3984 66 37 3
19.146 31.472 3.4379 76 45 15
19.155 31.451 3.4205 71 41 3
19.135 31.421 3.4398 76 41 19
19.138 31.453 3.3781 71 39 0
19.153 31.506 3.3597 68 33 14
19.14 31.451 3.3403 68 38 12
19.133 31.376 3.4014 68 36 0
19.128 31.44 3.3967 67 31 17
19.124 31.366 3.4212 72 39 6
19.134 31.409 3.3594 69 37 14
19.328 31.856 3.4058 68 38 12
19.314 31.834 3.3881 66 36 8
19.298 31.791 3.4366 70 39 9
19.311 31.857 3.4185 101 72 41
19.16 31.527 3.4342 73 38 18
19.301 31.823 3.4501 73 42 0
19.159 31.528 3.4537 74 41 22
19.306 31.804 3.4521 74 45 5
19.308 31.799 3.3905 64 34 10
19.309 31.832 3.4349 70 40 6
19.16 31.525 3.4166 69 35 6
19.321 31.87 3.4039 53 23 0
19.31 31.827 3.3731 65 36 12
19.305 31.846 3.3872 84 52 31
19.167 31.559 3.3585 68 35 2
19.285 31.869 3.4141 72 47 15
19.245 31.82 3.4581 74 53 8
19.258 31.856 3.411 72 49 18
19.276 31.837 3.4461 98 67 37
19.281 31.842 3.4302 96 63 28
19.294 31.838 3.4633 99 67 26
19.285 31.844 3.3996 97 68 28
19.26 31.838 3.4436 73 47 6
19.265 31.863 3.3803 72 48 20
19.265 31.843 3.428 74 49 19
19.284 31.841 3.384 95 68 31
19.264 31.863 3.3962 73 49 23
19.281 31.84 3.4151 87 54 19
19.279 31.859 3.3986 74 48 21
19.299 31.844 3.4478 101 65 27
19.302 31.847 3.4326 95 65 27
19.279 31.843 3.461 78 48 14
19.272 31.849 3.3822 74 51 20
19.289 31.918 3.398 77 51 26
19.25 31.85 3.4565 75 49 26
19.255 31.854 3.4257 73 46 9
19.255 31.855 3.4417 74 51 9
19.275 31.898 3.382 75 49 22
19.033 30.069 3.1083 56 31 8
19.034 29.976 3.1011 45 26 9
19.084 30.118 3.1534 35 30 11
19.068 30.043 3.0404 43 27 12
19.025 30.036 3.0659 52 30 7
19.02 30.014 3.0267 57 30 9
19.018 30.04 3.1404 79 51 20
19.084 30.096 3.0811 42 24 14
19.033 30.057 3.0666 52 30 7
18.916 29.736 2.9477 55 29 15
18.866 29.924 3.0336 79 54 22
19.012 30.212 3.1781 85 61 27
19.014 30.103 3.0701 73 47 30
18.966 30.062 3.0219 86 58 29
19.024 30.066 3.1748 84 56 27
18.982 30.033 3.0947 83 57 32
18.961 30.07 3.0941 85 59 32
18.997 30.167 3.1401 85 60 30
18.962 30.064 3.0587 86 58 29
18.873 29.95 3.0751 79 52 31
19.031 30.085 3.1768 84 56 27
18.935 30.076 3.0207 78 53 23
19.03 30.121 3.0035 52 23 0
18.962 29.992 3.1268 78 53 21
18.988 30.066 3.1692 81 53 24
19.013 30.088 3.0321 81 56 34
18.957 30.174 3.2042 81 53 22
19.016 30.509 3.1258 61 35 12
18.957 30.229 3.1002 62 36 9
18.95 30.205 3.067 57 33 7
19.005 30.363 3.2151 61 37 11
18.936 30.163 3.0282 48 23 3
18.933 30.263 3.1296 61 31 15
18.981 30.442 3.1464 65 34 22
19.008 30.506 3.1872 64 39 9
19.029 30.661 3.1073 60 35 13
19.05 30.729 3.2309 64 34 6
19.063 30.819 3.2601 63 33 7
19.029 30.612 3.1634 62 35 14
18.958 30.448 3.0807 62 35 14
19.058 30.751 3.2564 64 33 13
18.993 30.541 3.1852 65 35 17
19.067 30.758 3.2059 64 36 5
19.026 30.735 3.1999 63 35 8
19.009 30.683 3.1056 59 35 1
19.02 30.716 3.1663 64 32 11
19.096 30.764 3.239 65 36 12
18.981 30.502 3.1231 63 33 17
18.954 30.578 3.1192 67 36 15
19.063 30.815 3.2334 65 33 8
19.08 30.888 3.1589 65 34 13
19.043 30.81 3.1186 63 35 8
19.073 30.769 3.2075 64 36 5
19.014 30.643 3.1639 64 35 14
19.025 30.733 3.1984 63 35 8
19.013 30.704 3.1646 64 32 11
19.085 30.965 3.2394 69 38 8
19.08 30.952 3.2098 69 39 21
19.078 30.957 3.2648 70 41 10
19.093 31.016 3.1657 69 40 8
19.053 30.888 3.1539 71 38 19
19.043 30.87 3.1507 71 38 19
19.084 30.905 3.2108 64 34 18
19.098 31.029 3.1945 69 41 14
19.081 30.896 3.1815 65 33 12
19.064 30.872 3.2314 60 33 16
19.074 30.924 3.1334 65 35 17
19.121 31.091 3.2943 67 36 15
19.114 31.07 3.2465 69 38 20
19.072 30.893 3.2623 61 34 17
19.113 31.064 3.2212 69 38 17
19.069 30.925 3.1838 71 37 8
19.082 30.903 3.2096 64 34 18
19.113 31.207 3.2699 64 28 14
19.114 31.149 3.1767 70 39 8
19.065 31.036 3.2856 68 36 15
19.114 31.247 3.2496 65 33 12
19.087 31.114 3.2424 70 37 20
19.084 31.066 3.265 67 36 6
19.059 31.097 3.1644 66 34 11
19.069 31.086 3.2631 68 36 11
19.104 31.225 3.2273 66 36 12
19.081 31.183 3.1949 62 33 0
19.072 31.039 3.238 68 37 9
19.106 31.19 3.2457 65 34 13
19.098 31.173 3.2219 59 26 11
19.133 31.394 3.2561 67 36 6
19.107 31.241 3.2923 68 33 1
19.126 31.342 3.2318 66 34 21
19.113 31.288 3.2731 63 30 11
19.136 31.37 3.3192 65 34 3
19.131 31.359 3.2969 65 32 15
19.123 31.301 3.2532 65 34 6
19.135 31.327 3.2982 64 34 10
19.135 31.4 3.2759 69 38 17
19.122 31.293 3.208 64 33 13
19.106 31.284 3.3153 65 33 10
19.111 31.246 3.2718 71 36 7
19.112 31.316 3.2084 65 32 13
19.139 31.366 3.2559 64 34 8
19.131 31.387 3.2333 64 33 2
19.134 31.362 3.2765 66 37 13
19.115 31.259 3.3145 63 33 0
19.114 31.283 3.2281 66 35 7
19.123 31.371 3.2108 64 31 14
19.136 31.475 3.3175 68 35 4
19.145 31.482 3.2604 71 35 19
19.145 31.479 3.2394 65 34 16
19.128 31.393 3.3176 66 33 14
19.141 31.438 3.2385 70 36 7
19.137 31.441 3.2982 68 36 15
19.133 31.429 3.2566 67 34 15
19.158 31.506 3.3021 66 36 12
19.137 31.437 3.2772 68 37 16
19.156 31.533 3.2819 66 35 5
19.167 31.544 3.2462 66 34 9
19.145 31.455 3.32 70 37 2
19.148 31.489 3.2805 67 37 1
19.138 31.407 3.2979 67 35 20
19.172 31.562 3.3235 69 34 5
19.155 31.529 3.2614 64 33 15
19.163 31.546 3.3026 68 37 16
19.145 31.492 3.3386 65 34 3
19.3 31.837 3.3712 93 65 38
19.309 31.823 3.357 67 37 13
19.297 31.831 3.3545 62 34 0
19.288 31.842 3.3379 97 67 29
19.29 31.842 3.3216 93 65 26
19.304 31.815 3.3401 67 36 5
19.3 31.83 3.3079 68 35 16
19.295 31.824 3.3224 75 44 14
19.158 31.543 3.34 67 33 4
19.289 31.819 3.3374 69 34 2
19.296 31.848 3.2909 92 63 32
19.301 31.808 3.3233 66 36 12
19.293 31.845 3.3066 93 66 33
19.31 31.842 3.2934 57 28 0
19.29 31.788 3.2887 66 38 11
19.292 31.789 3.2749 60 33 0
19.299 31.804 3.3073 66 36 12
19.246 31.856 3.3311 75 49 22
19.264 31.86 3.3652 71 47 11
19.271 31.867 3.3494 71 50 23
19.261 31.829 3.3332 78 48 20
19.252 31.838 3.3161 72 48 22
19.269 31.84 3.3501 74 50 22
19.285 31.841 3.3683 95 66 26
19.271 31.839 3.3033 73 51 27
19.26 31.847 3.3012 72 48 10
19.248 31.857 3.3158 76 51 21
19.248 31.856 3.2996 72 48 14
19.275 31.842 3.288 72 48 22
19.261 31.852 3.3334 71 44 23
19.267 31.84 3.3663 72 49 7
19.249 31.832 3.2833 71 45 20
19.275 31.845 3.3195 73 47 24
19.289 31.845 3.3529 95 65 29
19.251 31.864 3.348 75 49 22
19.258 31.875 3.3643 72 49 18
19.094 30.149 2.879 37 24 16
19.086 30.119 2.8378 36 23 15
18.982 29.882 2.8987 52 28 14
19.045 30.032 2.892 52 27 4
19.022 30.09 2.9631 53 27 4
19.051 30.133 2.8702 53 29 3
19.011 30.019 2.8058 55 28 7
18.928 29.632 2.8613 29 20 11
19.043 29.994 2.7742 36 26 14
19.027 30.081 2.8951 48 24 12
18.908 29.702 2.9061 54 30 18
19 30.026 2.9147 50 24 9
19.029 30.157 2.8307 79 52 31
19.001 29.981 2.7631 51 30 3
18.942 30.034 2.7984 81 55 30
18.945 30.003 2.9782 79 54 22
18.952 30.173 2.9273 75 50 18
18.873 29.98 2.8546 79 51 24
19.011 30.124 2.8574 79 53 28
18.982 30.072 2.9184 77 52 22
18.92 29.932 2.9295 77 54 20
19 30.105 2.8893 74 52 28
19.028 30.268 2.9491 82 55 22
18.96 30.088 2.8432 82 54 25
18.966 30.112 2.8852 82 53 29
18.964 30.366 2.9802 55 25 0
19.132 30.669 3.0424 54 31 0
18.871 30.137 2.8372 58 31 14
19.039 30.45 2.9709 57 30 9
18.974 30.459 2.9897 62 31 10
19.433 31.553 3.1186 63 33 17
19.431 31.553 3.1375 66 34 19
19.075 30.868 3.0993 58 33 13
19.032 30.759 2.9717 66 40 17
19.039 30.778 3.0057 67 38 17
19.097 30.947 3.035 63 37 14
19.422 31.571 3.1194 64 34 6
19.062 30.766 3.0088 63 37 14
19.003 30.719 3.05 62 34 5
19.023 30.736 2.9384 64 37 2
19.045 30.797 3.0339 64 35 14
19.433 31.597 3.1432 66 37 16
19.124 31.113 3.1266 73 38 19
19.09 31.037 3.0422 53 30 0
19.058 30.928 3.0213 83 54 33
19.056 31.027 3.0588 69 40 9
19.055 30.925 3.0482 75 45 21
19.083 30.988 3.1131 68 38 4
19.104 31.081 3.1454 68 38 14
19.054 30.929 3.0758 72 39 4
19.154 31.164 3.1149 69 39 5
19.063 30.889 3.0436 66 35 7
19.054 30.88 3.1001 67 39 10
19.034 30.983 3.0237 75 44 13
19.04 31.051 3.0823 65 33 12
19.112 31.229 3.1576 64 33 3
19.107 31.216 3.1306 71 36 6
19.135 31.293 3.0778 68 37 17
19.117 31.242 3.1808 65 35 21
19.085 31.171 3.0775 70 41 9
19.123 31.278 3.0957 71 41 17
19.102 31.246 3.1111 70 36 11
19.067 31.051 3.0883 69 38 17
19.048 31.07 3.1114 58 27 0
19.095 31.185 3.0578 61 32 11
19.087 31.097 3.1458 68 37 6
19.081 31.082 3.1188 67 36 5
19.104 31.253 3.1349 64 34 0
19.038 31.056 3.1338 61 28 0
19.089 31.183 3.102 69 40 19
19.114 31.309 3.1397 65 35 7
19.106 31.299 3.1616 66 36 0
19.118 31.388 3.1257 70 39 19
19.121 31.364 3.1895 64 31 14
19.112 31.272 3.1828 65 36 2
19.126 31.366 3.1478 67 37 13
19.121 31.362 3.1688 64 30 1
19.14 31.431 3.1969 64 33 2
19.103 31.287 3.1149 69 40 19
19.133 31.417 3.1717 66 33 2
19.115 31.3 3.0743 67 38 0
19.114 31.337 3.0768 70 36 7
19.132 31.413 3.1516 69 36 1
19.126 31.369 3.1698 64 30 1
19.111 31.374 3.1024 70 39 8
19.134 31.377 3.1286 69 38 20
19.122 31.353 3.1027 67 38 14
19.108 31.263 3.1594 66 33 0
19.119 31.311 3.0968 70 41 17
19.138 31.423 3.1518 67 35 14
19.1 31.357 3.0982 70 39 8
19.122 31.329 3.1884 64 33 12
19.132 31.451 3.1749 64 34 10
19.145 31.506 3.2013 63 34 0
19.131 31.478 3.1355 69 35 23
19.151 31.545 3.1848 68 37 17
19.143 31.439 3.2177 66 33 2
19.141 31.466 3.1989 67 33 0
19.129 31.472 3.1148 68 35 0
19.149 31.516 3.2222 63 34 3
19.141 31.457 3.1153 68 36 0
19.134 31.451 3.1544 63 34 12
19.151 31.548 3.2033 66 35 5
19.146 31.505 3.1815 61 35 10
19.16 31.551 3.1276 67 37 3
19.148 31.48 3.2197 65 36 2
19.163 31.56 3.1682 68 38 4
19.155 31.481 3.1404 70 39 19
19.139 31.493 3.1584 68 38 4
19.146 31.468 3.1373 70 40 16
19.174 31.575 3.1515 67 37 21
19.309 31.838 3.261 64 35 1
19.298 31.849 3.2761 94 65 25
19.289 31.851 3.1939 89 60 16
19.299 31.844 3.2277 93 65 26
19.282 31.846 3.2407 76 49 16
19.296 31.839 3.2104 101 61 34
19.306 31.827 3.2113 65 35 11
19.297 31.846 3.2597 93 63 27
19.303 31.821 3.1936 63 37 10
19.301 31.849 3.2439 93 62 34
19.304 31.828 3.244 66 35 5
19.301 31.828 3.2752 65 38 1
19.305 31.828 3.2276 65 34 13
19.282 31.844 3.2084 76 46 20
19.277 31.838 3.224 85 57 26
19.273 31.836 3.2551 73 45 8
19.285 31.821 3.1904 93 64 24
19.275 31.865 3.2727 68 46 22
19.252 31.857 3.2689 72 50 1
19.258 31.86 3.2219 76 51 29
19.254 31.858 3.253 69 47 6
19.249 31.854 3.2683 72 50 1
19.256 31.859 3.2373 75 49 24
19.263 31.841 3.2054 71 46 23
19.274 31.862 3.2567 70 48 9
19.271 31.856 3.2402 72 51 8
19.248 31.854 3.2843 72 51 24
19.257 31.858 3.2054 70 48 9
19.267 31.897 3.2419 74 50 24
19.265 31.846 3.222 72 49 18
19.244 31.864 3.2032 68 48 0
19.274 31.839 3.2713 70 44 17
19.254 31.879 3.2229 73 50 17
19.036 29.858 2.7165 28 21 3
18.961 29.539 2.6425 24 15 0
19.009 30.096 2.7817 76 51 31
19.017 30.072 2.6325 49 25 15
19.052 30.055 2.6004 44 22 7
19.022 30.118 2.7516 59 34 14
19.053 30.092 2.7158 52 30 17
19.067 30.105 2.6517 46 28 14
19.051 30.168 2.6948 44 22 7
18.984 30.082 2.6298 75 50 27
19.009 30.134 2.6079 76 50 27
19.07 30.089 2.5749 43 27 4
19.028 29.943 2.7235 31 20 14
18.929 29.786 2.6795 46 23 15
19.007 30.037 2.5873 47 24 8
18.999 30.049 2.7007 63 45 25
19.07 30.091 2.5753 43 27 4
19.067 30.117 2.6901 45 25 14
18.905 30.112 2.7659 57 31 4
18.952 30.085 2.5872 70 48 11
18.955 30.103 2.6288 74 51 20
18.963 30.054 2.6926 79 55 27
18.913 30.09 2.6213 70 45 23
18.972 30.065 2.6598 78 52 29
18.866 29.973 2.5499 64 41 23
19.03 30.447 2.7448 63 36 17
18.925 29.971 2.71 79 55 29
19.014 30.262 2.7401 75 50 27
18.959 30.278 2.6632 65 35 21
18.94 30.019 2.758 80 55 25
18.978 30.167 2.6798 79 53 30
18.912 30.287 2.7939 59 35 7
18.966 30.459 2.7666 66 39 18
18.841 30.063 2.7813 58 28 2
18.958 30.436 2.7259 67 39 26
18.945 30.324 2.6713 60 33 16
18.999 30.582 2.7303 63 34 12
18.997 30.534 2.8151 63 36 17
18.831 30.029 2.74 59 30 6
18.899 30.234 2.6764 62 35 18
18.958 30.396 2.8518 60 33 12
19 30.619 2.89 65 37 10
19.028 30.773 2.8014 68 39 15
18.993 30.593 2.8221 63 36 19
19.076 30.891 2.9421 65 39 12
19.066 30.878 2.9623 65 36 4
19.001 30.66 2.7718 69 41 12
18.936 30.554 2.8675 67 39 10
18.999 30.661 2.8063 69 41 14
19.029 30.708 2.7601 69 41 14
19.082 30.963 2.9757 71 39 24
19.089 31.054 2.8933 73 44 10
19.094 31.029 2.9647 66 40 13
18.919 30.646 2.8775 69 43 16
19.125 31.117 2.8832 72 41 21
19.107 31.272 2.9771 66 38 9
19.106 31.241 3.0433 70 35 13
19.111 31.291 3.05 69 36 17
19.117 31.282 2.934 71 41 3
19.107 31.239 3.02 72 39 6
19.116 31.281 2.9338 71 41 3
19.096 31.205 2.9156 68 40 11
19.115 31.282 2.9566 68 39 17
19.111 31.286 3.026 70 42 5
19.075 31.224 2.9867 68 38 14
19.148 31.305 3.0124 70 40 24
19.104 31.196 3.0364 73 34 11
19.115 31.376 3.0817 73 38 9
19.132 31.43 3.0248 71 38 21
19.133 31.429 3.005 71 40 20
19.123 31.426 3.0862 71 37 8
19.13 31.39 3.0223 72 43 21
19.109 31.322 3.0289 72 39 8
19.127 31.428 3.0688 68 36 13
19.125 31.346 3.0139 68 38 12
19.131 31.386 2.9763 71 41 5
19.109 31.315 2.9836 68 42 19
19.138 31.442 3.0515 73 43 19
19.09 31.282 2.9512 71 42 10
19.114 31.334 3.0551 71 43 6
19.124 31.45 3.0063 69 36 19
19.121 31.413 3.0204 71 38 21
19.122 31.384 3.0626 71 38 19
19.103 31.345 2.9857 69 42 21
19.127 31.389 3.0425 71 41 7
19.121 31.407 2.9774 72 42 6
19.14 31.511 3.0395 71 42 21
19.149 31.532 3.1035 69 38 10
19.274 31.774 3.1331 70 40 12
19.147 31.491 3.0567 69 40 18
19.14 31.478 3.0337 69 38 18
19.286 31.792 3.155 65 37 8
19.319 31.859 3.1023 46 16 0
19.297 31.811 3.1753 65 33 10
19.297 31.828 3.1101 61 32 11
19.311 31.823 3.1134 74 46 19
19.135 31.478 3.095 69 38 8
19.141 31.517 3.0798 68 39 7
19.142 31.487 3.0762 68 39 8
19.142 31.516 3.0601 70 40 12
19.117 31.439 3.003 69 36 19
19.29 31.851 3.1782 86 56 20
19.321 31.914 3.1578 90 61 30
19.296 31.854 3.1298 81 52 21
19.273 31.8 3.1527 93 63 35
19.267 31.841 3.1567 101 71 35
19.324 31.891 3.1241 63 33 9
19.31 31.919 3.1254 77 48 16
19.269 31.846 3.1737 75 47 18
19.317 31.907 3.1411 81 52 28
19.293 31.872 3.1164 73 45 18
19.307 31.846 3.1478 66 36 8
19.306 31.844 3.1309 78 52 27
19.291 31.849 3.1448 89 60 20
19.302 31.911 3.1386 78 49 25
19.295 31.857 3.1628 92 62 26
19.278 31.809 3.1713 91 63 34
19.335 31.905 3.1125 58 33 3
19.285 31.841 3.1427 89 60 20
19.264 31.861 3.1589 105 74 44
19.306 31.937 3.1267 79 44 12
19.256 31.854 3.1717 72 47 25
19.241 31.858 3.1871 70 50 16
19.239 31.854 3.1712 73 48 25
19.254 31.852 3.1879 69 48 21
19.314 31.948 3.146 78 52 27
19.261 31.838 3.1876 73 47 20
19.296 31.903 3.1522 93 65 28
19.245 31.861 3.1545 93 64 32
19.294 31.901 3.1507 88 60 23
18.998 30.061 2.4417 77 51 34
19.082 30.158 2.4085 49 26 18
19.007 30.175 2.4721 74 48 23
19.017 30.131 2.5369 73 50 19
19.008 30.098 2.49 69 46 28
19.015 30.137 2.5748 76 50 25
18.939 29.841 2.4535 46 21 0
18.962 30.044 2.3555 74 49 27
19.037 30.148 2.4359 47 26 7
19.016 30.084 2.376 54 33 14
19.02 29.946 2.4962 45 24 5
18.982 29.961 2.5284 44 21 5
18.957 30.042 2.3928 75 51 17
18.873 29.976 2.5146 73 46 25
18.945 30.239 2.6194 61 34 17
18.95 30.049 2.4668 78 54 26
19.038 30.477 2.5241 61 34 15
19.004 30.263 2.5291 72 49 18
18.947 30.051 2.5034 77 50 29
18.918 29.992 2.5229 82 52 26
18.922 30.326 2.5609 60 34 17
18.998 30.55 2.5964 64 38 11
19.013 30.603 2.7066 64 34 16
18.925 30.305 2.4522 57 32 10
18.919 30.301 2.4874 60 35 13
18.999 30.559 2.6309 63 36 17
18.98 30.497 2.5145 61 35 12
19.005 30.557 2.569 62 36 22
18.977 30.521 2.6517 63 36 17
19.041 30.848 2.7895 69 39 13
19.062 30.878 2.7435 68 39 17
19.058 30.926 2.7526 73 42 12
19.039 30.729 2.7663 68 39 15
19.063 30.946 2.8121 76 43 12
19.067 30.947 2.7864 72 43 19
19.064 30.924 2.7001 71 42 18
19.036 30.878 2.7127 73 42 22
19.029 30.768 2.7717 67 39 10
19.007 30.657 2.7163 69 40 16
19.1 31.065 2.8433 76 45 14
19.114 31.119 2.7538 72 40 17
19.066 31.056 2.8601 68 38 2
19.057 31.036 2.8285 67 38 14
18.973 30.879 2.7523 74 42 17
19.095 31.051 2.8119 70 40 16
19.042 31.086 2.7314 74 38 26
19.053 30.964 2.7293 75 43 22
19.116 31.129 2.7809 73 41 20
19.108 31.165 2.8109 63 34 10
19.084 31.117 2.7738 73 42 21
19.069 31.086 2.738 70 41 10
19.05 30.959 2.7289 75 43 22
19.089 31.083 2.7931 76 46 22
19.08 31.123 2.8502 57 26 5
19.039 31.081 2.729 74 38 26
19.074 31.007 2.7747 77 46 15
19.113 31.316 2.9387 70 40 2
19.102 31.252 2.9027 72 41 21
19.102 31.287 2.8616 69 42 21
19.606 32.163 3.1232 66 36 12
19.075 31.156 2.8308 70 40 12
19.602 32.22 3.1457 74 44 18
19.088 31.182 2.864 71 41 17
19.107 31.252 2.8582 71 41 15
19.098 31.243 2.875 71 41 17
19.073 31.162 2.8807 72 42 8
19.069 31.14 2.8012 73 42 14
19.107 31.301 2.9138 71 41 15
19.098 31.284 2.8832 72 42 14
19.606 32.184 3.1419 70 40 12
19.162 31.53 2.9442 68 41 20
19.13 31.382 2.9516 72 39 4
19.607 32.243 3.1394 70 41 7
19.603 32.239 3.1504 68 42 17
19.112 31.345 2.8984 72 41 20
19.121 31.405 2.9541 73 44 4
19.131 31.452 2.9445 70 37 18
19.118 31.351 2.8767 73 43 17
19.107 31.379 2.9267 71 39 14
19.127 31.373 2.9297 72 40 17
19.122 31.434 2.9192 70 37 20
19.597 32.249 3.1516 71 43 6
19.11 31.377 2.8823 72 44 7
19.126 31.405 2.9129 73 41 20
19.338 31.879 3.0614 47 15 0
19.322 31.877 3.024 51 28 20
19.329 31.846 3.0854 70 38 0
19.327 31.84 3.0666 68 37 9
19.314 31.842 3.0326 31 4 0
19.32 31.878 3.0567 50 34 8
19.324 31.882 3.0422 60 39 22
19.174 31.551 2.971 69 40 8
19.311 31.814 3.0437 73 42 22
19.311 31.843 3.065 66 30 16
19.332 31.943 3.0867 63 36 17
19.328 31.937 3.069 62 34 21
19.354 31.997 3.115 60 33 0
19.323 31.886 3.0913 62 36 19
19.325 31.887 3.0752 54 26 23
19.321 31.908 3.1107 63 34 2
19.32 31.901 3.0448 65 36 4
19.337 31.971 3.0767 66 35 14
19.333 31.949 3.1177 58 35 1
19.328 31.958 3.0573 65 40 17
19.333 31.941 3.0551 61 34 13
19.327 31.955 3.0407 65 37 6
19.329 31.934 3.037 62 33 2
19.33 31.917 3.0664 63 35 21
19.331 31.964 3.0907 65 36 15
19.342 31.937 3.1039 63 33 15
19.311 31.887 3.0237 59 32 13
19.336 31.989 3.0496 62 34 20
19.328 31.916 3.0813 60 35 13
19.329 31.941 3.1004 63 39 3
19.328 31.981 3.0767 59 33 19
19.355 32.037 3.0921 59 33 18
19.339 31.994 3.0665 61 36 13
19.34 32.017 3.071 61 33 6
19.331 31.968 3.1194 60 33 12
19.341 32 3.0979 63 33 15
19.328 31.981 3.0767 59 33 19
20.392 29.426 1.9387 119 83 57
20.282 29.522 1.9115 122 85 43
20.318 29.649 1.9732 120 86 51
20.341 29.91 2.1314 122 85 49
20.156 29.367 1.8539 122 86 46
20.196 29.35 1.8518 122 86 46
20.189 29.356 1.9069 120 82 53
20.143 29.365 1.938 95 56 33
19.947 29.384 1.8541 119 85 47
19.809 29.661 1.9698 116 83 48
19.106 30.209 2.3936 31 21 20
19.05 30.052 2.2974 42 28 15
18.982 30.082 2.3312 73 47 32
18.945 30.049 2.1992 73 51 27
18.994 30.087 2.2641 71 49 26
18.915 29.989 2.2138 74 50 24
19.019 30.137 2.2452 64 46 36
18.993 29.979 2.1866 30 20 11
18.9 29.753 2.1385 43 20 12
18.953 29.9 2.2345 44 21 3
18.949 30.047 2.1629 70 49 22
19.039 30.177 2.2243 29 10 4
18.906 29.978 2.2483 72 50 27
19.025 30.174 2.3316 72 47 25
19.013 30.064 2.3313 43 18 13
18.956 30.286 2.4201 60 30 16
18.906 30.126 2.179 57 35 14
18.73 29.735 2.0572 58 40 26
18.941 30.083 2.3618 73 47 22
18.965 30.174 2.2096 72 47 25
18.886 30.045 2.3414 59 33 16
18.917 30.19 2.3516 56 31 24
18.933 30.055 2.3141 67 46 15
18.896 29.955 2.2395 72 50 27
19.01 30.289 2.2919 71 49 26
18.976 30.473 2.442 58 31 12
18.959 30.508 2.4438 59 34 12
18.958 30.442 2.4609 55 34 5
19.022 30.704 2.5125 62 35 14
19.034 30.792 2.5726 60 32 19
18.971 30.662 2.4939 62 36 22
19.045 30.865 2.5681 65 38 17
19.048 30.883 2.6268 67 38 6
19.034 30.799 2.6074 62 36 9
19.083 30.932 2.5676 59 32 23
19.064 30.951 2.566 61 33 19
19.058 30.951 2.6204 65 35 9
19.037 30.906 2.573 66 36 2
19.046 30.88 2.626 67 38 6
19.048 30.877 2.601 60 34 20
19.048 30.914 2.5264 62 32 6
19.055 30.986 2.5766 63 35 8
19.037 30.948 2.5318 64 31 14
19.038 30.8 2.5745 60 32 19
19.043 30.843 2.473 56 34 0
19.03 30.991 2.5729 62 35 18
19.058 31.061 2.7035 63 31 10
19.067 31.073 2.6815 68 37 6
19.108 31.098 2.6967 71 37 8
19.086 31.063 2.7103 75 40 8
19.009 30.959 2.5845 66 34 11
19.092 31.06 2.6303 69 37 24
19.113 31.182 2.6202 59 30 8
19.107 31.092 2.6662 67 38 7
19.101 31.301 2.726 67 38 4
19.102 31.299 2.7015 64 34 16
19.126 31.385 2.7759 66 40 17
19.076 31.211 2.6459 68 34 5
19.105 31.349 2.7369 67 38 17
19.098 31.301 2.7469 65 35 21
19.105 31.315 2.7762 66 35 14
19.118 31.321 2.6887 62 33 11
19.109 31.351 2.7171 64 35 4
19.086 31.31 2.676 65 32 17
19.129 31.43 2.8088 66 36 10
19.101 31.375 2.7213 64 33 2
19.12 31.445 2.7665 62 38 12
19.132 31.459 2.7527 66 33 14
19.117 31.405 2.7544 68 39 17
19.117 31.407 2.7788 67 39 12
19.144 31.514 2.768 61 31 17
19.608 32.243 3.1283 67 38 7
19.096 31.341 2.7801 69 34 14
19.126 31.411 2.7156 62 35 16
19.315 31.886 2.9748 62 36 21
19.314 31.864 3.0034 58 34 8
19.302 31.839 2.9275 54 26 12
19.316 31.886 2.9583 55 29 6
19.31 31.85 2.9323 54 26 12
19.317 31.835 2.9294 54 17 7
19.311 31.823 2.9076 47 17 0
19.296 31.833 2.9414 48 31 23
19.313 31.88 2.9399 59 33 19
19.326 31.849 2.9517 56 29 18
19.31 31.857 2.9842 59 36 3
19.317 31.835 2.9289 54 17 7
19.309 31.853 2.9656 51 23 9
19.318 31.841 2.965 54 24 8
19.32 31.888 2.9263 61 32 8
19.309 31.847 2.9135 42 24 0
19.317 31.891 2.9918 61 31 17
19.328 31.95 2.9776 59 33 19
19.319 31.936 2.9554 56 34 19
19.334 31.984 3.0175 58 31 14
19.328 31.954 3.0248 59 36 5
19.331 31.978 3.0003 59 33 16
19.329 31.926 2.9558 57 30 21
19.329 31.933 3.0211 60 33 12
19.325 31.926 3.0033 62 37 5
19.318 31.909 2.9323 55 33 20
19.321 31.918 2.9843 64 36 7
19.315 31.909 2.9646 62 34 20
19.331 31.956 2.9941 59 30 8
19.337 31.989 3.0346 64 34 18
19.326 31.969 2.9811 61 34 17
19.333 31.977 2.9687 58 27 19
19.324 31.948 3.0075 62 33 9
19.326 31.943 2.9434 54 29 0
19.32 31.897 3.0114 59 32 15
19.33 32 3.0354 61 37 9
19.325 31.993 3.0176 58 33 10
19.334 32.008 3.0531 60 35 3
19.331 31.997 2.9894 62 36 11
19.33 31.997 3.0043 60 31 23
20.489 29.735 1.8489 117 82 50
20.519 29.546 1.8917 117 83 48
20.504 29.418 1.7431 119 84 52
20.444 29.899 1.9239 116 81 49
20.481 29.676 1.8975 118 84 49
20.525 29.555 1.859 117 83 48
20.442 29.462 1.8805 120 84 46
20.403 29.502 1.8853 120 86 51
20.298 29.78 1.9078 119 85 50
20.326 29.565 1.8928 117 83 45
20.268 29.88 1.9096 118 83 51
20.263 29.847 1.9222 121 86 54
20.257 29.74 1.9133 120 86 49
20.331 29.604 1.8727 119 84 52
20.303 29.916 1.9295 117 82 52
20.336 29.951 1.9563 116 83 50
20.345 29.832 1.8634 119 84 54
20.289 29.475 1.8474 118 85 44
20.362 29.62 1.9279 118 84 49
20.335 29.977 1.9683 116 83 50
20.204 29.439 1.8546 121 87 50
20.219 29.615 1.8557 121 85 47
20.213 29.635 1.8941 120 86 51
20.192 29.848 1.9096 120 86 49
20.17 29.664 1.9398 119 85 50
20.182 29.631 1.8496 122 85 51
20.219 29.597 1.8449 121 85 47
20.15 29.826 1.9243 120 86 51
20.176 29.625 1.8841 119 85 50
20.244 29.525 1.9026 119 84 54
20.226 29.72 1.8591 119 84 52
20.234 29.921 1.9119 120 86 51
20.07 29.672 1.8327 120 85 53
20.055 29.619 1.8936 120 87 46
20.139 29.653 1.8861 119 84 52
20.143 31.87 2.8457 122 85 49
20.058 29.981 1.9341 119 82 48
20.066 29.711 1.8935 120 85 53
20.102 29.682 1.8927 119 85 48
20.114 29.829 1.9222 122 85 49
20.093 29.62 1.9034 121 87 50
20.133 29.672 1.9347 123 87 47
20.085 29.86 1.894 122 85 51
19.969 29.586 1.8979 119 85 50
19.985 29.706 1.9136 119 85 50
20.017 29.622 1.8866 118 84 49
19.932 29.607 1.9026 120 84 44
20.03 29.723 1.8911 122 85 53
20.024 29.994 1.9351 118 84 49
20.043 29.84 1.9025 119 85 48
19.947 29.705 1.9058 121 85 47
20.006 29.546 1.8875 121 88 47
20.009 29.874 1.9132 119 86 53
19.998 29.799 1.9168 121 87 50
19.898 29.594 1.8435 118 84 49
19.922 29.569 1.9233 117 84 43
19.849 29.619 1.9236 116 84 46
19.882 29.805 1.931 118 84 46
19.905 29.916 1.9091 121 84 50
19.878 29.772 1.9164 118 84 46
19.858 29.643 1.8955 115 83 45
19.855 29.846 1.897 117 83 46
19.84 29.768 1.9044 117 83 48
19.887 29.609 1.9358 116 82 45
19.895 29.629 1.8996 118 84 47
19.859 29.833 1.8552 118 84 49
19.745 29.892 1.9347 98 66 41
19.794 29.944 1.9325 96 66 32
19.774 29.562 1.8017 117 85 47
19.809 29.776 1.8617 119 85 50
19.82 29.705 1.9534 115 83 45
19.758 29.485 1.8022 120 83 47
19.758 29.947 1.9251 97 65 42
19.824 29.686 1.9092 118 84 46
19.722 29.945 1.9096 99 68 40
19.685 29.759 1.8611 97 67 39
19.673 29.906 1.9218 99 68 40
18.983 30.106 2.1153 66 46 22
18.952 30.089 1.9869 80 55 23
18.934 29.877 1.9814 23 13 21
18.867 29.697 1.8587 68 47 30
19.025 30.13 2.1663 35 17 3
19.006 30.129 2.0143 80 52 21
18.966 30.076 2.1376 69 48 17
18.95 30.129 2.1522 69 47 6
19.03 30.209 2.1241 63 47 24
19.025 30.187 2.0787 71 48 30
18.925 30.058 2.0854 67 46 25
18.887 29.959 2.0006 70 45 22
18.759 29.644 1.8118 68 46 23
18.975 29.993 2.0722 39 26 10
18.781 29.805 1.9256 48 31 23
18.765 29.78 1.9514 54 38 25
19.154 31.199 2.5854 63 32 24
19.092 31.083 2.5071 64 34 20
19.063 30.936 2.509 59 31 2
19.068 30.999 2.5256 62 33 2
19.054 31.068 2.5194 60 33 14
19.083 31.157 2.5039 55 28 7
19.05 31.098 2.4754 59 32 11
19.045 31.108 2.584 63 33 7
19.052 31.059 2.4895 58 29 8
19.077 31.195 2.5398 62 35 24
19.037 31.028 2.4478 58 30 16
19.066 31.141 2.5743 61 32 0
19.122 31.147 2.5847 63 32 4
19.046 31.101 2.5287 63 33 17
19.041 31.088 2.4955 59 32 15
19.112 31.348 2.669 65 34 4
19.107 31.3 2.6551 63 31 6
19.07 31.236 2.6028 59 30 6
19.096 31.319 2.6316 65 37 10
19.076 31.282 2.595 64 34 16
19.1 31.281 2.6008 63 36 19
19.094 31.236 2.6327 62 33 2
19.062 31.179 2.5835 58 31 14
19.064 31.178 2.5573 67 35 10
19.093 31.265 2.5674 61 35 20
19.114 31.385 2.6589 65 33 8
19.073 31.276 2.5923 64 34 16
19.089 31.339 2.5942 63 35 4
19.128 31.48 2.69 65 35 21
19.118 31.459 2.6381 62 33 11
19.105 31.405 2.6398 64 38 21
19.149 31.518 2.7504 60 32 3
19.122 31.474 2.7097 61 33 20
19.142 31.47 2.7135 61 32 1
19.111 31.419 2.6686 66 36 22
19.104 31.373 2.6764 67 33 21
19.107 31.405 2.6177 65 35 9
19.149 31.518 2.75 60 32 3
19.134 31.523 2.7047 48 20 7
19.115 31.43 2.7179 63 32 4
19.126 31.475 2.6668 60 32 19
19.312 31.872 2.8863 59 35 7
19.309 31.864 2.8508 63 39 13
19.317 31.852 2.8653 40 21 4
19.326 31.914 2.8863 63 35 21
19.312 31.874 2.9043 58 33 3
19.306 31.885 2.8553 63 36 25
19.277 31.822 2.8462 59 31 17
19.319 31.85 2.8313 33 19 19
19.317 31.851 2.8473 45 20 13
19.3 31.848 2.8275 59 34 4
19.31 31.889 2.8408 62 36 9
19.316 31.905 2.9138 58 34 6
19.303 31.886 2.8888 61 35 8
19.331 31.991 2.9261 56 30 7
19.328 31.991 2.9562 61 31 7
19.33 31.971 2.951 53 32 5
19.318 31.949 2.8791 56 34 23
19.323 31.935 2.9091 58 34 20
19.315 31.969 2.9001 58 30 19
19.319 31.978 2.9346 60 34 7
19.332 31.993 2.9264 56 30 7
19.343 32.027 2.924 46 31 2
19.314 31.921 2.8866 61 35 21
19.328 32.006 2.8982 43 25 1
19.322 31.931 2.874 54 32 17
19.322 31.936 2.924 60 32 5
19.317 31.951 2.9115 59 35 9
19.317 31.949 2.8947 59 35 7
19.323 31.96 2.9324 56 32 6
19.337 31.996 2.8977 61 35 21
19.353 32.043 2.9764 41 23 3
19.341 32.026 2.9379 51 28 0
19.353 32.042 2.961 51 22 0
19.039 30.014 3.9741 90 66 40
19.133 31.092 3.8323 139 102 58
19.128 31.086 3.8564 151 110 64
19.115 31.197 3.8501 106 72 34
19.117 31.205 3.8664 73 41 20
19.122 31.167 3.8573 126 88 51
19.138 31.2 3.8732 124 91 46
19.125 31.13 3.8701 135 97 58
19.112 31.102 3.8539 130 95 47
19.074 31.208 3.8427 112 77 45
19.134 31.271 3.8343 99 65 40
19.14 31.358 3.8334 109 76 43
19.121 31.245 3.8172 75 44 16
19.151 31.373 3.8123 111 78 43
19.143 31.321 3.8037 109 76 45
19.154 31.452 3.809 102 70 31
19.154 31.486 3.8197 101 69 31
19.141 31.462 3.7879 97 64 29
19.15 31.447 3.829 101 71 35
19.131 31.379 3.8243 105 73 35
19.153 31.482 3.8017 99 68 37
19.131 31.377 3.8075 103 70 39
19.156 31.451 3.7914 97 67 31
19.307 31.826 3.7291 87 57 33
19.306 31.827 3.744 92 61 33
19.302 31.823 3.7589 91 60 29
19.295 31.833 3.7273 85 51 13
19.27 31.828 3.7699 106 75 44
19.272 31.853 3.7485 78 57 28
19.296 31.838 3.7547 107 76 48
19.274 31.857 3.763 78 52 27
19.294 31.834 3.7412 87 59 32
19.267 31.822 3.7568 107 73 44
19.276 31.832 3.7401 105 74 43
19.278 31.858 3.7343 83 53 25
18.947 29.602 3.824 44 37 11
19 29.79 3.9435 56 45 23
19.023 30.026 3.8376 92 64 35
19.036 30.068 3.8651 94 67 34
18.971 29.679 3.8533 48 37 7
19.05 30.003 3.8457 74 63 44
19.018 30.051 3.9628 86 60 37
18.972 29.704 3.9221 52 42 15
19.018 30.092 3.7969 100 74 47
19.033 29.948 3.8191 78 67 39
19.05 29.984 3.7845 45 29 3
19.02 30.035 3.9026 92 65 32
18.991 29.858 3.8941 92 64 33
19.019 30.015 3.8401 92 66 39
19.006 29.916 3.9536 91 65 40
18.991 29.744 3.8828 53 43 8
19.025 30.059 3.9324 90 61 37
19.017 29.936 3.9204 92 66 43
19.025 30.021 3.8058 85 60 28
18.963 30.07 3.8902 93 64 30
19.004 30.178 3.9074 95 69 42
19.018 30.221 3.9252 97 71 44
18.997 30.076 3.9243 91 57 20
18.988 30.027 3.8349 103 75 44
19.002 30.079 3.8946 91 62 31
18.994 30.052 3.865 87 60 27
19.118 30.947 3.7702 90 59 28
19.145 31.006 3.7896 98 68 32
19.106 30.914 3.7299 85 56 24
19.088 30.885 3.7571 87 57 23
19.141 31.136 3.7364 92 58 31
19.109 30.973 3.7183 88 56 33
19.043 30.815 3.8609 157 114 79
19.102 30.926 3.819 129 97 49
19.137 31.125 3.7167 87 55 30
19.101 30.962 3.7426 88 57 11
19.079 30.937 3.8382 148 110 64
19.102 31.009 3.7118 91 57 30
19.107 31.022 3.7334 90 57 22
19.09 30.944 3.7689 85 56 24
19.095 31.096 3.7412 91 59 20
19.118 31.185 3.7488 92 58 20
19.114 31.223 3.7617 75 37 11
19.121 31.225 3.6999 78 41 7
19.102 31.153 3.7299 91 56 24
19.133 31.214 3.7666 89 58 27
19.118 31.143 3.7567 95 61 23
19.113 31.176 3.7496 85 52 11
19.138 31.261 3.7354 76 42 7
19.122 31.186 3.7081 93 60 25
19.105 31.169 3.7937 103 73 35
19.124 31.233 3.7179 82 45 3
19.07 31.048 3.7241 92 60 22
19.11 31.219 3.7797 86 53 12
19.126 31.273 3.6904 91 57 28
19.15 31.366 3.7733 98 64 29
19.147 31.322 3.7637 96 63 30
19.134 31.303 3.786 102 69 38
19.139 31.339 3.7193 89 56 23
19.133 31.332 3.7407 91 56 24
19.129 31.33 3.7598 94 59 27
19.14 31.352 3.7958 103 70 35
19.131 31.359 3.6944 93 58 29
19.159 31.443 3.7016 90 56 27
19.133 31.327 3.7006 88 57 27
19.146 31.393 3.749 94 60 22
19.142 31.31 3.7461 91 56 24
19.142 31.39 3.767 97 63 25
19.121 31.242 3.7984 79 45 18
19.141 31.383 3.7316 92 60 21
19.128 31.357 3.7156 89 56 21
19.129 31.285 3.729 92 57 27
19.153 31.41 3.7828 101 67 38
19.122 31.271 3.7085 89 56 15
19.16 31.443 3.6838 91 56 27
19.157 31.476 3.7122 88 54 19
19.128 31.428 3.6996 90 56 27
19.138 31.454 3.7709 92 60 22
19.142 31.457 3.7512 92 59 16
19.151 31.504 3.7433 90 58 19
19.147 31.493 3.7079 90 56 21
19.147 31.435 3.7747 97 64 31
19.149 31.503 3.7601 92 59 26
19.167 31.464 3.7542 94 61 30
19.123 31.419 3.6822 88 57 26
19.159 31.481 3.7299 89 57 19
19.162 31.514 3.6878 91 57 22
19.14 31.418 3.7433 91 60 12
19.141 31.417 3.7236 91 57 20
19.144 31.491 3.7289 87 57 21
19.295 31.832 3.7131 84 49 1
19.297 31.833 3.6974 84 53 22
19.312 31.832 3.7136 88 55 22
19.301 31.834 3.6541 86 57 15
19.319 31.838 3.6842 87 53 28
19.286 31.837 3.6515 106 77 37
19.302 31.839 3.6828 85 56 22
19.307 31.815 3.6428 89 55 26
19.322 31.841 3.6696 85 52 17
19.314 31.833 3.6998 85 55 21
19.316 31.831 3.6556 84 51 16
19.296 31.828 3.6691 83 52 22
19.243 31.831 3.7088 77 51 26
19.273 31.867 3.6591 75 50 27
19.282 31.859 3.6906 82 54 14
19.283 31.841 3.7237 105 76 36
19.283 31.839 3.7099 108 74 45
19.282 31.858 3.6766 77 53 17
19.271 31.866 3.6731 77 53 17
19.269 31.86 3.645 77 54 20
19.29 31.843 3.6659 104 73 45
19.271 31.841 3.6642 79 51 20
19.288 31.844 3.695 107 74 43
19.278 31.848 3.6483 87 58 16
19.283 31.863 3.7049 85 55 3
19.283 31.864 3.7188 81 53 22
19.281 31.833 3.6812 104 75 44
19.272 31.869 3.6878 75 49 26
18.93 29.516 3.7183 42 29 23
18.973 29.722 3.6288 36 27 8
18.929 29.526 3.7564 40 29 23
18.952 29.604 3.7853 44 35 6
18.962 29.702 3.6663 34 25 18
18.959 29.671 3.5942 35 30 1
19.02 29.998 3.7764 88 60 33
18.978 29.78 3.7691 53 36 8
19.02 30.14 3.6296 95 67 40
18.949 29.692 3.7387 62 45 27
18.999 30.078 3.5983 86 57 26
19.084 30.126 3.6381 82 62 37
19.01 30.046 3.7044 92 63 31
19.008 30.119 3.6647 89 61 30
19.036 30.101 3.6674 87 61 36
19.017 30.132 3.6294 88 58 34
19.01 30.027 3.6369 86 62 34
19.031 30.018 3.7428 85 57 28
18.993 30.013 3.738 105 78 43
19.003 30.046 3.7672 104 75 53
18.996 29.915 3.7162 85 56 32
19.022 30.048 3.6038 84 61 27
18.936 30.013 3.5964 91 63 34
18.686 29.348 3.7884 92 63 39
18.901 30.066 3.7819 78 48 22
19.049 30.326 3.7375 88 58 30
18.972 30.416 3.5934 77 47 23
19.066 30.632 3.638 77 45 30
19.069 30.572 3.6485 77 47 23
19.006 30.509 3.6742 86 56 28
19.015 30.534 3.7007 81 52 31
19.085 30.673 3.6363 77 45 30
19.058 30.683 3.6579 88 58 30
18.896 30.337 3.6502 94 64 28
18.991 30.394 3.6296 68 39 18
19.089 30.737 3.6058 83 53 19
19.118 30.977 3.648 91 61 33
19.071 30.765 3.6228 93 63 27
19.077 30.781 3.648 91 62 30
19.086 30.856 3.6364 94 65 33
19.089 30.915 3.6287 93 62 32
19.08 30.74 3.7066 83 54 23
19.048 30.775 3.6187 98 65 34
19.084 30.897 3.5807 92 62 28
19.081 30.896 3.608 96 63 28
19.077 30.9 3.6783 87 57 29
19.14 31.061 3.5948 99 67 26
19.074 30.929 3.5766 97 67 33
19.036 30.746 3.5919 94 66 19
19.081 30.964 3.6941 90 60 26
19.059 31.02 3.6827 98 65 30
19.053 31.006 3.6596 103 68 38
19.147 31.213 3.5991 103 70 25
19.097 30.99 3.6686 92 62 28
19.118 31.082 3.679 94 62 23
19.125 31.17 3.5784 101 67 30
19.039 30.876 3.6516 98 64 37
19.11 31.062 3.6588 97 67 31
19.118 31.085 3.7012 90 57 26
19.119 31.023 3.6192 98 67 36
19.11 31.161 3.6868 92 60 22
19.125 31.272 3.6891 91 57 28
19.122 31.293 3.6043 98 66 28
19.142 31.323 3.582 100 63 27
19.107 31.152 3.6659 95 62 27
19.125 31.265 3.6494 93 63 27
19.114 31.244 3.6312 97 64 31
19.06 31.025 3.7049 93 60 27
19.117 31.214 3.6791 67 32 2
19.135 31.274 3.5878 99 66 31
19.12 31.26 3.6714 94 60 33
19.133 31.235 3.6355 75 42 23
19.122 31.209 3.595 71 37 0
19.108 31.189 3.6167 72 38 9
19.125 31.225 3.6569 73 42 11
19.126 31.182 3.644 100 65 35
19.127 31.256 3.5694 101 63 34
19.127 31.262 3.609 101 66 36
19.096 31.162 3.5747 73 41 3
19.145 31.375 3.6358 97 64 33
19.138 31.329 3.662 95 62 21
19.135 31.365 3.6745 90 57 26
19.151 31.449 3.5867 95 61 26
19.139 31.392 3.5719 93 62 18
19.124 31.332 3.5767 95 63 25
19.134 31.359 3.6559 93 60 27
19.13 31.347 3.6174 99 65 30
19.139 31.328 3.6417 97 62 30
19.145 31.416 3.6665 91 59 21
19.146 31.415 3.6471 97 62 30
19.139 31.427 3.5677 94 60 22
19.138 31.398 3.6323 99 66 35
19.143 31.404 3.6103 99 65 30
19.128 31.378 3.593 95 62 19
19.147 31.445 3.6044 95 61 24
19.133 31.325 3.6805 92 59 26
19.138 31.357 3.5974 97 63 25
19.133 31.319 3.6423 97 62 30
19.133 31.315 3.6237 100 67 34
19.148 31.455 3.66 94 60 31
19.158 31.496 3.5975 92 57 10
19.149 31.491 3.6717 91 58 23
19.292 31.786 3.5849 88 57 27
19.154 31.492 3.6165 91 61 25
19.14 31.439 3.6421 96 61 29
19.156 31.489 3.5811 93 58 13
19.16 31.506 3.6525 93 60 27
19.157 31.498 3.6345 89 59 25
19.137 31.433 3.6229 97 64 31
19.302 31.829 3.6099 89 58 30
19.307 31.836 3.5942 90 58 33
19.29 31.837 3.6068 113 83 57
19.285 31.832 3.6222 108 78 40
19.299 31.803 3.6292 91 59 21
19.318 31.847 3.5644 86 56 6
19.303 31.832 3.6246 86 57 23
19.279 31.844 3.5899 82 52 26
19.294 31.791 3.5997 90 59 29
19.307 31.813 3.6138 93 61 23
19.289 31.834 3.5926 112 77 30
19.3 31.831 3.6396 86 57 25
19.29 31.832 3.5627 109 77 36
19.285 31.833 3.6373 109 76 43
19.313 31.843 3.5793 88 54 25
19.284 31.849 3.5751 111 78 43
19.289 31.833 3.5777 114 75 20
19.286 31.851 3.5594 107 75 34
19.276 31.845 3.6343 83 53 15
19.275 31.861 3.5864 74 53 26
19.283 31.87 3.5566 75 49 22
19.273 31.86 3.6014 78 53 21
19.261 31.848 3.632 78 54 26
19.274 31.84 3.6201 110 81 50
19.275 31.86 3.5724 74 49 17
19.272 31.836 3.6056 98 70 33
19.264 31.85 3.6167 77 51 24
19.278 31.886 3.5537 75 48 11
18.966 29.68 3.5571 34 27 1
19.008 30.003 3.5724 86 58 31
19.018 30.07 3.4 81 58 25
19.017 30.097 3.4975 92 64 35
19.001 30.065 3.5337 94 66 35
18.954 30.03 3.4946 83 57 30
18.997 30.106 3.3956 86 57 33
18.933 29.969 3.4609 85 55 37
19.018 29.922 3.5432 46 36 11
19.03 30.049 3.5379 83 58 26
19.065 30.055 3.5776 42 37 8
18.993 30.105 3.4286 80 51 29
18.984 30.002 3.467 86 60 33
18.989 30.044 3.5665 85 55 29
18.92 29.966 3.5634 87 58 27
18.955 30.042 3.5255 89 64 32
18.887 30.051 3.5176 60 35 3
19.002 30.292 3.4225 82 56 33
18.997 30.2 3.4258 84 56 27
18.889 30.066 3.5482 65 41 5
18.993 30.363 3.4786 69 43 28
19.048 30.81 3.5109 79 51 20
19.09 30.993 3.4744 80 51 20
19.087 30.983 3.4506 77 47 23
19.05 30.768 3.5672 90 63 20
19.056 30.812 3.4315 72 44 17
19.091 30.9 3.5322 82 53 21
19.089 30.887 3.4854 76 47 23
19.087 30.931 3.4531 72 42 18
19.072 30.848 3.4601 75 47 18
19.089 30.945 3.5045 80 49 21
19.095 30.899 3.4852 76 47 23
19.072 30.848 3.4599 75 47 18
19.12 31.105 3.5182 87 57 21
19.13 31.207 3.4894 78 47 17
19.117 31.181 3.4653 77 46 18
19.123 31.106 3.4946 83 49 24
19.107 31.133 3.5581 95 62 17
19.116 31.09 3.4713 79 46 15
19.057 31.027 3.4689 74 43 15
19.118 31.179 3.4428 74 45 14
19.113 31.08 3.4487 78 47 17
19.048 31.016 3.4924 85 51 24
19.131 31.329 3.4768 79 48 20
19.118 31.264 3.4592 77 46 18
19.127 31.29 3.521 88 53 21
19.123 31.28 3.5005 82 52 16
19.13 31.254 3.5272 77 43 18
19.124 31.275 3.4596 77 46 18
19.113 31.302 3.4975 82 49 14
19.116 31.274 3.5424 92 59 28
19.097 31.158 3.5538 79 45 10
19.103 31.201 3.4823 65 34 4
19.138 31.302 3.4793 80 46 21
19.114 31.225 3.5036 81 53 22
19.122 31.231 3.4616 69 34 15
19.134 31.265 3.5463 74 37 3
19.115 31.275 3.5637 97 63 25
19.141 31.341 3.4566 75 44 13
19.128 31.335 3.5573 95 59 21
19.131 31.377 3.5532 89 58 27
19.153 31.407 3.5131 87 55 16
19.148 31.466 3.4872 80 49 21
19.15 31.466 3.4677 79 45 20
19.129 31.372 3.5332 88 55 24
19.131 31.402 3.4694 78 45 10
19.142 31.461 3.5228 84 55 23
19.157 31.482 3.5057 84 50 21
19.148 31.396 3.494 79 49 13
19.134 31.37 3.4744 81 47 22
19.146 31.434 3.5294 84 54 20
19.131 31.412 3.549 89 54 24
19.126 31.329 3.5376 89 58 10
19.129 31.359 3.4543 75 46 14
19.138 31.418 3.5104 82 51 20
19.143 31.423 3.4903 80 48 23
19.109 31.299 3.5176 86 55 27
19.163 31.53 3.5548 85 53 15
19.138 31.491 3.5381 84 51 16
19.31 31.828 3.4892 78 47 16
19.15 31.477 3.5411 89 54 9
19.143 31.489 3.4645 77 44 13
19.31 31.829 3.5044 80 49 21
19.137 31.458 3.5608 90 56 3
19.151 31.505 3.5019 78 47 19
19.145 31.494 3.4831 80 47 12
19.19 31.567 3.5173 81 52 20
19.321 31.849 3.5344 84 54 4
19.316 31.84 3.5196 79 48 17
19.3 31.811 3.4743 78 46 7
19.287 31.843 3.4851 101 68 37
19.278 31.857 3.498 74 54 20
19.273 31.826 3.5003 97 68 36
19.299 31.843 3.5476 109 79 43
19.288 31.843 3.47 96 66 28
19.317 31.844 3.5494 86 53 22
19.299 31.84 3.5175 78 50 23
19.284 31.814 3.4718 73 41 0
19.289 31.822 3.4872 102 75 40
19.282 31.843 3.545 103 71 22
19.261 31.83 3.4668 78 49 18
19.268 31.841 3.4828 77 52 22
19.273 31.852 3.5129 73 52 25
19.296 31.834 3.5029 92 61 33
19.283 31.843 3.5302 105 72 37
19.297 31.838 3.5324 73 44 10
19.277 31.834 3.5153 103 73 39
19.278 31.861 3.5424 76 52 16
19.269 31.872 3.5402 75 49 26
19.273 31.875 3.5249 75 50 27
19.267 31.867 3.5105 75 51 23
19.258 31.853 3.4957 75 50 20
19.261 31.855 3.4804 74 51 20
19.27 31.849 3.5279 73 52 25
19.056 30.066 3.37 74 56 44
18.999 29.906 3.3281 73 55 31
18.995 29.884 3.2921 69 50 18
18.968 29.802 3.2498 75 53 30
18.954 29.672 3.2872 36 23 14
19.009 30.108 3.2951 85 56 24
18.978 30.042 3.3253 83 55 26
19.041 30.089 3.2656 78 54 26
18.964 30.068 3.2185 84 58 31
19.013 30.027 3.2958 83 53 25
18.845 29.801 3.2688 78 50 21
19.03 30.052 3.2272 77 53 25
19.005 30.088 3.2593 82 54 27
19.007 30.084 3.225 86 56 30
19.028 30.086 3.3681 82 56 31
19.008 30.124 3.3622 81 55 28
19.016 30.044 3.3318 80 57 23
18.906 30.215 3.3454 67 37 13
18.919 30.14 3.2482 60 34 7
18.95 30.234 3.3524 69 40 9
19.037 30.496 3.3273 64 36 0
18.907 30.13 3.317 67 39 0
18.988 30.366 3.2262 68 39 5
18.98 30.233 3.3882 82 56 33
18.99 30.239 3.3273 80 52 25
18.906 30.118 3.281 63 36 3
18.965 30.277 3.384 66 39 22
18.951 30.082 3.3875 85 57 30
19.043 30.597 3.4159 71 41 23
19.072 30.782 3.4106 70 42 15
19.004 30.493 3.3224 64 35 4
19.014 30.583 3.3197 66 38 11
19.016 30.637 3.2641 65 34 16
19.036 30.636 3.3501 68 38 2
19.009 30.584 3.3783 72 41 10
19.06 30.746 3.3559 67 35 12
19.08 30.903 3.3816 66 37 15
19.071 30.939 3.3765 71 40 10
19.089 30.978 3.4037 75 45 11
19.074 30.989 3.3514 68 38 0
19.081 30.954 3.3519 71 36 14
19.091 30.921 3.3574 62 36 11
19.081 30.896 3.3281 64 35 14
19.089 30.982 3.4268 78 45 10
19.075 30.987 3.3277 68 38 4
19.058 30.951 3.2982 72 39 8
19.083 30.919 3.4303 71 39 14
19.082 30.946 3.303 68 40 9
19.096 30.939 3.407 69 39 15
19.044 30.783 3.405 69 40 18
19.007 30.698 3.348 65 36 12
19.046 30.782 3.3772 66 39 18
19.088 30.962 3.3273 69 39 13
19.073 30.875 3.3005 65 35 9
19.091 31.116 3.3513 72 38 9
19.136 31.152 3.3547 70 35 5
19.063 31.061 3.3228 68 38 4
19.119 31.113 3.3065 69 37 12
19.106 31.186 3.3492 66 30 6
19.123 31.124 3.3308 67 37 11
19.097 31.167 3.3259 65 31 6
19.108 31.194 3.373 69 33 7
19.164 31.257 3.4244 70 35 13
19.126 31.186 3.4001 73 38 6
19.095 31.126 3.3774 73 35 6
19.04 31.016 3.2959 69 35 10
19.118 31.256 3.3951 71 38 7
19.123 31.338 3.3713 68 38 0
19.132 31.356 3.3921 69 37 0
19.133 31.36 3.4129 72 39 4
19.111 31.208 3.4399 67 37 1
19.129 31.32 3.4372 75 40 8
19.112 31.242 3.3713 69 35 6
19.102 31.19 3.4168 61 33 6
19.136 31.289 3.4179 72 39 6
19.12 31.265 3.4366 77 43 18
19.112 31.275 3.3265 66 36 0
19.114 31.282 3.3497 68 34 9
19.126 31.312 3.4147 73 38 18
19.087 31.16 3.3926 64 31 0
19.119 31.297 3.3928 68 38 4
19.109 31.229 3.3278 65 33 10
19.122 31.254 3.3521 67 35 10
19.132 31.35 3.3493 70 35 15
19.119 31.293 3.371 66 34 9
19.118 31.324 3.3274 70 37 2
19.148 31.426 3.4509 74 43 15
19.151 31.459 3.4099 74 39 9
19.14 31.435 3.3504 69 35 0
19.144 31.452 3.4292 75 40 8
19.134 31.393 3.3694 65 35 0
19.133 31.363 3.4323 73 42 14
19.148 31.483 3.3694 68 35 18
19.132 31.398 3.4312 75 40 18
19.158 31.509 3.4469 76 42 5
19.128 31.385 3.3895 68 38 12
19.136 31.402 3.4097 71 39 0
19.151 31.496 3.427 72 37 17
19.142 31.479 3.407 71 37 8
19.142 31.477 3.3875 69 37 0
19.127 31.379 3.348 66 35 14
19.138 31.433 3.3693 71 36 7
19.157 31.527 3.349 67 36 5
19.141 31.441 3.3893 71 37 8
19.145 31.456 3.4484 80 41 20
19.138 31.466 3.3481 69 34 14
19.295 31.8 3.4429 70 39 9
19.302 31.812 3.4592 69 39 13
19.31 31.842 3.3955 67 37 13
19.317 31.825 3.383 69 36 3
19.309 31.815 3.3965 66 36 10
19.291 31.838 3.3778 95 65 29
19.309 31.843 3.4271 68 37 7
19.307 31.839 3.4107 68 38 10
19.306 31.834 3.3796 69 37 16
19.309 31.845 3.4419 72 42 8
19.144 31.51 3.3687 69 34 14
19.273 31.864 3.4054 72 48 22
19.27 31.862 3.4198 72 47 17
19.286 31.838 3.4398 97 66 36
19.295 31.828 3.4566 74 36 0
19.258 31.825 3.4521 78 48 14
19.275 31.842 3.3906 77 48 8
19.276 31.845 3.4063 73 48 16
19.273 31.862 3.3897 74 49 26
19.267 31.858 3.4358 72 47 17
19.29 31.841 3.424 94 65 34
19.289 31.843 3.4546 100 68 30
19.275 31.84 3.3752 71 47 11
19.273 31.843 3.437 75 46 12
19.295 31.847 3.4093 95 66 22
19.296 31.847 3.3937 94 63 33
19.274 31.844 3.4219 75 48 15
19.215 31.812 3.432 73 48 18
19.253 31.843 3.4656 71 45 22
19.263 31.872 3.388 72 46 21
19.26 31.85 3.4502 77 51 10
19.259 31.868 3.403 75 49 24
19.005 30.028 3.0427 50 24 7
19.037 30.005 3.0112 50 32 18
19.057 30.067 3.057 44 28 13
19.006 30.019 3.0088 50 24 10
19.07 30.123 3.1361 68 42 19
19.005 30.108 3.0151 79 54 24
19.005 30.148 3.1586 83 56 23
18.901 29.965 3.0613 79 51 24
18.988 30.017 3.1491 87 59 30
18.992 30.016 3.1135 84 57 22
18.998 30.052 3.1872 86 58 29
19.019 30.172 3.127 80 54 27
18.892 29.936 3.0208 78 53 21
19.003 30.153 3.1916 83 55 28
18.894 29.939 3.0217 79 54 24
18.992 30.21 3.1934 79 55 21
18.93 30.046 3.1069 80 55 23
18.997 30.098 3.0497 80 54 27
18.999 30.023 3.0799 52 28 14
18.992 30.096 3.0834 81 55 30
19.026 30.336 3.073 78 53 21
19.023 30.561 3.1459 61 35 12
18.982 30.267 3.194 81 52 30
18.995 30.44 3.1662 64 37 20
18.94 30.217 3.0482 63 37 14
19.021 30.49 3.1419 60 30 14
18.943 30.384 3.0929 61 34 15
18.989 30.258 3.0955 80 54 27
19.017 30.683 3.1829 63 36 19
19.029 30.647 3.179 65 36 15
19.009 30.655 3.1176 65 33 18
19.021 30.615 3.1216 61 36 13
18.996 30.51 3.1685 64 34 16
19.024 30.648 3.2363 66 37 16
19.028 30.637 3.1517 63 31 18
19.046 30.795 3.1604 64 33 12
19.063 30.782 3.2213 65 35 7
18.989 30.622 3.1411 66 36 10
18.997 30.587 3.2036 63 35 4
19.027 30.589 3.2393 63 34 10
19.068 30.799 3.2474 67 36 16
19.045 30.799 3.1871 61 34 13
19.039 30.776 3.1306 63 34 10
19.053 30.831 3.2721 64 36 9
19.079 30.921 3.196 62 35 18
19.076 30.971 3.2248 69 38 17
19.086 30.986 3.2022 72 38 9
19.08 30.932 3.2531 66 35 5
19.087 30.978 3.15 70 39 8
19.052 30.817 3.2217 66 38 11
19.119 31.105 3.2596 67 38 7
19.077 30.964 3.1743 68 39 15
19.072 30.973 3.2733 70 39 8
19.063 30.885 3.1666 64 37 18
19.072 30.921 3.2761 66 37 6
19.061 30.874 3.1424 59 35 9
19.064 30.898 3.2185 70 39 9
19.075 30.919 3.2207 62 35 18
19.049 30.817 3.2451 65 34 16
19.135 31.223 3.2637 66 34 9
19.111 31.219 3.2375 65 32 17
19.092 31.182 3.211 67 34 15
19.042 31.012 3.2466 68 36 11
19.123 31.247 3.2846 70 35 3
19.11 31.093 3.2812 66 35 14
19.11 31.175 3.2352 65 29 15
19.038 31.008 3.2695 67 36 6
19.106 31.214 3.2586 66 34 13
19.125 31.276 3.1951 65 34 13
19.104 31.2 3.1896 65 34 13
19.133 31.333 3.2224 64 33 13
19.112 31.349 3.3042 66 33 14
19.118 31.241 3.3067 68 35 0
19.137 31.348 3.2881 65 34 13
19.127 31.363 3.2431 65 32 15
19.11 31.269 3.3047 66 36 2
19.14 31.418 3.2266 66 33 2
19.133 31.407 3.225 66 33 2
19.12 31.278 3.2633 66 35 15
19.103 31.254 3.2814 65 32 13
19.134 31.378 3.2671 66 35 5
19.116 31.318 3.3052 69 36 5
19.136 31.344 3.2671 65 36 12
19.135 31.34 3.2433 65 33 20
19.089 31.219 3.2105 62 33 0
19.103 31.246 3.2381 64 33 5
19.127 31.37 3.285 66 33 16
19.119 31.348 3.2208 65 34 3
19.142 31.466 3.3091 67 37 13
19.138 31.449 3.2263 65 33 12
19.153 31.514 3.2925 67 36 15
19.149 31.512 3.3298 67 34 15
19.138 31.458 3.2887 69 37 16
19.127 31.402 3.2646 68 33 4
19.133 31.418 3.3079 71 38 3
19.141 31.428 3.2874 67 36 15
19.139 31.455 3.2488 66 35 17
19.137 31.455 3.2884 69 37 16
19.144 31.497 3.2681 69 33 17
19.117 31.36 3.3256 64 33 2
19.134 31.457 3.3277 66 36 2
19.153 31.506 3.232 69 33 17
19.144 31.438 3.3303 68 38 12
19.141 31.498 3.3089 70 35 6
19.149 31.503 3.2523 66 35 17
19.156 31.483 3.2722 64 33 12
19.139 31.419 3.2472 70 37 4
19.303 31.828 3.3637 67 37 13
19.297 31.817 3.3465 65 39 14
19.291 31.832 3.3298 98 63 31
19.299 31.842 3.3155 92 64 35
19.299 31.814 3.2994 69 36 17
19.294 31.841 3.362 93 64 30
19.303 31.845 3.2844 93 64 33
19.299 31.841 3.2996 96 71 41
19.281 31.839 3.2969 86 56 18
19.293 31.837 3.3464 105 65 37
19.297 31.816 3.3308 66 37 13
19.296 31.813 3.3148 63 29 18
19.298 31.812 3.2827 64 37 4
19.258 31.864 3.3719 74 48 21
19.256 31.856 3.3251 72 45 24
19.264 31.849 3.3739 76 50 10
19.26 31.86 3.3095 71 47 13
19.264 31.842 3.3099 75 50 27
19.26 31.835 3.2931 69 47 10
19.273 31.834 3.3431 79 56 25
19.26 31.864 3.3563 75 52 21
19.276 31.839 3.359 87 57 29
19.28 31.842 3.3288 74 48 25
19.255 31.856 3.3399 73 48 25
19.272 31.858 3.3587 70 47 5
19.27 31.853 3.3428 71 49 26
19.26 31.859 3.2942 71 49 12
19.261 31.84 3.3253 74 48 21
19.28 31.84 3.3123 95 68 35
19.018 30.03 2.9386 52 28 16
19.068 30.122 2.8538 52 28 14
19.022 30.051 2.9777 51 24 13
18.983 29.838 2.9137 51 27 15
19.009 29.895 2.8884 30 21 12
19.045 30.167 2.8912 70 48 24
19.075 30.153 2.8941 52 28 16
19.045 30.054 2.8014 52 29 13
19.012 30.074 2.8382 46 19 0
19.042 30.08 2.9154 47 23 11
19.028 30.104 2.8031 48 25 9
19.03 30.14 2.9205 63 43 9
19.063 29.989 2.7621 23 16 0
18.925 30.054 2.8533 79 51 22
18.997 30.116 2.8014 75 50 30
18.991 30.132 2.9096 80 55 25
19 30.164 2.9495 79 55 19
18.953 30.129 2.904 77 48 26
18.979 30.023 2.931 81 54 19
19 30.145 2.8765 80 55 25
19.012 30.164 2.8463 78 52 25
18.998 30.081 2.9773 84 55 31
18.995 30.392 2.9759 63 34 2
18.962 30.243 2.9524 58 31 10
19.426 31.561 3.1282 65 37 6
19.06 30.851 3.0315 63 37 14
19.036 30.815 3.0796 64 34 8
19.045 30.827 3.0525 64 36 7
19.024 30.774 2.9881 66 40 17
19.033 30.74 3.0132 68 36 11
19.07 30.832 3.1119 60 36 2
19.027 30.775 2.957 64 35 3
19.077 30.949 3.0961 68 38 4
19.087 31.058 3.0538 72 49 16
19.115 31.113 3.0896 72 42 6
19.049 30.847 3.1099 63 35 6
19.079 30.948 3.0692 70 39 11
19.086 31.016 3.1019 68 38 4
19.082 30.95 3.0395 72 41 21
19.122 31.135 3.1397 70 38 0
19.122 31.14 3.1663 71 37 8
19.083 30.965 3.1239 69 39 5
19.12 31.127 3.1158 70 36 0
19.077 30.996 3.073 70 41 7
19.047 30.934 3.034 83 53 29
19.038 31.027 3.0946 70 38 0
19.041 31.036 3.1207 64 31 0
19.126 31.263 3.1054 70 41 20
19.113 31.252 3.17 64 34 8
19.103 31.194 3.166 65 35 21
19.061 31.076 3.1531 62 32 0
19.038 31.021 3.0689 65 35 9
19.096 31.209 3.0727 71 40 20
19.112 31.205 3.1447 61 28 0
19.112 31.202 3.1192 61 29 8
19.097 31.219 3.1185 68 40 9
19.1 31.227 3.1434 66 36 0
19.12 31.291 3.0841 69 39 13
19.08 31.177 3.0423 69 38 7
19.105 31.276 3.1484 64 34 0
19.126 31.352 3.1795 62 32 0
19.121 31.385 3.2011 67 33 6
19.126 31.42 3.1402 70 38 17
19.113 31.319 3.0862 70 41 17
19.123 31.312 3.1985 65 34 3
19.135 31.397 3.1417 70 35 15
19.125 31.341 3.113 67 35 10
19.106 31.349 3.1097 72 43 12
19.122 31.35 3.2001 62 31 10
19.11 31.351 3.0894 69 38 7
19.128 31.42 3.1202 71 38 19
19.112 31.292 3.1725 65 34 3
19.118 31.333 3.1323 68 37 19
19.114 31.288 3.1292 66 36 8
19.125 31.388 3.1797 63 34 2
19.122 31.407 3.0961 72 40 1
19.133 31.397 3.1621 68 37 6
19.127 31.351 3.157 66 36 12
19.11 31.277 3.1042 70 40 16
19.134 31.5 3.1487 66 40 15
19.147 31.495 3.2111 64 35 1
19.135 31.499 3.1281 67 33 21
19.123 31.491 3.2052 62 34 0
19.141 31.483 3.1888 65 35 1
19.125 31.421 3.1607 67 34 0
19.141 31.475 3.1265 68 36 11
19.135 31.443 3.2058 63 34 0
19.136 31.473 3.167 63 37 12
19.147 31.486 3.1493 66 36 12
19.135 31.439 3.1848 64 34 0
19.143 31.518 3.1912 64 34 0
19.129 31.495 3.1676 67 37 3
19.284 31.836 3.2162 95 66 35
19.304 31.837 3.2035 77 46 2
19.304 31.839 3.2201 68 30 1
19.283 31.84 3.2809 94 65 34
19.287 31.841 3.2335 92 64 25
19.274 31.844 3.1991 74 45 13
19.304 31.844 3.2684 72 43 9
19.302 31.839 3.252 89 58 27
19.287 31.843 3.2494 89 61 24
19.282 31.838 3.2648 93 64 32
19.285 31.835 3.2001 92 64 27
19.29 31.814 3.1822 92 63 23
19.303 31.839 3.2359 63 35 8
19.273 31.844 3.2148 75 52 21
19.262 31.859 3.2781 68 47 20
19.257 31.845 3.1959 69 47 8
19.263 31.859 3.2627 71 49 10
19.26 31.877 3.247 71 46 23
19.255 31.866 3.1979 73 44 23
19.254 31.868 3.2298 71 46 24
19.258 31.871 3.2145 69 47 23
19.275 31.85 3.2481 72 51 8
19.257 31.846 3.2123 72 50 27
19.26 31.854 3.2459 70 44 19
19.261 31.854 3.2298 70 46 20
19.271 31.847 3.2635 73 50 9
19.266 31.842 3.2788 72 46 19
19.272 31.844 3.2311 72 50 26
19 30.092 2.6902 76 51 31
19.061 30.143 2.6751 54 32 17
18.969 29.831 2.6761 52 27 20
19.059 30.126 2.6341 54 30 16
19.007 30.039 2.7544 49 24 4
19.056 30.108 2.5906 47 31 8
18.977 30.047 2.7139 76 49 28
19.028 30.082 2.7278 46 24 9
19.005 30.072 2.5767 55 25 7
18.988 30.051 2.6446 71 52 36
19.014 30.035 2.6827 47 25 12
18.986 29.887 2.7263 51 30 3
18.966 29.988 2.5884 75 54 27
18.928 30.087 2.6409 75 49 26
18.81 29.749 2.6752 75 50 18
18.968 30.106 2.6845 78 55 22
18.97 30.119 2.7248 77 53 25
18.988 30.301 2.6572 69 44 22
19.012 30.19 2.6384 78 52 29
18.986 30.305 2.6932 53 31 8
18.955 30.004 2.7395 75 51 25
18.972 30.104 2.6487 80 57 26
18.91 30.035 2.5895 74 48 23
18.95 30.378 2.6939 61 35 10
18.854 30.079 2.5868 55 32 1
18.939 30.313 2.8198 59 33 10
18.885 30.114 2.7786 64 34 16
19.072 30.663 2.8665 59 35 7
18.987 30.543 2.7965 65 38 19
19.041 30.765 2.787 66 38 11
19.053 30.82 2.941 66 39 4
19.041 30.798 2.9358 66 39 4
19.026 30.825 2.9344 69 37 22
19.006 30.647 2.8198 69 41 14
18.776 30.111 2.7219 69 40 16
19.002 30.625 2.7513 66 37 13
19.108 31.111 2.8917 69 40 8
19.095 31.009 2.9752 70 44 19
19.091 31.192 3.0229 73 38 16
19.11 31.252 2.9369 71 39 24
19.108 31.296 2.9915 69 37 12
19.123 31.291 3.0651 68 40 3
19.115 31.274 3.0371 69 39 3
19.116 31.302 2.9475 69 41 1
19.096 31.24 3.0056 70 42 5
19.11 31.295 2.9703 71 40 20
19.097 31.327 3.0629 72 37 8
19.147 31.438 3.042 75 42 11
19.108 31.299 3.0148 72 42 16
19.135 31.425 3.0803 72 37 8
19.143 31.463 3.0212 71 42 21
19.137 31.419 3.0147 72 41 21
19.097 31.351 2.9749 70 40 16
19.128 31.41 3.0562 71 41 7
19.103 31.336 3.0645 71 37 8
19.12 31.361 3.0484 69 41 4
19.107 31.326 2.9503 71 39 16
19.117 31.352 3.0248 70 40 16
19.137 31.46 3.0641 66 36 12
19.109 31.308 3.062 69 39 5
19.107 31.302 3.0366 69 39 15
19.126 31.434 2.9938 69 38 8
19.133 31.376 3.0098 70 41 19
19.114 31.376 2.9602 71 41 5
19.095 31.31 2.9684 71 40 19
19.118 31.381 2.9615 71 41 5
19.115 31.423 3.0348 69 39 15
19.287 31.804 3.1309 73 43 15
19.139 31.497 3.0678 70 41 9
19.125 31.447 3.1009 68 38 0
19.304 31.828 3.1192 64 43 14
19.133 31.457 3.0839 70 39 8
19.321 31.848 3.1092 55 26 2
19.145 31.504 3.0499 71 40 20
19.112 31.45 3.0143 70 41 19
19.148 31.515 3.1125 70 36 11
19.127 31.481 3.0828 71 37 8
19.266 31.853 3.1484 92 64 27
19.287 31.834 3.1676 92 65 32
19.288 31.807 3.1483 61 30 2
19.298 31.87 3.1408 85 56 25
19.289 31.838 3.1844 92 62 26
19.317 31.868 3.1113 56 27 6
19.294 31.842 3.1525 92 62 34
19.296 31.865 3.1233 79 50 19
19.315 31.914 3.1177 66 39 4
19.306 31.854 3.1237 67 40 19
19.277 31.847 3.1834 73 49 21
19.295 31.841 3.1371 83 54 20
19.277 31.845 3.1673 91 66 36
19.274 31.838 3.1482 91 62 30
19.308 31.906 3.1317 77 49 22
19.3 31.897 3.1445 89 60 29
19.327 31.906 3.1191 62 35 0
19.285 31.833 3.1839 92 62 26
19.282 31.801 3.1632 63 35 6
19.255 31.864 3.1822 69 44 21
19.238 31.84 3.1608 85 59 36
19.271 31.882 3.1531 93 64 33
19.253 31.838 3.1784 69 48 21
19.267 31.855 3.1667 90 60 24
19.311 31.935 3.1519 86 58 29
19.299 31.916 3.1307 81 50 22
18.956 30.081 2.383 79 55 21
18.984 30.067 2.4223 72 50 29
19.014 29.986 2.529 52 27 20
19.054 30.149 2.4566 46 24 11
19.067 30.172 2.4277 48 26 13
18.977 30.085 2.5361 76 50 23
18.989 30.021 2.5247 61 35 10
19.003 30.044 2.4949 48 26 11
19.001 30.097 2.3974 75 53 30
18.975 30.057 2.4566 75 49 32
19.058 30.137 2.3811 46 25 6
18.995 30.118 2.5109 74 47 26
18.994 30.136 2.5865 75 50 27
18.862 29.911 2.515 73 47 24
18.898 29.974 2.457 73 50 19
18.88 29.942 2.4862 74 47 26
18.966 30.125 2.4707 77 52 22
18.933 30.199 2.4102 54 24 10
18.957 30.333 2.4555 56 26 8
18.977 30.387 2.5001 56 27 6
19.01 30.633 2.727 65 37 6
18.984 30.482 2.5621 60 34 7
19.001 30.607 2.6908 66 37 13
18.972 30.447 2.5187 58 32 9
18.969 30.466 2.6209 61 35 18
18.949 30.416 2.5713 64 37 18
19.069 30.963 2.7254 70 39 19
19.062 30.902 2.7343 72 46 6
19.069 30.933 2.8251 70 39 18
19.029 30.735 2.7515 68 40 9
19.057 30.9 2.7604 72 43 21
19.07 30.929 2.7969 72 42 16
19.096 31.083 2.859 76 43 10
19.046 31.042 2.8399 63 34 10
19.074 31.04 2.819 75 45 9
19.019 30.934 2.7598 74 43 22
19.046 31.072 2.7433 60 29 1
19.116 31.149 2.7729 72 42 18
19.087 31.008 2.7898 74 43 13
19.073 31.028 2.7628 76 44 23
19.076 31.133 2.8132 71 41 23
19.101 31.131 2.8167 74 42 17
19.061 31.065 2.8226 68 38 12
19.068 30.978 2.8059 75 44 13
19.033 30.902 2.7307 72 41 20
19.092 31.1 2.7337 70 38 15
19.052 30.986 2.7209 74 45 13
19.112 31.325 2.8826 70 39 18
19.086 31.203 2.8786 72 41 21
19.12 31.305 2.9279 71 41 13
19.099 31.267 2.8935 73 43 5
19.106 31.318 2.9038 70 42 15
19.088 31.245 2.861 71 41 13
19.107 31.233 2.866 69 39 15
19.09 31.166 2.8731 53 22 1
19.105 31.227 2.8399 74 43 23
19.076 31.19 2.898 72 43 3
19.114 31.367 2.8909 74 44 18
19.123 31.387 2.9432 73 41 18
19.114 31.37 2.9155 71 41 13
19.119 31.449 2.9301 68 40 9
19.599 32.223 3.1396 65 39 14
19.118 31.413 2.9241 74 42 21
19.122 31.415 2.9037 73 42 22
19.116 31.412 2.945 70 37 18
19.602 32.246 3.1465 70 44 19
19.12 31.345 2.9342 71 41 3
19.108 31.321 2.9044 70 42 15
19.595 32.254 3.1455 72 39 20
19.327 31.896 3.0206 61 39 18
19.329 31.9 3.038 66 37 15
19.336 31.89 3.0699 41 25 0
19.312 31.833 3.072 56 22 13
19.302 31.815 3.0504 50 14 0
19.349 31.911 3.1085 39 6 0
19.323 31.873 3.0806 59 33 16
19.303 31.816 3.0336 53 26 9
19.321 31.866 3.0479 51 31 20
19.314 31.854 3.0266 47 26 9
19.339 31.965 3.0993 64 37 4
19.315 31.936 3.12 62 35 14
19.325 31.902 3.1032 62 37 17
19.33 31.972 3.0682 61 30 9
19.322 31.916 3.0559 62 35 14
19.323 31.962 3.049 59 32 0
19.309 31.896 3.0327 62 35 14
19.336 31.941 3.109 64 34 16
19.326 31.899 3.0697 66 41 18
19.323 31.894 3.0521 65 37 23
19.318 31.915 3.0869 60 35 13
19.329 31.95 3.0793 63 35 22
19.331 31.93 3.076 66 38 7
19.332 31.951 3.0492 62 37 15
19.331 31.957 3.1111 60 33 16
19.326 31.902 3.0864 61 35 21
19.335 31.956 3.0664 62 36 13
19.317 31.905 3.0205 62 35 14
19.345 32.015 3.0947 56 32 20
19.343 32.01 3.0772 59 34 11
19.328 31.972 3.0988 65 35 17
19.337 31.984 3.0864 63 34 13
19.346 32.013 3.0642 63 33 17
20.335 29.554 1.9588 122 86 48
20.26 29.528 1.9255 118 84 46
20.167 29.396 1.9357 109 71 42
18.932 29.976 2.1947 73 48 25
18.974 30.1 2.3164 74 52 31
18.939 30.006 2.244 73 51 28
18.963 30.121 2.1706 71 50 21
18.978 30.122 2.3617 74 49 29
19.013 30.092 2.2859 62 44 22
19.048 30.101 2.3313 46 28 4
18.978 30.02 2.2948 59 34 29
18.988 30.104 2.2062 70 50 25
19.03 30.113 2.2212 25 21 12
18.997 29.957 2.2377 46 32 23
18.993 30.214 2.2809 72 47 25
18.958 30.12 2.2078 68 47 20
18.974 30.02 2.3301 73 50 19
18.956 30.012 2.1345 71 46 24
19.019 30.096 2.2505 44 21 13
18.883 30.149 2.3145 56 28 14
18.998 30.308 2.3134 67 45 32
19.029 30.406 2.4526 58 33 11
18.919 30.116 2.2019 60 38 15
18.891 30.006 2.3107 70 45 23
19.011 30.525 2.5088 57 31 16
18.981 30.522 2.4688 62 32 14
18.967 30.421 2.4404 53 33 8
19.072 30.994 2.5935 67 37 3
19.04 30.837 2.5981 61 35 21
19.076 30.937 2.5261 58 36 0
19.034 30.864 2.5195 60 32 18
19.029 30.808 2.5638 59 32 13
18.997 30.74 2.5092 58 31 10
19.023 30.738 2.5377 62 32 14
19.029 30.907 2.5339 62 34 21
19.057 30.924 2.6264 66 36 8
19.056 30.917 2.5961 66 36 12
19.066 30.93 2.5737 64 40 14
19.082 31.019 2.6294 67 35 20
19.062 30.929 2.6001 66 39 20
19.051 30.945 2.518 63 30 13
19.069 31.044 2.6336 71 41 3
19.023 30.949 2.5446 64 35 14
19.107 31.123 2.7161 69 36 1
19.023 31.026 2.6995 64 28 16
19.047 30.998 2.5912 68 40 13
19.048 30.96 2.6346 71 37 8
19.11 31.332 2.6982 64 35 3
19.099 31.32 2.7399 65 39 16
19.056 31.153 2.6118 67 33 4
19.098 31.349 2.7034 65 28 18
19.108 31.33 2.7245 64 34 16
19.084 31.243 2.6445 64 35 13
19.109 31.339 2.7712 64 35 1
19.112 31.411 2.7224 62 33 12
19.126 31.405 2.7914 67 37 21
19.122 31.429 2.7516 66 33 14
19.104 31.404 2.7627 65 35 21
19.604 32.229 3.1299 67 36 16
19.122 31.46 2.7397 63 33 19
19.112 31.448 2.7562 65 34 6
19.12 31.392 2.7654 68 37 16
19.309 31.865 2.9601 59 37 22
19.319 31.899 2.9376 58 34 8
19.312 31.867 2.9456 61 35 12
19.299 31.822 2.9313 37 13 11
19.321 31.885 3.0004 63 40 7
19.319 31.881 2.9829 56 33 15
19.292 31.811 2.9084 49 21 7
19.344 31.909 2.9472 58 30 16
19.313 31.893 2.9516 61 32 11
19.319 31.872 2.9134 55 33 18
19.309 31.839 2.9536 42 14 0
19.332 31.95 3.0327 64 36 5
19.311 31.938 2.9622 56 33 17
19.33 31.945 3.0158 55 32 1
19.321 31.91 3.0066 63 36 3
19.336 31.996 3.0127 63 34 26
19.323 31.959 3.0331 58 26 11
19.32 31.951 2.983 60 32 21
19.323 31.933 2.9968 61 33 4
19.326 31.956 2.9544 52 33 3
19.326 31.963 3.0189 60 33 16
19.313 31.917 2.9577 57 34 16
19.325 31.932 2.9487 57 29 15
19.334 31.992 2.9965 61 38 7
19.321 31.929 2.9796 58 32 17
19.338 31.995 2.9822 58 31 14
19.317 31.903 2.9875 59 33 18
19.329 31.965 3.0041 60 33 16
19.314 31.896 2.969 60 34 19
19.335 31.995 3.028 58 33 13
19.344 32.009 3.0478 65 33 18
20.542 29.528 1.8682 118 84 49
20.492 29.806 1.9474 120 83 49
20.476 29.61 1.8097 118 83 51
20.519 29.326 1.7736 121 84 52
20.381 29.494 1.8944 121 85 45
20.464 29.482 1.8706 120 83 47
20.356 29.922 1.9261 116 82 45
20.429 29.427 1.8391 121 85 45
20.305 29.482 1.8724 122 85 49
20.344 29.714 1.9447 121 86 54
20.324 29.856 1.8872 116 81 49
20.282 29.981 1.9753 118 85 54
20.266 29.616 1.9251 120 87 46
20.318 29.832 1.915 120 85 53
20.338 29.704 1.9754 122 86 48
20.313 29.738 1.9125 123 86 52
20.31 29.533 1.8607 121 87 50
20.198 29.674 1.8932 118 84 49
20.19 29.568 1.8812 121 85 43
20.162 29.702 1.896 117 83 45
20.183 29.535 1.9065 119 85 48
20.215 30.034 1.9784 119 84 52
20.235 29.71 1.9212 119 84 52
20.242 29.839 1.9391 122 85 49
20.205 29.734 1.8786 121 84 50
20.248 29.775 1.8706 119 84 52
20.153 29.612 1.8938 120 86 51
20.049 29.68 1.8539 122 85 49
20.062 29.8 1.8718 122 85 51
20.117 29.662 1.9091 122 86 48
20.077 29.617 1.8807 120 86 49
20.148 29.644 1.9477 120 83 49
20.124 29.693 1.8839 119 85 48
20.106 29.976 1.9636 121 87 50
19.978 29.813 1.9391 120 86 49
20.036 29.565 1.8471 118 84 49
20.023 29.856 1.9289 122 88 53
20.005 29.682 1.8905 121 85 43
19.999 29.679 1.9249 118 85 44
19.955 29.684 1.9548 119 85 48
20.038 29.983 1.947 122 85 53
19.999 29.759 1.9948 118 84 47
19.937 29.396 1.7935 119 83 45
19.9 29.886 2.0286 117 83 48
19.845 29.73 1.9476 118 84 46
19.884 29.679 1.8998 115 83 45
19.908 29.592 1.9076 118 84 47
19.905 29.498 1.8255 118 83 51
19.883 29.907 1.9139 118 85 42
19.829 29.645 1.9504 116 84 46
19.844 29.666 1.8814 116 82 47
19.816 29.659 1.7923 119 85 47
19.869 29.836 1.9242 120 86 49
19.775 29.48 1.8254 118 84 47
19.785 30.02 1.9844 96 66 38
19.79 29.798 1.8865 110 78 40
19.823 29.76 1.8755 120 85 53
19.691 29.891 1.9 99 66 35
19.724 29.862 1.8995 96 66 40
18.978 30.146 2.1462 68 48 14
18.959 30.008 2.0951 60 47 29
18.96 30.068 2.0003 71 49 25
18.934 29.934 2.0228 61 46 25
18.952 30.06 2.034 69 48 29
18.96 29.986 2.008 60 44 21
18.956 30.083 2.0823 69 50 20
18.948 29.944 1.949 70 47 31
18.938 30.152 2.1731 69 47 6
18.814 29.827 1.9172 68 46 22
18.892 30.032 2.0903 69 45 19
18.852 29.929 2.0043 64 41 23
19.049 30.982 2.4766 60 30 16
19.074 31.078 2.5134 61 31 17
19.05 30.994 2.5342 63 32 4
19.081 31.085 2.4895 61 33 20
19.031 31.054 2.524 62 35 16
19.064 31.117 2.5775 61 33 6
19.119 31.163 2.5755 62 33 1
19.079 31.174 2.521 62 36 22
19.076 31.181 2.5999 62 33 1
19.017 31.025 2.4839 63 36 19
19.089 31.2 2.5847 60 35 15
19.018 31.02 2.456 57 34 18
19.067 31.159 2.5383 65 37 8
19.068 31.207 2.5821 63 34 10
19.067 31.202 2.5529 67 37 9
19.116 31.375 2.6895 62 31 3
19.097 31.334 2.6048 63 36 25
19.062 31.246 2.6137 61 33 6
19.095 31.339 2.6519 67 35 10
19.077 31.262 2.5745 62 32 14
19.088 31.292 2.6591 61 34 17
19.094 31.333 2.6271 66 35 17
19.105 31.274 2.6339 61 31 17
19.077 31.265 2.6034 61 33 6
19.101 31.382 2.6444 64 33 23
19.112 31.442 2.7095 64 32 7
19.091 31.364 2.6107 61 35 18
19.11 31.473 2.6944 62 37 15
19.111 31.438 2.6851 60 32 19
19.119 31.447 2.6674 64 36 7
19.123 31.449 2.6476 61 35 18
19.114 31.41 2.7015 60 33 14
19.108 31.398 2.6716 66 38 9
19.112 31.471 2.6735 65 37 24
19.311 31.854 2.8388 62 41 12
19.312 31.88 2.8474 58 30 19
19.311 31.855 2.8567 56 31 8
19.314 31.888 2.8994 59 33 6
19.299 31.865 2.8562 60 34 19
19.329 31.931 2.9 60 34 19
19.315 31.893 2.9191 56 34 21
19.295 31.86 2.871 62 38 10
19.315 31.908 2.8566 60 30 4
19.325 31.924 2.8814 64 36 23
19.337 32.009 2.9244 59 34 12
19.331 31.961 2.9414 53 32 5
19.326 31.97 2.8786 59 33 10
19.319 31.943 2.9165 58 34 8
19.321 31.941 2.869 59 33 8
19.325 31.975 2.9432 53 28 5
19.322 31.967 2.8934 58 36 25
19.334 32.004 2.9067 52 37 8
19.327 31.975 2.9287 54 26 15
19.323 31.925 2.9132 58 32 7
19.335 32.01 2.9557 51 25 0
19.337 32.011 2.9397 64 35 11
19.308 31.926 2.8942 60 34 11
19.313 31.913 2.9241 59 30 6
19.32 31.941 2.8847 58 36 21
19.327 31.975 2.9128 59 33 10
