2952
0.010214 0.54927 -0.012023 0.8355 16.092 2.9811 -0.12552
20.029 4.0641 0.23775 99 72 39
18.311 2.0891 0.13809 79 59 34
18.308 2.0926 0.1174 76 55 36
18.135 2.1188 0.11088 88 67 38
18.132 2.1222 0.090913 90 67 34
17.973 2.1474 0.10285 88 66 42
18.121 2.1224 0.12635 87 68 38
18.008 2.1342 0.087719 85 64 35
18.036 2.1389 0.11337 89 67 30
18.211 2.1101 0.10333 83 62 35
18.065 2.1306 0.080483 87 67 33
18.176 2.12 0.13955 86 66 31
18.048 2.1359 0.097931 89 65 37
18.193 2.1153 0.12177 80 64 31
17.785 2.1812 0.055486 84 63 32
17.852 2.164 0.097069 85 64 37
17.895 2.1641 0.090112 87 66 39
17.764 2.1879 0.084084 82 62 37
17.778 2.183 0.070327 83 62 31
17.847 2.1682 0.080551 86 65 38
17.903 2.1623 0.074072 84 64 40
17.863 2.1625 0.065953 84 64 39
17.873 2.172 0.10458 85 64 35
17.737 2.1844 0.077124 83 63 38
17.743 2.183 0.062618 82 63 33
17.642 2.1988 0.06017 82 61 34
17.583 2.2136 0.050983 82 60 36
17.649 2.1938 0.075226 81 59 36
17.67 2.2022 0.052283 82 64 26
17.682 2.1947 0.068273 83 63 38
17.656 2.2061 0.080074 82 61 32
17.582 2.2155 0.037545 81 60 31
17.648 2.1976 0.045941 83 62 35
17.475 2.2257 0.043911 80 60 36
17.512 2.221 0.037708 82 63 33
17.553 2.2126 0.057801 81 62 32
17.495 2.2161 0.032815 82 62 25
17.496 2.2285 0.049192 82 63 33
17.546 2.218 0.043913 82 62 35
17.567 2.2085 0.032105 79 61 25
17.574 2.2166 0.063973 82 60 37
17.452 2.2367 0.053768 82 61 30
17.357 2.251 0.023552 81 60 33
17.404 2.2388 0.018207 81 60 31
17.362 2.247 0.0357 80 61 29
17.384 2.2475 0.040866 82 61 32
17.432 2.2337 0.049126 81 62 30
17.367 2.2465 0.012397 81 61 26
17.398 2.241 0.029945 81 60 33
17.431 2.2372 0.023837 82 58 30
17.424 2.2395 0.036073 79 59 22
17.297 2.2607 0.012345 79 58 27
17.266 2.2654 0.017992 82 58 32
17.245 2.2677 0.002839 79 58 29
17.265 2.265 0.028906 79 58 37
17.265 2.2651 0.028945 79 58 37
17.238 2.2694 0.023764 77 61 28
17.293 2.2605 0.034738 81 61 37
17.247 2.2648 0.013791 78 58 24
17.324 2.256 0.029293 80 60 33
17.338 2.249 0.018765 79 58 27
17.277 2.2601 0.0079979 79 58 29
17.304 2.255 0.024215 78 57 28
18.421 2.0782 0.06996 76 55 28
18.35 2.0806 0.079497 76 54 30
18.258 2.1004 0.027116 78 58 21
18.371 2.0799 0.017622 75 56 26
18.345 2.0853 0.05903 74 54 27
18.386 2.0715 0.039249 76 56 22
18.25 2.1011 0.046269 78 59 27
18.23 2.1049 0.084787 83 59 33
18.188 2.1123 -0.021737 84 64 30
18.297 2.0871 0.0087438 80 59 30
18.298 2.0888 -0.012328 75 56 26
18.167 2.1186 -0.002247 84 60 34
18.231 2.1067 0.065634 81 60 29
17.992 2.1431 0.069664 86 62 36
18.186 2.1064 0.037918 85 65 38
18.195 2.1006 0.057312 86 66 32
18.079 2.1269 0.062774 86 65 36
18.016 2.1385 0.01816 84 64 29
17.975 2.1416 -0.025484 85 62 28
18.04 2.1302 0.00059251 84 63 32
18.095 2.1263 0.0087814 83 64 30
18.068 2.1335 0.043923 85 64 33
17.948 2.1496 0.0096258 83 62 35
18.171 2.1149 0.017202 84 66 26
18.02 2.1407 -0.018593 86 63 32
18.139 2.1213 0.07301 87 67 33
18.135 2.1134 -0.028334 90 68 31
18.131 2.113 -0.0089577 87 63 35
18.087 2.1275 0.026452 84 64 29
18.014 2.1372 0.035477 83 63 36
17.985 2.1482 0.051663 84 63 32
17.943 2.1536 -0.0087376 84 63 34
17.815 2.1725 0.0095083 83 61 37
17.799 2.1764 0.040687 83 61 37
17.862 2.1664 0.033292 85 62 31
17.75 2.1847 0.017791 83 60 29
17.945 2.1492 0.026673 85 65 31
17.782 2.1713 0.0035584 81 62 32
17.716 2.1893 -0.034971 79 59 25
17.89 2.1611 -0.033048 84 64 30
17.894 2.1574 -0.015616 84 64 30
17.862 2.1648 0.050416 87 64 31
17.827 2.169 -0.005961 83 62 35
17.886 2.1574 0.017641 84 63 32
17.94 2.1493 0.042747 86 62 34
17.839 2.1667 -0.03847 84 65 25
17.777 2.1767 -0.029214 83 62 33
17.813 2.172 0.025719 81 62 30
17.825 2.1712 -0.022057 80 63 35
17.745 2.1855 0.031878 81 60 33
17.767 2.1801 -0.013383 81 59 35
17.929 2.1526 0.059806 86 62 36
17.883 2.1605 0.0011856 83 64 30
17.655 2.1955 0.032577 81 59 35
17.698 2.192 0.025064 85 62 28
17.622 2.2038 -0.04562 85 62 29
17.758 2.1777 0.048407 83 59 33
17.718 2.187 -0.019664 81 60 33
17.618 2.2018 -0.0027853 82 63 31
17.606 2.2065 0.011243 84 60 32
17.639 2.2065 0.0029571 82 61 34
17.684 2.1968 0.039646 81 61 26
17.678 2.1886 -0.0099858 83 62 33
17.62 2.2037 -0.031713 83 59 33
17.577 2.2102 -0.036425 80 59 28
17.667 2.1957 -0.02549 83 62 35
17.686 2.1879 -0.039969 86 62 36
17.65 2.1993 0.017587 85 61 33
17.555 2.2189 -0.0098326 80 61 27
17.702 2.1932 -0.0048256 79 60 30
17.707 2.1889 0.010556 82 62 25
17.587 2.2145 0.023965 84 60 34
17.612 2.2063 -0.016974 82 62 28
17.595 2.1994 -0.021432 81 59 35
17.59 2.2053 -0.050303 81 61 24
17.479 2.2288 -0.0078014 79 59 34
17.535 2.2145 -0.014686 80 60 33
17.443 2.2371 -0.038639 79 60 28
17.566 2.2117 0.0043569 80 60 33
17.509 2.2239 0.024228 80 59 28
17.526 2.2209 -0.028615 80 59 28
17.498 2.2224 -0.046396 82 61 30
17.44 2.2348 -4.5215e-05 82 62 25
17.448 2.2318 -0.012866 78 59 29
17.575 2.2057 0.018453 82 61 34
17.485 2.2243 0.0050656 78 59 27
17.537 2.2161 -0.041811 81 57 29
17.424 2.2352 -0.055695 80 61 31
17.472 2.2336 -0.021209 83 58 35
17.462 2.2251 -0.025038 80 59 30
17.478 2.2268 0.018185 79 58 29
17.521 2.2207 -0.0017527 82 58 30
17.454 2.2322 -0.051317 81 59 36
17.511 2.2242 0.011341 82 59 28
17.498 2.2211 -0.033139 83 62 33
17.343 2.2488 -0.0046076 81 58 24
17.409 2.237 0.0062746 79 60 28
17.366 2.2402 -0.051043 80 59 28
17.375 2.2481 -0.047542 77 56 25
17.346 2.2505 -0.039698 79 58 31
17.368 2.2483 -0.011418 77 56 29
17.431 2.2382 0.011747 80 60 23
17.408 2.2399 -0.018021 78 58 31
17.368 2.2468 0.00067053 78 57 26
17.408 2.2412 -0.030634 78 60 20
17.378 2.2436 -0.023044 79 61 23
17.335 2.2517 0.0065449 82 61 34
17.35 2.2458 -0.016052 82 59 15
17.315 2.2569 -0.055438 79 59 32
17.426 2.2326 -0.042888 78 60 22
17.414 2.2354 -0.0057424 79 60 20
17.332 2.2455 -0.043224 78 56 33
17.346 2.2492 -0.027905 78 59 29
17.379 2.2435 -0.022965 79 61 23
17.392 2.2372 -0.034647 78 58 23
17.285 2.2585 -0.025315 78 57 26
17.261 2.2622 -0.04044 78 59 27
17.23 2.2669 -0.022815 81 60 29
17.248 2.267 -0.0079937 77 56 25
17.233 2.2664 -0.033863 80 59 28
17.283 2.2587 -0.014053 77 58 26
17.301 2.2527 -0.058885 79 58 29
17.234 2.2668 -0.044838 79 55 27
17.255 2.2646 -0.029349 79 57 34
17.283 2.2623 -0.047926 78 56 33
17.266 2.2599 -0.051486 78 58 24
17.306 2.2587 -0.021045 80 60 25
17.285 2.2599 -0.036404 77 57 33
17.252 2.2653 -0.018939 79 55 27
17.231 2.2698 -0.055255 78 58 31
17.261 2.2642 -0.062487 79 58 29
17.316 2.2537 -0.032149 78 58 24
17.286 2.2556 -0.0026129 78 58 24
17.308 2.2564 -0.0095371 81 58 24
17.304 2.2573 0.00146 78 57 30
17.217 2.2667 -0.058817 80 60 26
17.221 2.2714 -0.012869 80 58 37
18.309 2.0866 -0.033154 78 57 26
18.311 2.0882 -0.054312 75 58 32
18.173 2.1086 -0.12652 84 64 27
18.342 2.0832 -0.11807 72 52 25
18.337 2.0828 -0.0961 78 55 24
18.244 2.0961 -0.080167 79 58 29
18.315 2.0739 -0.14447 77 60 34
18.287 2.0807 -0.10156 77 58 28
18.407 2.0754 -0.064701 75 56 26
18.156 2.1135 -0.10673 83 62 31
18.395 2.0751 -0.026295 76 56 29
18.334 2.0816 -0.074276 71 54 24
18.199 2.11 -0.040851 86 61 38
18.387 2.0679 -0.13988 75 55 28
18.222 2.1025 -0.060485 82 62 35
18.287 2.0831 -0.12316 80 61 21
18.102 2.1159 -0.11099 79 58 27
17.992 2.1418 -0.096949 82 61 32
18.131 2.1053 -0.13089 82 61 32
18.039 2.1366 -0.054823 85 66 36
17.914 2.1559 -0.083591 81 59 35
18.038 2.1351 -0.036235 84 63 34
17.912 2.1548 -0.065748 83 62 33
17.989 2.137 -0.042195 83 64 32
18.008 2.1328 -0.078395 81 60 29
17.962 2.1398 -0.13738 81 61 36
18.148 2.1102 -0.047163 86 65 36
18.048 2.1347 -0.072861 85 60 37
17.988 2.1456 -0.11533 81 60 31
18.002 2.1413 -0.13339 84 62 38
17.937 2.1471 -0.10138 76 60 27
18.075 2.1251 -0.09271 81 61 26
17.965 2.1365 -0.11969 81 62 30
17.874 2.161 -0.13955 81 60 33
17.997 2.1354 -0.06076 82 63 33
18.012 2.1309 -0.078266 81 60 29
18.154 2.1122 -0.086665 84 60 32
17.783 2.1789 -0.076149 81 60 31
17.793 2.1758 -0.092492 79 61 25
17.706 2.1857 -0.1173 83 60 29
17.754 2.1809 -0.12924 78 58 31
17.776 2.1787 -0.044981 82 62 37
17.73 2.1755 -0.133 80 60 23
17.87 2.1595 -0.10552 80 61 21
17.735 2.1833 -0.065637 80 59 32
17.866 2.163 -0.12258 81 60 29
17.75 2.1778 -0.080937 77 58 28
17.846 2.1654 -0.055033 82 63 31
17.873 2.1543 -0.071452 83 64 32
17.759 2.1768 -0.11309 78 58 33
17.781 2.1782 -0.060079 83 63 29
17.789 2.1745 -0.060311 82 62 28
17.758 2.1755 -0.097275 77 57 22
17.812 2.1687 -0.10854 81 58 27
17.91 2.1539 -0.048992 85 64 35
17.868 2.1585 -0.088486 82 59 25
17.732 2.1834 -0.05011 82 61 34
17.692 2.1909 -0.10111 78 59 25
17.843 2.1558 -0.12654 80 60 33
17.612 2.2009 -0.12249 84 60 32
17.59 2.2081 -0.078855 80 59 32
17.557 2.2097 -0.083233 77 57 23
17.592 2.2081 -0.093152 81 59 36
17.681 2.1932 -0.070273 80 61 31
17.593 2.2089 -0.10738 78 59 16
17.571 2.2055 -0.11125 80 60 26
17.671 2.1967 -0.055532 84 63 34
17.569 2.2076 -0.12575 81 61 27
17.564 2.2074 -0.097284 79 56 25
17.653 2.193 -0.089773 80 60 33
17.584 2.2097 -0.06486 81 61 34
17.659 2.1913 -0.10471 82 59 28
17.689 2.191 -0.085168 79 61 25
17.636 2.1985 -0.059582 81 61 27
17.641 2.1975 -0.07505 81 60 31
17.657 2.1952 -0.13487 79 61 25
17.66 2.1925 -0.11981 81 63 27
17.513 2.2199 -0.099975 75 57 19
17.483 2.22 -0.090418 80 57 23
17.508 2.2186 -0.059918 78 61 33
17.433 2.231 -0.068002 80 58 37
17.493 2.2188 -0.13083 79 57 34
17.554 2.21 -0.068967 81 60 29
17.429 2.2344 -0.080989 76 56 32
17.434 2.2341 -0.10661 78 59 27
17.412 2.2339 -0.12262 76 58 20
17.442 2.2312 -0.1197 77 55 31
17.489 2.2184 -0.10377 78 58 23
17.516 2.2168 -0.086477 77 59 19
17.529 2.2137 -0.12686 79 59 25
17.489 2.2193 -0.11755 79 57 33
17.442 2.2284 -0.093857 76 55 34
17.456 2.2321 -0.064409 77 58 28
17.479 2.2214 -0.07738 75 55 31
17.454 2.2259 -0.13323 76 57 27
17.536 2.2183 -0.055983 82 62 37
17.514 2.2205 -0.11403 80 59 32
17.495 2.2264 -0.073488 78 57 26
17.323 2.2544 -0.07892 74 55 21
17.363 2.2449 -0.087642 78 56 33
17.325 2.252 -0.066982 77 59 35
17.344 2.2454 -0.11515 77 59 35
17.39 2.2404 -0.059581 82 57 34
17.351 2.2421 -0.12768 80 57 26
17.373 2.2428 -0.12468 78 58 33
17.298 2.2575 -0.093923 76 54 31
17.396 2.2405 -0.097007 77 55 31
17.303 2.2564 -0.11708 78 58 33
17.418 2.2298 -0.10991 79 56 22
17.312 2.2505 -0.10584 75 55 21
17.337 2.2475 -0.091025 79 56 25
17.38 2.2365 -0.10011 77 57 23
17.308 2.2548 -0.12886 77 55 31
17.372 2.2387 -0.07526 76 57 23
17.356 2.2469 -0.063535 77 60 32
17.338 2.2477 -0.10277 79 54 32
17.399 2.2378 -0.084406 75 55 20
17.372 2.2422 -0.11213 78 56 32
17.243 2.264 -0.076801 75 56 26
17.246 2.2617 -0.066068 76 58 34
17.272 2.2598 -0.084926 78 56 17
17.254 2.2607 -0.11058 79 59 24
17.277 2.2577 -0.096907 76 55 24
17.25 2.2608 -0.088198 76 55 24
17.297 2.2562 -0.070387 76 55 26
17.246 2.2642 -0.099542 77 56 27
17.304 2.2528 -0.082441 77 55 16
17.211 2.2733 -0.090705 76 55 24
17.223 2.2668 -0.10225 76 56 22
17.284 2.2553 -0.1201 79 58 37
17.224 2.267 -0.11333 78 56 33
17.239 2.2586 -0.12454 76 57 23
17.27 2.2597 -0.073978 78 56 33
17.193 2.2756 -0.12564 77 56 27
17.278 2.2583 -0.10843 78 59 27
17.252 2.2628 -0.12164 76 56 31
17.215 2.27 -0.08034 75 57 33
17.202 2.2767 -0.069642 80 60 35
17.193 2.2742 -0.10446 77 58 26
17.202 2.269 -0.11548 78 60 14
18.179 2.1146 -0.20915 80 61 31
18.226 2.0908 -0.16795 80 60 36
18.219 2.0913 -0.15005 82 61 30
18.315 2.0814 -0.20905 75 55 30
18.152 2.1094 -0.25266 80 61 21
18.335 2.0755 -0.23355 74 54 20
18.406 2.063 -0.1622 72 55 27
18.416 2.0616 -0.18624 74 55 21
18.266 2.096 -0.16481 78 57 28
18.108 2.1213 -0.1906 79 59 32
18.313 2.0798 -0.18747 77 57 32
18.165 2.1019 -0.23303 81 62 22
18.201 2.108 -0.23045 78 57 26
18.277 2.0791 -0.25639 79 59 25
18.152 2.1052 -0.21274 79 58 27
18.241 2.087 -0.18935 81 61 34
18.334 2.0783 -0.25559 73 55 17
17.966 2.1436 -0.19265 79 58 31
17.913 2.1469 -0.17651 78 61 33
18.099 2.1232 -0.17031 81 60 31
17.897 2.1523 -0.15798 78 58 31
17.935 2.1388 -0.19609 79 58 31
18.027 2.1323 -0.15267 82 61 30
18.042 2.1256 -0.15343 82 61 30
18.056 2.1276 -0.231 82 62 9
17.884 2.1472 -0.23254 76 56 29
18 2.1306 -0.21277 76 57 27
17.91 2.1538 -0.22992 77 59 23
18.041 2.1324 -0.21023 81 60 29
18.069 2.1162 -0.17332 81 62 32
18.013 2.1289 -0.25155 77 59 21
18.031 2.1188 -0.23399 80 56 30
17.961 2.1441 -0.17403 80 61 31
18.081 2.1289 -0.15041 83 60 26
18.107 2.1081 -0.25457 81 62 22
17.964 2.141 -0.15604 81 62 32
17.922 2.1468 -0.2125 79 56 25
18.098 2.1057 -0.194 82 60 37
17.703 2.18 -0.21491 76 57 25
17.764 2.1775 -0.14569 79 57 33
17.836 2.1628 -0.16032 79 60 28
17.766 2.1676 -0.23248 76 57 25
17.698 2.181 -0.19918 76 57 14
17.867 2.1535 -0.21412 78 58 24
17.78 2.1716 -0.16249 79 60 30
17.796 2.1658 -0.18006 79 58 27
17.804 2.1633 -0.19705 78 56 33
17.717 2.185 -0.16445 79 59 32
17.733 2.1758 -0.14902 79 60 30
17.701 2.1828 -0.2306 78 57 26
17.827 2.1685 -0.17678 79 61 25
17.696 2.1805 -0.18317 79 60 30
17.846 2.1563 -0.14374 80 60 25
17.803 2.1659 -0.21373 77 58 16
17.806 2.1659 -0.23112 78 58 31
17.848 2.1605 -0.19508 81 58 27
17.715 2.1875 -0.17946 78 59 25
17.721 2.1863 -0.19611 77 58 15
17.761 2.1685 -0.21546 78 59 27
17.62 2.2024 -0.18266 79 60 28
17.537 2.2111 -0.14244 80 61 31
17.54 2.2132 -0.18509 75 56 22
17.563 2.2135 -0.15407 78 59 29
17.629 2.1953 -0.15329 81 59 38
17.591 2.2006 -0.17006 79 60 30
17.631 2.1954 -0.16816 79 58 27
17.546 2.2077 -0.15711 75 58 28
17.666 2.1922 -0.15037 79 59 34
17.686 2.1839 -0.16653 78 57 26
17.619 2.1987 -0.13807 80 61 19
17.547 2.2112 -0.20002 76 56 19
17.606 2.1969 -0.21546 76 56 19
17.631 2.1982 -0.19816 77 56 27
17.536 2.2139 -0.17082 77 56 25
17.535 2.204 -0.21701 80 56 30
17.576 2.2052 -0.14018 79 58 31
17.56 2.2056 -0.21583 74 54 27
17.643 2.1937 -0.21452 76 57 25
17.604 2.1952 -0.18554 78 58 23
17.611 2.1928 -0.20102 79 59 22
17.47 2.2233 -0.20142 79 55 29
17.436 2.2266 -0.18916 76 55 24
17.472 2.2184 -0.16107 74 57 31
17.468 2.2214 -0.17422 80 57 23
17.412 2.2364 -0.14831 76 59 29
17.498 2.2196 -0.17214 79 59 32
17.459 2.2151 -0.20389 76 56 29
17.518 2.2103 -0.1877 75 54 27
17.398 2.2332 -0.17672 75 56 22
17.479 2.2272 -0.14414 78 59 29
17.487 2.2241 -0.1578 79 57 34
17.414 2.2365 -0.16131 74 57 31
17.469 2.2188 -0.14765 79 57 33
17.43 2.2289 -0.17512 74 54 29
17.415 2.2335 -0.13558 75 55 28
17.465 2.2245 -0.18744 75 55 28
17.389 2.2393 -0.18878 75 55 21
17.391 2.2394 -0.20146 75 58 28
17.528 2.206 -0.20234 75 56 26
17.375 2.2352 -0.20393 76 58 22
17.325 2.2503 -0.19005 76 55 24
17.383 2.2382 -0.13772 76 57 25
17.335 2.2419 -0.16697 79 54 32
17.303 2.2493 -0.1791 76 57 25
17.319 2.2494 -0.14182 75 59 26
17.29 2.2558 -0.16705 75 54 25
17.331 2.2432 -0.15442 76 55 28
17.289 2.2545 -0.14353 76 59 33
17.351 2.2458 -0.16442 79 59 25
17.391 2.2345 -0.15063 77 57 33
17.362 2.2402 -0.17744 78 55 24
17.397 2.2325 -0.16368 76 56 22
17.35 2.2453 -0.152 77 57 32
17.291 2.2542 -0.15532 76 55 26
17.373 2.2353 -0.19084 74 56 18
17.35 2.244 -0.13975 73 55 31
17.338 2.2411 -0.17927 74 55 23
17.309 2.2469 -0.19162 76 56 29
17.326 2.2502 -0.20288 76 55 34
17.235 2.2622 -0.13562 76 57 27
17.235 2.2631 -0.14708 76 57 27
17.268 2.2561 -0.15698 74 52 28
17.222 2.2609 -0.17158 78 56 17
17.289 2.2536 -0.13193 79 60 28
17.235 2.2644 -0.15818 75 56 24
17.278 2.2531 -0.19194 71 53 29
17.236 2.2643 -0.16944 75 56 26
17.186 2.2727 -0.1715 74 55 15
17.197 2.274 -0.13654 77 57 30
17.263 2.2583 -0.14475 78 57 26
17.21 2.2673 -0.14869 76 55 28
17.254 2.2554 -0.19265 79 58 29
17.282 2.2483 -0.16917 75 53 32
17.194 2.2679 -0.18302 74 54 17
17.211 2.2702 -0.19365 75 58 30
17.227 2.259 -0.1832 74 55 21
17.221 2.2607 -0.16022 73 52 25
17.28 2.2508 -0.18064 74 53 32
17.252 2.264 -0.13331 74 56 34
17.249 2.2572 -0.18234 75 56 26
17.184 2.2725 -0.16066 74 55 25
18.392 2.0654 -0.35434 69 52 26
18.301 2.0741 -0.30267 79 58 31
18.275 2.0821 -0.27821 77 56 25
18.216 2.0895 -0.32122 80 61 27
18.222 2.0893 -0.34347 77 59 21
18.137 2.1079 -0.37975 79 60 30
18.131 2.1021 -0.2968 81 60 29
18.282 2.0841 -0.32249 74 57 29
18.398 2.0605 -0.33036 73 53 26
18.277 2.0887 -0.34449 72 55 29
18.319 2.074 -0.37222 71 55 22
18.151 2.0999 -0.36092 79 58 29
18.233 2.0871 -0.36681 78 56 32
18.287 2.0669 -0.39599 77 57 30
18.096 2.1051 -0.37988 75 56 26
18.189 2.0985 -0.29762 80 61 31
18.187 2.097 -0.27598 81 61 34
18.305 2.0823 -0.39138 71 54 34
18.116 2.1107 -0.31536 83 62 35
18.154 2.0964 -0.34084 78 57 28
17.833 2.1603 -0.30265 80 57 26
17.859 2.1495 -0.32391 77 58 26
17.886 2.1501 -0.26883 81 57 29
17.976 2.1261 -0.25298 75 54 27
18.024 2.1258 -0.27166 81 60 31
17.94 2.1327 -0.3481 77 57 32
17.954 2.1415 -0.30808 77 57 20
17.887 2.1512 -0.28709 80 60 25
17.92 2.138 -0.30976 77 56 29
18.055 2.1188 -0.33364 78 57 30
18.092 2.1045 -0.35954 79 59 35
18.034 2.1236 -0.29235 80 60 33
18.1 2.0967 -0.31978 78 61 35
17.954 2.1378 -0.27014 80 59 32
17.995 2.1214 -0.29321 79 59 25
17.853 2.1633 -0.24753 79 58 27
18.1 2.1131 -0.27435 80 58 35
17.853 2.1543 -0.34069 76 57 25
17.93 2.1354 -0.32881 73 56 26
17.971 2.1361 -0.32879 79 59 24
17.98 2.1339 -0.34811 76 56 32
17.723 2.1747 -0.26553 77 61 28
17.652 2.192 -0.24642 83 59 31
17.829 2.1567 -0.24996 76 59 33
17.691 2.1771 -0.29843 76 55 24
17.725 2.1725 -0.24926 79 60 28
17.771 2.1704 -0.28275 77 58 26
17.825 2.1605 -0.26751 80 59 28
17.737 2.1696 -0.28301 77 56 25
17.714 2.1676 -0.31762 77 58 28
17.725 2.1771 -0.29824 74 56 32
17.801 2.1576 -0.30351 77 58 26
17.665 2.1872 -0.26289 78 58 33
17.819 2.1521 -0.34117 76 57 27
17.716 2.1832 -0.3134 75 55 30
17.814 2.153 -0.32265 75 57 19
17.731 2.1756 -0.31573 75 55 30
17.849 2.1507 -0.28693 77 58 26
17.668 2.1872 -0.27946 77 55 32
17.765 2.1714 -0.26555 80 56 28
17.745 2.1794 -0.24657 77 60 32
17.562 2.207 -0.24483 77 58 28
17.513 2.2169 -0.22943 77 58 26
17.536 2.21 -0.28953 76 55 26
17.545 2.2009 -0.24702 79 60 30
17.578 2.2 -0.26162 77 58 26
17.555 2.1982 -0.27759 75 56 26
17.638 2.186 -0.28008 79 59 22
17.496 2.2154 -0.27369 74 55 25
17.608 2.1973 -0.23059 78 58 21
17.601 2.1924 -0.30998 76 55 26
17.671 2.1811 -0.23264 79 59 34
17.625 2.1943 -0.29411 76 58 34
17.646 2.185 -0.31225 77 57 33
17.57 2.2014 -0.23117 77 57 32
17.541 2.2083 -0.30519 76 57 27
17.514 2.2069 -0.29062 76 57 27
17.557 2.1973 -0.27781 75 56 26
17.578 2.2016 -0.27662 75 56 26
17.539 2.2055 -0.26104 80 57 24
17.627 2.1891 -0.24789 78 59 29
17.603 2.1899 -0.2951 73 56 28
17.393 2.2394 -0.21501 77 57 33
17.425 2.2258 -0.27159 73 54 20
17.389 2.2314 -0.25734 73 53 19
17.465 2.215 -0.24578 74 54 29
17.422 2.2242 -0.23103 76 57 23
17.48 2.2186 -0.21618 80 55 32
17.463 2.2201 -0.28662 75 56 24
17.402 2.2252 -0.27185 74 51 35
17.442 2.2172 -0.28785 77 56 13
17.498 2.213 -0.25983 74 54 29
17.391 2.2294 -0.24425 75 56 24
17.403 2.2359 -0.24189 75 55 28
17.458 2.2203 -0.25892 76 56 29
17.421 2.227 -0.25789 76 54 31
17.388 2.2339 -0.28329 76 57 25
17.442 2.2265 -0.2295 75 53 30
17.444 2.2244 -0.21622 75 57 33
17.497 2.211 -0.23165 78 58 33
17.372 2.239 -0.22909 76 57 25
17.397 2.2254 -0.24502 75 56 24
17.487 2.2174 -0.24466 78 58 31
17.48 2.2095 -0.27533 73 53 28
17.324 2.2427 -0.25491 75 56 24
17.35 2.2384 -0.23032 75 54 23
17.273 2.2491 -0.26667 73 55 31
17.333 2.2383 -0.26887 72 54 30
17.316 2.2438 -0.20432 75 58 30
17.283 2.2539 -0.24094 75 54 23
17.378 2.2346 -0.21681 77 57 32
17.312 2.247 -0.21664 76 54 33
17.292 2.2491 -0.25424 74 53 22
17.311 2.2486 -0.22907 74 54 27
17.325 2.2414 -0.24284 77 55 34
17.27 2.2587 -0.20322 77 57 32
17.276 2.2559 -0.21563 78 57 28
17.265 2.2532 -0.25387 71 55 22
17.292 2.2471 -0.23018 75 55 21
17.345 2.2404 -0.21718 78 54 26
17.35 2.2418 -0.26818 79 55 27
17.337 2.2473 -0.24101 76 54 31
17.354 2.2381 -0.25556 74 54 29
17.289 2.2518 -0.26588 71 53 29
17.2 2.2679 -0.22805 76 55 26
17.195 2.2711 -0.22743 77 56 27
17.205 2.2629 -0.20659 72 55 27
17.226 2.2625 -0.21714 77 55 34
17.215 2.2591 -0.24127 72 54 30
17.253 2.2584 -0.22874 76 53 19
17.201 2.2644 -0.19486 76 55 34
17.249 2.2595 -0.20386 77 57 30
17.185 2.2672 -0.25096 75 54 27
17.237 2.258 -0.25294 76 55 34
17.233 2.2588 -0.22916 76 56 19
17.204 2.2642 -0.21724 75 57 33
17.229 2.2624 -0.2401 74 54 30
17.175 2.2716 -0.21695 74 53 24
17.188 2.2636 -0.22989 74 55 25
17.217 2.2672 -0.20527 73 56 30
17.21 2.2633 -0.25193 72 54 32
17.265 2.2519 -0.242 76 55 26
17.252 2.2584 -0.2171 74 57 29
17.175 2.2732 -0.23869 74 54 27
17.161 2.2715 -0.25077 73 55 35
17.171 2.2732 -0.20556 77 57 22
17.161 2.2787 -0.19402 76 55 34
17.609 3.1689 -0.37636 35 20 0
17.55 3.1527 -0.39921 36 19 2
17.548 3.1492 -0.38535 29 16 0
20 1.9493 -0.73251 60 38 0
18.273 2.0754 -0.41509 77 57 32
18.245 2.0767 -0.52922 76 57 25
18.077 2.115 -0.3975 79 60 30
18.085 2.1141 -0.41923 80 57 23
18.298 2.0724 -0.48704 75 56 22
18.032 2.121 -0.45689 77 56 29
18.209 2.0822 -0.43378 77 61 28
18.378 2.0578 -0.44894 70 53 25
18.146 2.0942 -0.49413 73 53 28
18.041 2.119 -0.4785 73 57 21
18.184 2.0949 -0.4508 78 57 30
18.323 2.0645 -0.51628 72 55 25
18.247 2.0881 -0.4342 75 58 32
18.19 2.0972 -0.49483 75 60 21
18.302 2.0682 -0.46537 75 58 28
18.133 2.0953 -0.44844 77 58 28
18.18 2.0922 -0.40827 76 60 24
18.128 2.0997 -0.46908 75 57 21
18.21 2.0863 -0.47677 75 55 28
18.146 2.0944 -0.49432 73 53 28
18.35 2.0665 -0.42179 69 52 24
18.312 2.0715 -0.53598 73 54 11
18.023 2.1189 -0.39413 80 59 32
17.991 2.1308 -0.3692 78 57 30
17.945 2.1324 -0.36834 77 57 30
17.929 2.1436 -0.40291 77 58 26
17.904 2.1397 -0.44086 76 56 31
17.818 2.1564 -0.37679 77 57 30
17.907 2.1403 -0.46065 75 56 26
18.018 2.1253 -0.43315 77 56 27
17.901 2.1375 -0.40309 77 57 30
17.876 2.1474 -0.38035 76 56 31
17.98 2.1226 -0.43099 76 57 25
17.859 2.1405 -0.41881 75 57 17
17.842 2.1503 -0.43421 77 53 27
17.882 2.148 -0.41836 75 55 30
17.948 2.1329 -0.38723 76 56 31
18.003 2.116 -0.47523 76 59 13
18.033 2.1164 -0.4159 76 56 31
17.982 2.1235 -0.45109 76 57 25
17.859 2.1532 -0.36005 77 57 32
17.818 2.158 -0.39388 77 58 28
17.871 2.1382 -0.45854 76 57 27
17.712 2.1715 -0.35032 76 56 29
17.712 2.1732 -0.36683 79 58 29
17.777 2.1597 -0.39146 76 56 31
17.644 2.1876 -0.32803 77 57 30
17.65 2.186 -0.34467 77 56 25
17.741 2.1727 -0.33315 77 57 20
17.824 2.1516 -0.35951 77 58 28
17.73 2.1689 -0.42092 75 57 21
17.671 2.1798 -0.39686 77 57 22
17.662 2.1817 -0.36272 76 56 29
17.676 2.1761 -0.38158 74 54 29
17.63 2.1859 -0.40954 76 57 27
17.75 2.1698 -0.35182 76 57 27
17.634 2.1825 -0.39384 73 53 19
17.763 2.1651 -0.37146 75 53 29
17.712 2.1699 -0.33384 77 57 30
17.683 2.1755 -0.4153 76 55 26
17.708 2.1766 -0.38309 74 56 18
17.751 2.1567 -0.40795 73 58 19
17.744 2.1775 -0.40258 75 56 26
17.786 2.159 -0.42782 74 55 15
17.526 2.207 -0.36567 74 54 27
17.545 2.1978 -0.38451 77 57 23
17.616 2.1891 -0.35869 77 58 24
17.613 2.1876 -0.32726 77 56 27
17.548 2.2061 -0.32085 78 59 29
17.478 2.2153 -0.33092 77 57 30
17.554 2.2045 -0.33659 78 57 30
17.486 2.212 -0.34737 75 53 29
17.57 2.197 -0.35506 76 57 27
17.504 2.2034 -0.3653 76 58 22
17.573 2.1986 -0.38597 76 56 21
17.612 2.1923 -0.37372 75 55 28
17.527 2.2025 -0.32142 76 56 29
17.516 2.2067 -0.30505 76 56 29
17.529 2.2026 -0.3367 77 57 30
17.526 2.2054 -0.35116 75 57 19
17.588 2.1891 -0.37379 75 56 26
17.62 2.1852 -0.34422 78 59 25
17.49 2.2126 -0.37694 74 56 20
17.453 2.215 -0.33133 77 56 29
17.401 2.2288 -0.31155 75 56 24
17.424 2.2192 -0.35711 76 58 12
17.47 2.2176 -0.30157 77 57 30
17.378 2.2306 -0.33873 74 55 13
17.468 2.2101 -0.37638 72 56 30
17.398 2.2294 -0.2979 78 58 33
17.452 2.2165 -0.34375 73 55 19
17.385 2.2254 -0.32607 72 56 23
17.449 2.2195 -0.35826 74 54 27
17.442 2.2188 -0.30149 76 56 31
17.413 2.2245 -0.34129 74 56 20
17.359 2.2385 -0.29505 76 56 29
17.454 2.213 -0.31734 77 58 28
17.414 2.2261 -0.36845 76 57 23
17.378 2.2288 -0.31148 75 54 33
17.374 2.2342 -0.35027 74 55 23
17.405 2.2278 -0.32577 74 58 25
17.356 2.2309 -0.35029 71 55 20
17.468 2.2195 -0.31549 77 56 27
17.315 2.2415 -0.33237 72 52 15
17.337 2.2391 -0.30755 75 55 31
17.308 2.2465 -0.34352 73 57 24
17.268 2.2533 -0.27825 71 54 28
17.309 2.2417 -0.29383 76 57 25
17.279 2.2496 -0.31595 73 53 28
17.371 2.2306 -0.28428 77 55 32
17.314 2.2401 -0.30741 76 57 25
17.337 2.2406 -0.32053 73 53 28
17.262 2.2474 -0.31642 72 52 25
17.307 2.2419 -0.28119 76 56 29
17.326 2.2439 -0.28029 75 56 24
17.335 2.2394 -0.29453 75 56 24
17.346 2.2359 -0.33528 72 52 25
17.293 2.2424 -0.34406 74 53 24
17.283 2.2481 -0.32906 75 51 25
17.277 2.2498 -0.3037 78 56 17
17.276 2.2491 -0.29171 75 56 26
17.257 2.2516 -0.32722 72 52 17
17.319 2.2377 -0.32065 72 56 23
17.17 2.2677 -0.28521 72 52 27
17.237 2.2592 -0.26462 76 57 25
17.213 2.2628 -0.27525 75 55 28
17.223 2.2592 -0.31176 71 53 17
17.184 2.2688 -0.26214 76 57 27
17.23 2.2559 -0.32499 73 53 28
17.196 2.2619 -0.2757 74 53 32
17.219 2.26 -0.28769 72 55 27
17.243 2.2573 -0.28889 76 57 27
17.2 2.2609 -0.29887 72 55 25
17.169 2.2698 -0.29563 75 53 32
17.163 2.2715 -0.27303 76 58 22
17.203 2.2602 -0.31087 71 53 17
17.259 2.248 -0.3038 71 52 12
17.176 2.2664 -0.31985 75 57 21
17.251 2.2516 -0.27835 74 55 25
17.219 2.2611 -0.29936 74 54 27
17.194 2.2644 -0.28627 77 56 29
17.168 2.2708 -0.30664 74 54 29
17.177 2.2661 -0.32 75 57 21
17.22 2.2579 -0.265 72 55 25
17.202 2.2616 -0.32218 75 55 21
17.169 2.2671 -0.26291 74 56 32
18.353 2.0653 -0.64181 67 49 27
18.332 2.0561 -0.68927 75 53 29
18.023 2.1155 -0.55945 77 54 20
18.128 2.1041 -0.51141 75 56 26
18.037 2.1113 -0.58453 75 56 26
18.279 2.0648 -0.55853 76 57 27
18.108 2.1033 -0.61819 74 52 28
18.163 2.0941 -0.56061 77 56 27
18.192 2.0841 -0.58883 75 55 18
18.087 2.1032 -0.52885 76 57 27
18.27 2.074 -0.60141 76 56 32
18.279 2.0726 -0.62765 75 58 30
18.196 2.0849 -0.61303 75 54 23
18.227 2.0743 -0.6437 73 53 29
18.089 2.1002 -0.50868 77 56 27
18.106 2.0998 -0.57494 77 57 30
18.108 2.0963 -0.55455 76 57 27
18.154 2.0956 -0.53763 76 57 23
18.276 2.0687 -0.58129 72 55 25
18.107 2.1014 -0.59688 75 54 25
18.068 2.0998 -0.61324 72 52 25
17.817 2.1476 -0.4698 77 56 29
17.972 2.1187 -0.55327 73 54 24
17.899 2.1349 -0.55939 75 55 20
17.978 2.1294 -0.48964 76 55 26
17.857 2.147 -0.47329 77 58 18
17.961 2.1278 -0.58987 74 52 28
17.838 2.1431 -0.52925 73 56 13
17.961 2.1214 -0.53048 73 56 28
17.868 2.1455 -0.51284 75 56 22
17.887 2.1348 -0.49911 78 58 33
17.971 2.1211 -0.57262 73 53 26
17.842 2.1427 -0.54947 74 56 20
17.814 2.1508 -0.48759 74 56 32
17.935 2.1293 -0.4855 77 58 18
17.774 2.1576 -0.53564 73 54 20
17.867 2.1477 -0.5317 74 56 34
18.017 2.1137 -0.5184 77 58 28
17.826 2.1468 -0.50859 75 56 26
17.927 2.1349 -0.50324 76 57 25
18.006 2.1209 -0.53647 75 56 26
17.717 2.1633 -0.47374 76 56 29
17.748 2.1653 -0.47625 76 56 29
17.627 2.1772 -0.47685 73 54 22
17.706 2.1673 -0.45421 77 59 23
17.645 2.1797 -0.42876 76 56 29
17.783 2.1621 -0.44442 76 57 14
17.654 2.18 -0.47916 75 55 28
17.754 2.1586 -0.44282 74 53 24
17.658 2.1794 -0.49731 75 55 21
17.755 2.1633 -0.4959 75 56 26
17.724 2.1645 -0.5274 73 54 20
17.627 2.1786 -0.49387 74 55 21
17.724 2.1615 -0.49253 75 55 28
17.736 2.1691 -0.45646 76 57 25
17.654 2.1783 -0.46282 75 55 30
17.76 2.1626 -0.51427 74 54 20
17.634 2.187 -0.44192 75 55 30
17.684 2.1764 -0.43236 75 57 21
17.672 2.1738 -0.51789 76 53 22
17.535 2.1949 -0.46191 75 56 22
17.543 2.1918 -0.4792 76 54 13
17.483 2.2067 -0.4373 75 55 30
17.59 2.1911 -0.40514 74 54 30
17.471 2.2125 -0.41946 75 56 22
17.548 2.2001 -0.43033 76 57 27
17.619 2.1802 -0.45919 75 55 30
17.557 2.1939 -0.41765 77 58 24
17.546 2.199 -0.39939 75 56 22
17.565 2.1957 -0.48059 74 54 29
17.481 2.2089 -0.45195 73 54 24
17.504 2.2062 -0.39463 73 54 20
17.558 2.1963 -0.44793 74 57 29
17.476 2.2083 -0.40679 76 56 31
17.528 2.1969 -0.44507 74 55 23
17.587 2.1939 -0.41918 76 55 24
17.609 2.1839 -0.44059 75 55 30
17.502 2.2087 -0.40877 78 57 26
17.559 2.1972 -0.4633 76 52 26
17.525 2.1974 -0.42934 75 56 24
17.484 2.2085 -0.46765 77 55 16
17.426 2.2217 -0.39861 76 56 29
17.44 2.2152 -0.41651 75 56 16
17.391 2.2264 -0.38102 74 57 29
17.352 2.2349 -0.3624 75 55 20
17.369 2.2279 -0.40676 73 54 14
17.389 2.231 -0.42132 72 53 23
17.403 2.2208 -0.39748 74 55 25
17.404 2.2239 -0.43878 75 53 12
17.375 2.2252 -0.42139 72 52 15
17.467 2.2118 -0.39043 76 53 20
17.394 2.2273 -0.40874 74 55 23
17.332 2.2385 -0.4266 71 53 15
17.324 2.241 -0.39832 73 53 26
17.399 2.2208 -0.36933 75 54 25
17.332 2.2374 -0.41363 71 53 15
17.381 2.2231 -0.43647 70 54 18
17.426 2.2203 -0.38545 73 54 24
17.357 2.2325 -0.37683 74 54 27
17.357 2.2341 -0.39017 75 55 18
17.441 2.2158 -0.43108 71 55 22
17.449 2.2125 -0.44746 72 51 24
17.307 2.2393 -0.41069 70 53 25
17.265 2.2512 -0.39019 72 54 14
17.237 2.2538 -0.36206 73 53 29
17.238 2.2546 -0.37441 69 51 15
17.335 2.2335 -0.38827 74 55 25
17.271 2.2461 -0.37955 74 53 26
17.332 2.2331 -0.36149 76 54 30
17.328 2.2368 -0.37354 75 55 30
17.265 2.2482 -0.35302 75 53 29
17.253 2.2547 -0.33858 73 52 25
17.265 2.2492 -0.36551 72 55 29
17.289 2.2461 -0.35534 75 55 20
17.296 2.2427 -0.36939 74 54 29
17.293 2.2456 -0.38136 74 54 29
17.307 2.2378 -0.39815 71 51 26
17.247 2.2498 -0.38892 72 52 27
17.254 2.2459 -0.40311 71 51 27
17.271 2.248 -0.40452 70 50 26
17.159 2.2682 -0.35288 72 53 21
17.183 2.2629 -0.33273 73 54 20
17.21 2.2583 -0.34734 73 53 29
17.21 2.2589 -0.35936 73 53 29
17.239 2.251 -0.33874 75 53 29
17.181 2.2663 -0.36649 72 52 17
17.173 2.2702 -0.34168 75 55 30
17.143 2.2687 -0.37423 74 53 22
17.184 2.2641 -0.35557 75 55 30
17.194 2.2587 -0.38185 73 52 21
17.215 2.2564 -0.37218 72 54 16
17.2 2.2639 -0.33336 73 51 27
17.195 2.2592 -0.39372 73 52 23
17.217 2.2569 -0.39626 74 54 20
17.165 2.2636 -0.3429 74 55 21
17.213 2.2588 -0.38322 72 51 20
17.164 2.266 -0.36525 73 51 30
17.161 2.2686 -0.3758 71 51 27
17.231 2.2572 -0.34876 75 54 23
19.245 2.0618 -0.98183 32 21 1
18.328 2.0601 -0.71165 78 55 22
18.371 2.0452 -0.74898 69 55 19
18.19 2.0996 -0.7243 73 56 28
18.272 2.0681 -0.77229 72 55 27
17.54 2.37 -0.54053 8 9 13
18.391 2.0402 -0.77895 58 42 17
18.304 2.0576 -0.80695 69 53 27
18.248 2.0529 -0.74775 74 55 25
18.254 2.0652 -0.67393 74 54 30
18.297 2.0496 -0.7093 78 56 17
18.201 2.0701 -0.71148 72 53 23
18.18 2.0867 -0.77246 73 53 18
18.164 2.0716 -0.7722 71 50 19
18.117 2.0899 -0.73536 75 57 21
18.019 2.1077 -0.66795 74 56 34
18.245 2.0742 -0.7173 75 56 26
18.03 2.1049 -0.69273 70 53 25
17.984 2.1214 -0.63662 73 52 25
18.073 2.1044 -0.67878 75 55 28
18.025 2.1096 -0.71129 77 56 25
18.079 2.0994 -0.65912 74 53 26
18.059 2.1127 -0.69566 77 57 30
18.177 2.0857 -0.74862 75 52 19
18.112 2.1039 -0.6402 75 54 25
18.189 2.0734 -0.68378 74 54 27
18.081 2.0966 -0.63757 75 56 26
18.007 2.12 -0.72587 70 53 27
17.809 2.1421 -0.56399 75 54 25
17.824 2.1369 -0.58647 74 53 22
17.848 2.1436 -0.58855 74 53 24
17.93 2.1225 -0.58708 73 53 28
17.866 2.1374 -0.61233 72 55 27
17.966 2.1275 -0.61091 74 54 20
17.89 2.1316 -0.67816 71 52 18
17.928 2.1295 -0.64461 76 56 31
17.788 2.1577 -0.61302 76 56 31
17.809 2.1497 -0.63784 74 55 23
17.825 2.1383 -0.60566 75 55 30
17.936 2.1216 -0.60835 77 55 31
17.776 2.1492 -0.65013 74 55 12
17.769 2.1509 -0.62974 74 54 30
17.936 2.1236 -0.62805 74 55 23
17.821 2.1457 -0.66064 72 51 20
17.895 2.1274 -0.66063 73 53 26
17.883 2.1311 -0.63707 75 56 26
17.928 2.1312 -0.66571 69 53 20
17.839 2.1461 -0.56688 74 54 20
17.975 2.1116 -0.70134 71 52 10
17.698 2.1657 -0.57622 73 56 26
17.63 2.1806 -0.52693 73 53 29
17.6 2.1829 -0.55522 74 55 12
17.6 2.1842 -0.57157 74 55 23
17.662 2.1684 -0.58717 73 53 26
17.701 2.1671 -0.61267 72 53 21
17.683 2.1591 -0.61134 71 52 20
17.693 2.1661 -0.55775 76 56 22
17.629 2.1795 -0.51033 75 55 20
17.748 2.1577 -0.58702 77 57 33
17.602 2.18 -0.53971 74 56 20
17.712 2.1724 -0.54121 74 57 27
17.768 2.1498 -0.6111 74 55 25
17.69 2.1712 -0.59146 74 55 25
17.599 2.186 -0.58773 71 52 20
17.7 2.1612 -0.54264 77 56 25
17.62 2.1869 -0.54023 77 57 23
17.655 2.1707 -0.56749 76 55 24
17.732 2.1641 -0.56414 75 55 28
17.455 2.2116 -0.47829 76 55 26
17.456 2.2098 -0.46357 73 54 22
17.435 2.2131 -0.53375 68 52 16
17.512 2.1997 -0.55154 71 49 25
17.526 2.2035 -0.5057 76 57 25
17.454 2.2144 -0.50694 73 54 24
17.538 2.1986 -0.5239 76 56 29
17.507 2.1985 -0.50414 73 54 20
17.577 2.1902 -0.50065 75 54 23
17.494 2.2045 -0.48488 75 56 22
17.47 2.2066 -0.5265 70 53 23
17.576 2.1824 -0.58447 74 52 29
17.533 2.1985 -0.49198 76 57 15
17.478 2.2034 -0.5446 71 51 14
17.521 2.1939 -0.53875 74 55 23
17.544 2.1969 -0.54189 77 57 32
17.572 2.1832 -0.56687 74 53 24
17.453 2.2137 -0.49182 76 55 28
17.513 2.1965 -0.52118 75 55 30
17.595 2.1825 -0.52135 76 54 30
17.37 2.2223 -0.51942 73 52 21
17.43 2.2123 -0.48932 70 54 21
17.407 2.2149 -0.52774 70 50 16
17.369 2.2205 -0.49205 73 54 20
17.381 2.2255 -0.46383 74 55 23
17.438 2.2086 -0.50605 73 54 24
17.378 2.2165 -0.5079 72 51 24
17.395 2.2207 -0.50984 73 53 19
17.341 2.234 -0.44219 73 53 19
17.314 2.2391 -0.46477 73 52 31
17.438 2.2102 -0.52058 75 55 20
17.406 2.2235 -0.45357 74 55 23
17.382 2.2255 -0.47845 73 54 24
17.418 2.2181 -0.47103 72 54 32
17.383 2.2229 -0.45111 76 53 22
17.35 2.2295 -0.45873 73 53 26
17.365 2.2217 -0.47727 71 50 29
17.384 2.2256 -0.4929 70 53 25
17.317 2.238 -0.4791 70 52 28
17.331 2.2304 -0.49798 70 49 20
17.198 2.2612 -0.45407 70 49 28
17.251 2.2515 -0.45222 72 50 26
17.29 2.2421 -0.48743 70 49 20
17.258 2.246 -0.44194 75 55 28
17.261 2.2463 -0.46794 72 53 23
17.257 2.245 -0.41669 73 53 29
17.257 2.2461 -0.42917 73 53 29
17.216 2.2587 -0.40797 70 52 16
17.312 2.2367 -0.42509 75 52 21
17.222 2.2557 -0.42175 72 52 18
17.228 2.2523 -0.43598 70 55 24
17.319 2.2338 -0.44007 72 52 28
17.316 2.2365 -0.4525 70 53 23
17.276 2.246 -0.41821 73 55 19
17.27 2.2413 -0.48401 70 48 27
17.236 2.2484 -0.45074 72 55 29
17.293 2.2384 -0.46197 70 52 28
17.302 2.2336 -0.47807 72 51 22
17.277 2.2462 -0.43125 73 52 21
17.286 2.2417 -0.44688 74 54 27
17.237 2.2498 -0.47573 72 53 19
17.237 2.2484 -0.46365 71 52 20
17.151 2.2664 -0.42176 72 50 27
17.166 2.2667 -0.40017 75 51 23
17.135 2.2667 -0.44287 72 53 21
17.165 2.2671 -0.38826 71 51 24
17.168 2.2664 -0.41195 72 53 21
17.147 2.2668 -0.38653 78 54 26
17.176 2.2618 -0.42613 71 55 32
17.202 2.2561 -0.4194 73 54 22
17.202 2.2571 -0.43125 73 54 24
17.181 2.259 -0.43997 74 53 24
17.152 2.2645 -0.39924 73 52 23
17.184 2.2584 -0.45273 71 52 18
17.153 2.2644 -0.41104 72 54 30
17.197 2.2612 -0.44155 72 51 20
17.146 2.2709 -0.43164 73 53 26
17.131 2.2687 -0.43007 72 53 23
17.148 2.2699 -0.44381 70 54 21
17.2 2.2567 -0.40683 73 53 19
17.12 2.275 -0.40398 72 54 34
17.117 2.2764 -0.3918 72 52 28
18.304 2.0478 -0.93508 74 54 20
18.319 2.057 -0.85988 74 58 35
18.4 2.0324 -0.96391 69 49 25
18.331 2.0548 -0.88933 66 50 25
18.274 2.0576 -0.90005 74 54 20
18.459 2.0111 -1.0138 72 48 22
18.29 2.0661 -0.82692 71 56 25
18.255 2.0709 -0.94035 77 53 27
18.364 2.0442 -0.92601 65 48 22
17.983 2.117 -0.78525 73 53 26
18.059 2.1013 -0.78734 74 54 29
17.982 2.1129 -0.74481 74 53 32
18.054 2.087 -0.83386 71 55 20
18.247 2.061 -0.81776 75 54 27
18.057 2.1 -0.76449 73 54 22
18.103 2.0888 -0.86947 74 54 29
18.198 2.0668 -0.87779 73 54 20
18.156 2.0826 -0.83855 73 56 28
18.055 2.0887 -0.85648 75 57 21
18.236 2.0683 -0.83734 74 55 25
18.092 2.0888 -0.82051 75 55 31
18.19 2.0729 -0.89729 72 52 27
18.273 2.0553 -0.87531 75 56 26
18.224 2.0607 -0.93517 75 54 23
18.143 2.0831 -0.78855 74 52 13
17.996 2.1088 -0.77 71 55 22
17.956 2.1133 -0.82366 75 52 21
18.153 2.0814 -0.8147 75 57 21
18.083 2.0951 -0.84002 73 52 25
17.755 2.1616 -0.6616 75 54 25
17.768 2.1551 -0.66618 75 54 25
17.739 2.1571 -0.71453 74 51 17
17.808 2.1371 -0.69855 74 57 29
17.885 2.1363 -0.69614 72 51 30
17.737 2.1561 -0.69579 72 52 25
17.812 2.141 -0.7575 74 54 29
17.898 2.1206 -0.806 75 56 16
17.818 2.136 -0.7402 74 52 28
17.916 2.1235 -0.72689 73 56 28
17.945 2.114 -0.77845 73 54 14
17.926 2.1212 -0.75052 77 56 25
17.936 2.1204 -0.79538 73 54 22
17.777 2.1397 -0.74854 72 52 17
17.858 2.1336 -0.73093 73 54 24
17.823 2.1485 -0.69888 73 56 28
17.863 2.1271 -0.6947 72 53 23
17.818 2.1398 -0.77929 73 53 16
17.854 2.1376 -0.74893 75 54 25
17.89 2.1225 -0.782 72 53 21
17.801 2.1425 -0.715 74 55 25
18.007 2.0993 -0.73268 74 55 15
17.721 2.1587 -0.63688 73 52 23
17.745 2.1486 -0.6629 75 56 26
17.685 2.163 -0.66431 73 54 24
17.593 2.1791 -0.65618 75 54 27
17.611 2.1709 -0.67991 73 54 22
17.712 2.1667 -0.66869 73 57 24
17.661 2.1634 -0.71227 72 54 18
17.626 2.1769 -0.64728 75 54 27
17.637 2.1739 -0.6856 74 52 28
17.736 2.1514 -0.64202 73 52 23
17.563 2.1923 -0.61205 76 56 19
17.634 2.1741 -0.66743 73 53 26
17.682 2.1662 -0.68126 72 50 26
17.603 2.1725 -0.64283 73 56 26
17.697 2.1622 -0.72169 73 53 18
17.611 2.1815 -0.60866 72 53 13
17.631 2.1725 -0.6321 74 55 25
17.654 2.1757 -0.61856 73 54 14
17.666 2.1713 -0.63982 76 55 28
17.665 2.1701 -0.62244 73 54 14
17.707 2.1552 -0.70763 73 53 18
17.59 2.1836 -0.68842 72 53 23
17.538 2.19 -0.60747 71 53 29
17.489 2.2003 -0.57802 74 52 28
17.532 2.1943 -0.6213 74 54 30
17.522 2.1958 -0.57027 73 56 0
17.453 2.2079 -0.59982 70 51 17
17.584 2.1795 -0.6031 74 54 27
17.459 2.2017 -0.57202 75 53 32
17.484 2.2039 -0.59212 72 50 26
17.44 2.2116 -0.55041 71 51 16
17.52 2.1878 -0.6532 71 53 13
17.461 2.2056 -0.63356 73 52 21
17.425 2.2091 -0.59338 67 51 18
17.461 2.2045 -0.61814 71 51 17
17.464 2.2001 -0.58905 71 54 28
17.423 2.2109 -0.60759 72 51 20
17.433 2.2063 -0.62679 71 52 22
17.543 2.1901 -0.64126 70 53 23
17.511 2.1905 -0.61777 71 51 17
17.529 2.1932 -0.58859 74 54 17
17.545 2.1904 -0.65798 75 54 23
17.503 2.1961 -0.63062 72 52 15
17.492 2.197 -0.56444 73 54 14
17.386 2.2181 -0.59676 71 52 22
17.354 2.2222 -0.57365 71 52 20
17.312 2.2326 -0.54793 71 52 20
17.338 2.2296 -0.54081 74 54 30
17.405 2.2192 -0.57125 72 55 29
17.36 2.2293 -0.53017 73 52 25
17.293 2.2422 -0.51505 75 54 33
17.353 2.2233 -0.58809 73 51 30
17.389 2.2142 -0.56927 73 53 29
17.412 2.2127 -0.54438 75 54 9
17.372 2.2255 -0.57692 71 51 14
17.339 2.2268 -0.51238 70 51 17
17.305 2.2359 -0.53219 73 53 29
17.337 2.2311 -0.55389 70 51 19
17.305 2.2377 -0.55882 67 49 27
17.409 2.2161 -0.55763 70 53 27
17.336 2.2296 -0.52504 71 51 27
17.319 2.2303 -0.57769 67 51 28
17.362 2.229 -0.54444 73 53 26
17.278 2.2383 -0.51247 73 52 31
17.251 2.2453 -0.54445 71 52 22
17.222 2.2498 -0.52418 67 52 21
17.223 2.2469 -0.48689 72 51 22
17.28 2.2383 -0.52598 69 51 29
17.218 2.2515 -0.51013 71 52 22
17.29 2.2428 -0.50107 71 50 21
17.215 2.2511 -0.47194 72 51 30
17.288 2.2358 -0.56916 70 48 27
17.273 2.2402 -0.498 71 52 20
17.194 2.2563 -0.52885 71 48 30
17.257 2.2421 -0.55991 69 50 20
17.236 2.2512 -0.48812 72 53 23
17.231 2.2446 -0.54064 73 54 24
17.249 2.2442 -0.51838 70 53 33
17.26 2.2382 -0.53543 71 52 18
17.242 2.2484 -0.50265 73 53 28
17.221 2.2486 -0.49901 71 53 31
17.199 2.252 -0.51881 68 49 19
17.276 2.2412 -0.53804 71 52 10
17.292 2.2323 -0.55724 71 50 21
17.14 2.2665 -0.49047 72 51 24
17.147 2.2626 -0.50494 73 51 27
17.119 2.2688 -0.48562 71 50 31
17.187 2.2584 -0.48976 75 53 29
17.201 2.25 -0.50738 71 50 29
17.161 2.2649 -0.50739 71 52 20
17.179 2.254 -0.52618 69 52 22
17.169 2.2589 -0.4983 71 51 27
17.132 2.2696 -0.45324 73 53 29
17.12 2.2676 -0.4747 71 54 24
17.136 2.2688 -0.47719 75 55 31
17.134 2.2693 -0.46475 73 51 27
17.173 2.2557 -0.48779 70 54 31
17.182 2.261 -0.47601 73 54 24
17.166 2.2592 -0.47358 75 53 29
17.181 2.2612 -0.46347 72 51 8
17.164 2.2602 -0.46062 73 54 24
17.119 2.2698 -0.4969 73 51 27
17.142 2.2663 -0.51475 71 50 29
17.111 2.2723 -0.44868 71 51 24
18.287 2.045 -1.0581 74 54 30
18.334 2.0493 -1.0735 73 55 19
18.426 2.0174 -1.1668 73 56 30
18.279 2.0513 -1.0793 76 55 26
18.238 2.0604 -0.98859 73 55 33
18.314 2.0521 -1.0134 76 56 31
18.381 2.027 -1.0679 74 56 8
18.372 2.0364 -1.1164 72 52 25
18.244 2.0607 -1.0146 73 52 21
18.27 2.0675 -0.97096 75 57 9
18.067 2.0905 -0.92767 75 55 31
18.123 2.0827 -0.89876 71 54 28
18 2.1042 -0.94845 72 52 25
18.017 2.0988 -0.97854 73 53 26
17.962 2.1126 -0.84665 74 52 29
17.966 2.1133 -0.86951 75 56 24
17.898 2.1291 -0.88705 73 51 27
18.114 2.077 -1.016 73 53 28
17.959 2.1026 -0.93543 74 53 26
18.04 2.1048 -0.93903 76 52 24
18.109 2.0763 -0.99203 73 54 24
18.25 2.0523 -0.96895 75 56 26
18.046 2.095 -0.87537 75 54 25
17.957 2.1058 -0.95571 70 52 28
18.06 2.0911 -0.904 78 57 30
18.015 2.0952 -0.93343 71 52 20
18.167 2.0732 -1.0117 75 53 14
17.989 2.1047 -0.90016 72 52 15
18.118 2.0871 -0.92089 72 56 21
18.151 2.0752 -0.95776 73 56 30
18.218 2.0486 -1.0098 71 52 20
18.184 2.0687 -1.0425 74 55 15
17.907 2.1184 -0.82992 73 54 24
17.832 2.1239 -0.88801 72 52 27
17.848 2.1311 -0.85034 74 54 19
17.841 2.1329 -0.82681 71 54 28
17.795 2.1361 -0.81418 71 53 29
17.781 2.141 -0.78885 73 52 25
17.734 2.1503 -0.81022 69 51 5
17.919 2.1173 -0.87513 72 52 18
17.754 2.1417 -0.8385 71 51 26
17.875 2.1202 -0.88247 73 53 16
17.831 2.1357 -0.80289 74 54 29
17.788 2.1434 -0.84845 73 52 21
17.724 2.1586 -0.8435 73 53 28
17.925 2.1122 -0.85743 74 54 29
17.865 2.1271 -0.89784 73 53 26
17.801 2.1353 -0.83415 72 51 4
17.916 2.1183 -0.87462 72 52 18
17.754 2.1531 -0.75779 73 50 34
17.71 2.1608 -0.78103 71 50 21
17.717 2.1573 -0.78399 73 52 23
17.597 2.1813 -0.70806 74 54 20
17.607 2.1777 -0.72892 75 55 31
17.686 2.1548 -0.77681 68 51 21
17.706 2.1588 -0.74388 73 52 25
17.57 2.1795 -0.70091 73 55 33
17.565 2.1806 -0.68295 73 53 28
17.583 2.177 -0.7569 71 51 27
17.581 2.1794 -0.77362 71 50 31
17.578 2.1766 -0.72133 70 52 28
17.584 2.1747 -0.74099 72 52 18
17.714 2.1565 -0.7652 74 53 26
17.682 2.1592 -0.79133 71 51 17
17.662 2.1641 -0.73055 69 52 26
17.696 2.1483 -0.76237 72 54 32
17.676 2.1638 -0.80761 69 53 18
17.557 2.1759 -0.76712 70 50 26
17.713 2.1464 -0.84325 70 54 21
17.614 2.1755 -0.74913 71 50 19
17.632 2.1674 -0.77493 71 52 18
17.648 2.1606 -0.79983 74 54 20
17.44 2.2052 -0.65912 71 54 24
17.494 2.1911 -0.69371 71 52 10
17.519 2.1927 -0.7002 73 52 9
17.499 2.1922 -0.74402 69 51 29
17.498 2.1897 -0.7126 69 49 22
17.418 2.2053 -0.68428 71 48 14
17.413 2.2071 -0.66658 70 51 21
17.48 2.1973 -0.67245 73 53 29
17.524 2.1915 -0.7184 70 49 20
17.541 2.1831 -0.74329 71 52 22
17.443 2.2061 -0.69079 71 51 24
17.437 2.2079 -0.6734 71 52 10
17.451 2.2026 -0.71032 73 52 25
17.513 2.1947 -0.6818 73 52 23
17.428 2.2107 -0.63933 74 54 19
17.493 2.194 -0.72599 71 52 9
17.509 2.1954 -0.66399 73 54 24
17.413 2.2092 -0.69723 69 49 22
17.48 2.1965 -0.65641 74 52 29
17.363 2.221 -0.63431 71 50 21
17.335 2.2235 -0.62668 68 51 7
17.344 2.2215 -0.67296 71 52 22
17.392 2.216 -0.61351 72 51 22
17.366 2.2204 -0.65016 70 50 23
17.299 2.2327 -0.62811 69 51 13
17.319 2.2316 -0.59135 73 52 25
17.358 2.2227 -0.61801 74 52 29
17.298 2.2305 -0.58679 71 51 24
17.337 2.2216 -0.61304 69 50 33
17.34 2.2213 -0.64326 71 52 10
17.4 2.212 -0.63185 75 53 32
17.361 2.2201 -0.60478 75 53 12
17.31 2.228 -0.66099 68 52 29
17.301 2.231 -0.61494 69 47 23
17.404 2.2108 -0.64842 71 50 33
17.302 2.232 -0.64296 68 51 21
17.371 2.2186 -0.66675 70 52 12
17.378 2.215 -0.68543 69 51 27
17.344 2.2199 -0.65936 69 49 24
17.292 2.2354 -0.5975 72 54 32
17.238 2.2419 -0.56879 74 55 21
17.221 2.2424 -0.60401 66 51 20
17.221 2.2434 -0.61721 68 51 23
17.203 2.2514 -0.54488 74 53 26
17.245 2.2413 -0.62401 71 51 26
17.236 2.2445 -0.58076 71 49 10
17.204 2.2512 -0.55811 71 54 26
17.272 2.2352 -0.60629 69 49 22
17.184 2.2538 -0.5777 72 52 17
17.278 2.2322 -0.62262 69 52 22
17.23 2.2466 -0.55273 72 53 21
17.186 2.2529 -0.5912 74 54 19
17.283 2.2304 -0.63847 68 50 26
17.213 2.2468 -0.58776 73 49 23
17.256 2.2437 -0.57267 73 53 28
17.24 2.2424 -0.5956 71 50 31
17.268 2.237 -0.5913 68 51 25
17.213 2.2459 -0.5749 74 53 26
17.19 2.2512 -0.60537 72 52 27
17.242 2.2419 -0.60972 74 49 26
17.125 2.2666 -0.52299 75 55 28
17.133 2.2622 -0.53779 71 51 24
17.149 2.263 -0.54155 69 53 30
17.175 2.2573 -0.53731 73 53 29
17.1 2.2726 -0.51558 71 54 26
17.157 2.2582 -0.55704 72 51 24
17.108 2.2687 -0.55371 70 52 16
17.116 2.2637 -0.56906 66 50 15
17.178 2.2564 -0.56302 71 53 13
17.101 2.2718 -0.51581 71 54 26
17.134 2.2624 -0.56216 74 51 17
17.129 2.2654 -0.54797 71 52 12
17.158 2.2584 -0.56932 72 52 15
17.101 2.2724 -0.52716 73 50 17
17.11 2.2668 -0.54298 69 47 23
17.166 2.254 -0.58553 73 51 27
17.131 2.2622 -0.51334 74 53 26
17.136 2.2619 -0.57475 69 50 33
17.184 2.2522 -0.553 73 52 31
17.15 2.2616 -0.53004 71 51 26
17.094 2.2763 -0.50142 71 51 24
17.088 2.2717 -0.55889 72 55 29
17.084 2.2741 -0.54566 73 52 21
18.476 1.9999 -1.2177 66 45 28
18.313 2.0392 -1.1226 74 54 30
18.27 2.0452 -1.2072 71 51 17
18.213 2.0612 -1.1056 72 52 25
18.342 2.0391 -1.238 71 51 27
18.336 2.0359 -1.1826 71 50 29
18.33 2.0414 -1.2055 71 51 26
18.163 2.0802 -1.0577 74 53 22
18.288 2.053 -1.134 75 54 23
18.219 2.0616 -1.1318 71 51 24
18.248 2.0514 -1.1728 72 53 21
17.936 2.1039 -1.0367 71 50 21
18.134 2.0727 -1.0741 74 55 23
17.979 2.0978 -0.98746 72 53 21
18.129 2.0801 -1.1183 70 50 23
18.058 2.0871 -1.0655 73 51 28
18.164 2.067 -1.161 71 52 18
18.002 2.0916 -1.0423 70 53 27
17.987 2.0961 -1.0133 73 54 22
18.003 2.0934 -1.0657 69 52 24
18.132 2.0709 -1.0495 73 56 30
18.082 2.0785 -1.1011 71 52 22
18.18 2.0551 -1.1192 73 53 28
18.064 2.0823 -1.0448 69 52 24
17.924 2.1072 -1.0095 73 53 28
17.984 2.0955 -0.98978 72 53 21
18.088 2.0781 -1.128 73 51 30
18.027 2.0963 -1.0052 72 52 27
17.702 2.1539 -0.85602 72 51 30
17.757 2.1458 -0.89648 73 51 27
17.728 2.1476 -0.94449 71 52 20
17.718 2.1473 -0.88281 71 51 27
17.883 2.1227 -0.94682 74 55 25
17.785 2.1336 -0.93042 72 53 19
17.723 2.1485 -0.92273 73 52 21
17.827 2.1324 -0.94502 71 52 20
17.812 2.1353 -0.8994 70 55 22
17.878 2.1231 -0.92423 76 56 29
17.866 2.1148 -0.98582 71 53 17
17.763 2.1411 -0.88033 70 51 34
17.853 2.1236 -0.99882 71 50 21
17.786 2.1346 -0.95174 72 50 26
17.905 2.1139 -0.97979 69 52 26
17.844 2.1217 -0.93429 71 54 24
17.707 2.1546 -0.89623 70 50 25
17.801 2.1291 -0.97875 73 52 23
17.515 2.1883 -0.81808 66 49 23
17.672 2.1546 -0.88386 71 50 23
17.622 2.1624 -0.84485 69 48 21
17.682 2.1509 -0.90741 72 51 24
17.647 2.163 -0.81686 72 51 24
17.607 2.1717 -0.8556 71 52 22
17.56 2.1815 -0.85355 74 52 11
17.535 2.1893 -0.77341 71 49 26
17.558 2.1784 -0.80092 70 49 28
17.557 2.1803 -0.81727 71 50 23
17.581 2.1688 -0.84641 68 51 21
17.651 2.164 -0.85484 70 51 21
17.602 2.171 -0.81832 70 54 21
17.603 2.1689 -0.80118 71 51 26
17.654 2.1607 -0.8383 68 50 26
17.635 2.1585 -0.88723 71 52 20
17.469 2.1961 -0.76619 68 51 25
17.469 2.1977 -0.78127 69 49 22
17.4 2.2081 -0.77099 70 48 25
17.488 2.1877 -0.80829 69 49 15
17.379 2.217 -0.71498 68 51 21
17.435 2.2024 -0.7852 69 49 24
17.459 2.1992 -0.72991 71 49 28
17.442 2.197 -0.77329 70 50 25
17.432 2.2007 -0.73656 69 49 24
17.516 2.184 -0.76853 70 50 23
17.433 2.2013 -0.75243 71 51 27
17.39 2.2114 -0.73566 70 50 25
17.528 2.1796 -0.80813 71 50 21
17.414 2.2097 -0.7131 72 52 25
17.513 2.187 -0.78325 69 49 22
17.391 2.2119 -0.75146 69 49 24
17.455 2.2027 -0.74337 71 49 26
17.323 2.2229 -0.71008 70 52 16
17.357 2.2165 -0.72294 68 51 25
17.319 2.2246 -0.6933 68 51 25
17.366 2.2119 -0.7429 68 48 24
17.384 2.2129 -0.70298 70 52 28
17.343 2.223 -0.68673 66 52 26
17.32 2.2227 -0.67997 70 50 15
17.281 2.2328 -0.65024 71 53 15
17.359 2.2143 -0.70935 69 47 24
17.297 2.2258 -0.71514 70 50 15
17.262 2.2346 -0.6999 69 50 20
17.276 2.2368 -0.66197 70 49 28
17.295 2.2255 -0.68565 67 49 25
17.322 2.2247 -0.72349 70 48 27
17.363 2.2153 -0.75578 69 49 24
17.289 2.2301 -0.69658 70 49 18
17.251 2.2382 -0.64037 72 52 27
17.22 2.2456 -0.64219 69 49 25
17.233 2.2379 -0.66211 68 50 26
17.23 2.2407 -0.67423 70 50 13
17.258 2.2365 -0.68406 69 47 24
17.177 2.2499 -0.65342 71 50 19
17.2 2.2458 -0.63632 67 49 25
17.24 2.2353 -0.69255 69 48 29
17.196 2.2477 -0.62118 73 51 30
17.257 2.2348 -0.65689 71 53 15
17.254 2.2381 -0.66851 69 50 18
17.223 2.2433 -0.63 70 50 26
17.202 2.2459 -0.66307 69 49 24
17.196 2.2494 -0.64661 67 49 25
17.165 2.2564 -0.62227 70 49 28
17.179 2.2481 -0.64177 70 49 28
17.115 2.2666 -0.60381 70 51 21
17.126 2.259 -0.62211 69 47 26
17.167 2.2545 -0.61073 70 50 26
17.167 2.2535 -0.59861 71 53 31
17.12 2.2613 -0.58301 74 51 33
17.115 2.2657 -0.59256 70 49 28
17.138 2.2614 -0.58761 71 51 26
17.087 2.2731 -0.56974 69 50 16
17.092 2.2699 -0.58427 68 49 17
17.125 2.2602 -0.6333 66 50 15
17.096 2.2676 -0.59775 66 48 26
17.14 2.2617 -0.62552 70 47 29
17.149 2.2562 -0.64267 72 51 22
17.141 2.2598 -0.60148 69 54 25
17.093 2.27 -0.60825 70 51 19
17.148 2.2554 -0.6176 72 49 31
19.717 3.9647 0.18281 90 63 28
18.236 2.107 0.13886 79 63 30
18.306 2.0835 0.10412 78 58 33
18.288 2.0885 0.12263 84 63 34
17.968 2.158 0.11277 85 63 39
18.015 2.1417 0.084333 86 66 32
18.09 2.1266 0.11249 89 67 30
18.144 2.1262 0.10476 86 65 36
18.15 2.1218 0.12413 88 69 39
18.097 2.1257 0.095229 88 67 38
18.017 2.1385 0.10167 88 67 38
18.106 2.1178 0.13233 86 66 32
17.821 2.1687 0.099733 86 62 34
17.879 2.1631 0.077213 86 65 38
17.857 2.1713 0.092842 85 64 37
17.828 2.1674 0.085055 87 66 35
17.755 2.1863 0.059175 82 63 33
17.747 2.1883 0.072851 85 64 37
17.885 2.1621 0.062792 83 63 39
17.939 2.1525 0.10522 87 65 41
17.964 2.1453 0.07315 85 65 41
17.94 2.154 0.088612 88 67 40
17.818 2.1737 0.067979 85 64 33
17.723 2.1836 0.066566 79 59 34
17.711 2.1909 0.050463 81 63 25
17.642 2.2057 0.070328 81 64 36
17.653 2.2022 0.055645 81 60 33
17.721 2.1829 0.081263 83 62 33
17.618 2.2041 0.049026 82 61 32
17.729 2.1953 0.086118 84 64 39
17.663 2.1985 0.043338 81 59 35
17.633 2.195 0.064544 81 59 35
17.512 2.2261 0.059067 82 62 37
17.48 2.2292 0.052066 82 62 38
17.491 2.226 0.027736 79 60 30
17.549 2.2227 0.053076 84 62 39
17.482 2.2294 0.040274 79 57 33
17.529 2.2189 0.046882 81 62 32
17.552 2.2079 0.03642 79 58 27
17.564 2.2135 0.067401 81 61 34
17.555 2.2211 0.040166 81 61 34
17.453 2.2326 0.020842 82 58 30
17.345 2.2493 0.038691 83 64 32
17.375 2.2466 0.032568 81 60 33
17.385 2.2419 0.021361 80 60 25
17.345 2.251 0.026848 80 59 32
17.447 2.2334 0.046256 83 63 39
17.469 2.2227 0.035218 82 62 25
17.4 2.2466 0.026097 81 60 31
17.412 2.239 0.039015 80 61 29
17.336 2.2568 0.014778 79 58 29
17.258 2.2624 0.032447 81 60 39
17.285 2.2611 0.015267 78 57 28
17.305 2.2602 0.031703 81 61 34
17.315 2.2553 0.021266 80 60 33
17.321 2.2535 0.0098503 81 60 29
17.284 2.26 0.026933 79 59 35
17.248 2.2699 0.02073 80 56 30
17.258 2.2651 0.01072 77 58 28
17.283 2.2634 0.0044896 79 59 25
18.391 2.0617 0.0051405 77 56 25
18.28 2.1009 0.041762 78 59 27
18.267 2.1016 0.081301 79 59 25
18.339 2.08 0.023214 78 57 28
18.385 2.0667 -0.017825 76 56 29
18.399 2.0765 0.053013 76 56 29
18.312 2.0861 0.063579 76 54 30
18.373 2.084 0.073446 75 55 30
18.226 2.1058 -0.007007 81 60 29
18.258 2.0885 0.034902 81 63 27
18.233 2.1008 0.013695 82 64 24
17.983 2.1385 0.057098 85 61 35
17.93 2.1511 -0.019994 83 63 29
18.208 2.1064 0.051788 82 62 35
18.167 2.1095 -0.01464 86 62 34
18.171 2.1172 0.087522 87 66 39
18.137 2.1199 0.0039318 85 66 32
18.011 2.1453 0.064414 87 66 37
18.062 2.1255 0.050169 86 62 34
18.063 2.1309 -0.0049175 86 63 32
18.009 2.1368 -0.031154 86 63 29
18.213 2.1022 0.071289 87 66 35
17.989 2.1401 0.022824 83 62 35
17.96 2.1509 0.037879 82 61 30
18.109 2.1291 0.021364 85 65 30
18.114 2.121 0.077467 85 65 31
18.028 2.1419 0.030321 85 64 33
18.107 2.1259 0.058239 87 67 33
17.989 2.1436 -0.013619 85 64 35
18.126 2.1202 0.041168 87 67 32
17.974 2.1483 0.0042001 83 63 29
18.074 2.1242 0.01325 85 64 33
18.059 2.1348 -0.023658 87 65 28
17.847 2.1637 0.038206 85 62 31
17.788 2.1761 0.013791 80 61 29
17.845 2.17 -0.010918 82 61 34
17.788 2.1773 -0.0021356 83 61 37
17.842 2.1644 0.05386 82 60 37
17.754 2.1801 -0.039789 83 63 29
17.73 2.1898 -0.024392 82 61 34
17.879 2.1668 0.04486 86 62 34
17.898 2.162 0.013146 83 62 31
17.929 2.1501 -0.0028715 82 63 29
17.866 2.1622 -0.02694 82 63 23
17.854 2.1622 0.022041 83 62 35
17.729 2.1874 0.0064696 79 60 30
17.858 2.1624 0.0055013 84 63 32
17.771 2.1823 0.028746 82 60 36
17.932 2.1446 0.031594 83 63 29
17.75 2.179 -0.0084739 84 60 32
17.761 2.1853 0.043802 83 61 38
17.809 2.1695 -0.017329 85 61 33
17.798 2.1761 -0.033953 82 61 32
17.685 2.194 -0.014957 81 62 28
17.632 2.2031 -0.0066873 83 62 35
17.572 2.2155 0.014466 85 61 35
17.74 2.1804 0.021973 83 60 29
17.582 2.2117 0.00075652 80 61 29
17.705 2.1859 -0.030275 83 62 33
17.621 2.2041 0.035095 80 60 33
17.583 2.214 -0.02696 83 59 33
17.615 2.1989 -0.040843 82 61 34
17.641 2.1969 0.0076798 86 62 34
17.657 2.2029 0.028454 84 61 27
17.658 2.2042 0.013215 82 62 25
17.698 2.191 -0.045095 83 62 33
17.647 2.197 -0.021149 81 60 33
17.735 2.1813 0.037033 80 60 25
17.685 2.1926 -0.00032717 80 61 31
17.639 2.2023 -0.035803 83 60 27
17.64 2.1961 0.021932 84 60 34
17.556 2.2146 -0.045908 82 61 30
17.601 2.2033 -0.012659 84 64 30
17.431 2.236 -0.03459 80 61 29
17.423 2.2393 -0.022007 79 58 29
17.484 2.2224 -0.042143 81 60 29
17.455 2.2327 0.0083117 80 60 23
17.469 2.2266 -0.0039167 80 60 23
17.547 2.2162 -0.019087 80 58 34
17.536 2.2177 0.021165 84 61 30
17.561 2.2105 -0.032196 84 61 30
17.561 2.206 0.0093866 81 57 29
17.489 2.2309 -0.011589 83 63 28
17.484 2.2321 0.0013264 83 59 31
17.516 2.2183 -0.024179 78 58 31
17.567 2.2162 0.027331 82 64 28
17.427 2.2392 -0.047233 81 60 29
17.494 2.2255 0.014743 80 59 30
17.552 2.2124 -0.005107 80 61 27
17.505 2.2253 -0.03774 82 58 30
17.528 2.2143 -0.051201 81 59 35
17.472 2.2262 -0.016682 82 57 34
17.475 2.2259 -0.028926 79 58 29
17.342 2.2454 -0.035592 79 56 23
17.398 2.2385 -0.014545 79 58 31
17.404 2.2363 -0.026625 81 57 31
17.41 2.2427 0.014435 81 60 31
17.34 2.2557 0.002883 79 58 31
17.355 2.2496 -0.019406 83 60 16
17.359 2.2486 -0.031515 79 59 24
17.354 2.249 -0.0078524 82 59 25
17.369 2.2453 -0.055298 82 57 34
17.423 2.2365 0.0040384 79 60 20
17.403 2.2383 -0.03853 79 61 21
17.414 2.2333 -0.051287 80 61 31
17.419 2.2404 -0.009438 79 60 30
17.365 2.2467 -0.043594 79 58 27
17.334 2.2491 -0.02428 78 58 24
17.325 2.253 -0.012806 79 59 24
17.33 2.2538 -0.047808 81 60 29
17.347 2.2449 -0.059189 78 58 34
17.39 2.2416 -0.0025381 79 58 27
17.394 2.2384 0.0099386 80 60 23
17.236 2.2706 -0.037149 77 58 26
17.281 2.258 -0.055041 78 57 28
17.281 2.2568 -0.043961 77 55 32
17.226 2.2676 -0.062336 77 57 30
17.294 2.2588 -0.017187 75 56 24
17.271 2.2592 -0.010636 77 56 25
17.284 2.2639 -0.0067735 77 56 25
17.279 2.2536 0.0013101 77 56 27
17.223 2.2753 -0.0058246 77 56 29
17.226 2.2749 -0.016273 80 58 37
17.228 2.2649 -0.051764 81 57 29
17.28 2.2564 -0.032619 77 55 32
17.329 2.2498 -0.0009432 80 59 32
17.241 2.2691 -0.048022 78 58 24
17.241 2.2665 -0.026179 78 57 26
17.268 2.262 -0.022064 80 56 28
17.292 2.2615 -0.028706 77 57 23
17.251 2.2639 -0.058776 80 59 30
17.296 2.26 -0.040145 81 58 25
17.306 2.255 -0.05161 79 57 34
18.206 2.0998 -0.07408 81 60 31
18.379 2.0738 -0.061118 75 55 28
18.329 2.0761 -0.10905 75 56 26
18.192 2.1033 -0.05436 83 63 36
18.28 2.0935 -0.087664 76 57 25
18.221 2.1104 -0.027725 80 61 31
18.396 2.0697 -0.082478 76 53 22
18.262 2.0958 -0.047729 79 62 36
18.222 2.0997 -0.13542 79 62 36
18.352 2.0818 -0.042625 77 57 30
18.349 2.0704 -0.13166 78 59 19
18.213 2.1012 -0.1144 81 60 29
18.203 2.1031 -0.093856 82 58 30
18.286 2.0885 -0.067184 76 55 26
18.035 2.1275 -0.04843 84 63 34
18.084 2.1282 -0.060844 84 63 34
18.063 2.1351 -0.042202 85 64 35
18.019 2.1364 -0.066976 85 60 37
18.065 2.1207 -0.10434 80 59 28
17.923 2.1561 -0.037836 86 63 29
17.961 2.143 -0.072024 83 62 31
17.93 2.1438 -0.13023 83 62 35
17.956 2.1472 -0.090181 86 64 27
17.981 2.14 -0.12643 82 63 31
18.102 2.1227 -0.079723 80 60 33
18.131 2.1148 -0.1188 80 61 27
18.19 2.0921 -0.14057 81 60 31
18.045 2.1273 -0.085273 82 61 32
17.929 2.1424 -0.11266 81 60 29
18.048 2.1319 -0.14159 82 60 36
18.065 2.1227 -0.12336 82 61 32
17.927 2.1562 -0.054906 83 64 34
18.216 2.0911 -0.033582 87 62 39
17.957 2.1487 -0.10795 82 60 23
18.094 2.128 -0.099155 80 59 28
17.908 2.1467 -0.060557 82 63 31
17.797 2.1784 -0.0498 80 60 35
17.72 2.188 -0.1224 82 62 35
17.776 2.1747 -0.0871 77 59 23
17.786 2.1746 -0.13633 79 59 32
17.685 2.1985 -0.060742 83 62 33
17.896 2.1539 -0.078086 81 60 31
17.709 2.1884 -0.075454 80 61 31
17.784 2.1677 -0.055243 81 60 33
17.825 2.1704 -0.098777 78 59 19
17.723 2.1849 -0.1073 78 58 23
17.79 2.1694 -0.1029 80 57 26
17.807 2.1755 -0.066088 81 62 30
17.807 2.1633 -0.11995 83 60 27
17.922 2.1441 -0.094695 82 60 36
17.788 2.1671 -0.070529 81 62 32
17.902 2.1473 -0.042943 84 65 31
17.726 2.1864 -0.13846 80 61 29
17.835 2.1674 -0.11531 80 59 30
17.86 2.1577 -0.13282 78 59 29
17.722 2.1838 -0.091008 82 59 28
17.826 2.1683 -0.082491 79 60 28
17.542 2.2122 -0.10562 80 57 26
17.595 2.2027 -0.13195 80 61 19
17.608 2.2071 -0.08445 81 61 34
17.596 2.2009 -0.11717 81 61 34
17.626 2.1995 -0.098699 80 57 26
17.685 2.1872 -0.11087 83 60 29
17.598 2.2106 -0.069633 82 62 35
17.581 2.2055 -0.088055 81 61 27
17.568 2.2094 -0.060067 82 61 30
17.578 2.2055 -0.073813 80 56 28
17.612 2.2022 -0.054762 82 62 25
17.652 2.1977 -0.050306 83 62 31
17.534 2.2178 -0.11948 81 61 27
17.691 2.1855 -0.12644 81 61 24
17.686 2.1823 -0.064676 80 60 26
17.579 2.2082 -0.10257 81 62 19
17.629 2.2007 -0.1285 82 61 34
17.544 2.2142 -0.13348 80 59 32
17.676 2.1885 -0.080343 79 58 29
17.675 2.1905 -0.095415 80 62 26
17.626 2.2007 -0.11362 81 63 27
17.465 2.2261 -0.1252 80 58 34
17.522 2.2187 -0.064411 81 64 36
17.481 2.225 -0.05544 79 60 30
17.512 2.2122 -0.095509 76 56 21
17.429 2.2306 -0.11518 77 58 26
17.428 2.2291 -0.088995 76 56 21
17.431 2.2282 -0.10207 75 53 29
17.447 2.2311 -0.072398 78 58 34
17.445 2.2333 -0.085617 77 56 29
17.515 2.2135 -0.12296 79 59 25
17.485 2.2242 -0.069126 80 61 31
17.505 2.2146 -0.081985 76 56 32
17.445 2.2309 -0.05971 80 58 35
17.441 2.2251 -0.1284 78 59 29
17.46 2.2275 -0.11198 79 57 36
17.528 2.2186 -0.091456 77 59 19
17.449 2.2322 -0.098324 75 54 33
17.514 2.2242 -0.07801 78 57 26
17.499 2.2204 -0.10866 77 56 29
17.32 2.2526 -0.11008 80 60 26
17.336 2.2526 -0.071064 75 58 30
17.349 2.2463 -0.083505 79 56 25
17.378 2.2434 -0.092281 78 56 33
17.317 2.2519 -0.086424 75 55 31
17.316 2.2535 -0.098225 76 54 31
17.409 2.2374 -0.063496 78 57 36
17.365 2.2382 -0.095557 80 55 33
17.415 2.2348 -0.076411 78 59 29
17.319 2.2499 -0.07496 81 55 38
17.39 2.2404 -0.12996 77 57 30
17.328 2.2488 -0.12232 76 56 31
17.361 2.2424 -0.11987 73 55 31
17.371 2.2355 -0.10782 77 57 23
17.382 2.2423 -0.10462 76 54 30
17.306 2.2564 -0.062915 76 58 34
17.393 2.2373 -0.11727 78 57 30
17.379 2.2406 -0.06784 78 58 34
17.299 2.2534 -0.12491 77 58 15
17.381 2.2407 -0.07954 80 55 32
17.248 2.2664 -0.06967 75 56 24
17.251 2.2569 -0.11787 79 57 34
17.299 2.2511 -0.1014 76 55 24
17.246 2.259 -0.10667 78 58 24
17.264 2.2612 -0.11515 78 58 23
17.29 2.2556 -0.089525 77 55 16
17.269 2.2589 -0.12672 75 55 30
17.261 2.261 -0.092634 75 54 25
17.266 2.2568 -0.08088 76 54 31
17.306 2.2479 -0.11342 76 55 34
17.224 2.2703 -0.083825 76 55 24
17.289 2.254 -0.06647 77 56 27
17.236 2.262 -0.073252 77 58 28
17.259 2.2632 -0.10378 77 54 23
17.205 2.2717 -0.098017 78 57 28
17.237 2.2633 -0.095457 75 56 22
17.277 2.2623 -0.077957 75 56 24
17.21 2.2704 -0.11941 78 57 28
17.26 2.2614 -0.092446 75 54 25
17.245 2.2612 -0.12875 74 55 21
17.206 2.2721 -0.1087 78 59 27
18.344 2.0746 -0.15322 73 56 28
18.243 2.098 -0.19803 77 57 32
18.279 2.0859 -0.22228 77 56 25
18.228 2.0998 -0.15558 81 60 31
18.205 2.0992 -0.26409 80 61 21
18.203 2.0932 -0.20052 79 63 28
18.382 2.062 -0.17614 75 56 22
18.403 2.0562 -0.19933 74 54 27
18.128 2.108 -0.24373 80 61 21
18.338 2.0666 -0.26961 75 55 21
18.291 2.0831 -0.24454 77 57 32
18.158 2.1096 -0.18128 80 60 33
18.127 2.1207 -0.15778 81 60 29
18.149 2.1177 -0.21988 81 61 27
18.218 2.0915 -0.24423 80 61 21
18.154 2.0992 -0.26588 79 60 30
18.259 2.0894 -0.17727 79 60 30
18.006 2.1308 -0.14522 80 61 31
17.983 2.1313 -0.24295 79 61 25
17.885 2.155 -0.22143 76 57 23
18.13 2.1052 -0.2233 79 58 27
18.092 2.1152 -0.16231 81 60 31
17.877 2.1554 -0.1862 81 60 33
18.102 2.1131 -0.18174 82 62 35
17.905 2.1442 -0.2053 79 56 25
17.946 2.1424 -0.18511 79 60 30
18.027 2.1297 -0.22179 81 57 31
17.933 2.1499 -0.20226 79 60 30
18.02 2.1306 -0.20221 81 59 36
17.994 2.1248 -0.2242 78 58 24
17.981 2.1438 -0.16339 82 63 33
18.089 2.1207 -0.20051 82 61 34
18.051 2.1209 -0.24239 78 59 19
18.004 2.1355 -0.18215 81 61 36
17.906 2.1566 -0.14727 81 60 31
17.953 2.1372 -0.16712 80 60 33
17.908 2.1462 -0.24065 79 57 33
17.717 2.1777 -0.17438 76 57 27
17.806 2.1704 -0.18658 78 58 31
17.691 2.1888 -0.15722 79 59 34
17.871 2.1546 -0.15052 80 60 25
17.809 2.1707 -0.20329 80 57 26
17.869 2.1572 -0.16781 77 60 32
17.733 2.1862 -0.17087 77 57 32
17.789 2.175 -0.1525 79 60 30
17.865 2.1462 -0.22448 76 56 29
17.702 2.1878 -0.20503 75 56 24
17.773 2.1687 -0.18873 79 58 27
17.734 2.1739 -0.22336 77 59 23
17.784 2.1652 -0.20659 78 59 17
17.709 2.183 -0.1894 79 60 17
17.775 2.1713 -0.22229 80 58 17
17.692 2.1869 -0.14146 78 60 24
17.663 2.1924 -0.22159 77 58 26
17.839 2.1599 -0.24022 76 59 16
17.761 2.1714 -0.15587 79 60 30
17.834 2.1558 -0.17149 79 59 34
17.635 2.1989 -0.14349 80 60 26
17.669 2.1837 -0.16014 80 59 28
17.639 2.1887 -0.2238 76 56 31
17.551 2.2118 -0.14846 79 60 30
17.618 2.1965 -0.19198 77 57 22
17.532 2.2107 -0.19373 78 57 30
17.536 2.2075 -0.17964 77 56 27
17.654 2.1941 -0.19037 76 55 24
17.563 2.207 -0.16297 76 59 29
17.613 2.2005 -0.20644 76 57 25
17.687 2.1791 -0.20786 78 59 16
17.581 2.2015 -0.20807 77 57 20
17.534 2.2113 -0.2081 77 56 27
17.619 2.1947 -0.1772 77 58 28
17.557 2.2114 -0.17712 80 59 28
17.599 2.2021 -0.14644 80 61 31
17.647 2.1962 -0.17453 79 60 26
17.585 2.1978 -0.19344 77 57 20
17.601 2.2025 -0.161 79 58 31
17.57 2.2084 -0.22166 78 58 31
17.519 2.2126 -0.13666 75 58 28
17.484 2.2209 -0.18013 77 54 20
17.448 2.2238 -0.155 74 57 31
17.425 2.2267 -0.19596 75 55 21
17.488 2.2171 -0.16657 76 60 27
17.409 2.2343 -0.18224 74 55 23
17.447 2.2282 -0.19447 72 54 18
17.45 2.2278 -0.20796 79 54 31
17.395 2.2384 -0.14267 77 57 32
17.52 2.2133 -0.15047 78 59 29
17.49 2.2188 -0.19421 76 56 29
17.464 2.2279 -0.13849 80 58 35
17.513 2.2076 -0.20995 79 54 31
17.434 2.2328 -0.16746 75 58 32
17.462 2.2183 -0.18247 74 53 22
17.475 2.2233 -0.15244 79 57 34
17.403 2.2353 -0.15602 75 58 28
17.517 2.2162 -0.16454 78 58 31
17.421 2.2263 -0.16975 76 57 23
17.447 2.2233 -0.14155 79 57 33
17.43 2.2249 -0.20985 74 57 27
17.333 2.248 -0.1464 76 56 31
17.367 2.2437 -0.16986 75 53 30
17.343 2.2432 -0.15956 77 59 23
17.305 2.2507 -0.13682 75 59 26
17.306 2.2532 -0.17269 74 55 23
17.33 2.2401 -0.18611 76 55 24
17.315 2.246 -0.14918 76 54 30
17.393 2.2295 -0.18452 76 53 22
17.298 2.2477 -0.19801 74 56 32
17.389 2.2334 -0.19685 75 57 19
17.351 2.2394 -0.17248 74 53 22
17.293 2.2485 -0.17424 77 53 25
17.29 2.2511 -0.18566 77 55 14
17.331 2.2481 -0.13446 75 57 33
17.309 2.2504 -0.16048 79 58 31
17.38 2.2347 -0.15801 77 57 23
17.314 2.2506 -0.19703 78 58 31
17.371 2.2379 -0.13286 76 56 31
17.356 2.2387 -0.19756 75 54 33
17.375 2.2366 -0.14562 77 57 33
17.346 2.2434 -0.18413 78 55 22
17.23 2.2634 -0.18663 75 54 27
17.216 2.2676 -0.13062 76 56 32
17.202 2.2677 -0.16565 78 56 17
17.236 2.2586 -0.17724 75 56 26
17.282 2.2543 -0.16228 76 55 26
17.26 2.2532 -0.14092 77 58 28
17.253 2.2588 -0.152 76 54 30
17.27 2.2595 -0.13837 76 57 25
17.254 2.2597 -0.17483 76 54 33
17.216 2.2688 -0.14184 75 56 26
17.2 2.2699 -0.17674 74 55 21
17.256 2.2597 -0.18597 73 52 31
17.21 2.264 -0.1888 78 59 19
17.205 2.265 -0.15533 74 53 26
17.216 2.2698 -0.15294 73 56 30
17.228 2.2629 -0.16466 73 54 22
17.271 2.2595 -0.14976 78 57 28
17.257 2.2602 -0.19757 76 56 29
17.25 2.2613 -0.16307 75 54 27
17.182 2.2706 -0.18895 76 55 34
18.249 2.0903 -0.35431 76 56 22
18.224 2.0982 -0.32961 76 56 29
18.256 2.0804 -0.29039 80 59 32
18.193 2.0939 -0.37419 79 58 29
18.102 2.1092 -0.3471 77 58 26
18.203 2.0851 -0.33339 77 59 21
18.29 2.0759 -0.38237 77 55 31
18.165 2.0989 -0.3077 78 61 31
18.116 2.1054 -0.37054 78 57 28
18.24 2.0892 -0.31039 79 62 34
18.34 2.0706 -0.31508 75 55 28
18.283 2.081 -0.40197 77 57 30
18.07 2.121 -0.32231 80 59 30
18.2 2.0889 -0.35416 80 57 23
18.392 2.055 -0.36639 67 50 24
18.37 2.0613 -0.34075 73 56 30
18.14 2.1071 -0.28491 81 62 32
18.047 2.1248 -0.26152 79 61 23
17.841 2.1626 -0.27561 82 58 30
18.053 2.1106 -0.3459 75 54 27
18.009 2.1256 -0.30131 77 60 34
17.938 2.1384 -0.29977 76 59 31
18.028 2.1195 -0.32399 78 58 23
17.916 2.1335 -0.33828 75 55 30
17.938 2.1364 -0.28003 81 57 29
18.007 2.1228 -0.26323 80 59 32
18.073 2.1156 -0.28365 82 60 37
17.97 2.1296 -0.35911 76 57 23
18.054 2.1121 -0.36597 78 57 30
17.943 2.1401 -0.33643 74 57 29
17.933 2.1426 -0.31703 78 58 21
18.081 2.1143 -0.30405 81 60 33
17.871 2.1506 -0.2959 78 57 30
17.908 2.1353 -0.31904 75 58 28
17.914 2.1457 -0.25966 76 59 33
17.973 2.1398 -0.2787 79 59 32
17.898 2.1435 -0.35396 77 57 32
17.697 2.1832 -0.30501 77 57 32
17.659 2.1846 -0.28828 76 57 25
17.81 2.1614 -0.29335 78 55 24
17.708 2.1762 -0.29027 79 58 27
17.872 2.1467 -0.2608 77 60 34
17.814 2.1609 -0.31113 75 55 30
17.668 2.1914 -0.23773 80 60 26
17.692 2.1811 -0.25615 82 58 30
17.752 2.1686 -0.25808 78 59 27
17.787 2.1671 -0.23976 78 59 27
17.733 2.1761 -0.2396 79 60 28
17.668 2.1814 -0.30562 74 54 30
17.773 2.1649 -0.32772 73 54 24
17.778 2.173 -0.2559 76 59 31
17.744 2.1738 -0.27347 76 60 27
17.701 2.183 -0.32157 76 56 19
17.81 2.1596 -0.27644 77 58 26
17.825 2.1576 -0.33071 75 56 24
17.711 2.1731 -0.2742 77 57 32
17.683 2.1754 -0.32332 76 57 27
17.771 2.1641 -0.31037 78 59 27
17.762 2.1668 -0.2919 77 56 25
17.571 2.1983 -0.28462 77 56 27
17.523 2.2073 -0.26784 76 57 27
17.642 2.1884 -0.23987 78 57 28
17.55 2.2051 -0.23877 77 57 32
17.565 2.1987 -0.25469 76 57 27
17.584 2.1929 -0.30201 76 57 25
17.524 2.208 -0.28294 77 57 20
17.591 2.2004 -0.25346 78 59 27
17.607 2.1948 -0.28603 75 56 26
17.606 2.1968 -0.30105 73 55 31
17.557 2.2043 -0.26822 79 56 23
17.506 2.2139 -0.23748 76 57 23
17.516 2.2137 -0.29589 74 55 25
17.582 2.2035 -0.23748 80 60 23
17.511 2.2127 -0.25242 75 56 26
17.637 2.1939 -0.27011 78 58 21
17.646 2.1878 -0.25545 79 58 29
17.61 2.192 -0.27089 77 56 29
17.556 2.2006 -0.22427 78 58 33
17.377 2.2409 -0.20882 77 57 33
17.406 2.2258 -0.22441 76 57 23
17.422 2.2304 -0.22265 78 56 33
17.431 2.2266 -0.23648 76 56 31
17.401 2.2322 -0.26333 75 57 19
17.485 2.212 -0.25332 75 55 30
17.474 2.2192 -0.26614 76 56 21
17.494 2.2191 -0.22248 78 59 27
17.452 2.2184 -0.28023 78 57 14
17.397 2.2322 -0.23679 73 57 31
17.416 2.2247 -0.2786 76 56 22
17.413 2.2241 -0.25206 76 56 29
17.434 2.2261 -0.25063 73 56 28
17.446 2.2203 -0.26576 76 56 29
17.506 2.2045 -0.29828 76 56 29
17.475 2.2151 -0.22437 78 57 28
17.479 2.214 -0.23877 78 58 33
17.487 2.2134 -0.28118 73 53 28
17.378 2.2313 -0.26367 79 56 40
17.377 2.2333 -0.27709 76 52 24
17.331 2.2423 -0.22359 77 57 30
17.305 2.2446 -0.21051 77 56 27
17.272 2.2536 -0.23537 75 54 23
17.283 2.2476 -0.24855 78 57 26
17.333 2.2425 -0.23608 76 54 31
17.366 2.2342 -0.21101 78 59 29
17.344 2.239 -0.27526 77 58 26
17.333 2.2445 -0.26083 75 55 20
17.306 2.2468 -0.24817 75 53 32
17.317 2.2497 -0.20943 74 57 29
17.317 2.2413 -0.26191 73 55 31
17.272 2.2529 -0.22325 74 57 29
17.342 2.2384 -0.24946 72 52 27
17.316 2.2428 -0.27425 75 56 24
17.286 2.2568 -0.22145 76 56 29
17.306 2.2455 -0.23604 73 52 31
17.355 2.2419 -0.22267 77 58 24
17.361 2.2391 -0.23587 75 56 24
17.366 2.2375 -0.2493 75 55 21
17.274 2.2544 -0.25945 75 56 14
17.207 2.267 -0.1997 75 57 33
17.236 2.2606 -0.19834 75 58 30
17.228 2.2574 -0.24723 74 54 30
17.209 2.267 -0.2109 75 57 33
17.258 2.2519 -0.26017 71 55 22
17.182 2.273 -0.22177 76 55 26
17.234 2.2636 -0.22244 75 52 18
17.195 2.2657 -0.23429 75 55 28
17.243 2.2575 -0.21024 75 58 32
17.22 2.2632 -0.2578 73 54 22
17.222 2.2602 -0.23502 75 54 25
17.192 2.2687 -0.24517 72 54 32
17.22 2.2604 -0.22332 74 56 18
17.251 2.2647 -0.20875 77 58 26
17.238 2.262 -0.23399 75 54 25
17.204 2.2616 -0.2582 72 54 30
17.247 2.2577 -0.24689 74 55 23
17.189 2.2669 -0.20053 75 56 26
17.195 2.2636 -0.21227 78 58 23
17.177 2.2667 -0.24603 74 51 33
17.547 3.1431 -0.3931 33 14 0
18.242 2.0756 -0.40337 76 57 27
18.265 2.0735 -0.47258 78 61 31
18.077 2.1125 -0.47191 76 56 22
18.096 2.1065 -0.49768 75 54 25
18.297 2.078 -0.42737 75 56 22
18.156 2.0972 -0.45951 79 58 31
18.191 2.0849 -0.48834 76 58 22
18.109 2.1129 -0.41015 78 62 29
18.141 2.1016 -0.43617 78 58 23
18.077 2.1082 -0.43089 77 58 28
18.254 2.0804 -0.49325 77 58 28
18.169 2.0962 -0.50511 75 55 30
18.091 2.1182 -0.38643 79 60 30
18.107 2.0971 -0.45742 76 58 22
18.283 2.071 -0.52156 76 56 22
18.252 2.0739 -0.42741 77 61 28
18.247 2.0783 -0.44813 76 59 29
18.318 2.0718 -0.45368 75 55 30
17.982 2.1302 -0.41948 78 57 28
17.984 2.1315 -0.43973 73 56 28
17.946 2.1253 -0.39928 77 57 30
17.957 2.1221 -0.41957 77 57 30
18.059 2.1119 -0.38725 77 61 28
18.078 2.1057 -0.41083 78 57 30
17.868 2.1466 -0.42684 75 55 30
17.933 2.1372 -0.45353 74 57 11
17.834 2.1568 -0.36738 75 58 28
17.9 2.1333 -0.45273 75 56 14
17.817 2.1522 -0.42286 75 56 24
17.956 2.1247 -0.43864 76 57 25
18.026 2.1168 -0.48747 76 57 17
17.933 2.1291 -0.37824 78 58 33
17.965 2.1337 -0.37733 77 57 30
18.032 2.1118 -0.46836 74 56 20
17.826 2.1588 -0.34877 75 56 26
17.805 2.1597 -0.43772 78 54 28
17.836 2.1576 -0.38535 76 56 29
17.851 2.1523 -0.40623 76 56 31
17.978 2.1299 -0.39928 77 58 26
17.677 2.1801 -0.33871 77 57 30
17.706 2.1714 -0.40975 74 56 20
17.784 2.1613 -0.34628 74 56 32
17.773 2.1574 -0.43626 76 57 14
17.631 2.1898 -0.36712 75 55 28
17.721 2.1746 -0.34082 75 59 24
17.656 2.1788 -0.38789 73 56 26
17.697 2.1744 -0.39122 75 55 20
17.721 2.1764 -0.35771 77 56 27
17.727 2.1751 -0.37554 75 59 26
17.793 2.1583 -0.36567 76 57 27
17.691 2.1746 -0.3572 78 57 28
17.817 2.1485 -0.38753 79 59 34
17.745 2.1695 -0.41278 75 56 26
17.808 2.1547 -0.40291 76 56 21
17.646 2.1852 -0.4016 77 57 23
17.629 2.1897 -0.35081 78 57 28
17.732 2.1738 -0.39417 74 56 18
17.695 2.1741 -0.37466 76 56 29
17.707 2.1728 -0.42625 76 57 27
17.541 2.2029 -0.32901 79 58 31
17.523 2.2112 -0.31128 77 58 28
17.598 2.1899 -0.35017 77 58 24
17.521 2.2025 -0.37392 73 53 29
17.538 2.2061 -0.34309 77 58 28
17.556 2.2003 -0.39217 74 57 29
17.508 2.2043 -0.31288 77 57 30
17.553 2.2007 -0.37655 74 54 20
17.631 2.1871 -0.33601 77 56 25
17.612 2.1954 -0.31694 77 57 30
17.603 2.1886 -0.36685 78 55 21
17.515 2.2044 -0.35853 77 57 22
17.503 2.2085 -0.32663 77 55 31
17.475 2.2127 -0.3688 75 55 21
17.588 2.1936 -0.3329 78 57 28
17.587 2.1927 -0.31767 78 59 27
17.545 2.2032 -0.35993 73 55 19
17.529 2.1995 -0.39065 75 57 21
17.514 2.2039 -0.34321 77 57 30
17.616 2.1845 -0.40065 76 56 32
17.605 2.1889 -0.38239 75 56 26
17.448 2.222 -0.29342 76 56 31
17.358 2.2343 -0.31595 74 54 30
17.429 2.2206 -0.32174 74 53 26
17.435 2.2159 -0.30904 75 55 30
17.362 2.2329 -0.33034 76 57 15
17.446 2.2148 -0.36625 75 56 22
17.392 2.2292 -0.33195 75 55 20
17.395 2.2286 -0.34611 72 54 8
17.375 2.2356 -0.28918 76 54 31
17.383 2.2318 -0.30374 75 56 24
17.461 2.2183 -0.33685 75 53 29
17.362 2.2351 -0.3564 71 52 20
17.45 2.2216 -0.30763 74 54 27
17.467 2.2137 -0.32459 78 57 28
17.44 2.2154 -0.3373 74 56 20
17.443 2.2151 -0.3523 75 55 21
17.429 2.2184 -0.29435 78 59 27
17.405 2.2236 -0.36207 75 57 21
17.391 2.2286 -0.31839 74 58 25
17.47 2.2144 -0.35293 76 58 22
17.374 2.2268 -0.34584 75 56 24
17.248 2.2508 -0.33341 73 53 18
17.308 2.2483 -0.28542 74 54 27
17.321 2.242 -0.30002 75 56 24
17.33 2.2394 -0.33989 77 55 16
17.294 2.2441 -0.28688 74 55 25
17.255 2.2566 -0.29539 76 57 27
17.286 2.2479 -0.27301 76 57 27
17.301 2.2431 -0.32503 73 57 24
17.267 2.2499 -0.30962 74 55 15
17.352 2.2356 -0.28932 77 57 30
17.365 2.2289 -0.30434 76 57 25
17.249 2.2593 -0.28232 72 55 25
17.307 2.2401 -0.33912 71 55 22
17.325 2.2404 -0.31326 73 54 24
17.293 2.2456 -0.29886 75 56 26
17.295 2.2456 -0.3115 76 54 15
17.327 2.2401 -0.32647 76 56 29
17.264 2.2528 -0.32054 74 50 24
17.265 2.2528 -0.33334 70 52 30
17.17 2.2716 -0.25588 76 55 28
17.24 2.2531 -0.29582 75 55 28
17.235 2.2554 -0.28337 75 58 15
17.204 2.2625 -0.26954 71 54 24
17.208 2.2634 -0.31596 72 54 18
17.178 2.2674 -0.26807 74 53 32
17.186 2.2631 -0.28093 73 56 28
17.253 2.2555 -0.27146 75 54 33
17.21 2.2629 -0.3281 74 52 28
17.187 2.2642 -0.30348 75 53 32
17.192 2.2614 -0.31606 75 55 28
17.186 2.2637 -0.2921 74 55 13
17.23 2.2581 -0.27053 75 56 26
17.238 2.2556 -0.30726 73 53 16
17.247 2.2509 -0.32088 74 56 20
17.211 2.2607 -0.3047 72 55 25
17.2 2.2668 -0.29151 74 54 27
17.195 2.2688 -0.27941 74 53 26
18.355 2.0516 -0.63107 74 55 23
18.151 2.0873 -0.55046 76 57 27
18.075 2.1062 -0.60085 76 55 26
18.316 2.0599 -0.55163 75 56 24
18.221 2.0815 -0.58228 74 57 31
18.242 2.0754 -0.60932 75 55 31
18.022 2.1206 -0.50688 77 56 27
18.141 2.094 -0.56948 77 56 27
18.188 2.0908 -0.53095 76 57 27
18.175 2.0864 -0.64387 72 50 26
18.186 2.0941 -0.55238 74 57 27
18.045 2.1128 -0.53173 77 58 28
18.136 2.0914 -0.52619 75 56 24
18.075 2.104 -0.5803 76 56 32
18.238 2.0796 -0.63205 76 56 22
18.097 2.0985 -0.62858 73 52 21
18.305 2.0542 -0.67295 75 55 31
18.161 2.0875 -0.59661 76 55 24
18.163 2.0892 -0.61959 75 55 20
18.065 2.1062 -0.55739 76 56 29
17.877 2.1346 -0.54671 74 57 14
17.887 2.1319 -0.56808 74 54 19
17.774 2.162 -0.48924 76 55 28
17.993 2.1178 -0.54561 73 56 28
17.801 2.151 -0.5133 74 55 25
17.908 2.1351 -0.51057 78 58 33
17.831 2.1492 -0.4613 76 55 26
17.956 2.1285 -0.47803 74 58 25
17.899 2.1374 -0.48996 73 56 26
18.007 2.1137 -0.56931 76 53 19
17.859 2.1376 -0.48605 77 56 27
17.924 2.1339 -0.57298 74 54 20
17.895 2.1374 -0.47016 76 57 27
17.973 2.1226 -0.50074 77 58 18
17.991 2.1168 -0.52543 75 56 26
17.92 2.1318 -0.53288 75 56 22
17.857 2.1402 -0.50408 74 56 32
17.786 2.1599 -0.52735 72 55 12
17.931 2.1287 -0.5553 72 52 25
17.807 2.1512 -0.55176 76 56 22
18.022 2.109 -0.59345 71 51 24
17.848 2.1464 -0.52091 76 56 21
17.688 2.1734 -0.51157 74 54 20
17.781 2.1554 -0.45508 77 56 27
17.592 2.1899 -0.49414 75 55 28
17.65 2.1731 -0.47235 75 55 28
17.642 2.1786 -0.4873 75 55 21
17.671 2.1758 -0.43983 75 57 21
17.736 2.1615 -0.46762 76 54 30
17.738 2.1621 -0.48531 77 58 18
17.718 2.1688 -0.44628 76 55 26
17.625 2.183 -0.43409 77 57 30
17.789 2.1548 -0.49253 76 55 28
17.746 2.1597 -0.50479 75 55 28
17.78 2.1574 -0.47269 78 57 30
17.756 2.1567 -0.52494 73 54 20
17.642 2.1753 -0.4543 74 54 29
17.661 2.1823 -0.4545 76 56 29
17.655 2.1732 -0.50728 74 55 21
17.673 2.1775 -0.47371 76 56 29
17.692 2.1696 -0.49549 74 55 21
17.671 2.1741 -0.42398 76 56 29
17.519 2.2061 -0.40305 73 54 20
17.535 2.1991 -0.42193 75 56 26
17.492 2.2058 -0.4015 76 55 26
17.475 2.2142 -0.38288 76 53 20
17.551 2.1942 -0.47146 75 52 21
17.608 2.1902 -0.41428 78 58 31
17.548 2.1932 -0.44016 78 57 26
17.554 2.1912 -0.45736 73 56 28
17.494 2.2063 -0.41601 74 54 29
17.566 2.1992 -0.44044 76 56 31
17.586 2.1861 -0.41398 76 57 23
17.474 2.2047 -0.44521 75 56 14
17.507 2.2031 -0.46389 73 52 21
17.468 2.2094 -0.45843 77 55 16
17.577 2.1946 -0.45853 75 54 23
17.591 2.1889 -0.47778 75 56 24
17.573 2.1943 -0.42663 76 55 24
17.497 2.2074 -0.44639 73 54 20
17.492 2.2085 -0.43044 74 55 23
17.419 2.2183 -0.39242 76 57 27
17.456 2.2099 -0.3828 75 56 24
17.35 2.2316 -0.39675 72 52 25
17.431 2.2157 -0.45163 74 55 23
17.386 2.225 -0.41602 72 52 15
17.418 2.222 -0.43426 70 54 21
17.4 2.2185 -0.43285 76 54 13
17.417 2.2204 -0.40567 74 54 27
17.402 2.2268 -0.37452 76 55 26
17.398 2.2206 -0.44648 75 54 27
17.381 2.2252 -0.37372 74 54 27
17.457 2.2121 -0.41119 75 55 28
17.352 2.2317 -0.41042 72 52 15
17.471 2.2056 -0.42933 76 56 32
17.369 2.2332 -0.38419 71 51 26
17.379 2.2281 -0.40068 74 54 17
17.349 2.2312 -0.38342 75 55 30
17.417 2.2213 -0.41976 73 53 29
17.354 2.2313 -0.42444 71 52 20
17.441 2.2199 -0.39345 75 56 26
17.311 2.2408 -0.37753 73 53 28
17.278 2.2458 -0.34866 76 55 26
17.256 2.2494 -0.38386 71 51 26
17.312 2.2389 -0.3651 73 53 26
17.281 2.248 -0.39923 70 50 26
17.251 2.25 -0.34552 72 50 26
17.224 2.2581 -0.39063 73 52 21
17.274 2.2494 -0.35954 72 52 27
17.338 2.2354 -0.35488 76 56 21
17.317 2.2384 -0.392 71 54 26
17.229 2.2544 -0.37971 73 52 21
17.329 2.2326 -0.42163 74 51 20
17.251 2.2518 -0.37003 74 54 29
17.263 2.2463 -0.39778 73 49 21
17.285 2.2435 -0.37514 75 53 29
17.27 2.2428 -0.4123 72 52 28
17.337 2.2371 -0.36736 76 56 19
17.306 2.2415 -0.35123 75 53 29
17.284 2.2468 -0.41263 74 51 20
17.324 2.235 -0.40684 73 53 28
17.286 2.244 -0.38783 72 51 24
17.252 2.2502 -0.35808 71 54 28
17.175 2.2641 -0.36079 72 53 19
17.175 2.2647 -0.37245 70 50 26
17.158 2.2653 -0.3824 73 54 24
17.202 2.2593 -0.37628 73 53 18
17.209 2.2553 -0.39019 73 52 23
17.152 2.2687 -0.36928 72 50 27
17.196 2.2597 -0.32861 74 56 20
17.194 2.2622 -0.33934 74 55 25
17.222 2.256 -0.34271 77 56 25
17.196 2.2624 -0.36287 72 54 16
17.2 2.259 -0.35229 74 54 30
17.173 2.2668 -0.38341 72 51 22
17.216 2.2608 -0.35267 72 55 27
17.231 2.2523 -0.36856 72 52 27
17.163 2.2703 -0.3353 76 56 31
17.167 2.2684 -0.34737 70 50 25
19.413 2.0279 -1.0092 38 27 7
18.3 2.0614 -0.71843 72 58 22
18.369 2.0356 -0.76228 72 52 28
18.388 2.0306 -0.79303 66 56 21
18.006 2.1184 -0.60954 75 54 7
18.015 2.1026 -0.70068 73 51 28
18.152 2.0865 -0.75425 72 52 17
18.192 2.0818 -0.67093 74 55 21
18.095 2.104 -0.67164 75 54 27
18.24 2.0637 -0.70786 74 54 27
18.2 2.0834 -0.71845 75 56 26
18.225 2.0751 -0.74899 73 56 28
18.122 2.0947 -0.70102 76 57 27
18.346 2.0395 -0.70829 77 55 16
18.016 2.116 -0.6326 75 55 21
17.994 2.1142 -0.71527 71 52 18
18.077 2.0911 -0.67177 74 54 29
18.268 2.0623 -0.8109 75 54 27
18.043 2.1105 -0.70424 73 55 19
18.258 2.0638 -0.78301 72 53 23
18.113 2.0821 -0.74753 73 52 21
18.142 2.0882 -0.7302 73 53 26
18.067 2.0977 -0.69036 73 55 33
18.148 2.0788 -0.66463 75 56 26
17.823 2.1454 -0.57474 73 54 20
17.785 2.1511 -0.62314 74 54 30
17.787 2.1485 -0.60568 72 55 27
17.885 2.1369 -0.6059 73 53 28
17.876 2.1276 -0.66652 75 54 23
17.932 2.1167 -0.63948 77 58 28
17.934 2.1314 -0.59507 74 52 28
17.989 2.1125 -0.67146 71 55 22
17.93 2.1239 -0.69904 73 54 14
17.783 2.154 -0.64107 74 55 23
17.845 2.1369 -0.59988 72 55 29
17.767 2.1566 -0.58145 76 56 31
17.895 2.1358 -0.64823 75 55 30
17.966 2.1185 -0.62422 73 53 28
17.86 2.1334 -0.6423 74 54 29
17.901 2.1352 -0.66928 74 52 29
17.889 2.133 -0.58761 74 52 28
17.838 2.1423 -0.61595 76 57 27
17.96 2.1233 -0.64233 75 56 24
17.729 2.1575 -0.57485 75 56 26
17.682 2.1692 -0.617 73 54 14
17.596 2.1891 -0.5115 76 55 24
17.727 2.1604 -0.59166 75 55 31
17.663 2.1724 -0.54245 74 54 29
17.622 2.1802 -0.56792 76 55 24
17.68 2.1682 -0.59981 72 53 21
17.645 2.1696 -0.59206 72 53 21
17.591 2.1816 -0.57911 73 52 21
17.685 2.1644 -0.58361 76 55 34
17.688 2.1646 -0.60168 75 56 24
17.689 2.1742 -0.52865 74 55 21
17.718 2.1618 -0.55361 76 56 29
17.613 2.1819 -0.53251 75 53 29
17.637 2.1705 -0.55639 76 55 24
17.663 2.1739 -0.55958 79 59 25
17.662 2.1714 -0.52573 75 57 21
17.76 2.1563 -0.54333 74 53 24
17.656 2.1653 -0.61342 72 53 23
17.76 2.1584 -0.5614 74 53 24
17.725 2.1633 -0.60878 73 54 22
17.76 2.1475 -0.63823 71 52 20
17.565 2.1885 -0.4909 73 52 21
17.51 2.2038 -0.49509 74 52 28
17.524 2.1979 -0.51438 76 57 23
17.477 2.2098 -0.51943 75 56 24
17.44 2.2141 -0.49757 74 56 32
17.483 2.2023 -0.47693 74 53 24
17.538 2.1941 -0.56584 73 52 23
17.484 2.2033 -0.49185 74 53 24
17.457 2.2061 -0.51723 72 53 23
17.531 2.1968 -0.54764 73 52 23
17.511 2.1923 -0.54542 70 53 23
17.49 2.2009 -0.50864 77 58 28
17.59 2.1808 -0.5624 73 54 22
17.491 2.2042 -0.55453 71 54 0
17.571 2.1892 -0.54029 74 57 29
17.536 2.1923 -0.53393 74 55 23
17.462 2.2057 -0.54839 73 54 14
17.569 2.1874 -0.50803 75 56 14
17.448 2.2123 -0.52902 71 51 14
17.575 2.1856 -0.5253 75 55 28
17.508 2.2036 -0.47945 76 54 13
17.431 2.2075 -0.52725 74 51 20
17.384 2.219 -0.5015 68 52 16
17.361 2.2296 -0.45333 73 54 22
17.36 2.2293 -0.43915 69 53 17
17.341 2.2318 -0.50502 71 52 18
17.414 2.2138 -0.47921 73 53 18
17.419 2.2122 -0.4945 72 53 23
17.338 2.2315 -0.47719 74 55 23
17.35 2.2254 -0.49476 68 50 26
17.331 2.2328 -0.4352 74 54 20
17.43 2.2179 -0.46544 76 57 15
17.405 2.221 -0.50475 72 52 18
17.407 2.2164 -0.46294 73 55 33
17.434 2.2168 -0.48103 76 55 24
17.384 2.2206 -0.51544 69 48 21
17.361 2.2308 -0.46658 75 53 29
17.341 2.2306 -0.49196 68 50 26
17.338 2.2295 -0.45025 73 53 26
17.373 2.2249 -0.48434 72 53 19
17.336 2.2318 -0.46322 73 52 31
17.313 2.2354 -0.49871 73 52 7
17.266 2.2463 -0.42376 74 53 22
17.22 2.252 -0.44139 74 57 31
17.298 2.2416 -0.455 71 55 32
17.259 2.2413 -0.47571 69 52 26
17.273 2.2424 -0.43896 71 51 24
17.236 2.2541 -0.44285 75 53 29
17.294 2.2428 -0.44092 72 52 28
17.251 2.2458 -0.45999 71 52 22
17.22 2.2527 -0.45365 72 53 21
17.308 2.2363 -0.47176 72 52 28
17.32 2.23 -0.48892 72 51 22
17.277 2.2414 -0.45225 71 51 27
17.23 2.2556 -0.40413 71 53 17
17.238 2.2509 -0.41912 74 54 20
17.275 2.2444 -0.4773 71 47 21
17.221 2.2532 -0.46588 69 51 27
17.238 2.2519 -0.43116 74 55 23
17.297 2.2402 -0.42886 71 54 28
17.278 2.2414 -0.46533 73 52 23
17.176 2.2659 -0.39567 74 54 27
17.169 2.2617 -0.44332 72 53 19
17.161 2.2638 -0.39472 74 52 28
17.218 2.2522 -0.4286 75 56 26
17.135 2.2711 -0.41254 75 54 35
17.159 2.266 -0.40549 73 52 23
17.166 2.2625 -0.4309 75 54 25
17.14 2.2689 -0.43713 70 49 20
17.168 2.2629 -0.45495 71 52 18
17.19 2.26 -0.44708 71 50 29
17.202 2.253 -0.46302 73 52 23
17.183 2.262 -0.40936 72 53 21
17.21 2.2564 -0.41446 76 56 22
17.129 2.2735 -0.38826 71 50 31
17.213 2.2538 -0.4031 75 53 30
17.186 2.2614 -0.43382 72 52 25
17.136 2.2697 -0.40159 71 51 27
17.183 2.263 -0.42096 76 57 27
17.166 2.2622 -0.41911 70 52 28
18.309 2.0479 -0.84743 76 55 28
18.288 2.0594 -0.86548 76 57 27
18.436 2.0063 -0.99541 75 51 25
18.226 2.0705 -0.91975 73 52 31
18.325 2.0467 -0.90225 74 57 31
18.38 2.0267 -0.94824 74 54 17
18.369 2.037 -0.99489 70 51 21
18.093 2.0839 -0.87843 70 53 27
18.211 2.0741 -0.89092 75 55 21
18.08 2.0873 -0.85146 71 55 20
17.944 2.1239 -0.76362 73 53 26
18.003 2.1126 -0.73795 69 50 18
18.011 2.1109 -0.76296 75 56 26
18.096 2.0964 -0.8086 76 56 31
17.965 2.1161 -0.79203 73 54 14
18.135 2.082 -0.845 75 54 27
18 2.1021 -0.82777 75 52 21
18.056 2.093 -0.79892 72 56 23
18.192 2.0722 -0.78961 74 52 28
18.126 2.0811 -0.79685 72 56 23
18.107 2.0867 -0.76886 76 56 21
18.065 2.0916 -0.82405 73 52 25
18.195 2.073 -0.81436 78 56 17
18.209 2.0694 -0.84341 77 58 26
18.222 2.0665 -0.87231 75 55 28
18.164 2.0715 -0.87944 73 53 28
18.185 2.0653 -0.90999 75 55 28
17.957 2.1133 -0.72883 75 56 14
17.781 2.1439 -0.71922 73 51 27
17.733 2.1626 -0.64706 74 52 11
17.786 2.1434 -0.74028 71 52 22
17.89 2.1274 -0.72953 75 54 23
17.832 2.1357 -0.71426 76 57 27
17.912 2.1188 -0.7581 72 55 29
17.803 2.1478 -0.68608 72 55 27
17.909 2.1223 -0.77706 75 56 24
17.913 2.1227 -0.79837 72 53 19
17.741 2.1603 -0.66793 75 54 25
17.766 2.1496 -0.69527 73 56 28
17.86 2.1371 -0.68086 71 50 29
17.859 2.1285 -0.78316 74 54 29
17.824 2.1416 -0.73048 75 56 26
17.813 2.1411 -0.66941 74 55 12
17.876 2.1315 -0.70553 72 53 21
17.774 2.1513 -0.75395 73 50 34
17.951 2.118 -0.74699 72 51 30
17.844 2.1339 -0.75766 74 55 13
17.627 2.1822 -0.62002 74 55 15
17.627 2.1716 -0.69235 73 53 26
17.585 2.1861 -0.59362 74 53 26
17.56 2.1877 -0.63778 72 52 28
17.611 2.1738 -0.61884 75 55 18
17.706 2.1636 -0.69559 70 51 17
17.736 2.1504 -0.72496 74 54 19
17.764 2.138 -0.75542 71 52 22
17.606 2.178 -0.63417 77 56 27
17.581 2.1795 -0.67886 71 52 22
17.642 2.1757 -0.64235 76 57 25
17.572 2.1832 -0.65814 74 54 19
17.674 2.1645 -0.70561 72 52 18
17.715 2.1572 -0.68168 74 54 27
17.61 2.179 -0.66934 74 52 28
17.698 2.1628 -0.6402 72 53 23
17.666 2.1665 -0.68598 73 53 18
17.707 2.1598 -0.66116 73 52 25
17.645 2.1761 -0.66029 75 55 28
17.621 2.1714 -0.65682 75 54 27
17.569 2.179 -0.5919 72 52 25
17.535 2.1884 -0.66421 70 50 25
17.449 2.2032 -0.60807 70 50 25
17.52 2.1912 -0.59525 73 53 26
17.551 2.1915 -0.61764 72 54 30
17.489 2.1966 -0.63506 71 51 24
17.519 2.1931 -0.61091 74 54 27
17.474 2.2028 -0.59788 76 56 21
17.471 2.2019 -0.56665 73 53 29
17.518 2.196 -0.64239 72 51 20
17.468 2.205 -0.58047 73 52 23
17.417 2.2177 -0.55183 72 50 29
17.479 2.2013 -0.6155 70 51 17
17.496 2.2033 -0.57104 71 51 14
17.503 2.1992 -0.57382 71 51 14
17.546 2.1924 -0.60043 74 54 27
17.437 2.2112 -0.61808 71 50 19
17.491 2.197 -0.6512 72 52 18
17.526 2.1903 -0.6292 73 53 19
17.446 2.2023 -0.57689 72 52 25
17.448 2.2021 -0.59308 71 54 28
17.32 2.2324 -0.51417 73 52 23
17.388 2.2212 -0.55946 72 52 27
17.325 2.23 -0.52947 72 52 28
17.349 2.2286 -0.52089 70 51 19
17.42 2.215 -0.53786 73 53 18
17.333 2.227 -0.56082 71 52 20
17.333 2.2282 -0.57461 72 51 20
17.401 2.2126 -0.54935 72 55 29
17.338 2.236 -0.53109 73 54 24
17.356 2.2264 -0.55197 73 53 29
17.359 2.2252 -0.56729 69 49 22
17.296 2.2364 -0.55068 68 50 28
17.393 2.2194 -0.57625 70 51 21
17.343 2.2232 -0.59252 66 50 27
17.368 2.2227 -0.59841 67 50 22
17.371 2.2196 -0.58548 70 51 21
17.309 2.2294 -0.56864 70 51 21
17.314 2.2374 -0.54065 73 54 20
17.402 2.2155 -0.59401 71 51 14
17.414 2.2097 -0.61333 72 51 22
17.391 2.2172 -0.53191 71 50 23
17.253 2.247 -0.49883 72 52 25
17.269 2.2376 -0.51762 71 51 26
17.248 2.241 -0.5518 70 51 21
17.231 2.2482 -0.49439 74 53 24
17.289 2.2369 -0.49475 72 50 29
17.232 2.2469 -0.48228 69 52 24
17.202 2.256 -0.51163 71 52 22
17.271 2.2396 -0.55733 71 49 28
17.284 2.2414 -0.5196 72 51 20
17.211 2.2491 -0.50339 74 52 28
17.23 2.2497 -0.5065 72 54 30
17.299 2.2332 -0.53831 70 50 26
17.259 2.2451 -0.5266 71 52 10
17.271 2.2385 -0.54392 69 48 29
17.206 2.2541 -0.52586 69 50 20
17.215 2.2495 -0.54194 72 55 11
17.284 2.2406 -0.50664 70 53 27
17.248 2.2493 -0.48438 71 52 22
17.239 2.2449 -0.52274 72 53 23
17.24 2.2448 -0.53606 71 52 22
17.242 2.2431 -0.5235 72 53 23
17.178 2.258 -0.48206 76 54 31
17.155 2.2632 -0.51216 71 50 29
17.143 2.2683 -0.46106 74 54 29
17.135 2.2645 -0.49585 72 50 26
17.194 2.2587 -0.47259 71 50 29
17.177 2.2596 -0.49352 70 54 31
17.178 2.2574 -0.47001 71 53 29
17.125 2.2702 -0.48069 72 53 13
17.206 2.2519 -0.48894 74 53 24
17.187 2.2545 -0.52168 72 53 21
17.118 2.2728 -0.44409 73 50 32
17.155 2.2599 -0.4535 71 52 22
17.134 2.2656 -0.50749 71 52 12
17.106 2.2734 -0.49885 66 48 26
17.185 2.2545 -0.50907 69 52 22
17.147 2.2666 -0.47408 75 53 29
17.126 2.2693 -0.46934 73 53 29
17.159 2.2589 -0.49045 71 54 10
17.128 2.2668 -0.45886 75 55 31
17.149 2.2664 -0.49848 72 51 24
18.272 2.0563 -0.98603 75 55 30
18.258 2.0467 -1.061 75 54 25
18.295 2.0495 -1.0207 73 55 33
18.397 2.015 -1.1448 72 55 29
18.228 2.0624 -1.0719 72 55 29
18.253 2.0615 -0.9557 74 54 29
18.323 2.0433 -1.0838 74 55 21
18.317 2.0427 -1.0567 73 55 19
18.04 2.0905 -0.9088 74 55 23
18.05 2.0886 -0.93519 75 54 25
18.083 2.0782 -0.99468 74 54 27
17.973 2.1052 -0.92878 74 55 25
18.188 2.0665 -0.93509 74 55 25
18.098 2.0886 -0.94963 73 52 23
17.967 2.11 -0.94806 71 53 29
18.211 2.0589 -0.96852 72 56 21
18.126 2.0785 -0.98546 77 53 25
18.084 2.09 -0.89848 74 54 27
18.085 2.0922 -0.92124 76 56 32
17.939 2.1168 -0.87087 73 53 28
17.956 2.111 -0.89925 71 49 25
18.015 2.0998 -0.87656 76 55 26
18.242 2.051 -1.0296 72 53 21
18.062 2.0853 -0.96197 73 52 25
18.161 2.0679 -1.049 73 55 15
18.116 2.0858 -1.0035 72 53 13
18.235 2.0509 -1.0035 73 51 10
17.898 2.1182 -0.87971 72 51 24
17.804 2.1403 -0.80469 74 54 29
17.833 2.1338 -0.8955 73 52 31
17.892 2.1149 -0.81582 74 53 24
17.778 2.1401 -0.85567 71 54 26
17.924 2.1214 -0.84451 75 56 24
17.919 2.1218 -0.8214 73 52 25
17.756 2.1457 -0.78935 72 51 32
17.806 2.1414 -0.82385 71 51 16
17.791 2.1447 -0.78015 73 53 28
17.778 2.1379 -0.83776 70 49 18
17.885 2.1203 -0.83295 76 56 22
17.761 2.1414 -0.77283 73 52 25
17.897 2.1163 -0.85899 74 54 20
17.699 2.1597 -0.80651 74 50 22
17.827 2.1332 -0.85252 71 53 13
17.889 2.1245 -0.8956 73 53 18
17.772 2.1391 -0.81561 73 52 23
17.931 2.1065 -0.93658 70 52 32
17.848 2.1246 -0.88303 70 53 27
17.705 2.1586 -0.828 71 51 26
17.575 2.1842 -0.69252 74 53 24
17.575 2.1734 -0.76513 71 52 22
17.6 2.1766 -0.77155 72 52 18
17.661 2.1603 -0.77658 70 51 17
17.661 2.1724 -0.71889 70 51 17
17.694 2.1607 -0.78524 72 51 22
17.637 2.168 -0.71395 74 54 20
17.595 2.1783 -0.75133 71 51 17
17.568 2.1759 -0.7448 71 46 23
17.585 2.1804 -0.71332 73 55 17
17.644 2.1673 -0.75168 71 50 19
17.611 2.1725 -0.79379 71 52 20
17.673 2.1681 -0.74147 72 54 6
17.602 2.173 -0.73719 72 51 20
17.694 2.1589 -0.76847 68 50 28
17.665 2.1595 -0.79657 73 54 11
17.573 2.1765 -0.78015 72 51 32
17.679 2.1541 -0.82036 71 55 22
17.558 2.1802 -0.72308 70 52 16
17.649 2.1634 -0.73561 74 56 20
17.466 2.197 -0.66096 74 52 29
17.428 2.2076 -0.69391 67 50 22
17.508 2.1914 -0.70623 69 48 21
17.491 2.1996 -0.68269 72 55 29
17.414 2.2109 -0.62818 73 51 28
17.487 2.1903 -0.73316 71 50 29
17.555 2.1789 -0.68894 74 54 20
17.41 2.2147 -0.64098 74 53 24
17.451 2.2046 -0.63924 74 54 19
17.481 2.1923 -0.71453 71 51 24
17.426 2.2079 -0.67727 69 49 22
17.477 2.1919 -0.68099 70 51 9
17.555 2.1801 -0.70561 71 53 29
17.491 2.1983 -0.66664 72 51 22
17.515 2.1906 -0.74114 72 53 10
17.505 2.1949 -0.71993 72 50 9
17.409 2.2048 -0.70544 68 50 26
17.415 2.2125 -0.65835 71 52 10
17.47 2.1975 -0.69342 70 48 24
17.431 2.2073 -0.71068 71 51 24
17.354 2.2222 -0.66799 71 51 24
17.322 2.2264 -0.64326 69 49 22
17.391 2.2131 -0.66672 72 49 15
17.332 2.2209 -0.66267 72 53 23
17.344 2.2248 -0.6209 68 49 32
17.346 2.2245 -0.63642 71 51 24
17.312 2.2295 -0.59722 72 52 25
17.3 2.2356 -0.57879 71 52 22
17.355 2.22 -0.65483 69 51 11
17.398 2.2078 -0.65512 71 50 21
17.344 2.2234 -0.60733 71 51 27
17.272 2.2416 -0.59749 70 50 25
17.283 2.2358 -0.61591 68 48 21
17.288 2.2333 -0.63222 66 49 19
17.288 2.2345 -0.64508 68 50 28
17.375 2.2193 -0.61575 74 52 11
17.317 2.2271 -0.61366 70 52 30
17.391 2.2111 -0.63711 72 51 30
17.329 2.2211 -0.63247 69 52 24
17.4 2.2092 -0.68583 68 53 24
17.222 2.2454 -0.55758 73 54 20
17.221 2.2469 -0.5701 70 53 23
17.257 2.2378 -0.59476 75 53 14
17.203 2.2483 -0.60395 72 50 27
17.28 2.2344 -0.5745 70 50 26
17.231 2.243 -0.61295 68 53 22
17.218 2.2502 -0.58084 71 52 12
17.223 2.2471 -0.59674 69 52 22
17.186 2.2564 -0.546 74 53 26
17.203 2.2476 -0.59099 71 51 16
17.195 2.2513 -0.56219 70 53 25
17.279 2.2361 -0.58749 72 52 27
17.25 2.2414 -0.57836 72 53 21
17.267 2.2343 -0.63958 69 51 27
17.239 2.2476 -0.56098 71 50 29
17.231 2.2442 -0.62553 70 50 25
17.26 2.2365 -0.60949 73 48 25
17.26 2.2376 -0.62283 68 51 23
17.199 2.2494 -0.57664 71 50 23
17.136 2.2658 -0.53137 69 53 30
17.114 2.2701 -0.54875 73 50 16
17.167 2.2574 -0.55364 69 51 11
17.12 2.2666 -0.56331 73 53 29
17.151 2.2581 -0.58633 70 51 34
17.109 2.2715 -0.51209 72 53 21
17.118 2.2659 -0.5274 69 51 29
17.158 2.2622 -0.52546 72 52 27
17.193 2.2508 -0.5367 72 51 24
17.141 2.2618 -0.52171 71 50 23
17.128 2.2621 -0.57819 71 54 26
17.163 2.2607 -0.56385 70 51 21
17.101 2.2683 -0.5577 69 53 18
17.167 2.2568 -0.54138 74 54 30
17.117 2.2671 -0.53869 71 52 12
17.142 2.2619 -0.54623 70 52 14
17.168 2.2581 -0.5784 70 48 25
17.177 2.2532 -0.59501 73 51 27
17.147 2.2591 -0.56053 71 51 16
17.155 2.255 -0.57582 72 52 25
17.104 2.2651 -0.54776 70 52 16
18.354 2.017 -1.2089 70 51 19
18.333 2.0476 -1.1673 72 51 30
18.346 2.0392 -1.1468 71 53 29
18.169 2.0729 -1.123 71 52 18
18.218 2.0537 -1.1736 71 51 24
18.31 2.0331 -1.1608 73 53 26
18.325 2.0323 -1.2205 72 52 28
18.287 2.0396 -1.1263 74 54 27
17.968 2.1001 -1.0616 71 52 18
17.913 2.1173 -0.94814 71 51 24
17.945 2.1044 -0.98502 71 52 20
18.135 2.0673 -1.1374 72 52 18
18.055 2.0936 -1.0037 72 55 29
17.947 2.1032 -0.98648 72 53 21
18.026 2.0899 -1.0405 73 53 28
18.017 2.0915 -1.0144 71 54 26
18 2.0971 -0.98353 71 56 27
18.159 2.072 -1.0705 72 52 25
18.084 2.0827 -1.0409 75 54 23
18.182 2.0643 -1.1053 72 52 28
18.044 2.0864 -1.0953 72 52 27
18.087 2.0815 -1.0421 75 54 23
18.133 2.0632 -1.0877 72 52 27
18.034 2.0883 -1.0674 74 52 29
18.131 2.0666 -1.1107 72 55 27
17.989 2.0882 -1.0497 72 53 21
17.845 2.1341 -0.96249 71 51 26
17.89 2.1146 -1.0053 72 51 22
17.784 2.1386 -0.8791 72 53 36
17.711 2.1445 -0.9099 69 51 29
17.723 2.1514 -0.85356 71 54 28
17.712 2.1455 -0.92973 70 49 22
17.864 2.1205 -0.93149 71 53 17
17.749 2.1398 -0.88618 72 53 19
17.801 2.1342 -0.92583 72 53 19
17.829 2.1223 -0.95977 72 50 29
17.858 2.126 -0.94789 71 54 24
17.842 2.1156 -0.96724 72 50 29
17.75 2.1407 -0.90609 71 55 20
17.726 2.1549 -0.91294 71 49 28
17.784 2.1407 -0.89764 72 53 21
17.765 2.1371 -0.95183 71 50 21
17.914 2.1052 -1.0384 72 48 22
17.828 2.1245 -0.97998 73 52 23
17.581 2.1751 -0.81798 68 52 19
17.524 2.1884 -0.77791 70 51 21
17.685 2.1526 -0.84178 70 52 30
17.635 2.1662 -0.87598 74 50 24
17.617 2.171 -0.81365 68 50 26
17.547 2.177 -0.80636 71 50 23
17.536 2.186 -0.83449 71 49 25
17.646 2.157 -0.84628 68 51 21
17.587 2.1732 -0.83925 71 50 23
17.644 2.1601 -0.86214 72 53 23
17.581 2.1734 -0.80181 67 50 24
17.669 2.1625 -0.85203 70 52 28
17.687 2.1551 -0.87974 71 52 22
17.548 2.1777 -0.82379 69 49 24
17.609 2.1626 -0.86747 70 50 23
17.382 2.2104 -0.75636 70 48 25
17.439 2.2047 -0.74562 70 50 15
17.524 2.1869 -0.76189 71 53 31
17.402 2.2104 -0.71648 69 51 29
17.419 2.2012 -0.74009 69 52 22
17.442 2.2018 -0.73184 71 51 26
17.486 2.1951 -0.7799 69 49 22
17.47 2.2016 -0.74041 72 50 29
17.499 2.1885 -0.80399 65 48 22
17.498 2.1867 -0.77047 70 49 30
17.457 2.1982 -0.80215 69 49 15
17.461 2.1933 -0.77293 69 49 24
17.462 2.1944 -0.78798 70 48 24
17.405 2.2105 -0.74847 70 50 25
17.416 2.205 -0.77022 68 51 23
17.337 2.2223 -0.72183 69 51 15
17.304 2.2265 -0.68098 70 49 30
17.347 2.215 -0.71277 70 50 25
17.359 2.2202 -0.68514 71 50 29
17.336 2.2198 -0.67854 68 51 25
17.312 2.2235 -0.71353 71 45 18
17.363 2.2187 -0.70215 62 48 22
17.302 2.2288 -0.69359 69 49 25
17.315 2.2224 -0.72917 69 49 14
17.347 2.2169 -0.74239 68 47 16
17.34 2.2184 -0.69456 68 51 25
17.296 2.2303 -0.663 67 51 28
17.273 2.2341 -0.69678 70 48 25
17.365 2.2185 -0.71733 67 46 25
17.38 2.2103 -0.74075 67 50 24
17.268 2.2355 -0.66674 70 50 26
17.278 2.2299 -0.68594 68 47 26
17.25 2.2351 -0.68916 71 50 21
17.24 2.2407 -0.6703 70 49 18
17.214 2.2439 -0.64705 70 51 17
17.271 2.2321 -0.65547 70 49 28
17.219 2.2411 -0.66339 72 52 15
17.177 2.254 -0.60694 69 51 29
17.194 2.2454 -0.66686 69 50 18
17.214 2.2448 -0.67407 70 49 18
17.236 2.2417 -0.64131 71 49 25
17.18 2.2528 -0.62125 68 51 21
17.241 2.2393 -0.6573 69 50 18
17.184 2.2502 -0.63665 68 50 26
17.216 2.241 -0.63633 71 54 24
17.186 2.2497 -0.65002 70 50 25
17.214 2.2418 -0.62187 71 51 26
17.157 2.2543 -0.60199 70 52 28
17.128 2.2632 -0.60255 68 53 20
17.131 2.2616 -0.61679 71 50 19
17.109 2.2641 -0.59708 67 49 29
17.164 2.252 -0.64241 70 49 20
17.108 2.2654 -0.60802 70 52 30
17.126 2.2639 -0.58969 72 49 31
17.116 2.2604 -0.62452 66 50 15
17.102 2.2677 -0.56992 70 53 27
17.132 2.2616 -0.6288 71 48 30
17.159 2.2537 -0.61523 68 53 24
17.106 2.2653 -0.5841 70 51 19
17.163 2.2523 -0.62897 69 48 27
