575
0.48426 0.21096 0.75838 0.38191 19.142 0.095836 -0.16368
18.061 -0.76726 -0.43921 10 12 0
18.729 -1.7859 -0.68168 11 14 5
18.523 -3.0286 -1.0352 18 8 9
17.392 -2.9446 -1.7365 40 26 13
17.662 -2.4856 -1.5285 41 21 12
17.525 -2.7272 -1.6595 38 22 0
17.547 -2.6042 -1.5763 40 19 14
17.169 -2.1655 -1.5236 42 26 13
17.106 -2.2287 -1.5175 43 25 3
17.684 -1.5525 -1.079 41 24 14
17.052 -2.2288 -1.5114 44 20 18
16.903 -2.4039 -1.653 39 22 4
16.991 -2.3152 -1.634 42 18 8
16.913 -2.3294 -1.585 34 15 8
16.65 -2.4153 -1.5825 41 23 1
16.885 -2.1851 -1.489 41 23 13
16.88 -2.2503 -1.5411 40 21 7
16.806 -2.3812 -1.5935 43 27 4
16.923 -2.1975 -1.4773 42 25 15
16.868 -2.2625 -1.547 40 21 7
17.949 -2.6809 -1.5934 45 18 7
17.895 -2.8259 -1.7008 34 18 3
17.977 -2.6489 -1.6365 33 13 6
17.923 -2.8224 -1.6465 38 24 0
17.93 -2.5878 -1.6091 38 19 2
17.915 -2.6211 -1.6268 38 19 2
17.941 -2.6574 -1.6593 43 16 9
17.953 -2.5908 -1.5564 44 18 3
17.94 -2.5828 -1.6383 32 17 12
17.863 -2.7166 -1.6384 38 20 0
17.971 -2.4261 -1.5373 46 17 11
17.944 -2.633 -1.6175 39 15 3
17.796 -2.635 -1.6518 39 20 14
17.857 -2.4574 -1.6026 39 16 8
17.88 -2.4935 -1.6352 35 18 11
17.794 -2.5676 -1.6321 46 16 14
17.736 -2.7411 -1.6754 39 21 11
17.862 -2.4632 -1.6446 40 21 4
17.856 -2.5295 -1.6269 38 19 13
17.905 -2.515 -1.6349 37 20 13
17.908 -2.3058 -1.5645 35 18 1
17.849 -2.5441 -1.6357 34 15 9
17.81 -2.4836 -1.6381 34 17 10
17.765 -2.4874 -1.6235 48 21 4
17.691 -2.5952 -1.6152 39 24 1
17.646 -2.6951 -1.7034 48 21 10
17.753 -2.524 -1.6786 40 20 11
17.826 -2.4368 -1.5805 47 15 13
17.621 -2.7111 -1.6408 40 22 12
17.854 -2.2435 -1.469 46 21 0
17.579 -2.6463 -1.6521 40 19 0
17.569 -2.6795 -1.7047 38 20 0
17.653 -2.5061 -1.7287 47 25 1
17.675 -2.3881 -1.6361 34 22 10
17.6 -2.6239 -1.6723 38 20 0
17.627 -2.6446 -1.6643 43 16 9
17.547 -2.6478 -1.7038 37 20 0
17.561 -2.7499 -1.6863 40 20 9
17.818 -2.2874 -1.6051 45 22 14
17.51 -2.697 -1.6936 37 19 7
17.712 -2.3385 -1.648 43 21 10
17.572 -2.5236 -1.6138 42 17 10
17.463 -2.7625 -1.6931 36 18 6
17.433 -2.8144 -1.721 36 18 6
17.55 -2.5456 -1.5909 42 24 2
17.637 -2.44 -1.6376 39 20 13
17.626 -2.2176 -1.5748 39 21 7
17.51 -2.3255 -1.6292 49 31 21
17.592 -2.2135 -1.5944 44 28 15
17.46 -2.3881 -1.6327 48 29 12
17.454 -2.397 -1.6381 48 29 12
17.38 -2.5834 -1.7711 40 24 9
17.431 -2.4806 -1.6305 45 24 5
17.54 -2.3032 -1.6802 40 23 16
17.569 -2.2832 -1.553 48 24 12
17.715 -2.0285 -1.4763 39 26 20
17.378 -2.3402 -1.6961 54 32 21
17.41 -2.3068 -1.7086 63 41 20
17.412 -2.2823 -1.6275 44 23 6
17.343 -2.3997 -1.7726 55 33 12
17.521 -2.1961 -1.5836 46 21 17
17.579 -2.1329 -1.6094 52 33 29
17.293 -2.624 -1.7382 41 24 0
17.545 -2.1716 -1.6035 65 43 20
17.416 -2.2118 -1.5667 44 24 15
17.263 -2.3485 -1.6374 41 19 8
17.337 -2.2174 -1.6453 59 38 19
17.414 -2.161 -1.5537 45 19 5
17.59 -1.8997 -1.4682 41 25 12
17.395 -2.2494 -1.6261 42 17 20
17.31 -2.3434 -1.6169 43 21 0
17.402 -2.1855 -1.6027 39 22 2
17.409 -2.1865 -1.6383 60 41 24
17.195 -2.2489 -1.5636 46 23 5
17.272 -2.2908 -1.6507 40 20 0
17.424 -1.957 -1.5284 45 28 11
17.143 -2.3675 -1.6197 45 18 7
17.322 -2.1395 -1.6666 38 19 5
17.302 -2.1551 -1.6396 44 22 11
17.301 -2.1656 -1.6848 38 19 5
17.423 -2.0555 -1.5584 44 24 13
17.367 -2.1346 -1.6467 40 20 13
17.451 -1.9321 -1.5435 42 17 13
17.075 -2.2825 -1.6323 43 25 5
17.259 -2.0053 -1.6213 34 25 8
17.497 -1.788 -1.4781 44 22 9
17.099 -2.2022 -1.5967 42 22 0
17.135 -2.0697 -1.5851 38 21 1
17.191 -1.9774 -1.6077 34 15 11
17.294 -1.8744 -1.569 37 16 11
17.3 -1.9135 -1.5754 49 21 17
17.187 -2.0536 -1.5194 35 22 6
17.221 -1.9069 -1.611 39 15 13
17.123 -1.9404 -1.5601 40 14 0
17.039 -2.0592 -1.5515 36 21 0
16.958 -2.1504 -1.6411 40 14 0
17.072 -2.0804 -1.5817 45 17 4
17.144 -1.965 -1.5514 40 20 9
17.09 -1.928 -1.5718 47 15 12
17.193 -1.7965 -1.5603 48 19 11
16.873 -1.9797 -1.5631 38 13 6
17.047 -1.8015 -1.5925 41 18 12
16.763 -1.9928 -1.6538 42 21 2
16.983 -1.7747 -1.6154 41 18 0
17.015 -1.7886 -1.6 47 16 4
16.964 -1.8221 -1.5639 41 18 2
17.012 -1.7442 -1.5586 31 22 17
16.782 -2.0552 -1.5855 38 22 7
17.015 -1.8602 -1.555 32 23 8
16.909 -1.9077 -1.5715 39 18 0
16.852 -1.9533 -1.5647 36 17 0
17.037 -1.7635 -1.5498 34 17 0
16.969 -1.8961 -1.5482 44 22 9
17.001 -1.8377 -1.5828 38 18 9
17.01 -1.8225 -1.5461 39 21 11
16.87 -1.8077 -1.5282 36 19 0
16.808 -1.8177 -1.5545 38 26 0
16.843 -1.8233 -1.5115 41 23 0
16.916 -1.744 -1.6013 40 18 18
17.034 -1.6078 -1.5177 40 20 13
16.785 -1.7688 -1.6661 43 23 0
16.949 -1.6668 -1.4989 41 23 11
16.841 -1.7197 -1.5888 42 22 11
16.717 -1.813 -1.6288 40 21 14
16.91 -1.6208 -1.5065 43 25 11
16.83 -1.6881 -1.5915 36 26 0
16.848 -1.594 -1.5227 44 22 11
16.832 -1.6436 -1.5397 41 23 9
16.794 -1.6721 -1.563 41 23 9
16.441 -1.7961 -1.6221 34 14 5
16.414 -1.7733 -1.6304 34 11 3
16.747 -1.5197 -1.5501 38 17 12
16.619 -1.7138 -1.5704 35 15 8
16.545 -1.7615 -1.581 34 16 2
16.632 -1.6278 -1.545 36 13 5
16.357 -1.8081 -1.6202 38 15 0
16.641 -1.6257 -1.5798 36 11 14
16.631 -1.595 -1.5769 35 15 6
16.635 -1.6681 -1.5888 35 17 15
16.701 -1.5424 -1.5068 34 10 6
16.651 -1.6217 -1.6175 35 11 7
16.329 -1.7813 -1.5844 43 14 10
16.718 -1.469 -1.5469 45 19 4
16.617 -1.5314 -1.566 37 24 6
16.437 -1.7135 -1.5673 41 14 3
16.459 -1.6287 -1.6214 35 12 6
16.65 -1.5451 -1.5591 33 13 4
16.619 -1.4972 -1.5962 48 15 16
16.702 -1.5138 -1.568 30 17 0
16.27 -1.6359 -1.7356 44 22 1
18.058 -2.3856 -1.6524 33 19 8
18.213 -1.996 -1.4818 34 15 8
18.142 -2.2074 -1.5762 36 18 8
18.041 -2.3371 -1.6091 33 9 22
18.045 -2.2927 -1.6573 33 13 6
17.984 -2.3391 -1.6695 50 22 21
18.074 -2.2947 -1.6408 31 16 13
18.095 -2.1975 -1.6243 33 15 5
18.033 -2.2526 -1.6506 24 17 1
18.063 -2.3048 -1.6193 34 14 13
17.887 -2.4281 -1.6537 39 21 11
17.975 -2.2641 -1.5882 43 23 14
17.954 -2.2079 -1.643 43 20 4
17.964 -2.2507 -1.6538 46 18 14
17.951 -2.2913 -1.7069 42 24 4
18 -2.257 -1.6725 38 21 4
17.995 -2.2517 -1.6372 41 20 1
17.942 -2.2181 -1.6223 42 23 16
17.86 -2.2372 -1.6359 34 21 15
17.822 -2.4833 -1.8551 31 19 3
17.904 -2.1239 -1.6396 30 18 6
17.829 -2.3857 -1.7776 42 21 0
17.829 -2.1861 -1.668 35 16 0
17.835 -2.2227 -1.6454 37 20 10
17.887 -2.0964 -1.6395 31 19 5
17.916 -2.0909 -1.5923 35 19 2
17.841 -2.1078 -1.6353 36 19 2
17.824 -2.1593 -1.5638 44 21 13
17.842 -2.1519 -1.6185 35 15 14
17.769 -2.3135 -1.6432 41 18 12
17.832 -2.2161 -1.6149 44 22 1
17.866 -2.0772 -1.6456 34 18 1
17.662 -2.2532 -1.6818 32 23 8
17.85 -2.0481 -1.6381 34 18 1
17.791 -2.0158 -1.5967 45 24 7
17.736 -2.0924 -1.6218 30 24 10
17.827 -2.0765 -1.6324 35 18 1
17.77 -2.092 -1.6025 41 22 8
17.685 -2.0953 -1.58 40 22 10
17.744 -2.0262 -1.595 34 19 12
17.679 -2.1144 -1.6198 42 23 17
17.7 -2.0503 -1.6582 33 17 2
17.703 -1.994 -1.6334 39 15 3
17.674 -2.1218 -1.6246 39 23 6
17.686 -2.0937 -1.5788 40 22 10
17.69 -2.141 -1.5894 38 24 0
17.678 -2.1711 -1.6429 36 19 9
17.557 -2.0598 -1.6011 60 40 15
17.443 -2.2252 -1.7442 40 22 8
17.702 -1.9452 -1.623 38 14 4
17.634 -1.9726 -1.6025 43 25 13
17.702 -1.9357 -1.5854 35 16 9
17.507 -2.1808 -1.659 58 39 22
17.391 -2.3546 -1.812 39 27 5
17.507 -2.0855 -1.6634 45 25 16
17.614 -1.8556 -1.5714 38 22 9
17.59 -1.9827 -1.624 43 24 10
17.498 -2.0452 -1.6525 41 18 10
17.511 -1.8384 -1.5842 43 22 19
17.446 -1.9466 -1.5831 42 23 9
17.508 -1.9347 -1.6222 36 17 13
17.487 -1.9525 -1.604 37 20 12
17.459 -1.9876 -1.6284 37 20 12
17.385 -2.0711 -1.6519 28 20 0
17.472 -1.7957 -1.5933 35 20 13
17.446 -1.8175 -1.578 49 25 13
17.382 -1.9753 -1.6261 49 21 10
17.488 -1.7411 -1.597 33 21 0
17.52 -1.7837 -1.5632 42 22 13
17.45 -1.7764 -1.5969 47 23 9
17.427 -1.832 -1.5609 49 23 8
17.381 -1.8762 -1.5635 48 22 7
17.441 -1.8831 -1.6674 39 22 2
17.383 -1.9278 -1.6097 47 24 16
17.477 -1.747 -1.5734 47 23 9
17.539 -1.7256 -1.5669 35 18 10
17.403 -1.9121 -1.6293 48 24 14
17.307 -1.9127 -1.6048 47 18 10
17.465 -1.7175 -1.5712 47 23 13
17.382 -1.7941 -1.5689 45 13 11
17.434 -1.7443 -1.5602 49 25 13
17.422 -1.7225 -1.5903 45 21 11
17.455 -1.681 -1.5301 45 21 17
17.35 -1.8727 -1.6092 47 23 9
17.273 -1.867 -1.6425 49 26 18
17.254 -1.9246 -1.6346 34 15 0
17.378 -1.7487 -1.5261 34 17 9
17.344 -1.7843 -1.5528 34 17 9
17.271 -1.7401 -1.6075 37 18 4
17.378 -1.6865 -1.6049 48 21 12
17.271 -1.7338 -1.571 42 20 9
17.324 -1.6537 -1.5837 40 20 19
17.217 -1.8286 -1.6281 44 22 11
17.32 -1.7391 -1.6168 44 26 2
17.24 -1.8499 -1.6187 42 22 15
17.362 -1.623 -1.5869 43 24 10
17.207 -1.8464 -1.6717 39 21 9
17.369 -1.649 -1.565 43 23 12
17.202 -1.8214 -1.733 48 23 1
17.197 -1.728 -1.6442 41 21 10
17.213 -1.7545 -1.6366 41 18 0
17.253 -1.6358 -1.5889 40 21 4
17.081 -1.9132 -1.6735 45 24 3
17.142 -1.7613 -1.5742 46 22 10
17.025 -1.8772 -1.6963 41 23 9
17.233 -1.7359 -1.6213 41 18 0
17.287 -1.6046 -1.5623 40 21 4
17.17 -1.7473 -1.626 43 25 11
17.299 -1.5995 -1.5873 40 24 1
17.159 -1.7577 -1.6342 43 25 11
17.204 -1.7219 -1.629 42 22 11
17.294 -1.5661 -1.5757 45 17 16
17.195 -1.7598 -1.5781 47 25 12
17.371 -1.5695 -1.5432 33 21 5
17.181 -1.6908 -1.5706 37 20 3
17.447 -1.4232 -1.4283 33 19 8
17.204 -1.7571 -1.6073 41 23 9
17.151 -1.6836 -1.6193 36 16 5
17.175 -1.6187 -1.5481 34 14 13
17.109 -1.7158 -1.6099 33 23 0
17.117 -1.6637 -1.5559 36 17 3
17.055 -1.7587 -1.6079 52 23 19
17.095 -1.764 -1.5943 48 19 13
17.181 -1.5075 -1.5489 45 23 2
16.971 -1.6647 -1.5908 46 23 15
17.165 -1.4902 -1.5815 41 15 16
17.02 -1.7137 -1.6481 39 15 11
17.09 -1.5451 -1.6034 42 24 14
17.033 -1.6243 -1.6205 42 25 18
17.125 -1.5911 -1.6006 40 21 14
17.058 -1.6311 -1.5442 34 20 7
17.114 -1.6267 -1.5528 31 19 7
16.919 -1.5911 -1.5962 40 24 11
17.155 -1.4589 -1.5446 43 20 2
17.13 -1.478 -1.5622 36 19 11
16.945 -1.5664 -1.5447 43 20 12
17.085 -1.4691 -1.5172 42 24 14
17.026 -1.5183 -1.5948 40 20 13
17.222 -1.3726 -1.4907 33 23 13
17.047 -1.4715 -1.6027 47 19 18
17.047 -1.4677 -1.5667 33 20 1
17.155 -1.4627 -1.5771 42 21 2
16.961 -1.4916 -1.5826 43 17 0
16.913 -1.5539 -1.555 40 20 11
16.976 -1.4465 -1.5614 48 20 7
17.023 -1.4162 -1.5658 37 17 6
16.983 -1.4496 -1.6238 37 20 0
16.993 -1.498 -1.5401 42 25 15
16.894 -1.5367 -1.5864 46 23 7
17.019 -1.4534 -1.5773 44 23 2
16.993 -1.4981 -1.54 42 25 15
17.048 -1.4615 -1.5375 39 21 9
17.052 -1.3627 -1.5353 39 23 0
16.985 -1.4483 -1.6233 37 20 0
17.135 -1.372 -1.5304 41 21 14
16.768 -1.5495 -1.6149 41 17 13
16.263 -1.8663 -2.0052 38 11 2
16.907 -1.4297 -1.6228 38 21 3
16.85 -1.4528 -1.5254 37 17 16
16.692 -1.5253 -1.6049 36 19 11
16.747 -1.4186 -1.5596 37 11 14
16.73 -1.3996 -1.5921 37 23 12
16.808 -1.3568 -1.6155 31 20 14
16.813 -1.4107 -1.5253 36 19 12
16.761 -1.377 -1.5416 36 25 5
16.633 -1.3856 -1.561 40 24 11
16.686 -1.3897 -1.578 34 23 1
16.657 -1.4044 -1.5574 44 19 12
16.681 -1.3605 -1.5671 44 24 15
16.809 -1.3208 -1.5746 38 13 16
16.668 -1.403 -1.6257 36 19 9
16.609 -1.4338 -1.5846 44 19 12
17.555 -2.6316 -1.6012 35 17 7
17.515 -2.632 -1.6135 39 20 14
17.04 -2.2207 -1.5316 37 17 8
16.919 -2.4191 -1.6692 38 25 9
16.883 -2.4603 -1.6937 38 25 9
17.029 -2.2852 -1.5553 42 24 4
16.798 -2.3039 -1.5692 43 26 8
16.779 -2.3779 -1.5914 45 23 8
16.755 -2.3401 -1.5519 43 26 0
17.932 -2.6878 -1.6147 40 21 5
17.996 -2.5576 -1.5805 31 15 0
17.944 -2.7409 -1.6329 40 13 2
17.965 -2.5558 -1.5983 41 15 16
17.989 -2.4284 -1.5435 39 13 12
17.913 -2.734 -1.6452 37 18 2
17.872 -2.7449 -1.6614 40 16 2
17.839 -2.537 -1.6595 33 19 8
17.871 -2.4038 -1.5998 33 19 6
17.809 -2.565 -1.606 44 22 1
17.9 -2.481 -1.6095 37 20 13
17.802 -2.5949 -1.6549 38 17 12
17.933 -2.2952 -1.5696 39 15 15
17.895 -2.4385 -1.6387 39 21 11
17.801 -2.5275 -1.6346 45 17 4
17.828 -2.4069 -1.5854 43 15 12
17.752 -2.4698 -1.6075 45 18 9
17.698 -2.5549 -1.6186 47 20 13
17.73 -2.6107 -1.741 42 19 1
17.627 -2.6033 -1.6362 34 17 0
17.584 -2.5951 -1.6127 39 23 0
17.589 -2.7415 -1.6838 37 25 3
17.751 -2.3084 -1.6334 46 18 15
17.522 -2.719 -1.7164 36 14 0
17.579 -2.6885 -1.6827 34 17 0
17.577 -2.6771 -1.6426 41 18 12
17.582 -2.5328 -1.5928 38 20 8
17.403 -2.4974 -1.6672 44 27 9
17.44 -2.4313 -1.5985 45 24 5
17.616 -2.2115 -1.5984 40 27 21
17.677 -2.1078 -1.502 38 22 7
17.495 -2.3716 -1.6317 45 27 17
17.55 -2.3225 -1.7028 44 21 13
17.472 -2.2325 -1.6041 46 25 8
17.42 -2.3153 -1.6878 63 41 30
17.545 -2.1506 -1.6145 62 38 24
17.553 -2.0853 -1.5902 54 35 18
17.401 -2.2742 -1.6485 46 28 8
17.389 -2.2358 -1.6409 44 27 7
17.37 -2.1861 -1.562 43 23 0
17.131 -2.5076 -1.8019 38 22 9
17.347 -2.2368 -1.663 36 20 7
17.38 -2.2936 -1.6276 37 12 15
17.429 -2.1727 -1.5694 52 35 18
17.41 -2.1881 -1.5463 44 22 0
17.352 -2.1664 -1.605 40 21 14
17.318 -2.1665 -1.6582 44 21 13
17.272 -2.2231 -1.6951 44 21 13
17.4 -2.115 -1.6032 57 39 25
17.35 -2.0842 -1.6552 37 20 10
17.388 -2.0289 -1.5829 41 16 12
17.525 -1.7306 -1.4365 47 25 12
17.015 -2.3194 -1.6478 38 24 15
17.448 -1.7752 -1.4858 47 26 9
17.196 -2.0237 -1.5239 32 16 0
17.197 -2.0628 -1.5035 41 17 7
17.285 -1.9026 -1.5633 37 15 0
17.07 -2.0541 -1.5557 37 15 2
17.06 -2.025 -1.5882 39 16 0
16.996 -2.1394 -1.644 44 16 12
17.138 -1.8622 -1.5499 47 15 12
17.091 -1.7853 -1.5843 45 23 10
16.809 -2.0109 -1.5797 39 19 12
16.919 -1.9235 -1.5927 38 15 9
17.136 -1.6857 -1.4404 35 16 0
16.923 -1.9202 -1.5872 38 15 9
16.984 -1.7855 -1.5665 37 15 0
17.021 -1.8367 -1.5615 39 24 1
16.907 -1.9669 -1.5345 40 15 8
16.822 -2.0066 -1.6095 38 21 1
16.863 -1.9238 -1.5773 42 19 1
16.998 -1.7862 -1.6221 50 20 6
16.803 -2.0234 -1.6219 38 21 1
17.006 -1.8083 -1.5538 37 19 9
17.102 -1.7344 -1.5662 44 21 15
16.832 -1.8574 -1.5386 41 21 0
17.088 -1.5854 -1.5012 40 18 18
16.737 -1.8948 -1.5842 40 22 0
16.939 -1.7022 -1.563 41 25 0
16.925 -1.6315 -1.5156 43 22 1
16.809 -1.7676 -1.6376 42 19 11
16.778 -1.7521 -1.6432 43 18 13
16.71 -1.7585 -1.6391 42 22 11
16.428 -1.9347 -1.8438 35 18 8
16.974 -1.5205 -1.4685 43 23 12
16.567 -1.6941 -1.6067 34 11 3
16.313 -1.8618 -1.6676 30 19 0
16.406 -1.8445 -1.6634 33 13 4
16.711 -1.6311 -1.5332 30 12 0
16.541 -1.6681 -1.5801 37 12 7
16.829 -1.4799 -1.4875 27 13 13
16.852 -1.464 -1.474 27 13 13
16.754 -1.5341 -1.5688 37 15 4
16.642 -1.6029 -1.5624 34 9 13
16.391 -1.7616 -1.5801 40 17 1
16.653 -1.5626 -1.5817 29 22 4
16.498 -1.5909 -1.65 50 17 18
16.596 -1.5977 -1.5757 34 15 1
16.591 -1.5682 -1.604 37 20 13
16.426 -1.7428 -1.5959 40 17 0
16.5 -1.6695 -1.7092 42 24 10
18.098 -2.2819 -1.6386 27 19 8
18.035 -2.2228 -1.6529 33 15 3
18.072 -2.2568 -1.6121 35 15 8
18.042 -2.2718 -1.6636 37 17 10
18.078 -2.2959 -1.5934 39 21 9
18.051 -2.2384 -1.6164 31 18 2
18.04 -2.3437 -1.6936 35 15 8
18.091 -2.2827 -1.6122 31 21 11
18.047 -2.1217 -1.5771 42 19 11
18.006 -2.2525 -1.6087 47 19 18
17.946 -2.2485 -1.6486 44 19 14
17.954 -2.247 -1.6743 47 18 14
17.986 -2.3112 -1.6806 45 17 14
17.935 -2.2222 -1.6743 43 21 0
17.936 -2.2068 -1.6392 46 23 7
17.808 -2.2218 -1.6087 46 25 4
17.929 -2.0435 -1.5805 31 19 7
17.815 -2.2215 -1.6404 37 20 10
17.855 -2.2104 -1.6131 43 17 0
17.905 -2.0982 -1.6457 33 19 6
17.84 -2.1316 -1.6279 36 17 1
17.828 -2.2458 -1.6062 47 22 2
17.874 -2.0297 -1.6042 34 17 0
17.881 -2.0734 -1.6149 35 16 2
17.942 -2.0096 -1.5315 42 21 4
17.932 -2.04 -1.5789 31 19 7
17.668 -2.2101 -1.6445 43 22 1
17.69 -2.1866 -1.6595 29 14 7
17.713 -2.1494 -1.6354 29 14 7
17.752 -2.0344 -1.5778 39 19 8
17.709 -2.091 -1.5816 37 19 7
17.77 -2.0172 -1.5926 23 17 3
17.753 -1.9017 -1.5945 35 16 12
17.686 -1.988 -1.6317 35 16 2
17.588 -2.047 -1.5948 50 32 12
17.606 -1.9912 -1.6367 36 17 11
17.598 -1.9927 -1.608 46 30 17
17.674 -1.9372 -1.5513 54 34 27
17.61 -1.927 -1.5781 43 23 12
17.546 -2.0542 -1.6198 51 33 19
17.452 -1.9679 -1.6039 24 16 0
17.452 -1.9117 -1.5542 44 19 14
17.474 -1.7324 -1.586 45 22 14
17.429 -1.8551 -1.5827 45 23 8
17.408 -1.8875 -1.6364 46 19 10
17.405 -1.9209 -1.5805 45 22 6
17.474 -1.8636 -1.63 42 21 18
17.417 -1.8611 -1.5567 48 21 10
17.443 -1.8922 -1.62 35 17 7
17.498 -1.7477 -1.5793 30 22 0
17.457 -1.8687 -1.5723 47 23 9
17.384 -1.8688 -1.6432 46 22 8
17.526 -1.7587 -1.567 41 21 12
17.322 -1.7899 -1.5792 38 22 9
17.283 -1.875 -1.6234 40 23 15
17.348 -1.8121 -1.6064 46 24 9
17.294 -1.9003 -1.5929 34 14 5
17.39 -1.8036 -1.5521 47 23 23
17.247 -2.0073 -1.6824 46 22 8
17.463 -1.6964 -1.5468 44 22 9
17.506 -1.6837 -1.4918 49 24 4
17.238 -1.9156 -1.6243 41 20 1
17.312 -1.6882 -1.6162 43 23 12
17.355 -1.6403 -1.5506 45 20 13
17.234 -1.8006 -1.6613 37 20 13
17.27 -1.8003 -1.6073 43 25 13
17.415 -1.6255 -1.551 45 21 11
17.235 -1.7863 -1.5865 45 22 14
17.236 -1.7922 -1.6238 45 18 9
17.241 -1.8667 -1.6087 45 19 2
17.153 -1.7753 -1.5915 43 25 13
17.32 -1.5961 -1.5608 38 16 5
17.273 -1.6732 -1.5756 39 23 10
17.179 -1.7693 -1.6827 38 18 9
17.167 -1.721 -1.5666 43 21 8
17.393 -1.492 -1.492 34 20 9
17.306 -1.6145 -1.6042 32 24 13
17.191 -1.7873 -1.6047 43 21 10
17.197 -1.7879 -1.6392 41 24 7
17.347 -1.6143 -1.5846 35 23 7
17.263 -1.6427 -1.5705 43 22 1
17.226 -1.6718 -1.5607 46 24 11
17.188 -1.7837 -1.5711 45 23 10
17.183 -1.7654 -1.6794 38 18 9
17.276 -1.5934 -1.5439 43 18 13
17.053 -1.6966 -1.5832 45 23 12
17.13 -1.7144 -1.5806 45 23 10
17.101 -1.7409 -1.6012 45 23 10
17.146 -1.6657 -1.5967 34 26 13
17.106 -1.6964 -1.5867 38 12 13
17.124 -1.6407 -1.5656 33 14 10
17.19 -1.4799 -1.5209 41 21 10
17.074 -1.5799 -1.6368 38 19 12
17.07 -1.5831 -1.64 38 19 12
17.144 -1.5534 -1.5652 42 20 9
17.195 -1.4459 -1.5383 40 20 13
17.216 -1.5303 -1.5213 44 20 16
17.139 -1.4135 -1.4935 39 20 3
16.914 -1.5876 -1.6828 33 20 14
17.155 -1.4091 -1.5459 43 23 0
17.027 -1.4931 -1.5385 47 25 14
16.924 -1.6801 -1.6004 44 21 3
17.055 -1.5162 -1.5968 42 24 4
17.176 -1.427 -1.5394 43 16 5
16.861 -1.5851 -1.6726 43 22 1
17.047 -1.4179 -1.5684 37 17 6
16.996 -1.4166 -1.561 39 21 1
16.949 -1.5473 -1.5543 41 17 13
17.077 -1.3917 -1.5182 40 22 0
16.988 -1.4871 -1.5556 46 23 15
17.05 -1.4499 -1.5768 41 17 5
17.026 -1.3996 -1.5733 30 22 0
16.688 -1.559 -1.7441 43 16 7
16.718 -1.419 -1.5525 44 22 11
16.73 -1.445 -1.5557 32 19 1
16.719 -1.4878 -1.569 35 18 11
16.832 -1.3495 -1.5244 33 18 11
16.694 -1.3998 -1.5602 42 23 16
16.755 -1.368 -1.5953 37 20 3
16.781 -1.3178 -1.5355 38 21 11
16.723 -1.3858 -1.5733 38 25 6
16.661 -1.3871 -1.569 45 22 16
16.467 -1.4684 -1.6682 40 24 0
