2629
-0.32659 0.3964 -0.58357 0.62901 20.463 19.701 3.3307
21.248 22.129 3.4054 84 63 44
21.244 22.109 3.428 89 69 44
21.411 22.459 3.404 89 64 32
21.426 22.485 3.4575 92 63 31
21.346 22.348 3.4066 90 64 37
21.422 22.48 3.43 91 63 34
21.388 22.485 3.3842 85 64 33
21.467 22.437 3.4494 76 51 19
21.431 22.425 3.4264 93 64 32
21.5 22.463 3.3916 78 46 7
21.404 22.339 3.4501 93 64 33
21.437 22.448 3.3971 91 63 36
21.507 22.474 3.4167 70 37 4
21.473 22.468 3.3967 77 47 23
21.569 22.476 3.4355 75 45 17
21.595 22.474 3.4063 75 46 6
21.531 22.46 3.4154 76 47 13
21.583 22.505 3.4625 78 49 25
21.567 22.479 3.4107 75 46 6
21.597 22.466 3.4584 76 48 21
21.537 22.469 3.4408 72 44 13
21.605 22.492 3.4308 78 50 10
21.543 22.203 3.439 73 44 2
21.598 22.338 3.4172 78 52 12
21.623 22.469 3.3977 75 46 25
21.599 22.407 3.4246 74 44 16
21.609 22.298 3.4131 75 45 9
21.627 22.469 3.4539 74 45 3
21.612 22.375 3.3936 72 46 6
21.569 22.081 3.445 77 48 24
21.62 22.26 3.4057 89 65 27
21.632 22.167 3.3939 84 56 25
21.635 22.171 3.4194 76 52 16
21.684 22.161 3.4118 73 48 16
21.668 22.182 3.4169 78 50 23
21.624 22.088 3.4357 74 51 9
21.766 22.163 3.3994 62 34 3
21.766 22.156 3.4469 64 37 0
21.799 22.171 3.4157 61 33 2
21.751 22.183 3.4268 61 33 2
21.735 22.149 3.4474 72 41 10
21.769 22.167 3.4232 61 33 0
21.722 22.13 3.3988 60 32 3
21.821 22.21 3.4429 60 38 1
22.172 22.738 3.4541 60 36 0
22.175 22.684 3.4526 32 26 26
21.451 22.819 3.2736 65 47 33
21.403 22.644 3.3397 83 66 58
21.499 23.087 3.2752 46 58 36
21.434 22.753 3.3108 76 58 48
21.51 23.097 3.3433 38 46 9
21.499 23.073 3.31 61 62 30
21.466 22.567 3.2916 90 60 32
21.472 22.575 3.3192 89 62 25
21.431 22.536 3.353 92 64 35
21.423 22.457 3.2414 87 59 28
21.395 22.525 3.3306 92 65 44
21.485 22.603 3.3474 89 61 24
21.432 22.4 3.2385 85 62 31
21.425 22.506 3.3773 91 63 23
21.43 22.47 3.2664 89 59 31
21.43 22.539 3.3252 90 62 35
21.484 22.448 3.2837 84 54 20
21.485 22.459 3.2559 92 66 43
21.501 22.473 3.3643 97 75 51
21.516 22.52 3.3366 94 67 34
21.434 22.398 3.264 75 50 20
21.499 22.405 3.3093 79 51 20
21.531 22.496 3.2797 73 49 21
21.53 22.5 3.2528 72 48 20
21.52 22.538 3.3103 84 53 5
21.52 22.451 3.3354 76 50 23
21.445 22.415 3.3176 76 49 30
21.496 22.539 3.3687 78 52 11
21.496 22.495 3.2288 76 50 23
21.453 22.502 3.376 90 62 33
21.44 22.407 3.2909 75 46 15
21.523 22.48 3.2523 72 48 20
21.576 22.439 3.3494 77 50 7
21.603 22.439 3.3188 74 46 15
21.594 22.49 3.3262 72 46 19
21.581 22.475 3.2456 77 50 17
21.558 22.467 3.3556 75 47 16
21.516 22.427 3.3844 81 55 15
21.563 22.488 3.3283 75 50 18
21.593 22.475 3.3778 77 49 18
21.557 22.49 3.2468 77 51 11
21.614 22.484 3.2369 79 51 20
21.57 22.435 3.2928 77 51 24
21.544 22.452 3.2757 77 49 20
21.542 22.421 3.3822 75 45 19
21.625 22.497 3.2917 69 41 10
21.578 22.461 3.2735 75 46 22
21.603 22.451 3.2647 73 47 22
21.546 22.449 3.301 79 52 9
21.523 22.453 3.3615 74 49 5
21.653 22.482 3.3412 69 42 21
21.64 22.378 3.3622 74 47 10
21.693 22.443 3.3025 89 64 32
21.681 22.489 3.2805 73 49 15
21.636 22.323 3.2547 71 44 11
21.61 22.445 3.3702 73 50 9
21.638 22.462 3.2598 75 50 18
21.635 22.433 3.3654 76 49 6
21.642 22.388 3.3353 69 47 8
21.617 22.468 3.3476 75 51 15
21.673 22.402 3.2796 67 43 17
21.665 22.515 3.3144 78 52 12
21.66 22.445 3.2552 77 50 17
21.663 22.441 3.3077 70 46 12
21.621 22.329 3.3849 75 52 11
21.648 22.406 3.3083 70 46 12
21.635 22.451 3.2876 73 46 11
21.656 22.229 3.3185 77 49 9
21.628 22.282 3.3816 91 68 34
21.659 22.361 3.3325 72 48 20
21.541 21.937 3.299 76 48 21
21.654 22.219 3.3732 86 57 13
21.625 22.116 3.2708 72 43 9
21.644 22.323 3.3559 67 40 3
21.641 22.141 3.3224 79 51 11
21.672 22.196 3.3908 73 50 17
21.657 22.12 3.3103 64 39 9
21.676 22.166 3.2648 68 38 22
21.675 22.093 3.3838 59 34 2
21.726 22.156 3.2582 54 29 6
21.715 22.186 3.2851 53 32 3
21.755 22.21 3.281 51 26 3
21.654 22.162 3.3693 79 52 7
21.713 22.223 3.3873 64 36 9
21.666 22.14 3.2885 66 41 21
21.706 22.171 3.2602 54 24 6
21.761 22.157 3.3757 58 35 1
21.824 22.221 3.3943 61 31 3
21.759 22.058 3.314 56 31 0
21.778 22.096 3.2946 54 33 6
21.778 22.147 3.2967 55 28 17
21.776 22.14 3.319 57 33 5
21.748 22.134 3.348 55 29 4
21.757 22.161 3.2756 55 30 7
21.799 22.179 3.3479 57 31 6
21.745 22.132 3.3225 52 33 0
21.78 22.152 3.2727 58 31 12
21.753 22.15 3.3007 53 24 16
21.527 23.232 3.141 35 26 11
21.367 22.709 3.1396 50 35 16
21.51 23.108 3.0025 84 65 48
21.401 22.528 3.1043 88 59 27
21.428 22.62 3.0625 82 61 40
21.438 22.739 3.0891 65 45 34
21.427 22.787 3.1579 61 41 16
21.444 22.853 3.1205 56 40 25
21.382 22.664 3.1027 116 102 89
21.514 23.108 3.034 83 67 54
21.449 22.796 3.0264 64 45 29
21.45 22.766 3.1232 48 10 0
21.426 22.474 3.21 87 59 28
21.455 22.578 3.1494 86 57 26
21.45 22.555 3.1766 87 59 28
21.45 22.476 3.151 86 59 26
21.455 22.497 3.1224 87 60 27
21.42 22.414 3.0703 89 61 32
21.463 22.61 3.118 86 59 12
21.375 22.43 3.1637 91 63 34
21.47 22.465 3.0926 77 53 17
21.453 22.477 3.1797 69 41 4
21.391 22.487 3.1321 92 54 43
21.444 22.443 3.2096 83 57 17
21.468 22.465 3.0615 73 45 16
21.468 22.459 3.0932 77 53 17
21.43 22.437 3.0971 88 59 28
21.514 22.486 3.1393 84 56 16
21.538 22.464 3.1657 69 43 16
21.55 22.501 3.133 82 56 16
21.549 22.435 3.077 74 46 17
21.511 22.456 3.2242 74 50 22
21.49 22.43 3.1153 70 46 12
21.481 22.487 3.1175 71 47 13
21.539 22.487 3.0769 71 43 14
21.531 22.438 3.1935 70 43 8
21.477 22.452 3.2038 75 47 18
21.522 22.492 3.1957 73 45 6
21.512 22.474 3.1684 82 51 7
21.505 22.477 3.0851 91 68 37
21.504 22.535 3.1695 75 47 10
21.536 22.472 3.1066 74 46 19
21.491 22.506 3.1444 77 49 18
21.609 22.417 3.1508 79 53 13
21.581 22.41 3.2122 69 43 16
21.578 22.476 3.2141 72 47 15
21.643 22.492 3.174 78 50 23
21.618 22.517 3.1225 68 44 8
21.556 22.44 3.1343 71 42 8
21.556 22.446 3.1048 68 40 13
21.582 22.493 3.1847 74 49 1
21.591 22.445 3.1551 73 48 4
21.587 22.43 3.1841 67 42 12
21.576 22.484 3.1578 70 43 0
21.599 22.479 3.096 77 51 24
21.625 22.46 3.1215 74 45 13
21.612 22.436 3.0943 70 47 6
21.556 22.496 3.2187 74 46 7
21.606 22.501 3.0662 73 47 20
21.608 22.212 3.1765 92 68 30
21.632 22.269 3.1457 79 52 19
21.528 22.15 3.2173 72 46 5
21.65 22.426 3.2276 70 44 17
21.639 22.471 3.2309 74 50 22
21.632 22.338 3.1219 65 42 11
21.637 22.419 3.1185 74 47 10
21.625 22.317 3.1438 77 47 11
21.66 22.477 3.0832 74 45 13
21.666 22.42 3.0835 70 43 10
21.589 22.165 3.2054 66 41 9
21.549 22.203 3.1894 73 45 18
21.608 22.344 3.1516 80 55 11
21.652 22.318 3.1153 74 42 19
21.646 22.352 3.2274 73 45 16
21.667 22.356 3.0846 70 45 0
21.64 22.48 3.2024 75 49 8
21.601 22.188 3.2293 68 40 1
21.634 22.221 3.0938 73 46 11
21.648 22.36 3.1997 73 47 6
21.645 22.165 3.2205 78 50 11
21.654 22.181 3.2452 71 46 14
21.585 22.097 3.2038 77 50 7
21.627 22.138 3.1467 85 58 23
21.599 22.071 3.201 79 51 11
21.663 22.153 3.1647 64 34 6
21.662 22.158 3.1169 81 53 22
21.676 22.177 3.1892 65 39 0
21.669 22.158 3.2114 64 36 5
21.582 22.088 3.2301 74 51 9
21.651 22.132 3.143 63 32 2
21.64 22.229 3.1194 75 50 20
21.599 22.133 3.1772 77 47 11
21.65 22.19 3.1175 82 54 5
21.724 22.165 3.1546 53 26 7
21.707 22.182 3.1838 53 28 0
21.74 22.137 3.2031 50 26 0
21.677 22.17 3.2391 61 33 0
21.7 22.125 3.1085 51 25 10
21.739 22.139 3.1773 52 26 0
21.682 22.126 3.238 55 30 7
21.679 22.136 3.1117 51 27 0
21.723 22.156 3.2098 51 32 0
21.755 22.23 3.1259 53 30 0
21.742 22.146 3.1498 50 27 9
21.688 22.149 3.1601 49 29 2
21.701 22.118 3.1846 49 27 6
21.738 22.142 3.1254 50 24 9
21.781 22.16 3.2231 52 29 0
21.864 22.262 3.2121 49 27 6
21.75 22.151 3.2503 49 27 4
21.77 22.142 3.1978 52 28 0
21.778 22.167 3.1196 51 26 4
21.761 22.174 3.2256 54 29 0
21.769 22.135 3.2471 50 30 5
21.843 22.227 3.1876 55 27 0
21.819 22.187 3.1387 50 29 0
21.826 22.198 3.163 50 24 0
21.769 22.143 3.1736 52 29 0
21.793 22.19 3.1438 53 27 12
21.926 22.324 3.1796 50 28 5
21.319 22.62 2.9635 108 85 51
21.312 22.608 2.934 98 71 36
21.466 22.863 2.9801 90 71 55
21.423 22.637 2.9728 87 59 30
21.374 22.413 2.9383 85 58 23
21.502 23.108 2.9236 90 72 48
21.425 22.767 2.8988 90 65 43
21.429 22.792 2.8644 85 61 35
21.53 23.08 2.9214 92 70 46
21.469 22.894 2.9084 88 68 44
21.465 22.589 2.9014 85 57 26
21.469 22.502 2.946 84 59 29
21.49 22.475 2.9396 64 37 16
21.5 22.597 2.8972 77 51 26
21.48 22.456 2.9105 67 41 14
21.45 22.433 3.0085 64 36 7
21.415 22.408 3.0439 85 57 26
21.438 22.501 2.9461 85 57 20
21.44 22.396 3.0418 69 45 7
21.416 22.42 3.0162 85 57 28
21.417 22.431 2.9841 87 58 27
21.549 22.447 3.0186 72 47 15
21.527 22.461 3.0524 74 47 12
21.547 22.471 2.899 64 39 9
21.468 22.392 3.0369 65 32 0
21.502 22.476 3.0547 83 57 16
21.513 22.44 2.9983 72 49 8
21.552 22.477 2.9287 67 43 15
21.553 22.466 2.9912 73 43 15
21.554 22.473 2.9572 68 43 0
21.581 22.471 2.9231 70 46 10
21.544 22.436 3.0192 72 47 15
21.517 22.472 2.9042 72 48 20
21.563 22.434 2.8998 65 42 9
21.522 22.456 3.0238 71 43 16
21.513 22.448 2.9686 74 47 10
21.492 22.466 2.9995 79 51 20
21.497 22.485 2.966 86 63 30
21.569 22.493 3.043 74 44 20
21.578 22.471 2.8933 65 42 9
21.524 22.484 2.9325 68 42 1
21.55 22.472 2.929 67 43 15
21.583 22.457 3.0127 66 42 4
21.754 22.716 2.9672 66 40 0
21.626 22.481 3.0321 69 45 7
21.56 22.204 2.9757 70 41 7
21.623 22.425 2.9175 68 46 0
21.622 22.351 2.9226 65 39 14
21.61 22.436 3.0667 66 43 1
21.638 22.449 2.9732 67 40 3
21.576 22.453 2.9564 69 42 5
21.602 22.497 3.0373 73 46 3
21.615 22.46 3.0058 73 47 20
21.602 22.442 2.9499 69 45 19
21.649 22.479 2.9377 71 46 16
21.679 22.532 3.0217 71 47 9
21.587 22.474 2.9813 66 44 3
21.623 22.499 2.9145 71 43 12
21.626 22.493 2.9776 68 43 11
21.694 22.422 3.0494 72 45 2
21.656 22.419 2.9727 67 44 2
21.587 22.078 3.0044 66 41 18
21.661 22.289 3.0338 48 18 0
21.633 22.18 2.9612 80 58 34
21.696 22.431 3.0222 91 65 24
21.777 22.615 2.9677 69 41 1
21.651 22.262 3.0619 60 36 0
21.682 22.534 3.0502 68 43 20
21.678 22.199 3.0579 64 37 2
21.702 22.31 3.0516 82 55 8
21.642 22.128 3.0426 78 51 18
21.618 22.081 3.0224 77 50 7
21.628 22.102 3.0192 77 50 7
21.671 22.141 2.9569 60 30 4
21.691 22.123 2.9811 48 22 0
21.672 22.183 3.0874 79 51 1
21.661 22.112 3.0376 58 35 2
21.684 22.267 3.083 84 51 20
21.671 22.135 3.0073 53 28 6
21.709 22.329 3.0233 79 51 22
21.634 22.119 2.994 80 52 12
21.693 22.169 3.0824 52 27 0
21.74 22.267 3.0443 51 27 0
21.683 22.163 2.9773 49 23 6
21.647 22.138 3.0413 78 51 18
21.782 22.488 2.9715 80 53 10
21.67 22.085 2.9605 51 27 0
21.628 22.11 2.9679 80 52 13
21.729 22.186 3.077 49 28 0
21.77 22.159 3.0427 47 22 0
21.744 22.218 3.0475 47 23 0
21.725 22.136 2.9779 46 22 8
21.81 22.291 3.0302 48 26 2
21.713 22.1 3.0813 46 26 0
21.739 22.159 2.9948 48 23 0
21.694 22.13 2.9805 48 22 0
21.752 22.122 3.0726 49 23 0
21.7 22.134 3.0314 46 23 7
21.725 22.13 3.0259 47 25 1
21.754 22.132 3.021 47 26 0
21.736 22.142 3.1024 49 28 0
21.76 22.15 2.9646 49 25 0
21.733 22.145 3.0234 47 25 1
21.759 22.144 2.9931 50 23 2
21.715 22.168 3.0005 47 25 1
21.761 22.136 3.0973 48 27 0
21.774 22.124 2.9641 53 27 4
21.756 22.032 3.0503 49 22 13
21.791 22.153 2.9873 49 25 0
21.852 22.163 2.9526 44 24 0
21.815 22.189 3.064 52 26 1
21.761 22.09 3.0479 47 26 0
21.776 22.122 3.0172 49 25 0
21.765 22.143 3.0964 48 27 0
21.828 22.17 2.9514 44 24 0
21.472 23.092 2.7129 53 19 7
21.452 22.879 2.8167 78 52 27
21.48 22.982 2.7624 76 54 30
21.519 23.126 2.6998 93 69 35
21.473 22.469 2.7973 67 39 0
21.457 22.486 2.8852 82 54 25
21.427 22.428 2.8075 85 57 17
21.486 22.525 2.7189 64 41 7
21.491 22.442 2.7596 83 60 26
21.503 22.458 2.817 63 36 3
21.426 22.416 2.8373 80 56 22
21.536 22.554 2.7674 77 50 13
21.43 22.443 2.7738 85 54 26
21.478 22.466 2.8507 65 40 10
21.467 22.461 2.7624 65 41 3
21.439 22.481 2.7339 82 55 20
21.481 22.466 2.8821 67 43 7
21.495 22.46 2.7276 62 36 9
21.456 22.492 2.8549 82 54 25
21.519 22.427 2.7865 70 45 13
21.586 22.447 2.7394 66 45 18
21.599 22.473 2.7669 67 45 8
21.562 22.446 2.8395 68 45 4
21.555 22.447 2.7481 71 45 22
21.504 22.445 2.8801 65 36 2
21.49 22.416 2.8555 64 36 0
21.524 22.418 2.8788 65 43 20
21.562 22.438 2.8694 71 42 20
21.523 22.424 2.8481 70 46 10
21.51 22.41 2.7621 67 43 17
21.524 22.433 2.8138 61 42 0
21.567 22.463 2.8051 65 44 0
21.537 22.489 2.7133 65 39 14
21.559 22.451 2.7762 68 40 9
21.61 22.401 2.8942 65 42 8
21.732 22.643 2.6852 62 40 17
21.622 22.447 2.7963 78 49 17
21.666 22.41 2.7605 72 45 24
21.585 22.423 2.8337 68 44 6
21.591 22.446 2.8076 64 38 0
21.619 22.433 2.829 68 41 4
21.589 22.429 2.8641 68 44 8
21.602 22.453 2.8915 68 42 15
21.67 22.48 2.8121 67 44 3
21.612 22.41 2.8623 72 43 21
21.616 22.437 2.7687 64 39 16
21.663 22.459 2.8487 70 46 20
21.657 22.455 2.7872 69 44 14
21.643 22.429 2.7623 69 42 21
21.593 22.39 2.7475 68 45 11
21.632 22.38 2.8899 66 40 13
21.628 22.234 2.9309 68 45 11
21.668 22.28 2.7768 74 46 17
21.618 22.156 2.9123 70 42 11
21.66 22.25 2.8674 68 42 15
21.639 22.261 2.8972 69 43 2
21.663 22.32 2.863 72 43 3
21.686 22.375 2.8235 70 43 0
21.654 22.183 2.8172 80 52 23
21.667 22.27 2.8369 70 46 8
21.726 22.34 2.7587 74 50 22
21.678 22.433 2.7872 69 46 15
21.689 22.387 2.7911 71 42 10
21.682 22.378 2.7612 79 54 24
21.654 22.246 2.8121 74 46 19
21.64 22.331 2.8942 62 38 10
21.623 22.166 2.9108 70 42 11
21.61 22.135 2.9435 70 44 17
21.646 22.348 2.8634 59 34 4
21.667 22.403 2.8227 63 40 0
21.69 22.084 2.8522 45 24 5
21.681 22.177 2.8428 50 31 0
21.707 22.121 2.8172 48 27 8
21.697 22.199 2.9192 54 28 3
21.649 22.158 2.9344 78 50 10
21.649 22.166 2.8761 76 52 1
21.663 22.145 2.8211 52 22 0
21.627 22.115 2.9135 76 48 17
21.697 22.15 2.8701 49 23 0
21.682 22.173 2.8974 53 30 0
21.665 22.148 2.8211 52 22 0
21.68 22.121 2.8194 51 25 10
21.66 22.193 2.8429 75 48 13
21.691 22.14 2.8449 50 24 7
21.768 22.123 2.858 49 25 0
21.742 22.13 2.8354 48 25 7
21.805 22.19 2.8737 45 25 0
21.726 22.091 2.9226 46 22 8
21.743 22.178 2.9133 50 25 2
21.798 22.174 2.9058 49 23 0
21.737 22.124 2.811 48 25 7
21.781 22.139 2.9347 50 25 2
21.854 22.22 2.9171 46 21 0
21.88 22.221 2.8577 45 24 0
21.807 22.145 2.821 48 27 0
21.854 22.225 2.8578 47 26 0
21.847 22.211 2.889 47 27 0
21.815 22.049 2.9338 47 27 0
21.981 22.406 2.7609 44 22 0
21.858 22.179 2.8925 46 22 0
21.801 22.133 2.8512 46 24 9
21.854 22.22 2.9165 46 21 0
21.433 22.429 2.5562 82 55 12
21.449 22.437 2.6812 63 34 2
21.523 22.478 2.6273 57 33 5
21.514 22.479 2.5327 68 36 0
21.483 22.447 2.6695 67 42 19
21.503 22.441 2.5687 75 53 16
21.465 22.43 2.5465 66 38 0
21.374 22.237 2.7003 82 54 25
21.465 22.423 2.5817 64 40 6
21.511 22.455 2.5994 62 44 20
21.435 22.425 2.5894 83 56 21
21.409 22.344 2.641 83 55 24
21.522 22.465 2.6576 63 40 9
21.472 22.424 2.6452 60 37 6
21.498 22.479 2.6909 61 33 2
21.492 22.549 2.6812 70 42 15
21.47 22.428 2.6104 64 42 5
21.542 22.452 2.5898 69 46 5
21.61 22.458 2.6091 63 38 8
21.536 22.428 2.6279 66 42 14
21.616 22.479 2.5721 64 36 7
21.548 22.436 2.7177 70 48 7
21.517 22.445 2.6906 73 46 9
21.607 22.514 2.6651 66 43 2
21.587 22.493 2.5435 63 40 9
21.583 22.461 2.6466 63 43 9
21.549 22.384 2.6344 61 38 4
21.597 22.42 2.6518 63 37 14
21.539 22.421 2.6925 64 38 11
21.584 22.544 2.6295 68 45 12
21.555 22.493 2.5479 59 36 5
21.594 22.473 2.704 67 43 17
21.57 22.443 2.5864 62 39 5
21.581 22.401 2.5619 66 43 10
21.678 22.395 2.6059 59 38 9
21.661 22.364 2.5883 72 50 11
21.685 22.488 2.5564 62 38 2
21.625 22.333 2.6886 60 35 13
21.644 22.455 2.6376 69 47 10
21.634 22.494 2.6951 63 37 14
21.656 22.49 2.5943 63 37 12
21.615 22.454 2.6744 62 41 10
21.643 22.311 2.6576 56 33 0
21.624 22.427 2.5473 63 38 6
21.642 22.378 2.6482 73 44 13
21.668 22.444 2.5985 59 37 0
21.655 22.495 2.5612 65 36 15
21.63 22.414 2.6729 66 42 14
21.644 22.457 2.6388 71 49 12
21.633 22.225 2.6751 74 46 7
21.629 22.15 2.7176 76 47 13
21.659 22.223 2.6439 72 47 0
21.656 22.215 2.6459 72 47 0
21.67 22.251 2.6038 75 51 15
21.694 22.238 2.6017 72 45 10
21.658 22.284 2.6302 73 48 2
21.691 22.36 2.5795 76 46 8
21.638 22.172 2.6835 70 43 0
21.666 22.358 2.6771 84 59 37
21.738 22.244 2.7688 47 25 4
21.739 22.187 2.773 47 26 0
21.775 22.257 2.758 47 26 0
21.732 22.234 2.739 49 28 0
22.107 23.008 2.4041 47 26 0
22.213 23.137 2.405 48 27 0
21.785 22.163 2.7689 52 25 6
21.748 22.148 2.7781 50 26 0
21.809 22.151 2.7902 46 25 6
21.832 22.155 2.6465 47 21 0
21.823 22.239 2.7221 46 25 0
21.798 22.146 2.6533 47 25 10
21.76 22.072 2.7293 48 23 0
21.778 22.165 2.6588 49 25 0
21.838 22.281 2.5928 47 26 9
21.758 22.067 2.7304 48 23 0
21.77 22.085 2.7508 48 24 0
21.799 22.146 2.6819 47 26 0
21.732 21.967 2.7773 50 26 0
21.802 22.004 2.6793 39 21 0
21.816 22.025 2.6978 35 23 1
21.823 22.089 2.6621 47 26 0
21.856 21.867 2.715 58 27 15
21.199 20.578 3.1343 74 46 19
21.193 20.598 3.1126 41 20 0
21.197 20.575 3.0931 72 47 17
21.196 20.589 3.1229 68 43 13
21.205 20.598 3.0991 67 42 0
21.194 20.6 3.101 34 17 0
21.194 20.558 3.0956 75 46 22
21.2 20.593 3.091 58 41 31
21.2 20.579 3.1229 71 45 20
21.205 20.599 3.1095 71 47 9
21.195 20.573 3.1039 73 46 1
21.203 20.611 3.0763 32 11 0
21.202 20.609 3.0884 34 15 0
21.2 20.593 3.1324 53 35 11
21.199 20.606 3.1207 36 20 0
21.196 20.574 3.1139 72 45 12
21.198 20.549 3.126 74 45 23
21.193 20.531 3.1089 66 41 19
21.197 20.562 3.1148 74 47 12
21.195 20.559 3.1053 70 42 5
21.192 20.542 3.1179 71 46 14
21.185 20.509 3.1228 68 44 8
21.19 20.54 3.1383 82 55 10
21.198 20.563 3.1353 72 44 13
21.189 20.526 3.1296 72 47 15
21.195 20.559 3.126 72 47 17
21.193 20.53 3.1185 68 44 10
21.194 20.545 3.097 75 47 18
21.191 20.541 3.1085 73 48 4
21.185 20.509 3.1134 71 42 20
21.188 20.513 3.1313 71 43 6
21.094 23.416 2.0221 88 56 33
20.76 21.175 2.8593 115 85 47
20.803 20.652 3.0292 62 45 28
20.874 20.899 2.9386 62 46 23
21.448 22.739 2.2704 66 47 17
21.512 23.139 2.2656 81 57 29
20.91 21 2.9213 63 46 29
21.513 23.019 2.2943 87 60 25
21.407 22.466 2.4883 82 54 23
21.462 22.523 2.4951 80 52 21
21.457 22.66 2.2887 76 53 19
21.509 22.989 2.3414 90 63 30
21.497 22.632 2.4272 88 60 33
21.448 22.443 2.3538 78 50 11
21.495 22.846 2.34 83 48 52
21.331 22.232 2.5909 81 53 24
21.423 22.524 2.436 81 56 26
21.499 22.774 2.2835 79 50 16
21.454 22.745 2.3031 62 32 6
21.449 22.432 2.3847 73 44 12
21.548 22.994 2.3305 82 54 23
21.495 22.638 2.3915 79 54 22
21.445 22.601 2.3759 78 54 20
21.503 22.787 2.2798 79 50 16
21.416 22.251 2.4755 64 44 19
21.463 22.387 2.3981 62 38 0
21.519 22.441 2.4031 64 39 7
21.525 22.464 2.3605 65 42 0
21.517 22.495 2.4895 60 32 0
21.474 22.398 2.4586 63 40 6
21.489 22.517 2.4584 66 44 5
21.53 22.436 2.5338 68 40 13
21.54 22.469 2.4893 60 39 20
21.5 22.46 2.4712 74 53 24
21.44 22.399 2.4331 80 55 25
21.496 22.525 2.4875 70 42 3
21.519 22.426 2.4735 70 45 15
21.561 22.542 2.4012 61 35 12
21.489 22.516 2.4588 66 44 5
21.442 22.337 2.3833 66 43 12
21.537 22.414 2.3743 62 41 0
21.604 22.408 2.4268 59 34 11
21.621 22.456 2.3785 61 34 0
21.575 22.422 2.3969 58 36 0
21.531 22.439 2.5326 68 40 13
21.588 22.438 2.4543 61 38 5
21.534 22.367 2.5444 63 34 12
21.636 22.477 2.4367 61 38 5
21.586 22.426 2.4912 72 46 19
21.587 22.46 2.3496 65 38 1
21.605 22.466 2.5118 61 35 8
21.57 22.474 2.4503 70 45 15
21.628 22.45 2.4805 64 39 9
21.615 22.513 2.3982 62 41 12
21.571 22.485 2.4159 65 40 18
21.58 22.491 2.4778 67 43 17
21.599 22.409 2.3632 58 35 2
21.541 22.415 2.4052 60 38 1
21.679 22.41 2.5447 63 42 13
21.668 22.334 2.4647 64 39 19
21.672 22.401 2.5139 58 34 6
21.683 22.372 2.4194 58 41 11
21.718 22.509 2.4466 70 42 13
21.626 22.44 2.5124 61 36 13
21.705 22.541 2.5079 63 39 3
21.611 22.279 2.4583 60 36 2
21.65 22.374 2.3941 62 39 5
21.689 22.389 2.3802 61 41 4
21.697 22.39 2.475 72 49 16
21.688 22.515 2.4502 71 46 23
21.632 22.198 2.4424 65 42 0
21.66 22.471 2.3655 66 39 2
21.671 22.488 2.3923 58 36 12
21.637 22.404 2.4517 65 39 16
21.681 22.492 2.4907 63 38 16
21.607 22.265 2.4932 61 36 14
21.683 22.376 2.3846 61 41 4
21.678 22.209 2.5841 69 47 23
21.674 22.205 2.5539 74 47 10
21.627 22.111 2.5528 71 48 15
21.681 22.284 2.5364 72 47 15
21.708 22.404 2.535 72 44 4
21.715 22.424 2.4975 72 48 10
21.663 22.25 2.5155 70 47 3
21.68 22.293 2.4712 78 50 19
21.669 22.14 2.5375 54 28 5
21.693 22.32 2.4613 66 43 0
21.541 21.933 2.6123 70 47 3
21.657 22.228 2.5819 75 47 16
21.632 22.193 2.474 68 42 1
21.675 22.272 2.5392 72 47 15
21.702 22.145 2.5625 41 22 5
21.725 22.185 2.5763 46 21 0
21.736 22.154 2.5557 46 26 0
21.742 22.165 2.5519 44 24 0
21.745 22.226 2.5634 46 21 0
22.182 23.166 2.322 46 23 7
21.849 22.496 2.4846 47 26 0
21.855 22.255 2.5938 41 20 0
21.88 22.249 2.5627 46 24 0
21.859 22.207 2.6031 45 21 7
21.866 22.227 2.5393 43 26 0
21.806 22.169 2.5932 46 26 0
21.85 22.088 2.6254 38 23 2
21.869 22.172 2.6116 43 21 6
21.74 21.854 2.6936 43 28 7
21.804 21.964 2.6342 48 33 10
21.835 22.063 2.6026 22 22 20
21.815 21.984 2.5953 50 27 11
21.771 21.862 2.6835 51 31 7
21.798 21.863 2.6785 42 22 0
21.765 21.769 2.7023 50 30 5
21.867 21.932 2.6243 53 35 11
21.859 22.011 2.6128 49 26 10
21.908 22.092 2.5552 43 11 9
21.73 21.672 2.7512 50 32 10
21.826 21.781 2.709 45 25 0
21.787 21.763 2.7014 55 34 13
21.213 20.623 3.0174 35 20 0
21.202 20.61 3.0548 34 17 7
21.205 20.613 3.0654 30 3 0
21.178 20.595 3.0416 43 12 2
21.204 20.612 3.0437 25 14 0
21.208 20.618 3.0308 17 4 0
21.195 20.587 3.0815 60 41 24
21.2 20.578 3.0815 74 47 10
21.201 20.58 3.0389 69 44 0
21.193 20.542 3.0574 70 41 19
21.197 20.561 3.0321 66 41 19
21.197 20.547 3.0453 72 44 5
21.194 20.557 3.0445 67 46 1
21.203 20.582 3.0272 74 48 0
21.2 20.564 3.0733 73 43 19
21.198 20.591 3.0379 69 42 0
21.201 20.594 3.0688 66 46 11
21.195 20.573 3.0616 68 40 11
21.2 20.579 3.0509 70 43 8
21.197 20.561 3.0638 66 45 16
21.193 20.556 3.0862 67 41 14
21.197 20.547 3.0349 70 42 5
21.202 20.595 3.0574 62 39 21
21.195 20.573 3.0731 75 47 20
21.199 20.591 3.0476 67 41 18
21.197 20.561 3.0533 67 43 7
21.186 20.497 3.0559 67 42 22
21.189 20.5 3.0645 66 39 2
21.194 20.531 3.0988 71 45 22
21.189 20.513 3.0722 74 47 10
21.194 20.544 3.0869 77 48 14
21.197 20.535 3.0574 73 45 6
21.19 20.513 3.0528 77 49 9
21.184 20.507 3.1036 72 46 23
21.193 20.53 3.0696 70 44 19
21.186 20.51 3.084 74 49 19
21.19 20.527 3.0898 72 48 12
21.194 20.531 3.0791 69 48 19
21.19 20.526 3.0504 70 44 3
21.186 20.509 3.0642 70 45 0
21.18 20.528 3.0828 68 47 26
21.189 20.501 3.0841 70 44 19
21.187 20.498 3.0752 74 45 5
21.187 20.51 3.0927 72 49 8
21.193 20.543 3.0672 71 48 4
21.188 20.486 3.0572 68 47 2
20.652 23.127 1.9186 120 87 52
20.672 23.368 1.8621 122 90 52
20.774 23.131 1.9313 131 97 59
20.716 23.406 1.8325 129 95 58
20.693 23.445 1.9257 115 91 53
20.683 23.01 1.9615 125 92 57
20.754 23.27 1.9258 143 106 64
20.671 23.215 1.9611 122 88 53
20.809 23.091 1.9332 129 95 57
20.829 23.221 1.9272 137 99 60
20.867 23.33 1.7828 120 85 53
20.857 23.181 1.8919 122 89 54
20.8 23.343 1.8873 142 106 66
20.857 23.176 1.894 122 89 54
20.816 23.233 1.8318 129 96 61
20.793 23.266 1.9166 142 106 66
20.944 23.143 1.9736 108 78 44
20.914 23.263 1.895 120 87 52
20.996 23.226 1.9297 105 74 43
20.945 22.92 2.0094 100 71 39
21.076 23.068 1.8845 87 56 28
21.08 23.055 1.9357 88 57 29
21.148 23.362 1.8929 90 56 29
21.112 23.196 1.9128 86 55 25
21.019 23.121 1.9643 87 58 26
21.071 23.192 1.9231 87 55 32
21.022 23.062 2.0702 93 59 34
21.013 23.118 1.9258 97 69 38
21.004 22.768 2.1379 89 59 31
21.065 23.197 1.8844 87 56 26
21.069 23.219 1.8749 87 56 26
21.165 23.263 1.8773 86 54 29
21.16 23.207 1.9448 85 54 26
21.327 22.373 2.3647 62 46 13
21.455 22.41 2.2246 56 35 6
21.445 22.393 2.1963 67 46 15
21.458 22.675 2.2463 76 54 5
21.553 22.462 2.3229 64 39 17
21.542 22.384 2.211 54 34 7
21.518 22.457 2.3371 62 39 0
21.499 22.414 2.3172 53 34 4
21.538 22.528 2.2385 57 37 12
21.555 22.475 2.2835 59 39 4
21.489 22.415 2.2147 51 28 10
21.542 22.46 2.2241 57 32 9
21.447 22.351 2.3773 71 48 17
21.471 22.377 2.201 51 30 11
21.512 22.469 2.228 67 45 21
21.552 22.476 2.2504 60 36 10
21.546 22.49 2.1501 55 34 5
21.483 22.459 2.3055 57 36 9
21.625 22.424 2.2177 62 36 9
21.627 22.407 2.3246 58 35 4
21.638 22.426 2.3486 63 38 15
21.574 22.357 2.349 61 40 9
21.593 22.491 2.2733 61 39 15
21.638 22.461 2.1672 55 35 8
21.61 22.524 2.2944 58 37 10
21.584 22.475 2.2467 57 35 14
21.654 22.479 2.2639 57 35 11
21.644 22.463 2.2368 61 36 14
21.663 22.443 2.1694 55 35 0
21.624 22.493 2.2304 61 38 5
21.591 22.422 2.2262 60 39 10
21.599 22.447 2.18 58 33 10
21.633 22.506 2.2604 58 38 4
21.58 22.474 2.2129 53 35 15
21.597 22.413 2.328 64 39 16
21.683 22.383 2.3533 65 43 6
21.697 22.426 2.2701 69 45 19
21.678 22.379 2.32 68 40 9
21.694 22.361 2.2223 67 41 1
21.707 22.523 2.2391 61 39 16
21.684 22.476 2.2224 59 36 18
21.751 22.479 2.2066 65 43 19
21.667 22.419 2.3437 61 36 16
21.671 22.287 2.3796 66 40 13
21.678 22.471 2.1921 57 34 16
21.706 22.451 2.2254 72 49 18
21.65 22.341 2.2075 63 39 5
21.674 22.388 2.2157 58 29 0
21.719 22.404 2.2709 66 40 13
21.696 22.423 2.272 69 45 19
21.656 22.285 2.2224 63 40 0
21.691 22.337 2.3302 64 41 10
21.686 22.469 2.2929 61 38 4
21.692 22.278 2.3147 75 50 18
21.698 22.22 2.3589 50 25 0
21.681 22.26 2.2898 70 46 18
21.673 22.223 2.4272 73 45 5
21.642 22.117 2.3448 62 41 20
21.662 22.219 2.3069 64 42 18
21.666 22.218 2.3686 73 47 22
21.67 22.221 2.3989 67 42 0
21.2 20.578 2.9744 69 44 0
21.204 20.597 2.9568 65 40 10
21.198 20.619 2.9862 38 18 7
21.201 20.594 3.004 61 40 19
21.21 20.619 3.0076 18 0 0
21.21 20.62 2.9959 26 8 0
21.211 20.621 2.9846 40 27 21
21.2 20.593 3.015 66 41 21
21.203 20.596 2.9924 65 38 19
21.196 20.573 2.9647 66 41 11
21.206 20.599 2.9677 67 39 0
21.201 20.594 2.9811 63 39 13
21.199 20.578 3.0182 73 47 6
21.202 20.581 3.006 70 46 20
21.199 20.549 3.0132 69 44 14
21.196 20.546 3.0037 64 43 14
21.202 20.567 3.0098 68 42 17
21.193 20.529 2.9976 66 41 18
21.199 20.535 2.9838 63 41 17
21.2 20.564 2.9771 65 41 7
21.194 20.531 3.0185 73 42 22
21.2 20.565 2.9992 73 46 9
21.209 20.575 2.9612 68 43 0
21.199 20.563 2.9884 72 48 10
21.198 20.562 3.0216 72 47 3
21.197 20.547 3.024 73 42 12
21.194 20.53 3.0078 68 47 16
21.195 20.545 2.983 73 43 7
21.202 20.58 2.9842 66 45 16
21.198 20.548 2.992 72 43 11
21.202 20.581 2.995 67 44 10
21.193 20.516 3.0107 66 41 9
21.197 20.521 3.0395 71 45 5
21.192 20.514 3.0012 72 45 12
21.19 20.501 3.0248 76 51 21
21.188 20.498 3.0361 72 43 19
21.192 20.528 3.0289 69 43 18
21.185 20.481 3.0101 68 42 15
21.189 20.525 3.0407 73 46 13
21.193 20.492 3.0359 72 49 15
21.186 20.484 3.0189 72 47 24
21.194 20.504 2.9927 70 43 10
21.187 20.497 3.046 70 43 26
21.185 20.481 3.0003 67 43 9
21.193 20.516 3.0313 74 48 21
21.191 20.513 3.0218 69 41 12
21.191 20.502 3.0144 72 45 10
21.189 20.486 3.0278 70 45 15
21.191 20.513 2.9913 65 42 0
21.196 20.506 3.0016 71 46 0
21.189 20.487 3.0476 70 41 9
20.519 22.813 1.8013 87 66 39
20.545 22.491 1.9506 86 67 35
20.509 22.631 1.8547 85 65 38
20.591 22.685 1.8913 114 81 46
20.629 22.658 1.9254 120 86 51
20.616 22.658 1.852 113 83 49
20.622 22.637 1.9046 118 85 50
20.601 22.767 1.8887 117 84 49
20.641 22.758 1.9147 123 89 54
20.581 22.6 1.8863 110 80 46
20.736 22.733 1.8702 122 87 55
20.676 22.765 1.907 132 95 61
20.711 22.775 1.8907 132 96 54
20.662 22.656 1.9144 120 87 52
20.694 22.711 1.8455 117 84 51
20.692 22.605 1.9347 122 88 53
20.691 22.668 1.8683 117 84 51
20.721 22.625 1.8844 117 84 51
20.744 22.458 1.9915 120 88 49
20.752 22.605 1.8826 115 82 47
20.772 22.473 1.9404 115 82 49
20.823 22.591 1.9086 116 83 50
20.768 22.644 1.9347 122 90 51
20.823 22.636 1.8505 106 77 43
20.801 22.635 1.9301 122 85 51
20.81 22.776 1.8252 116 83 48
20.929 22.736 1.9344 102 71 40
20.916 22.505 1.9635 98 69 35
20.916 22.539 1.9117 99 70 39
20.898 22.644 1.8655 102 72 38
20.851 22.506 1.9817 109 79 43
20.858 22.601 1.8961 105 76 44
20.959 22.703 1.9422 92 63 29
21.028 22.699 1.9235 87 55 30
21.071 23.077 1.8382 87 56 28
21.102 23.032 1.8519 87 53 24
21.074 22.914 1.8644 88 55 24
20.975 22.768 1.9437 95 65 27
21.1 22.99 1.9043 88 54 25
21.009 22.935 1.9057 87 59 28
21.017 22.521 1.9301 85 54 26
21.03 22.742 1.8684 88 54 29
21.033 22.575 1.9447 86 54 29
20.963 22.622 1.8615 94 56 28
21.012 22.776 1.935 87 56 26
21.131 22.688 1.9015 88 54 25
21.093 22.566 1.8948 86 51 29
21.139 22.701 1.9383 87 53 28
21.153 22.743 1.956 87 53 24
21.128 22.548 1.9288 86 54 31
21.047 22.479 1.9768 87 53 28
21.101 22.714 1.9007 86 52 27
21.117 22.519 1.9125 84 51 20
21.191 22.886 1.9274 94 60 23
21.137 22.832 1.9196 86 51 21
21.101 22.598 1.8782 86 51 29
21.067 22.72 1.9102 88 53 33
21.079 22.475 1.9733 86 51 29
21.039 22.465 1.9506 88 54 25
21.221 22.75 1.8987 82 53 21
21.212 22.573 1.9715 86 52 23
21.176 22.687 1.9746 87 54 21
21.185 22.381 1.9903 85 52 19
21.165 22.559 1.9135 84 53 23
21.185 22.75 1.908 85 54 26
21.161 22.665 1.9076 86 55 27
21.235 22.764 1.9688 87 52 20
21.184 22.619 1.9259 86 55 25
21.253 22.856 1.8837 84 52 27
21.17 22.446 1.9638 87 54 23
21.231 22.668 1.8911 87 56 25
21.673 22.329 2.176 50 34 1
21.741 22.399 2.169 71 47 11
21.174 20.575 2.9019 32 10 0
21.203 20.566 2.9091 61 42 12
21.21 20.604 2.9075 69 46 15
21.206 20.585 2.9479 69 44 0
21.203 20.567 2.9202 66 44 7
21.204 20.568 2.8972 68 43 0
21.193 20.584 2.9508 62 39 8
21.205 20.584 2.8915 68 44 6
21.202 20.581 2.939 67 44 0
21.21 20.589 2.9233 66 42 6
21.198 20.59 2.9035 68 43 21
21.197 20.574 2.9194 67 44 10
21.206 20.599 2.8865 65 40 18
21.208 20.587 2.9019 65 43 20
21.201 20.565 2.9323 67 46 0
21.198 20.589 2.9372 70 42 3
21.205 20.598 2.9223 68 40 26
21.194 20.529 2.9547 67 43 15
21.201 20.537 2.9403 72 46 6
21.195 20.558 2.958 69 44 0
21.201 20.564 2.9441 69 42 7
21.192 20.513 2.9385 69 43 20
21.198 20.547 2.938 68 47 20
21.196 20.545 2.9394 68 47 20
21.201 20.55 2.9256 67 41 14
21.198 20.519 2.924 73 48 4
21.191 20.54 2.9743 68 46 0
21.2 20.55 2.9588 70 45 1
21.2 20.537 2.9726 67 43 9
21.204 20.555 2.9455 72 48 20
21.195 20.517 2.9681 66 37 5
21.19 20.512 2.9496 70 45 13
21.204 20.553 2.9123 62 40 17
21.193 20.528 2.9662 71 44 7
21.196 20.531 2.9316 75 46 22
21.198 20.533 2.9205 67 40 3
21.196 20.519 2.9569 63 40 0
21.191 20.474 2.9498 64 39 16
21.193 20.489 2.9653 66 40 13
21.195 20.503 2.9403 72 45 24
21.192 20.502 2.9834 70 44 3
21.194 20.502 2.9515 69 42 21
21.188 20.473 2.9912 71 46 2
21.194 20.517 2.9793 71 44 0
21.187 20.471 2.9819 66 40 13
21.193 20.501 2.9311 79 49 15
21.186 20.482 2.9589 65 38 17
21.186 20.457 2.9556 70 39 11
21.195 20.491 2.9439 71 43 14
21.187 20.484 2.9891 71 46 2
21.19 20.474 2.96 64 45 15
21.189 20.485 2.9777 67 44 13
21.19 20.499 2.9741 71 47 11
21.187 20.495 2.9657 71 43 12
21.188 20.497 2.9754 71 47 11
21.188 20.472 2.9714 70 50 16
21.188 20.459 2.9648 62 39 21
21.193 20.478 2.9984 67 44 0
21.186 20.458 2.9753 62 41 10
20.47 22.456 1.9178 83 63 38
20.464 22.457 1.8846 82 61 34
20.476 22.262 1.8834 92 69 38
20.442 22.199 1.8976 83 64 34
20.482 22.384 1.8491 92 67 44
20.532 22.464 1.8975 101 81 47
20.497 22.729 1.7305 86 65 36
20.511 22.282 1.8987 116 84 59
20.489 22.459 1.8388 88 67 40
20.563 22.267 1.8595 120 87 52
20.538 22.467 1.9327 88 67 36
20.546 22.285 1.9214 111 81 45
20.532 22.195 1.906 116 81 49
20.524 22.349 1.9248 114 81 48
20.505 22.285 1.8611 112 88 54
20.504 22.729 1.7656 87 63 37
20.541 22.301 1.8809 115 82 49
20.566 22.539 1.8538 114 80 42
20.569 22.254 1.8988 115 83 44
20.518 22.375 1.8792 103 82 55
20.633 22.474 1.9044 111 78 43
20.592 22.394 1.9185 112 79 46
20.57 22.482 1.9135 110 76 47
20.632 22.567 1.819 115 82 47
20.582 22.302 1.9371 110 80 46
20.63 22.305 1.851 122 88 53
20.638 22.336 1.8667 118 85 50
20.599 22.278 1.8775 120 87 56
20.644 22.341 1.9001 115 82 49
20.577 22.327 1.89 116 81 49
20.655 22.417 1.8918 114 82 43
20.652 22.19 1.9097 120 85 53
20.605 22.549 1.8741 111 78 45
20.608 22.346 1.8693 117 82 50
20.59 22.196 1.8935 124 87 55
20.675 22.543 1.8956 117 84 51
20.692 22.252 1.9012 115 82 51
20.678 22.386 1.864 115 82 51
20.725 22.443 1.8956 112 82 44
20.743 22.569 1.8654 114 81 50
20.733 22.313 1.8918 111 81 47
20.71 22.189 1.8995 116 83 50
20.708 22.551 1.8845 117 84 49
20.687 22.433 1.8766 115 82 49
20.701 22.291 1.9081 112 82 48
20.678 22.153 1.9252 119 86 51
20.664 22.469 1.8975 115 82 47
20.724 22.282 1.8771 109 79 45
20.739 22.322 1.919 114 82 43
20.697 22.48 1.8814 115 82 49
20.665 22.288 1.8877 115 85 49
20.715 22.393 1.888 111 80 49
20.828 22.299 1.9102 102 73 39
20.81 22.441 1.8004 106 75 45
20.806 22.212 1.8891 101 72 41
20.81 22.354 1.9162 102 74 37
20.786 22.415 1.8955 106 76 42
20.763 22.443 1.9239 113 80 45
20.751 22.203 1.9474 108 77 46
20.833 22.452 1.9346 104 74 36
20.791 22.414 1.9301 106 75 44
20.754 22.418 1.9018 110 80 46
20.77 22.325 1.9116 110 77 42
20.828 22.459 1.9028 103 73 39
20.75 22.24 1.8929 108 77 46
20.803 22.345 1.8915 103 74 43
20.799 22.123 1.975 104 73 43
20.826 22.572 1.7259 103 74 42
20.806 22.179 1.9428 104 73 43
20.855 22.418 1.911 102 71 41
20.849 22.272 1.8839 102 71 40
20.89 22.408 1.9457 100 69 39
20.873 22.507 1.9003 104 75 43
20.886 22.414 1.9038 99 70 28
20.842 22.367 1.9055 103 72 41
20.831 22.183 1.9005 102 71 40
20.913 22.386 1.9122 97 69 32
20.873 22.364 1.8994 99 69 33
20.941 22.523 1.8745 97 68 34
20.888 22.296 1.8951 98 67 36
20.914 22.269 1.9004 91 57 32
20.858 22.296 1.9072 101 72 40
20.903 22.231 1.8911 87 57 29
20.853 22.136 1.9225 97 68 36
20.908 22.388 1.8784 98 69 35
20.899 22.208 1.905 87 57 29
20.999 22.632 1.8488 88 54 27
20.961 22.328 1.8935 89 53 29
20.987 22.443 1.865 89 55 26
20.952 22.174 1.9098 88 52 26
20.967 22.228 1.9116 91 57 32
20.996 22.3 1.9711 86 53 20
20.956 22.422 1.9219 89 54 24
20.99 22.296 1.938 88 54 25
20.986 22.299 1.9037 88 52 30
20.937 22.225 1.9178 89 55 30
20.995 22.456 1.8941 84 51 20
20.995 22.459 1.8932 84 51 20
20.982 22.179 1.9003 89 53 27
21.014 22.531 1.8912 88 52 28
20.989 22.191 1.9252 86 53 20
20.946 22.396 1.9008 90 56 19
20.92 22.161 1.9224 91 55 29
21.064 22.329 1.9409 87 52 23
21.04 22.494 1.9024 85 51 22
21.011 22.269 1.9133 88 54 29
21.035 22.261 1.8807 85 54 26
21.104 22.365 1.9115 85 51 22
21.041 22.157 1.9294 86 55 27
21.064 22.129 1.9371 89 58 30
21.066 22.463 1.9108 85 49 25
21.057 22.418 1.9338 85 49 25
21.045 22.387 1.915 85 51 24
21.097 22.453 1.9077 86 51 21
21.059 22.213 1.9293 86 55 27
21.109 22.368 1.9429 86 50 26
21.137 22.354 1.9443 85 51 26
21.119 22.3 1.9394 87 53 28
21.077 22.163 1.9468 91 56 36
21.151 22.524 1.8997 84 51 18
21.165 22.444 1.9315 85 52 19
21.164 22.352 1.9047 91 58 27
21.096 22.222 1.9488 88 54 25
21.156 22.223 1.9357 94 63 32
21.122 22.206 1.9496 97 63 36
21.175 22.275 1.9401 91 57 20
21.198 22.447 1.9214 84 49 19
21.226 22.567 1.8197 86 51 22
21.255 22.415 1.9214 81 48 17
21.238 22.19 1.9303 81 44 25
21.212 22.377 1.9489 84 50 15
21.233 22.262 1.9294 80 49 21
21.209 22.299 1.8801 88 52 28
21.276 22.391 1.8952 79 46 15
21.211 22.201 1.9275 82 52 26
21.213 22.396 1.9075 87 53 16
21.276 22.506 1.8405 81 46 27
21.269 22.353 1.9478 75 44 23
21.212 22.294 1.9187 85 52 19
21.187 22.131 1.9365 86 55 27
21.284 22.326 1.8885 74 42 21
21.211 22.115 1.9406 80 48 23
21.269 22.266 1.9552 78 43 21
21.252 22.15 1.9143 78 42 16
21.196 20.602 2.8521 22 5 0
21.212 20.606 2.8225 65 41 15
21.21 20.604 2.8356 72 42 24
21.205 20.583 2.8446 72 47 17
21.199 20.562 2.8884 68 44 6
21.209 20.588 2.8306 70 48 25
21.214 20.593 2.815 78 53 9
21.203 20.566 2.874 66 42 8
21.204 20.567 2.8616 69 45 11
21.203 20.551 2.8454 68 44 18
21.21 20.59 2.8769 68 44 6
21.203 20.551 2.8795 70 46 10
21.203 20.596 2.8766 62 39 6
21.21 20.604 2.8477 67 46 3
21.21 20.604 2.8604 68 42 2
21.208 20.572 2.8481 72 47 25
21.204 20.581 2.8577 70 42 11
21.205 20.583 2.8685 70 44 3
21.197 20.544 2.8607 60 40 15
21.197 20.545 2.8718 67 43 5
21.206 20.569 2.8372 72 48 20
21.187 20.507 2.8874 64 44 19
21.196 20.504 2.9079 69 42 21
21.194 20.488 2.8814 74 44 20
21.198 20.519 2.8694 68 46 9
21.196 20.517 2.8926 66 40 0
21.194 20.502 2.9195 69 44 14
21.199 20.533 2.8636 69 49 14
21.196 20.503 2.8971 71 46 14
21.207 20.542 2.8466 67 42 12
21.201 20.536 2.8849 72 48 12
21.197 20.518 2.9144 66 40 0
21.193 20.499 2.8769 70 44 21
21.201 20.55 2.891 73 47 7
21.201 20.535 2.8742 66 46 21
21.197 20.504 2.886 70 44 17
21.2 20.549 2.9033 65 44 0
21.197 20.518 2.9022 72 45 0
21.199 20.534 2.9083 71 43 12
21.198 20.533 2.898 67 39 8
21.197 20.517 2.8589 67 41 16
21.187 20.469 2.9419 71 44 11
21.194 20.49 2.9233 68 47 2
21.191 20.473 2.9086 68 44 16
21.194 20.489 2.9128 66 43 0
21.188 20.469 2.9001 67 43 15
21.189 20.458 2.9135 68 41 20
21.189 20.46 2.944 69 41 2
21.191 20.461 2.9227 69 43 18
21.188 20.445 2.9078 69 43 20
21.188 20.47 2.9208 70 41 17
21.19 20.484 2.9049 69 43 16
21.202 20.497 2.8868 66 40 13
21.191 20.46 2.902 71 46 2
21.19 20.473 2.9297 69 41 10
21.19 20.461 2.9332 65 42 0
21.198 20.494 2.9316 64 40 2
21.19 20.459 2.8925 64 40 2
21.197 20.478 2.8844 65 42 0
21.186 20.444 2.9291 66 39 22
21.189 20.447 2.9175 69 43 16
20.486 22.125 1.8627 107 79 50
20.47 22.258 1.8561 93 69 43
20.492 22.097 1.9115 123 99 65
20.48 22.035 1.8866 108 75 40
20.568 22.073 1.8724 132 94 55
20.534 22.024 1.8804 111 78 45
20.572 22.05 1.9149 146 104 66
20.554 22.146 1.8977 131 93 56
20.499 22.316 1.8117 113 83 49
20.559 21.982 1.8977 116 81 52
20.513 22.055 1.8964 112 79 48
20.547 22.117 1.8835 129 95 58
20.526 22.171 1.8892 119 84 54
20.52 22.152 1.8695 121 84 50
20.542 22.104 1.861 123 86 52
20.527 21.948 1.8973 110 76 39
20.507 22.016 1.8935 108 75 40
20.527 22.186 1.88 119 84 54
20.611 22.159 1.8751 137 99 63
20.612 21.979 1.8867 121 84 48
20.642 22.114 1.9236 128 91 55
20.617 21.971 1.9221 145 102 60
20.635 21.748 2.1074 143 103 67
20.651 22.069 1.8524 143 96 62
20.599 22.05 1.9093 158 113 66
20.606 22.268 1.7421 146 103 68
20.616 22.163 1.9027 129 92 60
20.634 22.163 1.8334 160 117 73
20.582 22.139 1.8939 141 101 66
20.584 21.952 1.9105 119 87 48
20.696 22.094 1.9242 121 84 48
20.727 22.007 1.8684 111 77 48
20.699 21.993 1.8855 118 83 53
20.657 22.083 1.8746 163 117 78
20.709 21.998 1.9415 114 80 43
20.69 22.088 1.8985 136 93 58
20.7 21.96 1.9356 124 87 43
20.681 22.043 1.8916 141 102 61
20.722 22.077 1.9278 110 77 44
20.674 22.164 1.8857 132 94 57
20.669 21.965 1.9103 138 94 59
20.811 22.08 1.931 99 69 31
20.785 22.13 1.8767 105 76 36
20.759 22.109 1.9277 106 77 45
20.768 21.9 1.9229 102 71 41
20.808 22.088 1.8949 101 71 35
20.785 21.99 1.8967 101 70 39
20.767 22.026 1.9103 106 72 43
20.797 22.183 1.8775 103 73 39
20.749 22.069 1.9189 108 75 40
20.757 21.988 1.9036 106 73 40
20.726 21.911 1.9859 110 77 44
20.734 22.018 1.8918 105 75 41
20.79 21.994 1.9227 102 72 36
20.752 21.987 1.8752 107 74 43
20.741 22.206 1.8829 108 77 46
20.726 21.91 1.9878 110 77 44
20.852 22.012 1.9288 96 68 31
20.808 21.962 1.9062 101 70 39
20.816 21.989 1.9186 98 69 38
20.887 22.057 1.8936 87 56 26
20.866 22.068 1.9244 98 69 35
20.868 21.973 1.9146 93 57 19
20.829 21.898 1.9709 99 70 38
20.851 21.901 1.9309 98 68 34
20.842 22.004 1.8708 96 66 38
20.844 22.111 1.9037 95 67 30
20.842 22.128 1.8637 101 70 40
20.886 22.16 1.9008 99 67 28
20.941 21.926 1.9231 89 56 25
20.91 22.029 1.9027 88 54 27
20.909 22.127 1.9117 90 56 29
20.948 22.056 1.91 88 52 28
20.932 22.093 1.9244 92 57 28
20.919 21.955 1.9134 91 57 30
20.937 22.02 1.9019 89 55 28
20.957 21.984 1.9164 90 55 26
20.902 22.113 1.8895 89 53 27
20.884 21.911 1.9477 89 55 28
20.886 21.946 1.8947 90 56 29
20.917 22.041 1.9249 90 56 21
21.03 21.944 1.9215 85 51 22
21.004 22.049 1.8985 87 54 23
21.064 22.148 1.8952 91 55 31
21.032 22.029 1.9349 89 54 22
21.007 22.157 1.904 87 53 24
21.013 21.968 1.9422 86 52 27
21.011 21.883 1.9308 87 54 19
20.982 21.97 1.9178 87 53 26
21.037 22.177 1.8526 87 52 20
20.975 21.96 1.8941 88 53 33
21.035 22.148 1.9027 89 54 25
20.998 21.925 1.9402 88 54 25
21.005 21.953 1.9223 88 54 25
21.016 22.103 1.8664 87 54 23
20.991 21.912 1.9193 88 54 29
20.975 22.049 1.9097 89 53 31
21.114 22.033 1.8759 109 72 36
21.144 22.099 1.9331 99 65 30
21.051 22.012 1.9093 91 57 30
21.161 22.07 1.9104 88 54 16
21.214 22.055 1.9063 79 44 22
21.2 22.092 1.9235 83 48 18
21.121 21.947 1.9553 90 56 21
21.189 21.986 1.9181 82 48 21
21.185 22.141 1.9001 85 51 22
21.229 22.092 1.9169 76 41 22
21.155 21.969 1.9369 83 51 28
21.16 21.985 1.926 83 51 28
21.156 21.894 1.9469 82 49 18
21.191 22.075 1.9007 81 47 18
21.132 21.997 1.8947 90 58 20
21.168 22.025 1.8707 85 50 20
21.196 21.931 1.9154 82 46 24
21.26 22.096 1.9067 78 43 11
21.218 21.978 1.9472 76 42 5
21.241 21.964 1.9478 77 40 22
21.23 22.028 1.8859 80 43 25
21.234 22.107 1.9073 76 41 22
21.215 20.61 2.7573 70 46 10
21.206 20.583 2.7717 71 50 23
21.205 20.582 2.7965 67 41 16
21.209 20.586 2.7815 70 44 21
21.211 20.604 2.7734 70 43 6
21.19 20.594 2.7825 32 17 0
21.156 20.552 2.8223 31 15 0
21.2 20.606 2.7617 54 34 23
21.211 20.605 2.7482 67 47 12
21.21 20.604 2.7992 65 43 6
21.213 20.608 2.7837 61 40 11
21.205 20.552 2.8084 69 45 11
21.206 20.54 2.8127 94 71 37
21.206 20.554 2.8314 68 43 11
21.209 20.571 2.7751 71 41 23
21.21 20.545 2.7999 71 46 14
21.205 20.566 2.7906 66 41 9
21.209 20.573 2.8244 62 40 16
21.209 20.557 2.7819 64 41 10
21.204 20.538 2.8378 65 41 13
21.199 20.532 2.8301 68 43 0
21.209 20.558 2.8172 88 64 26
21.219 20.599 2.7988 67 39 2
21.199 20.545 2.8002 65 42 8
21.204 20.537 2.7909 65 39 14
21.2 20.52 2.8459 62 39 8
21.198 20.49 2.8353 70 45 15
21.203 20.522 2.8324 71 44 9
21.203 20.508 2.8159 80 55 25
21.2 20.507 2.8516 65 43 4
21.193 20.486 2.8604 65 38 17
21.197 20.502 2.8421 68 46 0
21.194 20.486 2.849 75 44 13
21.197 20.504 2.8631 66 41 21
21.202 20.522 2.8217 64 37 18
21.197 20.489 2.8256 69 46 15
21.196 20.49 2.8695 65 40 17
21.195 20.474 2.8315 68 45 14
21.199 20.505 2.8286 70 45 15
21.19 20.458 2.8717 67 45 6
21.191 20.446 2.8543 70 47 14
21.19 20.447 2.8863 66 39 20
21.19 20.459 2.8821 65 43 2
21.189 20.47 2.8778 70 42 13
21.198 20.479 2.8512 67 43 17
21.191 20.471 2.8657 62 41 14
21.19 20.457 2.8509 71 47 19
21.194 20.474 2.8426 67 42 10
21.193 20.46 2.8592 74 47 4
21.189 20.446 2.8968 66 43 2
21.186 20.429 2.873 65 42 9
21.185 20.441 2.8692 69 44 0
21.187 20.443 2.8678 67 42 0
21.189 20.445 2.8767 67 41 0
21.186 20.43 2.8629 67 43 29
21.185 20.429 2.8842 68 40 0
21.227 22.03 3.3908 86 65 46
21.251 22.174 3.4198 57 50 42
21.38 22.406 3.4172 91 63 32
21.437 22.494 3.3915 90 62 22
21.389 22.439 3.3937 87 63 27
21.429 22.464 3.4149 89 62 29
21.457 22.454 3.4391 78 47 26
21.466 22.485 3.4124 76 50 10
21.537 22.52 3.4036 85 59 19
21.461 22.481 3.3874 80 50 26
21.434 22.469 3.4419 89 60 28
21.489 22.469 3.4071 82 55 34
21.582 22.47 3.4454 78 48 20
21.537 22.436 3.424 79 51 2
21.535 22.437 3.399 74 44 6
21.58 22.476 3.3928 73 46 3
21.522 22.472 3.4286 79 51 20
21.587 22.488 3.4214 77 48 8
21.57 22.514 3.4516 78 49 25
21.67 22.533 3.4708 82 55 8
21.583 22.209 3.3927 71 41 5
21.609 22.468 3.4128 75 45 17
21.599 22.376 3.4077 71 45 5
21.636 22.388 3.4297 71 41 13
21.651 22.429 3.4049 77 49 10
21.603 22.378 3.4343 74 48 8
21.622 22.494 3.4439 76 48 19
21.712 22.193 3.3999 59 34 2
21.708 22.238 3.4002 63 40 7
21.659 22.19 3.431 76 49 14
21.662 22.201 3.4057 73 46 9
21.669 22.156 3.4224 61 38 0
21.752 22.157 3.4349 63 36 0
21.757 22.164 3.4591 70 40 2
21.771 22.144 3.4316 64 37 2
21.787 22.169 3.4568 69 41 4
21.761 22.177 3.4126 61 33 2
21.766 22.137 3.408 62 32 4
21.957 22.436 3.4346 58 34 0
22.122 22.618 3.4643 4 0 0
22.192 22.743 3.4357 8 3 0
21.462 22.891 3.3256 44 52 15
21.471 22.93 3.2921 58 70 48
21.464 22.582 3.362 90 62 35
21.448 22.475 3.2771 90 62 33
21.442 22.467 3.2513 88 60 29
21.461 22.583 3.3363 90 62 33
21.418 22.648 3.3233 26 8 0
21.498 22.5 3.3826 89 64 32
21.507 22.476 3.2663 72 46 23
21.495 22.499 3.35 69 42 9
21.467 22.505 3.3606 89 61 32
21.471 22.442 3.3278 76 49 30
21.477 22.541 3.3326 78 51 14
21.479 22.472 3.3028 76 47 25
21.502 22.439 3.3492 75 51 23
21.467 22.521 3.3049 74 45 14
21.501 22.443 3.3229 76 47 23
21.504 22.473 3.2396 69 49 22
21.507 22.447 3.3751 78 50 11
21.543 22.498 3.2367 70 48 25
21.5 22.448 3.2949 69 41 10
21.449 22.396 3.2709 77 49 20
21.453 22.414 3.2496 74 48 21
21.538 22.477 3.2623 74 47 26
21.571 22.46 3.3672 78 50 11
21.588 22.43 3.3597 80 49 19
21.611 22.479 3.3892 79 51 20
21.616 22.449 3.2481 74 46 15
21.594 22.463 3.2791 71 45 18
21.551 22.429 3.2859 73 48 18
21.557 22.449 3.2596 75 50 18
21.608 22.484 3.3372 78 49 18
21.547 22.481 3.345 76 49 16
21.593 22.466 3.2525 77 48 24
21.545 22.483 3.3167 74 48 21
21.555 22.432 3.3131 74 47 4
21.549 22.411 3.3404 80 55 23
21.588 22.44 3.3058 75 47 16
21.553 22.488 3.3703 75 45 19
21.542 22.482 3.2919 76 48 19
21.56 22.465 3.2317 77 50 17
21.675 22.513 3.2699 71 46 14
21.651 22.382 3.2939 70 46 12
21.621 22.3 3.3713 68 41 4
21.642 22.302 3.2671 85 61 35
21.673 22.513 3.2404 71 46 14
21.631 22.332 3.3219 79 51 14
21.637 22.402 3.3786 70 47 6
21.698 22.553 3.3217 71 47 13
21.659 22.4 3.293 70 46 12
21.675 22.496 3.351 74 47 10
21.615 22.442 3.2758 75 50 18
21.622 22.451 3.3042 79 49 21
21.63 22.465 3.3295 75 50 20
21.636 22.354 3.269 71 48 17
21.627 22.446 3.383 73 50 19
21.619 22.301 3.3461 72 48 20
21.729 22.632 3.2938 72 48 14
21.62 22.321 3.2435 73 46 13
21.625 22.448 3.3566 69 45 9
21.641 22.173 3.3104 76 48 21
21.68 22.243 3.3819 78 47 1
21.627 22.09 3.2825 79 51 24
21.687 22.218 3.2535 69 41 12
21.7 22.185 3.2735 60 30 14
21.723 22.177 3.2714 56 29 8
21.684 22.156 3.2501 56 32 4
21.632 22.097 3.3046 79 53 13
21.688 22.148 3.3705 62 35 0
21.759 22.13 3.3616 57 34 3
21.767 22.099 3.3058 56 35 8
21.768 22.206 3.289 51 26 3
21.782 22.168 3.3837 57 34 0
21.777 22.165 3.3339 60 32 1
21.758 22.191 3.2633 55 30 0
21.736 22.038 3.3303 57 31 6
21.775 22.117 3.2841 54 32 8
21.769 22.153 3.3144 55 31 3
21.754 22.128 3.2877 57 28 20
21.762 22.183 3.3881 60 35 5
21.752 22.126 3.2632 54 32 9
21.434 22.884 3.1096 55 40 19
21.413 22.608 3.1113 59 30 0
21.453 22.834 3.1012 78 59 43
21.493 22.986 3.0266 88 69 53
21.447 22.902 3.1689 35 28 20
21.482 23.029 3.1327 51 42 27
21.442 23.014 3.1393 51 35 22
21.447 22.614 3.1056 87 59 28
21.442 22.581 3.1662 87 59 28
21.461 22.538 3.1914 85 57 26
21.419 22.52 3.1414 86 57 26
21.443 22.495 3.1662 87 60 27
21.476 22.504 3.1615 79 50 8
21.464 22.573 3.1037 86 58 27
21.424 22.423 3.2257 89 60 28
21.465 22.489 3.1079 72 48 14
21.469 22.507 3.0749 83 56 23
21.445 22.508 3.1373 93 66 31
21.474 22.505 3.1346 86 60 19
21.475 22.403 3.2155 92 69 36
21.529 22.49 3.1222 71 47 13
21.504 22.488 3.1842 78 50 11
21.509 22.451 3.0694 75 47 10
21.561 22.5 3.088 73 45 18
21.485 22.519 3.1888 80 52 15
21.541 22.435 3.15 77 52 20
21.539 22.493 3.2076 68 44 16
21.535 22.499 3.1515 74 48 8
21.486 22.523 3.1884 80 52 15
21.542 22.445 3.1208 72 43 9
21.533 22.507 3.0933 76 50 27
21.477 22.431 3.1321 90 63 26
21.484 22.458 3.1029 74 51 20
21.524 22.463 3.1814 71 45 18
21.511 22.515 3.1545 82 54 17
21.477 22.446 3.0756 66 40 13
21.487 22.517 3.2174 77 49 20
21.6 22.49 3.2256 73 47 20
21.624 22.431 3.0774 71 48 7
21.612 22.457 3.1661 67 44 10
21.587 22.462 3.1985 73 43 5
21.61 22.441 3.2207 76 48 19
21.609 22.456 3.1378 71 42 10
21.562 22.481 3.1746 72 47 17
21.58 22.464 3.116 73 46 9
21.633 22.442 3.1324 67 41 0
21.634 22.448 3.1037 77 50 13
21.578 22.447 3.1716 70 43 0
21.573 22.442 3.1445 81 54 21
21.608 22.46 3.1092 73 47 20
21.617 22.463 3.1931 76 47 15
21.561 22.473 3.2023 73 46 11
21.566 22.435 3.089 74 48 21
21.613 22.478 3.0792 72 45 8
21.621 22.329 3.2173 75 49 8
21.643 22.396 3.1315 74 45 3
21.669 22.46 3.098 73 48 18
21.626 22.29 3.1316 63 40 9
21.651 22.466 3.2171 70 44 17
21.601 22.36 3.167 75 50 6
21.605 22.298 3.1944 72 48 10
21.609 22.373 3.1934 71 45 4
21.661 22.349 3.2378 78 50 11
21.654 22.414 3.157 79 51 14
21.673 22.334 3.099 80 52 5
21.696 22.527 3.0626 69 44 12
21.639 22.324 3.1044 78 51 18
21.614 22.25 3.2164 83 59 33
21.634 22.298 3.1867 90 65 33
21.593 22.211 3.1655 73 44 0
21.647 22.273 3.1301 73 41 18
21.688 22.244 3.097 77 49 0
21.637 22.19 3.1315 74 47 12
21.64 22.139 3.1325 83 55 24
21.603 22.102 3.2384 65 40 10
21.582 22.061 3.2166 75 51 17
21.647 22.142 3.2057 79 51 1
21.699 22.247 3.2252 78 50 23
21.645 22.145 3.159 79 51 11
21.673 22.317 3.2063 70 47 5
21.679 22.163 3.1248 63 37 10
21.669 22.313 3.1796 73 43 7
21.652 22.226 3.1033 71 46 16
21.572 22.044 3.1935 74 49 5
21.673 22.148 3.1514 65 34 4
21.665 22.309 3.1538 79 51 11
21.729 22.147 3.1665 54 26 0
21.7 22.133 3.2489 52 27 0
21.742 22.175 3.1389 50 27 9
21.678 22.107 3.1248 53 28 8
21.718 22.182 3.1437 54 27 8
21.748 22.173 3.2389 54 29 0
21.752 22.145 3.1126 52 23 1
21.701 22.202 3.172 52 27 0
21.663 22.066 3.2021 50 28 7
21.675 22.142 3.2246 64 37 16
21.699 22.142 3.172 50 27 11
21.725 22.146 3.117 50 29 0
21.712 22.22 3.1961 56 34 0
21.717 22.121 3.1928 51 29 8
21.779 22.138 3.1583 52 29 0
21.793 22.155 3.233 54 29 9
21.787 22.156 3.1318 49 28 0
21.755 22.138 3.2132 52 29 0
21.754 22.142 3.162 52 26 0
21.807 22.185 3.2056 52 29 0
21.774 22.183 3.1335 52 26 11
21.777 22.132 3.1841 53 28 0
21.755 22.142 3.1896 51 27 0
21.89 22.285 3.1959 53 28 0
21.903 22.311 3.1653 50 26 0
21.763 22.151 3.237 51 29 8
21.424 22.788 2.982 89 68 47
21.534 23.16 2.8986 85 67 43
21.474 22.992 2.8521 89 68 37
21.476 22.943 2.9974 94 74 50
21.485 22.875 2.9617 26 7 0
21.49 22.504 2.9815 64 40 4
21.477 22.462 3.0153 65 41 3
21.421 22.396 3.0034 84 56 27
21.4 22.441 2.9429 84 56 27
21.484 22.497 2.9527 66 40 17
21.459 22.445 2.9038 63 37 12
21.473 22.562 2.9205 84 56 25
21.437 22.433 3.0259 85 56 22
21.441 22.463 2.9669 85 56 25
21.526 22.723 2.8659 81 56 24
21.468 22.46 2.9328 65 42 9
21.433 22.415 3.0558 76 48 17
21.485 22.409 2.9909 64 40 12
21.507 22.476 2.9514 71 48 15
21.54 22.454 3.0626 71 45 18
21.566 22.469 2.9418 68 43 21
21.557 22.453 2.9147 73 44 22
21.503 22.474 2.9221 83 62 31
21.551 22.489 3.0325 70 47 3
21.573 22.474 2.9981 69 44 12
21.536 22.458 3.0074 70 43 6
21.524 22.447 2.92 65 41 7
21.552 22.428 2.9771 72 45 8
21.5 22.435 3.0419 69 41 14
21.543 22.481 2.9749 73 43 15
21.48 22.462 3.0451 69 43 20
21.511 22.502 2.8871 74 49 26
21.499 22.439 3.0148 66 38 7
21.548 22.502 2.9444 72 45 8
21.605 22.483 2.9634 70 44 17
21.586 22.442 2.9386 70 46 8
21.607 22.469 3.0503 74 44 20
21.647 22.504 2.9854 71 44 9
21.655 22.449 2.9833 69 43 2
21.582 22.488 3.025 72 43 9
21.638 22.469 3.0458 73 49 15
21.612 22.427 2.9662 74 46 9
21.625 22.462 2.931 73 45 14
21.621 22.38 2.9346 70 48 1
21.614 22.444 2.9045 69 43 3
21.638 22.416 2.961 70 41 7
21.58 22.477 3.0563 69 46 15
21.596 22.475 2.9061 67 43 9
21.581 22.412 3.0304 67 43 5
21.601 22.466 2.9934 67 45 4
21.654 22.513 3.0098 74 46 9
21.692 22.391 3.0101 69 45 17
21.683 22.362 3.068 74 49 3
21.641 22.228 2.9441 70 42 15
21.644 22.341 3.0749 70 42 11
21.676 22.351 3.0425 67 37 11
21.722 22.39 3.0029 71 40 19
21.596 22.066 3.014 72 47 24
21.674 22.282 3.044 70 45 22
21.712 22.298 3.0637 77 49 2
21.648 22.113 3.027 56 30 0
21.679 22.17 3.0717 58 33 3
21.645 22.215 3.0788 69 45 9
21.706 22.183 2.961 50 26 0
21.652 22.127 3.0026 76 55 26
21.626 22.136 2.952 80 54 27
21.61 22.1 2.9875 75 53 29
21.679 22.232 3.0461 74 47 14
21.648 22.172 3.0268 77 49 20
21.663 22.153 2.9712 66 38 11
21.684 22.176 3.0952 54 29 6
21.67 22.105 3.0245 51 26 3
21.687 22.191 3.0438 59 36 3
21.707 22.182 2.9874 50 25 3
21.725 22.148 3.0913 47 27 0
21.772 22.195 3.0012 47 26 0
21.748 22.153 2.9812 47 26 9
21.692 22.091 3.0463 49 25 0
21.705 22.166 3.0684 50 26 0
21.69 22.134 3.0973 52 28 0
21.754 22.214 3.003 48 23 0
21.77 22.138 3.0059 49 25 0
21.748 22.14 3.0876 51 25 0
21.764 22.129 2.9784 52 25 4
21.698 22.111 2.9699 50 26 0
21.696 22.151 3.0432 46 25 0
21.735 22.12 3.0362 49 27 3
21.761 22.168 3.059 50 24 0
21.794 22.177 3.0535 48 27 0
21.788 22.122 2.9753 49 25 0
21.768 22.132 3.0313 48 29 0
21.768 22.079 3.034 49 25 0
21.785 22.158 3.0803 49 28 0
21.764 22.07 3.0627 47 28 0
21.523 23.193 2.7057 83 59 25
21.45 22.461 2.7535 84 56 25
21.472 22.533 2.7048 84 56 29
21.483 22.436 2.8696 64 39 16
21.478 22.446 2.7799 62 39 6
21.506 22.531 2.7297 65 38 1
21.485 22.526 2.8653 69 39 13
21.45 22.445 2.816 83 55 15
21.364 22.274 2.8779 81 54 21
21.468 22.402 2.8452 64 39 9
21.426 22.37 2.8587 61 32 0
21.452 22.459 2.783 89 61 21
21.504 22.44 2.7422 66 42 16
21.499 22.52 2.7001 64 41 7
21.494 22.481 2.8017 69 42 5
21.563 22.495 2.7849 74 53 8
21.53 22.47 2.8883 63 37 14
21.508 22.421 2.8649 63 41 18
21.555 22.412 2.7343 65 41 15
21.563 22.513 2.7208 72 47 27
21.569 22.415 2.8859 71 42 20
21.57 22.442 2.7601 70 50 15
21.581 22.451 2.8483 69 42 9
21.486 22.383 2.784 65 41 3
21.552 22.462 2.8224 69 45 9
21.568 22.424 2.8263 65 40 10
21.57 22.437 2.7931 77 51 11
21.543 22.454 2.7634 65 43 19
21.589 22.421 2.7275 66 43 9
21.511 22.435 2.8349 74 47 14
21.555 22.456 2.8834 69 44 14
21.522 22.472 2.7956 64 37 0
21.54 22.425 2.8597 67 44 3
21.613 22.367 2.9092 67 42 10
21.613 22.446 2.8744 68 45 11
21.66 22.489 2.8318 67 41 14
21.671 22.46 2.7397 64 40 14
21.626 22.415 2.813 68 45 4
21.616 22.472 2.7807 65 39 0
21.629 22.43 2.7827 71 45 18
21.611 22.447 2.8437 71 42 20
21.697 22.501 2.821 71 43 3
21.626 22.429 2.7516 66 41 18
21.604 22.451 2.7536 61 38 4
21.623 22.397 2.8757 66 40 13
21.682 22.473 2.7956 73 49 15
21.687 22.49 2.7618 71 44 23
21.614 22.461 2.8103 68 42 2
21.611 22.109 2.9311 69 41 2
21.627 22.147 2.8973 75 49 0
21.684 22.337 2.8414 68 44 6
21.652 22.203 2.8571 79 55 4
21.689 22.293 2.7864 74 46 17
21.608 22.225 2.9232 81 58 17
21.669 22.313 2.7871 73 46 13
21.661 22.276 2.908 69 43 16
21.684 22.468 2.8591 64 40 14
21.658 22.355 2.7854 68 43 0
21.676 22.314 2.8721 71 43 12
21.619 22.253 2.8906 66 41 11
21.68 22.333 2.8132 79 50 18
21.652 22.336 2.8199 87 64 23
21.663 22.232 2.8264 79 52 17
21.642 22.31 2.8524 82 58 22
21.69 22.212 2.9346 49 23 0
21.686 22.105 2.8391 44 26 2
21.694 22.177 2.8241 49 24 2
21.648 22.141 2.8394 76 46 22
21.656 22.145 2.9206 78 51 14
21.654 22.145 2.8937 79 53 3
21.635 22.109 2.8721 74 47 2
21.647 22.143 2.8155 73 49 21
21.727 22.19 2.7955 49 23 8
21.721 22.16 2.9367 49 28 1
21.71 22.097 2.8309 49 26 8
21.771 22.102 2.8729 46 26 0
21.719 22.118 2.8027 49 28 0
21.782 22.169 2.9207 47 23 9
21.781 22.121 2.8693 46 26 0
21.781 22.17 2.8931 48 24 0
21.782 22.124 2.8416 46 24 9
21.87 22.223 2.9294 46 24 1
21.817 22.18 2.915 49 24 1
21.806 22.12 2.8078 45 22 6
21.833 22.166 2.8289 46 24 0
21.797 22.146 2.8925 46 26 0
21.812 22.169 2.9428 46 26 0
21.896 22.274 2.8612 46 26 0
21.882 22.246 2.8941 49 25 0
21.962 22.396 2.8105 46 25 0
21.401 22.387 2.5558 78 53 21
21.448 22.422 2.5669 69 43 3
21.51 22.463 2.7107 76 48 17
21.514 22.423 2.5866 65 43 6
21.49 22.444 2.5893 61 37 3
21.477 22.418 2.5635 59 35 1
21.491 22.421 2.6856 65 35 0
21.485 22.423 2.6262 74 56 32
21.503 22.549 2.6329 65 42 9
21.435 22.368 2.646 69 44 12
21.445 22.406 2.6052 78 54 18
21.527 22.465 2.5436 65 37 10
21.49 22.428 2.6557 75 51 15
21.486 22.424 2.6268 74 56 32
21.486 22.493 2.6751 67 42 19
21.581 22.493 2.658 67 47 13
21.608 22.474 2.6883 60 37 0
21.534 22.446 2.7053 60 38 0
21.544 22.478 2.6642 70 44 17
21.524 22.441 2.6115 67 40 7
21.56 22.468 2.5358 64 41 10
21.555 22.433 2.6401 64 41 8
21.586 22.44 2.6012 66 38 9
21.575 22.47 2.6927 67 43 17
21.627 22.469 2.5542 66 43 2
21.587 22.456 2.5328 58 38 4
21.542 22.482 2.6338 64 42 5
21.554 22.438 2.6069 64 40 12
21.593 22.466 2.5633 63 40 9
21.558 22.456 2.5721 64 40 4
21.59 22.443 2.6325 70 46 12
21.585 22.423 2.6695 64 38 11
21.621 22.448 2.5939 62 37 5
21.614 22.425 2.6317 67 42 19
21.661 22.333 2.5787 71 41 3
21.662 22.386 2.6579 61 39 0
21.655 22.448 2.617 67 44 3
21.672 22.415 2.6186 62 39 0
21.64 22.406 2.6595 69 40 9
21.689 22.459 2.5779 59 37 0
21.63 22.457 2.6568 62 38 12
21.654 22.451 2.586 65 44 17
21.7 22.49 2.5379 69 40 8
21.638 22.469 2.6819 64 39 9
21.638 22.419 2.5607 62 39 0
21.674 22.289 2.6122 73 44 10
21.69 22.258 2.6143 70 46 10
21.659 22.247 2.681 73 45 6
21.637 22.267 2.6526 76 47 16
21.637 22.139 2.7032 73 46 11
21.653 22.308 2.6107 70 45 0
21.647 22.225 2.6592 75 48 3
21.62 22.225 2.6921 63 38 16
21.864 22.465 2.6977 47 25 2
21.773 22.168 2.7861 49 25 0
21.771 22.062 2.7393 47 28 0
21.714 22.01 2.7601 48 27 0
21.783 22.144 2.6722 48 24 0
21.791 22.162 2.6391 50 24 0
21.771 22.181 2.6414 49 25 0
21.81 22.141 2.6656 48 24 0
21.821 22.163 2.6321 48 27 0
21.781 21.989 2.6988 46 26 0
21.868 22.196 2.62 44 24 0
21.202 20.589 3.085 71 46 16
21.196 20.568 3.1098 74 47 2
21.201 20.601 3.0951 29 9 2
21.199 20.599 3.0847 35 16 0
21.2 20.586 3.1172 66 45 2
21.201 20.587 3.1273 70 45 15
21.195 20.594 3.1282 22 6 0
21.199 20.599 3.1157 32 18 0
21.195 20.566 3.1201 72 45 12
21.2 20.6 3.1058 40 28 6
21.19 20.56 3.0912 72 43 19
21.192 20.562 3.1009 74 48 8
21.198 20.584 3.1075 70 46 8
21.201 20.587 3.0958 72 44 13
21.194 20.552 3.1112 73 49 0
21.19 20.533 3.1049 74 46 17
21.194 20.526 3.1046 67 44 3
21.189 20.532 3.1342 74 47 12
21.19 20.521 3.1153 66 41 19
21.197 20.555 3.1206 76 49 14
21.193 20.564 3.131 73 46 1
21.189 20.532 3.1244 76 47 25
21.191 20.535 3.1134 72 47 3
21.199 20.557 3.0996 74 51 9
21.197 20.555 3.1303 75 48 13
21.191 20.523 3.1247 67 43 9
20.746 21.138 2.8788 118 89 49
20.879 20.939 2.9201 54 41 23
21.515 23.078 2.2964 84 60 26
21.441 22.515 2.4863 87 59 28
21.472 22.612 2.4202 83 54 23
21.445 22.635 2.4218 82 54 23
21.458 22.585 2.3971 82 54 23
21.454 22.698 2.3005 77 52 20
21.501 22.854 2.2042 76 51 19
21.467 22.505 2.4466 89 64 32
21.527 22.995 2.3153 38 0 3
21.442 22.648 2.3502 82 52 26
21.506 22.454 2.3871 72 48 12
21.516 22.542 2.464 63 39 13
21.507 22.423 2.5257 68 40 1
21.474 22.465 2.3557 61 37 0
21.517 22.552 2.4274 66 45 16
21.512 22.443 2.488 66 42 14
21.505 22.434 2.4591 66 41 11
21.508 22.511 2.5058 63 38 15
21.473 22.376 2.382 66 42 6
21.461 22.47 2.5238 67 39 0
21.486 22.548 2.4687 80 52 25
21.502 22.522 2.4034 59 39 14
21.533 22.431 2.4184 61 37 11
21.489 22.401 2.4359 80 54 31
21.542 22.472 2.339 66 43 1
21.517 22.399 2.399 62 41 0
21.439 22.357 2.4265 62 40 3
21.628 22.43 2.3996 64 39 16
21.592 22.4 2.5136 67 45 21
21.573 22.436 2.4743 62 42 7
21.62 22.418 2.3724 62 38 4
21.538 22.421 2.5173 66 37 15
21.57 22.518 2.4234 66 41 11
21.556 22.475 2.4664 62 37 7
21.612 22.44 2.5309 67 42 19
21.583 22.455 2.5027 64 38 11
21.568 22.432 2.4464 66 40 13
21.582 22.396 2.4172 64 42 3
21.551 22.398 2.4243 63 38 8
21.565 22.44 2.3763 59 39 4
21.594 22.412 2.4767 70 44 17
21.594 22.434 2.3737 59 38 7
21.622 22.485 2.4213 62 37 14
21.701 22.504 2.4696 61 40 13
21.685 22.413 2.3908 71 54 24
21.669 22.354 2.54 83 59 31
21.661 22.287 2.46 65 42 1
21.691 22.409 2.49 78 50 21
21.697 22.488 2.5044 65 41 5
21.632 22.433 2.4306 57 37 2
21.672 22.391 2.3698 53 31 0
21.619 22.201 2.4599 58 41 11
21.659 22.414 2.4636 65 40 17
21.649 22.397 2.4355 64 38 15
21.645 22.457 2.4554 66 43 10
21.644 22.392 2.4057 62 39 5
21.65 22.33 2.4529 68 46 23
21.653 22.462 2.5178 66 41 19
21.631 22.37 2.3822 65 41 5
21.659 22.482 2.4811 65 40 18
21.647 22.317 2.4876 58 33 3
21.676 22.243 2.5287 73 49 13
21.68 22.306 2.5776 74 46 15
21.656 22.192 2.6019 78 53 21
21.697 22.283 2.5498 77 52 20
21.647 22.251 2.5025 78 52 11
21.69 22.334 2.5379 71 47 13
21.671 22.248 2.4349 65 39 0
21.676 22.308 2.5149 72 48 10
21.625 22.141 2.5345 73 45 14
21.65 22.124 2.5928 70 48 24
21.704 22.116 2.579 49 21 10
21.755 22.276 2.5353 48 23 0
21.931 22.367 2.5431 44 20 10
21.847 22.218 2.5606 45 24 7
21.841 22.004 2.6028 53 30 0
21.806 21.943 2.6496 53 28 8
21.823 22.017 2.6591 34 19 0
21.808 22.042 2.6341 25 5 4
21.852 22.068 2.6162 44 29 6
21.888 22.132 2.5646 49 34 11
21.724 21.682 2.7396 45 20 0
21.847 21.878 2.6513 46 25 4
21.803 21.893 2.6608 34 14 0
21.812 21.863 2.6898 44 24 0
21.822 21.881 2.6537 50 24 7
21.786 21.738 2.7362 52 29 21
21.192 20.605 3.0422 45 17 13
21.204 20.62 3.026 38 20 0
21.203 20.604 3.0395 42 29 21
21.203 20.603 3.0292 25 6 0
21.202 20.603 3.0182 37 22 1
21.193 20.563 3.0382 74 48 0
21.197 20.555 3.0697 70 49 28
21.192 20.563 3.07 72 48 12
21.196 20.581 3.0554 67 41 18
21.196 20.553 3.0495 65 44 0
21.2 20.6 3.0733 42 24 10
21.202 20.588 3.0428 66 44 3
21.202 20.574 3.0555 63 42 13
21.2 20.6 3.0628 24 4 0
21.208 20.609 3.0482 37 26 4
21.198 20.584 3.0759 71 44 7
21.198 20.555 3.0386 73 47 6
21.196 20.566 3.0479 69 42 7
21.201 20.587 3.0645 70 46 10
21.205 20.592 3.0305 71 48 4
21.195 20.552 3.0607 67 43 7
21.203 20.589 3.0202 69 46 5
21.192 20.562 3.0805 73 43 19
21.2 20.558 3.0793 75 46 12
21.196 20.539 3.0621 74 45 21
21.194 20.525 3.0747 69 46 13
21.192 20.51 3.0872 75 45 19
21.185 20.502 3.0802 74 48 23
21.194 20.538 3.0524 71 44 9
21.189 20.493 3.0608 71 47 0
21.191 20.534 3.0939 81 50 19
21.189 20.506 3.0588 71 43 3
21.188 20.518 3.0673 72 43 19
21.189 20.532 3.075 70 44 19
21.187 20.517 3.0965 71 45 22
21.191 20.522 3.0855 74 49 19
21.19 20.533 3.0843 73 49 13
21.189 20.519 3.0566 74 48 7
21.196 20.526 3.0436 73 46 13
21.192 20.51 3.0674 74 46 6
21.201 20.559 3.0884 75 49 26
21.193 20.536 3.0431 72 44 7
20.692 23.298 1.9056 125 93 55
20.773 23.212 1.9584 145 108 66
20.763 23.18 1.9351 140 104 66
20.686 23.33 1.8504 123 90 57
20.678 23.323 1.8102 130 96 59
20.868 23.133 1.8875 114 84 46
20.799 23.153 1.9358 136 100 62
20.851 23.341 1.8069 121 88 53
20.853 23.293 1.8706 132 99 58
20.792 23.153 1.8911 128 96 57
20.987 23.331 1.8697 104 75 43
21.003 23.165 1.9333 99 70 39
20.943 23.252 1.9588 109 80 46
20.987 22.791 2.1141 89 59 31
21.09 23.207 1.8954 86 54 31
21.069 23.123 1.8878 88 57 29
21.042 23.16 1.929 89 58 30
21.071 23.255 1.9737 91 60 29
21.14 23.225 1.9162 85 53 30
21.577 22.505 2.2205 57 32 9
21.563 22.475 2.1967 59 40 10
21.513 22.432 2.2226 58 36 12
21.541 22.479 2.3043 61 35 12
21.452 22.413 2.3429 66 38 7
21.52 22.46 2.1811 61 35 8
21.5 22.455 2.3212 70 49 20
21.575 22.49 2.2594 60 38 15
21.482 22.446 2.1922 54 31 13
21.507 22.485 2.2738 71 52 22
21.507 22.503 2.201 58 37 6
21.52 22.442 2.2513 61 37 11
21.506 22.397 2.3043 60 35 3
21.618 22.515 2.2421 57 37 3
21.612 22.407 2.3441 63 42 13
21.639 22.415 2.2351 62 37 15
21.574 22.423 2.2133 60 38 17
21.579 22.428 2.2446 55 37 17
21.631 22.459 2.2919 60 35 12
21.554 22.421 2.3521 64 37 2
21.656 22.462 2.1837 57 31 4
21.587 22.431 2.3082 54 33 2
21.635 22.477 2.2513 59 34 12
21.616 22.493 2.3187 62 36 11
21.608 22.425 2.2041 57 32 9
21.59 22.519 2.2827 58 36 0
21.614 22.433 2.2347 58 36 15
21.674 22.489 2.2394 57 36 9
21.709 22.487 2.2665 56 32 4
21.665 22.328 2.2567 65 39 12
21.673 22.335 2.3194 68 40 9
21.678 22.352 2.2802 62 38 10
21.656 22.433 2.3259 65 41 13
21.654 22.287 2.3683 67 43 5
21.706 22.344 2.2762 61 39 16
21.706 22.427 2.182 66 42 8
21.699 22.333 2.2451 65 41 13
21.713 22.508 2.1875 56 34 10
21.709 22.507 2.1579 57 36 9
21.656 22.44 2.2912 58 37 10
21.724 22.527 2.2172 61 37 11
21.646 22.265 2.406 68 46 9
21.722 22.509 2.2919 65 40 10
21.655 22.246 2.253 63 40 0
21.683 22.278 2.3974 68 40 0
21.698 22.255 2.3366 73 48 18
21.686 22.291 2.3609 73 48 4
21.653 22.167 2.3415 69 44 12
21.705 22.335 2.3103 65 39 12
21.194 20.607 3.0074 35 11 0
21.205 20.592 2.9973 67 44 10
21.202 20.602 2.9852 39 26 20
21.203 20.589 2.9654 73 45 5
21.201 20.602 2.9967 31 14 7
21.204 20.59 2.9871 66 42 16
21.204 20.62 2.9927 38 18 7
21.205 20.591 2.9754 66 43 10
21.203 20.603 3.007 51 30 0
21.194 20.537 3.0217 71 45 20
21.2 20.571 2.9925 62 41 10
21.2 20.543 2.9766 68 46 0
21.198 20.554 2.9959 73 44 12
21.2 20.558 3.0265 67 42 19
21.193 20.535 3.0018 73 49 21
21.197 20.539 2.9884 66 41 18
21.199 20.555 2.985 68 44 10
21.196 20.539 3.0104 71 50 19
21.195 20.566 3.0265 75 47 8
21.193 20.536 3.0326 74 43 13
21.199 20.557 3.0062 68 43 13
21.203 20.589 3.0101 74 48 7
21.201 20.572 3.0139 73 48 4
21.193 20.521 2.9837 65 41 7
21.199 20.569 2.9819 65 44 15
21.203 20.574 3.0018 71 45 18
21.199 20.556 2.9741 63 40 7
21.205 20.577 2.9672 71 45 4
21.2 20.557 3.0165 65 38 19
21.192 20.497 3.04 74 45 21
21.191 20.495 3.0307 75 47 18
21.187 20.478 3.0051 68 44 6
21.197 20.527 3.033 73 47 22
21.196 20.526 3.0236 71 43 14
21.191 20.507 3.0079 69 44 0
21.188 20.505 3.0494 68 45 11
21.191 20.494 3.0005 67 41 14
21.196 20.525 3.0032 72 47 15
21.198 20.528 2.9916 67 44 0
21.192 20.495 3.0101 68 44 10
21.194 20.498 3.0194 70 45 22
21.191 20.507 3.0081 69 44 0
21.187 20.503 3.0401 70 44 17
21.193 20.509 2.9969 70 42 13
21.19 20.506 3.0187 69 42 23
21.188 20.493 3.0511 70 43 26
21.192 20.522 3.0145 74 48 23
21.19 20.506 3.0288 75 51 15
20.557 22.477 1.939 110 81 49
20.565 22.532 1.9427 112 82 48
20.527 22.551 1.9077 88 68 33
20.64 22.618 1.9196 118 85 50
20.648 22.648 1.944 125 91 56
20.609 22.661 1.9129 117 83 48
20.602 22.633 1.8897 114 81 46
20.624 22.825 1.8668 119 89 55
20.65 22.67 1.9338 125 91 56
20.602 22.634 1.8897 114 81 46
20.729 22.568 1.8883 116 83 48
20.699 22.606 1.8791 116 86 52
20.72 22.707 1.9032 127 93 58
20.708 23.018 1.7594 125 92 57
20.722 22.805 1.8176 121 87 52
20.678 22.678 1.8828 122 88 51
20.738 22.597 1.9106 119 87 49
20.865 22.765 1.838 110 80 46
20.796 22.722 1.914 121 88 53
20.817 22.701 1.8399 114 81 48
20.776 22.588 1.9413 120 86 51
20.843 22.634 1.8684 108 77 46
20.761 22.503 1.9487 118 85 50
20.826 22.733 1.8607 114 81 50
20.879 22.385 2.0112 103 72 42
20.885 22.694 1.829 105 74 44
20.87 22.544 1.938 103 74 43
20.954 22.762 1.9396 98 69 35
20.937 22.552 1.92 101 71 43
20.893 22.515 1.91 99 70 39
21.025 22.664 1.8446 89 55 28
21.02 22.607 1.9113 88 54 29
21.095 23.309 1.7592 88 57 29
21.021 22.919 1.8962 87 56 26
21.017 22.449 1.9464 88 53 24
21.086 23.033 1.8725 86 52 23
21.063 22.807 1.8558 89 55 28
21.042 22.826 1.9265 83 52 24
21.137 22.762 1.9314 85 52 19
21.107 22.538 1.9278 84 49 27
21.099 22.636 1.9191 88 52 26
21.21 23.071 1.8302 87 53 24
21.115 22.532 1.995 84 52 29
21.088 22.751 1.8746 87 56 28
21.152 22.715 1.8697 84 53 23
21.068 22.512 1.9412 86 52 23
21.035 22.515 1.9477 87 55 32
21.103 22.63 1.9583 85 53 30
21.174 22.638 1.9363 86 55 27
21.159 22.594 1.9194 88 57 29
21.199 22.597 1.9462 87 53 28
21.222 22.796 1.9406 93 57 19
21.205 22.877 1.9114 92 58 23
21.152 22.565 1.9334 88 57 29
21.196 22.605 1.9087 88 54 25
21.206 22.907 1.8573 87 54 21
21.128 22.487 1.9407 83 53 17
21.176 22.624 1.9797 85 51 24
21.158 22.473 1.9357 85 53 28
21.571 22.132 2.2755 44 28 3
21.66 22.264 2.2155 66 43 10
21.195 20.594 2.8854 54 38 3
21.211 20.598 2.9151 70 44 21
21.2 20.571 2.9476 70 43 8
21.202 20.603 2.8921 50 31 15
21.208 20.58 2.9321 68 44 10
21.207 20.593 2.9057 72 46 21
21.204 20.589 2.9528 65 42 0
21.202 20.572 2.9021 66 41 18
21.204 20.59 2.9303 70 46 10
21.199 20.569 2.9262 69 43 20
21.208 20.579 2.9097 66 47 17
21.202 20.573 2.9583 69 45 7
21.203 20.588 2.9424 65 42 0
21.204 20.561 2.9048 64 41 8
21.21 20.597 2.8922 68 43 21
21.195 20.538 2.9685 69 44 0
21.201 20.544 2.9547 70 43 10
21.204 20.56 2.916 65 43 19
21.194 20.523 2.962 63 42 15
21.198 20.554 2.9635 66 44 0
21.204 20.561 2.9273 67 41 14
21.201 20.558 2.9513 69 46 5
21.196 20.525 2.9503 70 46 20
21.2 20.542 2.9443 73 47 7
21.195 20.536 2.9256 63 41 17
21.2 20.543 2.9333 71 50 21
21.199 20.541 2.9115 66 45 0
21.191 20.505 2.9461 74 48 21
21.195 20.524 2.9717 71 46 2
21.193 20.507 2.9346 74 47 26
21.2 20.556 2.941 68 46 0
21.196 20.525 2.9391 67 42 10
21.203 20.532 2.9239 73 45 8
21.19 20.479 2.9437 70 42 11
21.189 20.48 2.9741 69 43 16
21.186 20.476 2.9857 71 43 12
21.193 20.483 2.9622 64 38 11
21.19 20.492 2.9609 67 40 19
21.191 20.494 2.9907 69 44 0
21.195 20.498 2.9468 65 40 17
21.192 20.508 2.9764 73 44 12
21.194 20.51 2.9861 68 41 8
21.191 20.469 2.9559 63 38 15
21.193 20.508 2.9656 65 42 1
21.187 20.465 2.9785 68 48 14
21.193 20.496 2.9792 66 42 6
21.187 20.464 2.9688 63 39 11
21.189 20.492 2.9707 67 42 12
21.188 20.478 2.9548 70 43 22
21.193 20.508 2.9554 68 43 20
21.197 20.499 2.9356 68 45 14
21.188 20.478 2.9951 65 42 0
20.487 22.236 1.8806 92 68 34
20.529 22.318 1.889 112 82 48
20.552 22.492 1.8998 110 77 44
20.506 22.346 1.9148 89 66 33
20.567 22.233 1.9945 109 79 45
20.483 22.561 1.8408 83 62 33
20.561 22.221 1.9677 114 80 51
20.522 22.576 1.8611 87 66 35
20.514 22.484 1.8753 85 64 35
20.522 22.235 1.9038 115 82 51
20.539 22.493 1.8293 113 80 47
20.545 22.477 1.8713 110 77 46
20.55 22.209 1.9123 116 84 45
20.495 22.439 1.796 105 84 53
20.564 22.482 1.7904 115 82 49
20.5 22.393 1.8556 95 70 47
20.618 22.299 1.8759 118 84 49
20.653 22.503 1.8999 114 81 48
20.653 22.29 1.906 112 79 44
20.613 22.458 1.8991 113 80 45
20.607 22.196 1.9018 122 87 55
20.581 22.271 1.8693 121 87 52
20.584 22.208 1.9366 119 84 52
20.622 22.509 1.9031 116 81 51
20.598 22.705 1.8136 113 80 47
20.645 22.46 1.8915 111 81 47
20.639 22.468 1.8516 115 82 51
20.635 22.191 1.8969 125 88 52
20.645 22.254 1.8928 118 85 50
20.586 22.571 1.8496 112 78 40
20.596 22.345 1.892 116 83 52
20.716 22.488 1.8955 115 83 45
20.707 22.446 1.8818 114 81 50
20.667 22.413 1.8709 116 83 50
20.694 22.358 1.894 114 81 48
20.744 22.446 1.9081 110 80 42
20.676 22.453 1.8889 114 81 50
20.677 22.287 1.8696 117 84 51
20.718 22.345 1.8623 112 81 50
20.699 22.204 1.9099 116 83 50
20.742 22.278 1.8919 109 78 47
20.679 22.415 1.9386 117 84 49
20.728 22.388 1.8683 113 80 45
20.729 22.208 1.9006 111 81 45
20.685 22.32 1.8812 115 82 47
20.685 22.318 1.8821 115 82 47
20.667 22.407 1.8733 116 83 50
20.806 22.429 1.903 105 74 43
20.757 22.513 1.9078 116 83 50
20.761 22.363 1.9098 108 78 42
20.731 21.965 2.0333 111 78 47
20.793 22.368 1.9009 105 73 35
20.815 22.457 1.9221 105 74 43
20.802 22.242 1.9281 104 74 38
20.804 22.292 1.8629 100 71 39
20.836 22.419 1.9002 103 73 39
20.79 22.52 1.8985 108 78 40
20.783 22.327 1.8884 106 75 44
20.778 22.462 1.8908 111 78 47
20.754 22.348 1.8878 112 79 46
20.773 22.289 1.8738 104 74 40
20.825 22.374 1.888 101 73 36
20.847 22.31 1.9176 103 72 41
20.848 22.466 1.9064 104 74 40
20.913 22.47 1.8921 97 68 34
20.887 22.372 1.8741 98 69 37
20.836 22.1 1.9625 100 69 38
20.842 22.314 1.88 103 74 42
20.892 22.507 1.9145 99 70 39
20.877 22.341 1.8583 101 70 42
20.879 22.195 1.9029 99 69 35
20.895 22.259 1.895 98 69 35
20.871 22.406 1.9311 100 71 37
20.924 22.372 1.9015 92 63 29
20.9 22.146 1.9208 92 56 30
20.859 22.357 1.921 101 71 35
20.923 22.495 1.9093 100 69 38
20.907 22.302 1.9044 89 58 30
20.958 22.512 1.8963 90 56 27
21.009 22.436 1.9205 87 54 21
20.987 22.238 1.9174 90 55 26
20.958 22.387 1.8837 88 54 29
20.935 22.406 1.9155 91 56 26
20.924 22.25 1.8918 90 54 28
20.986 22.341 1.9335 91 56 27
20.973 22.297 1.9237 87 53 24
20.945 22.203 1.9128 90 56 31
20.976 22.458 1.8813 88 53 23
20.995 22.533 1.8775 86 55 25
20.957 22.242 1.9214 89 57 32
20.956 22.111 1.9576 90 54 28
21.009 22.323 1.9023 87 53 26
21.1 22.407 1.9091 84 50 21
21.057 22.151 1.9446 89 54 25
21.071 22.42 1.9132 84 49 19
21.041 22.431 1.911 87 52 32
21.084 22.459 1.9265 84 50 25
21.044 22.225 1.9095 88 52 28
21.012 22.104 1.9494 87 54 23
21.07 22.544 1.8898 86 50 26
21.054 22.155 1.9112 86 53 20
21.012 22.216 1.9242 88 54 29
21.145 22.578 1.8553 84 51 18
21.008 22.219 1.8896 88 54 29
21.09 22.148 1.9687 88 57 26
21.152 22.359 1.919 90 56 21
21.189 22.359 1.9466 86 51 21
21.19 22.47 1.9306 85 52 21
21.176 22.33 1.9283 88 54 17
21.112 22.307 1.9901 85 52 19
21.125 22.271 1.9338 90 57 26
21.11 22.333 1.9079 87 54 23
21.119 22.354 1.9321 84 50 25
21.241 22.431 1.9022 78 43 24
21.191 22.19 1.9234 82 50 25
21.201 22.199 1.9839 82 48 23
21.223 22.287 1.9022 86 50 26
21.26 22.292 1.926 78 45 14
21.28 22.345 1.934 79 46 15
21.227 22.112 1.9543 79 47 24
21.211 22.341 1.915 84 50 21
21.255 22.368 1.9279 78 44 19
21.206 22.215 1.9754 81 47 22
21.275 22.42 1.9335 79 47 24
21.225 22.476 1.9234 84 50 21
21.183 22.256 1.9274 91 57 22
21.23 22.208 1.9382 78 46 25
21.235 22.236 1.8897 83 49 20
21.202 20.603 2.8571 32 32 32
21.206 20.607 2.8424 56 45 23
21.21 20.596 2.869 62 37 5
21.207 20.593 2.8825 66 42 4
21.211 20.582 2.8376 70 46 20
21.211 20.597 2.8559 70 42 13
21.214 20.601 2.8417 73 45 14
21.206 20.578 2.8875 65 41 3
21.204 20.56 2.8701 67 43 5
21.208 20.564 2.8563 70 48 24
21.202 20.558 2.8834 68 46 0
21.202 20.557 2.8488 68 48 23
21.202 20.572 2.8553 68 43 21
21.202 20.543 2.8537 71 43 12
21.204 20.575 2.8771 66 43 0
21.21 20.597 2.8326 68 44 18
21.207 20.563 2.8333 66 44 20
21.21 20.596 2.8196 82 56 29
21.205 20.575 2.8302 71 42 21
21.2 20.556 2.8957 74 49 3
21.203 20.574 2.8661 66 42 8
21.196 20.536 2.8696 66 46 21
21.197 20.525 2.9059 71 43 12
21.202 20.545 2.8988 65 42 1
21.204 20.546 2.8867 69 45 9
21.203 20.53 2.8582 69 47 10
21.196 20.524 2.8959 66 42 6
21.198 20.513 2.8991 70 46 20
21.198 20.499 2.8924 73 47 20
21.197 20.526 2.9169 64 39 0
21.19 20.503 2.8935 70 45 22
21.196 20.496 2.872 69 44 14
21.198 20.498 2.8822 76 49 32
21.204 20.532 2.8797 69 45 11
21.195 20.509 2.9117 71 44 0
21.195 20.509 2.8795 71 44 23
21.195 20.51 2.9227 72 42 8
21.195 20.508 2.8683 72 46 23
21.2 20.541 2.8782 70 43 0
21.201 20.528 2.8706 68 46 23
21.19 20.454 2.9305 59 39 14
21.189 20.452 2.9206 70 47 16
21.193 20.494 2.9061 66 41 9
21.194 20.496 2.9163 67 46 1
21.19 20.478 2.9331 69 42 9
21.191 20.467 2.905 70 46 18
21.189 20.477 2.9024 66 45 14
21.192 20.479 2.8904 72 42 18
21.191 20.467 2.916 65 39 14
21.187 20.464 2.9481 67 41 1
21.192 20.467 2.8943 67 37 21
21.197 20.499 2.925 71 44 9
21.198 20.486 2.8762 70 44 3
21.191 20.467 2.9362 66 43 1
21.188 20.464 2.9275 69 45 19
21.189 20.453 2.9108 72 41 20
21.188 20.451 2.9006 72 47 3
21.191 20.479 2.9117 68 42 15
21.192 20.481 2.9217 70 41 17
20.496 22.009 1.9144 112 77 45
20.481 22.147 1.9017 88 67 38
20.475 22.166 1.8581 86 62 28
20.544 22.197 1.887 121 85 59
20.564 22.131 1.8859 141 101 63
20.503 22.138 1.8658 115 80 48
20.567 21.919 1.9221 116 81 52
20.518 22.002 1.885 106 75 44
20.549 21.997 1.9052 115 82 49
20.536 22.125 1.8997 124 87 53
20.556 22.036 1.9128 139 97 59
20.544 22.013 1.8688 108 74 45
20.516 22.226 1.8742 116 84 43
20.508 22.083 1.9277 114 80 42
20.504 22.169 1.8461 115 80 48
20.528 21.995 1.946 121 87 52
20.525 22.109 1.8458 114 79 47
20.587 22.139 1.8431 149 106 74
20.613 22.083 1.8741 164 116 76
20.592 22.115 1.8878 155 113 75
20.625 22.123 1.9077 132 94 57
20.642 22.111 1.8451 162 116 75
20.617 22.074 1.9034 149 109 73
20.629 21.994 1.8896 132 95 59
20.652 22.097 1.9164 140 102 65
20.597 22.117 1.9184 135 97 61
20.601 21.98 1.9001 137 94 59
20.574 22.232 1.8596 128 91 59
20.576 22.013 1.8896 129 90 57
20.68 22.095 1.912 135 98 64
20.724 21.989 1.9623 110 77 42
20.67 22.044 1.9122 156 110 67
20.716 22.126 1.9172 112 79 48
20.665 22.048 1.8763 141 97 62
20.714 21.984 1.902 117 80 46
20.663 22.172 1.8997 123 89 52
20.696 22.221 1.8692 118 83 51
20.691 22.024 1.8841 134 94 58
20.707 22.087 1.9103 121 84 52
20.694 22.005 1.9265 129 92 58
20.712 21.928 1.9648 115 82 49
20.801 21.99 1.9066 100 67 32
20.797 22.099 1.9073 101 71 33
20.757 22.042 1.9184 110 76 47
20.748 22.008 1.9087 106 75 44
20.784 22.174 1.8982 104 74 40
20.774 22.029 1.8603 101 70 39
20.785 21.916 1.9243 102 72 36
20.776 22.153 1.883 106 76 40
20.815 22.189 1.885 100 71 37
20.794 22.112 1.8695 104 73 45
20.766 21.937 1.9474 103 73 39
20.743 22.005 1.8823 106 76 42
20.74 22.09 1.9318 109 76 41
20.896 22.147 1.888 88 57 27
20.841 22.041 1.8994 99 68 38
20.855 22.105 1.8897 98 68 30
20.86 22.103 1.9227 99 70 36
20.839 22.154 1.8992 96 67 35
20.86 22.018 1.8748 96 66 32
20.813 22.012 1.9527 94 63 32
20.816 22.064 1.8918 100 69 39
20.881 22.085 1.8953 96 68 31
20.824 21.966 1.9151 99 69 31
20.856 21.968 1.9382 96 66 30
20.933 22.06 1.8963 88 54 27
20.925 21.924 1.9142 89 52 33
20.913 22.08 1.9208 88 52 30
20.941 22.206 1.8775 90 55 25
20.895 21.91 1.9303 90 56 29
20.892 22.015 1.9012 91 54 35
20.907 21.949 1.9336 89 55 28
20.955 22.128 1.9174 89 54 25
20.956 22.036 1.9018 88 53 23
20.947 22.011 1.888 88 53 31
20.958 22.166 1.8617 89 53 29
20.896 22.016 1.9297 89 55 28
20.986 21.919 1.9624 85 55 21
21.01 22.005 1.9368 87 53 28
21.06 22.094 1.8767 90 56 29
21.026 21.973 1.9218 87 54 23
21.005 21.904 1.935 88 54 29
21.011 22.117 1.9104 87 52 22
21.009 22.126 1.8724 90 53 21
20.991 21.961 1.9058 88 54 27
20.974 21.989 1.9252 87 52 30
20.964 21.962 1.9109 88 53 24
21.06 22.2 1.852 86 50 26
21.112 21.969 1.9281 96 61 16
21.042 21.928 1.9446 92 58 31
21.195 22.117 1.9277 84 48 8
21.169 21.976 1.9144 81 46 17
21.148 22.055 1.967 95 61 26
21.162 21.875 1.9411 77 42 20
21.198 21.965 1.9436 79 42 24
21.198 21.977 1.9047 77 46 18
21.205 22.068 1.9187 80 46 8
21.205 22.078 1.8802 80 45 23
21.146 22.063 1.9339 93 56 22
21.147 21.995 1.9085 87 54 23
21.21 22.072 1.9484 77 45 20
21.167 22.049 1.9063 86 53 22
21.171 22.049 1.9362 83 49 20
21.185 22.095 1.9077 82 47 17
21.217 22.015 1.944 76 42 7
21.323 22.247 1.7955 75 38 20
21.242 22.015 1.9066 80 45 23
21.245 22.088 1.9306 79 42 6
21.214 20.6 2.7804 67 41 16
21.213 20.6 2.7689 66 46 9
21.203 20.603 2.7945 63 42 13
21.203 20.602 2.7569 61 42 12
21.204 20.604 2.7697 59 36 30
21.208 20.593 2.7594 68 46 25
21.209 20.579 2.7663 74 44 26
21.216 20.603 2.7915 63 41 0
21.219 20.607 2.8015 72 48 12
21.198 20.596 2.7859 61 46 27
21.207 20.562 2.8218 68 41 0
21.21 20.581 2.8149 93 65 28
21.205 20.56 2.7878 68 45 11
21.207 20.577 2.7918 70 46 10
21.204 20.545 2.8411 64 39 9
21.202 20.542 2.8314 64 39 7
21.206 20.546 2.8162 97 68 36
21.208 20.578 2.7792 69 44 12
21.206 20.561 2.7983 68 43 21
21.194 20.532 2.8125 68 44 10
21.21 20.552 2.7902 63 42 13
21.2 20.499 2.8253 71 46 16
21.2 20.5 2.8583 63 38 15
21.192 20.478 2.8362 71 48 17
21.2 20.513 2.8312 69 42 23
21.196 20.483 2.8444 68 44 18
21.197 20.496 2.8493 71 44 23
21.196 20.507 2.8228 84 57 36
21.196 20.509 2.8572 64 42 1
21.201 20.527 2.8256 64 41 0
21.199 20.512 2.8438 61 39 0
21.202 20.529 2.8475 66 40 15
21.202 20.529 2.8355 67 42 0
21.21 20.537 2.8081 78 53 21
21.191 20.477 2.8587 65 44 17
21.198 20.497 2.8382 66 41 11
21.197 20.471 2.8597 63 41 2
21.189 20.449 2.8492 69 45 17
21.187 20.45 2.8915 62 40 0
21.188 20.45 2.8801 65 40 17
21.187 20.436 2.8655 64 41 8
21.193 20.442 2.8503 74 44 20
21.196 20.469 2.839 67 43 15
21.193 20.466 2.8515 71 41 17
21.191 20.465 2.8843 63 39 11
21.193 20.468 2.8723 68 45 12
21.189 20.476 2.8706 73 45 16
21.191 20.452 2.8687 71 46 2
21.19 20.451 2.8582 72 47 1
21.188 20.437 2.8744 61 35 12
21.188 20.438 2.8844 69 41 1
