1379
0.50259 0.031066 0.86374 0.019797 16.925 -0.6851 -0.20018
13.041 0.10557 -0.41543 52 39 20
14.091 0.74447 -0.77328 52 43 4
14.071 0.75682 -0.74735 35 20 0
13.91 0.80768 -0.7733 50 40 3
14.042 0.771 -0.75294 24 9 0
13.983 0.77441 -0.73152 29 16 0
14.036 0.80052 -0.78995 49 37 13
14.014 0.7879 -0.72904 29 12 5
14.088 0.7177 -0.76745 58 44 17
14.085 0.76627 -0.89206 42 21 26
14.059 0.75555 -0.83707 35 28 2
13.898 0.83357 -0.9062 29 17 0
14.148 0.68612 -0.78652 60 43 26
13.848 0.89399 -0.86234 53 40 6
14.291 0.69187 -0.79879 44 30 3
14.06 0.77693 -0.93242 33 25 14
14.176 0.6856 -0.95312 24 6 0
14.114 0.71422 -0.99884 26 15 0
14.056 0.7963 -1.0907 27 27 3
14.046 0.80344 -1.0607 29 29 3
14.057 0.80248 -0.99892 28 22 0
14.015 0.82197 -1.0401 23 17 0
13.971 0.84432 -1.0532 23 17 0
14.048 0.80944 -0.97112 26 21 0
14.099 0.75233 -0.98172 32 13 0
14.072 0.76354 -1.0155 35 21 18
14.068 0.77053 -0.95905 36 21 0
14.019 0.81324 -1.1337 28 25 18
13.977 0.80698 -1.1091 34 29 10
14.194 0.75087 -1.0808 17 13 2
14.017 0.78934 -1.0676 31 23 2
13.929 0.79051 -1.2439 35 21 20
14.141 0.71017 -1.2362 39 24 1
13.933 0.75523 -1.2656 35 30 0
14.059 0.75342 -1.2335 34 23 3
13.842 0.83015 -1.3035 34 26 13
14.161 0.70477 -1.1682 31 23 2
14.057 0.81636 -1.2232 20 17 0
14.043 0.81848 -1.2847 13 14 0
14.043 0.82155 -1.2592 15 16 0
14.097 0.77045 -1.137 35 25 16
14.229 0.75467 -1.168 17 15 3
14.087 0.7744 -1.1763 29 20 11
14.309 0.70786 -1.1936 21 16 0
14.083 0.77278 -1.2008 34 26 3
14.064 0.78034 -1.2404 35 22 16
14.057 0.8089 -1.313 9 13 0
14.038 0.7915 -1.2828 31 20 14
14.315 0.70874 -1.136 17 15 3
14.205 0.7652 -1.2064 14 15 0
14.023 0.79694 -1.3206 29 13 0
14.081 0.80826 -1.1521 19 9 7
14.006 0.84486 -1.208 21 14 6
14.089 0.82187 -1.3077 17 19 5
13.879 -1.3108 -1.5729 38 25 16
13.752 -1.3011 -1.6347 42 23 6
13.71 -1.1906 -1.644 46 26 15
13.904 -1.1257 -1.5651 46 25 20
14.376 -0.53756 -1.3147 42 25 15
13.769 -0.47013 -1.5905 44 28 15
13.822 -0.46582 -1.528 46 26 15
13.864 -0.51752 -1.5825 45 28 11
13.923 -0.34949 -1.5563 43 25 15
13.672 -0.3573 -1.6679 46 29 12
13.753 -0.28932 -1.6067 44 25 11
13.863 -0.30964 -1.5906 44 26 14
13.733 -0.14271 -1.608 35 19 4
13.838 -0.13354 -1.6054 35 21 10
14.062 -0.23444 -1.4918 41 21 14
13.976 -0.18945 -1.5361 37 19 9
13.851 -0.051856 -1.5093 40 18 18
13.96 -0.085555 -1.5315 37 22 15
13.884 0.032396 -1.5582 41 21 10
13.572 0.033908 -1.6726 34 20 11
13.304 0.066507 -1.6947 39 23 0
14.065 -0.045617 -1.4974 41 21 12
13.954 -0.052476 -1.5473 38 20 6
13.966 0.04483 -1.5308 41 18 12
13.964 0.82474 -1.3787 23 15 13
14.074 0.8279 -1.344 15 16 8
14.012 0.85826 -1.4049 12 4 19
14.073 0.79857 -1.3403 21 14 6
14.098 0.77904 -1.4273 11 6 10
14.101 0.80982 -1.4025 17 6 4
14.011 0.88789 -1.4501 36 27 18
14.064 0.8034 -1.3434 21 14 6
14.01 0.82704 -1.4343 23 10 1
14.086 0.78983 -1.3678 14 15 7
14.016 0.85021 -1.5068 21 4 12
14.059 -1.5941 -1.5227 46 30 17
15.654 -1.0306 -0.81623 42 24 4
14.076 -1.5128 -1.6058 44 20 8
13.976 -1.5757 -1.6473 41 22 5
14.026 -1.5716 -1.5436 43 25 13
14.298 -1.4371 -1.5701 41 21 10
13.888 -1.5912 -1.6531 42 25 0
14.281 -1.473 -1.5759 37 19 5
15.172 -1.1849 -1.0471 42 25 7
15.696 -1.005 -0.79927 42 25 7
14.062 -1.4737 -1.5849 43 24 7
14.049 -1.4561 -1.6424 40 26 0
13.952 -1.527 -1.7176 41 24 4
14.052 -1.4872 -1.6264 34 22 0
14.166 -1.2891 -1.5807 37 21 6
13.984 -1.3184 -1.6283 44 23 2
14.238 -1.2825 -1.5794 36 25 6
14.184 -1.3155 -1.558 38 23 4
14.329 -1.2411 -1.5703 43 19 9
13.791 -1.3966 -1.7171 42 25 0
13.877 -1.2527 -1.6279 42 26 13
13.904 -1.3022 -1.6801 41 22 8
14.247 -1.21 -1.5552 40 22 8
14.229 -1.253 -1.5844 40 21 15
14.27 -1.1753 -1.553 42 19 13
14.171 -1.2564 -1.5851 38 22 5
14.079 -1.2338 -1.6043 40 19 16
14.253 -1.1175 -1.5744 42 26 9
14.154 -1.1468 -1.5463 43 26 6
14.346 -1.1106 -1.5591 42 20 7
14.257 -1.0857 -1.5742 41 21 22
13.879 -1.1738 -1.6085 45 27 13
14.186 -1.1195 -1.575 42 23 7
13.989 -1.1226 -1.564 45 28 21
14.136 -1.0958 -1.6076 40 23 3
13.939 -1.2274 -1.6822 42 25 0
14.201 -1.1571 -1.5933 40 24 7
14.26 -1.0947 -1.6121 43 24 8
14.084 -1.1812 -1.5357 43 23 14
14.182 -1.1511 -1.5669 33 16 0
13.982 -1.2097 -1.6248 42 23 6
14.031 -1.1582 -1.5721 42 24 12
14.311 -1.1467 -1.5723 43 22 1
14.293 -1.0509 -1.5689 35 24 4
14.198 -1.0467 -1.5498 41 23 9
14.153 -0.99868 -1.6221 47 31 14
14.349 -1.0132 -1.5438 47 28 14
14.31 -1.0484 -1.5594 35 24 4
14.181 -1.0577 -1.5905 40 24 7
14.409 -0.67628 -1.5262 51 33 19
14.243 -0.63893 -1.5949 48 31 21
14.329 -0.64695 -1.5742 46 30 15
14.382 -0.55544 -1.5409 46 28 8
14.316 -0.56083 -1.4668 42 28 1
14.279 -0.60977 -1.5806 46 28 14
14.139 -0.61498 -1.5453 43 27 1
14.159 -0.58473 -1.5397 43 26 8
14.294 -0.58068 -1.5813 50 33 26
14.202 -0.57011 -1.5917 47 28 11
14.196 -0.49521 -1.5412 44 26 12
14.033 -0.5091 -1.5822 42 24 12
14.252 -0.47603 -1.56 53 27 13
14.133 -0.46027 -1.5841 51 29 6
14.267 -0.52025 -1.6058 46 27 13
14.012 -0.4684 -1.5605 40 28 14
14.331 -0.49495 -1.5769 50 28 17
14.303 -0.51551 -1.5526 49 30 14
14.112 -0.45167 -1.5605 43 27 4
14.088 -0.44977 -1.572 43 27 4
14.247 -0.48242 -1.5944 47 23 9
14.283 -0.5077 -1.5357 51 25 10
13.823 -0.38698 -1.6664 43 25 5
14.086 -0.37377 -1.5205 41 25 12
14.367 -0.40596 -1.5516 43 25 15
14.198 -0.38151 -1.6028 45 22 14
15.164 -0.48874 -1.0137 44 25 11
14.036 -0.34372 -1.5832 42 25 5
14.242 -0.37996 -1.5531 46 24 13
14.334 -0.36772 -1.5443 43 24 7
14.133 -0.39204 -1.5632 40 25 4
13.567 -0.3874 -1.9198 48 27 6
14.357 -0.43336 -1.5506 44 28 15
14.005 -0.37206 -1.5897 42 24 4
14.396 -0.34716 -1.5209 36 23 5
14.368 -0.28735 -1.5465 34 19 0
14.37 -0.31574 -1.5397 36 23 7
14.172 -0.30544 -1.5695 43 25 5
14.223 -0.34825 -1.567 47 26 7
14.256 -0.29358 -1.5671 43 19 9
14.352 -0.33527 -1.5146 42 24 12
14.21 -0.34035 -1.5381 43 24 7
14.166 -0.34125 -1.5959 47 26 7
13.958 -0.32792 -1.5835 43 24 17
14.253 -0.2932 -1.5694 43 19 9
13.841 -0.17381 -1.6351 36 17 1
14.327 -0.27547 -1.5349 39 17 2
13.859 -0.20975 -1.6207 32 19 3
14.039 -0.21221 -1.5791 37 22 0
13.807 -0.16827 -1.6507 34 17 7
14.254 -0.22918 -1.5472 38 20 0
14.15 -0.1756 -1.5771 34 23 1
14.136 -0.258 -1.5252 45 20 15
14.165 -0.20836 -1.5588 32 16 3
14.211 -0.25149 -1.5641 37 14 6
14.321 -0.25165 -1.5779 36 15 10
14.154 -0.17625 -1.5758 34 23 1
14.259 -0.14315 -1.5662 41 17 13
14.283 -0.1821 -1.5803 38 20 0
14.221 -0.15932 -1.5439 35 22 3
14.032 -0.074661 -1.5435 41 23 13
14.331 -0.13449 -1.5689 30 17 8
14.339 -0.13114 -1.5323 38 21 1
14.352 -0.12371 -1.4615 39 23 0
14.075 -0.11976 -1.5519 33 16 0
14.185 -0.11733 -1.537 36 17 10
14.041 -0.11313 -1.5683 33 16 0
14.163 -0.14255 -1.5397 38 22 0
13.959 -0.09119 -1.5713 39 20 13
14.188 -0.17664 -1.5259 37 19 0
14.287 -0.14337 -1.5214 40 22 2
14.299 -0.11747 -1.5218 37 20 2
14.272 -0.11171 -1.5358 38 21 3
13.992 -0.13518 -1.5825 34 19 0
14.058 0.0064248 -1.5893 39 20 3
14.026 0.019792 -1.5731 38 20 0
14.348 -0.077075 -1.5424 36 15 12
14.023 0.020443 -1.5747 38 20 0
14.382 -0.057424 -1.5323 31 20 0
14.258 -0.022554 -1.5599 35 20 1
14.289 -0.081883 -1.4995 39 13 0
14.132 -0.05183 -1.6126 39 20 3
14.253 -0.044961 -1.5262 40 16 2
14.348 -0.11018 -1.5622 27 18 1
14 0.051394 -1.6218 43 22 5
14.086 0.040439 -1.5167 37 18 4
14.02 0.051704 -1.5795 37 21 0
13.965 0.039488 -1.5638 42 18 14
14.375 0.17256 -1.5299 38 19 2
14.17 0.24499 -1.6026 41 17 5
14.331 0.24241 -1.5618 41 19 6
14.392 0.19749 -1.4934 43 17 3
14.354 0.23767 -1.5179 42 19 3
14.365 0.20313 -1.5395 38 13 8
14.275 0.44268 -1.5417 35 15 6
14.345 0.38322 -1.5341 40 23 13
14.295 0.4312 -1.5613 37 18 12
14.497 -1.594 -1.5782 45 25 0
14.501 -1.5567 -1.658 39 25 0
14.482 -1.5539 -1.6386 45 21 21
14.458 -1.5809 -1.6113 42 24 10
14.545 -1.5673 -1.6189 41 22 8
14.65 -1.4404 -1.5513 43 26 0
14.578 -1.4363 -1.597 41 23 9
14.237 -1.599 -1.6424 41 22 16
14.589 -1.4788 -1.5509 44 25 11
14.278 -1.5965 -1.7682 46 25 4
14.391 -1.5363 -1.6296 42 25 0
14.692 -1.4262 -1.5258 43 26 0
14.569 -1.4576 -1.5653 45 23 12
14.39 -1.5665 -1.6254 38 21 13
14.377 -1.5816 -1.6687 42 26 0
14.385 -1.4692 -1.6116 38 16 1
14.535 -1.3764 -1.5742 42 25 8
14.272 -1.4852 -1.6107 42 22 11
14.542 -1.3933 -1.6366 39 23 8
14.34 -1.4737 -1.605 45 26 12
14.506 -1.4137 -1.5882 38 24 11
14.545 -1.42 -1.6273 44 24 0
14.222 -1.4794 -1.6789 42 24 10
14.533 -1.3872 -1.6128 40 22 8
14.45 -1.4397 -1.6495 42 23 9
14.445 -1.3171 -1.6509 45 27 13
14.293 -1.4276 -1.7606 44 25 9
14.535 -1.3134 -1.5654 33 24 15
14.537 -1.2848 -1.5672 32 24 11
14.532 -1.3041 -1.6368 45 23 0
14.515 -1.3363 -1.6364 44 24 0
14.332 -1.4075 -1.595 44 28 13
14.536 -1.3304 -1.6232 42 23 7
14.39 -1.2842 -1.6291 40 22 12
14.322 -1.291 -1.6323 40 20 11
14.49 -1.2776 -1.6342 42 20 20
14.44 -1.2428 -1.6037 37 19 19
14.405 -1.2891 -1.6489 34 23 3
14.789 -1.1538 -1.468 40 20 11
14.735 -1.1659 -1.501 40 20 11
14.598 -1.2595 -1.6018 46 24 11
14.3 -1.2566 -1.6182 41 24 4
14.114 -1.382 -1.7707 38 22 0
14.616 -1.2193 -1.5648 42 19 11
14.424 -1.2376 -1.5807 42 19 11
14.616 -1.2278 -1.5959 42 21 2
14.303 -1.2559 -1.6167 40 20 9
14.462 -1.2182 -1.6313 44 21 3
14.331 -1.2287 -1.6401 33 26 8
14.561 -1.1336 -1.5591 37 17 6
14.328 -1.1523 -1.5962 36 20 7
14.283 -1.2488 -1.7054 41 22 16
14.313 -1.1939 -1.6274 39 24 21
14.533 -1.1474 -1.607 44 21 13
14.381 -1.1891 -1.6229 40 22 2
14.589 -1.1549 -1.5336 38 20 10
14.516 -1.1228 -1.6247 26 17 8
14.364 -1.1749 -1.567 38 20 0
14.483 -1.1857 -1.63 40 18 5
14.328 -1.17 -1.6631 37 20 10
14.373 -1.1907 -1.627 40 22 2
14.436 -1.1292 -1.6392 33 17 4
14.548 -1.061 -1.6138 37 19 5
14.367 -1.1418 -1.6802 33 17 4
14.507 -1.0521 -1.5807 40 22 8
14.369 -1.1326 -1.6452 38 20 18
14.364 -1.1248 -1.6146 44 22 9
14.592 -1.0812 -1.5823 40 24 9
14.536 -1.0552 -1.5913 36 23 7
14.438 -1.0914 -1.6112 44 25 11
14.601 -1.0719 -1.5475 37 23 12
14.556 -1.0796 -1.5742 37 23 12
14.5 -0.98943 -1.5682 42 25 17
14.511 -0.96777 -1.5972 31 22 3
14.59 -0.97292 -1.6088 46 26 1
14.374 -0.989 -1.5709 47 27 18
14.712 -0.97634 -1.5038 43 23 16
14.336 -0.98074 -1.667 44 27 20
14.747 -0.97146 -1.4821 43 23 16
14.616 -0.99693 -1.5905 43 24 7
14.39 -1.0246 -1.592 47 31 8
14.269 -1.063 -1.6162 49 24 20
14.381 -1.0175 -1.562 48 28 19
14.601 -0.9838 -1.5395 42 23 9
14.773 -0.91811 -1.4792 42 24 14
14.677 -0.95486 -1.5293 46 27 10
14.486 -1.0273 -1.5996 40 21 7
14.392 -0.96589 -1.6013 40 31 24
14.658 -0.9573 -1.5415 42 23 6
14.517 -1.0308 -1.6146 43 26 18
14.3 -0.93016 -1.5976 50 31 15
14.389 -0.93717 -1.6102 47 23 19
14.455 -0.95105 -1.5366 49 31 21
14.557 -0.88035 -1.5926 55 33 22
14.48 -0.91516 -1.6306 52 33 27
14.536 -0.9021 -1.5657 45 27 5
14.574 -0.8863 -1.6136 40 22 0
14.603 -0.92234 -1.5193 41 22 18
14.482 -0.94312 -1.6216 43 30 11
14.51 -0.9195 -1.6405 46 23 15
14.521 -0.78603 -1.5763 40 23 13
14.393 -0.79925 -1.6757 39 22 12
14.536 -0.81275 -1.5608 42 27 4
14.473 -0.82348 -1.6218 43 25 15
14.597 -0.82331 -1.5834 45 27 13
14.488 -0.8077 -1.5483 57 42 19
14.621 -0.79519 -1.574 42 26 1
14.576 -0.85895 -1.6196 45 26 9
14.569 -0.85221 -1.5937 42 24 22
14.421 -0.74729 -1.5714 51 33 21
14.558 -0.70317 -1.5714 43 23 12
14.439 -0.71863 -1.5719 48 35 26
14.509 -0.75896 -1.5882 43 26 8
14.407 -0.77641 -1.5756 72 47 42
14.483 -0.75271 -1.5708 43 27 14
14.687 -0.76574 -1.5372 45 27 7
14.567 -0.74367 -1.6185 41 25 2
14.274 -0.7439 -1.6217 52 34 22
14.459 -0.73967 -1.6558 42 27 20
14.65 -0.71508 -1.5736 46 25 4
14.653 -0.76062 -1.5311 41 24 4
14.503 -0.72425 -1.5617 42 33 26
14.497 -0.73161 -1.6004 48 31 23
14.506 -0.66255 -1.5448 45 31 20
14.442 -0.63412 -1.5908 46 27 20
14.451 -0.65523 -1.5416 47 31 14
14.56 -0.6288 -1.6225 43 26 9
14.582 -0.62277 -1.5786 41 24 14
14.447 -0.69731 -1.6023 47 30 12
14.568 -0.6828 -1.6008 45 24 7
14.633 -0.65624 -1.566 46 25 6
14.395 -0.69066 -1.6018 50 32 30
14.563 -0.68278 -1.6036 41 26 23
14.581 -0.56316 -1.5576 38 21 3
14.602 -0.57038 -1.5761 40 21 4
14.415 -0.54198 -1.5927 45 25 14
14.476 -0.55155 -1.586 41 23 19
14.647 -0.60455 -1.5742 42 24 4
14.596 -0.54371 -1.5864 41 27 0
14.381 -0.56208 -1.5731 48 31 14
14.351 -0.50299 -1.6047 51 29 18
14.133 -0.45 -1.6985 45 27 15
14.436 -0.53652 -1.5466 47 29 15
14.42 -0.47962 -1.5742 44 25 18
14.495 -0.53155 -1.6159 43 19 15
14.354 -0.50985 -1.634 47 27 18
14.45 -0.48815 -1.5902 41 29 17
14.501 -0.49817 -1.5835 41 17 15
14.487 -0.5247 -1.588 44 24 15
14.447 -0.42037 -1.5413 43 25 13
14.557 -0.41691 -1.5457 46 22 18
14.393 -0.38052 -1.5479 46 28 8
14.304 -0.44772 -1.6779 44 27 17
14.571 -0.45058 -1.5612 45 18 7
14.404 -0.39401 -1.6022 40 23 16
14.385 -0.38584 -1.5791 46 29 3
14.73 -0.41135 -1.4512 43 24 8
14.439 -0.4472 -1.5383 47 28 11
14.335 -0.44395 -1.6287 44 25 21
14.598 -0.42704 -1.5511 46 22 20
14.574 -0.43017 -1.5958 36 19 9
14.498 -0.32365 -1.5685 47 18 22
14.368 -0.32134 -1.5713 44 21 13
14.694 -0.35718 -1.4864 40 23 6
14.515 -0.34697 -1.5271 46 24 11
14.656 -0.36237 -1.5646 41 22 8
14.348 -0.34697 -1.5725 38 21 11
14.603 -0.32368 -1.5732 43 21 0
14.6 -0.36975 -1.5329 41 22 8
14.615 -0.37707 -1.5562 44 22 7
14.618 -0.38296 -1.5832 43 21 6
14.479 -0.34801 -1.5714 37 25 11
14.645 -0.3554 -1.5446 41 24 7
14.377 -0.30002 -1.6087 37 21 0
14.615 -0.38252 -1.5852 43 21 6
14.525 -0.30635 -1.5907 43 23 12
14.426 -0.24675 -1.5609 40 19 14
14.393 -0.26898 -1.5681 35 18 0
14.485 -0.26223 -1.5584 38 18 11
14.552 -0.30508 -1.5462 40 19 16
15.401 -0.3907 -1.0925 42 20 9
14.446 -0.2831 -1.5732 34 20 11
14.708 -0.26548 -1.53 33 22 0
14.547 -0.27787 -1.5568 38 18 9
14.517 -0.24098 -1.5493 32 11 8
14.657 -0.17565 -1.5504 37 20 3
14.422 -0.14126 -1.6211 28 23 4
14.33 -0.19632 -1.5885 37 18 2
14.541 -0.17171 -1.579 39 21 1
14.566 -0.20299 -1.5578 42 21 4
14.596 -0.21394 -1.5735 41 23 1
14.624 -0.19406 -1.562 42 16 0
14.518 -0.15698 -1.5361 36 14 3
14.666 -0.23251 -1.5621 29 16 0
14.584 -0.098984 -1.5454 37 21 4
14.466 -0.06515 -1.5827 28 16 0
14.614 -0.11039 -1.5626 43 20 2
14.352 -0.1162 -1.5913 41 22 5
14.625 -0.14307 -1.5767 36 12 0
14.609 -0.15989 -1.5549 37 17 10
14.655 -0.12493 -1.5652 37 15 2
14.521 -0.074319 -1.5238 37 15 15
14.607 -0.028233 -1.5545 35 16 0
14.546 -0.059037 -1.5466 31 12 0
14.541 -0.0056414 -1.56 33 15 3
14.519 -0.021352 -1.5372 38 19 15
14.563 -0.04595 -1.6047 35 16 0
14.406 -0.040893 -1.5552 42 18 14
14.637 -0.091022 -1.5523 42 21 2
14.556 -0.066009 -1.5684 40 19 14
14.539 -0.031055 -1.5579 27 20 2
14.833 -0.095088 -1.4486 36 17 13
14.531 0.0014499 -1.5393 39 17 4
14.521 -0.048176 -1.5276 36 20 3
14.488 -0.039505 -1.5461 36 20 3
14.614 -0.059647 -1.5733 35 16 0
14.571 0.0117 -1.5516 36 16 15
14.506 0.034701 -1.5565 35 13 0
14.623 0.046716 -1.5325 35 17 15
14.409 0.071779 -1.55 38 19 3
14.59 0.031855 -1.548 39 14 18
14.506 0.039436 -1.5323 39 14 17
14.514 0.058485 -1.5596 29 16 0
14.559 0.015056 -1.5573 36 16 15
14.661 0.031021 -1.5379 35 16 0
14.683 -0.0042812 -1.5471 33 13 6
14.49 0.14925 -1.5636 32 13 6
14.614 0.074956 -1.5472 37 14 0
14.482 0.15567 -1.5378 29 12 5
14.429 0.17743 -1.5378 29 18 0
14.67 0.05325 -1.5434 32 13 0
14.658 0.10651 -1.5607 31 13 1
14.514 0.20061 -1.506 34 16 6
14.589 0.19177 -1.5286 31 18 2
14.459 0.24664 -1.54 33 12 9
14.612 0.20506 -1.5482 31 15 0
14.521 0.21426 -1.5995 37 14 0
14.447 0.21732 -1.6005 31 15 0
14.513 0.224 -1.5447 30 12 8
14.498 0.17276 -1.5658 24 18 4
14.396 0.21606 -1.5612 35 16 9
14.443 0.1955 -1.5634 33 16 8
14.555 0.17496 -1.5675 32 17 0
14.518 0.29956 -1.5582 31 13 3
14.567 0.2289 -1.5195 33 16 9
14.602 0.23727 -1.5319 29 17 3
14.415 0.32113 -1.5501 34 23 4
14.554 0.23019 -1.5515 25 15 14
14.538 0.28847 -1.5762 34 15 0
14.73 0.20797 -1.4908 35 15 6
14.604 0.2335 -1.5606 37 20 3
14.64 0.2167 -1.5705 34 16 6
14.379 0.33159 -1.5969 34 17 7
14.416 0.35095 -1.5262 37 17 8
14.558 0.30588 -1.5686 29 18 0
14.591 0.34618 -1.5362 33 18 0
14.482 0.39088 -1.6258 33 10 4
14.515 0.32701 -1.5649 27 15 17
14.462 0.32843 -1.5276 35 19 6
14.596 0.28691 -1.5738 33 13 4
14.642 0.39684 -1.5561 33 14 0
14.775 0.29087 -1.4079 32 13 6
14.617 0.36006 -1.5273 34 17 0
14.556 0.38528 -1.5946 27 10 0
14.64 0.42217 -1.5609 29 13 0
14.541 0.47718 -1.5332 21 5 5
14.604 0.4693 -1.5313 21 14 0
14.652 0.44394 -1.5333 9 9 0
14.507 0.4912 -1.5826 16 10 0
14.478 0.53646 -1.5449 24 12 0
14.655 0.46706 -1.5347 24 9 6
14.525 0.53868 -1.523 25 8 1
14.573 0.53878 -1.5354 7 5 0
14.642 0.50161 -1.5257 29 8 5
14.677 -1.5641 -1.5996 43 23 14
14.776 -1.5418 -1.5895 47 25 1
14.848 -1.4559 -1.5306 37 27 15
14.705 -1.5191 -1.6549 47 27 20
14.741 -1.5309 -1.6222 49 25 25
14.742 -1.5305 -1.6212 49 25 25
14.766 -1.4705 -1.6216 52 26 12
14.802 -1.4483 -1.5675 46 20 23
14.731 -1.5162 -1.5686 45 22 16
14.686 -1.481 -1.6103 44 24 13
14.585 -1.5908 -1.6271 42 22 11
14.791 -1.4266 -1.5788 31 23 10
14.59 -1.4698 -1.6181 37 27 2
14.802 -1.3983 -1.5808 36 19 1
14.776 -1.3989 -1.5712 39 20 6
14.594 -1.505 -1.6396 45 26 12
14.648 -1.4772 -1.5804 35 25 0
14.67 -1.452 -1.6024 44 24 15
14.659 -1.4197 -1.582 45 26 10
14.76 -1.3791 -1.59 42 26 11
14.735 -1.4559 -1.6485 44 25 9
14.631 -1.4383 -1.6312 48 23 16
14.606 -1.501 -1.6334 45 26 12
14.831 -1.3141 -1.4882 43 24 10
14.634 -1.4011 -1.6044 43 24 10
14.53 -1.3691 -1.6521 42 20 0
14.628 -1.3489 -1.6193 40 23 6
14.703 -1.3873 -1.5881 46 21 16
14.559 -1.4065 -1.6897 43 26 9
14.735 -1.2407 -1.5734 31 28 13
14.628 -1.2868 -1.605 42 24 12
14.603 -1.3209 -1.6148 42 20 5
14.667 -1.3114 -1.6044 41 21 10
14.551 -1.2802 -1.6631 34 24 12
14.596 -1.3043 -1.6566 34 16 4
14.76 -1.2249 -1.6225 34 22 10
14.63 -1.3135 -1.5982 45 23 8
14.67 -1.1967 -1.6001 38 26 12
14.646 -1.2288 -1.6075 41 24 14
14.708 -1.2041 -1.6349 40 20 9
14.696 -1.2251 -1.6079 44 22 9
14.671 -1.1964 -1.5992 38 26 12
14.757 -1.1844 -1.5736 44 22 9
14.611 -1.2019 -1.605 44 24 0
14.767 -1.2155 -1.5906 42 24 12
14.704 -1.1626 -1.5839 46 26 0
14.691 -1.0873 -1.613 44 22 9
14.788 -1.1096 -1.6033 37 17 6
14.634 -1.1698 -1.5974 46 19 2
14.826 -1.1267 -1.5729 44 22 1
14.803 -1.0816 -1.5993 46 24 11
14.714 -1.1166 -1.621 47 25 14
14.687 -1.1144 -1.61 45 26 12
14.699 -1.0521 -1.5857 40 23 6
14.669 -1.0233 -1.5811 45 24 5
14.581 -1.0915 -1.6228 42 25 0
14.813 -0.99078 -1.5571 45 23 10
14.703 -1.0774 -1.5765 37 19 7
14.782 -1.0603 -1.6198 45 22 14
14.55 -1.0694 -1.6485 46 24 9
14.715 -1.0569 -1.6042 46 22 18
15.009 -0.98997 -1.4456 43 24 7
14.788 -1.0516 -1.5855 42 23 6
14.729 -1.0215 -1.5736 36 23 7
14.705 -1.0253 -1.5891 36 23 7
14.672 -1.0382 -1.6418 43 22 17
14.798 -0.95006 -1.606 43 24 8
14.642 -0.94711 -1.6132 45 24 5
14.692 -0.94923 -1.6191 45 24 7
14.84 -0.95496 -1.5132 39 23 6
14.757 -0.97345 -1.5965 43 24 8
14.783 -0.94492 -1.587 45 23 8
14.722 -0.96325 -1.5572 46 22 8
14.803 -0.9243 -1.6066 43 23 16
14.643 -0.93973 -1.5833 47 24 6
14.651 -0.9993 -1.5968 42 20 5
14.822 -0.97177 -1.5846 44 20 10
14.707 -0.99892 -1.5935 40 25 2
14.537 -0.91233 -1.7321 47 27 20
14.753 -0.87241 -1.6258 47 22 18
14.687 -0.90922 -1.569 48 25 7
14.768 -0.87555 -1.5222 45 23 2
14.758 -0.85822 -1.5645 45 29 14
14.633 -0.92229 -1.6332 34 18 5
14.828 -0.89028 -1.5715 47 23 9
14.807 -0.89246 -1.5859 46 22 8
14.841 -0.87093 -1.5934 48 25 19
14.738 -0.86681 -1.6062 46 26 19
14.851 -0.89455 -1.5833 45 22 14
14.759 -0.91574 -1.5829 47 23 9
14.62 -0.86245 -1.6195 46 27 13
14.704 -0.80439 -1.5839 45 25 14
14.747 -0.84069 -1.6077 41 25 12
14.748 -0.83381 -1.5776 57 37 13
14.608 -0.82966 -1.6064 46 26 2
14.787 -0.78771 -1.5923 35 28 20
14.643 -0.78151 -1.6285 45 27 7
14.879 -0.7654 -1.568 46 25 20
14.78 -0.79353 -1.5095 49 28 9
14.77 -0.80722 -1.5711 47 30 2
14.768 -0.78229 -1.579 44 20 10
14.653 -0.83365 -1.6082 45 26 12
15.115 -0.77598 -1.4001 44 26 12
14.695 -0.77906 -1.5947 45 27 7
14.655 -0.72173 -1.6027 46 26 15
14.81 -0.71275 -1.5971 42 21 16
14.659 -0.74782 -1.5959 44 23 20
14.701 -0.7273 -1.6029 36 25 6
14.793 -0.70675 -1.5787 44 23 20
14.66 -0.77389 -1.5877 47 25 14
14.807 -0.7557 -1.5583 43 27 14
14.755 -0.7511 -1.5616 45 22 16
14.808 -0.76196 -1.5844 40 23 16
14.822 -0.70015 -1.5307 33 27 5
14.767 -0.73215 -1.5898 43 24 8
14.801 -0.70659 -1.5726 44 23 20
14.653 -0.64968 -1.6575 44 25 18
14.753 -0.6822 -1.612 41 22 16
14.672 -0.69544 -1.5985 47 24 18
14.658 -0.68899 -1.5761 45 24 7
14.686 -0.67596 -1.6271 44 26 16
14.638 -0.66942 -1.6264 46 23 15
14.651 -0.66286 -1.5853 47 26 9
14.79 -0.62072 -1.5409 44 23 6
14.736 -0.68849 -1.6499 43 24 17
14.607 -0.63618 -1.6241 43 27 4
14.702 -0.58091 -1.5489 42 23 6
14.74 -0.56934 -1.5889 41 22 8
14.696 -0.61218 -1.5758 43 24 7
14.68 -0.5921 -1.617 43 24 8
14.7 -0.56142 -1.5843 40 21 4
14.657 -0.55316 -1.5804 38 16 1
14.646 -0.58468 -1.6121 42 23 7
14.815 -0.55446 -1.5749 28 20 0
14.748 -0.48948 -1.5706 41 22 8
14.672 -0.53424 -1.608 43 21 8
14.707 -0.50544 -1.5595 37 21 4
14.857 -0.48567 -1.5642 46 21 17
14.812 -0.53005 -1.5811 45 23 10
14.876 -0.51096 -1.5453 47 25 12
14.796 -0.52893 -1.5921 45 23 10
14.772 -0.53484 -1.5124 42 24 0
14.758 -0.51494 -1.5613 42 23 9
14.774 -0.52172 -1.5793 32 23 18
14.711 -0.54256 -1.6134 32 20 4
14.609 -0.47157 -1.6297 42 23 7
14.597 -0.47049 -1.6382 42 23 7
14.829 -0.47784 -1.552 42 23 17
14.685 -0.42204 -1.5669 41 23 9
14.713 -0.45568 -1.5715 43 23 0
14.783 -0.44902 -1.5893 41 23 9
14.877 -0.46415 -1.5528 41 22 16
14.689 -0.4477 -1.5586 41 21 0
14.682 -0.39633 -1.5753 32 24 11
14.765 -0.46631 -1.567 48 21 14
14.848 -0.38011 -1.536 38 18 9
14.683 -0.37136 -1.5773 42 23 7
14.691 -0.32221 -1.5821 42 23 9
14.655 -0.33668 -1.5726 40 24 0
14.744 -0.38475 -1.5705 46 24 1
14.792 -0.34308 -1.5488 45 23 12
14.814 -0.3802 -1.5878 45 23 12
14.806 -0.35013 -1.5701 31 18 9
14.748 -0.3607 -1.573 44 25 11
14.825 -0.40054 -1.5469 40 18 20
14.841 -0.40761 -1.5648 41 23 9
14.714 -0.35062 -1.5654 42 20 9
14.884 -0.36692 -1.5455 42 20 9
14.817 -0.2757 -1.5526 33 22 3
14.855 -0.31071 -1.5501 32 25 15
14.732 -0.32345 -1.5358 43 20 12
14.838 -0.33611 -1.5826 41 22 15
14.82 -0.32362 -1.54 41 21 10
14.884 -0.32033 -1.5596 32 23 14
14.828 -0.28236 -1.5729 41 18 12
14.751 -0.25834 -1.5688 38 18 11
14.725 -0.30286 -1.5676 38 20 10
14.763 -0.30424 -1.5223 43 19 15
14.826 -0.32945 -1.5631 33 20 12
14.683 -0.27532 -1.6348 38 18 9
14.654 -0.20488 -1.5733 37 22 3
14.772 -0.23831 -1.5602 42 24 14
14.83 -0.2311 -1.5556 34 22 0
14.886 -0.24714 -1.5468 36 15 0
14.652 -0.17913 -1.5829 38 23 2
14.671 -0.23342 -1.5598 29 16 0
14.836 -0.21288 -1.5872 43 24 7
14.781 -0.19175 -1.57 39 15 13
14.796 -0.20008 -1.5811 36 19 11
14.66 -0.23595 -1.5974 43 15 1
14.83 -0.25891 -1.5788 41 11 13
14.832 -0.21207 -1.59 43 24 7
14.718 -0.22294 -1.5619 38 20 0
14.801 -0.25315 -1.5978 46 16 18
14.771 -0.24275 -1.5882 32 19 11
14.722 -0.19897 -1.5674 39 20 3
14.781 -0.21615 -1.5604 42 22 15
14.684 -0.10734 -1.5532 29 20 3
14.72 -0.16935 -1.5494 23 20 11
14.825 -0.1317 -1.5539 39 17 4
14.717 -0.15305 -1.6123 35 16 12
14.727 -0.17578 -1.5692 21 13 2
14.753 -0.15741 -1.5579 38 19 3
14.676 -0.13417 -1.583 39 24 5
14.723 -0.12118 -1.5595 30 10 11
14.85 -0.14202 -1.5663 46 19 8
14.709 -0.16692 -1.5557 23 20 11
14.757 -0.061114 -1.5862 37 20 3
14.769 -0.085215 -1.5389 35 18 1
14.749 -0.1033 -1.5518 34 12 12
14.655 -0.074742 -1.5775 27 15 3
14.848 -0.067698 -1.5591 34 19 12
14.684 -0.057614 -1.5673 39 14 17
14.841 -0.088952 -1.5576 26 15 11
14.809 -0.10383 -1.5713 26 14 2
14.782 -0.017824 -1.5465 34 12 14
14.744 -0.0022173 -1.5462 32 14 4
14.737 -0.028034 -1.5716 35 20 1
14.655 0.029396 -1.5735 30 14 0
14.747 0.024735 -1.524 34 20 7
14.837 -0.014396 -1.5505 29 12 5
14.891 -0.011925 -1.5484 36 9 18
14.751 0.023525 -1.5217 34 20 7
14.669 0.074958 -1.5797 25 8 0
14.835 0.035894 -1.5355 34 16 16
14.758 0.065315 -1.5554 32 15 5
14.728 0.05189 -1.5713 41 15 14
14.74 0.096005 -1.5739 40 16 6
14.864 -0.00015933 -1.5377 30 12 10
14.893 0.013197 -1.5259 28 13 8
14.753 0.040111 -1.5842 44 17 10
14.754 0.070136 -1.5309 31 13 11
14.722 0.13285 -1.5345 22 16 2
14.709 0.16205 -1.5487 23 12 8
14.717 0.10741 -1.5611 41 19 4
14.81 0.11779 -1.5405 39 16 8
14.828 0.10857 -1.5594 33 19 16
14.823 0.13664 -1.54 35 17 3
14.883 0.065606 -1.5195 35 18 0
14.697 0.11747 -1.5414 34 14 15
14.736 0.14854 -1.5575 39 17 17
14.855 0.12144 -1.5461 29 11 1
14.734 0.12499 -1.5512 46 21 14
14.757 0.11399 -1.5695 39 21 7
14.872 0.088983 -1.556 34 12 14
14.856 0.14652 -1.5224 37 14 6
14.743 0.19813 -1.5443 35 21 10
14.73 0.17549 -1.5705 35 19 4
14.841 0.17283 -1.5646 18 11 19
14.719 0.23166 -1.563 31 17 4
14.802 0.16524 -1.5864 32 23 16
14.817 0.1892 -1.5324 33 14 16
14.7 0.26738 -1.5562 25 16 0
14.782 0.22711 -1.5591 34 16 6
14.543 0.32506 -1.7425 31 7 3
14.717 0.28322 -1.546 30 12 8
14.74 0.29777 -1.5411 25 12 6
14.803 0.2436 -1.5214 38 15 9
14.862 0.23625 -1.5445 9 11 0
14.679 0.27315 -1.5951 34 10 6
14.798 0.26953 -1.531 31 15 0
14.764 0.25824 -1.5746 32 12 14
14.741 0.30056 -1.5158 16 3 0
14.785 0.25139 -1.5326 38 15 9
14.834 0.30094 -1.5249 30 13 6
14.751 0.36734 -1.5253 21 10 8
14.736 0.36977 -1.5883 30 18 6
14.685 0.34643 -1.5769 27 12 7
14.777 0.3029 -1.5515 27 9 5
14.769 0.30341 -1.5807 26 13 4
14.72 0.35803 -1.5381 20 11 4
14.778 0.35238 -1.536 35 10 13
14.73 0.37284 -1.5924 30 18 6
14.775 0.37938 -1.5158 32 12 21
14.766 0.38204 -1.55 23 14 7
12.924 0.11292 -0.40117 39 23 8
14.006 0.80224 -0.77773 40 29 0
14.14 0.7072 -0.74587 51 41 4
13.945 0.80652 -0.75279 30 13 6
14.053 0.79327 -0.95257 31 25 0
14.075 0.75589 -0.90942 41 21 10
14.138 0.70585 -0.77436 61 46 27
14.131 0.72565 -0.92186 38 21 13
13.989 0.8085 -0.81159 50 38 14
14.039 0.79822 -0.98553 33 28 6
14.004 0.81393 -1.0253 29 23 0
14.054 0.81042 -1.1089 23 20 13
14.244 0.6669 -0.92367 32 13 0
14.172 0.70066 -0.9719 32 11 8
14.158 0.70513 -1.0056 40 21 14
14.033 0.79652 -1.0463 34 26 5
13.879 0.87267 -1.126 25 18 0
13.974 0.82268 -1.1307 33 28 9
14.185 0.7037 -1.2081 32 25 0
14.094 0.74733 -1.2752 35 28 2
13.92 0.8089 -1.2641 33 25 4
14.064 0.73481 -1.244 33 25 12
14.093 0.81313 -1.1976 10 14 0
14.044 0.81381 -1.1433 26 16 6
14.125 0.79628 -1.1863 10 14 0
14.096 0.78498 -1.161 18 17 0
14.111 0.79715 -1.2819 17 13 2
14.092 0.75249 -1.2094 32 23 14
13.988 0.8713 -1.2061 18 11 3
14.043 0.80741 -1.2368 21 18 0
14.084 0.81569 -1.2326 22 23 7
14.052 0.79833 -1.2977 26 10 0
14.095 0.77828 -1.2491 31 16 13
14.122 0.73969 -1.1681 33 25 4
14.019 0.84762 -1.2867 22 17 0
14.134 -1.5488 -1.4734 44 24 15
13.912 -1.1466 -1.5807 45 26 19
14.057 -0.50811 -1.4766 44 27 10
13.989 -0.37584 -1.5465 43 26 9
13.619 -0.25865 -1.684 43 25 13
13.868 -0.152 -1.5738 37 19 9
13.933 -0.20172 -1.5703 36 20 5
13.795 -0.17306 -1.5966 37 21 6
13.932 -0.23361 -1.5668 40 20 13
13.696 -0.012727 -1.6366 40 25 2
13.984 -0.077556 -1.5438 36 17 10
14.044 -0.053645 -1.4868 35 21 12
13.942 0.063816 -1.5632 38 20 10
14.104 0.82374 -1.3885 32 21 19
14.041 0.80116 -1.3326 25 17 0
14 0.84802 -1.422 21 14 6
14.054 0.79264 -1.3631 20 21 13
14.003 0.84229 -1.4905 4 6 3
14.037 0.83166 -1.3764 16 13 6
14.043 0.83008 -1.337 13 17 3
14.007 0.8427 -1.4566 5 6 0
13.975 0.89683 -1.3772 33 27 15
14.194 -1.6328 -1.5618 43 25 1
14.01 -1.5106 -1.6279 42 18 14
14.037 -1.5132 -1.6477 38 29 0
13.677 -1.6304 -1.8751 40 22 8
14.235 -1.4766 -1.6213 39 21 7
14.026 -1.5391 -1.6116 44 20 8
13.885 -1.6033 -1.6295 43 25 5
13.926 -1.6247 -1.6018 43 28 7
14.144 -1.4504 -1.602 46 26 1
13.97 -1.4885 -1.6545 40 23 6
14.19 -1.3032 -1.575 40 21 5
14.191 -1.294 -1.5439 41 22 15
14.212 -1.2764 -1.6046 43 24 10
14.176 -1.2972 -1.5513 40 21 14
13.971 -1.3335 -1.6159 40 19 0
13.888 -1.397 -1.6856 42 27 8
14.129 -1.2858 -1.6175 41 23 1
13.989 -1.22 -1.5992 41 22 5
14.122 -1.2142 -1.6038 41 22 6
14.215 -1.2363 -1.5815 40 21 15
14.215 -1.1747 -1.6006 37 21 6
14.218 -1.2266 -1.5487 38 23 4
14.151 -1.2709 -1.5675 38 21 4
14.066 -1.1829 -1.6049 43 23 16
14.041 -1.1357 -1.5542 44 26 12
14.269 -1.095 -1.55 38 25 7
14.255 -1.0972 -1.5578 38 25 7
14.251 -1.1069 -1.5956 40 21 5
14.243 -1.1388 -1.5915 38 21 4
14.217 -1.0817 -1.6256 40 22 12
14.099 -1.1677 -1.5542 39 24 5
14.183 -1.1302 -1.5489 37 26 7
14.334 -1.1315 -1.5748 42 23 7
13.831 -1.2041 -1.6451 43 25 13
14.216 -1.1344 -1.5719 38 22 5
14.187 -1.1705 -1.5783 41 24 0
14.16 -1.1754 -1.5917 36 19 2
14.06 -1.0863 -1.6318 43 24 7
14.296 -1.0311 -1.5533 43 26 8
14.212 -1.0512 -1.6308 51 27 13
14.149 -1.0823 -1.6189 58 42 25
14.39 -0.99759 -1.5442 49 27 12
14.367 -0.6585 -1.5384 46 29 19
14.264 -0.56121 -1.5819 47 25 4
14.196 -0.58878 -1.612 44 27 20
14.249 -0.53953 -1.4862 35 24 2
14.414 -0.49901 -1.4538 52 27 5
14.284 -0.50294 -1.5813 46 24 13
14.313 -0.53416 -1.5649 42 25 8
14.284 -0.4964 -1.55 54 28 13
14.159 -0.47408 -1.5514 42 26 11
14.435 -0.4576 -1.5215 44 26 4
13.959 -0.37997 -1.5925 44 26 6
14.128 -0.37279 -1.5489 45 24 7
14.403 -0.39284 -1.5161 42 24 14
14.135 -0.40418 -1.5407 43 25 3
14.363 -0.41667 -1.5337 41 23 9
13.969 -0.34188 -1.5592 42 24 14
13.992 -0.35129 -1.5819 42 24 4
14.211 -0.35839 -1.5555 42 24 4
14.204 -0.32771 -1.5597 43 25 5
14.228 -0.30113 -1.5644 42 18 6
14.344 -0.32333 -1.5344 41 20 15
14.383 -0.30078 -1.52 40 17 1
14.314 -0.32519 -1.5825 39 21 7
13.837 -0.32191 -1.7793 43 24 7
14.364 -0.36023 -1.5461 35 22 4
14.369 -0.29873 -1.5265 40 17 1
13.913 -0.16597 -1.5849 37 20 10
14.272 -0.21497 -1.5253 33 16 0
14.212 -0.23995 -1.5809 39 21 1
14.161 -0.24368 -1.5023 40 19 0
14.254 -0.24057 -1.5324 36 21 2
14.34 -0.26616 -1.5479 40 20 11
14.199 -0.19605 -1.5352 39 21 0
14.294 -0.12795 -1.5047 38 20 8
14.229 -0.11976 -1.5702 37 18 2
14.295 -0.146 -1.4344 34 22 0
14.266 -0.12736 -1.5511 36 18 0
14.322 -0.14408 -1.5569 41 17 15
14.121 -0.14657 -1.5432 40 18 5
13.994 -0.091217 -1.6075 33 18 0
13.943 -0.1068 -1.5939 34 15 8
14.291 -0.16116 -1.5318 40 17 11
14.18 -0.16353 -1.546 39 18 0
14.329 -0.1175 -1.5537 37 13 13
14.259 -0.063324 -1.5308 37 18 1
13.989 -0.047273 -1.5493 40 22 10
14.383 -0.069169 -1.511 33 17 0
14.26 -0.091963 -1.5313 38 21 1
14.172 -0.038027 -1.5417 40 22 0
14.279 -0.034415 -1.502 38 21 1
14.13 0.011983 -1.508 39 20 6
14.011 0.036044 -1.6001 41 20 3
14.376 0.18755 -1.515 41 17 5
14.4 0.20608 -1.5055 42 16 2
14.225 0.44822 -1.5813 31 13 3
14.294 0.41614 -1.5762 30 16 5
14.496 -1.5581 -1.6116 40 21 15
14.426 -1.5735 -1.6193 40 22 8
14.486 -1.5701 -1.6417 42 25 0
14.507 -1.4881 -1.5847 40 23 0
14.517 -1.5319 -1.6364 40 23 0
14.414 -1.5481 -1.629 45 22 14
14.588 -1.4146 -1.4798 40 18 7
14.65 -1.4312 -1.5677 36 22 9
14.52 -1.5216 -1.6058 46 22 22
14.477 -1.5078 -1.6344 44 25 21
14.334 -1.5671 -1.7546 34 24 0
14.592 -1.3509 -1.5611 40 24 11
14.529 -1.406 -1.622 41 23 9
14.353 -1.4511 -1.5907 37 21 4
14.548 -1.4015 -1.6193 39 21 7
14.524 -1.3804 -1.6366 41 25 12
14.44 -1.424 -1.6447 42 22 11
14.31 -1.4735 -1.645 33 26 10
14.557 -1.435 -1.6331 35 23 9
14.544 -1.3104 -1.6105 43 26 0
14.585 -1.2718 -1.5887 41 21 10
14.499 -1.3589 -1.6562 42 23 7
14.483 -1.3167 -1.6079 42 17 10
14.376 -1.3653 -1.6311 38 22 7
14.705 -1.267 -1.5107 43 26 0
14.567 -1.3126 -1.624 42 23 7
14.397 -1.2812 -1.6765 44 19 12
14.577 -1.2468 -1.6025 45 23 10
14.523 -1.2143 -1.5763 37 25 3
14.409 -1.2691 -1.635 36 21 0
14.388 -1.2652 -1.6158 42 24 14
14.231 -1.3326 -1.695 34 18 5
14.352 -1.2644 -1.6024 41 23 9
14.484 -1.2317 -1.63 40 20 11
14.442 -1.2505 -1.6887 44 22 0
14.63 -1.1799 -1.5807 43 22 5
14.504 -1.2747 -1.5737 30 22 9
14.415 -1.3061 -1.6592 43 18 11
14.372 -1.2306 -1.6005 41 21 10
14.376 -1.239 -1.6343 31 18 10
14.367 -1.2021 -1.6098 29 22 4
14.44 -1.1957 -1.6011 36 18 6
14.499 -1.136 -1.616 43 24 10
14.358 -1.1659 -1.5926 43 21 8
14.479 -1.204 -1.6373 37 23 12
14.404 -1.1658 -1.6013 41 22 18
14.442 -1.1379 -1.6137 38 20 10
14.497 -1.1557 -1.5749 39 21 1
14.468 -1.1984 -1.6164 41 23 0
14.578 -1.148 -1.5618 39 21 7
14.409 -1.1358 -1.6041 40 22 8
14.57 -1.1498 -1.5666 39 21 7
14.569 -1.0676 -1.5842 41 23 9
14.567 -1.06 -1.555 36 20 5
14.518 -1.0404 -1.592 34 22 6
14.608 -1.0883 -1.5566 34 18 5
14.588 -1.0999 -1.6007 43 25 3
14.585 -1.0378 -1.5815 44 22 9
14.498 -1.0995 -1.5893 44 21 13
14.621 -1.0669 -1.5844 41 24 0
14.627 -0.97788 -1.5687 42 25 8
14.38 -1.0071 -1.5823 42 26 13
14.619 -0.97161 -1.5447 38 26 10
14.641 -0.94949 -1.5664 42 22 0
14.549 -1.0002 -1.5479 41 22 18
14.506 -1.0224 -1.6384 41 21 14
14.529 -0.97563 -1.5687 32 20 4
14.408 -1.0035 -1.568 42 26 13
14.386 -1.0353 -1.571 51 26 22
14.408 -1.0487 -1.6226 41 24 17
14.575 -1.0047 -1.5664 29 24 5
14.538 -0.95439 -1.599 37 29 16
14.561 -1.0218 -1.632 45 24 5
14.542 -0.8991 -1.6131 48 26 15
14.42 -0.93914 -1.675 47 27 18
14.394 -0.94696 -1.5857 53 37 24
14.514 -0.89412 -1.5978 42 26 13
14.41 -0.95314 -1.6086 44 25 21
14.526 -0.87304 -1.632 44 22 7
14.397 -0.96304 -1.6522 44 24 15
14.54 -0.91188 -1.547 44 26 14
14.51 -0.92233 -1.5933 45 27 5
14.678 -0.91902 -1.5504 45 25 0
14.65 -0.89596 -1.5758 47 25 4
14.62 -0.83865 -1.5811 44 24 13
14.657 -0.78377 -1.5738 46 24 13
14.626 -0.77809 -1.5568 53 39 30
14.623 -0.81191 -1.5868 43 24 10
14.477 -0.81285 -1.6385 69 53 40
14.297 -0.85332 -1.74 78 60 46
14.624 -0.81187 -1.5863 43 24 10
14.498 -0.79724 -1.5651 43 27 14
14.48 -0.80556 -1.6096 43 28 5
14.52 -0.74133 -1.5691 36 22 13
14.516 -0.7138 -1.574 48 28 4
14.602 -0.7526 -1.5792 40 28 16
14.405 -0.78062 -1.6584 40 23 3
14.572 -0.78058 -1.5901 43 29 20
14.474 -0.70759 -1.5697 44 31 22
14.21 -0.76476 -1.6664 53 35 23
14.578 -0.74661 -1.5671 31 26 5
14.403 -0.76581 -1.5939 56 40 25
14.469 -0.77075 -1.5925 42 24 12
14.541 -0.72734 -1.6248 42 23 6
14.415 -0.72968 -1.5648 46 26 15
14.449 -0.73578 -1.5722 43 30 21
14.611 -0.63982 -1.5707 38 21 13
14.32 -0.66502 -1.5913 45 31 18
14.462 -0.67971 -1.5815 46 29 11
14.624 -0.67266 -1.5842 45 24 5
14.562 -0.69976 -1.6177 42 23 7
14.68 -0.64713 -1.5583 39 26 8
14.515 -0.67284 -1.5201 48 29 13
14.329 -0.57085 -1.5821 47 30 13
14.623 -0.58756 -1.5772 43 25 5
14.509 -0.54268 -1.5847 46 25 6
14.573 -0.61241 -1.602 49 28 7
14.371 -0.54397 -1.5646 47 28 12
14.667 -0.56356 -1.5569 42 27 6
14.369 -0.48666 -1.5824 46 27 13
14.349 -0.51397 -1.5838 49 29 18
14.585 -0.51467 -1.5228 43 23 14
14.458 -0.4719 -1.5715 40 24 11
14.413 -0.47453 -1.6271 42 25 15
14.39 -0.52966 -1.6272 46 23 5
14.428 -0.46319 -1.5577 48 31 14
14.526 -0.51655 -1.5819 34 18 5
14.381 -0.49403 -1.6065 42 22 15
14.72 -0.54118 -1.5306 44 22 7
14.546 -0.39946 -1.5418 37 27 17
14.343 -0.42083 -1.5783 45 24 7
14.574 -0.44055 -1.5759 45 23 10
14.48 -0.44039 -1.5333 46 28 8
14.637 -0.41564 -1.5169 43 22 5
14.544 -0.43164 -1.565 43 24 8
14.429 -0.40769 -1.5692 45 27 7
14.413 -0.34432 -1.5603 42 25 8
14.643 -0.36535 -1.5263 41 24 7
14.442 -0.32063 -1.5524 41 23 9
14.612 -0.34058 -1.5806 44 19 12
14.641 -0.37029 -1.5586 43 20 2
14.445 -0.32679 -1.579 33 19 8
14.532 -0.34465 -1.5595 43 24 8
14.422 -0.31214 -1.5311 40 17 9
14.538 -0.31869 -1.5682 42 22 11
14.329 -0.36197 -1.5943 40 23 13
14.584 -0.38341 -1.5526 37 18 4
14.491 -0.30622 -1.5624 32 15 8
14.703 -0.32889 -1.5335 38 19 3
14.563 -0.37518 -1.5357 44 20 8
14.518 -0.25724 -1.5592 30 19 0
14.483 -0.24592 -1.5474 32 14 4
14.396 -0.25827 -1.5846 37 19 9
14.536 -0.2866 -1.5438 34 20 11
14.572 -0.29745 -1.5564 44 22 11
14.311 -0.26731 -1.5947 40 20 13
14.621 -0.20373 -1.5466 38 20 8
14.543 -0.1828 -1.564 37 16 11
14.377 -0.13281 -1.5631 38 19 2
14.644 -0.23356 -1.5281 43 21 10
14.579 -0.22575 -1.5987 31 18 0
14.633 -0.1854 -1.577 28 9 0
14.474 -0.14143 -1.6097 44 20 8
14.715 -0.22757 -1.5192 34 21 2
14.526 -0.095504 -1.5604 30 21 2
14.673 -0.1148 -1.543 36 17 1
14.579 -0.08707 -1.5673 38 19 12
14.708 -0.17233 -1.5114 43 19 5
14.512 -0.065622 -1.5763 35 13 13
14.65 -0.083803 -1.564 41 22 6
14.54 -0.024741 -1.605 30 13 0
14.537 -0.019223 -1.5789 31 12 5
14.626 -0.018913 -1.5312 38 16 18
14.498 -0.031252 -1.5592 37 18 2
14.497 -0.057286 -1.5562 35 16 2
14.541 -0.064209 -1.4997 36 14 14
14.635 -0.07601 -1.5414 40 19 0
14.551 -0.019234 -1.5381 31 14 0
14.498 0.052594 -1.5525 37 19 0
14.642 0.022565 -1.5634 36 14 0
14.653 0.0481 -1.5355 34 11 0
14.557 0.030721 -1.5468 37 14 6
14.675 0.037198 -1.5487 34 20 7
14.666 0.04762 -1.4997 36 14 3
14.43 0.1621 -1.5501 30 10 12
14.373 0.18481 -1.5485 27 22 3
14.453 0.177 -1.5715 31 12 5
14.497 0.16538 -1.5178 33 14 7
14.477 0.22261 -1.5772 27 14 0
14.527 0.17393 -1.5678 36 16 7
14.453 0.20787 -1.552 27 8 10
14.199 0.30195 -1.6525 35 17 7
14.377 0.21091 -1.5526 29 19 7
14.426 0.24434 -1.5726 33 12 9
14.702 0.16002 -1.4786 36 13 19
14.661 0.17547 -1.5021 36 13 19
14.497 0.24081 -1.5677 27 10 3
14.591 0.17653 -1.5371 32 19 3
14.586 0.28016 -1.5652 35 16 0
14.55 0.24348 -1.5752 38 19 2
14.429 0.32701 -1.5589 36 20 7
14.415 0.33564 -1.5339 28 16 2
14.551 0.27201 -1.5523 32 16 19
14.597 0.22835 -1.5187 30 18 4
14.591 0.25259 -1.5547 31 13 3
14.429 0.27038 -1.5797 33 23 0
14.564 0.34385 -1.5634 24 12 0
14.502 0.31783 -1.5845 27 15 17
14.566 0.39438 -1.5736 33 17 4
14.614 0.35027 -1.5129 28 18 9
14.542 0.37965 -1.5836 32 14 4
14.707 0.4059 -1.4858 21 4 0
14.666 0.44995 -1.512 17 10 2
14.785 -1.522 -1.5761 44 25 11
14.793 -1.4596 -1.5548 38 30 9
14.668 -1.5155 -1.6677 41 26 23
14.62 -1.5681 -1.6213 42 22 11
14.776 -1.4493 -1.6011 39 31 18
14.71 -1.4825 -1.6763 54 27 16
14.618 -1.5617 -1.6965 44 28 13
14.643 -1.4964 -1.5906 44 22 11
14.714 -1.4717 -1.6421 39 31 18
14.661 -1.4729 -1.6202 44 24 13
14.853 -1.3973 -1.558 49 20 14
14.728 -1.4143 -1.5518 43 21 6
14.651 -1.4133 -1.604 44 25 11
14.673 -1.4419 -1.617 43 25 11
14.749 -1.391 -1.5778 43 23 12
14.575 -1.4932 -1.6383 44 25 9
14.772 -1.392 -1.5938 35 23 9
14.743 -1.4521 -1.5922 47 19 15
14.743 -1.4271 -1.6021 43 20 12
14.668 -1.3542 -1.6039 41 25 0
14.5 -1.4245 -1.6735 38 22 7
14.636 -1.4013 -1.657 42 22 0
14.615 -1.3438 -1.6478 46 22 12
14.613 -1.3626 -1.611 32 23 4
14.73 -1.3618 -1.5613 42 26 11
14.621 -1.2715 -1.6016 42 20 7
14.588 -1.3162 -1.6449 39 21 9
14.639 -1.2744 -1.6144 39 21 1
14.689 -1.2441 -1.6242 47 25 12
14.523 -1.3614 -1.6744 41 22 8
14.729 -1.1996 -1.5725 44 22 11
14.645 -1.2115 -1.5955 43 21 6
14.733 -1.2071 -1.6018 43 23 12
14.638 -1.1866 -1.6077 34 25 10
14.713 -1.178 -1.5923 43 21 8
14.597 -1.2503 -1.621 42 21 2
14.752 -1.0924 -1.5848 45 23 8
14.75 -1.1006 -1.616 42 22 11
14.709 -1.0934 -1.5868 45 23 10
14.793 -1.1001 -1.6201 39 21 11
14.843 -1.0652 -1.59 36 20 7
14.815 -1.0631 -1.5806 44 19 12
14.819 -1.12 -1.5985 35 17 7
14.794 -1.1174 -1.584 43 20 2
14.655 -1.0426 -1.603 37 16 13
14.691 -1.0704 -1.6019 41 24 7
14.726 -1.0052 -1.563 40 20 13
14.729 -1.0456 -1.6152 34 25 6
14.764 -1.0323 -1.5628 45 23 12
14.702 -1.0758 -1.6227 47 25 12
14.925 -0.97532 -1.4382 44 26 6
14.679 -1.0201 -1.6247 37 25 13
14.679 -1.065 -1.5818 42 23 9
14.65 -0.98964 -1.6134 43 21 6
14.636 -0.96489 -1.6287 36 23 4
14.778 -0.9869 -1.5957 42 23 7
14.722 -0.98765 -1.6026 43 24 8
14.755 -0.99031 -1.6113 42 23 7
14.677 -0.96777 -1.6385 47 25 12
14.601 -0.98889 -1.6143 46 25 8
14.867 -0.92557 -1.548 45 23 8
14.811 -0.92565 -1.5595 44 25 9
14.701 -0.94951 -1.5592 43 25 3
14.779 -0.96145 -1.5998 43 24 8
14.749 -0.85661 -1.6174 44 24 17
14.72 -0.8963 -1.5633 43 23 14
14.715 -0.88541 -1.6369 48 26 11
14.797 -0.88412 -1.6057 48 25 9
14.66 -0.92821 -1.5907 44 24 17
14.663 -0.8688 -1.5784 36 27 12
14.784 -0.84691 -1.5647 47 22 15
14.699 -0.90579 -1.6116 46 27 10
14.743 -0.87562 -1.5851 43 25 15
14.737 -0.8691 -1.5583 43 24 17
14.658 -0.9244 -1.6928 46 23 15
14.751 -0.82434 -1.5942 47 26 9
14.643 -0.7913 -1.6109 47 26 21
14.717 -0.81988 -1.5876 59 39 28
14.702 -0.84656 -1.5889 42 27 4
14.737 -0.79317 -1.5808 44 26 4
14.61 -0.84642 -1.6155 47 29 7
14.748 -0.79254 -1.5735 44 26 4
14.975 -0.76952 -1.4853 34 27 19
14.767 -0.80998 -1.5279 48 31 14
14.77 -0.79794 -1.5877 42 23 17
14.772 -0.77277 -1.5921 39 27 13
14.634 -0.70555 -1.602 45 23 8
14.802 -0.69743 -1.5904 41 23 9
14.781 -0.71618 -1.5686 40 29 10
14.615 -0.75898 -1.6012 45 24 5
14.793 -0.7406 -1.5546 37 24 5
14.701 -0.71118 -1.5907 46 23 15
14.797 -0.74689 -1.5815 42 24 10
14.728 -0.76152 -1.5621 49 27 6
14.648 -0.77148 -1.6428 41 23 19
14.705 -0.73684 -1.5852 46 28 8
14.878 -0.70261 -1.5667 41 19 6
14.621 -0.7323 -1.6052 46 25 4
14.786 -0.72245 -1.596 42 25 7
14.658 -0.62715 -1.6065 43 27 4
14.659 -0.66611 -1.663 42 23 16
14.796 -0.6789 -1.5068 46 25 4
14.667 -0.68569 -1.6187 45 24 5
14.733 -0.69164 -1.6044 46 28 16
14.609 -0.65273 -1.6326 34 28 4
14.615 -0.65934 -1.6613 36 23 7
14.683 -0.62155 -1.5662 41 20 15
14.725 -0.60933 -1.5974 35 22 4
14.694 -0.55133 -1.6063 43 21 8
14.656 -0.56907 -1.5933 42 23 6
14.757 -0.59858 -1.525 43 25 5
14.648 -0.60089 -1.6201 45 24 7
14.698 -0.57706 -1.5955 43 24 7
14.531 -0.50857 -1.6846 41 24 7
14.843 -0.51747 -1.5511 45 24 19
14.666 -0.48658 -1.5748 39 20 6
14.617 -0.54091 -1.6244 43 22 17
14.921 -0.48269 -1.5365 42 23 17
14.821 -0.49177 -1.5706 42 25 7
14.788 -0.49422 -1.6234 45 20 13
14.76 -0.53028 -1.5695 43 22 17
14.616 -0.54083 -1.6246 43 22 17
14.812 -0.53933 -1.5664 45 23 10
14.776 -0.48231 -1.571 35 16 10
14.673 -0.43613 -1.5863 43 18 11
14.637 -0.40092 -1.5843 30 23 0
14.669 -0.46692 -1.6105 41 21 10
14.855 -0.47106 -1.5528 45 21 19
14.776 -0.45785 -1.5765 40 22 10
14.67 -0.46122 -1.5833 43 23 12
14.694 -0.35771 -1.559 41 22 6
14.717 -0.36613 -1.575 41 21 0
14.874 -0.37937 -1.5646 41 18 10
14.703 -0.34423 -1.6193 37 20 10
14.818 -0.33767 -1.5512 40 18 0
14.663 -0.37868 -1.5719 43 21 6
14.764 -0.37785 -1.5723 42 22 13
14.821 -0.36683 -1.569 38 24 15
14.719 -0.34155 -1.578 45 23 12
14.83 -0.34431 -1.5712 43 17 0
14.838 -0.39285 -1.5558 43 25 11
14.735 -0.33897 -1.5416 42 26 9
14.868 -0.30379 -1.5574 42 17 13
14.752 -0.27326 -1.5764 42 25 15
14.809 -0.28835 -1.5696 33 21 9
14.789 -0.30415 -1.5451 43 23 14
14.703 -0.30912 -1.5659 42 19 11
14.666 -0.24749 -1.5713 39 20 3
14.768 -0.30527 -1.5892 29 15 12
14.707 -0.3147 -1.59 40 22 12
14.856 -0.3249 -1.5613 38 15 7
14.66 -0.22122 -1.5809 37 18 12
14.756 -0.24958 -1.5812 40 20 9
14.877 -0.25468 -1.5363 44 21 15
14.751 -0.25311 -1.6145 45 18 23
14.674 -0.19874 -1.5812 36 17 0
14.872 -0.2305 -1.5456 41 20 17
14.863 -0.22432 -1.5247 33 21 0
14.795 -0.20469 -1.5437 39 24 3
14.891 -0.26182 -1.5534 45 15 17
14.743 -0.21789 -1.5667 41 23 1
14.722 -0.18449 -1.5568 34 18 0
14.76 -0.22612 -1.5834 40 22 12
14.774 -0.24831 -1.5434 38 22 0
14.869 -0.22549 -1.5213 33 21 0
14.745 -0.14084 -1.5577 39 15 3
14.673 -0.11897 -1.5716 31 22 17
14.785 -0.17887 -1.5533 32 25 9
14.665 -0.15521 -1.6613 32 15 8
14.766 -0.17011 -1.5378 44 20 8
14.609 -0.12872 -1.6051 34 18 1
14.634 -0.15994 -1.5848 22 19 10
14.806 -0.088877 -1.5657 29 18 14
14.632 -0.08338 -1.6038 37 18 2
14.853 -0.078492 -1.5421 35 15 6
14.697 -0.071554 -1.541 28 16 4
14.764 -0.093956 -1.5263 38 21 4
14.805 -0.092639 -1.5924 36 16 9
14.779 0.00077538 -1.5145 35 17 5
14.767 -0.019535 -1.5134 43 16 9
14.882 -0.018316 -1.5407 34 18 18
14.798 0.011778 -1.5657 37 19 17
14.73 0.088919 -1.563 43 22 1
14.683 0.055707 -1.5798 35 12 4
14.856 0.012683 -1.5614 41 22 16
14.655 0.093748 -1.5751 35 17 15
14.733 0.064285 -1.5584 28 16 2
14.66 0.06677 -1.5647 36 14 16
14.83 0.024609 -1.5503 39 20 6
14.765 0.050002 -1.5658 43 16 9
14.723 0.095284 -1.5427 31 19 7
14.85 0.13344 -1.5656 34 20 19
14.861 0.083002 -1.547 31 17 16
14.766 0.15127 -1.5333 34 18 3
14.714 0.1218 -1.5463 25 19 5
14.742 0.10869 -1.5607 39 15 5
14.799 0.13565 -1.5402 36 14 0
14.723 0.14304 -1.5512 36 16 5
14.723 0.14027 -1.5814 39 12 5
14.746 0.10403 -1.5847 41 20 1
14.786 0.11397 -1.5696 40 18 7
14.657 0.17101 -1.5637 35 15 4
14.796 0.13344 -1.567 36 18 4
14.803 0.12803 -1.5913 43 16 21
14.85 0.15918 -1.5439 36 17 19
14.771 0.22074 -1.5484 28 9 11
14.781 0.16593 -1.5555 34 14 3
14.692 0.22836 -1.5886 30 11 13
14.821 0.16791 -1.5888 26 17 10
14.83 0.14445 -1.5533 38 14 2
14.675 0.29028 -1.5519 30 13 6
14.775 0.26906 -1.5291 38 15 9
14.744 0.25628 -1.5719 29 13 14
14.721 0.29506 -1.5341 23 9 0
14.761 0.27497 -1.5372 38 15 9
14.686 0.2588 -1.5717 33 18 0
14.801 0.25487 -1.5381 30 16 16
14.673 0.2885 -1.5815 29 20 3
14.782 0.33946 -1.5162 34 13 8
14.627 0.41505 -1.5811 31 11 12
14.738 0.33341 -1.5629 27 16 12
14.805 0.30077 -1.5506 11 14 0
14.752 0.30559 -1.5219 17 13 2
14.744 0.3551 -1.5671 35 10 13
14.743 0.30735 -1.5553 26 10 10
14.756 0.37321 -1.5632 26 10 10
14.813 0.34983 -1.4743 19 8 6
