1414
0.25113 0.49625 0.38455 0.73674 11.399 6.0691 3.4454
14.266 3.288 3.9649 88 53 24
13.94 3.0853 3.8748 89 55 17
14.037 3.0323 3.8934 93 57 19
14.117 2.9695 3.9878 101 63 27
14.096 3.0083 3.9443 95 56 25
14.169 2.9699 4.0019 96 58 19
14.072 2.9601 3.9815 100 62 26
14.092 3.0286 3.9059 80 51 27
13.89 3.0559 3.9356 87 52 22
13.832 3.1966 3.8921 87 54 9
13.828 3.0568 3.9597 84 49 20
13.881 3.051 3.9688 87 52 23
13.826 3.0889 3.8823 84 49 20
14.011 2.9715 3.9629 84 51 20
13.797 3.1098 3.9161 84 50 23
13.892 3.0682 3.8993 81 50 19
13.649 3.0911 3.9517 78 46 21
13.719 3.0889 3.8959 80 51 11
13.65 3.1043 3.915 79 46 13
13.702 3.096 3.9293 83 50 17
13.683 3.0755 3.8871 79 46 15
13.826 3.0133 3.921 81 50 22
13.873 2.9711 3.8909 82 48 10
13.682 3.1506 3.8537 78 47 19
13.784 3.0512 3.9481 82 49 14
13.622 2.9406 3.9417 54 28 3
13.567 3.0471 3.8584 55 25 0
13.566 3.1093 3.8598 80 44 6
13.584 3.1168 3.9361 77 46 15
13.612 3.0176 3.9432 48 17 0
13.566 3.0956 3.8953 78 46 5
13.609 3.112 3.8697 78 47 17
13.624 3.0775 3.9084 83 47 9
13.558 3.0452 3.8909 49 27 6
13.545 2.9192 3.9215 53 26 7
13.517 2.8944 3.9116 53 28 6
13.531 2.9905 3.9517 53 26 5
13.54 2.9116 3.9559 52 27 7
13.547 2.9321 3.8834 54 29 6
13.571 2.9475 3.9275 52 30 7
13.497 2.9398 3.8695 51 26 3
13.538 3.0099 3.8834 51 27 0
13.515 2.7739 3.8734 51 26 3
13.485 2.8906 3.8668 51 29 8
13.491 2.7971 3.9026 48 30 6
13.508 2.8929 3.9471 51 26 6
13.496 2.8739 3.8688 51 29 8
13.559 2.7613 3.9234 54 28 5
13.554 2.7533 3.9574 51 29 8
13.478 2.8018 3.9373 50 30 5
13.506 2.5334 3.9401 47 28 0
13.493 2.6155 3.9765 44 21 5
13.483 2.6476 3.932 43 21 0
13.536 2.6372 3.9487 49 28 0
13.539 2.6492 3.9111 47 27 3
13.49 2.5768 3.8969 47 26 9
13.502 2.6332 3.8988 45 23 8
13.536 2.62 3.9864 44 25 8
13.484 2.474 3.9743 51 25 2
13.464 2.5264 3.9277 48 25 9
13.449 2.5682 3.8874 45 24 7
14.019 3.0108 3.6854 80 49 21
14.073 3.0064 3.8587 88 55 14
14.07 2.9969 3.7374 81 47 20
14.13 2.9723 3.7898 81 47 18
14.1 2.9775 3.7002 81 45 19
14.107 2.9826 3.8223 84 49 27
14.074 2.9445 3.8568 90 55 33
14.106 3.0436 3.8239 64 32 9
14.104 3.0772 3.7491 70 43 24
13.95 3.0452 3.7943 82 48 21
13.925 3.0144 3.7897 81 50 22
13.871 3.0654 3.662 81 48 7
13.93 2.978 3.8656 83 50 15
13.793 3.1152 3.7657 81 49 24
14.002 3.0147 3.7243 85 49 23
13.835 3.0785 3.7344 84 50 21
13.818 3.0694 3.8062 82 51 23
13.976 2.9985 3.8396 82 50 11
13.88 3.0989 3.707 80 45 23
13.928 3.0264 3.7492 82 51 21
13.909 3.0179 3.8238 82 48 21
13.854 3.0702 3.6993 81 51 13
13.841 3.0865 3.6971 80 50 12
13.815 3.0582 3.8444 82 51 20
13.911 3.0309 3.7881 81 50 22
14.013 3.0019 3.7254 85 49 23
13.955 3.0548 3.7574 83 49 22
13.972 2.9879 3.876 77 47 23
13.949 3.0318 3.6729 75 41 12
13.775 3.048 3.8306 84 48 24
13.761 3.0946 3.7578 83 49 22
13.759 3.0676 3.6788 80 49 21
13.671 3.0894 3.7334 79 47 22
13.689 3.1414 3.7061 81 50 22
13.757 3.0853 3.7939 83 49 24
13.714 3.0647 3.8191 81 47 22
13.687 3.0534 3.7749 81 48 17
13.727 3.0637 3.7826 81 48 17
13.755 3.118 3.7178 79 49 21
13.724 3.0372 3.8566 79 49 21
13.729 3.0291 3.7051 77 47 13
13.657 3.1374 3.6624 76 46 22
13.665 3.0677 3.8076 81 48 15
13.78 3.101 3.6834 79 48 20
13.697 3.1166 3.742 80 49 21
13.534 3.1073 3.8158 53 24 3
13.523 3.1963 3.7814 78 46 21
13.608 3.0965 3.7605 78 47 16
13.547 3.071 3.7068 48 25 9
13.514 3.1025 3.7389 51 29 6
13.591 3.0582 3.7535 73 42 24
13.622 3.1093 3.8344 79 48 20
13.566 3.0601 3.6719 55 24 3
13.565 3.1383 3.6427 73 43 7
13.663 3.0694 3.6562 76 44 19
13.531 3.1544 3.709 77 44 11
13.602 3.1196 3.7223 76 45 17
13.554 3.139 3.6767 76 42 7
13.58 3.0583 3.7877 68 38 22
13.558 3.0264 3.7805 49 26 8
13.633 3.093 3.6906 79 43 17
13.659 2.9992 3.8382 73 43 9
13.524 2.9153 3.8414 51 26 4
13.544 2.9011 3.8065 51 29 8
13.522 2.9794 3.6948 51 26 6
13.571 2.9433 3.7781 50 30 5
13.564 2.9683 3.7387 51 24 13
13.572 2.9914 3.821 50 24 7
13.618 2.9225 3.6719 48 26 5
13.501 2.9588 3.6507 48 28 3
13.514 2.9234 3.6874 50 28 4
13.555 2.951 3.8126 49 27 6
13.508 2.9169 3.7232 48 26 15
13.511 2.9996 3.8408 50 23 14
13.5 2.9949 3.7277 49 25 15
13.515 3.0042 3.6563 52 30 6
13.509 2.9674 3.7642 53 27 10
13.57 2.975 3.7045 50 28 15
13.514 2.9248 3.6867 51 29 5
13.466 2.7972 3.8206 49 30 0
13.47 2.8541 3.672 49 27 4
13.516 2.7665 3.7168 48 26 11
13.521 2.6936 3.8691 49 27 4
13.504 2.8774 3.8324 50 25 3
13.505 2.8063 3.8316 47 25 14
13.453 2.8096 3.6643 51 25 11
13.465 2.9142 3.7147 49 27 4
13.519 2.8013 3.7955 47 26 5
13.525 2.8077 3.7587 51 29 6
13.509 2.9005 3.762 49 28 7
13.475 2.7976 3.7857 49 27 6
13.517 2.7491 3.754 50 25 3
13.467 2.9263 3.6777 50 26 14
13.505 2.8914 3.7963 49 29 5
13.512 2.6504 3.825 44 23 6
13.502 2.6834 3.7847 51 23 12
13.511 2.6359 3.8634 52 24 10
13.491 2.625 3.7785 49 25 13
13.502 2.5303 3.778 49 26 8
13.495 2.6349 3.7414 47 27 16
13.501 2.6595 3.6648 48 27 0
13.52 2.6109 3.7074 45 25 0
13.531 2.653 3.7489 51 29 8
13.424 2.709 3.6483 46 26 2
13.523 2.539 3.8644 46 24 1
13.512 2.6242 3.7073 45 25 0
13.496 2.5043 3.8587 48 25 9
13.479 2.5232 3.6878 46 25 4
13.679 4.1264 3.4613 47 23 9
14.185 3.0502 3.6001 73 40 9
14.037 3.0056 3.6464 79 43 17
14.042 3.0176 3.4467 73 41 20
13.894 3.0523 3.6272 77 47 13
13.997 3.0065 3.5975 77 46 16
13.844 3.0369 3.6544 82 49 16
13.843 3.0547 3.456 73 43 17
13.877 3.0277 3.5809 77 43 14
13.952 3.0306 3.5148 77 45 22
13.849 3.0769 3.5417 77 43 18
13.946 3.0209 3.5551 76 44 19
13.972 3.0203 3.6366 74 43 13
14 3.0056 3.4343 73 43 17
13.835 3.1246 3.4648 74 43 15
14.016 3 3.5659 76 47 16
13.868 3.0988 3.5861 76 42 13
13.917 3.0111 3.504 80 48 10
13.836 3.0627 3.6144 77 44 3
14.028 2.9563 3.4777 77 46 25
13.803 2.9641 3.6368 78 45 14
13.793 3.0545 3.6057 79 46 5
13.746 3.1296 3.566 79 45 7
13.719 3.1182 3.521 76 47 16
13.75 3.1243 3.5668 79 45 7
13.705 3.105 3.5946 80 47 6
13.694 3.0888 3.5136 77 43 14
13.751 3.0928 3.4843 77 46 26
13.734 3.0676 3.4363 77 42 12
13.644 3.1387 3.5479 75 44 14
13.699 3.0976 3.4771 75 43 18
13.606 3.159 3.6177 75 46 2
13.714 3.1095 3.5566 77 45 22
13.873 3.0023 3.494 76 42 13
13.839 3.029 3.5308 80 44 22
13.759 3.0832 3.6399 78 46 21
13.806 3.0391 3.4483 77 43 16
13.671 3.0891 3.5837 76 45 17
13.547 3.1159 3.5987 71 41 7
13.624 3.0568 3.4938 74 46 15
13.591 3.0413 3.6376 56 23 4
13.621 3.1077 3.5369 76 45 15
13.648 3.0572 3.5761 76 45 15
13.336 3.4016 3.4508 74 45 23
13.725 3.0008 3.4661 72 42 14
13.536 3.1129 3.483 72 43 22
13.623 2.9479 3.5968 46 25 0
13.573 3.0476 3.5207 44 19 0
13.606 3.0977 3.6103 78 45 4
13.534 3.0868 3.5549 50 25 2
13.552 3.1387 3.5277 73 42 14
13.611 3.1209 3.538 75 44 14
13.609 3.0936 3.6106 78 45 4
13.652 3.0811 3.5041 79 48 17
13.626 3.0685 3.458 73 44 22
13.531 3.1518 3.5644 76 41 19
13.533 2.9277 3.6155 49 25 13
13.528 2.9503 3.5784 50 28 4
13.494 2.9487 3.5326 50 25 3
13.548 3.0024 3.5483 48 26 2
13.493 3.0662 3.5835 48 28 4
13.527 2.9985 3.4674 49 25 11
13.492 2.9669 3.4942 55 33 10
13.521 2.9758 3.5406 50 25 3
13.562 3.0177 3.6301 48 27 6
13.544 3.0542 3.441 50 24 10
13.525 3.0505 3.5133 49 23 6
13.553 2.8933 3.4591 54 27 16
13.469 2.9704 3.5677 49 24 4
13.575 2.9327 3.6249 45 23 0
13.501 3.0197 3.5006 53 28 8
13.544 3.0394 3.4752 44 25 11
13.534 3.0038 3.4303 51 29 5
13.523 2.7641 3.5198 46 22 8
13.501 2.8146 3.4788 53 28 6
13.503 2.7221 3.5084 48 28 4
13.527 2.8514 3.6458 49 28 1
13.44 2.8463 3.6258 49 24 4
13.489 2.8719 3.5629 48 26 2
13.477 2.804 3.5923 51 26 4
13.472 2.8812 3.5987 49 24 4
13.516 2.7593 3.5572 51 27 15
13.51 2.8872 3.451 51 30 11
13.489 2.849 3.4393 49 26 10
13.468 2.7945 3.4714 51 30 3
13.528 2.8277 3.5265 52 25 14
13.517 2.8617 3.4888 50 27 11
13.466 2.8142 3.4324 51 25 11
13.569 2.8051 3.6109 52 29 0
13.466 2.8755 3.6353 47 27 2
13.425 2.724 3.6164 48 28 4
13.475 2.6325 3.452 48 28 17
13.479 2.6526 3.5793 47 24 6
13.487 2.7308 3.5466 52 27 5
13.441 2.6041 3.6445 47 25 4
13.446 2.7637 3.6222 48 25 7
13.488 2.6551 3.5393 46 24 13
13.487 2.6726 3.4991 49 28 9
13.521 2.6351 3.4597 49 26 10
13.492 2.5872 3.4894 47 23 11
13.382 2.7197 3.6028 46 24 3
13.481 2.5894 3.5294 47 26 5
13.494 2.7197 3.5473 52 27 5
13.479 2.7107 3.6241 48 25 7
13.551 2.6128 3.5899 50 26 0
13.448 2.5644 3.5198 49 25 11
13.428 2.5646 3.5982 49 28 1
14.129 3.0882 3.3458 71 40 10
14.07 3.0337 3.328 72 38 13
14.039 3.024 3.278 69 38 8
14.054 3.067 3.2892 74 42 3
13.997 3.0558 3.3175 71 42 11
13.881 3.0247 3.2521 72 37 15
13.854 3.0877 3.3428 73 41 18
13.865 3.0593 3.3787 72 40 17
13.916 3.0425 3.4285 74 42 19
13.872 3.082 3.3027 70 40 16
13.847 3.0648 3.4184 73 41 16
13.937 3.1098 3.359 70 39 9
13.956 3.0592 3.268 69 39 13
13.862 3.0936 3.3032 70 40 16
13.894 3.1156 3.3129 69 38 8
14.017 3.0035 3.2274 69 40 9
13.85 3.047 3.295 73 40 7
13.96 3.0061 3.3896 67 37 9
13.986 3.038 3.3939 71 41 17
13.843 3.0862 3.2201 73 41 16
13.984 2.9936 3.3482 70 39 19
13.887 3.0787 3.2641 71 40 9
13.756 3.055 3.3998 76 42 13
13.667 3.0928 3.4286 76 44 19
13.683 3.0698 3.2709 73 42 11
13.821 3.0512 3.371 74 43 15
13.753 3.0591 3.2394 74 42 21
13.796 3.0519 3.2843 75 42 7
13.695 3.0707 3.2323 71 40 10
13.73 3.0573 3.3142 76 42 7
13.663 3.1131 3.3939 76 42 13
13.779 3.0879 3.2467 72 42 14
13.696 3.0852 3.3542 76 41 21
13.79 3.0435 3.3239 72 42 4
13.755 3.0722 3.3628 75 41 14
13.778 3.089 3.4096 75 43 22
13.811 3.0796 3.3343 73 41 18
13.833 3.0366 3.203 74 42 17
13.773 3.0644 3.3249 72 42 4
13.738 3.0625 3.2771 72 42 14
13.561 3.1098 3.4135 71 41 15
13.46 3.1836 3.2572 67 41 26
13.573 3.1056 3.2206 69 38 18
13.553 3.0875 3.3329 70 39 9
13.632 3.107 3.3458 74 41 8
13.608 3.0912 3.3021 74 39 17
13.594 3.1252 3.2664 71 40 12
13.622 3.1054 3.3838 73 42 14
13.569 3.0343 3.4038 49 10 1
13.558 3.1278 3.3778 71 40 12
13.557 3.0663 3.3668 56 26 0
13.623 3.1338 3.312 75 43 5
13.548 3.1255 3.2578 70 39 9
13.556 3.1313 3.3774 71 40 12
13.5 3.1749 3.3012 70 36 7
13.597 3.0911 3.3386 70 40 6
13.604 3.0808 3.338 70 40 6
13.645 3.0729 3.2254 54 25 4
13.626 3.0842 3.4209 75 44 23
13.51 2.988 3.3851 52 27 4
13.497 3.0525 3.2758 46 23 5
13.474 2.9686 3.2186 51 26 6
13.501 3.0811 3.3607 50 23 4
13.517 3.0427 3.3947 51 26 6
13.512 2.916 3.3763 48 27 0
13.545 3.0335 3.3218 45 22 4
13.52 2.9564 3.4227 49 27 3
13.538 3.0591 3.2845 47 20 0
13.525 2.9804 3.3505 50 24 7
13.486 2.9872 3.3022 48 28 4
13.505 2.9433 3.3374 49 27 3
13.522 2.95 3.2615 51 26 6
13.506 2.9886 3.2269 45 22 4
13.513 3.0447 3.2388 44 20 6
13.505 3.0407 3.275 46 23 5
13.498 3.0362 3.3111 42 19 3
13.512 2.8079 3.278 48 26 3
13.577 2.725 3.2326 49 24 4
13.477 2.7897 3.2655 52 27 5
13.491 2.791 3.3946 51 26 3
13.481 2.8222 3.3548 50 29 2
13.517 2.8548 3.3276 50 26 0
13.484 2.7948 3.2307 50 26 14
13.491 2.8225 3.3198 48 26 2
13.487 2.8852 3.3627 52 26 12
13.506 2.9087 3.4142 49 25 11
13.514 2.828 3.4026 53 27 13
13.509 2.9001 3.2527 48 23 1
13.489 2.7539 3.3025 48 26 2
13.5 2.8967 3.294 47 24 8
13.504 2.9066 3.2528 48 23 1
13.45 2.6306 3.3599 48 23 0
13.531 2.6366 3.4211 48 26 5
13.497 2.7002 3.214 48 25 7
13.461 2.7067 3.3344 47 25 4
13.51 2.6093 3.3724 46 25 4
13.452 2.696 3.2085 40 15 11
13.483 2.6102 3.2844 44 23 6
13.485 2.7258 3.3854 53 28 6
13.491 2.7335 3.3453 48 24 0
13.464 2.7184 3.2972 47 25 4
13.499 4.7385 3.3014 69 39 13
14.863 3.9211 3.2107 71 41 15
14.997 3.7957 3.1975 47 24 8
14.031 3.0809 3.1577 74 42 21
13.957 3.0274 3.1815 71 41 17
13.938 3.066 3.143 79 49 15
13.854 3.074 3.0513 68 38 12
13.996 3.0142 3.095 76 45 17
13.951 3.0038 3.0881 75 44 16
13.848 3.0656 3.0876 69 37 12
13.885 3.0514 3.1731 69 41 14
13.926 3.0035 2.9979 65 36 14
13.903 3.0924 3.0183 72 40 0
13.955 3.0154 3.0495 72 41 10
13.732 3.0531 3.1559 78 44 17
13.736 3.0473 2.9855 68 37 16
13.774 3.0631 3.1598 75 45 19
13.735 3.0661 3.1134 71 40 9
13.724 3.1115 3.2029 73 41 16
13.858 3.0068 3.0312 68 39 7
13.703 3.0738 3.0317 70 37 6
13.627 3.1418 3.1175 69 39 15
13.694 3.0707 3.0686 72 39 6
13.859 2.9883 3.0719 70 39 9
13.732 3.0852 3.077 69 38 8
13.821 3.0673 3.1682 71 41 15
13.829 3.0729 3.1276 70 40 14
13.791 3.0573 3.1191 70 39 18
13.786 3.0481 2.9927 66 37 16
13.734 3.0983 3.0381 69 38 7
13.734 3.0358 3.1914 76 44 23
13.818 3.0718 3.0008 66 37 16
13.547 3.0776 3.2074 70 44 21
13.493 3.1657 3.024 66 38 1
13.597 3.0888 3.1801 67 39 10
13.642 3.0917 3.1899 73 41 18
13.518 3.116 3.0558 66 36 0
13.578 3.0812 3.0964 68 36 11
13.626 3.0961 3.0654 70 35 16
13.512 3.1418 3.1772 67 38 17
13.655 3.0737 3.0267 69 34 12
13.604 3.094 3.1469 73 43 15
13.518 3.1478 3.1408 67 37 1
13.62 3.0395 3.0524 66 36 8
13.651 3.0955 3.1516 75 42 23
13.58 3.1103 3.0212 68 38 14
13.556 3.1745 3.1142 67 31 15
13.657 3.0863 2.9841 70 40 14
13.512 2.9221 3.0107 44 22 0
13.518 3.0685 3.1657 50 24 10
13.547 2.9928 3.0719 41 19 0
13.542 3.0164 3.0366 44 22 0
13.539 2.956 3.1876 45 20 13
13.493 3.0344 2.9973 44 17 10
13.552 3.0048 3.1975 47 24 8
13.545 3.0463 3.1233 44 23 2
13.564 3.0013 2.9938 41 15 0
13.526 2.9385 3.1026 47 21 4
13.511 2.9287 3.1776 50 24 7
13.48 3.0569 3.1572 47 25 4
13.546 2.9256 3.0594 47 21 6
13.488 3.0267 3.0332 43 23 0
13.584 3.0077 3.0791 54 24 0
13.476 2.9967 3.1455 44 21 3
13.503 3.0399 3.1185 44 20 6
13.487 2.8736 3.0377 45 23 2
13.481 2.9198 3.1314 47 26 9
13.503 2.8706 3.1673 44 25 9
13.494 2.8681 3.2007 50 28 5
13.506 2.827 3.0751 44 23 4
13.45 2.8976 3.1172 45 22 4
13.454 2.8185 3.1074 48 22 8
13.448 2.8447 3.0671 47 24 6
13.444 2.9554 3.0073 44 21 5
13.436 2.8224 2.979 43 23 0
13.526 2.8697 3.0848 46 25 4
13.505 2.7949 3.148 50 27 9
13.52 2.7547 3.1854 50 24 10
13.523 2.8907 3.0466 46 25 0
13.564 2.8283 3.0379 46 25 0
13.485 2.7522 3.1376 49 25 11
13.499 2.7883 3.1885 50 24 10
13.457 2.8468 3.0282 44 21 3
13.459 2.8611 2.9905 40 17 0
13.432 2.6231 3.0616 44 23 4
13.437 2.6593 3.1557 40 23 6
13.501 2.6676 3.0818 47 24 6
13.415 2.847 3.1864 49 28 11
13.484 2.678 3.1245 45 23 2
13.478 2.7224 3.0483 46 23 5
13.466 2.647 3.0732 43 25 5
13.456 2.7737 3.0152 48 23 1
13.853 3.1239 2.7648 25 6 0
13.796 3.2057 2.9094 39 17 6
13.901 3.0012 2.9065 67 37 11
13.927 3.1121 2.897 38 14 4
13.934 3.0259 2.9152 66 40 13
13.849 3.0808 2.8817 63 38 8
13.734 3.0492 2.8174 69 40 8
13.767 3.1189 2.8844 65 39 14
13.794 3.1008 2.8393 65 38 5
13.825 3.0309 2.7333 69 38 10
13.816 3.0903 2.7933 68 40 13
13.723 3.0322 2.8973 69 40 9
13.681 3.1341 2.7949 69 39 13
13.808 3.0362 2.9493 70 39 18
13.727 3.0591 2.8194 69 40 8
13.81 3.0967 2.9648 66 37 6
13.756 3.0377 2.9439 70 41 9
13.77 3.052 2.8687 70 40 16
13.879 3.0294 2.7362 69 38 8
13.748 3.064 2.9047 69 40 16
13.695 3.0844 2.8649 70 40 14
13.732 3.0848 2.7411 68 37 9
13.808 3.0361 2.7762 70 39 8
13.551 3.1788 2.9572 70 41 7
13.695 3.0348 2.8083 71 41 15
13.642 3.0899 2.8605 69 38 18
13.626 3.0292 2.8859 68 38 10
13.59 3.094 2.8582 70 41 9
13.699 3.0467 2.9415 70 40 16
13.617 3.0572 2.8506 70 41 9
13.541 3.193 2.9592 70 41 7
13.618 3.0879 2.7764 71 42 10
13.565 3.0944 2.7691 73 39 12
13.637 3.0801 2.9003 70 40 14
13.559 3.087 2.8119 69 40 16
13.566 3.046 2.8831 67 36 16
13.685 3.0652 2.7728 71 42 11
13.596 3.0547 2.9289 68 39 8
13.519 3.144 2.9838 65 36 4
13.463 3.204 2.8763 69 36 17
13.617 3.0761 2.9755 67 37 13
13.581 3.1219 2.8238 67 38 4
13.558 2.9543 2.7753 42 21 4
13.478 2.9898 2.9802 46 20 6
13.545 3.0591 2.9249 66 36 10
13.5 2.9732 2.9399 43 24 8
13.599 2.932 2.8559 45 21 7
13.558 2.8838 2.7553 45 25 1
13.513 3.0694 2.8417 49 19 5
13.531 2.9968 2.9495 45 23 0
13.517 2.9972 2.8248 42 20 7
13.594 2.814 2.7792 49 24 2
13.561 2.8787 2.7574 48 24 10
13.515 2.9832 2.8601 41 22 5
13.516 3.0838 2.9683 43 17 0
13.543 3.0601 2.7596 60 38 15
13.537 3.0038 2.9108 43 21 6
13.496 3.1089 2.8118 65 36 12
13.503 2.9853 2.9008 41 19 4
13.477 2.8488 2.9477 48 22 5
13.526 2.8593 2.7459 47 25 2
13.478 2.8081 2.8528 47 20 11
13.498 2.7581 2.8902 44 20 6
13.491 2.8781 2.831 44 23 2
13.501 2.8794 2.787 49 24 4
13.476 2.7704 2.7585 46 26 1
13.459 2.9639 2.9279 46 20 5
13.507 2.7793 2.8054 48 25 9
13.468 2.9342 2.9649 41 18 0
13.484 2.8727 2.871 47 21 6
13.514 2.8259 2.8624 47 21 6
13.49 2.8455 2.9074 47 26 7
13.44 2.9176 2.7475 47 27 2
13.457 2.8746 2.7829 48 27 8
13.491 2.7522 2.9302 45 22 6
13.566 2.8207 2.8667 45 23 0
13.551 2.861 2.8308 46 24 3
13.441 2.6796 2.9021 43 21 10
13.48 2.677 2.9465 46 24 3
13.432 2.8053 2.845 43 20 4
13.445 2.7684 2.8825 45 22 6
13.486 2.7375 2.7921 46 24 9
12.335 4.9253 3.084 27 14 0
13.889 3.1435 2.5961 38 12 0
13.904 3.079 2.7121 29 9 0
13.867 3.0756 2.6654 67 39 8
13.865 3.1106 2.586 26 8 0
13.842 3.059 2.6136 70 39 11
13.745 3.0675 2.5657 69 40 16
13.798 3.0487 2.6064 69 39 15
13.728 3.1053 2.5315 67 38 17
13.735 3.0962 2.5283 67 38 17
13.66 3.1292 2.7069 71 39 16
13.637 3.1427 2.7528 73 43 7
13.731 3.053 2.6444 71 37 8
13.806 3.0058 2.6793 70 37 6
13.834 3.0367 2.6917 67 36 5
13.859 3.0378 2.6069 70 39 11
13.742 3.1036 2.658 70 41 9
13.768 3.1329 2.6768 69 38 18
13.842 3.0416 2.4776 70 41 17
13.818 3.0397 2.5606 69 39 15
13.701 3.0753 2.5199 69 40 16
13.735 3.0634 2.605 67 36 15
13.823 3.0499 2.5172 67 38 17
13.617 3.0713 2.6449 70 42 5
13.61 3.0652 2.6838 69 41 12
13.462 3.188 2.7488 66 38 9
13.687 3.0608 2.601 69 39 5
13.669 3.1006 2.5673 67 42 12
13.646 3.0665 2.7293 69 41 10
13.652 3.0729 2.5188 69 41 14
13.542 3.1401 2.5781 70 41 19
13.619 3.1002 2.5721 71 40 19
13.603 3.0394 2.5945 69 41 10
13.562 3.0647 2.6797 68 41 6
13.671 3.0659 2.6454 70 40 4
13.568 3.0571 2.6772 68 41 6
13.63 3.0709 2.6016 70 42 5
13.582 3.0875 2.7323 68 40 13
13.507 3.1569 2.6634 69 40 8
13.66 3.0641 2.6869 70 42 11
13.47 3.1769 2.7474 66 38 9
13.502 3.098 2.6441 66 36 10
13.378 3.1124 2.7211 45 24 3
13.522 3.0218 2.7492 46 24 3
13.496 3.0234 2.6626 47 25 2
13.49 3.1304 2.6111 67 38 7
13.522 3.0032 2.6142 45 23 2
13.49 3.1467 2.5746 67 38 16
13.461 3.0412 2.7496 47 25 4
13.451 3.0728 2.718 45 24 3
13.529 2.9553 2.5142 51 26 4
13.54 2.9224 2.5486 47 25 10
13.431 3.1822 2.7067 48 19 0
13.508 3.1216 2.5679 67 38 16
13.478 2.9801 2.6474 49 24 2
13.526 3.0321 2.709 46 26 0
13.513 3.0316 2.5825 48 25 7
13.481 3.0929 2.5577 47 27 3
13.521 2.9339 2.5927 48 26 3
13.447 2.8845 2.6143 48 23 0
13.444 2.9284 2.7102 46 24 0
13.489 2.7791 2.497 46 26 2
13.472 2.8803 2.5266 46 22 8
13.443 2.9789 2.6016 47 25 2
13.493 2.8706 2.6559 47 22 2
13.491 2.9237 2.5436 46 25 8
13.451 2.9881 2.7338 45 26 10
13.495 2.9355 2.5048 48 25 9
13.471 2.8296 2.6416 47 25 4
13.489 2.8936 2.6208 45 23 0
13.487 2.8957 2.6213 45 23 0
13.414 2.8793 2.5669 46 26 2
13.444 2.8156 2.5935 49 24 2
13.419 2.7963 2.5422 47 23 9
13.452 2.7847 2.6256 49 24 2
13.464 2.7476 2.6598 47 25 2
13.418 2.8041 2.7174 48 23 0
13.41 2.7335 2.5197 44 27 10
13.458 2.7928 2.587 49 24 2
13.87 3.6342 2.5358 69 40 16
13.833 3.1179 2.3255 66 36 10
13.872 3.0864 2.4467 34 10 0
13.881 3.0752 2.4429 34 10 0
13.749 3.0939 2.3121 64 36 9
13.78 3.006 2.4109 69 38 18
13.744 3.1164 2.4533 69 39 15
13.775 3.0931 2.4007 67 36 8
13.818 3.0559 2.3419 65 35 7
13.784 3.1307 2.285 66 38 11
13.734 3.049 2.4698 70 41 19
13.749 3.0773 2.3479 67 38 17
13.742 3.1025 2.4908 68 41 20
13.702 3.105 2.2686 65 36 4
13.835 3.0842 2.3994 70 41 9
13.777 3.0739 2.2626 65 36 15
13.602 3.1065 2.4452 68 37 17
13.69 3.0052 2.3656 66 36 8
13.58 3.1048 2.5239 71 42 20
13.56 3.0815 2.4742 67 39 10
13.575 3.1249 2.3214 68 38 12
13.647 3.1274 2.411 65 37 0
13.609 3.1294 2.3623 67 35 10
13.532 3.1353 2.4515 66 38 1
13.544 3.0883 2.516 65 38 21
13.623 3.1277 2.4932 66 40 17
13.517 3.1383 2.326 64 36 0
13.596 3.0812 2.3457 64 34 16
13.658 3.114 2.4063 65 37 0
13.685 3.0113 2.3689 66 36 8
13.708 3.0646 2.3433 65 37 10
13.565 3.1409 2.4965 72 41 10
13.563 3.1094 2.3998 65 35 9
13.65 3.0913 2.3093 65 35 9
13.638 3.1241 2.4498 68 38 10
13.503 2.9898 2.3548 45 22 6
13.537 3.0946 2.3492 64 35 11
13.493 3.0566 2.4203 42 21 0
13.543 3.0211 2.4938 64 35 14
13.502 2.9577 2.4264 47 24 6
13.526 3.0626 2.4618 68 37 16
13.509 2.9977 2.3119 44 21 5
13.541 3.0051 2.3602 43 11 0
13.571 2.929 2.4184 45 23 10
13.483 3.1538 2.4114 64 35 1
13.546 3.0148 2.319 39 16 0
13.51 3.1003 2.436 65 35 11
13.477 3.1287 2.3185 64 33 5
13.495 3.0217 2.4916 49 24 19
13.543 2.9151 2.3689 44 23 2
13.479 2.8257 2.2431 48 22 7
13.471 2.8595 2.3899 46 24 1
13.465 2.8868 2.3531 43 25 3
13.465 2.8515 2.4312 46 25 4
13.494 2.9147 2.3685 45 22 14
13.452 2.9945 2.3537 44 23 2
13.482 2.8081 2.4606 47 24 6
13.462 2.9295 2.46 48 26 2
13.456 2.9332 2.2914 47 21 4
13.496 2.8957 2.4048 46 25 0
13.47 2.8214 2.2878 47 24 6
13.51 2.9265 2.2846 44 20 6
13.495 2.8571 2.3023 46 23 5
13.48 2.8103 2.4614 47 24 6
13.434 2.7847 2.3164 42 24 2
13.403 2.8161 2.373 44 21 5
13.454 2.7758 2.4485 46 24 13
13.765 3.0414 2.1961 60 34 17
13.59 3.0717 2.2124 63 37 14
13.654 3.1018 2.2695 65 37 10
13.733 3.0154 2.1881 62 35 14
13.62 3.0803 2.2634 68 39 7
13.637 2.9905 2.2234 65 37 10
13.624 3.0076 2.2302 65 37 10
13.632 3.0808 2.2156 61 37 11
13.518 3.0865 2.2607 62 33 12
13.474 3.0651 2.2927 45 21 7
13.545 3.0498 2.2452 62 33 12
13.472 3.1682 2.2492 64 36 5
13.524 3.0276 2.1894 58 37 20
13.504 2.9517 2.2499 46 26 2
13.509 3.0318 2.2386 48 21 2
13.503 2.8794 2.2279 44 24 0
13.266 3.014 2.3157 43 21 6
13.439 2.8119 2.2321 43 24 7
12.425 2.6617 1.9989 64 36 22
12.42 2.6535 2.0353 64 40 14
12.327 3.0031 2.1033 64 35 11
12.317 2.6224 2.0566 89 66 35
12.339 2.6921 2.0448 60 38 15
12.344 2.6538 2.0744 59 39 15
12.319 2.785 2.0457 65 38 1
12.385 2.6766 2.0032 61 35 18
12.29 2.767 2.0391 60 35 3
12.34 2.5596 1.9918 58 39 9
12.417 2.5194 2.0188 62 37 5
12.409 2.572 1.9989 62 35 16
12.286 2.6564 1.9976 61 36 16
12.3 2.5792 1.9989 63 38 18
12.358 2.812 1.9864 54 27 10
12.41 2.7527 1.957 64 38 15
12.382 2.7292 1.9486 54 27 10
12.224 2.7931 2.018 44 24 0
12.262 2.7734 2.0067 59 33 19
13.998 3.0393 3.9042 93 57 19
13.891 3.0317 3.9156 86 53 10
13.936 2.962 3.9627 83 51 13
13.893 3.0894 3.9187 84 50 15
13.927 3.0332 3.963 86 53 22
13.772 3.1038 3.9292 82 49 14
13.945 3.0427 3.8936 78 47 16
13.926 3.0052 3.8844 81 50 20
13.78 3.1083 3.8939 79 45 18
13.679 3.0575 3.8655 81 48 15
13.673 3.1104 3.904 81 46 16
13.729 3.0838 3.9556 78 47 19
13.774 3.057 3.8907 80 49 21
13.639 3.1407 3.9298 81 48 15
13.718 3.0681 3.8766 82 47 15
13.789 3.0675 3.9671 83 49 24
13.789 3.0232 3.9286 82 50 12
13.589 3.0249 3.9173 53 23 0
13.613 3.0692 3.8879 78 46 5
13.609 3.0602 3.9221 80 44 22
13.55 3.0936 3.8739 59 27 2
13.61 3.119 3.9231 81 45 7
13.686 3.0339 3.9031 81 48 17
13.558 2.9411 3.903 54 28 5
13.559 2.9547 3.8688 52 27 4
13.518 2.9187 3.932 54 27 8
13.527 2.9204 3.8961 53 29 3
13.51 2.9604 3.8557 52 30 6
13.542 2.9489 3.9401 54 27 8
13.544 3.0253 3.905 51 27 0
13.575 2.9663 3.9483 50 28 5
13.483 2.8524 3.8827 52 27 4
13.512 2.7193 3.9257 47 29 5
13.536 2.6981 3.8937 48 26 2
13.482 2.7516 3.9538 50 29 0
13.54 2.7476 3.9348 49 27 6
13.538 2.8214 3.9371 53 27 2
13.55 2.8194 3.9001 51 25 2
13.518 2.62 3.9618 41 22 5
13.512 2.6465 3.9216 45 25 0
13.529 2.5427 3.9273 48 26 3
13.499 2.5147 3.9172 46 27 0
13.495 2.5829 3.9554 48 22 8
13.531 2.6331 3.886 45 23 8
13.363 2.5741 3.9215 44 27 0
13.465 2.5547 3.9496 50 24 1
13.47 2.4838 3.9104 49 28 9
13.431 2.4374 3.9769 44 27 0
13.374 2.474 3.9162 49 25 0
14.312 3.192 3.7477 83 52 24
14.075 2.9658 3.8785 91 56 24
14.058 3.0038 3.6727 76 42 15
14.049 3.0113 3.8341 85 53 15
14.094 2.9751 3.8013 83 49 20
14.058 2.9877 3.7132 83 49 24
14.126 2.9677 3.8894 85 52 11
14.084 3.0617 3.7645 72 43 21
13.848 3.0559 3.6747 80 47 14
13.89 3.1094 3.7291 78 48 20
13.933 3.0732 3.6942 82 46 20
13.825 3.1275 3.717 80 49 19
13.85 3.068 3.7939 83 49 24
13.917 3.0019 3.765 82 48 19
13.898 2.9936 3.8388 80 49 21
13.922 2.9482 3.8824 83 48 19
13.951 2.9899 3.8517 85 52 17
13.92 3.0435 3.807 82 48 21
13.788 3.0991 3.7448 81 49 24
13.805 3.093 3.7069 83 51 13
13.884 3.0718 3.6859 78 48 10
13.947 3.0551 3.8553 84 49 19
13.922 3.0554 3.7696 79 48 20
13.657 3.1454 3.7182 78 49 18
13.765 3.1121 3.7785 84 51 16
13.76 3.0732 3.7373 81 50 22
13.647 3.1143 3.8246 80 49 18
13.762 3.0872 3.8499 82 51 20
13.77 3.092 3.8157 81 47 20
13.758 3.0311 3.8455 79 49 21
13.721 3.0776 3.6903 80 47 14
13.802 3.0514 3.6664 81 47 22
13.709 3.0488 3.7976 82 49 16
13.795 3.014 3.779 83 49 24
13.694 3.0822 3.7581 79 48 20
13.706 3.157 3.6892 79 48 20
13.677 3.0589 3.7148 77 49 10
13.67 3.0833 3.6771 78 48 14
13.688 3.1358 3.7952 84 48 24
13.725 3.0879 3.6518 81 47 22
13.479 3.1893 3.7188 72 41 23
13.584 3.1203 3.7012 76 43 10
13.563 3.1509 3.8412 81 50 20
13.62 3.0873 3.6683 74 42 17
13.585 3.0603 3.8449 62 33 12
13.525 3.0807 3.8326 43 19 5
13.568 3.0809 3.6929 76 45 24
13.574 3.0277 3.8054 48 22 5
13.572 3.0283 3.6518 46 25 6
13.559 3.0634 3.7652 56 26 10
13.564 3.101 3.657 73 41 16
13.601 3.13 3.7779 77 46 15
13.696 2.9886 3.826 76 44 19
13.657 3.0703 3.7493 80 48 23
13.512 3.1754 3.7941 73 43 7
13.639 3.0167 3.7797 72 40 19
13.52 3.0846 3.6833 48 25 7
13.647 3.0209 3.7442 77 42 12
13.52 2.9916 3.7495 52 27 5
13.578 2.8916 3.7953 48 28 3
13.588 2.9238 3.6861 54 29 9
13.517 2.9457 3.7096 50 26 16
13.511 3.0826 3.7185 46 23 7
13.546 2.887 3.7492 48 24 10
13.553 2.9787 3.833 50 24 7
13.595 2.9497 3.7626 51 24 13
13.51 2.9096 3.8166 49 29 5
13.543 2.9733 3.7164 49 27 16
13.53 2.9474 3.8221 51 26 4
13.496 2.9919 3.6711 52 25 4
13.573 2.9654 3.7985 51 25 8
13.508 2.9274 3.7818 49 27 6
13.478 2.8842 3.659 48 27 0
13.494 2.7559 3.73 50 28 13
13.48 2.8173 3.8072 48 29 0
13.47 2.811 3.6889 52 25 4
13.512 2.8005 3.737 49 27 16
13.604 2.641 3.7882 50 29 8
13.452 2.9296 3.8042 50 28 7
13.527 2.8314 3.7799 53 33 9
13.479 2.9188 3.7369 51 29 5
13.553 2.648 3.7735 48 26 5
13.507 2.83 3.8512 49 27 16
13.464 2.889 3.6946 51 26 4
13.526 2.8707 3.8578 54 29 6
13.527 2.7287 3.8534 50 28 4
13.521 2.8412 3.7783 53 33 9
13.477 2.8152 3.6511 49 27 4
13.517 2.8782 3.7032 49 27 3
13.585 2.7921 3.6726 50 26 12
13.43 2.6534 3.6654 48 26 5
13.446 2.702 3.6722 42 22 0
13.552 2.59 3.7318 45 25 14
13.512 2.6709 3.6859 49 27 4
13.506 2.5967 3.8803 45 23 8
13.477 2.5679 3.8742 48 26 5
13.53 2.5753 3.8478 48 27 6
13.491 2.5342 3.7115 50 28 7
13.536 2.5811 3.8089 45 27 7
13.51 2.6824 3.8456 47 25 2
13.487 2.7351 3.8013 52 24 13
13.482 2.6861 3.76 49 27 6
13.459 2.5094 3.7027 47 26 7
13.427 2.5813 3.6597 48 25 7
14.098 2.9895 3.5983 75 45 21
14.062 3.0466 3.5571 73 42 21
13.895 3.0447 3.567 78 44 15
13.939 3.0066 3.5287 77 45 7
13.942 3.0647 3.5395 75 46 15
13.99 3.0223 3.6582 80 45 15
13.921 3.1049 3.4996 74 46 17
13.93 3.0479 3.6129 76 41 9
13.822 3.0728 3.5544 79 45 20
13.918 3.0772 3.5706 74 41 22
13.899 3.0088 3.6415 79 46 11
13.908 3.0583 3.6491 76 45 15
13.884 3.0433 3.4439 75 44 16
13.843 3.0618 3.5191 77 47 11
13.849 3.07 3.4774 75 45 21
14.039 2.9809 3.6267 78 47 3
13.804 3.1398 3.5977 78 46 7
13.934 3.0281 3.4915 78 47 3
13.997 3.0306 3.4633 75 43 20
13.9 3.0855 3.4502 70 40 14
13.692 3.1144 3.5355 77 46 15
13.666 3.1176 3.6048 78 45 4
13.83 3.0325 3.4698 78 44 15
13.606 3.1502 3.5596 76 45 17
13.77 3.0451 3.6199 77 45 20
13.858 3.012 3.5959 78 45 4
13.833 3.0126 3.5085 77 45 22
13.727 3.1153 3.5777 77 45 22
13.675 3.1509 3.4987 80 46 17
13.677 3.1192 3.5702 77 43 14
13.667 3.0855 3.5271 77 46 16
13.732 3.0938 3.4621 80 46 19
13.732 3.0162 3.4887 78 48 20
13.635 3.1428 3.6406 76 45 15
13.776 3.0987 3.6257 76 45 14
13.814 3.0669 3.434 74 42 21
13.739 3.1148 3.5429 75 44 14
13.798 2.9464 3.4511 76 45 15
13.589 3.0821 3.625 72 42 18
13.577 3.1137 3.5878 76 44 6
13.595 3.1342 3.4814 75 45 19
13.59 3.064 3.5066 74 41 22
13.551 3.1025 3.5415 75 40 11
13.609 3.0522 3.4711 73 45 14
13.517 3.1185 3.6103 55 22 3
13.484 3.1619 3.4629 46 24 11
13.541 3.0681 3.4981 49 24 4
13.573 3.1173 3.4351 73 44 22
13.539 3.0699 3.4982 49 24 4
13.612 3.1136 3.631 79 43 17
13.639 3.0918 3.5966 79 46 5
13.562 3.0717 3.5793 68 35 2
13.593 3.1063 3.551 74 43 15
13.609 3.1003 3.5146 76 45 14
13.607 3.1329 3.4441 76 44 21
13.565 2.9219 3.6007 51 26 4
13.47 2.9787 3.6269 51 27 15
13.536 2.8917 3.4361 53 27 13
13.567 2.982 3.4533 51 24 13
13.584 2.9464 3.646 49 27 6
13.525 2.9957 3.5611 47 22 15
13.535 2.9494 3.6387 49 25 13
13.51 2.9965 3.4462 48 27 10
13.526 2.9431 3.5202 49 27 4
13.543 3.0501 3.5354 48 26 3
13.501 3.0786 3.6061 47 27 3
13.536 2.8966 3.5961 48 25 0
13.507 2.9183 3.4732 52 27 4
13.475 3.0018 3.5531 49 27 3
13.522 2.9639 3.4794 49 29 2
13.512 3.0438 3.4911 47 28 14
13.537 3.0426 3.5676 47 25 4
13.554 2.9697 3.5266 51 26 4
13.487 2.792 3.4946 56 31 9
13.452 2.8694 3.6121 48 28 3
13.48 2.8423 3.5777 52 25 14
13.481 2.7536 3.6073 50 26 0
13.499 2.8608 3.4645 50 27 11
13.485 2.9199 3.5457 50 23 12
13.504 2.9073 3.5097 47 27 0
13.49 2.8043 3.4564 51 25 11
13.527 2.6964 3.5726 48 26 15
13.527 2.8028 3.5054 54 30 16
13.486 2.887 3.6204 49 24 4
13.486 2.9032 3.5834 51 26 3
13.5 2.7551 3.5323 49 29 4
13.498 2.8793 3.4293 48 27 10
13.492 2.8401 3.54 53 29 3
13.465 2.611 3.6301 46 24 3
13.429 2.6888 3.5916 50 25 3
13.503 2.6604 3.5639 45 26 12
13.494 2.5984 3.5537 42 24 2
13.474 2.7475 3.6458 47 25 2
13.495 2.6125 3.5134 46 25 4
13.487 2.703 3.523 47 26 7
13.505 2.6304 3.436 44 21 5
13.506 2.6127 3.4768 50 26 14
13.499 2.649 3.6042 45 24 3
13.456 2.6333 3.4282 46 28 6
13.453 2.605 3.5056 53 31 10
13.502 2.628 3.6392 47 24 6
13.481 2.7283 3.4845 48 25 9
13.505 2.7067 3.4445 48 26 2
13.429 2.5936 3.621 46 24 3
13.454 2.5689 3.5827 49 23 6
14.01 3.0633 3.3427 69 40 9
14.055 2.9959 3.381 68 39 15
14.078 3.0147 3.4308 73 42 21
14.034 3.0514 3.3044 68 37 7
13.993 3.0517 3.4206 71 41 15
14.079 3.061 3.3154 68 37 6
13.886 3.1028 3.2879 71 40 10
13.837 3.0702 3.3564 72 40 15
13.901 3.0391 3.2399 70 41 19
14.014 3.0297 3.2523 71 41 15
13.869 3.0767 3.4048 73 41 18
13.994 2.9898 3.41 73 42 21
13.958 3.0633 3.3349 71 39 16
13.982 3.019 3.371 71 40 20
13.939 3.0242 3.323 72 40 17
13.815 3.0821 3.3944 73 41 18
14.008 3.0208 3.29 73 39 10
13.88 3.0788 3.3684 74 41 10
13.822 3.1038 3.321 72 39 8
13.912 3.0105 3.2758 73 38 16
13.99 3.0123 3.2024 71 41 17
13.973 3.0161 3.2415 72 42 8
13.747 3.0895 3.4266 75 42 23
13.686 3.1521 3.3059 74 41 6
13.762 3.0391 3.3371 75 42 7
13.771 3.1216 3.2752 70 40 6
13.84 3.0515 3.2286 72 42 14
13.659 3.1094 3.3328 75 41 6
13.773 3.0718 3.3871 75 44 16
13.626 3.1383 3.372 76 42 15
13.695 3.0943 3.4146 77 43 18
13.702 3.0701 3.2924 78 46 8
13.716 3.0827 3.2171 74 43 13
13.713 3.0709 3.2541 73 41 20
13.763 3.0695 3.2634 74 41 6
13.771 3.0756 3.2242 73 41 16
13.791 3.0653 3.3473 73 42 14
13.814 3.0516 3.3097 74 41 8
13.719 3.0789 3.3761 75 41 12
13.534 3.0741 3.3453 46 15 0
13.584 3.0846 3.3181 70 39 9
13.527 3.1168 3.4265 73 43 17
13.647 3.0942 3.248 66 37 16
13.574 3.113 3.282 69 39 15
13.566 3.1416 3.3987 73 42 14
13.551 3.0654 3.3089 61 32 8
13.604 3.1357 3.2902 72 43 3
13.526 3.1155 3.2752 64 37 16
13.631 3.1167 3.4065 74 43 22
13.572 3.1482 3.3606 72 41 13
13.672 3.076 3.2124 67 36 15
13.564 3.0808 3.3921 73 41 18
13.549 3.1164 3.3555 70 38 17
13.649 3.06 3.3226 72 39 6
13.567 3.0744 3.2304 68 37 7
13.557 3.1357 3.2824 69 39 15
13.559 3.1492 3.2455 70 39 18
13.53 3.0651 3.3824 56 17 8
13.506 3.095 3.2269 44 21 5
13.523 2.9737 3.2854 48 28 4
13.485 3.1095 3.2655 45 22 6
13.559 3.009 3.4167 48 24 12
13.543 2.9603 3.2479 51 23 10
13.498 3.0754 3.3008 45 24 7
13.518 2.9128 3.2779 50 25 3
13.527 2.9213 3.3988 52 27 4
13.489 3.0079 3.3247 51 26 4
13.508 3.0457 3.337 46 23 5
13.512 3.0095 3.4089 49 27 3
13.533 2.9277 3.3611 52 25 4
13.497 2.96 3.2391 49 23 6
13.523 3.0092 3.3757 48 26 2
13.52 3.0099 3.2141 42 23 6
13.533 2.771 3.3777 53 27 13
13.512 2.7128 3.4098 48 26 3
13.561 2.7773 3.2605 48 25 7
13.472 2.7853 3.2053 46 27 11
13.487 2.8573 3.3419 49 25 11
13.446 2.8653 3.2961 50 26 0
13.43 2.8586 3.3721 50 25 2
13.512 2.7792 3.2526 50 25 3
13.505 2.7972 3.4166 50 24 10
13.502 2.7615 3.3308 50 25 3
13.517 2.7885 3.2108 47 25 4
13.481 2.9155 3.2291 48 26 11
13.541 2.792 3.3001 49 27 4
13.472 2.9654 3.3173 47 25 1
13.498 2.8946 3.3886 51 26 3
13.464 2.9619 3.3497 48 24 10
13.484 2.6216 3.3469 46 25 6
13.479 2.7412 3.2799 48 26 2
13.472 2.7344 3.3204 49 24 2
13.445 2.7027 3.3109 43 23 0
13.466 2.6847 3.2717 45 24 7
13.506 2.664 3.3594 49 24 4
13.483 2.6924 3.192 49 25 11
13.489 2.5966 3.3871 46 25 4
13.43 2.5876 3.2489 44 23 6
14.002 3.075 3.1754 69 42 23
13.9 3.0563 3.1994 70 40 16
13.947 3.0173 2.9849 72 41 11
13.822 3.0889 3.1927 72 42 16
13.885 3.028 3.1461 74 43 22
13.904 3.0532 3.0288 70 37 6
13.891 3.022 2.9753 67 39 10
13.869 3.0791 3.0744 68 37 9
13.861 3.0735 3.1131 68 38 12
13.95 3.0126 3.1553 66 38 11
13.976 3.0605 3.1256 74 44 16
13.693 3.0648 3.1721 72 40 19
13.764 3.0362 3.0083 68 35 4
13.849 3.0088 3.1367 79 48 20
13.654 3.1309 3.1403 70 40 16
13.693 3.1115 3.0578 69 39 3
13.838 3.0388 3.0997 68 37 17
13.675 3.0871 3.0105 71 41 17
13.798 3.0727 2.9765 69 40 9
13.717 3.0647 3.0901 70 38 17
13.769 3.0929 3.1829 75 43 18
13.741 3.0659 3.1787 72 37 17
13.748 3.1197 3.0235 67 36 5
13.77 3.0599 3.0978 69 38 8
13.904 2.9901 3.0139 65 36 14
13.762 3.0866 3.0597 67 36 5
13.733 3.0918 3.1402 75 41 14
13.538 3.0972 3.1149 67 36 8
13.572 3.1133 3.1239 69 41 4
13.603 3.0876 3.08 68 37 7
13.598 3.1099 3.0421 69 38 7
13.513 3.1162 3.1533 73 43 17
13.474 3.2299 3.0179 68 39 7
13.543 3.1235 3.198 68 39 18
13.58 3.0547 3.0712 66 36 8
13.53 3.0888 2.9921 69 36 5
13.604 3.1183 3.1694 76 43 24
13.619 3.0833 3.2049 70 39 19
13.626 3.1044 3.1289 71 41 3
13.656 3.0811 3.0867 69 38 8
13.677 3.0689 3.0463 71 36 17
13.521 3.1513 3.0447 65 34 6
13.685 3.0588 3.0452 71 36 17
13.573 3.0966 3.1586 71 40 10
13.519 2.9069 3.1134 47 27 3
13.491 3.0159 3.1338 49 23 6
13.515 2.9611 3.003 44 21 5
13.503 3.0657 3.1441 50 24 10
13.499 3.0211 3.0932 45 21 7
13.516 3.0938 3.0308 62 32 0
13.552 3.0115 3.0969 43 21 0
13.506 2.9621 3.2034 47 25 10
13.567 3.0067 3.0562 44 22 0
13.539 2.8927 3.0716 46 24 3
13.494 2.9966 3.1683 47 22 15
13.578 2.9432 3.1701 45 22 4
13.542 3.0605 3.1862 50 20 2
13.522 2.9351 3.036 44 24 0
13.479 3.0649 3.0604 43 21 0
13.498 3.0538 3.0216 42 15 8
13.436 2.9934 3.0366 47 22 2
13.475 2.9557 3.1585 52 27 4
13.489 2.9299 2.9873 45 22 6
13.51 2.8323 3.1372 46 23 7
13.471 2.8539 3.0518 45 23 2
13.462 2.883 3.0147 47 21 0
13.472 2.8025 3.1641 48 26 3
13.393 2.9196 3.0167 46 23 5
13.498 2.8346 3.1744 48 25 9
13.448 2.9223 2.981 46 20 3
13.477 2.8991 3.1065 47 22 2
13.417 2.8654 3.0487 45 22 4
13.528 2.8382 3.0565 46 24 3
13.481 2.804 3.1274 45 22 4
13.487 2.9217 3.1909 50 28 5
13.47 2.8389 3.0881 45 22 4
13.488 2.6942 2.975 45 20 13
13.384 2.7007 3.1747 47 25 12
13.44 2.6245 3.1269 42 23 6
13.45 2.7629 3.1567 47 26 9
13.415 2.736 2.976 45 23 0
13.482 2.6867 3.0173 46 20 5
13.487 2.7366 3.0733 46 25 4
13.745 3.1844 2.8795 67 42 12
13.796 3.1386 2.8256 67 37 19
13.925 3.0909 2.8697 39 16 0
13.888 3.0571 2.8981 64 41 23
13.885 3.0461 2.764 69 38 20
13.926 3.0746 2.9099 41 19 8
13.87 3.0634 2.9404 62 32 6
13.839 3.1172 2.7408 60 41 34
13.795 3.0124 2.9631 71 41 17
13.717 3.0639 2.926 69 39 15
13.791 2.9844 2.8684 70 40 16
13.786 3.0397 2.7548 69 38 10
13.786 3.0879 2.8114 74 48 23
13.821 3.0599 2.9338 67 38 16
13.685 3.0888 2.8009 73 44 13
13.815 3.0669 2.7684 69 41 14
13.686 3.1033 2.7658 72 41 10
13.838 3.0064 2.8381 68 38 10
13.827 3.0682 2.8957 65 36 12
13.779 3.0965 2.8129 74 48 23
13.803 3.0187 2.9234 68 38 14
13.776 3.0367 2.7965 69 41 12
13.685 3.0894 2.9707 71 41 15
13.755 3.0946 2.8953 67 38 14
13.748 3.0553 2.8429 70 40 16
13.605 3.1139 2.8439 69 40 6
13.703 2.8824 2.8736 66 36 10
13.587 3.0238 2.7737 68 40 3
13.643 3.0803 2.9644 68 38 12
13.71 3.0068 2.7404 71 42 11
13.698 3.0564 2.8373 71 41 15
13.511 3.1948 2.975 67 38 4
13.577 3.1203 2.9268 68 41 6
13.605 3.0654 2.7894 69 40 16
13.692 2.9816 2.859 69 39 11
13.609 3.1407 2.9347 71 41 15
13.566 3.0552 2.9458 67 37 9
13.644 3.1106 2.8884 72 40 15
13.605 3.1304 2.8066 70 40 16
13.506 3.1681 2.8917 66 38 11
13.546 3.1293 2.843 69 39 15
13.561 2.9793 2.9692 41 22 6
13.476 3.0971 2.8248 50 29 12
13.502 2.9602 2.8728 44 23 4
13.502 3.0276 2.8917 41 17 3
13.51 2.9313 2.9103 43 22 5
13.521 3.0986 2.8324 66 37 13
13.605 2.9303 2.7491 44 22 0
13.57 3.0153 2.8562 45 13 0
13.533 2.968 2.9221 44 22 7
13.514 3.0273 2.8519 42 20 5
13.492 2.9532 2.748 45 25 1
13.532 2.9316 2.8284 41 22 5
13.498 3.0843 2.9481 42 17 12
13.497 3.0031 2.9674 41 20 3
13.515 2.9726 2.797 44 27 7
13.546 3.0323 2.8985 43 18 0
13.524 2.9758 2.7569 47 25 4
13.46 2.8804 2.8506 43 22 1
13.471 2.8814 2.806 48 25 7
13.475 2.8917 2.7716 47 26 9
13.421 2.8919 2.9718 47 21 7
13.44 2.8388 2.8356 46 23 7
13.455 2.928 2.9406 46 23 7
13.499 2.8768 2.8958 46 25 6
13.485 2.7845 2.7849 50 27 11
13.48 2.9221 2.8633 46 24 0
13.549 2.8357 2.8032 44 23 6
13.489 2.7963 2.7418 50 25 2
13.5 2.7851 2.9158 47 24 6
13.477 2.8379 2.8821 48 25 7
13.537 2.8703 2.7713 49 25 11
13.496 2.9361 2.9497 46 25 6
13.438 2.6889 2.7956 44 21 3
13.464 2.7671 2.9079 47 24 8
13.463 2.751 2.9388 46 24 3
13.466 2.7399 2.7701 47 25 10
13.428 2.7652 2.8551 45 22 4
13.459 2.7674 2.7329 46 24 0
13.947 3.0675 2.6888 42 18 4
13.913 3.0766 2.6013 40 22 0
13.84 3.085 2.644 67 39 8
13.913 3.0922 2.5612 32 13 0
13.848 3.0914 2.6015 68 40 1
13.858 3.0311 2.7152 67 38 6
13.721 3.1372 2.7352 69 39 15
13.795 3.061 2.4983 66 38 11
13.753 3.0966 2.5545 69 40 16
13.815 3.0358 2.49 66 38 11
13.664 3.1463 2.5638 67 39 10
13.744 3.0272 2.5725 69 40 6
13.794 3.078 2.6387 68 39 7
13.783 3.0273 2.6174 70 41 7
13.747 3.0886 2.5943 69 38 17
13.704 3.1123 2.6821 69 39 11
13.698 3.0714 2.627 72 38 9
13.849 3.0582 2.5039 67 39 8
13.697 3.105 2.7224 70 39 11
13.673 3.0699 2.544 67 38 6
13.589 3.1028 2.7568 68 40 9
13.63 3.0455 2.5744 70 42 11
13.618 3.0947 2.6731 71 42 11
13.61 3.1543 2.7337 73 41 3
13.599 3.1029 2.5475 70 39 18
13.571 3.0935 2.6699 67 37 13
13.48 3.2027 2.7393 67 37 11
13.661 3.1031 2.6788 71 41 15
13.663 3.0677 2.5828 71 41 17
13.648 3.0715 2.6254 67 37 3
13.662 3.0853 2.5468 67 38 6
13.583 3.0264 2.6074 68 39 7
13.502 3.1547 2.6014 67 38 17
13.626 3.0687 2.7069 71 41 3
13.544 3.1459 2.6418 71 39 14
13.51 3.1598 2.5629 68 39 17
13.662 3.0692 2.5841 71 41 17
13.614 3.0021 2.7253 69 40 6
13.499 3.0967 2.7467 65 40 17
13.513 3.0922 2.7045 66 37 13
13.48 3.0885 2.6615 50 25 3
13.467 3.1227 2.6291 52 23 0
13.492 3.0364 2.5615 47 25 10
13.469 3.0368 2.6419 48 23 0
13.503 3.1034 2.5393 63 37 14
13.504 3.1207 2.6696 67 38 6
13.531 2.9822 2.7174 47 25 4
13.499 3.0934 2.5803 54 26 0
13.429 3.0798 2.6958 47 25 4
13.466 3.0921 2.7013 46 23 5
13.511 2.9924 2.5895 45 22 4
13.478 2.9914 2.716 47 25 4
13.509 2.9413 2.533 46 25 6
13.491 2.9511 2.5743 49 23 6
13.508 2.8369 2.581 50 25 5
13.479 2.8975 2.5544 49 25 11
13.452 2.832 2.6174 50 25 3
13.471 2.842 2.7112 45 23 2
13.435 2.914 2.6879 46 24 0
13.507 2.8205 2.6196 48 22 5
13.466 2.8269 2.5781 50 25 2
13.415 3.015 2.7182 48 23 1
13.486 2.9415 2.6146 47 25 1
13.441 2.8824 2.5473 47 26 7
13.452 2.9766 2.6646 49 28 11
13.487 2.8898 2.7299 44 25 9
13.452 2.9551 2.5304 48 25 7
13.443 2.8227 2.4874 48 28 4
13.463 2.7554 2.5537 48 23 3
13.471 2.7609 2.5098 47 25 2
13.444 2.7678 2.5991 47 25 4
13.436 2.7383 2.5025 46 27 11
13.485 2.7436 2.6835 45 24 3
13.767 3.0628 2.4089 69 41 14
13.719 3.0917 2.504 68 41 20
13.738 3.084 2.2848 65 35 11
13.736 3.0696 2.3236 63 34 13
13.801 3.0692 2.2815 66 37 16
13.79 3.0826 2.4651 69 39 15
13.748 3.1195 2.3442 64 35 4
13.814 3.0697 2.4146 66 39 18
13.712 3.068 2.4108 65 37 0
13.744 3.0761 2.4581 68 39 15
13.677 3.1294 2.3877 65 37 8
13.747 3.1044 2.3832 67 37 9
13.567 3.095 2.3299 62 32 14
13.566 3.1141 2.4665 68 39 18
13.554 3.1791 2.5298 72 42 18
13.661 3.0508 2.2721 66 36 10
13.591 3.0969 2.4168 64 36 0
13.639 3.0979 2.4196 65 36 5
13.638 3.0001 2.4692 70 41 19
13.515 3.1507 2.3908 66 36 10
13.655 3.0925 2.3775 66 36 10
13.518 3.1312 2.4253 65 36 2
13.638 3.0652 2.3194 67 37 19
13.461 3.1937 2.49 65 36 15
13.721 3.0408 2.444 66 37 15
13.734 3.007 2.4769 70 42 13
13.597 3.1384 2.4748 66 35 15
13.602 3.0631 2.2768 66 38 9
13.603 3.0967 2.3747 64 36 5
13.639 3.1294 2.3454 66 36 12
13.689 3.0808 2.2826 63 36 17
13.519 3.0134 2.5117 47 28 12
13.541 2.928 2.4401 46 21 16
13.547 3.0588 2.4851 65 39 14
13.47 3.1313 2.427 67 38 4
13.475 2.9883 2.3741 43 22 1
13.489 3.1203 2.3793 60 34 9
13.502 3.002 2.4206 47 26 0
13.484 3.061 2.358 46 23 7
13.482 2.9941 2.3316 44 23 6
13.53 3.0148 2.4688 48 28 3
13.512 3.0565 2.4395 43 21 0
13.475 3.0906 2.3239 49 18 8
13.5 3.021 2.3898 43 22 3
13.488 2.9895 2.5011 46 27 10
13.596 2.9871 2.2866 61 33 4
13.439 2.9708 2.3638 43 22 1
13.445 2.831 2.2682 45 24 5
13.47 2.8503 2.3197 46 24 3
13.498 2.903 2.475 48 27 8
13.465 2.8807 2.4624 48 26 2
13.537 2.8623 2.4165 46 25 0
13.485 2.9349 2.2676 42 24 2
13.499 2.8394 2.2352 45 25 0
13.436 2.9203 2.3003 50 24 7
13.469 2.7985 2.4329 47 25 10
13.456 2.9622 2.3204 46 23 7
13.466 2.9132 2.3858 44 23 2
13.551 2.8587 2.3721 45 24 5
13.424 2.9591 2.4475 45 22 4
13.48 2.8168 2.354 49 24 4
13.45 2.8053 2.2973 46 23 5
13.428 2.8225 2.3545 41 23 1
13.415 2.8261 2.3972 43 20 4
13.414 2.8045 2.2566 45 22 4
13.676 3.1145 2.2497 63 36 15
13.757 3.0761 2.2357 65 34 16
13.554 3.0786 2.2375 65 37 10
13.664 3.0126 2.169 61 36 14
13.581 3.1074 2.2532 65 40 10
13.624 3.1165 2.2548 63 35 4
13.488 3.0873 2.2797 56 30 5
13.461 3.1421 2.2612 62 33 12
13.535 2.9508 2.2286 46 28 8
13.599 2.9994 2.2482 65 36 2
13.402 2.9167 2.2567 42 23 6
12.315 2.9805 2.1172 62 36 9
12.264 2.815 2.041 58 33 3
12.409 2.6209 2.0397 62 37 14
12.354 2.5866 1.9825 56 37 7
12.365 2.5235 2.0028 61 41 14
12.418 2.6131 1.9955 65 36 12
12.4 2.5255 1.9969 58 36 12
12.33 2.7953 2.0741 63 35 21
12.369 2.376 1.9391 65 40 8
12.295 2.6751 2.0192 61 36 16
12.243 2.771 2.0259 60 31 0
12.366 2.8298 2.0119 63 36 0
12.227 2.8538 2.025 42 21 2
