976
0.051496 0.49951 0.067555 0.86213 8.9177 5.3464 -0.13167
11.801 4.0204 -0.47078 69 52 22
11.07 3.4904 -0.39692 65 45 21
11.091 3.4734 -0.42262 69 46 12
11.136 3.4328 -0.38076 63 45 21
13.168 6.7453 -0.81167 80 57 39
12.391 2.4562 -0.65861 63 44 12
11.016 3.5135 -0.53973 63 45 25
11.016 3.5142 -0.56423 62 44 20
11.036 3.4953 -0.51993 67 49 13
11.022 3.48 -0.59683 60 43 15
11.007 3.494 -0.61843 61 44 0
11.028 3.5046 -0.61714 58 42 19
11.022 3.4816 -0.67263 63 42 11
11.067 3.4427 -0.71069 49 31 7
11.019 3.5133 -0.64071 62 44 8
11.048 3.4894 -0.69844 36 23 0
11.027 3.5048 -0.59209 61 43 23
11.036 3.4686 -0.65108 65 44 13
11.035 3.5 -0.66939 60 42 22
11.028 3.4741 -0.57239 64 41 23
10.902 3.5597 -0.64752 82 62 28
11.097 3.4513 -0.87178 19 13 0
10.989 3.4839 -0.77249 83 60 27
11.06 3.4797 -0.72701 10 5 0
11.028 3.4794 -0.77706 39 21 9
11.046 3.4928 -0.74966 7 13 11
11.068 3.4753 -0.8087 2 13 0
10.955 3.5134 -0.71134 83 60 27
11.021 3.4861 -0.80076 16 18 4
10.858 3.5741 -0.78492 78 58 21
11.063 3.4789 -0.78114 0 10 0
11.009 3.495 -0.71969 0 3 2
11.075 3.4376 -0.76453 12 3 0
10.89 3.5747 -0.81362 81 65 4
11.037 3.4729 -0.85911 45 33 21
11.06 3.4832 -0.83072 14 10 7
11.032 3.4768 -0.83119 22 17 0
11.015 3.4946 -0.95808 34 14 16
11.125 3.4297 -0.99548 34 15 17
11.023 3.4883 -0.98867 30 21 12
11.103 3.4472 -0.93025 29 21 0
11.156 3.4022 -0.97899 32 25 0
11.129 3.4293 -1.0476 42 24 4
11.14 3.4152 -0.91591 30 14 0
11.03 3.4831 -1.0192 47 34 15
10.988 3.5166 -0.86717 27 7 0
11.006 3.4741 -1.0158 80 57 23
10.848 3.5844 -0.83036 81 58 24
10.803 3.5978 -0.89549 64 43 12
10.929 3.5124 -0.96558 81 57 31
10.971 3.5038 -0.92069 84 61 28
10.812 3.5888 -0.87625 61 42 26
11.016 3.493 -0.90463 36 2 0
11.014 3.4952 -0.93054 55 34 7
10.984 3.4929 -0.95131 83 60 27
10.99 3.4877 -0.98213 81 57 23
10.811 3.591 -0.92189 63 41 2
10.952 3.5193 -0.86256 82 59 25
10.956 3.5163 -0.88994 83 60 29
10.869 3.5655 -0.86452 82 57 25
10.905 3.5336 -0.93003 82 59 28
10.89 3.5471 -0.8973 82 61 34
10.813 3.5886 -0.84915 64 41 8
12.122 5.3756 -1.5198 42 25 5
12.517 5.3222 -1.619 52 28 16
12.438 5.3317 -1.6234 53 29 15
12.614 5.4093 -1.6705 51 29 18
12.106 5.3754 -1.5122 42 25 5
12.286 5.3411 -1.5977 45 29 6
12.287 5.1951 -1.6433 49 27 12
12.182 5.2358 -1.593 50 31 17
12.445 5.2085 -1.6234 55 32 14
12.157 5.209 -1.6223 49 27 16
12.305 5.2958 -1.5796 55 29 12
12.207 5.2617 -1.5494 51 30 1
12.424 5.1708 -1.6231 47 29 17
12.228 5.1888 -1.5779 45 30 11
12.197 5.0904 -1.6428 51 31 22
11.905 5.0788 -1.5146 50 33 7
11.017 3.4954 -1.0695 46 29 0
11.031 3.4832 -1.0465 71 49 28
11.007 3.5068 -1.1481 46 34 10
11.032 3.4526 -1.1406 76 55 28
10.989 3.5212 -1.0838 58 36 23
11.017 3.4967 -1.1251 39 18 13
11.051 3.4363 -1.1777 76 57 27
11.047 3.4386 -1.1192 79 55 27
10.802 3.6004 -0.99546 63 41 2
10.91 3.5302 -0.98316 77 54 21
10.761 3.6105 -1.0079 60 39 20
10.823 3.582 -1.0821 54 35 18
10.778 3.5947 -1.0418 61 41 6
10.879 3.5586 -1.022 75 55 20
10.812 3.591 -0.97235 57 39 3
10.811 3.5921 -1.0239 62 38 0
11.014 3.4675 -1.0457 79 55 27
11.018 3.4644 -1.0768 80 54 29
10.763 3.6089 -1.0088 60 39 20
10.874 3.5644 -1.0993 78 54 26
10.821 3.5836 -1.0547 56 36 0
10.816 3.5865 -0.95074 63 41 2
10.767 3.6043 -0.98644 68 50 4
10.789 3.5849 -1.0726 59 36 2
10.877 3.5602 -0.99439 79 55 17
10.758 3.5852 -1.0645 62 34 20
12.243 6.3102 -1.6825 49 27 4
11.926 6.2094 -1.6115 47 22 18
11.582 6.0407 -1.3987 48 25 7
11.947 6.1367 -1.5716 42 26 13
12.019 6.196 -1.6319 45 26 10
12.218 6.283 -1.7196 43 24 18
12.14 6.1778 -1.6319 46 25 0
11.779 6.0753 -1.5377 44 23 2
12.15 6.2515 -1.6453 48 26 3
12.144 6.2091 -1.6206 48 26 3
12.202 6.2658 -1.6686 48 26 3
11.999 6.102 -1.6559 45 15 15
12.07 6.0785 -1.665 47 21 20
11.899 6.1065 -1.5992 44 23 2
11.926 6.0933 -1.6507 39 15 15
12.098 6.1458 -1.6534 41 22 18
11.608 5.9075 -1.4209 38 18 0
11.723 5.9688 -1.5005 47 21 6
11.773 5.9523 -1.5361 41 22 16
11.993 6.0105 -1.6851 43 22 17
11.847 5.9493 -1.6189 43 19 17
11.92 5.9348 -1.6663 37 18 11
11.877 5.9263 -1.6454 37 18 11
11.268 5.7025 -1.3334 40 18 5
11.763 5.7509 -1.6001 41 22 5
11.924 5.7037 -1.6715 44 16 15
11.977 5.7721 -1.6725 42 21 16
12.061 5.7529 -1.7336 40 20 9
11.892 5.6376 -1.6728 47 22 15
11.93 5.6724 -1.6796 45 21 11
11.86 5.6257 -1.6219 46 18 14
11.721 5.6412 -1.5411 47 24 16
11.77 5.5269 -1.6056 47 20 11
12.139 5.5177 -1.8149 44 22 11
11.928 5.4069 -1.5778 52 26 11
11.958 5.4162 -1.6285 49 23 6
11.92 5.3998 -1.6932 40 21 5
11.836 5.4362 -1.5291 47 26 5
11.912 5.4319 -1.6771 46 24 9
11.841 5.3901 -1.6215 49 21 18
11.532 5.4474 -1.467 47 23 11
11.718 5.4637 -1.599 43 21 10
11.776 5.3026 -1.4986 41 24 0
11.946 5.3335 -1.57 42 22 0
11.912 5.3826 -1.6149 49 25 0
11.927 5.3741 -1.5842 35 19 6
11.826 5.2623 -1.4982 41 26 7
12.402 5.2857 -1.7632 46 24 13
12.127 5.2186 -1.6454 51 26 6
11.788 5.1115 -1.5678 50 30 6
12.104 5.1845 -1.6468 49 27 4
11.748 5.201 -1.6312 42 23 6
11.76 5.1927 -1.6013 46 26 15
11.741 5.1616 -1.5981 45 25 14
12.099 5.1058 -1.6297 51 29 18
12.074 5.1075 -1.6177 51 29 18
12.206 5.1713 -1.6598 49 27 12
12.15 5.1377 -1.6403 46 27 11
11.942 5.0915 -1.6077 47 30 13
11.738 5.0261 -1.6048 50 31 17
11.855 5.0394 -1.6203 50 29 12
12.026 5.0494 -1.6601 47 28 22
11.822 5.0757 -1.5907 46 28 4
11.799 5.0526 -1.6319 50 32 18
11.984 5.088 -1.6262 47 30 13
12.051 5.0826 -1.6599 47 30 13
11.936 4.9268 -1.6932 52 36 21
12.015 4.9161 -1.735 51 35 20
11.597 4.9795 -1.5488 50 31 24
11.711 4.9965 -1.5969 52 33 19
11.645 4.9344 -1.5485 48 34 21
11.643 4.9418 -1.588 53 35 23
11.812 4.8422 -1.6639 53 35 23
11.746 4.8867 -1.6181 54 31 23
11.789 4.8321 -1.58 54 37 20
11.785 4.8398 -1.6144 71 56 35
11.702 4.8146 -1.5431 55 38 20
11.692 4.8232 -1.5745 74 58 23
11.969 4.6919 -1.699 49 28 7
11.695 4.7565 -1.5936 48 31 14
11.471 4.7788 -1.5177 49 29 18
11.65 4.8372 -1.5813 46 30 17
11.815 4.759 -1.6077 51 32 18
11.456 4.8126 -1.5013 51 33 23
11.597 4.8154 -1.5698 50 32 20
11.709 4.8201 -1.5818 74 58 23
11.655 4.7975 -1.567 56 38 2
11.688 4.7053 -1.5029 54 32 19
11.734 4.6742 -1.6056 48 28 19
11.955 4.6444 -1.6342 51 30 11
11.567 4.7196 -1.5482 48 30 20
11.695 4.7231 -1.6029 50 33 5
11.703 4.7214 -1.6074 50 33 5
11.734 4.6338 -1.5767 46 30 7
11.797 4.6527 -1.5966 49 26 18
11.749 4.5895 -1.5585 46 27 10
11.706 4.5858 -1.6535 33 23 13
11.621 4.656 -1.4817 49 28 7
11.742 4.5634 -1.5979 44 21 5
11.551 4.6217 -1.5335 37 24 15
11.729 4.6075 -1.6194 44 27 10
11.694 4.5366 -1.5456 46 28 18
11.51 3.3376 -1.5276 29 23 0
11.413 3.3041 -1.5483 39 22 5
11.334 3.4043 -1.4902 31 15 0
11.655 3.1833 -1.5862 45 19 5
11.424 3.3309 -1.5075 38 26 2
11.562 3.259 -1.5688 40 21 4
11.604 3.1429 -1.5096 50 19 11
10.871 3.6878 -1.1958 40 21 5
10.973 3.5709 -1.2921 45 22 4
11.377 3.3002 -1.5641 24 16 14
11.011 3.4741 -1.2429 74 52 29
10.909 3.5324 -1.1756 76 55 24
11.048 3.4737 -1.316 18 17 0
10.952 3.4952 -1.2802 54 41 25
10.992 3.4884 -1.2105 77 53 25
11.021 3.4654 -1.2787 78 57 12
10.926 3.5166 -1.184 64 46 0
10.874 3.5675 -1.2613 17 17 17
10.838 3.5699 -1.2504 53 32 11
11.006 3.4785 -1.3016 21 18 0
11.052 3.4398 -1.3501 15 15 7
10.813 3.5619 -1.1378 56 31 8
10.777 3.5965 -1.1433 59 30 0
10.779 3.6219 -1.0872 60 38 15
10.848 3.5595 -1.2027 58 32 5
10.785 3.5894 -1.228 54 34 10
10.751 3.5929 -1.1883 54 36 12
10.742 3.6008 -1.0803 57 36 9
10.745 3.5979 -1.1086 53 35 0
10.761 3.5834 -1.1682 59 35 9
10.817 3.5872 -1.1329 58 40 0
10.846 3.5615 -1.1738 61 34 17
10.836 3.5711 -1.2214 58 33 11
10.765 3.6075 -1.1632 59 35 1
10.793 3.5809 -1.1004 59 37 0
10.78 3.5654 -1.2307 54 34 7
10.76 3.5833 -1.1433 57 35 12
10.815 3.5614 -1.2182 57 33 19
10.805 3.5703 -1.2125 56 35 8
11.817 6.1046 -1.6226 42 18 4
11.585 6.0623 -1.6661 39 15 3
11.755 6.0976 -1.6223 40 21 5
11.415 6.0415 -1.5631 38 13 6
11.879 6.062 -1.6694 42 22 0
11.788 6.0504 -1.6598 32 18 7
11.623 6.0015 -1.6475 42 20 22
11.558 5.9945 -1.6434 35 15 4
11.616 6.0354 -1.6641 37 15 25
11.852 6.0272 -1.6677 45 18 11
11.876 6.0611 -1.6669 42 22 0
11.6 5.9683 -1.6403 36 14 3
11.749 6.0684 -1.629 42 20 7
11.96 6.1123 -1.7044 40 21 5
11.726 6.0448 -1.6612 42 20 23
11.354 5.9192 -1.5334 25 15 3
11.566 5.9078 -1.6426 34 18 19
11.517 5.9228 -1.6025 36 16 7
11.797 5.9768 -1.6176 42 21 4
11.558 5.8799 -1.6514 26 15 13
11.708 5.9294 -1.5812 41 17 5
11.72 5.9687 -1.6092 41 17 7
11.516 5.8095 -1.6118 43 26 16
11.522 5.8195 -1.6499 33 21 5
11.706 5.8168 -1.6176 44 21 3
11.704 5.862 -1.6701 41 26 5
11.84 5.8498 -1.7286 35 22 4
11.588 5.8023 -1.6873 32 23 6
11.569 5.8547 -1.6631 23 14 15
11.751 5.8618 -1.6627 43 22 1
11.544 5.7865 -1.631 44 19 15
11.521 5.7496 -1.4931 44 21 5
11.959 5.8298 -1.7656 45 17 6
12.004 5.8372 -1.791 42 7 5
11.803 5.6667 -1.6474 34 19 12
11.529 5.625 -1.5803 34 21 3
11.646 5.6583 -1.6044 44 22 1
11.443 5.5613 -1.5462 29 22 2
12.213 5.636 -1.8548 28 19 0
11.747 5.6024 -1.6458 40 22 0
11.476 5.5453 -1.6097 46 23 15
11.534 5.6058 -1.624 42 21 4
11.675 5.6119 -1.6713 37 18 2
11.597 5.6326 -1.6193 34 21 3
11.545 5.5788 -1.6386 44 21 3
11.453 5.5513 -1.6294 37 17 6
11.498 5.5825 -1.6445 36 15 12
11.774 5.6349 -1.6502 39 17 2
11.689 5.6049 -1.6449 43 22 1
11.739 5.6397 -1.6651 43 20 4
11.495 5.6097 -1.6333 35 18 11
11.576 5.4726 -1.5886 42 22 0
11.386 5.4509 -1.5563 43 24 10
11.333 5.4935 -1.4767 45 17 3
11.79 5.5052 -1.6566 37 22 15
11.459 5.4892 -1.6192 45 23 12
11.634 5.4838 -1.6556 43 25 1
11.53 5.5145 -1.6256 43 24 10
11.413 5.4598 -1.6053 45 25 1
11.625 5.5287 -1.7093 46 21 14
11.425 5.5218 -1.6207 39 22 14
11.52 5.4855 -1.6255 48 23 16
11.546 5.4502 -1.6132 41 18 2
11.445 5.4262 -1.6011 43 21 10
11.799 5.4448 -1.6887 46 26 2
11.911 5.44 -1.7099 43 22 5
11.419 5.4525 -1.5754 43 24 10
11.728 5.4118 -1.6612 42 22 0
11.638 5.4171 -1.6449 43 23 0
11.192 5.3736 -1.4985 40 18 5
11.467 5.4268 -1.6123 47 21 20
11.88 5.4799 -1.7229 43 21 8
11.448 5.4388 -1.5279 32 19 0
11.501 5.4411 -1.5582 32 19 0
11.495 5.3275 -1.5917 38 18 7
11.304 5.3423 -1.5479 42 23 19
11.685 5.3804 -1.6483 46 24 1
11.626 5.3729 -1.7279 45 26 22
11.734 5.3502 -1.685 46 24 1
11.727 5.381 -1.6705 46 24 1
11.447 5.3352 -1.599 43 23 12
11.431 5.3141 -1.6292 44 22 11
11.743 5.3189 -1.6993 42 23 7
11.465 5.3062 -1.6145 43 23 0
11.39 5.3629 -1.5607 45 21 7
11.789 5.3741 -1.6729 40 23 6
11.607 5.3574 -1.6502 42 16 0
11.164 5.291 -1.4756 40 24 9
11.568 5.2314 -1.6355 31 22 3
11.507 5.2772 -1.6544 46 24 11
11.457 5.2428 -1.605 48 24 14
11.491 5.2204 -1.5271 36 22 9
11.47 5.2493 -1.6422 45 27 17
11.365 5.2597 -1.6108 37 20 10
11.464 5.2135 -1.6156 43 24 10
11.786 5.2862 -1.7301 47 23 9
11.487 5.2273 -1.5535 37 18 1
11.404 5.2233 -1.613 48 29 25
11.523 5.2035 -1.6173 41 24 17
11.625 5.191 -1.6423 49 24 4
11.479 5.1761 -1.5973 41 29 5
11.56 5.2016 -1.6383 41 24 17
11.397 5.1315 -1.6059 32 26 14
11.537 5.1362 -1.6157 49 26 8
11.358 5.1283 -1.5524 36 23 14
11.315 5.0635 -1.4809 49 29 22
11.575 5.0719 -1.6562 43 31 7
11.473 5.1117 -1.5911 35 24 2
11.595 5.0628 -1.631 50 28 15
11.205 5.1207 -1.4971 57 32 27
11.408 5.0727 -1.6321 60 43 26
11.352 5.1134 -1.6189 44 29 22
11.471 5.0592 -1.6371 54 36 24
11.498 5.0495 -1.6204 44 33 14
11.357 5.1284 -1.5531 36 23 14
11.641 5.0725 -1.7299 53 36 19
11.418 5.029 -1.5804 58 44 17
11.539 5.0008 -1.5934 51 35 20
11.463 5.0042 -1.5144 84 65 61
11.702 4.7348 -1.681 51 33 23
11.314 4.8709 -1.5799 63 47 32
11.482 4.8195 -1.5793 52 32 25
11.344 4.806 -1.6154 55 36 22
11.35 4.8344 -1.6092 59 43 26
11.419 4.814 -1.6195 53 34 28
11.46 4.8178 -1.5381 46 33 15
11.286 4.8821 -1.592 68 51 31
11.306 4.8493 -1.6133 69 55 29
11.462 4.854 -1.56 49 31 21
11.408 4.7861 -1.6213 49 30 23
11.263 4.7951 -1.5752 52 35 18
11.596 4.6929 -1.6393 47 27 20
11.303 4.7565 -1.6116 44 26 16
11.437 4.7005 -1.5609 43 26 18
11.238 4.7328 -1.5202 47 30 13
11.305 4.7208 -1.5902 45 24 19
11.455 4.7576 -1.5507 44 27 17
11.325 4.7399 -1.5602 47 30 13
11.355 4.768 -1.5997 50 32 10
11.451 4.7337 -1.5956 50 30 6
11.378 4.7211 -1.5579 45 25 14
11.448 4.6041 -1.5979 42 23 16
11.291 4.6549 -1.5346 39 26 8
11.319 4.6523 -1.5835 38 25 17
11.408 4.683 -1.587 42 24 4
11.565 4.6296 -1.6122 40 26 15
11.301 4.6868 -1.5692 45 26 9
11.417 4.644 -1.5646 42 23 7
11.504 4.6141 -1.5868 42 23 16
11.549 4.666 -1.5951 42 30 18
11.533 4.6059 -1.6036 42 23 16
11.566 4.6353 -1.6443 41 22 15
11.34 4.6817 -1.6223 46 26 17
11.412 4.6817 -1.5898 42 24 4
11.336 4.5462 -1.5602 28 26 3
11.581 4.4992 -1.6942 39 22 5
11.313 4.5993 -1.6319 35 18 10
11.336 4.612 -1.5732 42 25 8
11.346 4.5785 -1.5889 37 22 3
11.486 4.5237 -1.6069 38 21 4
11.286 4.5673 -1.5632 41 22 16
11.698 4.5256 -1.708 42 22 15
11.338 4.6009 -1.5093 42 23 6
11.423 4.5802 -1.5934 42 23 7
11.346 4.5784 -1.5894 37 22 3
11.507 4.4793 -1.5913 39 22 14
11.423 4.4543 -1.6335 41 24 7
11.488 4.4858 -1.5803 39 22 14
11.208 4.5593 -1.4915 37 21 6
11.417 4.4461 -1.5645 35 22 6
11.446 4.5047 -1.5892 41 22 6
11.489 4.453 -1.5925 39 21 7
11.428 4.4793 -1.5912 43 22 1
11.266 4.5149 -1.5662 36 23 7
11.318 4.5214 -1.5628 39 21 9
11.36 4.4097 -1.5789 41 21 12
11.237 4.461 -1.538 38 22 0
11.37 4.3698 -1.5603 39 19 8
11.293 4.3791 -1.5861 38 20 16
11.202 4.42 -1.5661 42 24 20
11.341 4.4427 -1.5292 40 20 9
11.343 4.4113 -1.536 42 19 11
11.293 4.4048 -1.5472 35 20 0
11.288 4.4113 -1.5779 37 20 10
11.304 4.3744 -1.593 38 20 16
11.349 4.4141 -1.5715 40 20 11
11.274 4.4213 -1.6022 42 24 10
11.192 4.4239 -1.5595 42 24 20
11.458 4.33 -1.58 39 23 6
11.286 4.2893 -1.6144 43 27 12
11.358 4.28 -1.5862 36 23 5
11.28 4.3751 -1.5191 41 20 1
11.179 4.3998 -1.5587 37 23 14
11.323 4.3356 -1.6198 37 22 15
11.363 4.3461 -1.5987 42 24 10
11.347 4.3163 -1.571 37 25 1
11.177 4.3713 -1.5678 37 20 3
11.344 4.282 -1.5437 39 23 8
11.179 4.391 -1.5008 35 19 4
11.227 4.2815 -1.5531 41 20 17
11.193 4.3002 -1.5682 44 29 22
11.359 4.2441 -1.5587 36 23 5
11.393 4.2011 -1.6194 37 23 14
11.19 4.272 -1.5738 49 35 9
11.291 4.2787 -1.5504 39 23 8
11.275 4.2899 -1.5758 39 21 11
11.433 3.2159 -1.6087 16 19 0
11.024 3.431 -1.3822 27 15 15
10.827 3.5796 -1.2726 56 36 11
10.817 3.5893 -1.2931 13 16 7
10.762 3.5819 -1.2757 56 33 0
10.753 3.5907 -1.2971 16 14 0
10.707 3.6057 -1.3032 10 14 13
10.796 3.5786 -1.2627 53 33 9
10.718 3.5952 -1.2828 47 36 14
10.766 3.5791 -1.25 54 34 10
10.717 3.5956 -1.231 53 34 17
10.731 3.5824 -1.265 54 36 12
10.696 3.5864 -1.3064 12 5 0
10.801 3.575 -1.3186 23 21 22
10.865 3.5158 -1.3847 30 20 21
10.775 3.5705 -1.3375 27 25 10
10.801 3.5752 -1.2909 37 27 0
10.722 3.591 -1.2081 55 33 20
10.71 3.6024 -1.2273 53 34 17
10.689 3.5949 -1.2734 54 31 0
11.523 6.0804 -1.6523 42 19 3
11.343 5.9981 -1.6236 35 17 5
11.514 6.0105 -1.7114 28 18 8
11.477 6.0082 -1.6155 51 31 6
11.656 6.0631 -1.7464 46 18 4
11.38 5.9584 -1.568 33 21 5
11.337 5.9731 -1.6329 46 18 14
11.414 5.9074 -1.671 21 14 0
11.496 5.8757 -1.6462 42 23 7
11.368 5.8403 -1.6393 30 18 4
11.333 5.7578 -1.6429 42 24 10
11.393 5.7933 -1.6678 35 17 15
11.287 5.7981 -1.5919 36 11 0
11.568 5.836 -1.7041 41 20 3
11.258 5.777 -1.6165 47 20 13
11.386 5.7922 -1.6642 35 17 15
11.544 5.8581 -1.6788 44 17 10
11.347 5.8273 -1.5932 36 17 3
11.278 5.7548 -1.6322 41 24 0
11.313 5.7463 -1.5996 25 17 6
11.288 5.4485 -1.6286 39 24 1
11.242 5.3948 -1.6182 33 21 0
11.436 5.3851 -1.6823 42 20 5
11.323 5.4306 -1.6905 42 20 5
11.383 5.4453 -1.6544 42 22 13
11.227 5.3686 -1.6185 35 23 0
11.273 5.4217 -1.6277 38 23 0
11.373 5.2943 -1.6399 50 24 7
11.333 5.3014 -1.641 51 25 10
11.291 5.3626 -1.63 43 25 1
11.342 5.3561 -1.6297 47 23 11
11.234 5.3359 -1.602 44 24 0
11.458 5.3495 -1.6683 45 25 0
11.268 5.309 -1.6306 48 27 0
11.272 5.3288 -1.5929 47 23 13
11.288 5.3218 -1.5715 42 23 9
11.214 5.3164 -1.6266 45 22 14
11.157 5.3425 -1.5831 46 24 1
11.302 5.2346 -1.5837 41 25 8
11.312 5.2682 -1.6132 35 19 19
11.219 5.2836 -1.6101 33 21 5
11.289 5.275 -1.6224 27 21 0
11.353 5.2111 -1.6533 48 28 4
11.208 4.9028 -1.576 119 91 41
11.073 4.9181 -1.5855 131 101 63
11.143 4.9262 -1.5944 68 48 11
10.906 4.9114 -1.398 87 67 42
11.152 4.8972 -1.6087 70 53 25
11.039 4.8881 -1.5127 72 57 28
11.297 4.822 -1.6167 51 39 17
11.037 4.8623 -1.5258 60 41 24
11.216 4.879 -1.6208 87 66 37
11.184 4.8241 -1.5854 52 33 17
11.049 4.8966 -1.5797 78 60 36
11.062 4.8886 -1.5568 65 43 28
11.146 4.7497 -1.5924 45 26 20
11.21 4.7614 -1.621 47 28 11
11.095 4.8174 -1.536 77 63 52
11.072 4.8333 -1.5807 55 38 20
11.134 4.8135 -1.593 53 42 20
11.044 4.8449 -1.592 54 39 16
11.188 4.7723 -1.6379 40 25 4
11.242 4.7479 -1.6154 45 28 18
11.134 4.7632 -1.6457 47 29 7
11.208 4.7847 -1.5853 50 30 19
11.145 4.7552 -1.6202 41 26 5
11.094 4.801 -1.6021 49 30 23
11.139 4.7413 -1.5288 42 29 21
11.125 4.6997 -1.5958 43 26 6
11.127 4.7497 -1.5482 45 29 6
11.073 4.6924 -1.5936 46 25 6
11.161 4.7405 -1.5707 45 29 6
11.172 4.6811 -1.5936 41 29 5
11.036 4.7084 -1.6004 44 25 9
11.272 4.6762 -1.6168 42 23 16
11.179 4.7128 -1.6214 44 25 8
11.173 4.7091 -1.5854 43 26 8
11.093 4.6585 -1.6248 43 24 10
11.112 4.6477 -1.6084 42 25 0
11.126 4.6616 -1.5462 41 24 7
11.176 4.6564 -1.6374 40 26 0
11.175 4.6182 -1.5856 41 22 6
11.147 4.6602 -1.5878 42 25 7
11.325 4.5754 -1.7174 44 22 9
11.218 4.575 -1.6249 46 22 20
11.048 4.6134 -1.5802 38 25 9
11.082 4.5696 -1.5804 39 23 0
11.13 4.5763 -1.5734 36 30 6
11.1 4.5678 -1.6226 40 22 10
10.994 4.6273 -1.5156 25 19 0
11.172 4.5036 -1.6213 37 24 8
11.144 4.543 -1.5891 40 20 9
10.991 4.575 -1.5288 37 18 12
11.094 4.4436 -1.5638 42 23 9
10.846 4.5818 -1.4762 41 21 10
10.987 4.5224 -1.5445 35 24 2
11.04 4.4696 -1.5608 40 26 0
11.086 4.479 -1.583 40 26 0
11.17 4.4413 -1.6101 40 24 9
11.142 4.4815 -1.5817 38 22 9
11.077 4.515 -1.5987 34 22 0
11.077 4.5108 -1.5675 36 21 0
11.145 4.4762 -1.5488 37 23 12
10.993 4.4931 -1.556 35 21 10
10.981 4.5019 -1.5785 39 22 5
11.164 4.4105 -1.5784 39 26 10
10.986 4.4686 -1.5593 39 28 0
11.072 4.4282 -1.5917 30 23 7
11.165 4.4102 -1.5805 39 26 10
11.015 3.5 -0.55432 64 44 20
13.129 6.7901 -1.0335 79 54 32
11.009 3.4786 -0.65996 74 54 20
11.033 3.4582 -0.69031 82 61 32
11.048 3.4731 -0.63816 63 46 0
11.03 3.4903 -0.68301 58 45 13
11.025 3.4921 -0.60719 61 42 10
11.051 3.4728 -0.71497 14 9 3
11.045 3.4763 -0.66322 62 41 10
11.019 3.497 -0.58053 60 43 0
11.027 3.4631 -0.71688 81 60 33
11.058 3.4691 -0.82369 14 16 2
11.016 3.4753 -0.79003 82 65 39
11.048 3.4453 -0.74651 84 61 27
11 3.4891 -0.75857 77 59 47
11.081 3.4503 -0.88395 29 9 0
10.996 3.4939 -0.8347 78 62 1
11.079 3.4511 -0.85687 23 18 0
11.053 3.4712 -0.74207 10 11 3
11.062 3.4646 -0.79749 0 3 6
11.07 3.4575 -0.77348 8 9 0
10.935 3.5492 -0.83889 51 31 20
11.071 3.462 -1.0197 32 23 14
11.039 3.4905 -1.0332 43 23 0
11.065 3.4667 -0.98916 35 20 13
11.066 3.4645 -0.93331 28 20 0
11.059 3.4716 -0.95838 33 13 15
11.082 3.45 -0.91258 39 17 6
11.013 3.4804 -0.92004 79 58 31
11.012 3.4823 -0.94641 81 59 44
11.03 3.436 -1.0182 77 58 15
10.949 3.5069 -0.87802 84 59 15
10.817 3.5985 -0.83373 78 50 10
10.921 3.5331 -0.89291 83 60 27
10.979 3.5108 -0.88027 71 48 42
11.007 3.4867 -0.97236 78 57 38
11.015 3.4808 -1.0027 81 62 32
10.963 3.4961 -0.93511 79 58 31
10.807 3.609 -0.90445 76 52 16
11.02 3.4444 -0.98735 82 58 24
10.948 3.5081 -0.878 84 59 15
10.866 3.5535 -0.88001 70 47 14
10.832 3.5851 -0.89243 83 60 29
10.812 3.6046 -0.93157 78 54 28
10.885 3.5649 -0.82859 80 59 12
10.828 3.5889 -0.89058 83 60 29
12.397 5.3913 -1.6046 49 29 5
12.56 5.3075 -1.6638 55 30 8
12.374 5.3554 -1.6142 53 26 9
11.938 5.3201 -1.431 50 26 12
12.317 5.1994 -1.5973 44 25 8
11.961 5.23 -1.5143 46 23 15
12.243 5.2112 -1.6059 49 27 12
12.317 5.1798 -1.6839 43 24 18
11.049 3.4533 -1.1585 75 55 28
11.019 3.4785 -1.0602 79 55 27
11.021 3.476 -1.0325 77 54 20
11.013 3.4838 -1.0845 77 55 42
11.04 3.4612 -1.1256 81 53 26
10.962 3.5001 -1.1239 76 57 27
10.796 3.5919 -1.0593 54 35 18
10.807 3.6104 -1.0049 78 58 23
10.795 3.5922 -0.98347 64 46 0
10.788 3.5993 -1.029 59 38 19
10.83 3.5885 -0.99109 66 48 12
10.814 3.6029 -0.95826 80 55 25
11.028 3.439 -1.0723 77 53 17
11.012 3.4535 -1.0935 78 58 23
10.593 3.8072 -0.97303 77 58 26
10.767 3.5912 -1.0528 62 39 8
10.795 3.5923 -1.0079 64 40 2
10.993 3.4701 -1.0273 82 58 20
10.826 3.5935 -1.0661 66 43 10
11.734 6.1353 -1.5049 44 19 14
12.105 6.1891 -1.6279 48 23 0
11.864 6.1614 -1.5317 48 21 2
12.064 6.1579 -1.6509 48 31 14
12.159 6.172 -1.6609 49 28 1
12.024 6.1179 -1.6446 44 23 2
11.991 6.1203 -1.6656 41 17 17
11.848 5.9306 -1.6096 45 21 9
11.864 5.9628 -1.6061 41 17 3
11.842 5.9766 -1.5476 39 24 5
11.775 5.7629 -1.5855 21 11 10
11.898 5.6807 -1.6465 44 21 13
11.8 5.6089 -1.6124 46 21 14
11.886 5.6395 -1.6137 42 19 1
11.889 5.6486 -1.6499 46 21 16
11.761 5.4769 -1.6002 48 22 23
11.905 5.4257 -1.5734 50 24 9
11.961 5.4044 -1.6593 35 27 4
11.92 5.42 -1.7036 43 19 9
11.902 5.4509 -1.6786 45 23 8
11.934 5.3945 -1.5993 40 16 2
11.873 5.4107 -1.6464 44 26 6
11.973 5.3626 -1.6312 49 25 0
12.249 5.3102 -1.6985 46 23 15
12.152 5.1959 -1.6459 48 23 16
12.186 5.2301 -1.6493 44 27 9
12.094 5.2774 -1.6432 43 23 0
12.228 5.1104 -1.6645 49 29 18
11.689 5.1844 -1.586 46 28 14
11.879 5.0501 -1.6125 46 27 21
11.854 5.0858 -1.5868 46 27 13
12.039 5.0887 -1.5902 51 29 18
11.66 4.9837 -1.5618 48 36 14
11.614 4.9967 -1.5729 53 34 27
11.613 4.9586 -1.5511 51 34 17
11.722 4.936 -1.5694 50 36 0
11.778 4.8206 -1.5957 54 37 11
11.715 4.8717 -1.5884 73 57 42
11.622 4.8554 -1.5505 45 29 14
11.512 4.9423 -1.5017 52 33 16
11.833 4.7832 -1.6751 54 37 20
11.575 4.8006 -1.5448 51 33 21
11.875 4.726 -1.629 52 33 19
11.656 4.7515 -1.5951 49 30 16
11.764 4.7895 -1.5997 58 37 18
11.799 4.6318 -1.5876 48 32 9
11.807 4.6364 -1.6285 45 28 0
11.753 4.7238 -1.6081 53 32 11
11.769 4.6863 -1.6307 49 28 9
11.788 4.5935 -1.5566 52 30 15
11.636 4.618 -1.5916 36 23 4
11.339 3.3471 -1.5277 23 19 18
11.292 3.4202 -1.4548 39 21 0
11.467 3.3165 -1.5395 28 16 0
11.5 3.3247 -1.5168 35 16 0
11.627 3.2282 -1.6178 30 18 2
11.553 3.2459 -1.5545 41 20 0
11.046 3.4586 -1.3039 18 17 0
11.046 3.4275 -1.3421 30 17 1
10.828 3.5938 -1.1979 64 41 8
10.851 3.5724 -1.2405 39 39 39
10.898 3.5598 -1.2885 12 20 0
10.928 3.5627 -1.2709 16 6 0
11.009 3.4601 -1.293 72 49 16
11.082 3.392 -1.2466 75 54 25
10.933 3.5263 -1.1973 74 53 22
10.888 3.5392 -1.2892 52 37 18
10.767 3.5924 -1.18 54 34 9
10.814 3.5768 -1.2008 55 34 7
10.78 3.6071 -1.0779 61 38 7
10.784 3.5757 -1.2174 52 34 10
10.755 3.6026 -1.1485 55 35 8
10.809 3.6082 -1.114 66 44 21
10.805 3.5551 -1.151 53 35 0
10.81 3.5803 -1.1441 55 35 8
10.79 3.5695 -1.1159 57 36 7
10.834 3.5583 -1.1844 56 36 0
10.808 3.6103 -1.1382 61 34 17
10.824 3.5678 -1.233 57 33 19
10.773 3.5856 -1.0811 60 32 18
10.763 3.5667 -1.214 53 35 13
10.811 3.5785 -1.1194 57 36 7
11.566 6.0403 -1.6478 46 23 7
11.678 6.0589 -1.5707 40 16 2
11.822 6.125 -1.6378 44 19 0
11.78 6.047 -1.5962 37 19 0
11.652 6.0264 -1.673 37 18 2
11.73 6.0552 -1.644 32 12 3
11.484 5.957 -1.4826 40 22 0
11.383 5.943 -1.5618 28 15 9
11.816 6.0655 -1.6477 39 23 0
11.453 5.985 -1.5912 47 25 14
11.578 5.9816 -1.6422 25 15 3
12.013 6.0046 -1.7184 42 18 6
11.5 5.9363 -1.6043 31 17 6
11.961 5.9626 -1.6985 45 22 4
11.756 5.9861 -1.6065 48 19 11
11.544 5.8938 -1.649 31 15 16
11.536 5.8305 -1.6323 33 18 23
11.74 5.8423 -1.6533 47 18 22
11.503 5.8591 -1.6355 42 15 8
11.275 5.7576 -1.4928 28 16 0
11.557 5.8431 -1.6763 47 18 20
11.705 5.8074 -1.6412 45 17 4
11.534 5.7691 -1.511 44 23 2
11.609 5.7456 -1.5279 23 16 6
11.62 5.6371 -1.5795 42 19 3
11.778 5.6633 -1.6987 46 17 19
11.71 5.6387 -1.595 34 19 12
11.766 5.6231 -1.6653 44 20 6
11.647 5.6276 -1.667 43 22 5
11.81 5.6278 -1.6917 44 20 6
11.734 5.6286 -1.684 39 18 0
11.559 5.5982 -1.6585 32 22 21
11.485 5.5551 -1.59 43 20 4
11.629 5.5767 -1.7131 44 24 13
11.551 5.5816 -1.59 40 19 0
11.642 5.5982 -1.6735 26 12 1
11.752 5.6135 -1.6268 38 20 16
11.583 5.6005 -1.6717 32 22 21
12.119 5.6923 -1.8475 42 19 3
11.564 5.4821 -1.5587 41 21 12
11.662 5.5094 -1.5733 46 19 10
11.467 5.4726 -1.617 40 18 7
11.566 5.5142 -1.6956 44 22 11
11.569 5.4987 -1.6319 40 26 0
11.543 5.5334 -1.6438 46 21 14
11.893 5.4922 -1.7069 37 16 11
11.526 5.5393 -1.6598 49 24 19
11.479 5.485 -1.5449 44 24 0
11.47 5.465 -1.5845 46 25 6
11.569 5.5063 -1.6633 45 23 12
11.607 5.3976 -1.6159 44 24 0
11.832 5.4574 -1.6818 36 19 11
11.543 5.4252 -1.5755 44 22 11
11.593 5.4552 -1.586 42 20 7
11.652 5.458 -1.6199 35 21 0
11.397 5.434 -1.549 47 24 8
11.398 5.4417 -1.5839 46 21 14
11.792 5.3937 -1.6842 45 23 0
11.595 5.4631 -1.6203 36 21 0
11.41 5.3316 -1.6259 40 15 18
11.783 5.3623 -1.6912 42 24 10
11.513 5.3533 -1.6498 42 23 19
11.433 5.3245 -1.6095 43 23 12
11.426 5.2963 -1.6135 46 24 9
11.485 5.3099 -1.5763 40 24 0
11.516 5.3385 -1.5849 46 24 1
11.638 5.3685 -1.6424 43 21 8
11.232 5.3582 -1.5134 28 26 14
11.46 5.2317 -1.6255 51 33 13
11.404 5.2409 -1.6247 42 26 9
11.465 5.2604 -1.6199 42 25 7
11.575 5.2121 -1.6236 45 29 4
11.39 5.2695 -1.6059 46 25 20
11.408 5.2271 -1.5645 44 20 18
11.374 5.242 -1.6062 42 26 9
11.56 5.2056 -1.5813 44 25 18
11.404 5.1987 -1.5674 44 26 6
11.532 5.1845 -1.6093 51 26 6
11.306 5.1434 -1.5052 47 34 16
11.414 5.0768 -1.5834 52 34 22
11.635 5.0608 -1.7471 59 41 31
11.425 5.1113 -1.611 52 27 22
11.63 5.0857 -1.7011 45 33 9
11.496 5.0381 -1.6424 58 39 22
11.499 5.061 -1.5983 51 27 13
11.32 5.099 -1.5866 55 38 28
11.428 5.039 -1.5627 55 37 15
11.338 4.8192 -1.5906 53 37 22
11.402 4.8535 -1.5506 57 35 22
11.525 4.7857 -1.5648 54 41 23
11.717 4.7517 -1.7049 50 32 20
11.406 4.8466 -1.5216 52 34 24
11.304 4.8612 -1.5922 65 48 28
11.305 4.832 -1.6009 59 41 27
11.247 4.8157 -1.5758 51 32 18
11.467 4.7113 -1.5902 45 24 19
11.322 4.7638 -1.5997 53 35 23
11.499 4.7599 -1.5513 36 22 11
11.275 4.8038 -1.5623 53 36 26
11.337 4.7247 -1.5887 45 28 11
11.341 4.7124 -1.5314 42 26 3
11.448 4.7468 -1.5725 49 29 20
11.262 4.7381 -1.5167 45 27 13
11.263 4.651 -1.5377 43 24 7
11.581 4.606 -1.6075 36 25 3
11.513 4.6624 -1.5937 43 25 15
11.454 4.6151 -1.5837 44 25 18
11.482 4.639 -1.5847 42 23 16
11.397 4.6677 -1.5692 42 23 16
11.195 4.7275 -1.4839 45 27 5
11.284 4.709 -1.5676 44 24 15
11.379 4.6891 -1.6601 42 23 9
11.322 4.6637 -1.5657 39 26 8
11.251 4.5812 -1.4576 32 23 6
11.556 4.4881 -1.6667 29 22 6
11.296 4.582 -1.5785 41 21 10
11.36 4.5561 -1.5865 41 21 10
11.466 4.5541 -1.6398 39 24 5
11.36 4.6171 -1.5668 39 21 9
11.392 4.6022 -1.5535 41 24 4
11.445 4.5548 -1.5975 43 19 7
11.593 4.4366 -1.6657 39 21 7
11.387 4.4751 -1.5571 40 24 0
11.409 4.5042 -1.5904 37 21 6
11.335 4.5335 -1.5826 39 21 9
11.33 4.4997 -1.5572 39 24 1
11.207 4.4554 -1.5064 35 22 13
11.375 4.386 -1.5759 40 22 8
11.262 4.4593 -1.5027 41 23 13
11.239 4.4476 -1.5586 26 17 10
11.211 4.433 -1.5857 34 22 8
11.471 4.344 -1.5976 42 20 20
11.265 4.4073 -1.5855 41 23 9
11.371 4.3512 -1.5534 42 19 13
11.265 4.3982 -1.5226 35 22 14
11.225 4.4192 -1.5246 39 21 9
11.345 4.2988 -1.5595 36 26 1
11.316 4.2811 -1.5466 43 25 11
11.348 4.334 -1.579 40 26 0
11.323 4.3484 -1.6024 38 18 7
11.148 4.3302 -1.4839 40 24 9
11.281 4.2657 -1.5346 38 25 6
11.255 4.2857 -1.5853 43 25 1
11.283 4.242 -1.61 39 26 8
10.836 3.5573 -1.3222 13 12 0
10.873 3.5526 -1.3099 4 7 0
10.743 3.586 -1.2541 54 34 0
10.755 3.5741 -1.2884 52 34 10
10.821 3.5706 -1.286 48 38 11
10.803 3.587 -1.2486 52 31 10
10.768 3.5915 -1.234 52 35 9
10.745 3.5839 -1.2287 51 33 11
10.765 3.5647 -1.3222 20 9 0
10.792 3.569 -1.3309 17 15 0
10.803 3.5869 -1.249 54 34 9
10.801 3.5601 -1.2822 55 35 11
10.782 3.5774 -1.2983 16 14 15
10.714 3.5843 -1.2985 41 28 20
10.709 3.5897 -1.2676 55 35 11
11.565 6.0495 -1.6806 47 27 2
11.4 6.029 -1.5713 40 19 0
11.393 5.9955 -1.6463 34 26 15
11.357 5.968 -1.5612 46 27 10
11.519 5.8713 -1.6781 40 20 0
11.331 5.7728 -1.6462 42 25 0
11.329 5.8153 -1.6012 46 21 0
11.499 5.8403 -1.673 38 19 3
11.229 5.7798 -1.5797 41 14 7
11.429 5.7835 -1.6832 26 14 0
11.28 5.7322 -1.5979 28 20 9
11.347 5.4339 -1.6524 38 22 0
11.23 5.4106 -1.619 38 19 2
11.206 5.4355 -1.5966 38 23 0
11.277 5.3724 -1.6048 46 21 1
11.246 5.3261 -1.6293 35 22 3
11.184 5.3522 -1.5838 36 21 0
11.287 5.3459 -1.6167 49 22 3
11.241 5.3191 -1.5925 50 25 3
11.318 5.3122 -1.6173 48 20 17
11.262 5.2921 -1.6129 50 24 9
11.219 5.2999 -1.6187 35 23 7
11.316 5.3387 -1.6004 45 21 11
11.362 5.3664 -1.6223 47 24 6
11.332 5.3051 -1.5931 50 21 17
11.131 5.2577 -1.4887 40 24 11
11.392 5.283 -1.6671 35 19 19
11.427 5.2756 -1.6631 50 28 17
11.157 4.9126 -1.6256 110 87 54
11.26 4.8758 -1.5972 98 81 51
11.109 4.8948 -1.6019 99 78 47
11.056 4.8951 -1.5055 79 58 41
11.149 4.8814 -1.5954 53 31 16
11.019 4.877 -1.4906 68 53 34
11.072 4.8705 -1.5572 50 32 18
11.206 4.8978 -1.6247 114 90 52
11.177 4.8369 -1.562 62 45 28
11.259 4.7609 -1.6341 49 30 13
11.335 4.7663 -1.6431 43 30 21
11.165 4.8172 -1.5938 14 0 0
11.233 4.7675 -1.6164 46 29 19
11.216 4.7999 -1.5947 61 55 31
11.077 4.7839 -1.5522 47 30 10
11.236 4.7375 -1.6338 46 30 15
11.203 4.8139 -1.6514 47 36 14
11.211 4.7783 -1.634 48 31 23
11.168 4.7659 -1.6455 46 31 12
11.073 4.8221 -1.6004 52 34 22
11.143 4.7061 -1.5873 42 23 16
11.114 4.7195 -1.5973 39 23 6
11.174 4.7255 -1.5993 46 26 17
11.17 4.7217 -1.5619 44 32 10
11.104 4.6896 -1.5685 42 27 6
11.22 4.6791 -1.6049 41 25 12
10.933 4.7449 -1.4844 42 26 11
11.108 4.7485 -1.5851 39 26 8
11.111 4.6501 -1.5249 46 26 19
11.234 4.6166 -1.6371 44 25 19
11.253 4.5809 -1.6584 43 24 8
11.062 4.6843 -1.6136 42 23 9
11.112 4.6591 -1.5896 41 24 6
11.147 4.6534 -1.6425 45 23 8
11.106 4.5446 -1.587 39 23 0
11.085 4.5803 -1.5618 40 22 10
11.087 4.523 -1.5862 41 26 3
11.073 4.5612 -1.5942 38 19 13
11.072 4.5891 -1.5869 30 22 9
10.943 4.5281 -1.5366 41 24 7
11.021 4.5248 -1.5784 40 24 1
10.979 4.5288 -1.462 34 20 9
11.159 4.4336 -1.6205 41 22 8
11.139 4.4326 -1.549 41 22 18
11.051 4.4815 -1.5768 30 24 0
11.071 4.4491 -1.6296 34 26 13
11.037 4.4589 -1.5778 36 26 0
11.195 4.4487 -1.6357 38 22 0
11.13 4.4786 -1.6224 34 23 1
11.12 4.445 -1.5634 36 22 9
11.03 4.4857 -1.5329 38 22 7
11.192 4.3817 -1.5899 40 24 9
11.113 4.4235 -1.5937 41 25 0
