1243
0.087197 0.56304 0.083446 0.81757 12.326 4.8597 -0.15132
14.716 2.8375 0.35597 72 50 26
14.729 2.7968 0.32849 75 50 27
14.736 2.8171 0.38738 71 51 26
14.749 2.7734 0.38485 71 51 26
14.752 2.8113 0.33517 73 53 26
14.667 2.8172 0.31242 75 52 21
14.748 2.7775 0.35708 71 51 26
14.535 2.8665 0.3058 98 74 38
14.648 2.7941 0.35795 95 69 42
14.644 2.8017 0.32977 94 70 42
14.669 2.8122 0.33945 76 53 11
14.673 2.805 0.36863 72 53 13
14.627 2.8193 0.30179 95 70 40
14.604 2.8364 0.32254 94 70 42
14.588 2.8154 0.34247 95 72 41
14.502 2.8265 0.34287 99 72 39
14.471 2.8306 0.28507 97 74 41
14.469 2.8257 0.33349 99 75 39
14.463 2.8348 0.30686 97 73 39
14.494 2.8373 0.31741 96 70 43
14.547 2.8202 0.33021 97 75 38
14.543 2.8271 0.30474 96 73 32
14.524 2.8377 0.35215 95 72 41
14.504 2.8312 0.29444 97 73 39
14.406 2.8614 0.26909 96 71 41
14.421 2.8442 0.29622 96 71 41
15.979 3.0284 0.40992 72 50 27
14.778 2.7588 0.30992 71 51 24
14.812 2.7675 0.29188 70 48 25
14.749 2.7908 0.25012 71 51 24
14.705 2.8051 0.1578 71 58 26
14.999 2.6153 0.29224 73 49 21
14.764 2.8046 0.31214 72 54 18
14.743 2.7992 0.22059 73 51 10
14.702 2.7972 0.23876 72 53 10
14.713 2.7842 0.26743 70 49 30
14.743 2.7953 0.24938 71 51 24
14.725 2.8074 0.27359 72 52 25
14.645 2.8206 0.17248 88 66 43
14.714 2.7938 0.18614 73 54 14
14.73 2.8172 0.16345 70 50 25
14.673 2.8256 0.20739 72 50 9
14.706 2.8007 0.18503 73 54 14
14.663 2.8246 0.28521 73 54 12
14.684 2.7897 0.15083 83 61 40
14.727 2.8159 0.19232 72 53 11
14.567 2.8254 0.15457 92 72 38
14.603 2.8221 0.1896 93 68 38
14.622 2.8021 0.21759 94 69 37
14.659 2.805 0.20114 90 66 28
14.532 2.8254 0.14603 93 69 33
14.566 2.8165 0.2309 94 70 36
14.512 2.8398 0.16948 95 67 38
14.674 2.7816 0.28211 94 68 41
14.593 2.8341 0.16203 95 68 35
14.589 2.8209 0.29152 95 70 38
14.657 2.8003 0.25564 92 66 41
14.572 2.8081 0.25767 97 69 38
14.619 2.8014 0.24394 93 69 33
14.562 2.8137 0.28244 96 73 42
14.532 2.8248 0.14675 93 69 33
14.589 2.8241 0.26555 94 69 39
14.644 2.8149 0.22684 90 70 36
14.568 2.8212 0.18036 92 69 36
14.555 2.8292 0.20502 93 70 36
14.429 2.8459 0.22549 94 67 32
14.472 2.8329 0.25836 93 69 41
14.423 2.861 0.14954 93 70 39
14.51 2.8293 0.27055 94 72 35
14.466 2.8452 0.2116 94 69 37
14.403 2.8494 0.14326 94 70 36
14.513 2.8297 0.24664 93 68 36
14.43 2.8476 0.1998 94 70 36
14.442 2.8709 0.18096 93 70 37
14.42 2.8511 0.24699 94 68 41
14.516 2.8299 0.22095 94 69 37
14.48 2.8284 0.23596 93 70 29
14.494 2.8253 0.16253 94 71 40
14.511 2.8092 0.16476 92 69 38
14.504 2.8412 0.21891 94 69 37
14.455 2.8276 0.17875 94 69 25
14.57 2.7837 0.2028 97 71 31
14.488 2.8345 0.13676 93 67 40
14.407 2.8422 0.16945 91 67 39
14.712 2.7826 0.018137 78 56 32
14.725 2.7983 0.076812 73 52 25
14.741 2.7875 0.050318 71 52 22
14.77 2.787 0.14154 71 51 27
14.679 2.8012 0.096583 88 65 32
14.665 2.7896 0.0095214 88 62 39
14.661 2.7897 0.036074 89 64 34
14.681 2.8054 0.042387 77 58 26
14.757 2.7805 -0.0038964 71 50 21
14.736 2.795 0.021863 72 51 22
14.73 2.7871 0.13382 74 51 20
14.708 2.8094 0.10347 72 51 24
14.824 2.7445 0.11848 73 51 12
14.661 2.8129 0.12142 88 64 38
14.643 2.8029 0.061213 88 68 34
14.678 2.805 0.070114 74 54 29
14.842 2.7332 0.093213 71 52 20
14.51 2.8264 0.037994 89 66 33
14.595 2.8029 0.13084 93 68 38
14.578 2.8277 0.051762 89 66 35
14.518 2.8219 0.013819 88 64 36
14.607 2.8249 0.13648 92 66 39
14.583 2.8267 0.026322 88 65 32
14.615 2.8016 0.0017837 86 62 36
14.567 2.7995 0.098215 93 68 36
14.625 2.8122 0.11296 91 66 34
14.556 2.8127 0.070665 88 67 40
14.696 2.7526 0.0934 90 68 29
14.568 2.8109 -0.0060443 86 62 24
14.583 2.8199 0.078739 88 65 31
14.545 2.8254 0.044572 88 64 36
14.559 2.8161 0.020087 88 65 34
14.518 2.8408 0.119 88 68 34
14.572 2.795 0.098885 93 68 36
14.521 2.8222 -0.01322 85 63 22
14.564 2.8347 0.10263 90 67 34
14.456 2.8327 0.12862 92 69 38
14.408 2.8471 0.11948 93 67 42
14.439 2.8328 0.0003073 85 61 33
14.398 2.8379 0.017065 86 63 29
14.446 2.8136 0.097901 94 65 44
14.472 2.8296 0.030051 88 64 36
14.399 2.8398 -0.0069128 86 63 29
14.481 2.8186 0.05637 88 65 32
14.513 2.8135 0.11463 91 66 34
14.406 2.8549 0.070959 89 64 41
14.495 2.8341 0.087403 89 68 39
14.447 2.8439 0.10427 92 68 34
14.413 2.8549 0.021231 90 64 39
14.473 2.8225 0.081266 91 66 36
14.376 2.8563 0.039615 89 64 32
14.49 2.816 0.0066956 84 64 30
14.523 2.8106 0.063864 89 66 35
14.497 2.8321 0.088172 89 68 39
14.413 2.8518 0.046829 88 65 32
14.383 2.8469 0.063402 91 66 36
14.972 2.6198 -0.1749 74 52 28
14.711 2.7997 -0.12274 72 53 10
14.684 2.82 -0.094586 68 50 26
14.629 2.7987 -0.079388 87 63 27
14.721 2.7774 -0.01092 77 59 23
14.685 2.785 -0.10022 83 62 33
14.679 2.7968 -0.15523 82 63 31
14.612 2.8196 -0.13276 85 64 37
14.633 2.8249 -0.046287 86 62 26
14.703 2.7661 -0.072042 86 62 34
14.73 2.8068 -0.03386 71 50 3
14.75 2.7593 -0.066206 73 54 12
14.631 2.806 -0.16079 85 61 27
14.748 2.7577 -0.038528 70 50 23
14.647 2.809 -0.018649 87 61 34
14.603 2.8246 -0.10627 88 62 35
14.687 2.7867 -0.12796 88 62 37
14.72 2.7957 -0.1504 70 52 30
14.547 2.8076 -0.090848 85 61 33
14.522 2.8008 -0.12187 84 63 36
14.608 2.8104 -0.025104 85 62 31
14.523 2.803 -0.14865 88 65 32
14.534 2.8163 -0.064933 85 60 37
14.61 2.7853 -0.11092 83 62 33
14.547 2.8137 -0.14223 85 62 31
14.647 2.7793 -0.050882 87 64 23
14.461 2.8521 -0.070811 86 63 30
14.537 2.8199 -0.11615 83 62 31
14.576 2.8131 -0.085491 86 62 34
14.49 2.8283 -0.095822 86 63 29
14.536 2.8116 -0.038585 85 61 27
14.627 2.7732 -0.13807 86 64 40
14.586 2.8135 -0.16456 84 63 34
14.552 2.8283 -0.032526 85 63 26
14.549 2.8348 -0.059072 84 60 34
14.473 2.8121 -0.10112 86 63 32
14.448 2.8388 -0.12676 84 62 38
14.384 2.8628 -0.082017 84 63 36
14.369 2.8528 -0.13506 85 61 33
14.42 2.8252 -0.055945 84 60 34
14.424 2.8497 -0.026639 84 61 27
14.439 2.8189 -0.15708 83 62 33
14.391 2.8257 -0.087079 84 63 34
14.391 2.8284 -0.11181 86 62 34
14.421 2.8309 -0.10527 85 65 31
14.474 2.8368 -0.04502 85 61 33
14.489 2.7939 -0.075156 86 63 30
14.369 2.8553 -0.16013 83 60 27
14.474 2.8051 -0.050207 85 62 28
14.435 2.8201 -0.13136 84 65 33
14.418 2.8241 -0.03045 83 62 17
14.472 2.8357 -0.020112 82 62 28
14.461 2.8296 -0.15187 85 60 37
14.386 2.8275 -0.062 87 64 33
14.81 2.7351 -0.29777 68 48 23
14.673 2.8419 -0.20378 69 49 22
14.738 2.7896 -0.23553 69 52 6
14.697 2.8016 -0.32394 73 54 24
14.775 2.7617 -0.26666 70 51 19
14.625 2.7944 -0.30259 84 58 31
14.672 2.7792 -0.24417 81 58 17
14.648 2.7702 -0.27621 83 60 29
14.64 2.805 -0.21546 85 60 37
14.748 2.7505 -0.27131 82 60 21
14.694 2.7875 -0.18379 82 61 40
14.693 2.7709 -0.3301 80 57 15
14.736 2.7848 -0.17915 71 50 23
14.567 2.8337 -0.19098 82 61 32
14.668 2.7768 -0.18872 85 61 35
14.663 2.7908 -0.27161 82 57 34
14.651 2.7743 -0.33283 84 60 24
14.696 2.7645 -0.30354 85 58 23
14.618 2.7908 -0.21999 82 59 25
14.622 2.791 -0.24764 85 62 21
14.699 2.7895 -0.24099 78 55 22
14.733 2.7672 -0.29796 80 59 30
14.719 2.7689 -0.21284 79 60 26
14.575 2.7911 -0.16961 83 63 29
14.495 2.8354 -0.19911 83 60 29
14.495 2.8033 -0.20449 84 60 32
14.554 2.7835 -0.22802 82 58 22
14.484 2.8224 -0.28235 82 60 23
14.565 2.8094 -0.24947 83 60 29
14.556 2.7876 -0.28155 82 58 30
14.463 2.8362 -0.22897 83 59 23
14.547 2.7929 -0.25379 82 59 25
14.483 2.821 -0.25631 83 60 29
14.585 2.7943 -0.27795 83 60 29
14.533 2.8127 -0.307 81 59 22
14.455 2.821 -0.31133 85 63 16
14.606 2.7779 -0.30678 80 60 25
14.524 2.8058 -0.1741 85 62 31
14.539 2.774 -0.31236 81 59 22
14.53 2.8382 -0.22182 82 62 27
14.565 2.8033 -0.19639 84 59 36
14.416 2.8158 -0.21208 81 60 29
14.389 2.8444 -0.23551 83 59 25
14.459 2.8031 -0.18204 81 60 29
14.383 2.8246 -0.29133 80 57 24
14.388 2.8168 -0.26595 83 61 24
14.476 2.8181 -0.17804 84 60 32
14.459 2.8117 -0.26059 81 57 29
14.335 2.861 -0.18826 83 60 29
14.48 2.7948 -0.28754 84 60 32
14.406 2.8307 -0.26088 83 61 22
14.411 2.8291 -0.28811 83 60 26
14.435 2.829 -0.20724 84 60 32
14.394 2.8343 -0.18529 80 58 34
14.357 2.8424 -0.21443 84 60 34
14.473 2.7954 -0.23491 82 59 28
14.38 2.8218 -0.24081 84 60 22
14.356 2.8373 -0.16409 84 63 36
14.332 2.8411 -0.26784 82 59 26
14.334 2.8425 -0.2925 85 61 25
14.737 2.7704 -0.35697 75 59 26
14.706 2.8003 -0.38223 69 50 18
14.779 2.748 -0.47868 67 50 24
14.721 2.7663 -0.50717 84 59 13
14.727 2.7581 -0.47807 80 56 28
14.787 2.744 -0.50918 69 45 17
14.762 2.7586 -0.4479 72 52 27
14.737 2.7769 -0.41446 71 49 26
14.61 2.7906 -0.44509 83 59 25
14.648 2.7593 -0.47941 81 57 21
14.633 2.7632 -0.39301 81 61 26
14.633 2.8066 -0.4711 80 58 21
14.618 2.7738 -0.36261 83 60 29
14.727 2.7513 -0.42005 81 56 33
14.653 2.7757 -0.36045 82 58 30
14.707 2.7723 -0.44618 84 63 36
14.699 2.7692 -0.36023 80 55 33
14.644 2.7866 -0.38804 84 60 34
14.614 2.7836 -0.41859 82 60 21
14.66 2.7763 -0.41825 80 59 32
14.606 2.781 -0.33566 83 64 24
14.565 2.7986 -0.44587 80 56 28
14.564 2.8023 -0.47221 79 58 31
14.719 2.7541 -0.39154 82 61 34
14.666 2.7743 -0.44729 83 59 31
14.544 2.7879 -0.47525 80 56 30
14.536 2.8123 -0.33411 81 60 29
14.472 2.8077 -0.33966 80 60 25
14.548 2.7837 -0.47621 80 56 30
14.462 2.8208 -0.36383 82 58 30
14.533 2.7889 -0.39391 82 60 36
14.516 2.7984 -0.33875 83 58 36
14.542 2.8132 -0.38762 82 61 32
14.511 2.7829 -0.4508 80 57 23
14.412 2.8454 -0.44138 79 58 13
14.579 2.7826 -0.42001 83 60 29
14.533 2.7852 -0.3678 81 60 33
14.55 2.8027 -0.36205 81 61 37
14.476 2.8101 -0.3921 79 58 31
14.489 2.807 -0.47351 77 56 29
14.503 2.7929 -0.476 77 56 29
14.523 2.8011 -0.41825 81 60 31
14.504 2.8219 -0.44262 80 56 30
14.484 2.8051 -0.41991 81 60 33
14.366 2.827 -0.44659 78 56 32
14.392 2.8243 -0.36805 81 60 31
14.392 2.8277 -0.39334 83 60 27
14.379 2.8112 -0.42205 80 57 26
14.44 2.8153 -0.42001 79 59 25
14.444 2.7999 -0.31604 84 60 34
14.42 2.8255 -0.33903 80 56 30
14.452 2.8009 -0.39511 81 60 31
14.361 2.8213 -0.34393 82 61 32
14.424 2.7905 -0.3453 84 61 28
14.331 2.828 -0.42193 78 54 26
14.457 2.7928 -0.36948 83 59 31
14.367 2.8178 -0.3698 82 61 34
14.385 2.8257 -0.31687 80 59 32
14.377 2.8102 -0.39846 84 60 34
14.401 2.8216 -0.41993 79 58 31
14.419 2.8065 -0.4488 80 57 24
14.357 2.8217 -0.31993 82 58 32
14.34 2.822 -0.44826 80 55 33
14.312 2.8448 -0.39407 78 58 24
14.738 2.7548 -0.53885 78 57 10
14.713 2.7872 -0.62112 78 55 21
14.745 2.7628 -0.65769 76 55 26
14.698 2.7657 -0.62513 82 56 29
14.687 2.806 -0.58738 78 56 19
14.701 2.7912 -0.56086 80 55 23
14.724 2.7464 -0.65996 79 58 31
14.748 2.7643 -0.68853 71 51 17
14.629 2.7624 -0.65375 78 58 31
14.673 2.7743 -0.50547 81 57 23
14.676 2.7544 -0.65591 79 59 25
14.563 2.7823 -0.59013 79 58 29
14.719 2.7436 -0.60113 81 58 24
14.624 2.7637 -0.62491 81 58 25
14.649 2.7685 -0.56487 80 59 32
14.659 2.7626 -0.59539 82 58 30
14.586 2.7856 -0.5038 80 55 23
14.576 2.7973 -0.53047 78 57 30
14.546 2.8016 -0.61436 79 55 29
14.604 2.7747 -0.56326 82 58 30
14.697 2.7569 -0.53623 81 59 20
14.618 2.7652 -0.59457 81 57 29
14.626 2.7955 -0.61752 78 57 30
14.64 2.7729 -0.53551 80 59 28
14.729 2.7313 -0.57345 81 59 12
14.557 2.7942 -0.64516 77 55 32
14.638 2.7718 -0.5056 80 57 23
14.491 2.8107 -0.5277 80 57 24
14.461 2.8124 -0.58153 82 57 27
14.465 2.8004 -0.50173 80 57 24
14.543 2.792 -0.50328 79 57 16
14.527 2.7797 -0.56222 79 60 28
14.533 2.8071 -0.5564 82 58 30
14.432 2.8055 -0.55598 79 57 34
14.432 2.8084 -0.58226 77 56 25
14.498 2.801 -0.50171 80 57 24
14.461 2.8069 -0.52796 81 58 25
14.455 2.8152 -0.55376 81 60 33
14.533 2.7802 -0.61768 81 60 31
14.485 2.7775 -0.47916 81 58 25
14.528 2.782 -0.58955 82 59 28
14.451 2.825 -0.6048 78 58 33
14.531 2.8088 -0.55663 82 58 30
14.556 2.7824 -0.53369 81 58 25
14.444 2.7999 -0.61139 80 57 26
14.538 2.7756 -0.61858 81 60 31
14.326 2.8389 -0.4707 80 57 26
14.34 2.8356 -0.57454 79 57 33
14.362 2.8135 -0.57969 79 57 33
14.375 2.8295 -0.55005 80 59 28
14.38 2.8211 -0.52586 79 59 25
14.416 2.8127 -0.47378 78 52 25
14.338 2.8316 -0.5227 82 58 32
14.389 2.8215 -0.60493 79 55 29
14.354 2.8187 -0.55221 80 59 28
14.382 2.8171 -0.49945 81 58 17
14.287 2.8547 -0.5447 80 59 28
14.339 2.828 -0.49854 81 58 27
14.401 2.8324 -0.52287 78 57 30
14.373 2.8227 -0.47337 81 61 1
14.313 2.8309 -0.5743 80 58 35
14.416 2.8147 -0.49983 82 56 29
14.379 2.8281 -0.57675 78 59 27
14.323 2.8156 -0.52675 81 56 34
15.139 2.4718 -0.79746 68 48 14
14.705 2.7807 -0.80559 77 57 33
14.715 2.7751 -0.83919 79 57 34
14.7 2.7462 -0.78137 77 55 32
14.678 2.8006 -0.76759 78 56 32
14.714 2.7624 -0.71726 79 57 16
14.742 2.7346 -0.69389 80 56 28
14.887 2.6474 -0.75374 68 50 14
14.695 2.7549 -0.80849 77 58 18
14.708 2.7709 -0.74625 78 56 17
14.701 2.7417 -0.75188 78 54 26
14.672 2.7781 -0.83267 75 54 27
14.558 2.7757 -0.79252 79 59 34
14.666 2.7665 -0.68391 75 55 21
14.52 2.8046 -0.72526 77 56 25
14.614 2.786 -0.7355 77 54 23
14.602 2.7315 -0.77673 76 55 26
14.607 2.7887 -0.70513 77 55 31
14.683 2.7331 -0.84451 79 57 34
14.583 2.7861 -0.79221 77 56 27
14.591 2.7667 -0.67957 79 56 25
14.609 2.756 -0.74177 78 59 25
14.653 2.7541 -0.77484 77 57 32
14.584 2.7826 -0.76404 81 60 33
14.682 2.7311 -0.81406 80 57 26
14.615 2.778 -0.67918 74 56 20
14.613 2.7488 -0.71459 77 56 25
14.599 2.7751 -0.82533 75 54 27
14.693 2.7458 -0.7205 77 56 25
14.521 2.8007 -0.69786 80 56 28
14.435 2.7868 -0.72345 80 61 31
14.506 2.7823 -0.70046 75 55 31
14.498 2.799 -0.78141 75 56 26
14.478 2.7851 -0.78126 75 56 26
14.532 2.7598 -0.73592 78 58 24
14.448 2.7984 -0.63816 76 55 24
14.467 2.7895 -0.72444 75 58 32
14.556 2.7616 -0.65087 78 57 26
14.449 2.8001 -0.66629 75 54 23
14.451 2.8075 -0.74645 78 58 33
14.456 2.7726 -0.78181 78 59 25
14.47 2.7559 -0.75954 78 57 36
14.492 2.7711 -0.78548 76 56 29
14.423 2.7964 -0.69293 77 57 32
14.492 2.8013 -0.75235 76 57 27
14.542 2.7781 -0.67476 77 56 27
14.458 2.7674 -0.75641 78 57 36
14.495 2.8011 -0.78091 75 56 26
14.485 2.7987 -0.66896 79 57 16
14.479 2.8012 -0.63898 76 56 31
14.444 2.808 -0.69169 77 58 28
14.334 2.8179 -0.65669 77 57 23
14.276 2.8486 -0.67252 79 59 34
14.39 2.7985 -0.71907 77 57 23
14.331 2.8183 -0.62878 77 56 29
14.369 2.8148 -0.65898 78 53 31
14.355 2.8019 -0.71413 81 57 29
14.343 2.8116 -0.6846 80 56 30
14.408 2.7841 -0.75107 79 57 34
14.36 2.8263 -0.6833 77 57 33
14.284 2.8423 -0.70058 79 59 24
14.412 2.8011 -0.63756 79 57 20
14.355 2.8227 -0.60395 78 53 30
14.347 2.8127 -0.73909 76 54 31
14.306 2.8415 -0.59806 77 56 27
14.315 2.8141 -0.73511 77 55 31
14.409 2.8072 -0.66282 79 57 20
14.365 2.8162 -0.63131 78 57 28
14.286 2.8324 -0.62563 76 57 23
14.296 2.825 -0.65348 81 57 29
14.72 2.7426 -0.90827 77 58 28
14.728 2.7317 -0.88051 74 52 28
14.684 2.7533 -1.0248 76 56 21
14.723 2.7155 -1.0072 77 54 23
14.677 2.7529 -0.96152 75 52 18
14.662 2.8043 -0.97802 72 50 26
14.694 2.7726 -0.95988 76 53 20
14.728 2.7498 -1.0335 74 52 31
14.648 2.7722 -0.89099 74 54 20
14.675 2.7507 -0.9304 75 54 27
14.697 2.7668 -0.92987 76 54 30
14.788 2.7188 -0.92194 70 57 21
14.755 2.7438 -0.8808 74 53 22
14.576 2.7651 -0.85465 78 58 21
14.508 2.8012 -0.89637 77 52 8
14.518 2.7919 -0.90019 77 52 8
14.576 2.7682 -0.88466 77 56 29
14.535 2.7796 -0.93431 71 53 13
14.519 2.7848 -0.84458 76 57 27
14.636 2.7514 -0.9254 73 53 16
14.676 2.7437 -0.87093 76 58 18
14.544 2.7649 -0.88023 75 55 21
14.65 2.7354 -0.89996 76 53 22
14.622 2.7362 -0.98786 73 52 31
14.572 2.7656 -0.82555 75 54 27
14.592 2.7573 -0.91771 74 52 28
14.63 2.7505 -0.86398 76 55 28
14.528 2.7885 -0.96126 74 55 21
14.63 2.7606 -0.95234 73 53 19
14.636 2.758 -0.9847 77 56 27
14.58 2.7713 -0.944 74 49 27
14.374 2.8239 -0.78969 76 56 29
14.441 2.7961 -0.86147 76 53 20
14.464 2.7801 -0.92343 77 55 32
14.486 2.7854 -0.8694 77 54 23
14.494 2.805 -0.80942 76 56 21
14.408 2.7988 -0.88354 79 56 25
14.474 2.7913 -0.80919 75 55 30
14.348 2.8514 -0.81105 77 57 23
14.471 2.7976 -0.8351 76 58 22
14.499 2.7758 -0.90249 76 53 20
14.403 2.8275 -0.79244 76 56 31
14.438 2.799 -0.86032 76 53 20
14.422 2.8116 -0.82501 77 54 21
14.388 2.8155 -0.84969 74 54 20
14.408 2.8009 -0.91145 77 55 31
14.511 2.7713 -0.96278 76 55 24
14.504 2.7747 -0.93183 75 55 21
14.439 2.8004 -0.8883 77 54 20
14.323 2.8137 -0.81595 78 53 23
14.268 2.8361 -0.77845 78 58 24
14.321 2.8126 -0.78986 77 57 23
14.363 2.8076 -0.84921 77 54 23
14.34 2.8226 -0.76354 76 53 22
14.296 2.8121 -0.83946 75 54 25
14.33 2.8005 -0.76613 76 54 31
14.409 2.7868 -0.77388 77 55 31
14.291 2.8224 -0.8897 78 56 32
14.337 2.8074 -0.90043 80 55 32
14.288 2.8224 -0.86321 78 59 25
14.328 2.811 -0.84457 75 50 27
14.366 2.8079 -0.8759 77 54 21
14.279 2.8266 -0.80837 73 53 19
14.323 2.8185 -0.86866 76 56 32
14.389 2.7876 -0.9119 81 60 13
14.346 2.819 -0.7922 82 57 25
14.331 2.81 -0.87175 76 56 32
14.356 2.8114 -0.82169 80 55 23
14.273 2.8282 -0.75442 78 54 26
14.686 2.759 -1.0855 75 55 30
14.697 2.7172 -1.1283 74 50 22
14.679 2.7397 -1.1831 74 53 24
14.676 2.7394 -1.151 72 51 24
14.715 2.7442 -1.1904 71 50 23
14.806 2.6932 -1.157 73 52 23
14.833 2.673 -1.2011 73 48 28
14.644 2.7577 -1.0481 77 50 31
14.706 2.737 -1.0636 74 55 25
14.764 2.7258 -1.1088 75 51 25
14.703 2.7475 -1.1226 71 51 27
14.666 2.7411 -1.087 75 52 34
14.651 2.7479 -1.0204 77 54 21
14.743 2.7407 -1.069 74 54 20
14.707 2.7476 -1.156 74 53 24
14.675 2.7076 -1.192 71 48 30
14.563 2.7624 -1.0318 75 54 23
14.593 2.7724 -1.0652 71 49 26
14.485 2.7987 -0.98061 79 57 33
14.633 2.7395 -1.1106 75 53 30
14.554 2.749 -1.1533 73 54 24
14.54 2.7497 -1.0311 73 54 22
14.572 2.7576 -1.0653 74 54 30
14.53 2.7626 -1.0553 74 52 29
14.534 2.7653 -1.1154 75 53 14
14.578 2.7616 -1.156 68 47 20
14.504 2.7839 -1.0169 73 54 22
14.584 2.7532 -1.1267 72 51 22
14.605 2.7584 -1.0404 74 54 27
14.62 2.7548 -1.1359 71 48 30
14.6 2.7657 -1.0685 71 49 26
14.489 2.7736 -1.1034 70 50 23
14.588 2.7453 -1.1019 74 52 31
14.568 2.755 -1.0049 78 57 26
14.527 2.768 -1.0843 73 52 23
14.593 2.766 -1.0054 75 55 28
14.403 2.7899 -1.0834 73 52 25
14.452 2.7939 -0.94843 75 55 31
14.446 2.7726 -1.009 76 52 26
14.373 2.8062 -0.93299 77 55 31
14.404 2.7866 -1.0554 73 53 26
14.504 2.753 -1.0537 74 54 30
14.417 2.8043 -1.0243 72 53 21
14.503 2.7575 -1.0799 70 52 14
14.394 2.7912 -0.99514 74 52 29
14.405 2.7827 -1.0287 73 54 11
14.404 2.7778 -0.97201 76 57 27
14.48 2.773 -1.0152 77 56 27
14.416 2.7996 -0.96917 76 56 31
14.465 2.7853 -0.97946 75 54 23
14.435 2.7892 -1.059 74 52 13
14.451 2.7766 -1.0961 74 50 22
14.429 2.7839 -0.94587 75 54 27
14.367 2.793 -1.0744 76 56 29
14.271 2.8133 -0.91593 76 56 22
14.336 2.8103 -0.92734 78 57 26
14.365 2.7893 -1.0195 74 53 26
14.315 2.8053 -0.97832 77 56 25
14.251 2.8369 -0.93358 78 57 28
14.362 2.7902 -0.98993 76 52 24
14.298 2.817 -0.91948 77 57 23
14.329 2.7933 -1.0113 78 56 17
14.318 2.7998 -0.95389 75 54 27
14.355 2.7946 -0.95987 75 55 31
14.282 2.8095 -0.99787 74 52 28
14.368 2.7899 -1.0463 73 53 16
14.327 2.7976 -1.0387 77 54 20
14.257 2.8337 -0.96119 75 51 37
14.284 2.8105 -1.0252 74 52 28
14.248 2.8132 -0.99161 74 52 28
14.259 2.8235 -0.88541 77 57 30
14.612 2.7691 -1.1917 72 51 34
14.653 2.7348 -1.2419 74 53 26
14.596 2.7583 -1.2835 68 47 18
14.776 2.7046 -1.3456 16 20 6
14.661 2.7307 -1.2763 72 51 30
14.696 2.7645 -1.212 72 51 24
14.658 2.7367 -1.3072 67 47 23
14.66 2.7701 -1.3008 58 41 15
14.694 2.7301 -1.2205 75 49 32
14.726 2.7446 -1.2902 72 51 32
14.645 2.7514 -1.3329 19 16 0
14.7 2.7289 -1.2533 70 52 30
14.717 2.7494 -1.2538 70 49 30
14.72 2.7136 -1.2961 72 50 26
14.488 2.7558 -1.257 69 48 27
14.597 2.7467 -1.1959 72 55 29
14.508 2.7609 -1.1719 74 54 29
14.532 2.748 -1.2689 68 49 15
14.546 2.7626 -1.211 76 55 28
14.542 2.7701 -1.2363 72 50 29
14.492 2.7791 -1.1939 74 52 37
14.585 2.7615 -1.2178 74 53 26
14.644 2.7104 -1.2782 74 49 26
14.513 2.7623 -1.2323 71 50 31
14.491 2.775 -1.1332 75 53 29
14.541 2.7644 -1.1772 74 54 19
14.558 2.7584 -1.2733 71 51 17
14.369 2.7965 -1.13 72 55 29
14.375 2.7926 -1.1616 76 49 28
14.434 2.7708 -1.2108 75 52 21
14.421 2.7808 -1.1747 75 54 27
14.466 2.7739 -1.2162 72 50 29
14.461 2.7693 -1.129 74 54 27
14.423 2.7842 -1.2345 74 53 32
14.407 2.7887 -1.1126 75 49 32
14.387 2.7844 -1.1936 73 51 28
14.382 2.7829 -1.1369 72 55 29
14.414 2.7848 -1.1438 78 51 30
14.457 2.7795 -1.1847 72 51 32
14.446 2.7877 -1.1491 75 55 30
14.406 2.7568 -1.1199 77 53 27
14.271 2.8009 -1.1352 77 53 25
14.248 2.8208 -1.0689 79 56 23
14.29 2.8066 -1.0554 74 53 32
14.333 2.795 -1.0656 77 54 20
14.294 2.8091 -1.1385 71 52 22
14.369 2.7681 -1.1948 75 51 23
14.326 2.8049 -1.0901 75 56 26
14.272 2.802 -1.1632 75 53 32
14.289 2.8172 -1.1632 69 48 21
14.249 2.8171 -1.0447 76 53 35
14.288 2.814 -1.1071 74 54 29
14.314 2.7835 -1.0937 77 55 31
14.339 2.7965 -1.1505 73 53 28
14.36 2.7727 -1.1339 75 55 20
14.753 2.7953 0.32117 71 49 25
14.684 2.8465 0.3614 70 50 25
14.72 2.7866 0.33707 74 55 15
14.713 2.8252 0.34053 72 47 24
14.747 2.7597 0.37019 71 51 26
14.527 2.8563 0.31522 97 75 38
14.615 2.8054 0.36211 96 73 42
14.576 2.8084 0.35012 97 73 37
14.615 2.8094 0.3364 96 72 36
14.634 2.7956 0.31258 95 70 38
14.548 2.8409 0.29352 97 74 33
14.634 2.824 0.34724 89 67 28
14.657 2.801 0.3729 94 72 31
14.622 2.8388 0.31542 92 69 27
14.484 2.8295 0.32381 96 70 43
14.44 2.8732 0.29344 97 73 37
14.542 2.8111 0.31528 97 75 38
14.508 2.8385 0.33448 95 73 34
14.546 2.8101 0.29018 96 74 37
14.452 2.8277 0.31739 97 73 39
14.469 2.8155 0.29449 95 72 39
14.723 2.7909 0.28192 73 54 12
14.754 2.7678 0.26317 68 47 28
14.689 2.8001 0.16668 74 53 24
14.719 2.8013 0.23 73 51 10
14.717 2.7927 0.31067 74 57 14
14.773 2.7812 0.30006 70 50 23
14.681 2.8038 0.19363 83 59 21
14.714 2.8124 0.17475 72 52 25
14.763 2.7673 0.20809 72 53 11
14.683 2.7956 0.24856 77 57 23
14.839 2.7333 0.25137 71 47 19
14.665 2.815 0.21648 79 59 25
14.775 2.7836 0.26978 72 52 25
14.612 2.8287 0.20596 91 67 29
14.647 2.8008 0.18417 91 66 36
14.639 2.798 0.26141 94 68 43
14.593 2.8354 0.28079 95 69 42
14.668 2.8055 0.27188 92 71 44
14.603 2.8104 0.14797 87 67 33
14.549 2.8235 0.16284 96 68 41
14.564 2.836 0.22046 94 69 37
14.597 2.809 0.1999 94 67 30
14.66 2.7826 0.23957 92 69 35
14.573 2.8211 0.2752 95 72 41
14.537 2.8311 0.18831 92 69 36
14.598 2.815 0.14634 87 67 33
14.563 2.8428 0.16873 92 69 28
14.551 2.8153 0.21497 93 70 36
14.651 2.8164 0.29292 89 69 42
14.635 2.8151 0.15692 91 65 38
14.585 2.8137 0.25009 93 68 38
14.554 2.8225 0.13896 92 70 33
14.487 2.8458 0.17582 96 70 30
14.467 2.8614 0.20003 95 71 37
14.483 2.812 0.22261 94 67 32
14.401 2.8681 0.13315 94 70 36
14.533 2.8254 0.26406 96 71 39
14.475 2.8224 0.19562 92 67 23
14.571 2.7941 0.24363 93 68 36
14.485 2.8355 0.27536 96 73 42
14.486 2.8499 0.15052 93 69 33
14.424 2.8427 0.16025 93 69 41
14.48 2.8424 0.25197 95 71 43
14.473 2.8306 0.14509 92 66 39
14.482 2.806 0.27255 94 68 43
14.482 2.8193 0.17224 91 67 33
14.419 2.8448 0.18489 92 68 34
14.468 2.8574 0.22482 94 71 30
14.465 2.8599 0.22457 94 71 30
14.441 2.8482 0.23994 95 72 39
14.721 2.7859 0.061294 72 52 27
14.679 2.8188 0.085071 73 52 23
14.754 2.7819 0.15178 70 53 25
14.697 2.7972 0.13987 67 54 22
14.66 2.8326 0.11021 71 52 12
14.692 2.7847 -1.8594e-05 87 65 26
14.694 2.7697 0.10914 91 68 35
14.715 2.7607 0.028134 89 63 40
14.797 2.7516 0.10038 72 51 24
14.727 2.815 0.064274 70 53 23
14.721 2.7898 0.032766 71 52 20
14.823 2.7262 0.13187 72 55 25
14.687 2.7788 0.08085 87 63 37
14.738 2.7783 0.0076721 73 52 23
14.688 2.7815 0.05346 88 65 31
14.641 2.8125 0.12996 90 66 40
14.62 2.8145 -0.0077234 86 61 29
14.602 2.7854 0.091471 92 68 40
14.595 2.8211 0.12137 92 67 37
14.579 2.8097 0.062434 87 66 39
14.521 2.8238 0.10557 89 69 35
14.524 2.8248 0.078539 91 65 38
14.582 2.8388 0.067144 87 67 33
14.537 2.8184 0.029765 88 65 32
14.537 2.8218 0.0031592 86 62 24
14.618 2.8104 0.044302 89 64 34
14.611 2.8102 0.096016 91 66 34
14.567 2.8233 0.03398 87 64 31
14.583 2.8118 0.0099866 88 64 38
14.622 2.8099 0.017006 85 65 31
14.561 2.8189 0.11248 92 67 35
14.533 2.8218 0.029136 88 65 32
14.531 2.8207 0.053958 89 66 35
14.432 2.8475 0.063053 90 67 34
14.418 2.8272 0.081285 89 64 32
14.401 2.8463 0.055957 88 65 34
14.469 2.8372 0.12076 90 68 31
14.416 2.8347 0.031864 88 65 32
14.48 2.8304 0.096147 91 66 34
14.463 2.8271 -0.0091168 86 62 34
14.44 2.8365 0.088632 93 68 38
14.496 2.8244 0.021391 87 62 30
14.431 2.8518 0.038074 90 67 36
14.512 2.8038 0.074086 88 67 38
14.409 2.8443 0.0080284 86 62 34
14.448 2.8379 0.013882 87 64 30
14.509 2.8091 0.047751 89 65 37
14.48 2.8304 0.09676 91 66 34
14.531 2.8115 0.13088 91 68 35
14.442 2.832 0.11305 93 67 42
14.42 2.8368 -0.015646 85 59 34
14.512 2.8125 -0.0029231 82 62 28
14.732 2.8037 -0.16252 71 49 25
14.626 2.8123 -0.035792 84 61 30
14.667 2.789 -0.14442 87 61 36
14.759 2.7635 -0.021972 74 53 6
14.684 2.8043 -0.1116 76 55 28
14.801 2.7308 -0.047747 72 51 8
14.585 2.8296 -0.14821 86 62 28
14.746 2.7579 -0.16768 75 56 24
14.695 2.7851 -0.028829 86 60 33
14.693 2.7931 -0.084046 82 63 21
14.664 2.8151 -0.056623 79 59 32
14.669 2.7779 -0.060702 87 63 27
14.842 2.7064 -0.13339 71 53 31
14.645 2.8022 -0.089747 84 63 34
14.651 2.8004 -0.11644 85 61 33
14.676 2.7783 -0.11673 85 61 33
14.711 2.7845 -0.13813 75 54 27
14.486 2.8205 -0.13678 84 60 32
14.529 2.815 -0.15815 85 62 29
14.545 2.7974 -0.13217 86 63 30
14.503 2.827 -0.054556 87 63 29
14.598 2.8048 -0.041161 85 62 28
14.554 2.8155 -0.074043 86 62 34
14.497 2.836 -0.080814 84 60 32
14.564 2.8092 -0.10037 84 63 32
14.64 2.7769 -0.12164 87 61 34
14.604 2.7967 -0.014125 85 61 35
14.545 2.7943 -0.10628 84 63 32
14.517 2.8114 -0.028665 82 62 28
14.545 2.8206 -0.04889 86 62 36
14.533 2.8285 -0.022663 86 64 27
14.511 2.7999 -0.16316 84 60 34
14.604 2.8054 -0.096426 87 63 35
14.594 2.8117 -0.068528 84 60 34
14.589 2.79 -0.12675 85 61 33
14.605 2.7781 -0.15373 85 62 31
14.398 2.8299 -0.046444 86 65 20
14.411 2.829 -0.14582 86 60 35
14.456 2.8371 -0.03513 86 63 29
14.455 2.8151 -0.11658 87 65 41
14.369 2.8666 -0.12135 87 63 35
14.416 2.8492 -0.0914 83 62 35
14.469 2.8277 -0.059694 85 63 24
14.442 2.8189 -0.03985 85 60 28
14.401 2.8295 -0.071721 84 63 34
14.359 2.8487 -0.14926 84 63 36
14.471 2.8313 -0.1114 86 62 34
14.472 2.7928 -0.064811 85 61 35
14.449 2.8238 -0.14147 85 60 37
14.379 2.8574 -0.1205 87 63 35
14.413 2.8207 -0.096996 84 63 36
14.485 2.8152 -0.085919 83 60 26
14.755 2.7634 -0.28141 70 48 25
14.714 2.8225 -0.18681 72 55 11
14.801 2.7273 -0.31494 70 51 21
14.648 2.7825 -0.23261 84 61 27
14.683 2.7851 -0.22822 83 58 35
14.619 2.8054 -0.20421 85 62 31
14.732 2.7731 -0.19625 72 51 24
14.684 2.794 -0.31138 82 60 21
14.729 2.7825 -0.25206 71 52 10
14.724 2.7525 -0.25709 84 61 28
14.653 2.8045 -0.17188 85 61 35
14.642 2.7909 -0.25916 83 57 17
14.612 2.785 -0.26275 82 59 28
14.683 2.7816 -0.19978 84 61 30
14.615 2.785 -0.29075 84 61 30
14.626 2.7958 -0.17606 85 62 29
14.742 2.7677 -0.22412 70 53 7
14.613 2.7902 -0.31766 82 58 22
14.662 2.7764 -0.28826 81 58 27
14.695 2.7504 -0.32 85 58 23
14.725 2.7545 -0.28679 80 59 30
14.506 2.8108 -0.21443 83 59 31
14.459 2.8288 -0.27009 84 61 28
14.526 2.8012 -0.29595 85 59 34
14.57 2.8132 -0.18014 84 60 32
14.579 2.7882 -0.32215 82 60 23
14.489 2.8235 -0.18936 83 59 31
14.549 2.7998 -0.18535 84 61 30
14.495 2.798 -0.29781 83 61 24
14.531 2.8165 -0.18456 84 61 30
14.52 2.8039 -0.26889 84 60 32
14.57 2.8161 -0.20656 84 61 28
14.574 2.8159 -0.23421 83 59 23
14.557 2.7985 -0.23881 83 60 29
14.514 2.8062 -0.24202 84 61 27
14.579 2.7846 -0.29378 83 60 27
14.598 2.7577 -0.2142 83 60 29
14.514 2.8148 -0.32078 81 59 22
14.559 2.8 -0.26417 81 61 27
14.423 2.8262 -0.22136 83 59 33
14.403 2.8223 -0.30309 82 59 26
14.43 2.8224 -0.24795 82 58 32
14.387 2.8296 -0.22645 80 59 28
14.391 2.8316 -0.27476 79 58 31
14.484 2.7964 -0.1936 84 62 23
14.361 2.8265 -0.25414 81 61 24
14.369 2.822 -0.27962 83 61 24
14.433 2.8418 -0.16686 84 60 32
14.45 2.8053 -0.27439 81 58 24
14.438 2.8425 -0.21794 81 57 31
14.401 2.8186 -0.25168 80 59 30
14.385 2.8286 -0.2011 84 60 34
14.407 2.8354 -0.17088 82 61 30
14.457 2.8249 -0.21909 81 57 31
14.47 2.8158 -0.24632 82 59 28
14.415 2.8303 -0.19658 84 58 31
14.45 2.8084 -0.30111 79 58 31
14.355 2.8557 -0.17425 81 59 35
14.372 2.8217 -0.30503 82 58 32
14.739 2.7594 -0.43239 79 60 28
14.724 2.7688 -0.40273 78 56 33
14.751 2.7525 -0.46399 78 58 33
14.734 2.7708 -0.4903 71 47 13
14.635 2.7766 -0.37599 82 59 28
14.629 2.7788 -0.34721 83 59 31
14.598 2.7867 -0.4601 81 56 33
14.624 2.7597 -0.43643 81 60 33
14.632 2.783 -0.40262 83 61 22
14.642 2.7769 -0.43277 85 61 33
14.729 2.7608 -0.37654 78 57 30
14.703 2.7568 -0.43482 81 60 33
14.703 2.7811 -0.3417 84 58 31
14.695 2.7601 -0.40521 81 57 31
14.686 2.7784 -0.48953 77 57 20
14.633 2.7913 -0.48771 79 57 20
14.62 2.7999 -0.45829 82 58 24
14.685 2.776 -0.46042 82 58 30
14.629 2.7609 -0.49367 77 57 22
14.603 2.7753 -0.40702 84 62 23
14.693 2.7591 -0.37673 82 57 35
14.685 2.7622 -0.34702 84 61 30
14.532 2.8074 -0.40351 80 59 30
14.45 2.8201 -0.40499 83 57 30
14.548 2.7899 -0.3772 81 60 33
14.534 2.7793 -0.46446 80 57 24
14.472 2.8023 -0.43428 78 58 24
14.529 2.8103 -0.40329 80 59 30
14.461 2.8064 -0.37998 83 60 26
14.503 2.796 -0.35299 83 61 24
14.604 2.7682 -0.35109 77 56 25
14.523 2.8186 -0.42893 82 58 30
14.506 2.7961 -0.38042 80 60 26
14.588 2.7856 -0.37612 82 62 27
14.541 2.8055 -0.4583 82 58 20
14.522 2.8109 -0.34908 81 59 22
14.505 2.7908 -0.32668 84 59 37
14.471 2.806 -0.46083 79 56 23
14.451 2.8252 -0.45729 79 56 23
14.542 2.7682 -0.43834 80 58 34
14.514 2.7917 -0.40804 84 63 36
14.423 2.8146 -0.40781 81 60 31
14.362 2.8135 -0.43711 78 56 32
14.377 2.8243 -0.38252 84 60 34
14.38 2.8273 -0.43183 79 57 34
14.347 2.8514 -0.35305 82 61 32
14.424 2.8105 -0.38138 81 59 35
14.422 2.8382 -0.32409 80 60 23
14.448 2.8165 -0.35286 80 60 25
14.446 2.7943 -0.43688 80 57 26
14.408 2.8207 -0.32825 82 59 26
14.425 2.8179 -0.45861 81 58 25
14.374 2.7986 -0.41291 78 58 24
14.364 2.8319 -0.3293 79 59 32
14.376 2.8287 -0.40669 78 57 30
14.468 2.7651 -0.36036 83 60 27
14.352 2.8188 -0.38406 85 62 31
14.707 2.7458 -0.67432 77 56 29
14.725 2.7581 -0.61267 79 57 36
14.734 2.7536 -0.64442 79 58 29
14.742 2.7357 -0.55635 78 57 30
14.74 2.7449 -0.61577 81 58 24
14.757 2.7259 -0.58973 82 60 13
14.77 2.7432 -0.52567 76 51 5
14.768 2.7278 -0.68081 77 56 29
14.605 2.7867 -0.5174 81 58 16
14.598 2.7713 -0.63694 79 59 25
14.583 2.7727 -0.52107 79 56 23
14.692 2.7488 -0.58421 84 56 25
14.633 2.7735 -0.63723 80 56 30
14.688 2.7459 -0.52403 78 56 17
14.681 2.755 -0.5533 80 58 21
14.704 2.7658 -0.5205 81 57 23
14.576 2.7886 -0.60316 82 58 30
14.571 2.7869 -0.546 82 59 25
14.619 2.7769 -0.54885 78 57 26
14.633 2.7702 -0.60959 82 59 26
14.662 2.7784 -0.60697 79 57 33
14.573 2.788 -0.57503 82 59 26
14.659 2.7435 -0.58493 82 59 25
14.689 2.7579 -0.64217 79 58 31
14.493 2.7912 -0.51687 78 58 23
14.467 2.7922 -0.60074 78 56 33
14.47 2.8217 -0.59353 81 56 26
14.489 2.7976 -0.54387 82 58 32
14.457 2.7991 -0.57056 82 58 30
14.508 2.7893 -0.62871 78 58 33
14.548 2.802 -0.4865 81 57 29
14.543 2.7734 -0.49277 78 55 22
14.479 2.8101 -0.56893 81 58 25
14.465 2.8144 -0.48533 80 57 24
14.457 2.8049 -0.62282 77 56 25
14.535 2.787 -0.54656 81 58 25
14.433 2.8159 -0.51229 80 57 24
14.552 2.774 -0.57773 80 57 26
14.52 2.7986 -0.51532 80 58 34
14.547 2.7822 -0.60392 78 58 24
14.552 2.7804 -0.6335 76 54 33
14.451 2.8017 -0.54307 79 58 31
14.36 2.8211 -0.48605 79 58 27
14.452 2.7944 -0.49041 82 56 29
14.376 2.8366 -0.4834 79 60 30
14.357 2.8276 -0.51081 82 57 34
14.403 2.8133 -0.51415 81 58 17
14.405 2.8144 -0.53982 79 59 25
14.358 2.8205 -0.46089 78 58 0
14.32 2.841 -0.58583 81 57 29
14.402 2.8196 -0.5659 77 56 25
14.396 2.8284 -0.59087 78 56 33
14.379 2.808 -0.54087 80 56 30
14.344 2.8084 -0.51503 79 58 27
14.409 2.8014 -0.46298 78 55 22
14.334 2.8241 -0.56355 80 59 28
14.403 2.79 -0.59901 79 57 33
14.332 2.8235 -0.53825 80 59 28
14.391 2.7989 -0.56987 79 58 27
14.794 2.7115 -0.74932 77 56 25
14.781 2.7557 -0.70362 67 47 13
14.77 2.7295 -0.7127 78 53 21
14.71 2.7571 -0.79529 77 58 28
14.761 2.7153 -0.83978 76 57 17
14.691 2.7634 -0.70098 77 55 18
14.771 2.7102 -0.87448 77 56 25
14.743 2.7241 -0.77446 77 55 32
14.694 2.7641 -0.73142 76 55 24
14.674 2.7573 -0.8221 77 56 27
14.613 2.765 -0.69572 76 55 24
14.647 2.7716 -0.72673 78 54 26
14.598 2.7472 -0.72843 78 54 26
14.573 2.7646 -0.66546 78 54 26
14.594 2.7848 -0.72014 78 55 24
14.584 2.7575 -0.69631 79 56 25
14.666 2.7574 -0.76046 79 58 27
14.648 2.7641 -0.66916 80 57 26
14.637 2.7554 -0.81964 75 55 31
14.574 2.7975 -0.65839 78 56 32
14.582 2.7718 -0.80929 78 57 28
14.692 2.7375 -0.79738 80 60 25
14.652 2.7632 -0.69837 78 55 22
14.638 2.7483 -0.76018 78 56 32
14.558 2.7877 -0.74622 78 57 28
14.627 2.7615 -0.7873 80 57 26
14.541 2.7766 -0.80482 79 55 29
14.514 2.7986 -0.76911 76 57 27
14.603 2.7491 -0.78788 78 57 28
14.628 2.7262 -0.79505 78 57 28
14.484 2.7848 -0.68548 74 54 30
14.424 2.8074 -0.64985 79 55 29
14.422 2.8061 -0.62226 81 58 27
14.52 2.7869 -0.71501 78 57 28
14.564 2.7481 -0.75535 77 58 28
14.515 2.7638 -0.77696 76 56 31
14.529 2.7781 -0.71783 78 57 28
14.47 2.7709 -0.74162 75 55 30
14.48 2.7852 -0.65688 78 57 26
14.516 2.7841 -0.6586 76 55 26
14.415 2.7951 -0.7594 76 55 34
14.515 2.7879 -0.68577 77 56 25
14.431 2.8028 -0.67781 79 57 20
14.438 2.7994 -0.70622 76 56 31
14.488 2.7841 -0.71357 75 58 32
14.495 2.7799 -0.74247 79 59 25
14.479 2.7656 -0.77165 75 56 26
14.331 2.8359 -0.63944 78 57 28
14.321 2.8189 -0.69486 81 57 29
14.308 2.8243 -0.61384 79 55 29
14.313 2.8224 -0.64256 76 54 30
14.316 2.8268 -0.71931 80 58 37
14.339 2.8249 -0.61571 76 55 26
14.398 2.8 -0.6511 77 56 29
14.402 2.7987 -0.67815 81 57 19
14.385 2.8107 -0.62086 78 56 19
14.392 2.8118 -0.70178 78 57 30
14.439 2.7684 -0.74188 77 57 23
14.353 2.8251 -0.74716 77 55 32
14.338 2.831 -0.66729 79 59 34
14.324 2.8135 -0.66984 77 58 26
14.331 2.8067 -0.67194 77 58 26
14.39 2.784 -0.73552 80 58 35
14.353 2.8187 -0.69731 81 59 36
14.697 2.74 -0.85852 75 53 30
14.655 2.7528 -0.94278 77 54 20
14.816 2.6782 -0.94965 78 53 30
14.676 2.7661 -0.91223 77 52 20
14.707 2.7458 -0.98272 74 54 17
14.712 2.73 -0.89389 74 52 28
14.732 2.7266 -1.0233 76 53 22
14.726 2.7245 -0.9599 79 54 8
14.673 2.7407 -0.97834 74 52 15
14.667 2.7489 -1.0069 77 55 32
14.772 2.7125 -0.9069 75 55 28
14.525 2.7697 -0.9219 74 53 22
14.56 2.7714 -0.92475 80 55 11
14.565 2.77 -0.9562 73 56 30
14.558 2.7631 -0.8397 74 54 27
14.618 2.7836 -0.90028 79 56 23
14.674 2.7254 -0.85935 77 56 29
14.589 2.7747 -0.89961 73 51 27
14.626 2.7377 -0.88228 75 56 16
14.647 2.7325 -1.0075 75 53 29
14.533 2.7901 -0.85889 74 53 26
14.633 2.7384 -0.94292 72 52 27
14.566 2.762 -0.89892 76 54 13
14.515 2.7821 -0.94646 76 56 31
14.641 2.759 -0.87906 75 53 29
14.612 2.7611 -0.96515 75 55 18
14.578 2.7791 -0.83632 73 53 26
14.468 2.7883 -0.88056 76 53 20
14.395 2.7937 -0.86861 75 55 31
14.425 2.803 -0.92702 76 56 32
14.444 2.7806 -0.90723 77 55 31
14.47 2.7806 -0.82351 75 53 30
14.443 2.8097 -0.84312 79 56 23
14.412 2.8014 -0.78499 78 53 31
14.391 2.8004 -0.89467 76 55 24
14.508 2.7827 -0.88755 74 52 28
14.468 2.7907 -0.90876 74 53 24
14.49 2.7905 -0.79757 76 57 27
14.501 2.7627 -0.9472 77 56 29
14.439 2.8077 -0.78681 74 54 27
14.384 2.8319 -0.80271 76 55 24
14.411 2.7834 -0.92903 79 58 11
14.398 2.8199 -0.83645 74 54 20
14.52 2.7683 -0.86257 75 55 21
14.432 2.7898 -0.87542 73 53 19
14.467 2.8158 -0.81788 73 54 24
14.352 2.831 -0.79899 73 54 20
14.342 2.8028 -0.75393 76 57 25
14.315 2.8125 -0.88233 80 55 32
14.389 2.7917 -0.78424 79 56 25
14.334 2.8163 -0.80345 77 57 23
14.362 2.7912 -0.83971 77 54 23
14.359 2.8002 -0.89088 80 56 28
14.359 2.7972 -0.86512 74 51 18
14.318 2.8063 -0.85735 76 55 26
14.287 2.8352 -0.82058 77 54 23
14.293 2.8241 -0.77065 78 56 33
14.285 2.8302 -0.74259 76 54 31
14.285 2.8112 -0.87832 79 58 27
14.313 2.8062 -0.80331 78 58 24
14.336 2.8124 -0.77775 76 55 24
14.361 2.7949 -0.86594 74 51 18
14.356 2.829 -0.83099 77 56 25
14.735 2.7715 -1.104 72 55 27
14.703 2.7382 -1.2045 70 50 23
14.708 2.7303 -1.1757 73 52 23
14.644 2.7735 -1.0281 74 53 26
14.695 2.7053 -1.1817 74 49 27
14.658 2.7644 -1.065 73 52 21
14.776 2.6988 -1.1335 78 54 26
14.761 2.7156 -1.1597 75 54 27
14.693 2.7366 -1.1072 73 53 29
14.688 2.744 -1.1371 71 51 24
14.657 2.7441 -1.1923 74 51 9
14.804 2.6818 -1.2098 70 49 20
14.777 2.6943 -1.1021 76 52 26
14.763 2.7031 -1.0664 75 56 26
14.659 2.7353 -1.1331 72 51 24
14.666 2.7253 -1.1064 74 52 29
14.581 2.7263 -1.0302 76 51 28
14.499 2.7795 -1.0905 73 51 10
14.631 2.7498 -1.0325 76 55 28
14.557 2.758 -1.109 73 52 25
14.502 2.7739 -1.0618 73 53 28
14.552 2.7604 -1.0759 74 54 30
14.571 2.7673 -0.98804 74 52 28
14.577 2.7436 -1.1446 71 50 19
14.643 2.7422 -1.0665 75 55 31
14.587 2.766 -1.1104 74 52 31
14.501 2.7717 -1.0336 73 50 32
14.534 2.768 -0.98115 76 54 30
14.602 2.7549 -1.1479 75 49 24
14.548 2.7607 -1.0448 75 54 23
14.563 2.7811 -1.0429 74 53 26
14.61 2.7416 -1.0906 72 49 31
14.519 2.7634 -1.1273 68 52 19
14.564 2.7776 -1.0128 75 55 28
14.432 2.7766 -1.0771 72 52 25
14.388 2.7871 -1.0666 74 51 33
14.485 2.7525 -1.036 75 49 32
14.426 2.7802 -1.0438 75 52 11
14.415 2.7851 -0.98563 76 56 31
14.481 2.784 -0.96985 76 56 29
14.451 2.78 -0.96447 75 55 30
14.476 2.7649 -1.0591 74 52 13
14.464 2.7699 -0.99867 75 55 30
14.408 2.7944 -1.0122 75 53 32
14.463 2.8045 -0.98951 74 53 22
14.488 2.7585 -1.123 73 51 27
14.4 2.797 -0.95379 75 55 30
14.391 2.781 -1.0405 75 56 13
14.479 2.765 -1.0897 73 54 14
14.398 2.7711 -1.0162 75 54 27
14.356 2.8054 -0.91705 79 54 31
14.338 2.8021 -1.0256 73 53 16
14.336 2.7929 -0.91754 76 54 33
14.326 2.8087 -0.96506 74 53 22
14.329 2.8087 -0.99391 77 56 25
14.365 2.7995 -0.94717 73 52 21
14.247 2.8298 -0.97282 80 51 30
14.288 2.8134 -0.93179 78 57 28
14.263 2.8145 -1.0073 73 53 26
14.332 2.7996 -0.94218 75 54 35
14.295 2.8107 -0.98704 76 51 31
14.304 2.8043 -1.0175 73 51 27
14.334 2.8086 -1.0499 74 49 26
14.379 2.7879 -0.98015 76 52 24
14.302 2.8083 -1.0453 75 54 27
14.28 2.8188 -0.90283 78 58 24
14.304 2.799 -0.96517 74 53 26
14.679 2.7275 -1.2337 73 51 30
14.666 2.7425 -1.2582 72 51 24
14.681 2.7322 -1.2985 68 51 25
14.594 2.7788 -1.2942 29 26 9
14.624 2.7483 -1.2791 70 49 30
14.759 2.6993 -1.325 70 49 30
14.725 2.7226 -1.2454 73 47 30
14.746 2.7075 -1.2884 73 51 28
14.618 2.7475 -1.2143 71 49 26
14.66 2.7117 -1.2663 73 51 30
14.725 2.6961 -1.3516 21 19 0
14.478 2.7739 -1.1768 74 53 34
14.572 2.7581 -1.2309 76 52 26
14.582 2.752 -1.2673 70 49 18
14.542 2.7504 -1.2283 76 54 33
14.57 2.7532 -1.1712 72 53 23
14.548 2.7484 -1.2594 74 54 20
14.549 2.7508 -1.2889 71 50 19
14.61 2.7505 -1.1832 74 52 29
14.61 2.7289 -1.3104 70 50 16
14.526 2.7691 -1.2484 74 54 20
14.511 2.7526 -1.2777 74 52 31
14.484 2.7715 -1.2071 75 55 30
14.588 2.7399 -1.2103 73 52 25
14.518 2.7674 -1.1567 74 54 29
14.517 2.7713 -1.1867 72 52 27
14.5 2.7592 -1.2449 73 51 30
14.4 2.7834 -1.1552 74 51 33
14.395 2.791 -1.1801 74 51 20
14.43 2.7817 -1.1047 73 52 25
14.482 2.7684 -1.1475 77 55 31
14.46 2.7636 -1.2331 71 49 28
14.417 2.7975 -1.1269 74 55 25
14.416 2.7649 -1.1344 77 56 25
14.428 2.7894 -1.16 75 55 30
14.377 2.779 -1.2064 74 52 29
14.416 2.7726 -1.2203 73 52 21
14.446 2.7744 -1.1991 72 50 26
14.409 2.769 -1.1037 74 55 13
14.359 2.7913 -1.1433 77 57 32
14.365 2.7887 -1.1727 72 52 18
14.262 2.8182 -1.0338 76 55 26
14.321 2.792 -1.0786 75 58 32
14.355 2.7898 -1.0863 74 55 25
14.295 2.7936 -1.1567 70 49 30
14.28 2.8023 -1.0672 77 54 36
14.263 2.8248 -1.1133 72 53 23
14.358 2.7891 -1.1163 75 55 28
14.274 2.811 -1.0909 75 55 30
14.319 2.799 -1.1322 72 52 28
14.328 2.7879 -1.1085 76 54 30
14.327 2.7938 -1.163 72 53 23
