1204
0.56215 0.072384 0.81932 0.086414 15.466 7.9119 3.5622
12.285 8.8347 3.9876 58 33 13
12.339 8.7889 3.9635 64 34 8
12.236 8.8087 3.9248 81 50 20
12.376 8.8001 3.9269 60 28 23
12.285 8.8306 3.9654 61 35 12
12.322 8.7896 3.9415 60 31 0
12.325 8.8756 3.9716 49 30 0
12.325 8.8975 3.9385 48 20 16
12.315 8.848 3.9525 75 45 19
12.365 8.8592 3.9405 55 23 2
12.311 8.8447 3.9252 77 49 10
12.334 8.8907 3.9127 52 27 5
12.313 8.8528 3.9775 74 44 20
12.315 8.87 3.9199 56 30 5
12.108 8.7872 3.7691 62 31 0
12.348 8.8035 3.9029 60 33 12
12.342 8.8228 3.8419 72 40 15
12.344 8.7917 3.8221 55 30 8
12.325 8.8014 3.8509 60 36 2
12.334 8.8212 3.8188 60 33 14
12.313 8.8354 3.8714 72 43 3
12.251 8.7908 3.8373 79 48 18
12.321 8.7765 3.8606 77 46 15
12.336 8.8027 3.8777 60 29 17
12.331 8.8169 3.7871 61 38 4
12.359 8.8998 3.8479 47 24 18
12.365 8.8678 3.8261 49 25 0
12.357 8.8785 3.8788 45 24 7
12.346 8.8389 3.78 63 35 21
12.325 8.8758 3.8025 48 26 3
12.282 8.9154 3.7984 43 23 0
12.343 8.8919 3.7662 53 31 8
12.39 8.8346 3.8306 66 36 18
12.298 8.8927 3.859 50 31 0
12.325 8.8496 3.8094 72 38 9
12.368 8.8925 3.8192 48 27 0
12.347 8.8562 3.8898 58 29 0
12.24 8.9283 3.8012 43 23 0
12.319 8.8384 3.9008 75 47 20
12.348 8.8643 3.7712 55 29 6
12.314 8.8616 3.8661 57 28 6
12.329 8.8398 3.7549 72 43 21
12.334 8.8643 3.7473 50 27 21
12.343 8.9092 3.8747 54 30 4
12.035 8.8252 3.704 74 44 8
11.936 8.8264 3.7452 62 31 3
12.071 8.8019 3.616 67 37 11
11.813 8.853 3.7217 56 24 0
12.112 8.8002 3.6705 75 40 10
12.097 8.7997 3.6435 72 43 12
12.067 8.8214 3.7292 78 45 12
12.168 8.7991 3.7547 78 49 18
12.151 8.8087 3.6037 74 45 1
12.389 8.7968 3.588 60 36 26
12.241 8.8023 3.7168 52 29 0
12.184 8.8048 3.6355 73 43 19
12.299 8.8046 3.6525 57 27 0
12.351 8.8203 3.6715 68 39 15
12.298 8.84 3.7007 68 37 16
12.341 8.8015 3.7071 58 30 0
12.35 8.8163 3.6426 68 40 3
12.343 8.8139 3.615 70 41 17
12.271 8.808 3.6251 56 28 15
12.327 8.8407 3.5824 45 18 9
12.277 8.815 3.6801 57 29 0
12.34 8.8414 3.6119 55 22 7
12.225 8.8163 3.5961 53 30 14
12.155 8.8167 3.6628 62 33 0
12.379 8.9073 3.5877 40 21 4
12.379 8.8939 3.6772 47 26 0
12.332 8.848 3.6381 47 21 4
12.326 8.9062 3.649 45 22 4
12.335 8.8552 3.6903 51 19 6
12.363 8.8771 3.7115 47 22 2
12.333 8.9124 3.7053 47 22 2
12.357 8.8747 3.6831 46 20 5
12.364 8.8425 3.6628 53 22 4
12.342 8.888 3.7394 48 27 6
12.286 8.8879 3.6295 43 26 0
12.295 8.8716 3.7175 49 22 3
12.286 8.8838 3.6013 48 22 21
12.307 8.8858 3.6577 46 24 3
12.384 8.884 3.623 47 28 12
12.347 8.8912 3.5936 45 22 14
12.292 8.9393 3.6156 48 23 1
12.342 8.914 3.7333 47 19 6
12.026 5.0672 3.4777 21 8 0
12.024 8.8285 3.5123 69 40 9
12.209 8.7525 3.5268 59 30 0
11.888 8.8037 3.5284 70 41 9
11.762 8.8764 3.5817 65 36 14
12.12 8.8077 3.5445 75 40 20
12.057 8.8294 3.5763 73 43 5
12.33 8.8493 3.4627 47 27 0
12.362 8.8178 3.4979 73 43 5
12.094 8.8624 3.4667 54 27 10
12.304 8.8528 3.4319 46 24 0
12.343 8.8055 3.5602 67 44 26
12.318 8.8349 3.5247 70 40 16
12.234 8.8276 3.5019 54 29 0
12.337 8.8209 3.4694 68 40 1
12.247 8.8012 3.5386 51 30 13
12.351 8.8126 3.4405 71 41 5
12.289 8.8475 3.5528 46 14 0
12.315 8.8093 3.5309 55 25 9
12.268 8.8988 3.4807 43 25 5
12.352 8.869 3.4579 45 22 4
12.259 8.9101 3.5364 42 25 0
12.348 8.9046 3.5042 41 20 1
12.27 8.9165 3.4166 41 26 0
12.37 8.902 3.5326 44 25 8
12.346 8.8572 3.5469 44 21 13
12.343 8.9022 3.476 46 21 17
12.353 8.9208 3.4413 44 20 6
12.266 8.9219 3.4447 43 22 3
12.349 8.8781 3.5113 44 18 3
12.362 8.8481 3.5188 45 25 0
12.374 8.8404 3.4927 40 17 11
12.326 8.8852 3.5106 44 18 3
12.322 8.9213 3.5596 43 22 5
12.346 8.8614 3.574 46 24 3
12.339 8.8687 3.4281 49 21 8
12.347 8.8872 3.5693 53 27 13
12.254 8.9568 3.4664 44 22 0
12.074 8.8351 3.2515 53 28 6
12.158 8.7984 3.3598 64 37 2
12.14 8.8267 3.3143 48 17 0
12.001 8.8446 3.3797 70 36 9
12.042 8.8389 3.2168 50 26 0
12 8.8304 3.2826 72 42 18
11.801 8.8776 3.2312 72 40 17
12.068 8.8414 3.2803 49 24 1
12.111 8.7821 3.3618 71 42 18
12.057 8.8202 3.3226 71 39 1
12.369 8.8127 3.2965 58 34 8
12.374 8.8236 3.3795 44 24 0
12.32 8.8173 3.4102 69 39 11
12.162 8.8576 3.371 69 38 10
12.319 8.8228 3.2598 64 37 4
12.33 8.8323 3.3487 49 17 5
12.279 8.7931 3.3572 52 26 1
12.299 8.8553 3.251 48 19 21
12.335 8.8489 3.2839 44 26 4
12.343 8.7978 3.3253 52 27 0
12.202 8.842 3.3439 60 39 12
12.341 8.8249 3.3213 64 36 9
12.344 8.8548 3.3438 42 21 2
12.338 8.8521 3.3131 44 23 4
12.272 8.8133 3.2934 54 27 8
12.124 8.8502 3.2499 56 26 8
12.357 8.833 3.4069 44 22 0
12.347 8.8802 3.3362 43 19 5
12.337 8.879 3.3056 45 20 0
12.35 8.9095 3.3567 41 23 0
12.321 8.9229 3.3831 46 21 0
12.339 8.8909 3.392 44 26 4
12.336 8.9099 3.327 38 24 0
12.336 8.9058 3.3 40 19 2
12.349 8.8974 3.2719 40 18 3
12.308 8.8697 3.37 44 22 1
12.297 8.8772 3.396 41 23 0
12.289 8.8895 3.2724 48 22 7
12.361 8.88 3.3652 42 22 0
12.335 8.9226 3.4126 45 24 5
12.32 8.9332 3.2629 48 20 6
12.319 8.8621 3.3418 42 21 2
12.357 8.8646 3.2501 46 24 0
12.339 8.9394 3.35 42 23 6
12.29 8.951 3.3177 44 25 21
11.264 8.9337 3.124 63 31 16
11.691 8.8633 3.1641 60 29 0
12.104 8.7986 3.0654 66 36 20
12.014 8.8369 3.1493 64 35 1
11.993 8.8374 3.1147 71 36 17
12.113 8.8152 3.1908 63 33 9
12.088 8.832 3.0563 58 27 6
12.458 8.758 3.1081 65 37 24
12.151 8.8196 3.0956 50 22 11
12.089 8.8317 3.0559 58 27 6
12.107 8.841 3.1553 52 26 1
12.011 8.8625 3.1092 53 29 1
12.199 8.8525 3.218 65 37 8
12.354 8.8221 3.1389 51 24 0
12.295 8.8435 3.1635 45 23 2
12.209 8.8364 3.1279 63 39 11
12.159 8.8696 3.0511 48 18 0
12.271 8.869 3.093 42 24 2
12.251 8.8289 3.1659 65 36 5
12.195 8.8214 3.1928 55 26 5
12.344 8.8377 3.2273 46 24 0
12.352 8.8312 3.197 45 23 2
12.331 8.8246 3.1086 42 16 0
12.372 8.8349 3.0795 37 17 10
12.355 8.8569 3.1935 47 20 1
12.185 8.8521 3.1866 68 34 9
12.323 8.8578 3.1305 42 18 18
12.262 8.8805 3.1531 47 19 6
12.315 8.9182 3.1455 44 23 6
12.337 8.9154 3.1782 43 22 5
12.304 8.9074 3.2391 42 22 0
12.294 8.9206 3.1137 44 20 8
12.274 8.8998 3.1198 40 22 10
12.309 8.8934 3.15 42 20 0
12.36 8.8595 3.2228 43 23 0
12.329 8.8913 3.1819 45 13 8
12.34 8.9287 3.0844 42 20 9
12.309 8.9509 3.1687 47 21 7
12.313 8.9458 3.1379 42 18 6
12.319 8.9394 3.112 41 10 16
12.333 8.8941 3.2125 47 22 0
12.269 8.9242 3.0787 49 20 14
12.334 8.877 3.0968 44 18 19
12.386 8.9079 3.2422 41 19 0
12.207 8.9611 3.1914 44 24 0
12.384 8.9305 3.2063 44 23 6
12.814 6.0469 2.961 0 1 13
12.125 8.4522 2.8421 29 7 10
12.084 8.4949 2.8601 48 22 5
12.09 8.5844 2.8423 39 7 5
12.029 8.5657 2.8353 45 19 4
12.104 8.5216 2.8585 53 24 3
12.087 8.6798 2.858 35 4 12
12.06 8.7158 2.8427 27 5 5
11.965 8.8502 2.9374 49 28 1
12.172 8.833 3.0321 53 24 2
12.064 8.858 2.9803 51 25 0
12.013 8.8526 2.8381 43 21 0
12.13 8.8305 2.9289 46 24 0
12.066 8.8432 2.8819 53 28 8
12.363 8.7891 2.9383 54 30 20
12.134 8.8489 2.8571 60 36 0
12.083 8.8284 3.0241 51 24 3
11.971 8.8536 2.9708 52 23 0
12.358 8.8306 3.0178 44 21 3
12.337 8.8676 3.0377 44 22 0
12.385 8.8407 2.9579 43 27 4
12.289 8.8463 2.9747 46 24 3
12.337 8.8508 2.9183 38 22 0
12.099 8.8923 2.8757 43 21 0
12.188 8.8566 3.028 66 34 9
12.347 8.838 3.0448 45 25 0
12.221 8.8471 3.0331 66 34 9
12.294 8.8764 3.0006 42 21 0
12.352 8.8548 2.9814 51 23 9
12.243 8.8552 2.9367 44 23 2
12.348 8.9139 2.9955 40 18 3
12.298 8.9526 2.9539 44 23 2
12.287 8.8972 2.9315 44 20 18
12.353 8.8938 3.0633 39 20 4
12.308 8.8807 3.0623 45 23 0
12.301 8.9597 3.0127 38 21 0
12.345 8.9103 2.9689 44 23 6
12.388 8.9275 2.9964 42 25 0
12.314 8.9161 2.9322 41 24 4
12.278 8.8955 2.9007 43 21 0
12.367 8.881 3.01 43 21 6
12.387 8.9193 2.9412 40 14 0
12.332 8.8876 2.973 46 25 4
12.333 8.9059 2.9061 38 21 3
12.293 8.9395 3.0478 36 16 0
12.33 8.9236 3.0229 43 22 1
12.333 8.8956 3.0309 42 22 0
12.347 8.9488 3.0514 44 26 6
12.355 8.9564 2.9287 43 17 0
12.313 8.3829 2.8249 40 9 0
12.122 8.5073 2.7992 30 2 1
12.126 8.501 2.7661 25 6 0
12.198 8.4481 2.7179 46 23 5
12.029 8.5122 2.7051 46 27 13
12.082 8.4723 2.7281 32 14 4
12.054 8.4578 2.7974 35 3 0
12.045 8.4901 2.7858 21 2 0
11.911 8.4742 2.7244 22 3 0
12.027 8.4989 2.8138 28 4 4
12.235 8.4182 2.7685 39 23 8
12.036 8.4993 2.6391 38 23 0
12.215 8.4562 2.7924 24 3 0
12.089 8.4597 2.6592 42 24 14
12.065 8.4867 2.7895 21 2 0
12.144 8.4866 2.7018 42 24 0
12.095 8.556 2.6738 40 22 2
12.08 8.5397 2.7434 22 8 0
12.056 8.5635 2.6625 40 22 2
12.128 8.5363 2.7889 21 3 0
12.147 8.5678 2.8241 28 4 0
12.131 8.5901 2.7429 40 22 8
12.087 8.5741 2.7739 21 4 0
12.085 8.5198 2.8171 29 3 6
12.148 8.5215 2.7318 50 26 16
12.059 8.5263 2.637 38 23 2
12.065 8.5309 2.6739 36 21 0
12.083 8.5502 2.8131 27 3 0
12.119 8.5626 2.745 31 6 2
11.995 8.6122 2.6713 44 25 8
12.112 8.5472 2.6453 38 19 2
12.109 8.5835 2.6722 39 22 4
12.095 8.6025 2.77 29 8 5
12.173 8.6213 2.8157 21 2 0
12.142 8.6469 2.7382 42 25 5
12.083 8.6755 2.8245 30 2 0
12.046 8.6625 2.678 36 21 0
12.135 8.673 2.6911 34 21 2
12.078 8.6715 2.7856 25 1 0
12.168 8.6013 2.6838 35 25 0
12.084 8.6895 2.7151 44 22 0
12.158 8.6244 2.8117 21 2 0
12.164 8.6318 2.6744 35 19 2
12.079 8.6359 2.7623 25 8 0
12.169 8.6755 2.7664 36 24 2
12.069 8.6275 2.686 37 22 3
12.116 8.672 2.6548 36 20 3
12.189 8.6264 2.6805 35 19 2
12.154 8.6494 2.7721 28 9 3
12.046 8.6375 2.7178 43 27 4
12.119 8.6031 2.8088 25 6 0
12.11 8.7186 2.7461 42 18 8
12.082 8.7302 2.7738 23 2 0
12.11 8.7381 2.6729 12 0 0
12.11 8.694 2.7864 22 0 0
12.265 8.7193 2.8429 17 0 0
12.07 8.7381 2.8048 22 0 0
12.003 8.7385 2.6881 43 26 9
12.038 8.7707 2.7581 22 5 0
12.3 8.701 2.7889 25 15 5
12.063 8.71 2.8108 21 0 0
12.202 8.6866 2.7053 34 21 3
12.056 8.8654 2.8101 57 32 10
12.826 8.6712 2.9522 57 33 0
12.348 8.7984 2.7773 51 30 9
12.051 8.8574 2.7383 46 21 0
11.997 8.8672 2.6927 39 22 2
12.237 8.8435 2.8409 60 36 2
12.309 8.8776 2.8454 43 21 0
12.377 8.8397 2.7425 40 26 0
12.282 8.8538 2.8151 46 18 5
12.414 8.8332 2.7824 32 17 0
12.176 8.8803 2.7574 46 12 21
12.295 8.8862 2.8743 40 22 0
12.328 8.8631 2.7898 44 24 0
12.261 8.9022 2.7061 39 20 4
12.335 8.8654 2.8217 39 23 0
12.343 8.8404 2.8588 40 22 0
12.363 8.8384 2.8963 44 22 7
12.34 8.9139 2.7795 39 17 6
12.349 8.8929 2.8449 47 19 5
12.32 8.9243 2.8071 41 20 1
12.328 8.9533 2.8316 36 18 0
12.371 8.943 2.8725 41 19 0
12.323 8.936 2.8971 39 20 6
12.33 8.8897 2.7851 40 19 2
12.324 8.9421 2.7395 47 22 0
12.228 8.9171 2.7264 37 21 0
12.325 8.9312 2.8667 43 18 0
12.384 8.9426 2.9049 42 19 1
12.306 8.9563 2.7966 36 21 0
12.307 8.9097 2.8719 41 23 1
12.345 8.9208 2.8415 35 22 3
12.348 8.9114 2.7822 39 17 6
12.338 8.9106 2.7479 44 19 0
12.329 8.8944 2.8132 41 22 5
12.329 8.9446 2.7717 43 20 2
12.344 8.9667 2.7697 41 24 7
12.274 8.986 2.7201 39 22 2
12.13 8.4967 2.5561 34 16 4
12.085 8.4852 2.6169 39 25 0
12.044 8.5056 2.4938 24 4 0
12.064 8.4711 2.5063 37 22 3
12.091 8.4785 2.5823 38 22 7
12.113 8.5111 2.6165 34 21 2
12.081 8.5244 2.4654 27 1 2
12.097 8.4908 2.4759 35 22 6
12.141 8.4645 2.5635 32 13 0
12.061 8.5144 2.5683 34 18 1
12.084 8.4872 2.4353 38 23 4
12.126 8.5884 2.5341 37 15 17
12.034 8.5926 2.6183 34 22 0
12.015 8.5676 2.4377 27 7 8
12.076 8.5425 2.5668 27 1 10
12.09 8.5594 2.4947 36 23 4
12.057 8.5964 2.4802 35 20 1
12.049 8.5417 2.5236 36 16 5
12.072 8.5318 2.4981 26 2 0
12.338 8.528 2.673 33 21 0
12.055 8.5968 2.4798 35 20 1
11.953 8.6114 2.4085 33 16 0
12.14 8.6046 2.4655 23 2 0
11.917 8.5777 2.5573 37 18 4
12.046 8.579 2.5537 26 0 9
12.068 8.5692 2.523 40 16 12
12.009 8.5688 2.436 27 7 8
12.089 8.6068 2.5909 26 0 1
12.04 8.6112 2.5422 25 4 1
12.051 8.5413 2.5253 30 10 0
12.138 8.6404 2.4951 22 3 0
12.091 8.6311 2.5536 31 9 9
12.098 8.69 2.5434 33 14 0
12.127 8.6641 2.6249 34 22 0
12.153 8.6724 2.524 32 19 1
12.115 8.6069 2.6337 35 19 2
12.133 8.6276 2.599 38 17 12
12.128 8.6586 2.5914 29 4 7
12.122 8.6194 2.5274 20 6 0
12.124 8.6542 2.5568 32 14 12
12.022 8.6964 2.4506 35 19 6
12.095 8.6554 2.5114 27 5 5
12.059 8.6268 2.474 30 8 10
12.096 8.6411 2.6212 35 23 1
12.121 8.6388 2.4543 33 16 0
12.108 8.6931 2.5798 38 20 10
12.19 8.7375 2.6234 0 0 9
12.055 8.7508 2.4443 0 5 0
12.204 8.734 2.627 0 0 9
12.035 8.7299 2.4816 35 19 6
12.116 8.7212 2.5744 21 4 12
12.071 8.7264 2.5301 31 20 0
11.907 8.7821 2.583 17 3 0
12.057 8.755 2.483 0 0 0
12.141 8.696 2.6544 35 22 4
12.062 8.7392 2.5937 23 10 4
12.032 8.7157 2.5927 31 18 0
11.997 8.7335 2.4337 32 18 7
12.22 8.725 2.6018 0 0 0
12.04 8.7644 2.5126 0 0 0
11.927 8.8867 2.4573 34 14 0
11.964 8.8819 2.5034 39 21 0
12.155 8.8584 2.5555 40 20 0
12.364 8.8493 2.5791 39 12 1
12.287 8.8577 2.6568 44 22 9
12.194 8.8809 2.5949 42 25 7
12.301 8.9007 2.5821 41 19 0
12.321 8.8899 2.5582 47 18 12
12.402 8.855 2.7139 41 22 6
12.271 8.8671 2.6822 34 17 0
12.3 8.8407 2.5633 40 14 0
12.37 8.852 2.6104 37 21 0
12.356 8.8605 2.6383 41 20 0
12.416 8.8464 2.6887 38 16 5
12.343 8.9191 2.6215 37 19 0
12.339 8.9161 2.5894 46 20 5
12.37 8.9606 2.5879 43 21 0
12.305 8.9442 2.7027 41 17 5
12.356 8.8922 2.6603 34 18 0
12.391 8.8851 2.7058 34 18 1
12.338 8.9522 2.6463 43 21 6
12.307 8.95 2.5427 39 16 0
12.333 8.9582 2.6745 41 20 0
12.361 8.953 2.7127 38 22 5
12.372 8.9183 2.69 39 19 8
12.336 8.9678 2.5473 49 21 8
12.377 8.9351 2.6274 39 21 0
12.267 8.9282 2.7023 39 16 0
12.371 8.9021 2.5672 39 18 0
12.387 8.9095 2.6645 44 22 11
12.351 8.8895 2.6289 40 20 0
12.347 8.9451 2.618 39 21 0
12.278 8.9634 2.5656 40 22 0
12.313 8.9839 2.6026 40 22 0
11.8 7.0776 2.0081 78 52 29
11.823 7.1339 2.0522 80 51 30
11.748 7.2413 1.9987 81 52 30
11.715 7.1951 2.0025 79 51 24
11.744 7.21 2.0506 80 49 29
11.822 7.6065 2.1502 69 43 20
11.779 7.6706 2.0782 74 48 25
11.781 7.6505 2.1675 75 46 14
11.699 7.6444 2.1359 75 46 14
11.6 7.6986 2.0016 75 46 22
11.67 7.6724 2.0767 76 47 23
11.705 7.6657 2.0506 74 48 25
11.628 7.6111 1.9735 80 51 29
11.689 7.7696 2.1502 73 43 17
12.145 8.4711 2.4211 32 20 0
12.161 8.4815 2.3179 32 25 0
12.062 8.4792 2.354 37 20 10
12.012 8.513 2.2969 37 22 3
12.069 8.5206 2.4269 40 13 18
12.045 8.5266 2.238 33 21 0
12.121 8.5056 2.4097 35 22 3
12.067 8.5095 2.3519 39 22 15
11.938 8.4931 2.2758 41 22 18
12.08 8.4892 2.2526 36 22 13
12.065 8.5293 2.2753 30 20 8
12.079 8.5948 2.3046 33 20 1
12.055 8.6167 2.4007 33 22 2
12.088 8.579 2.4195 34 22 0
12.089 8.5677 2.349 40 23 16
12.028 8.5851 2.3632 36 19 2
12.045 8.5503 2.3785 36 16 9
12.068 8.5403 2.3497 36 22 13
12.078 8.5506 2.418 39 21 9
12.067 8.566 2.3063 34 14 13
12.097 8.5294 2.3235 31 21 12
12.071 8.5594 2.273 34 21 2
11.965 8.6116 2.226 29 20 1
12.075 8.5843 2.2313 34 23 4
12.057 8.6048 2.3324 35 17 17
12.042 8.6134 2.3626 31 22 13
12.084 8.6668 2.3627 31 17 6
12.144 8.6779 2.3474 32 20 8
12.068 8.6282 2.2934 34 16 6
11.994 8.7069 2.2534 25 15 5
12.155 8.6858 2.4195 31 17 6
12.014 8.6505 2.3492 37 17 8
12.036 8.6879 2.4206 31 20 0
12.069 8.6334 2.3306 28 21 15
12.031 8.6984 2.2677 25 15 5
12.192 8.6866 2.2882 16 13 8
12.109 8.6499 2.3066 32 23 8
12.102 8.6684 2.4025 30 16 5
12.168 8.6232 2.4374 33 14 7
12.185 8.658 2.2959 28 16 2
12.088 8.624 2.3011 34 16 6
12.114 8.6901 2.3706 29 19 7
12.084 8.661 2.331 35 16 0
12.261 8.7238 2.479 0 3 0
12.13 8.7517 2.3987 0 3 0
12.085 8.7272 2.3545 0 0 7
12.061 8.753 2.2704 0 0 0
12.129 8.7273 2.437 0 0 0
12.051 8.766 2.3376 0 0 0
12.054 8.715 2.4168 28 20 0
12.111 8.7162 2.3268 20 13 0
12.018 8.7491 2.363 0 0 10
12.154 8.7005 2.3102 14 3 0
12.078 8.7542 2.3111 0 0 0
12.055 8.8824 2.2812 38 20 10
11.731 8.8856 2.247 0 0 0
11.999 8.8826 2.3698 43 24 7
11.865 8.9145 2.2875 39 25 0
11.745 8.8816 2.2536 4 0 0
11.644 8.9127 2.2653 9 4 0
12.069 8.8832 2.3212 37 21 6
11.955 8.8584 2.3231 36 12 2
12.08 8.8652 2.4298 40 23 0
11.64 8.9086 2.2173 4 0 0
12.067 8.8335 2.3984 33 15 5
12.347 8.8135 2.4863 37 19 5
12.126 8.872 2.3748 38 18 7
12.302 8.9022 2.3869 39 18 0
12.281 8.8935 2.4836 39 21 0
12.352 8.8674 2.4751 43 27 1
12.304 8.8631 2.5269 39 21 0
12.427 8.8406 2.4698 39 20 13
12.298 8.8707 2.3599 33 16 0
12.279 8.8807 2.3882 33 16 0
12.374 8.8881 2.4776 41 19 8
12.194 8.8772 2.3605 40 22 0
12.347 8.8929 2.4333 38 22 9
12.29 8.8952 2.5172 39 21 1
12.327 8.8897 2.3675 37 13 1
12.302 8.859 2.4967 38 18 7
12.336 8.9554 2.4541 37 13 11
12.318 8.981 2.378 27 9 0
12.394 8.9049 2.4481 41 16 11
12.304 8.9703 2.4742 37 18 14
12.345 8.9336 2.5222 42 17 12
12.305 8.9142 2.4842 38 18 7
12.325 8.9551 2.4171 35 16 0
12.343 8.9067 2.5269 42 15 8
12.297 8.9599 2.3752 29 12 0
12.29 8.9339 2.379 36 20 5
12.349 8.9237 2.4629 35 13 2
12.319 8.9695 2.5098 42 14 11
12.348 8.9116 2.3658 29 16 0
12.336 8.9793 2.414 41 20 0
12.342 8.9302 2.491 38 20 10
12.335 8.9839 2.4454 31 6 0
12.096 7.155 2.0122 80 49 21
11.96 7.173 1.9788 80 50 26
11.9 7.1202 1.9572 80 50 24
11.882 7.1564 1.9432 80 50 26
11.967 7.1451 2.0285 83 52 31
11.794 7.1992 1.9858 81 51 27
12.346 7.3162 2.1057 78 48 20
11.918 7.2632 2.0364 81 51 25
11.917 7.1739 2.0021 81 53 24
11.951 7.1911 2.0607 82 51 30
11.93 7.2063 1.9624 79 49 25
12.077 7.2831 2.0622 81 52 21
11.909 7.1722 1.9975 82 54 25
11.804 7.1912 1.9491 84 55 34
12.151 7.2694 1.9773 0 0 0
12.138 7.3131 2.0064 78 50 11
12.174 7.428 2.0073 80 51 30
12.313 7.3798 2.0833 78 49 28
12.033 7.3503 2.028 77 51 26
11.889 7.3654 1.9592 77 49 22
12.134 7.4309 2.0269 78 48 24
11.932 7.2951 1.9962 80 49 28
12.064 7.3838 2.0029 78 50 21
12.252 7.4047 2.052 80 50 32
11.974 7.331 1.9631 78 51 8
11.877 7.3636 1.9551 77 49 22
12.167 7.4628 1.9991 0 0 0
11.991 7.4475 1.9539 76 45 14
11.751 7.4345 1.9301 78 50 21
11.854 7.4388 1.9372 77 47 21
12.078 7.4967 1.9967 78 48 24
12.004 7.4872 1.9611 78 48 24
12.011 7.4311 2.0458 77 53 19
11.79 7.5668 1.9669 75 48 13
13.475 7.7401 2.6561 80 51 19
11.925 7.5708 1.9865 78 48 24
11.665 7.5643 1.9583 77 50 15
12.321 7.6592 2.2352 77 50 15
12.069 7.6295 2.0848 74 48 21
12.232 7.6357 2.1255 76 47 13
11.975 7.6039 1.9646 76 49 14
11.87 7.5271 1.9666 77 49 22
11.955 7.6286 2.0771 77 50 15
11.815 7.5305 1.9811 79 51 24
12.118 7.6522 2.0229 77 48 27
11.771 7.6524 1.9977 77 49 22
11.787 7.6622 2.0352 79 50 26
11.981 7.6779 1.9562 77 47 19
12.079 7.6575 2.0445 78 47 17
11.748 7.6982 2.0125 79 50 28
12.139 7.7319 2.0576 76 48 9
12.126 7.7576 2.0123 0 0 0
12.171 8.5123 2.134 0 0 0
12.068 8.5173 2.2019 36 20 5
12.067 8.5797 2.1965 28 24 0
12.141 8.5601 2.1869 27 19 6
12.11 8.6171 2.0902 0 0 0
12.025 8.5563 2.1833 35 17 5
12.071 8.5674 2.1255 25 11 0
12.098 8.5566 2.0992 0 0 0
12.114 8.5341 2.1819 29 16 0
12.044 8.6104 2.142 24 15 0
11.897 8.6338 2.0437 14 1 0
11.984 8.6867 2.1045 26 11 8
12.067 8.7101 2.2076 27 15 1
12.086 8.6388 2.188 27 19 0
12.033 8.644 2.1333 26 14 0
12.021 8.6579 2.2002 23 14 0
12.163 8.6724 2.1381 0 0 0
12.067 8.663 2.1025 0 0 0
12.111 8.6896 2.1512 18 11 3
12.094 8.6676 2.1893 26 15 0
12.247 8.7315 2.3046 0 0 0
12.373 8.7276 2.3489 3 2 0
11.874 8.8533 2.1097 6 2 0
12.07 8.7712 2.1971 1 1 1
12.143 8.748 2.1893 0 4 0
12.106 8.737 2.2508 0 0 0
12.032 8.7704 2.1078 0 0 0
12.094 8.7188 2.1049 0 0 0
12.096 8.7238 2.1405 0 0 0
12.087 8.767 2.2028 0 0 0
12.18 8.7092 2.2088 0 0 0
11.787 8.8696 2.0427 27 21 0
12.054 8.7443 2.1953 0 0 0
12.333 8.8839 2.3358 19 9 7
12.189 8.8994 2.2806 23 12 0
12.315 8.9783 2.3433 37 13 1
12.312 8.9467 2.3158 4 3 0
12.313 8.9506 2.3487 32 19 3
12.295 8.9243 2.3123 27 11 0
12.305 8.8138 3.9784 57 27 1
12.356 8.8165 3.9115 54 27 6
12.393 8.8104 3.935 60 34 11
12.257 8.8228 3.9579 61 32 1
12.243 8.8222 3.9319 62 27 21
12.303 8.8624 3.9367 75 43 22
12.319 8.8357 3.9659 73 43 17
12.327 8.8818 3.9291 56 35 4
12.344 8.8806 3.9516 56 32 4
12.281 8.8648 3.9134 73 47 22
12.352 8.8741 3.9259 56 35 4
12.313 8.8639 3.963 77 51 26
12.266 8.8112 3.9001 58 29 7
12.292 8.8393 3.7734 76 47 7
12.362 8.776 3.8376 57 31 8
12.349 8.7837 3.8637 56 32 0
12.305 8.8138 3.8093 59 32 13
12.349 8.8271 3.7975 74 44 20
12.325 8.8125 3.8344 60 29 11
12.339 8.8172 3.8874 58 36 0
12.338 8.8128 3.8589 65 36 15
12.32 8.8487 3.8818 72 44 17
12.303 8.9106 3.8942 49 24 17
12.337 8.9045 3.7498 49 26 8
12.304 8.8974 3.8132 51 30 1
12.343 8.8375 3.8505 76 47 7
12.369 8.8473 3.7886 53 26 9
12.351 8.8571 3.8185 58 24 0
12.318 8.88 3.902 54 33 16
12.328 8.8985 3.8664 52 26 3
12.341 8.8901 3.8367 53 29 1
12.359 8.8634 3.8726 52 33 0
12.415 8.859 3.7793 49 27 4
12.295 8.8912 3.7587 46 23 17
12.334 8.8534 3.7647 55 27 13
12.31 8.8736 3.848 51 27 0
12.336 8.8352 3.8257 72 41 13
12.219 8.7609 3.688 63 28 8
12.071 8.8038 3.7212 58 27 0
12.062 8.8109 3.7508 74 45 14
12.071 8.8136 3.5947 72 43 22
12.056 8.8223 3.6256 74 45 14
12.048 8.8291 3.6541 77 42 12
12.276 8.8265 3.662 66 41 11
12.303 8.8233 3.6906 67 39 10
12.412 8.7625 3.6687 55 32 0
12.379 8.8272 3.6799 55 23 10
12.363 8.7974 3.6296 52 26 1
12.255 8.8011 3.6439 54 26 13
11.951 8.8595 3.6867 70 41 0
12.35 8.823 3.5981 74 44 28
12.039 8.8456 3.7455 71 41 5
12.328 8.8338 3.6265 70 41 17
12.231 8.8033 3.6166 53 28 0
12.378 8.8235 3.6533 70 42 15
11.914 8.8746 3.7184 75 42 23
12.377 8.7761 3.6945 55 27 0
12.05 8.8479 3.5885 52 25 4
12.389 8.786 3.6047 55 25 7
12.375 8.8761 3.6394 44 21 15
12.351 8.9052 3.606 47 31 18
12.297 8.9265 3.6326 45 26 10
12.315 8.8903 3.612 48 26 2
12.338 8.8436 3.7069 60 34 11
12.297 8.865 3.5931 45 23 2
12.335 8.8662 3.6737 47 25 2
12.334 8.893 3.6676 46 24 3
12.378 8.8616 3.7269 46 26 2
12.311 8.9085 3.7246 48 20 7
12.274 8.8805 3.6467 46 25 4
12.315 8.8643 3.623 46 29 1
12.334 8.8707 3.6995 50 23 4
12.364 8.8711 3.5837 45 19 5
12.389 8.88 3.6925 46 20 5
12.162 8.7803 3.5348 73 38 18
11.979 8.8575 3.5249 57 24 0
12.267 8.834 3.5125 68 38 0
12.322 8.796 3.5486 51 30 13
12.384 8.783 3.5765 52 29 11
12.341 8.8213 3.5697 73 40 9
12.351 8.8236 3.4235 73 43 15
12.329 8.8344 3.4514 44 22 0
12.346 8.7853 3.5212 53 27 13
12.318 8.8504 3.5366 52 26 1
12.265 8.8031 3.4913 55 27 0
12.335 8.8191 3.5434 69 37 16
12.295 8.8484 3.4785 45 22 16
12.328 8.8123 3.4867 63 36 19
12.332 8.8419 3.5083 45 20 0
12.052 8.8426 3.5539 54 24 8
12.363 8.7982 3.4578 65 38 19
12.356 8.8694 3.5573 45 19 5
12.361 8.8637 3.5296 48 22 7
12.314 8.8959 3.4634 44 21 3
12.307 8.9147 3.575 44 21 3
12.316 8.9174 3.429 43 19 5
12.344 8.8991 3.55 46 20 5
12.303 8.9077 3.5204 43 22 3
12.292 8.9295 3.456 43 22 5
12.327 8.8655 3.4732 46 20 3
12.32 8.8982 3.4932 42 21 4
12.323 8.8888 3.4372 45 19 5
12.31 8.8568 3.5638 48 21 12
12.407 8.8374 3.449 46 20 3
12.29 8.8681 3.4147 47 19 6
12.366 8.8495 3.4472 46 20 3
12.341 8.9177 3.4865 41 22 5
12.325 8.8703 3.5009 42 22 0
12.165 8.7846 3.3791 68 38 10
12.105 8.7955 3.3438 70 38 0
12.106 8.8097 3.242 71 39 1
12.1 8.8256 3.3372 54 25 0
12.075 8.8276 3.302 65 42 9
12.061 8.8264 3.268 68 43 21
11.531 8.8891 3.1676 73 39 12
12.365 8.7985 3.2846 66 36 18
12.256 8.8152 3.3669 60 29 1
12.37 8.8401 3.3909 44 24 0
12.347 8.8121 3.3372 68 34 5
11.99 8.8751 3.2544 52 26 1
12.326 8.8362 3.273 44 24 0
12.349 8.8422 3.3622 51 19 7
12.335 8.824 3.3945 64 38 0
12.404 8.7915 3.3155 63 36 17
12.328 8.8398 3.3016 41 23 1
12.311 8.8672 3.2642 44 18 4
12.292 8.832 3.3624 69 39 5
12.355 8.8013 3.2837 66 36 18
12.277 8.8191 3.2427 60 33 12
11.963 8.8776 3.2227 50 24 9
12.189 8.8295 3.3318 52 26 1
12.01 8.8743 3.286 53 25 11
12.298 8.84 3.2412 58 29 0
12.326 8.8448 3.331 46 24 3
12.306 8.8858 3.3789 47 25 1
12.322 8.8849 3.4095 41 23 1
12.286 8.9369 3.3069 35 20 0
12.316 8.8742 3.3231 43 22 3
12.318 8.9 3.3154 41 17 5
12.329 8.8884 3.2591 44 22 0
12.316 8.9135 3.4017 48 22 8
12.329 8.915 3.2536 47 19 5
12.332 8.9042 3.3719 42 21 4
12.345 8.8612 3.2951 44 26 4
12.367 8.907 3.2857 42 20 5
12.35 8.8944 3.3454 41 22 5
12.306 8.8815 3.351 42 22 0
12.32 8.8729 3.3225 43 22 3
12.302 8.9011 3.2861 42 21 4
12.313 8.9326 3.3363 37 18 12
12.325 8.9329 3.3652 38 20 0
12.177 8.7914 3.0611 61 30 9
12.228 8.7827 3.0928 55 23 18
12.045 8.8359 3.1025 56 25 7
12.3 8.7812 3.2243 55 24 14
12.095 8.8321 3.1709 55 26 0
12.091 8.8432 3.0362 50 23 12
11.994 8.8746 3.054 51 23 12
12.078 8.832 3.1382 51 25 0
12.247 8.8604 3.0779 43 20 14
12.254 8.821 3.2125 61 32 0
12.306 8.8602 3.205 44 24 0
12.285 8.862 3.173 41 19 0
12.005 8.8812 3.1238 61 28 11
12.115 8.8554 3.1669 61 32 0
12.374 8.8137 3.2199 59 25 0
12.286 8.8533 3.1121 40 17 11
12.315 8.8717 3.1117 44 20 20
12.365 8.8122 3.1883 54 23 0
12.379 8.8038 3.1657 66 37 3
12.367 8.8028 3.1335 67 41 18
12.312 8.85 3.1469 39 22 0
12.323 8.8112 3.0956 66 38 25
12.316 8.8615 3.2349 42 24 0
12.327 8.8637 3.084 34 15 1
12.287 8.9029 3.0719 45 16 10
12.318 8.8875 3.2296 45 24 3
12.306 8.9282 3.0979 41 22 5
12.331 8.9368 3.2205 46 21 0
12.295 8.9132 3.1614 43 23 0
12.283 8.9126 3.1294 47 24 8
12.309 8.9171 3.2205 43 23 0
12.317 8.9104 3.1937 49 17 12
12.383 8.9076 3.1387 44 20 8
12.336 8.8694 3.1453 49 27 6
12.301 8.9028 3.1034 41 22 5
12.365 8.8689 3.2059 46 25 0
12.361 8.923 3.192 41 20 3
12.297 8.9394 3.1541 42 21 4
12.294 8.8863 3.169 47 24 6
12.085 8.5071 2.8413 43 14 10
12.073 8.4787 2.8455 46 21 0
12.062 8.5416 2.8297 35 9 0
12.062 8.6979 2.834 37 16 0
12.054 8.8486 2.998 53 24 2
12.078 8.8523 2.8644 50 23 4
11.972 8.8861 2.8788 49 24 4
12.053 8.844 2.9658 48 26 2
12.201 8.8411 3.0483 59 31 17
12.092 8.8822 2.892 62 38 10
12.311 8.8471 2.932 40 16 16
12.261 8.8748 3.0127 40 19 0
12.334 8.8673 2.9287 42 18 16
12.012 8.8897 2.9879 60 31 7
12.146 8.8624 2.8713 60 37 3
12.323 8.8477 2.9638 50 25 3
12.315 8.8359 3.0586 40 24 0
12.322 8.8393 2.9046 40 19 0
12.289 8.8621 2.9886 41 25 0
12.363 8.8487 3.0592 42 22 0
12.268 8.8828 2.886 40 22 0
12.265 8.8924 2.9454 45 24 3
12.368 8.8164 3.0384 48 20 0
12.272 8.935 3.0612 43 23 0
12.328 8.9395 3.0363 47 22 0
12.316 8.9394 3.0036 40 23 5
12.322 8.925 2.9146 44 24 0
12.367 8.937 2.9195 40 17 0
12.327 8.9542 2.9415 40 19 0
12.329 8.8771 2.9902 43 21 6
12.321 8.915 3.0405 44 24 0
12.334 8.8799 3.0206 45 23 8
12.351 8.9016 3.0141 43 21 6
12.321 8.9294 2.946 37 20 0
12.327 8.8863 3.0465 45 23 0
12.315 8.948 3.0639 42 18 4
12.353 8.8965 2.9875 44 18 17
12.31 8.9372 2.9726 38 21 0
12.326 8.8967 2.9219 37 18 2
12.345 8.895 2.9563 42 19 3
12.013 8.4828 2.7989 32 8 0
12.101 8.4818 2.7092 49 31 9
12.055 8.5144 2.6586 40 25 4
12.029 8.4744 2.7662 27 4 10
12.089 8.5007 2.8075 28 0 0
12.02 8.4386 2.7359 29 6 0
12.14 8.5054 2.7125 45 30 0
12.078 8.497 2.7736 26 0 0
12.139 8.451 2.7586 26 8 0
12.101 8.4874 2.7451 24 6 0
12.056 8.4583 2.7045 54 33 6
11.913 8.4608 2.7458 30 5 0
12.07 8.4752 2.6341 36 22 0
12.005 8.4919 2.6499 38 27 0
12.032 8.586 2.6723 39 21 1
12.082 8.5626 2.7932 22 3 0
12.13 8.559 2.8385 40 9 1
12.039 8.5655 2.7462 24 7 0
12.138 8.5356 2.7075 46 26 0
11.978 8.5595 2.6281 36 24 0
12.039 8.5907 2.7041 44 26 12
12.095 8.5301 2.8008 25 1 1
12.119 8.52 2.7766 23 2 0
12.09 8.5968 2.8209 28 4 0
12.135 8.5906 2.6589 34 21 12
12.075 8.5722 2.6482 37 25 3
12.072 8.5949 2.7844 21 6 1
12.12 8.5444 2.7359 43 23 12
12.165 8.571 2.7733 25 6 0
12.121 8.5142 2.7446 39 21 11
12.084 8.6063 2.6804 36 21 0
11.999 8.6544 2.6533 35 20 1
12.136 8.6117 2.794 21 1 0
12.092 8.6561 2.8094 23 6 0
12.107 8.672 2.74 37 26 4
12.118 8.6101 2.7568 32 13 6
12.092 8.6104 2.7118 43 28 0
12.088 8.6516 2.7772 22 3 0
12.061 8.6929 2.796 24 2 2
12.094 8.6945 2.6627 38 19 3
12.164 8.6646 2.7851 22 5 0
12.119 8.6694 2.742 37 26 4
12.098 8.6687 2.7067 41 22 5
12.115 8.6597 2.6765 31 18 0
12.101 8.6435 2.7483 40 23 3
12.021 8.6555 2.6888 41 22 8
12.093 8.7205 2.8278 29 0 4
12.116 8.7192 2.6624 33 20 2
12.108 8.7068 2.7655 27 6 1
12.124 8.7372 2.798 23 3 4
12.048 8.7103 2.6836 31 20 0
12.075 8.7392 2.7178 42 23 9
12.048 8.7051 2.6496 38 19 3
12.086 8.7316 2.686 24 10 9
12.095 8.7149 2.7964 24 3 0
12.097 8.7041 2.732 45 21 11
12.11 8.7357 2.7608 23 4 0
12.002 8.8834 2.7082 45 25 0
12.282 8.8698 2.8273 38 20 0
12.289 8.8865 2.7621 36 23 5
12.344 8.8198 2.8198 43 23 0
12.236 8.8791 2.7855 41 19 0
12.442 8.7959 2.8728 44 24 0
12.326 8.861 2.8675 43 23 0
12.326 8.871 2.7411 36 20 0
11.978 8.9055 2.7987 60 35 13
12.33 8.8828 2.8322 40 24 0
12.323 8.8805 2.8008 37 17 0
12.307 8.8534 2.7732 40 20 0
12.323 8.8932 2.8915 39 22 4
12.286 8.9194 2.785 43 22 5
12.327 8.9191 2.8858 47 18 12
12.315 8.9607 2.7502 40 24 1
12.315 8.9061 2.7625 35 23 0
12.264 8.9175 2.7196 45 20 0
12.325 8.9156 2.8539 38 24 0
12.337 8.9347 2.8227 37 21 4
12.322 8.8896 2.8594 41 19 0
12.295 8.9353 2.7225 39 16 0
12.333 8.9402 2.8509 40 22 0
12.333 8.9441 2.8812 39 14 0
12.333 8.9317 2.7904 45 19 5
12.311 8.9348 2.7533 40 21 4
12.299 8.9617 2.7149 39 21 0
12.289 8.9734 2.7739 42 20 0
12.336 8.9391 2.8513 40 22 0
12.315 8.9145 2.8228 32 19 0
12.059 8.508 2.6243 35 23 0
12.051 8.5112 2.4392 39 22 5
12.103 8.4947 2.5995 39 24 3
12.058 8.4846 2.484 35 20 0
12.085 8.4861 2.5274 39 13 12
12.056 8.4968 2.554 36 19 12
11.993 8.5272 2.4572 28 0 0
12.044 8.5241 2.5103 24 7 0
12.006 8.5797 2.5981 36 26 1
12.084 8.5786 2.5087 38 16 18
11.924 8.6038 2.4214 24 4 5
12.074 8.5245 2.5545 26 8 4
12.195 8.5732 2.6423 30 13 0
12.143 8.5916 2.4888 25 8 1
12.12 8.5524 2.595 28 6 8
12.07 8.5313 2.5847 31 21 11
12.069 8.5391 2.4409 25 0 0
12.02 8.6224 2.4799 28 15 0
12.089 8.5833 2.5427 36 23 5
12.114 8.5837 2.5861 20 5 0
12.061 8.5718 2.4299 27 0 0
12.038 8.5621 2.5359 33 7 16
12.07 8.5507 2.509 37 22 3
12.108 8.5378 2.489 36 17 0
12.104 8.5308 2.6288 36 23 7
12.147 8.6179 2.6566 35 23 1
12.052 8.663 2.5882 38 19 13
12.132 8.6241 2.4776 22 1 0
12.088 8.6695 2.4893 27 11 0
12.095 8.6481 2.5689 31 12 8
12.175 8.6709 2.65 35 24 4
12.093 8.6128 2.5387 26 4 4
12.086 8.6392 2.4982 22 0 0
12.022 8.7092 2.4297 28 19 2
12.12 8.6674 2.5364 34 22 6
12.072 8.6889 2.5907 35 22 4
12.091 8.6243 2.6068 30 14 1
12.094 8.6181 2.5736 20 0 1
12.1 8.6578 2.636 36 20 3
12.048 8.6725 2.446 32 16 3
12.047 8.7091 2.471 32 25 0
12.103 8.6411 2.5362 24 5 0
12.071 8.7445 2.5411 10 0 0
12.032 8.7285 2.5705 28 22 0
12.096 8.7278 2.4818 0 0 0
12.12 8.6975 2.5285 30 17 0
12.129 8.7354 2.5941 16 6 4
12.033 8.7338 2.6045 35 22 3
12.049 8.7444 2.5024 17 9 0
12.126 8.7015 2.5622 28 21 1
12.094 8.7493 2.6142 0 0 0
12.064 8.8666 2.5151 48 20 7
12.411 8.8196 2.5804 36 20 0
12.342 8.8529 2.6543 41 22 8
12.279 8.8763 2.667 38 16 3
12.307 8.8782 2.5421 42 13 7
12.384 8.8716 2.6915 42 23 7
12.428 8.8191 2.615 43 17 2
12.114 8.9306 2.653 36 22 0
12.363 8.8741 2.653 44 20 6
12.309 8.8865 2.6037 39 22 5
12.351 8.8461 2.624 40 13 4
12.308 8.8827 2.5706 40 23 3
12.284 8.9346 2.6887 35 17 5
12.339 8.9404 2.664 39 19 8
12.364 8.905 2.6806 41 24 7
12.355 8.8847 2.7136 40 18 18
12.352 8.9003 2.6125 40 18 0
12.303 8.9118 2.5642 41 20 0
12.28 8.9511 2.5832 38 23 0
12.289 8.9759 2.5829 38 18 7
12.333 8.9571 2.5637 38 16 0
12.318 8.9431 2.6268 38 22 9
12.358 8.9033 2.642 39 21 0
12.348 8.8932 2.5493 38 20 0
12.363 8.9554 2.6364 38 21 4
12.363 8.9368 2.6996 43 22 3
12.299 8.9408 2.5577 39 23 0
11.789 7.1006 2.0173 76 50 25
11.981 7.2219 2.0932 80 51 29
11.816 7.2388 2.0508 80 51 27
11.757 7.2685 2.0221 77 51 28
11.75 7.5076 2.1641 75 44 23
11.757 7.6636 2.1379 77 46 18
11.644 7.6462 2.0477 75 47 16
11.739 7.6233 2.1318 77 46 28
11.689 7.68 2.0238 74 48 23
11.638 7.6366 1.9967 77 51 28
11.676 7.7451 2.131 77 49 22
12.091 8.512 2.3057 32 22 10
12.051 8.4939 2.3284 38 21 14
12.11 8.4951 2.4257 36 26 0
12.011 8.5064 2.3523 38 23 2
11.995 8.5165 2.2001 29 22 0
12.001 8.5337 2.3086 32 20 0
12.005 8.4951 2.2786 38 21 11
12.089 8.5064 2.2709 36 21 2
12.081 8.5077 2.2675 36 21 2
12.13 8.5612 2.2718 34 23 3
11.911 8.6416 2.2194 34 22 6
12.029 8.6033 2.3789 28 20 0
12.012 8.5894 2.2646 32 22 13
12.039 8.5704 2.386 29 22 2
11.996 8.5465 2.3853 34 18 1
12.045 8.5632 2.3547 37 20 3
12.102 8.6141 2.3611 34 18 1
12.088 8.6119 2.3185 30 21 16
12.067 8.5902 2.3563 34 19 16
12.122 8.5373 2.312 34 23 3
12.025 8.5496 2.2364 31 23 0
12.041 8.6069 2.4155 29 0 2
12.072 8.5835 2.3229 32 23 4
12.089 8.7031 2.3064 28 13 6
12.1 8.6699 2.317 34 15 21
12.071 8.6511 2.3473 30 23 3
12.108 8.6843 2.4229 29 17 3
12.161 8.6815 2.2961 31 19 5
12.076 8.6865 2.3753 29 15 4
12.125 8.6502 2.4366 26 15 0
12.063 8.6582 2.3817 34 17 7
12.069 8.6319 2.4213 34 15 1
12.14 8.6311 2.3357 34 15 0
12.182 8.6462 2.3154 25 16 1
12.062 8.6278 2.3843 33 17 2
12.08 8.68 2.3427 27 20 4
11.945 8.8118 2.3073 0 0 0
11.957 8.813 2.3545 0 2 0
12.121 8.7315 2.3447 0 0 0
12.168 8.7012 2.432 28 14 3
12.097 8.7227 2.4455 31 14 4
12.017 8.7725 2.4144 0 0 0
12.098 8.7064 2.344 29 14 7
12.095 8.7478 2.4077 0 4 0
12.191 8.7042 2.3033 0 0 10
12.038 8.7461 2.2795 0 0 0
12.093 8.7435 2.3694 0 0 7
12.131 8.7043 2.3882 26 16 4
12.438 8.6721 2.3976 0 0 0
12.055 8.8494 2.3741 43 21 6
12.135 8.8326 2.4347 43 21 10
11.674 8.92 2.2438 36 7 9
12.047 8.882 2.3656 49 20 14
12.057 8.8842 2.4035 44 23 4
12.047 8.877 2.3318 37 18 2
12.333 8.9046 2.3781 30 17 11
12.408 8.8305 2.4503 32 13 6
12.339 8.8874 2.4846 31 13 0
12.341 8.8737 2.3901 36 13 0
12.382 8.8703 2.4648 37 19 5
12.286 8.8801 2.5033 38 18 7
12.325 8.8966 2.507 40 22 8
12.3 8.8715 2.4757 39 20 6
12.276 8.8889 2.3353 26 16 7
12.302 8.8903 2.4058 40 23 5
11.894 8.9461 2.2388 35 19 0
12.333 8.9448 2.4701 36 15 0
12.333 8.9212 2.5067 36 16 5
12.361 8.9439 2.5416 38 8 8
12.287 8.988 2.4477 36 18 0
12.321 8.9643 2.3648 32 10 0
12.349 8.9356 2.4433 34 17 0
12.329 8.91 2.4102 36 14 0
12.285 8.9324 2.4592 38 22 9
12.362 8.9168 2.545 39 21 0
12.325 8.9349 2.3724 31 14 0
12.355 8.9056 2.4525 37 25 11
12.308 8.9571 2.4933 39 19 12
12.287 8.9838 2.4157 38 19 3
12.319 8.9407 2.4026 40 22 12
12.318 8.9694 2.3948 28 14 5
12.326 8.9668 2.3975 28 14 5
11.954 7.1471 1.9587 80 53 20
12.344 7.2507 2.2129 82 52 28
11.936 7.1532 1.9905 79 49 21
11.838 7.223 1.9799 82 51 33
11.88 7.2711 1.9973 83 54 22
12.136 7.2895 1.9867 79 51 24
12.281 7.3522 2.0517 78 49 28
12.011 7.2753 1.9663 81 47 22
11.92 7.1993 2.0188 82 52 28
12.239 7.3272 2.1169 81 50 29
12.278 7.3956 2.0829 78 50 10
12.007 7.3603 1.9973 78 50 23
11.895 7.2931 1.9096 76 46 8
11.906 7.4403 2.0224 82 53 22
11.989 7.4622 1.9382 78 50 23
12.106 7.4405 1.9893 78 50 23
12.207 7.464 2.0806 78 48 22
11.718 7.5352 1.9167 75 46 22
11.661 7.5888 1.9745 78 49 25
12.005 7.6293 1.9953 75 46 12
11.982 7.5904 1.9894 78 49 15
11.856 7.5967 2.0159 76 51 21
11.811 7.5835 1.9563 74 47 14
11.833 7.5084 1.9771 77 48 26
11.8 7.6394 2.0234 77 49 22
12.085 7.6715 2.0246 76 48 17
11.764 7.6752 2.0055 79 51 24
11.787 7.6201 1.9361 77 48 26
11.759 7.6179 1.9233 77 48 26
12.217 7.6732 2.0487 0 0 0
12.051 8.5584 2.1378 23 14 0
12.05 8.5387 2.2146 33 20 11
12.071 8.5804 2.1033 0 0 0
12.04 8.5663 2.1683 35 22 3
12.03 8.5946 2.1183 32 19 1
12.042 8.6234 2.1228 26 13 5
12.183 8.5707 2.2148 31 12 0
12.038 8.6302 2.1539 27 19 0
12.082 8.6521 2.1673 26 14 0
11.85 8.6963 2.0338 18 7 1
12.045 8.7175 2.1045 0 0 0
12.15 8.6987 2.1816 24 10 0
12.04 8.6978 2.1858 22 17 0
12.128 8.6725 2.1854 23 14 0
12.117 8.6864 2.2442 31 18 12
12.01 8.6939 2.095 0 0 0
12.023 8.7958 2.158 0 0 0
12.019 8.74 2.2014 10 0 0
11.796 8.8478 2.0293 23 20 1
12.111 8.7378 2.1637 0 0 0
11.978 8.7437 2.1566 9 2 0
12.028 8.7529 2.0916 0 0 0
12.153 8.7382 2.2486 0 2 0
12.103 8.7454 2.1938 0 0 0
12.339 8.8981 2.3501 25 17 0
12.304 8.9663 2.3226 25 1 0
12.3 8.9386 2.3296 29 13 0
12.307 8.9364 2.3319 29 13 0
