3074
0.073677 0.64059 0.04019 0.76328 -0.0083087 -0.16135 -0.057638
3.6297 1.2034 1.0323 81 60 33
3.5605 1.1727 1.0452 81 56 33
3.6307 1.1657 1.0634 81 56 33
3.6108 1.1339 0.98079 80 59 30
3.7197 1.2031 1.0551 84 58 33
3.781 1.1907 1.0681 83 61 24
3.8027 1.1189 1.1425 80 59 32
3.8549 1.1057 1.1157 78 57 26
3.8419 1.1417 1.0779 79 54 31
3.7392 1.1368 1.0905 81 60 33
3.8566 1.1824 1.0874 80 57 23
4.0085 1.1613 1.1211 79 58 29
3.8964 1.1142 1.1653 76 57 27
3.8394 1.136 1.1144 80 56 22
4.1712 1.1329 1.2031 79 55 29
4.042 1.1297 1.1654 79 54 31
3.9046 1.0907 1.0858 79 55 29
4.1369 1.0451 1.1813 79 56 38
4.1481 1.0042 1.2211 75 56 26
4.1111 0.9501 1.249 67 46 27
3.997 0.29623 1.222 70 48 27
4.0232 0.20781 1.3082 73 52 25
3.9203 0.11407 1.3016 78 53 31
3.9494 -0.0093993 1.335 83 60 29
3.9503 -0.088655 1.3317 79 57 34
3.8141 -0.41851 1.3294 72 52 27
3.8506 -0.58945 1.3684 83 54 33
3.7825 -0.70958 1.3684 81 56 33
3.8618 -0.67293 1.3692 79 54 34
3.8393 -0.75881 1.386 78 56 32
3.867 -0.79796 1.3519 78 56 32
3.841 -0.80033 1.386 84 60 34
3.8474 -0.8846 1.3767 82 57 34
3.792 -0.83325 1.3628 83 57 32
3.7019 -0.94464 1.3529 77 56 29
3.6405 -0.8921 1.3375 79 57 34
3.8387 -0.92467 1.3707 83 59 33
3.7992 -0.9583 1.3505 82 57 35
3.791 -1.0878 1.3746 71 51 24
3.7667 -1.0407 1.3745 72 50 26
3.7043 -1.1077 1.3357 72 52 27
3.7962 -1.2571 1.3595 73 53 26
3.742 -1.1586 1.3481 68 49 32
3.7267 -1.2026 1.3819 70 47 29
3.7052 -1.2377 1.3677 68 47 26
3.6909 -1.3224 1.3914 71 50 29
3.6651 -1.2672 1.3386 71 51 27
3.7343 -1.4617 1.3913 72 50 27
3.6845 -1.3617 1.384 73 51 27
3.7254 -1.4168 1.3977 67 50 24
3.7408 -1.4574 1.3586 73 51 30
3.6228 -1.4298 1.3886 71 50 29
3.6797 -1.4015 1.3768 72 50 27
3.7309 -1.5449 1.3826 71 50 29
3.6652 -1.5692 1.3966 71 46 24
3.7259 -1.5856 1.3804 71 51 27
3.6028 -1.4636 1.3743 70 49 30
3.6753 -1.5311 1.4017 71 50 23
3.7193 -1.7169 1.4009 70 50 23
3.5343 -1.6876 1.3669 68 46 22
3.6257 -1.894 1.3823 69 49 25
3.6685 -1.9143 1.399 69 49 25
3.547 -1.8635 1.3915 69 48 21
3.5704 -1.9165 1.3991 69 48 21
3.5856 -2.0431 1.3524 67 46 19
3.6045 -2.0172 1.3998 69 48 29
3.5855 -2.1345 1.3817 80 62 26
3.4258 -2.0405 1.2805 79 57 20
3.5616 -2.2568 1.4038 65 47 9
3.6346 -2.2043 1.3954 75 51 25
3.2663 -2.0514 1.3217 81 55 32
3.5278 -2.1518 1.3889 80 56 28
3.4962 -2.2251 1.4127 66 48 12
3.5089 -2.1348 1.3499 84 60 34
3.6362 -2.2562 1.4347 66 45 18
3.5085 -2.2672 1.3744 69 47 23
3.4904 -2.2983 1.3609 69 49 22
3.4043 -2.2878 1.326 77 56 29
3.2696 -2.2979 1.338 71 50 21
3.2996 -2.3578 1.3464 79 56 22
3.4715 -2.3713 1.3477 74 55 25
3.3544 -2.304 1.3322 72 51 20
3.3111 -2.3181 1.32 73 51 0
3.4565 -2.4035 1.3341 80 57 26
3.3385 -2.3756 1.319 84 61 17
3.2279 -2.3898 1.3046 84 61 28
3.344 -2.3942 1.3997 79 58 37
3.1892 -2.3169 1.2581 84 58 31
3.1017 -2.2721 1.2938 80 55 32
3.1425 -2.3638 1.2335 82 59 25
3.2551 -2.4015 1.2821 84 59 27
3.203 -2.3329 1.2965 82 61 32
3.1513 -2.3445 1.3086 85 59 32
3.0281 -2.298 1.2564 85 61 23
2.9799 -2.2572 1.1995 84 60 34
2.9344 -2.3361 1.1714 85 59 34
3.0601 -2.3516 1.2312 84 58 31
2.9989 -2.3153 1.2418 85 62 28
2.938 -2.3016 1.1754 85 62 31
3.0245 -2.4093 1.2407 82 59 28
2.9556 -2.3282 1.2508 85 56 32
2.6758 -2.2553 1.0878 89 65 37
2.7416 -2.2779 1.1508 86 62 24
2.6001 -2.1631 1.0587 84 60 32
2.8099 -2.2804 1.1172 85 60 28
2.9206 -2.3398 1.2319 89 60 36
2.865 -2.3284 1.1727 84 60 22
2.6732 -2.26 1.1184 86 63 32
2.7589 -2.2769 1.0881 85 62 31
2.7945 -2.2825 1.1763 87 61 34
2.6 -2.3049 1.0786 89 64 34
2.6684 -2.3186 1.0776 91 65 25
2.7552 -2.3521 1.1154 89 64 34
2.6106 -2.2858 1.1154 90 61 27
2.7613 -2.3351 1.1863 86 62 24
2.6039 -2.2738 1.0826 90 64 37
2.6254 -2.2562 1.0903 89 61 34
2.598 -2.2415 1.1122 90 62 35
3.5872 1.1714 0.87128 84 59 36
3.6441 1.1597 0.88438 84 60 32
3.7225 1.1587 0.86345 83 62 31
3.7716 1.1575 1.0255 80 54 37
3.6108 1.1383 0.94497 84 58 33
3.8046 1.1927 0.84632 81 59 36
3.7173 1.1908 0.86588 82 60 39
3.6204 1.18 0.91932 84 59 39
3.6087 1.1424 0.91157 82 61 40
3.5521 1.1352 0.79258 85 63 39
3.6872 1.1318 0.96046 80 59 30
3.7134 1.1213 0.85587 83 60 29
3.7565 1.1409 0.82863 84 62 39
3.5769 1.1487 0.76266 81 61 36
3.5946 1.1656 0.94526 84 58 33
3.7453 1.1572 0.94103 82 60 39
3.9082 1.1382 1.0159 83 60 29
3.8907 1.1066 0.93047 81 59 38
3.8773 1.1376 0.92895 82 60 37
3.7942 1.1397 0.95011 84 61 30
3.8693 1.1349 0.92675 82 60 37
3.9168 1.1045 1.0102 80 59 30
3.83 1.1314 0.84154 81 59 35
3.7934 1.1443 0.913 82 59 28
3.8381 1.1295 0.88314 82 57 35
3.931 1.1247 0.9009 80 59 32
3.8426 1.1212 0.95937 82 60 37
3.8645 1.1079 0.84651 82 59 43
3.8781 1.0973 0.96394 81 60 29
3.9529 1.1478 1.0651 81 58 27
3.9267 1.1232 0.89911 80 59 32
3.7287 1.108 1.0084 78 56 32
3.8282 1.1469 0.99978 81 60 29
4.1359 1.1433 1.0286 82 60 37
4.1255 1.1235 1.1444 80 56 28
4.1305 1.0705 0.97381 80 58 35
3.9704 1.0955 0.94106 83 61 37
4.0591 1.1134 1.0456 82 59 28
4.0965 1.0874 1.0515 81 59 36
4.1736 1.1444 1.1209 82 57 37
4.0474 1.083 0.95811 80 60 33
4.1226 1.0737 0.93248 83 59 33
4.0982 1.0119 1.0419 81 56 34
3.5439 -2.3937 1.2489 83 62 35
3.4089 -2.3175 1.2464 84 62 25
3.5906 -2.4001 1.1442 87 64 33
3.5606 -2.369 1.3046 80 58 35
3.5888 -2.4144 1.2282 86 65 34
3.5771 -2.4071 1.2235 86 65 34
3.5791 -2.4006 1.1815 87 65 26
3.4382 -2.4037 1.1637 86 62 26
3.346 -2.3998 1.2066 86 60 37
3.371 -2.3824 1.2579 84 60 32
3.3642 -2.3638 1.1811 84 63 36
3.3881 -2.4052 1.1034 88 62 35
3.4588 -2.3901 1.2567 83 62 31
3.409 -2.3657 1.2774 83 61 40
3.4783 -2.4451 1.2606 87 63 29
3.2957 -2.3592 1.1502 86 63 32
3.4226 -2.3593 1.201 86 63 29
3.5037 -2.4035 1.1894 85 61 33
3.4129 -2.3802 1.1179 87 61 36
3.4233 -2.3334 1.2882 77 56 25
3.3169 -2.354 1.2697 84 60 34
3.3152 -2.3646 1.1172 85 61 35
3.4369 -2.3419 1.2932 77 56 25
3.4323 -2.3656 1.2053 86 63 29
3.4974 -2.3931 1.1556 87 61 34
3.0365 -2.3136 1.114 88 63 33
3.1631 -2.356 1.1283 89 60 38
3.1065 -2.3415 1.0318 87 62 32
3.2073 -2.3793 1.1081 87 63 37
3.2304 -2.348 1.082 89 63 38
3.2561 -2.3796 1.1634 85 61 35
3.1599 -2.3609 1.1628 86 61 31
3.3265 -2.394 1.2358 82 61 34
3.2211 -2.3705 1.2265 85 61 35
3.2658 -2.3648 1.0584 86 62 36
3.2402 -2.3872 1.0427 88 62 35
3.1613 -2.3408 1.056 87 63 35
3.1405 -2.355 1.1948 85 60 37
3.3249 -2.4006 1.2762 80 57 24
3.0617 -2.3245 1.0886 85 61 33
3.0694 -2.3227 1.0551 87 61 36
3.2128 -2.3433 1.1117 86 60 37
3.1067 -2.2862 1.1503 86 63 30
2.8938 -2.2999 1.1227 88 61 26
2.9264 -2.3096 1.0658 87 61 34
3.0739 -2.3475 1.1667 87 59 32
2.8654 -2.2806 0.93557 87 65 42
2.8752 -2.3081 1.0391 87 63 35
2.7591 -2.2156 0.9641 87 62 39
2.8965 -2.3103 0.9806 87 63 37
2.9968 -2.3301 1.1302 84 61 28
3.0769 -2.4115 1.0833 89 61 32
2.9904 -2.3418 1.0167 86 63 30
2.9774 -2.3229 1.1557 88 61 28
2.9641 -2.3158 0.9717 89 63 38
2.9295 -2.3185 1.0999 87 61 34
2.9368 -2.2801 1.0717 85 60 37
3.0927 -2.3709 1.0265 87 63 35
3.1315 -2.3945 1.2199 84 59 29
3.0054 -2.315 1.0248 87 63 37
2.9449 -2.2792 1.0417 87 63 27
2.7287 -2.2625 0.94684 87 66 37
2.7476 -2.2836 0.98649 91 62 38
2.7061 -2.2649 1.0336 89 65 31
2.7527 -2.2659 1.0571 90 62 33
2.6411 -2.2364 0.94571 89 63 38
2.7473 -2.2483 0.98949 87 64 31
2.9163 -2.3458 1.092 87 62 32
2.8247 -2.3138 1.0535 88 65 32
2.698 -2.2654 1.0626 88 63 33
2.8518 -2.3202 0.9953 90 64 41
2.8744 -2.3304 0.96992 91 64 27
2.6911 -2.2616 0.89863 89 65 37
2.7845 -2.2985 0.93517 91 66 34
2.7418 -2.286 1.0173 86 65 36
2.8319 -2.2902 1.0938 86 61 31
2.8758 -2.3245 0.93607 90 65 33
2.7176 -2.226 0.97815 85 60 28
2.7183 -2.2892 0.93934 91 64 31
2.538 -2.2607 0.92536 92 69 38
2.5534 -2.2335 0.90396 91 67 41
2.6354 -2.3194 1.0269 90 65 33
2.5657 -2.2704 0.87595 90 68 44
2.6269 -2.252 0.90325 89 63 36
2.6034 -2.2598 1.0194 92 64 35
2.6473 -2.3021 0.90575 92 66 39
2.5548 -2.2677 0.9002 94 68 41
2.7171 -2.3086 1.0365 89 66 33
2.6621 -2.273 0.88234 91 67 39
2.5785 -2.2599 0.9414 93 67 40
2.55 -2.2438 0.9638 90 64 39
2.6286 -2.2738 1.0006 89 68 41
2.6311 -2.2827 0.87028 91 67 39
2.6178 -2.2579 0.96194 92 69 25
2.7197 -2.3318 0.96751 89 66 35
2.7115 -2.304 1.033 89 66 33
2.6907 -2.2948 1.0585 86 61 38
2.51 -2.2443 0.94487 91 64 43
3.6352 1.179 0.70324 88 61 40
3.5677 1.1585 0.65525 86 62 36
3.5924 1.1022 0.65076 83 62 35
3.7379 1.1583 0.64292 82 60 36
3.6877 1.16 0.74462 81 59 36
3.6675 1.1192 0.7352 82 60 37
3.6273 1.1517 0.62345 85 59 32
3.6202 1.1542 0.59106 85 60 37
3.6125 1.1378 0.69627 86 63 19
3.5918 1.1346 0.65413 86 61 38
3.7635 1.1482 0.79419 86 60 43
3.856 1.1601 0.69854 82 60 36
3.7347 1.1278 0.60057 82 62 28
3.6638 1.147 0.77735 83 61 38
3.7035 1.1507 0.59941 86 59 38
3.548 1.1423 0.71995 86 62 34
3.7376 1.1486 0.71472 85 61 35
3.7404 1.125 0.63809 83 62 35
3.8192 1.1125 0.68557 83 59 33
3.9959 1.1196 0.83236 80 59 32
4.014 1.1411 0.71834 79 60 28
3.9077 1.1015 0.73789 82 63 33
3.9005 1.1247 0.81584 84 60 34
3.908 1.0964 0.77524 81 60 33
3.7677 1.1249 0.71728 83 59 31
3.9284 1.1031 0.78003 81 60 33
3.7817 1.1249 0.75814 83 58 35
3.8713 1.0991 0.64897 81 59 35
3.905 1.0853 0.85035 83 62 35
3.9382 1.1573 0.66866 85 61 35
3.866 1.1183 0.77106 82 57 35
3.8481 1.1223 0.6918 83 59 33
3.7404 1.106 0.7849 83 62 35
3.8514 1.1333 0.61921 80 59 28
4.0683 1.1267 0.6824 83 58 38
3.8926 1.1322 0.73891 83 58 36
3.9589 1.0557 0.65822 81 59 35
3.9793 1.0569 0.70393 83 64 30
4.1059 1.058 0.71971 85 58 39
3.9898 1.0914 0.74722 85 60 37
4.1269 1.0588 0.76422 81 60 33
4.0265 1.0603 0.78599 83 61 37
4.1081 1.134 0.72978 83 64 30
4.0219 1.0541 0.82871 85 59 34
3.8945 1.0558 0.76274 85 59 34
4.1602 1.0576 0.85338 82 58 30
4.128 1.07 0.68295 83 62 35
4.0378 1.096 0.83654 82 59 26
4.0166 1.0841 0.87153 80 59 38
4.0955 1.0331 0.87888 82 60 39
3.739 -0.29921 0.84191 70 52 28
3.6043 -2.386 1.0276 89 66 35
3.6173 -2.422 0.94222 93 65 38
3.6146 -2.4356 1.0245 89 65 29
3.6243 -2.4571 1.1107 87 63 37
3.2174 -2.3184 0.96929 91 63 34
3.492 -2.4087 1.0246 90 67 36
3.5009 -2.4216 1.0637 86 65 34
3.3958 -2.3623 1.0758 88 65 32
3.4253 -2.4266 0.87488 91 66 34
3.5079 -2.4112 0.98794 92 63 39
3.5088 -2.4616 1.0209 89 65 37
3.3263 -2.3833 0.96184 89 64 32
3.5843 -2.4521 0.96727 91 66 36
3.2907 -2.3784 0.83612 91 67 39
3.406 -2.3876 0.9542 89 66 33
3.2192 -2.2875 1.0115 89 64 34
3.4757 -2.4476 1.0506 86 65 34
3.3894 -2.4104 0.90394 90 65 35
3.3069 -2.3632 0.91738 91 65 38
3.4256 -2.3855 0.88022 92 67 35
3.4316 -2.3968 0.92249 93 68 36
3.1378 -2.3562 1.0056 90 64 37
3.177 -2.3622 0.90982 91 66 34
3.2379 -2.3572 0.89491 91 66 36
3.2435 -2.3823 1.007 89 65 37
3.1404 -2.3685 0.85661 91 63 32
3.2596 -2.386 0.97522 89 63 36
3.1137 -2.343 0.81457 93 65 38
3.1981 -2.3697 0.87997 89 67 28
3.1553 -2.386 0.89817 88 65 31
3.0433 -2.3213 0.93437 90 62 33
3.0839 -2.305 0.91713 89 64 34
3.2304 -2.3844 0.85005 90 65 33
3.0961 -2.3514 0.91475 90 64 39
3.3078 -2.3854 1.0314 88 65 32
3.2357 -2.3488 0.85846 91 67 31
3.3217 -2.4209 0.95793 91 62 38
3.1376 -2.3489 0.96873 85 65 31
3.0081 -2.3645 0.88054 88 65 34
2.9653 -2.3471 0.93614 90 66 30
2.9665 -2.348 0.93661 90 66 30
2.8933 -2.3241 0.8757 90 65 35
3.0383 -2.3795 0.85474 89 65 29
3.1071 -2.3766 0.80674 90 67 36
2.9289 -2.284 0.92864 88 63 40
2.8931 -2.3174 0.84285 90 67 34
2.9716 -2.3078 0.90805 89 64 34
3.0078 -2.3202 0.8511 89 66 32
2.8803 -2.321 0.90355 89 65 37
2.9397 -2.3218 0.89543 89 64 34
3.0044 -2.3479 0.80919 90 64 37
2.88 -2.3006 0.80312 91 65 38
2.9707 -2.3511 0.93845 90 66 30
3.1005 -2.369 0.99126 88 62 35
2.9827 -2.3631 0.76797 91 66 36
2.9975 -2.3194 0.88088 90 65 33
2.8829 -2.296 0.76561 90 64 41
3.0531 -2.3462 0.83295 89 63 36
3.1012 -2.3723 0.80469 90 67 36
3.0342 -2.3625 0.78273 90 66 38
2.7528 -2.2828 0.79093 93 67 42
2.7768 -2.2942 0.76248 91 65 40
2.817 -2.3096 0.87979 91 66 36
2.7325 -2.2868 0.87945 89 66 33
2.7687 -2.3167 0.72645 93 68 38
2.7167 -2.2961 0.80688 90 67 36
2.79 -2.2957 0.90246 89 68 37
2.7205 -2.3059 0.84123 90 65 35
2.7863 -2.2798 0.8373 90 66 40
2.8644 -2.325 0.79397 90 65 33
2.8235 -2.3234 0.74559 91 68 37
2.8614 -2.316 0.75921 90 66 38
2.7241 -2.2673 0.81347 90 64 41
2.7485 -2.2925 0.85263 90 65 35
2.8192 -2.2979 0.81454 90 64 37
2.7224 -2.2875 0.74557 91 66 34
2.746 -2.3125 0.78555 90 64 39
2.7014 -2.2997 0.70716 92 68 30
2.5835 -2.2782 0.85037 90 67 34
2.6342 -2.293 0.74306 91 67 39
2.5843 -2.2721 0.81851 90 66 28
2.5777 -2.2539 0.75587 92 66 39
2.5847 -2.2802 0.69399 94 70 36
2.6623 -2.3008 0.84792 91 65 38
2.6855 -2.2998 0.76313 91 67 39
2.6267 -2.266 0.80528 91 68 37
2.5615 -2.2677 0.71768 92 66 41
2.5232 -2.2429 0.73736 94 68 43
2.5755 -2.2919 0.78108 93 70 28
2.655 -2.2609 0.8494 91 68 37
2.6457 -2.2957 0.71557 95 67 38
2.6835 -2.2922 0.73414 94 66 35
2.6098 -2.2863 0.79721 92 67 35
2.689 -2.3091 0.79545 91 71 37
2.5737 -2.2969 0.81103 91 67 33
2.5085 -2.25 0.8219 91 68 37
3.6145 1.1464 0.37215 87 60 39
3.588 1.1323 0.40555 83 58 35
3.6519 1.1747 0.52324 82 60 36
3.6013 1.1518 0.55331 79 59 24
3.699 1.12 0.55672 83 62 35
3.9758 1.2212 0.56248 85 59 34
3.7278 1.1442 0.45186 81 60 33
3.6969 1.1381 0.41257 80 59 32
3.749 1.1083 0.52572 82 61 30
3.7686 1.1197 0.49113 84 60 34
3.6135 1.1279 0.51399 84 59 39
3.7428 1.1448 0.49166 81 57 31
3.5959 1.1167 0.5432 81 60 31
3.6096 1.1215 0.5451 81 60 31
3.4938 1.0938 0.4268 82 61 34
3.7271 1.1102 0.44749 81 59 35
3.9607 1.1951 0.43943 81 60 39
3.5645 1.1149 0.47287 82 62 27
3.5283 1.0832 0.35842 84 59 36
3.8843 1.1188 0.54062 82 61 32
3.8651 1.0822 0.49506 84 59 36
3.9685 1.1207 0.47034 81 61 36
3.9408 1.1325 0.58843 81 59 22
3.9929 1.1077 0.6276 81 56 34
3.8685 1.1285 0.42488 86 60 37
3.8891 1.0646 0.41637 82 62 37
3.9658 1.1509 0.51399 82 61 32
3.929 1.0978 0.54327 82 60 37
3.843 1.1151 0.45931 81 59 35
4.0296 1.0985 0.51155 83 59 33
3.76 1.1072 0.56522 83 59 31
3.9684 1.1053 0.58676 83 58 36
3.9077 1.0654 0.4566 82 60 36
3.8064 1.0731 0.41268 84 63 32
4.0265 1.0814 0.62683 83 58 28
4.0047 1.0593 0.46291 84 59 37
4.0885 1.0689 0.59498 81 60 33
4.086 1.02 0.67175 83 58 36
4.1065 1.0959 0.43594 82 62 28
4.1759 1.0681 0.5213 83 61 37
4.1041 1.0683 0.63874 84 61 30
3.9367 1.0283 0.53386 84 59 37
4.1329 1.023 0.46992 83 56 35
4.1397 1.052 0.55849 85 60 38
4.009 1.0553 0.50253 82 62 25
4.0895 1.1121 0.56274 82 60 36
4.1349 1.0614 0.4745 81 59 35
3.9493 1.0626 0.57445 85 62 29
4.1907 1.023 0.60271 85 61 35
4.1735 1.0292 0.51701 83 60 27
4.1397 1.014 0.55369 81 60 33
3.5629 -2.4362 0.71716 96 72 38
3.4768 -2.3545 0.78085 95 69 42
3.503 -2.3218 0.75346 95 67 36
3.5159 -2.3863 0.82754 90 65 35
3.6273 -2.4641 0.89833 90 66 38
3.323 -2.3928 0.80665 90 67 36
3.4204 -2.4692 0.66762 95 71 43
3.38 -2.4013 0.6662 99 71 44
3.4773 -2.4113 0.85366 91 66 34
3.3185 -2.3351 0.73297 90 69 40
3.4766 -2.3892 0.74052 96 68 41
3.5489 -2.4497 0.83108 91 66 36
3.4835 -2.4275 0.69382 98 73 43
3.4564 -2.459 0.71942 96 71 39
3.5162 -2.456 0.73678 96 74 33
3.3999 -2.4365 0.78557 93 68 38
3.3937 -2.4249 0.74378 95 70 38
3.4354 -2.4258 0.8374 92 66 39
3.4277 -2.4135 0.79781 94 67 32
3.5654 -2.4528 0.79665 95 66 42
3.2281 -2.376 0.81525 92 68 30
3.1283 -2.346 0.78017 89 66 33
3.3961 -2.4827 0.81858 92 65 32
3.2323 -2.4039 0.73513 93 69 33
3.0964 -2.3724 0.62149 95 71 37
3.2145 -2.4166 0.65204 95 70 40
3.1052 -2.3612 0.73389 90 66 38
3.2333 -2.3904 0.66283 96 70 43
3.2591 -2.4405 0.6248 99 71 40
3.3187 -2.4413 0.64154 95 69 42
3.2649 -2.3866 0.74899 93 66 31
3.3951 -2.4596 0.70031 96 72 38
3.2026 -2.3762 0.6896 96 71 41
3.0807 -2.3509 0.76348 91 67 41
3.0967 -2.3656 0.58564 96 71 39
3.1151 -2.3543 0.66633 93 67 42
3.1487 -2.385 0.71205 94 66 39
3.1916 -2.3828 0.76102 90 67 33
3.2465 -2.3669 0.70675 94 70 36
2.9661 -2.3737 0.68677 92 69 38
2.9539 -2.3213 0.65484 93 69 33
2.9547 -2.345 0.5833 101 74 41
2.9621 -2.304 0.7298 90 65 35
3.1078 -2.4015 0.73157 94 65 41
3.064 -2.3562 0.64863 94 69 37
2.863 -2.3041 0.69496 93 68 36
2.9396 -2.3041 0.61709 96 72 34
3.0326 -2.3644 0.60243 96 73 42
2.8492 -2.3005 0.72492 92 66 39
2.9714 -2.3474 0.72576 91 67 33
2.8561 -2.3082 0.55722 99 75 39
2.9152 -2.3294 0.6417 96 73 42
2.9772 -2.3682 0.6203 98 75 42
3.0661 -2.3646 0.68481 94 69 39
3.0417 -2.3918 0.70849 94 69 37
3.0911 -2.3895 0.72636 94 65 41
2.8792 -2.352 0.69329 95 68 35
2.8278 -2.3198 0.71276 92 67 37
2.737 -2.2857 0.68555 93 67 40
2.7438 -2.3343 0.5503 96 72 34
2.7667 -2.3238 0.59184 97 73 39
2.7508 -2.3049 0.55529 97 72 42
2.9527 -2.417 0.57188 100 73 36
2.7437 -2.319 0.65036 95 68 31
2.8515 -2.3537 0.61606 95 71 37
2.777 -2.3385 0.62761 98 71 34
2.9118 -2.3564 0.60205 97 73 37
2.716 -2.3041 0.6767 92 69 36
2.8764 -2.3432 0.65938 95 69 42
2.8443 -2.3415 0.58239 99 71 40
2.763 -2.2991 0.65985 94 70 42
2.7803 -2.3059 0.63168 95 70 40
2.8648 -2.3278 0.62274 95 71 33
2.6388 -2.3191 0.51956 100 73 38
2.6505 -2.2932 0.68718 92 68 30
2.5563 -2.2775 0.62258 94 69 37
2.5343 -2.253 0.58681 94 69 37
2.6256 -2.2667 0.64785 97 69 32
2.5121 -2.255 0.51909 97 72 42
2.5993 -2.2854 0.66483 93 68 38
2.6075 -2.2668 0.54862 96 71 39
2.6461 -2.304 0.58777 96 72 36
2.5994 -2.254 0.51722 96 73 42
2.645 -2.3161 0.64877 95 69 29
2.6749 -2.3272 0.59405 96 72 36
2.658 -2.3201 0.62129 97 69 38
2.6938 -2.3015 0.57225 96 71 41
2.5596 -2.2865 0.65255 94 69 39
2.5564 -2.265 0.56374 96 71 41
2.6517 -2.2811 0.62457 95 71 35
2.6025 -2.2961 0.54268 96 69 34
2.5086 -2.2459 0.48848 98 74 38
2.718 -2.3271 0.60909 97 72 28
2.5561 -2.2975 0.5564 95 71 45
3.5958 1.1298 0.19179 84 61 28
3.6042 1.1282 0.22651 84 59 36
3.5778 1.1376 0.33437 83 61 37
3.7144 1.1343 0.23063 83 58 35
3.7116 1.1286 0.26618 83 60 27
3.6761 1.1069 0.33477 79 59 32
3.6709 1.0905 0.1869 81 60 33
3.57 1.1025 0.32837 82 61 40
3.7797 1.1378 0.38125 85 60 37
3.7405 1.1677 0.3096 83 61 37
3.7811 1.1137 0.30298 83 62 35
3.7767 1.0925 0.18795 83 58 38
3.5876 1.1178 0.26028 85 60 28
3.6991 1.0955 0.22524 83 57 32
3.5866 1.0803 0.28892 82 61 34
3.6346 1.097 0.29336 82 61 34
3.8324 1.1262 0.34543 88 63 41
3.6711 1.0672 0.36541 83 61 38
3.6748 1.1064 0.33411 79 59 32
3.7522 1.1088 0.26526 83 62 33
3.7006 1.1341 0.19342 82 58 32
3.9314 1.0575 0.30291 83 60 29
3.9819 1.1093 0.3094 83 57 34
3.8769 1.0708 0.34036 84 63 36
3.845 1.0705 0.26139 84 59 36
3.7656 1.0839 0.22284 84 60 26
3.7723 1.0766 0.29899 82 59 25
3.789 1.0378 0.36767 84 63 34
3.8877 1.1096 0.34781 84 63 36
3.8881 1.049 0.25841 85 59 32
3.8834 1.1031 0.38247 84 61 30
3.8589 1.0849 0.18718 82 58 30
3.8758 1.0855 0.22684 82 58 30
3.8057 1.0923 0.26131 82 61 34
3.91 1.0609 0.22164 82 61 30
4.1033 1.0361 0.30428 85 61 35
3.8394 0.99887 0.25199 82 61 30
3.9748 1.0451 0.22044 84 59 36
4.1853 1.082 0.44197 84 60 32
4.1641 1.1137 0.44458 84 61 28
4.1254 1.0748 0.35203 86 62 36
4.1574 1.0249 0.22191 82 56 29
4.0508 1.0471 0.38602 86 61 38
4.0124 1.0042 0.33679 83 61 37
3.9484 0.99592 0.25389 84 59 37
3.9628 1.0569 0.3812 83 61 37
4.0899 1.0428 0.22242 81 59 35
4.1426 1.0367 0.38859 85 62 31
4.1322 1.0176 0.21937 82 56 29
4.1121 1.0064 0.25847 82 56 29
3.8947 1.0156 0.25543 82 61 30
3.9901 1.0394 0.3015 83 62 31
3.7629 0.86243 0.3045 78 58 34
3.9506 0.87745 0.31562 53 32 15
4.1155 0.96432 0.29392 76 56 32
4.2045 1.0217 0.34862 81 59 35
3.7092 0.80866 0.32895 54 31 13
2.6057 0.27096 0.20464 62 44 30
2.7737 0.30323 0.19381 59 43 20
2.7542 0.32603 0.19583 61 44 16
2.6653 0.25561 0.20714 83 62 33
3.5961 -2.442 0.64299 101 73 42
3.5895 -2.4499 0.47009 97 71 44
3.6545 -2.44 0.44785 95 72 31
3.58 -2.4247 0.60285 98 74 40
3.6365 -2.4719 0.43737 100 73 40
3.6337 -2.4224 0.65653 102 74 45
3.4381 -2.4099 0.52255 100 76 40
3.4107 -2.4258 0.4749 96 72 38
3.3189 -2.3868 0.5727 100 72 43
3.3296 -2.4197 0.49402 98 71 34
3.4105 -2.4403 0.54774 99 74 42
3.5171 -2.4882 0.44712 98 73 43
3.3379 -2.4179 0.45615 95 71 37
3.579 -2.4587 0.55249 100 73 38
3.3864 -2.3909 0.5896 102 76 36
3.4586 -2.4308 0.55911 101 77 39
3.3627 -2.4232 0.61771 99 75 37
3.5046 -2.4455 0.49267 97 73 37
3.3882 -2.4182 0.50647 98 70 41
3.5413 -2.4496 0.62192 100 74 34
3.3141 -2.3908 0.60883 99 75 37
3.328 -2.404 0.41682 98 71 34
3.578 -2.4579 0.55107 100 73 38
3.5004 -2.4159 0.57647 99 72 37
3.4734 -2.4178 0.44764 99 72 37
3.2119 -2.3864 0.50651 95 72 38
3.2335 -2.4406 0.50221 95 70 38
3.1129 -2.3873 0.44343 99 72 35
3.138 -2.3598 0.41596 97 69 38
3.1331 -2.3946 0.40847 97 74 33
3.3489 -2.4546 0.61033 96 71 41
3.2888 -2.4319 0.47897 97 69 42
3.138 -2.3878 0.55976 96 73 39
3.2877 -2.4312 0.47867 97 69 42
3.2242 -2.4019 0.54272 96 72 38
3.2084 -2.3981 0.57659 100 72 41
3.1328 -2.3632 0.45126 96 71 39
3.1311 -2.3758 0.52084 98 75 44
3.284 -2.4032 0.55886 98 71 34
3.0071 -2.3189 0.45956 97 70 33
3.4009 -2.4751 0.54386 95 71 33
3.1156 -2.3822 0.40693 97 74 33
3.2906 -2.4187 0.40399 97 70 37
3.2495 -2.3978 0.43697 96 71 39
2.9574 -2.3401 0.5488 100 74 47
2.9007 -2.3283 0.50193 99 74 42
3.0076 -2.3797 0.38109 96 72 38
2.9945 -2.3536 0.48764 100 75 43
3.0631 -2.3726 0.53956 97 72 40
3.061 -2.378 0.57323 99 75 41
3.0317 -2.3876 0.52967 99 74 42
2.9456 -2.3843 0.43424 101 73 42
2.9135 -2.3442 0.53557 101 76 46
2.9241 -2.3615 0.3976 98 74 40
3.0312 -2.3734 0.45904 98 74 40
2.9276 -2.3573 0.3644 97 71 46
2.9391 -2.35 0.47496 98 73 43
3.0833 -2.3802 0.50816 97 72 40
3.0249 -2.3992 0.41724 97 73 39
2.9692 -2.3219 0.41668 99 75 41
3.006 -2.3415 0.38653 97 75 38
2.9508 -2.3516 0.44 100 73 36
2.7985 -2.3352 0.5338 99 74 44
2.7817 -2.3312 0.40089 97 72 42
2.7024 -2.3038 0.38157 98 74 38
2.8318 -2.3188 0.51401 100 75 43
2.8117 -2.3477 0.37098 97 72 42
2.8333 -2.3422 0.44532 99 75 37
2.8017 -2.3598 0.46537 99 74 44
2.767 -2.298 0.46495 100 77 35
2.8194 -2.3891 0.36627 99 72 39
2.765 -2.3247 0.42821 99 72 35
2.8787 -2.3409 0.45714 98 73 41
2.9407 -2.3943 0.50166 101 74 41
2.695 -2.2832 0.47872 97 73 39
2.6759 -2.2746 0.50565 95 70 38
2.7065 -2.2985 0.51156 100 73 40
2.7828 -2.2971 0.40433 97 72 40
2.6886 -2.2993 0.40828 98 74 40
2.9216 -2.3959 0.39214 96 71 41
2.8451 -2.3645 0.51144 100 75 45
2.7928 -2.3397 0.40152 97 72 42
2.6392 -2.2793 0.49378 99 75 41
2.5909 -2.2945 0.41471 99 71 40
2.5766 -2.3097 0.3787 97 71 31
2.6741 -2.3283 0.4341 102 72 44
2.6292 -2.2986 0.45715 99 76 43
2.5582 -2.2882 0.34464 97 72 42
2.6694 -2.3181 0.40213 98 72 32
2.6999 -2.3213 0.47683 100 76 42
2.689 -2.3209 0.34417 98 73 41
2.6089 -2.2886 0.48432 96 72 44
2.6234 -2.3148 0.39082 98 71 34
2.5627 -2.284 0.46911 100 73 36
2.6227 -2.2538 0.43148 97 72 42
2.6044 -2.3119 0.4461 99 75 41
2.6882 -2.3267 0.37528 98 74 36
2.6154 -2.3018 0.35753 96 74 37
2.5758 -2.3154 0.40876 97 72 42
3.6711 1.1377 0.08591 81 59 35
3.5681 1.1056 0.047294 82 60 37
3.6453 1.0909 0.11256 84 60 34
3.8318 1.1007 0.0020718 84 62 38
3.7544 1.1238 0.15428 84 60 26
3.8398 1.1184 0.1539 84 60 32
3.6882 1.0912 -0.031441 83 60 27
3.6743 1.0725 0.074876 83 61 40
3.8324 1.1209 0.11798 81 59 35
3.6494 1.0971 0.079707 83 60 42
3.6892 1.1155 0.047299 82 61 30
3.6126 1.1124 0.11974 82 63 33
3.6656 1.1119 0.0084857 81 61 36
3.7599 1.1061 0.042952 85 62 28
3.7437 1.1054 0.0057435 84 60 32
3.8995 1.118 0.038431 86 60 35
3.6679 1.1273 0.1557 80 55 33
3.5443 1.0741 -0.026941 80 60 33
3.9513 1.0533 0.10545 85 61 33
3.8834 1.0626 0.14493 84 60 32
3.936 1.0894 0.072511 86 62 36
4.0698 1.0686 -0.013667 83 62 33
3.8259 1.0791 0.14729 84 60 34
3.9355 1.0943 0.034177 83 61 37
3.8748 1.1 0.11411 86 60 37
3.9801 1.0673 0.070543 84 62 39
3.9183 1.0686 0.18581 85 62 29
3.9975 1.0623 0.14419 83 60 29
3.9057 1.0747 0.11121 85 61 33
3.8929 1.1109 0.076019 82 61 32
4.0393 1.0909 0.032027 86 62 34
3.9487 1.0677 -0.010768 83 59 33
3.8097 1.0589 -0.0044514 83 63 36
4.1344 1.0396 0.05477 85 61 33
4.1531 1.029 0.17962 82 59 18
4.1999 1.0644 0.023499 84 60 32
4.0407 1.0702 0.18368 82 59 28
4.1197 1.0302 0.098275 83 60 42
4.1063 1.0585 0.14573 83 59 31
3.9512 1.0173 0.099733 84 61 30
4.2139 1.0521 0.14477 85 62 29
4.0918 1.0648 0.06567 84 62 38
4.1769 1.0196 0.015268 85 61 35
4.0349 1.0529 0.023867 85 63 39
4.0886 1.0478 0.18216 81 60 31
4.0939 1.0387 -0.018609 87 62 32
4.2081 0.99001 0.0070742 83 62 35
4.0448 0.89737 0.080904 57 38 4
4.1538 0.96963 0.046402 85 60 37
4.1067 0.95139 0.087149 81 60 29
4.0921 0.91524 0.041625 53 32 13
3.5492 -2.4363 0.30198 100 76 42
3.6326 -2.4815 0.26588 102 75 42
3.6164 -2.4515 0.39416 101 74 41
3.644 -2.4611 0.35617 99 75 37
3.651 -2.4499 0.27295 104 77 42
3.5963 -2.4507 0.22478 102 75 40
3.6646 -2.4383 0.40377 100 73 36
3.5843 -2.4663 0.3443 101 74 41
3.4717 -2.4207 0.24883 99 75 41
3.4888 -2.4393 0.28931 101 73 42
3.349 -2.4107 0.38172 100 73 38
3.3411 -2.3981 0.34374 99 72 37
3.4044 -2.4588 0.23197 96 72 38
3.4946 -2.4241 0.41504 101 73 42
3.3768 -2.4477 0.26286 99 71 42
3.4831 -2.4849 0.32016 100 73 38
3.3861 -2.4132 0.27198 98 74 38
3.5543 -2.4895 0.33286 99 76 34
3.5079 -2.4746 0.40536 99 71 42
3.3705 -2.4176 0.34697 99 72 37
3.4075 -2.4199 0.23666 99 74 42
3.4763 -2.4048 0.37253 98 74 38
3.3318 -2.4247 0.29835 99 75 37
3.5266 -2.4485 0.21061 100 72 43
3.5104 -2.4685 0.36872 95 70 38
3.437 -2.4319 0.20264 96 72 38
3.4 -2.4483 0.18972 95 71 37
3.2405 -2.4343 0.24219 99 75 41
3.1754 -2.4032 0.30823 100 72 41
3.3825 -2.4738 0.37961 98 70 39
3.1829 -2.3839 0.38603 98 74 40
3.3242 -2.4269 0.33295 99 72 37
3.2336 -2.4223 0.20353 98 74 36
3.1367 -2.4002 0.22771 99 72 39
3.2704 -2.4155 0.24867 96 72 38
3.1054 -2.385 0.25947 98 72 47
3.2103 -2.3887 0.31736 99 73 33
3.2874 -2.4345 0.28816 97 73 39
3.2702 -2.4082 0.21246 96 70 43
3.2476 -2.4393 0.2424 99 75 41
3.2093 -2.4341 0.34549 99 72 39
3.1767 -2.3971 0.27352 97 73 39
3.3525 -2.4461 0.33849 99 72 37
3.1937 -2.4303 0.38082 98 74 38
3.1962 -2.386 0.35176 96 72 34
3.0897 -2.3808 0.29255 97 74 33
3.3103 -2.4355 0.21607 96 70 43
3.1717 -2.4148 0.37765 98 74 38
3.2123 -2.4465 0.19782 96 71 41
3.1094 -2.4089 0.36578 96 73 32
2.9419 -2.3612 0.33387 96 68 39
3.0643 -2.3933 0.24895 97 72 42
2.9362 -2.3731 0.22637 96 73 39
3.0049 -2.3708 0.34437 98 72 32
2.9372 -2.351 0.30054 99 72 39
2.9269 -2.373 0.26215 97 73 39
2.9654 -2.3514 0.20058 97 71 44
2.981 -2.3766 0.27052 96 70 45
3.086 -2.3851 0.32659 96 71 39
3.0073 -2.3891 0.23932 97 72 40
2.9709 -2.3921 0.19588 96 70 43
3.0791 -2.397 0.21538 95 72 41
3.0155 -2.365 0.27448 96 71 39
3.044 -2.3925 0.31599 98 69 45
2.9378 -2.3582 0.33318 96 68 39
3.0888 -2.397 0.1812 98 70 41
3.0492 -2.3962 0.31632 98 69 45
2.829 -2.3544 0.34141 97 73 37
2.7174 -2.3241 0.25354 97 73 39
2.7903 -2.3684 0.1975 97 71 48
2.8664 -2.3855 0.1772 95 70 40
2.8018 -2.3554 0.26775 98 70 43
2.8819 -2.3591 0.35404 96 73 32
2.9119 -2.3751 0.324 96 71 39
2.8001 -2.3192 0.27497 95 71 35
2.8042 -2.3508 0.236 97 71 44
2.7691 -2.3584 0.22715 101 74 41
2.7859 -2.3497 0.29861 98 73 41
2.9066 -2.387 0.21798 98 72 45
2.851 -2.3514 0.24641 99 73 46
2.7611 -2.3369 0.32577 99 72 37
2.8134 -2.3358 0.30655 96 72 36
2.7682 -2.3163 0.20168 96 71 48
2.9518 -2.3984 0.29615 96 73 42
2.8444 -2.3332 0.18189 95 73 36
2.6893 -2.2828 0.15971 96 71 41
2.6807 -2.3291 0.24642 100 73 40
2.6005 -2.3248 0.19879 97 71 44
2.5767 -2.2989 0.16548 96 72 36
2.5981 -2.3021 0.26121 101 71 43
2.6928 -2.3323 0.21468 98 73 41
2.6613 -2.3328 0.33631 99 73 32
2.6898 -2.3151 0.31262 100 72 43
2.6563 -2.3305 0.17629 99 71 40
2.7036 -2.3197 0.2838 98 73 43
2.6831 -2.3182 0.18421 97 72 40
2.6496 -2.3507 0.29752 101 72 41
2.6646 -2.3225 0.27365 100 73 40
2.6005 -2.3168 0.32347 96 71 41
2.6311 -2.3227 0.23563 98 73 43
2.5717 -2.3073 0.2229 99 74 42
2.6157 -2.3039 0.203 100 75 43
2.6436 -2.3329 0.23695 98 73 43
2.637 -2.3067 0.3021 99 72 39
2.6112 -2.3464 0.25669 99 69 41
3.6408 1.1125 -0.060394 80 57 26
3.6393 1.1166 -0.095181 85 58 37
3.6185 1.1047 -0.060356 80 57 26
3.5529 1.0722 -0.23722 76 55 26
3.7944 1.093 -0.039132 81 60 33
3.6342 1.082 -0.1032 80 58 35
3.7576 1.0953 -0.14509 80 59 28
3.8131 1.0745 -0.11815 84 59 36
3.7335 1.0629 -0.22016 83 60 29
3.6467 1.0817 -0.067097 81 58 27
3.7581 1.0614 -0.15323 81 54 35
3.6465 1.0955 -0.17093 80 58 35
3.6834 1.113 -0.20819 81 55 28
3.728 1.0563 -0.18888 81 56 33
3.7547 1.0604 -0.15158 82 59 25
3.7852 1.0949 -0.073634 81 56 34
3.6906 1.0681 -0.10942 80 60 35
3.6514 1.0926 -0.13747 83 59 33
3.7128 1.085 -0.17897 80 57 26
3.6663 1.0739 -0.21151 82 57 35
3.906 1.0085 -0.20863 83 58 26
3.7884 1.0419 -0.19601 82 56 29
3.9466 1.0722 -0.046307 83 59 33
3.9273 1.0456 -0.16796 80 59 32
3.9431 1.0454 -0.13196 81 58 25
3.9369 1.0435 -0.13177 81 58 25
3.818 1.0367 -0.084956 81 60 39
3.9238 1.1005 -0.04305 82 61 34
3.9005 1.0424 -0.20473 84 59 29
3.8505 1.0568 -0.16035 81 56 33
3.6938 1.031 -0.078516 81 59 35
3.9634 1.0669 -0.24673 78 56 32
3.7462 1.0332 -0.23154 81 56 36
3.7593 1.0374 -0.23251 81 56 36
3.96 1.0455 -0.092687 83 61 37
3.9045 1.0689 -0.12521 81 59 38
4.0424 1.0444 -0.17614 79 57 34
3.8744 1.0644 -0.16108 81 56 33
4.1832 1.005 -0.15564 82 59 28
4.1874 1.0335 -0.068069 83 59 31
4.1191 1.0193 -0.10627 82 61 30
4.1751 1.0134 -0.23209 80 56 30
4.1405 1.0147 -0.028292 84 61 28
4.0826 1.0194 -0.18591 79 58 27
4.0556 1.0327 -0.058866 81 60 29
4.1749 1.0078 -0.20051 81 57 23
4.1049 1.0205 -0.1462 82 58 24
4.0612 1.0396 -0.10069 83 59 31
4.0491 1.0412 -0.13769 81 60 31
4.2143 1.0082 -0.11565 83 61 38
4.1301 1.0008 -0.23216 80 56 30
4.2047 1.0001 -0.07492 83 60 26
4.0316 1.0097 -0.2212 81 57 31
4.2257 0.97826 -0.16154 83 60 26
3.6608 -2.5032 0.060528 93 67 40
3.6416 -2.5068 0.13935 96 73 32
3.5449 -2.456 -0.030931 89 67 30
3.5817 -2.4608 0.093476 98 71 38
3.6595 -2.4867 -0.027748 91 65 38
3.661 -2.4955 0.014562 95 67 36
3.4638 -2.4756 0.11762 97 69 40
3.5425 -2.4778 0.087249 95 70 40
3.3767 -2.4434 0.030911 91 65 38
3.3151 -2.4241 0.14095 96 69 34
3.3688 -2.4201 0.14827 98 70 39
3.5386 -2.4486 0.17507 99 74 42
3.4906 -2.4594 0.16514 96 71 39
3.4606 -2.4586 0.045756 93 66 29
3.4095 -2.4322 0.079739 94 69 37
3.5054 -2.4801 0.0041674 91 67 31
3.4331 -2.4736 -0.0037521 92 65 32
3.4735 -2.4406 0.12303 97 67 39
3.3674 -2.4446 0.068651 93 69 33
3.6562 -2.5436 0.052662 93 69 35
3.5174 -2.4461 0.0080162 94 66 39
3.3151 -2.4167 0.10419 95 70 40
3.2751 -2.4219 0.06005 91 66 36
3.149 -2.3805 0.085212 92 69 35
3.1585 -2.4016 0.16084 94 69 37
3.3098 -2.4678 0.17325 95 73 34
3.0857 -2.3668 0.043828 92 68 34
3.2192 -2.4224 0.051749 94 67 34
3.3474 -2.4535 0.18303 95 71 35
3.1877 -2.4319 0.01055 90 65 33
3.2508 -2.43 -0.022113 91 68 27
3.1683 -2.4012 0.12188 92 69 36
3.2399 -2.4298 0.013259 93 66 29
3.0422 -2.3497 0.11083 96 68 37
3.2335 -2.4007 0.091997 94 69 37
3.2923 -2.4264 0.020874 92 66 39
3.0848 -2.3731 0.07758 91 66 36
3.2569 -2.4239 0.13193 94 69 39
3.2067 -2.4381 -0.025565 90 67 34
3.3025 -2.4333 0.022714 92 66 39
3.3661 -2.4692 -0.013875 88 63 33
2.9064 -2.3666 0.12043 96 69 34
2.9895 -2.4016 -0.012564 90 64 37
2.9834 -2.404 0.020389 89 66 33
3.1451 -2.4303 0.15033 96 68 39
2.9949 -2.3663 0.16751 97 72 40
2.9856 -2.3894 0.12893 93 68 36
3.0821 -2.4326 -0.0010845 92 64 37
2.9385 -2.3612 0.16061 98 70 39
2.9706 -2.3714 0.094474 92 66 39
3.0317 -2.3863 0.13544 95 67 36
2.9326 -2.3796 0.087025 93 69 33
3.0277 -2.3695 0.069748 90 66 38
3.1101 -2.4221 0.036736 90 67 33
2.9851 -2.4121 0.057006 95 67 36
3.0084 -2.3855 0.028889 92 67 35
3.1061 -2.4121 0.0031495 90 67 34
3.0248 -2.4044 0.063806 95 67 36
3.0915 -2.4228 0.10438 94 70 34
2.7854 -2.3667 0.035144 90 66 32
2.8553 -2.357 0.079166 93 68 38
2.857 -2.3516 0.047473 93 68 38
2.7902 -2.3837 0.09625 93 68 36
2.8745 -2.394 0.0097532 91 64 29
2.7456 -2.329 0.0026518 92 66 39
2.8307 -2.3514 0.14346 96 71 39
2.8455 -2.3561 0.10984 94 70 32
2.8709 -2.3465 0.15116 95 70 38
2.7789 -2.3399 0.10371 94 70 36
2.7397 -2.3373 0.065141 94 69 37
2.8171 -2.3629 0.072545 92 69 35
2.7917 -2.3564 0.13398 94 68 41
2.7798 -2.3471 0.13317 94 68 41
2.7385 -2.3234 0.0033203 89 63 36
2.9082 -2.3771 -0.018827 92 64 33
2.8213 -2.3596 0.040497 91 66 46
2.8588 -2.3463 0.01423 91 67 31
2.8194 -2.3647 0.073168 92 69 35
2.6251 -2.3324 0.13937 98 70 33
2.6335 -2.3266 0.077599 92 66 39
2.64 -2.3382 0.10963 97 70 37
2.6128 -2.3367 0.044783 93 66 33
2.7234 -2.3373 0.1248 95 71 35
2.6515 -2.3622 0.01482 93 64 32
2.6371 -2.344 -0.015447 89 66 33
2.7153 -2.3523 0.056926 93 69 35
2.6262 -2.2998 0.14566 94 72 35
2.5781 -2.3206 0.10222 94 71 37
2.6476 -2.319 -0.011216 94 66 35
2.7497 -2.3647 0.15791 95 72 39
2.7852 -2.4017 0.026709 90 65 35
2.6747 -2.3326 0.11698 96 72 38
2.6724 -2.3243 0.085081 94 69 39
2.6386 -2.3243 0.049563 90 69 42
2.7169 -2.3407 -0.0054071 93 66 33
2.5533 -2.2938 0.07246 93 67 40
2.6726 -2.3456 0.01939 89 65 29
2.5354 -2.2913 0.12812 95 70 38
2.5726 -2.3302 0.0092605 93 67 42
3.6804 1.1022 -0.39124 82 56 39
3.7197 1.1205 -0.42911 79 59 34
3.6119 1.0973 -0.27368 79 58 31
3.7128 1.0511 -0.43963 76 54 30
3.7185 1.0628 -0.25696 78 55 24
3.7815 1.0494 -0.26653 81 56 36
3.7598 1.0472 -0.30419 79 59 35
3.6222 1.0681 -0.27736 79 57 33
3.6833 1.0652 -0.35925 81 59 38
3.7974 1.0641 -0.33731 80 59 30
3.6795 1.0734 -0.4306 75 58 40
3.804 1.0761 -0.41253 79 57 34
3.8064 1.1016 -0.3349 80 55 35
3.7995 1.0452 -0.45509 77 57 33
3.6029 1.0663 -0.314 77 57 32
3.8721 1.0935 -0.38335 80 58 35
3.8412 1.0585 -0.46007 77 57 33
3.6865 1.0569 -0.29114 78 57 26
3.6942 1.1022 -0.35519 79 57 36
3.6045 1.0576 -0.24348 82 59 28
3.6557 1.0606 -0.39095 77 59 35
3.9554 1.0438 -0.36593 84 61 30
4.0029 1.0635 -0.40842 76 58 34
3.8516 1.0371 -0.27801 81 55 28
3.9189 1.0275 -0.32316 78 53 30
3.9273 1.0097 -0.44422 78 56 35
3.9554 1.0027 -0.33238 81 56 34
3.891 1.009 -0.24625 83 57 40
3.9794 1.0614 -0.44373 80 58 37
3.9171 1.0626 -0.31821 81 56 34
3.8067 1.0377 -0.38467 79 55 41
3.9189 1.0226 -0.28606 81 56 24
3.9051 1.0638 -0.35598 83 57 32
3.9036 1.0229 -0.32281 78 53 30
3.814 1.0449 -0.42158 78 55 37
4.047 1.035 -0.37701 82 57 34
3.9039 1.0585 -0.31777 81 56 34
3.8304 0.97564 -0.3968 79 57 36
3.8234 1.043 -0.38523 79 55 41
4.0023 0.99049 -0.41903 78 56 35
4.1744 0.95868 -0.4149 80 58 35
4.2286 1.001 -0.32655 80 55 35
4.1174 1.0079 -0.31387 79 57 33
4.0996 0.99753 -0.27176 78 57 30
4.0597 1.0284 -0.30169 81 57 31
4.0353 0.9947 -0.38168 80 58 34
4.0862 1.0201 -0.46802 79 59 35
3.9866 1.0017 -0.25838 79 55 27
4.1264 0.97816 -0.35928 79 58 31
4.0767 0.98018 -0.47275 78 57 36
4.1208 0.98196 -0.39879 81 59 36
4.0616 0.97074 -0.4339 80 58 35
4.1991 0.9709 -0.45356 80 58 35
4.0026 0.98031 -0.34314 81 58 27
4.0353 0.91601 -0.36202 82 57 34
3.4209 -2.2404 -0.084452 90 62 35
3.5925 -2.4787 -0.069829 89 66 25
3.549 -2.4196 -0.22705 89 64 34
3.659 -2.5324 -0.23936 86 62 34
3.6643 -2.4573 -0.18527 89 64 32
3.6595 -2.4813 -0.2724 87 61 36
3.388 -2.4765 -0.050445 89 64 34
3.5306 -2.4576 -0.19521 87 67 33
3.564 -2.487 -0.15475 88 65 34
3.3755 -2.4606 -0.089287 88 64 30
3.5637 -2.5105 -0.036632 90 67 33
3.3573 -2.4331 -0.16083 87 62 32
3.3928 -2.4494 -0.2013 86 66 32
3.4628 -2.4704 -0.12023 86 61 31
3.4736 -2.4543 -0.23656 90 67 36
3.4779 -2.4466 -0.076161 89 66 25
3.3716 -2.4681 -0.24388 88 62 37
3.512 -2.4611 -0.11633 86 64 27
3.3327 -2.4316 -0.088676 88 64 30
3.383 -2.425 -0.080917 88 64 28
3.4302 -2.4641 -0.044189 88 65 32
3.5205 -2.5007 -0.15982 87 63 37
3.439 -2.4394 -0.19753 89 65 37
3.3849 -2.4338 -0.043812 88 65 32
3.4092 -2.4528 -0.24046 87 63 37
3.3571 -2.4406 -0.12697 89 64 32
3.2732 -2.4702 -0.099251 88 64 30
3.1133 -2.403 -0.067505 89 65 27
3.1114 -2.4088 -0.032681 89 66 35
3.2108 -2.4509 -0.17731 88 63 40
3.3949 -2.4995 -0.17333 87 64 31
3.4188 -2.5081 -0.21232 86 63 32
3.2284 -2.4317 -0.13641 87 64 30
3.2958 -2.4536 -0.056523 89 65 29
3.4066 -2.5149 -0.13322 88 63 33
3.0997 -2.3862 -0.10113 88 62 35
3.1922 -2.399 -0.16905 90 64 39
3.3008 -2.5072 -0.21778 87 63 35
3.3086 -2.4727 -0.212 86 63 32
3.2598 -2.4682 -0.063193 88 62 35
3.1795 -2.4359 -0.13814 90 63 26
3.0357 -2.3638 -0.17451 89 63 38
3.145 -2.4354 -0.21539 87 64 33
3.1974 -2.3785 -0.090563 89 65 31
3.0677 -2.4174 -0.21807 86 65 38
2.9193 -2.3786 -0.050808 86 65 38
2.9905 -2.4254 -0.084841 88 63 31
2.9713 -2.3743 -0.079047 88 65 31
2.9815 -2.375 -0.11123 88 63 31
3.1611 -2.4613 -0.14389 88 64 36
2.9835 -2.3995 -0.18576 88 65 32
3.0942 -2.4201 -0.10788 88 65 34
2.9362 -2.3777 -0.11691 87 65 24
3.0577 -2.4077 -0.035924 88 64 26
3.0757 -2.4303 -0.1841 87 66 39
3.1016 -2.4326 -0.074119 89 65 37
3.0279 -2.4022 -0.14709 90 65 33
2.9932 -2.3974 -0.045297 89 64 32
2.9414 -2.4043 -0.18851 87 63 37
3.0061 -2.4069 -0.045027 89 64 32
2.9814 -2.4049 -0.15379 89 64 34
2.934 -2.4124 -0.12254 90 64 39
2.7746 -2.3537 -0.16007 89 65 39
2.7444 -2.3495 -0.066773 91 65 42
2.8005 -2.3588 -0.058986 89 66 33
2.8186 -2.3662 -0.092704 89 64 34
2.8866 -2.3965 -0.023071 88 64 36
2.8499 -2.3838 -0.12533 92 66 39
2.7417 -2.3408 -0.097185 89 65 29
2.8478 -2.3534 -0.088059 88 65 34
2.8958 -2.3765 -0.15368 87 63 35
2.8258 -2.352 -0.18919 87 64 30
2.7405 -2.353 -0.036287 89 64 32
2.7677 -2.3549 -0.12942 90 66 38
2.7822 -2.3881 -0.19848 87 66 35
2.7513 -2.3269 -0.028723 90 66 32
2.8092 -2.3742 -0.192 87 64 33
2.8443 -2.3574 -0.056229 92 67 23
2.8291 -2.3611 -0.15697 88 62 39
2.82 -2.3475 -0.18858 87 64 30
2.6362 -2.3306 -0.074792 91 66 34
2.573 -2.3181 -0.05028 92 67 35
2.7344 -2.363 -0.13347 88 65 34
2.7095 -2.3625 -0.039523 90 67 26
2.6236 -2.314 -0.10568 93 70 39
2.7595 -2.3897 -0.10306 92 68 32
2.6992 -2.3477 -0.070849 92 66 43
2.5829 -2.3201 -0.0815 90 67 36
2.6255 -2.3365 -0.17051 88 66 42
2.63 -2.3318 -0.044979 89 65 39
2.5883 -2.3391 -0.1747 91 65 42
2.815 -2.4208 -0.16778 89 63 36
2.6606 -2.3378 -0.13689 90 67 34
2.706 -2.3683 -0.17077 88 64 36
2.6443 -2.3582 -0.14117 91 66 34
2.6095 -2.3358 -0.10916 90 66 38
2.5585 -2.3203 -0.14294 91 65 40
2.5483 -2.3037 -0.021765 91 68 34
3.6272 1.0698 -0.52885 75 57 33
3.6572 1.0847 -0.56601 78 57 36
3.8162 1.0407 -0.64556 77 55 34
3.6841 1.0797 -0.46712 77 56 35
3.6442 1.0709 -0.49592 79 53 36
3.7575 1.0512 -0.59488 77 57 33
3.6896 1.0483 -0.47292 79 57 33
3.7729 1.0611 -0.63179 78 56 35
3.6609 1.0527 -0.56992 77 56 39
3.6282 1.0373 -0.53356 77 57 32
3.741 1.041 -0.557 75 53 32
3.7884 1.0466 -0.49047 76 54 30
3.6659 1.0499 -0.53869 77 57 32
3.7534 1.0402 -0.52487 76 51 29
3.64 1.0366 -0.50196 77 55 32
3.6479 1.0533 -0.6057 82 56 39
3.8382 1.0427 -0.61325 77 54 38
3.6311 1.0524 -0.63742 78 53 33
3.9351 1.0067 -0.67611 75 54 33
3.7871 1.0118 -0.49572 74 52 28
3.8403 1.0333 -0.54053 77 56 37
3.9793 1.0045 -0.57029 78 52 37
3.9158 0.98071 -0.52431 81 57 31
3.9648 1.026 -0.48501 78 53 30
3.8638 1.0106 -0.58468 76 55 28
3.8168 1.026 -0.53725 77 56 37
3.9734 1.0079 -0.60679 76 55 26
3.9882 1.0382 -0.52724 74 52 31
3.9686 1.0117 -0.64572 74 57 31
3.8831 1.0216 -0.62541 77 54 36
4.1115 1.022 -0.71206 76 54 31
3.9078 1.019 -0.5586 77 57 32
3.7657 1.0149 -0.56705 75 53 30
3.833 1.0212 -0.46631 76 56 31
4.0209 1.069 -0.68512 75 53 38
4.0538 0.98428 -0.54886 78 56 35
4.1815 1.0151 -0.52407 77 56 27
4.1907 0.99587 -0.65479 77 55 31
4.1396 0.94908 -0.69058 74 51 33
4.0191 0.99003 -0.65856 78 55 39
4.0227 0.9019 -0.55804 73 52 31
4.0724 0.92046 -0.60398 74 56 32
4.0409 0.94378 -0.55509 74 52 29
4.1834 0.96088 -0.69734 74 51 33
4.073 0.99504 -0.59099 78 56 33
4.1768 0.98656 -0.61318 76 54 30
4.0327 1.0098 -0.50277 77 54 36
4.0479 0.91912 -0.63833 74 53 32
4.1732 0.97464 -0.52964 81 55 32
4.1439 1.0206 -0.63817 76 55 34
4.2126 1.0074 -0.69675 75 57 33
4.1064 0.96177 -0.56347 74 52 29
4.2009 0.92175 -0.66879 76 51 31
3.9689 0.85131 -0.55989 74 55 23
4.0665 0.88147 -0.60836 76 51 28
3.6415 -2.505 -0.31877 86 60 35
3.5852 -2.4955 -0.40014 83 60 29
3.5907 -2.4912 -0.44231 83 62 33
3.7005 -2.4664 -0.47955 86 62 36
3.6645 -2.5116 -0.36118 85 61 35
3.6953 -2.5233 -0.40718 85 62 31
3.3437 -2.4594 -0.40075 86 62 36
3.3437 -2.4416 -0.27917 85 64 35
3.5094 -2.4882 -0.39958 84 61 27
3.4979 -2.5146 -0.44524 83 62 33
3.4251 -2.4892 -0.32515 85 62 31
3.438 -2.5158 -0.44613 87 61 38
3.4019 -2.458 -0.39308 85 61 33
3.5436 -2.5028 -0.44062 83 59 31
3.5116 -2.4976 -0.36273 85 61 33
3.444 -2.4606 -0.31743 84 60 32
3.5063 -2.5098 -0.28542 82 62 28
3.4723 -2.4382 -0.31555 83 61 37
3.4461 -2.4955 -0.36342 84 60 32
3.5662 -2.4916 -0.36374 86 63 30
3.4896 -2.5011 -0.48137 86 64 27
3.5526 -2.4982 -0.27901 86 62 36
3.1187 -2.4259 -0.35812 85 61 33
3.2535 -2.4688 -0.43934 85 60 37
3.1365 -2.4318 -0.39784 86 60 37
3.243 -2.4515 -0.28571 86 62 24
3.1875 -2.4294 -0.39317 85 61 35
3.232 -2.4365 -0.32131 83 62 35
3.3421 -2.4656 -0.36127 87 65 28
3.241 -2.4184 -0.24404 87 62 39
3.2416 -2.436 -0.35924 84 60 34
3.4126 -2.5295 -0.29395 87 63 37
3.1653 -2.4428 -0.25278 84 63 34
3.2104 -2.4529 -0.35933 85 62 28
3.31 -2.4684 -0.43739 87 63 25
3.3665 -2.5152 -0.40623 85 60 37
3.1894 -2.4526 -0.28857 86 64 27
3.1823 -2.4162 -0.24583 87 63 37
3.301 -2.445 -0.3214 87 60 23
3.2087 -2.4665 -0.29027 86 64 27
3.252 -2.4579 -0.28604 86 62 24
3.1475 -2.4156 -0.32008 85 59 34
3.2038 -2.4483 -0.35993 85 62 28
3.1682 -2.447 -0.43287 84 61 28
2.969 -2.4115 -0.25677 87 61 36
2.9772 -2.3878 -0.21865 88 62 39
3.0062 -2.3955 -0.28765 86 63 32
2.8709 -2.3309 -0.28199 83 62 33
2.8723 -2.361 -0.32121 84 63 34
3.0066 -2.4122 -0.39645 86 63 32
2.992 -2.3781 -0.31883 87 63 29
2.9148 -2.3865 -0.35734 86 62 36
3.0915 -2.4277 -0.25428 85 61 33
2.9287 -2.3901 -0.3911 85 60 37
3.0302 -2.3991 -0.35649 87 63 35
3.0779 -2.4036 -0.32126 86 62 34
2.9803 -2.3834 -0.25352 87 64 30
3.015 -2.4321 -0.32831 84 63 36
3.0639 -2.4004 -0.28513 86 60 33
2.984 -2.4022 -0.36009 88 63 31
2.9537 -2.4068 -0.22314 86 64 27
3.0872 -2.434 -0.39755 86 62 36
2.9604 -2.3685 -0.25094 87 63 37
3.0261 -2.4103 -0.28986 86 63 32
2.8338 -2.3956 -0.35897 82 62 28
2.89 -2.4102 -0.32711 85 64 37
2.8921 -2.4054 -0.36222 85 65 31
2.7713 -2.3883 -0.32967 88 64 38
2.7061 -2.3212 -0.22484 88 64 38
2.8305 -2.3709 -0.28996 87 60 39
2.8806 -2.3874 -0.2248 86 62 36
2.7787 -2.3721 -0.2596 85 62 28
2.816 -2.3663 -0.25724 87 63 37
2.7783 -2.3653 -0.2913 85 62 29
2.7709 -2.3528 -0.32107 86 65 38
2.7449 -2.3608 -0.35828 86 62 34
2.9417 -2.4206 -0.29495 87 63 37
2.8718 -2.4164 -0.22801 86 63 32
2.8807 -2.3807 -0.2571 86 60 35
2.874 -2.3846 -0.3917 82 60 37
2.8226 -2.3714 -0.25708 87 63 37
2.6673 -2.3452 -0.29318 87 65 28
2.5559 -2.3143 -0.3249 86 64 41
2.6517 -2.3517 -0.20242 88 65 34
2.6252 -2.3509 -0.2658 88 64 38
2.677 -2.3746 -0.36124 88 62 35
2.6158 -2.3493 -0.23495 89 66 22
2.7396 -2.3888 -0.20111 89 66 32
2.5838 -2.2899 -0.22877 87 61 38
2.6625 -2.335 -0.32308 89 63 38
2.6038 -2.3457 -0.20477 89 66 33
2.6138 -2.356 -0.3576 89 65 37
2.6459 -2.3008 -0.25759 89 64 44
2.6596 -2.3179 -0.22666 88 64 30
2.6989 -2.3368 -0.29071 88 63 31
2.6893 -2.3697 -0.2661 87 66 39
2.6531 -2.3612 -0.3275 87 65 41
2.7068 -2.3644 -0.35737 87 62 40
2.6337 -2.3516 -0.29591 86 65 38
2.5895 -2.3483 -0.29678 86 64 40
3.5819 1.0406 -0.66389 79 57 36
3.6359 1.0637 -0.70939 80 55 32
3.8159 1.0209 -0.76127 75 54 27
3.7794 1.0194 -0.82357 74 50 38
3.6826 1.0365 -0.65289 81 56 34
3.752 1.035 -0.74177 78 56 33
3.7309 1.0092 -0.85007 76 53 19
3.7482 1.0388 -0.77824 76 54 39
3.772 1.0513 -0.81614 75 53 29
3.6359 1.0403 -0.78208 76 56 22
3.6711 1.0472 -0.75564 76 56 32
3.7759 1.0378 -0.71086 79 58 37
3.7725 1.0317 -0.6731 79 60 28
3.7127 1.0512 -0.69315 79 53 36
3.6854 0.98514 -0.77101 76 56 31
3.6433 1.0476 -0.81779 78 52 35
3.7169 1.0574 -0.72838 80 55 32
3.7138 1.0375 -0.83959 73 49 35
3.9229 1.0082 -0.71142 78 55 37
3.9628 0.98415 -0.72557 75 53 29
3.868 1.0123 -0.85272 76 51 31
3.982 0.9745 -0.88865 74 52 28
3.8526 1.0273 -0.73243 77 56 35
3.8714 0.99802 -0.74259 76 55 28
3.817 1.0163 -0.72642 77 56 35
4.0256 1.0078 -0.77666 80 54 37
3.8775 1.0049 -0.77925 74 52 28
3.9309 0.9853 -0.79624 74 53 34
3.8229 0.95858 -0.81081 75 50 27
3.8747 0.9791 -0.86024 73 53 16
3.9151 0.95011 -0.83666 74 54 27
3.8739 1.0289 -0.70095 78 56 35
3.7965 0.98548 -0.80148 74 54 17
3.8664 1.0169 -0.88646 77 52 32
4.0811 0.99218 -0.8345 73 55 33
4.053 0.97349 -0.74908 75 53 30
4.2265 0.99476 -0.86596 73 52 25
4.0724 0.98425 -0.79084 77 56 27
4.0406 0.91219 -0.87999 74 49 26
4.2326 1.002 -0.90739 72 50 27
4.2584 0.99221 -0.78971 78 53 31
4.2131 0.98564 -0.82559 76 55 26
4.1194 0.98683 -0.72325 79 54 34
4.1106 0.97379 -0.922 74 54 27
4.1679 0.9517 -0.94385 71 49 25
4.2298 0.92366 -0.92099 74 49 17
3.6204 -2.5127 -0.64962 84 59 37
3.6461 -2.5374 -0.61226 84 60 32
3.6552 -2.5352 -0.65481 84 59 37
3.5939 -2.4886 -0.6911 83 62 31
3.6539 -2.483 -0.68672 80 59 32
3.6767 -2.5328 -0.74006 82 58 30
3.6432 -2.509 -0.52997 83 59 33
3.6257 -2.5596 -0.66142 85 60 37
3.3287 -2.4039 -0.61674 84 60 34
3.4607 -2.5155 -0.52379 86 63 30
3.4712 -2.5226 -0.52495 86 63 30
3.5245 -2.5272 -0.68996 82 58 30
3.5398 -2.5611 -0.57504 83 62 35
3.5805 -2.5112 -0.52736 90 62 35
3.3371 -2.4571 -0.58937 87 60 41
3.4924 -2.4874 -0.56046 81 61 34
3.5527 -2.5195 -0.60965 85 59 32
3.446 -2.5236 -0.64226 83 59 23
3.573 -2.4986 -0.56831 85 61 35
3.4079 -2.4391 -0.50875 86 59 38
3.2541 -2.3856 -0.64601 82 60 23
3.3975 -2.4806 -0.47989 86 62 36
3.4139 -2.4917 -0.48181 86 62 36
3.4372 -2.5175 -0.64054 83 59 23
3.3641 -2.4832 -0.55641 86 60 33
3.5786 -2.5022 -0.56854 85 61 35
3.5073 -2.4738 -0.67935 80 59 28
3.1356 -2.4333 -0.57656 82 61 34
3.1635 -2.4462 -0.61605 84 57 36
3.3389 -2.481 -0.47921 84 61 28
3.3019 -2.4802 -0.5525 88 60 31
3.0517 -2.3566 -0.45317 86 62 34
3.1423 -2.4143 -0.50143 83 62 31
3.3756 -2.5239 -0.59952 84 59 37
3.1819 -2.4351 -0.54112 82 57 34
3.2781 -2.4487 -0.62072 84 58 31
3.2178 -2.4534 -0.5838 84 59 29
3.3555 -2.5331 -0.48857 88 63 33
3.271 -2.4664 -0.51426 87 62 40
3.2317 -2.4561 -0.62289 82 57 34
3.2874 -2.4455 -0.47213 84 61 28
3.3412 -2.5 -0.59338 84 59 37
3.3634 -2.4904 -0.51995 82 62 28
3.1248 -2.4329 -0.5418 84 61 30
3.3078 -2.4619 -0.66362 81 61 24
3.3114 -2.4645 -0.66465 81 61 24
3.066 -2.4347 -0.50174 82 61 30
3.0392 -2.4383 -0.57092 85 61 25
3.12 -2.4506 -0.43409 85 62 28
3.0306 -2.4018 -0.5313 87 61 36
2.9416 -2.409 -0.52958 86 62 26
2.9767 -2.4291 -0.57058 82 61 32
3.0245 -2.4416 -0.50376 87 62 30
2.9622 -2.4017 -0.4611 87 61 34
3.0723 -2.4089 -0.46342 85 62 31
3.0692 -2.423 -0.57051 85 61 25
3.0357 -2.4266 -0.43181 88 64 38
3.0067 -2.4213 -0.53442 83 64 24
3.0633 -2.4494 -0.61167 82 61 32
3.1451 -2.4715 -0.61929 80 60 23
2.9805 -2.4224 -0.43061 85 63 39
3.0201 -2.4548 -0.6111 83 59 33
3.1635 -2.4679 -0.51086 85 61 33
2.887 -2.3742 -0.48798 83 62 33
3.0362 -2.42 -0.46597 85 61 33
2.7795 -2.3969 -0.4897 84 63 36
2.77 -2.3829 -0.51981 89 61 30
2.8606 -2.4124 -0.56215 86 61 38
2.7766 -2.3818 -0.55325 84 61 27
2.9089 -2.4206 -0.53225 84 60 26
2.8142 -2.3959 -0.45905 87 61 36
2.8078 -2.3846 -0.49166 86 64 27
2.9234 -2.4155 -0.42834 83 64 32
2.9207 -2.4296 -0.53352 84 60 26
2.8463 -2.392 -0.42489 83 62 31
2.8223 -2.38 -0.39005 86 62 34
2.8739 -2.3711 -0.4552 86 62 36
2.7606 -2.3601 -0.42066 88 61 40
2.9139 -2.4176 -0.56461 85 62 28
2.8055 -2.4024 -0.39608 88 65 34
2.8314 -2.3738 -0.45464 87 61 38
2.7911 -2.3645 -0.51743 84 62 25
2.8597 -2.3896 -0.49395 85 63 39
2.627 -2.3696 -0.51442 88 63 31
2.6868 -2.342 -0.38621 88 66 25
2.628 -2.3616 -0.38943 90 66 38
2.6876 -2.3641 -0.45293 89 64 41
2.744 -2.3907 -0.55401 86 63 29
2.7015 -2.369 -0.4846 88 63 43
2.7278 -2.3839 -0.51931 86 63 29
2.6521 -2.3481 -0.38948 89 63 36
2.751 -2.3873 -0.42591 89 64 41
2.6526 -2.3759 -0.42381 91 68 37
2.6232 -2.3517 -0.42087 91 68 37
2.6665 -2.3746 -0.48504 86 61 29
2.6661 -2.3808 -0.45606 87 62 39
2.6081 -2.3601 -0.48221 87 62 30
2.6671 -2.3817 -0.45661 87 62 39
2.6584 -2.3621 -0.51633 89 65 39
2.7724 -2.3978 -0.45846 89 67 30
2.6864 -2.3694 -0.42153 87 65 41
2.5723 -2.3424 -0.41769 90 66 40
2.6183 -2.375 -0.45507 89 65 39
3.6466 1.0536 -0.8537 75 52 34
3.6791 1.0311 -0.86711 73 51 30
3.6136 1.0145 -0.88552 76 55 26
3.7569 1.0325 -0.96235 76 52 42
3.8225 1.0188 -0.98565 75 54 37
3.7462 1.0342 -0.9956 73 55 31
3.6898 1.0062 -0.91251 75 56 22
3.7675 1.0259 -0.89505 72 51 32
3.6463 1.0303 -0.92907 77 56 39
3.8167 1.0068 -0.91292 74 52 28
3.624 1.0279 -0.9591 77 56 37
3.8242 1.0142 -0.95157 78 55 39
3.7735 1.0087 -1.0098 79 58 39
4.0305 0.99377 -0.93706 71 49 26
3.9846 1.0167 -0.9178 72 46 32
3.9147 1.0013 -0.94088 74 55 23
3.9316 0.98642 -1.0646 76 54 31
3.857 0.98926 -0.96516 74 54 30
3.9548 0.98796 -1.0352 77 57 33
3.9169 0.94627 -1.0667 78 55 37
3.7872 0.97326 -0.98246 77 55 34
3.9654 0.95469 -1.0416 76 55 38
3.9806 0.98459 -0.9623 75 52 19
3.993 0.99364 -1.0045 76 53 37
3.9099 1.0157 -1.0536 80 55 35
4.151 0.95823 -1.0191 77 54 21
3.9618 0.88118 -1.0557 72 55 29
4.1322 0.99642 -1.0455 77 55 34
4.0743 0.97451 -0.99094 77 52 32
4.1414 0.96112 -1.0549 73 50 32
4.1184 0.91702 -1.0557 74 53 34
4.097 0.95458 -1.0835 74 53 36
4.1534 0.92089 -1.029 72 51 30
4.0866 0.97253 -0.95554 73 49 23
1.5491 -1.0254 -0.40884 71 50 23
1.5435 -1.04 -0.40915 77 56 25
3.51 -2.4598 -0.75507 81 57 31
3.6408 -2.4424 -0.84403 81 58 24
3.5298 -2.4567 -0.83339 85 62 31
3.7152 -2.5412 -0.83088 82 57 34
3.7194 -2.5082 -0.78356 79 55 27
3.6537 -2.4935 -0.85406 83 58 35
3.7084 -2.5807 -0.83644 80 58 35
3.7094 -2.5289 -0.86749 83 58 35
3.6574 -2.5124 -0.77832 82 58 30
3.3924 -2.5055 -0.75667 82 59 25
3.4689 -2.5156 -0.75824 80 60 25
3.5624 -2.571 -0.82075 84 59 36
3.3257 -2.4441 -0.81011 83 61 37
3.606 -2.5302 -0.73401 82 59 28
3.4955 -2.4999 -0.72211 79 58 31
3.5447 -2.501 -0.88721 82 57 34
3.3563 -2.392 -0.76639 77 56 29
3.6437 -2.609 -0.91446 81 61 34
3.4986 -2.5441 -0.7319 81 59 22
3.6233 -2.5605 -0.86507 83 58 35
3.5083 -2.5003 -0.76029 78 57 28
3.6338 -2.611 -0.87665 82 62 27
3.3136 -2.4433 -0.77183 82 60 36
3.4982 -2.5016 -0.72196 79 58 31
3.2205 -2.4898 -0.8104 82 60 36
3.2442 -2.4824 -0.74029 84 61 27
3.2803 -2.4827 -0.66629 82 61 32
3.3943 -2.5141 -0.71773 81 57 31
3.3151 -2.4845 -0.78112 81 61 34
3.2844 -2.4559 -0.81135 80 60 35
3.1292 -2.4455 -0.68571 83 60 26
3.2769 -2.4728 -0.70072 83 57 34
3.2258 -2.4759 -0.69476 81 55 40
3.2723 -2.4621 -0.73597 81 56 34
3.1925 -2.4771 -0.77004 87 62 40
3.2335 -2.475 -0.73892 84 61 27
3.2299 -2.4641 -0.76633 85 60 37
3.348 -2.5409 -0.83536 81 59 35
3.1813 -2.476 -0.73013 81 59 38
3.2093 -2.4718 -0.65959 80 59 30
2.9267 -2.4075 -0.66653 85 60 37
3.1175 -2.4441 -0.64757 84 59 27
3.1045 -2.4731 -0.6552 80 57 23
3.1143 -2.4585 -0.75598 87 64 31
3.1792 -2.4989 -0.80616 82 62 37
3.1006 -2.4628 -0.68605 84 61 28
3.0174 -2.4318 -0.70975 86 60 35
3.0052 -2.4599 -0.71373 86 65 38
3.0675 -2.4318 -0.71601 86 63 29
2.9418 -2.4053 -0.7342 87 65 41
3.0852 -2.4753 -0.75733 85 61 35
2.9351 -2.3839 -0.6272 85 60 28
2.982 -2.4129 -0.67274 84 59 36
2.8245 -2.4001 -0.65644 88 65 32
2.8494 -2.397 -0.59193 85 62 28
2.9452 -2.4443 -0.73959 84 63 32
2.8545 -2.4171 -0.69491 86 65 38
2.7743 -2.3893 -0.68397 87 64 31
2.8778 -2.4285 -0.73063 82 61 34
2.9742 -2.4503 -0.64256 82 62 28
2.7483 -2.3813 -0.61622 86 63 32
2.7828 -2.3804 -0.5869 84 61 30
2.8324 -2.4128 -0.62617 87 64 30
2.9334 -2.4257 -0.60032 84 61 27
2.7786 -2.3353 -0.60857 87 64 30
2.8513 -2.3792 -0.68995 87 65 41
2.8181 -2.3661 -0.61733 87 64 30
2.8598 -2.3919 -0.6578 87 62 40
2.7881 -2.4065 -0.65428 87 63 37
2.6751 -2.3846 -0.6435 86 65 36
2.7222 -2.3953 -0.61876 87 66 37
2.7255 -2.391 -0.64597 90 66 40
2.6009 -2.3635 -0.60597 89 63 36
2.7076 -2.3765 -0.64231 90 66 40
2.6699 -2.3929 -0.58289 88 63 33
2.5946 -2.352 -0.6337 88 64 36
2.644 -2.3653 -0.60727 89 64 42
2.7156 -2.3961 -0.5859 86 63 32
2.6507 -2.3585 -0.66856 90 66 40
2.7727 -2.4074 -0.59056 87 62 30
2.6516 -2.384 -0.54897 84 64 27
2.7359 -2.3939 -0.68363 88 64 38
2.6576 -2.3555 -0.54735 84 61 28
2.5647 -2.3385 -0.56591 89 62 43
3.6933 1.1786 1.027 81 57 19
3.6794 1.1693 1.0611 80 58 21
3.7137 1.1471 1.0644 80 57 23
3.5952 1.1714 1.0362 81 55 30
3.5563 1.1617 0.99229 80 59 30
3.6597 1.1325 1.0113 83 60 29
3.9221 1.1483 1.1177 78 56 35
3.8437 1.1273 1.0597 81 56 33
3.8009 1.1479 1.0509 80 54 31
3.9084 1.1386 1.1511 78 57 26
3.8592 1.0919 1.0974 82 60 23
3.8359 1.1503 1.1363 79 55 21
4.1009 1.1325 1.1626 79 54 31
3.9817 1.1265 1.1713 81 55 30
3.9835 0.9788 1.1519 75 55 28
4.1314 1.054 1.2403 81 55 30
3.901 0.26287 1.2086 74 50 24
3.8928 -0.40008 1.339 71 50 33
3.8778 -0.73384 1.3454 75 53 30
3.8587 -0.77257 1.3297 74 54 30
3.844 -0.86644 1.4016 80 58 35
3.8162 -0.90281 1.3858 83 58 35
3.7769 -0.93641 1.3638 80 59 32
3.7865 -1.1111 1.3873 72 48 20
3.8296 -1.0307 1.3773 75 53 32
3.7269 -1.0142 1.3789 73 51 27
3.688 -1.1745 1.3862 68 46 22
3.7969 -1.2396 1.385 71 49 28
3.6951 -1.2176 1.3878 71 49 28
3.8008 -1.1917 1.3468 72 50 26
3.7978 -1.149 1.3481 74 52 29
3.728 -1.3099 1.3827 69 50 33
3.7759 -1.3666 1.3998 72 51 22
3.7117 -1.353 1.4161 70 49 28
3.5942 -1.2226 1.3031 70 49 32
3.7849 -1.3205 1.3644 73 51 28
3.6982 -1.4319 1.4052 71 50 23
3.7021 -1.4749 1.396 73 52 21
3.7506 -1.4851 1.3753 76 51 28
3.7192 -1.3905 1.3771 72 52 27
3.7553 -1.3955 1.3483 74 52 28
3.7209 -1.5658 1.4001 70 47 29
3.6907 -1.5126 1.3872 70 49 28
3.7115 -1.6959 1.4155 67 48 31
3.5048 -1.5313 1.3508 67 47 20
3.6669 -1.7621 1.3986 68 47 30
3.6893 -1.8993 1.3908 70 50 26
3.6211 -1.8743 1.4031 69 48 21
3.5493 -1.9716 1.3988 71 50 23
3.5446 -2.0879 1.3496 70 45 22
3.5854 -2.0672 1.3669 69 48 21
3.4568 -2.0892 1.3538 81 61 26
3.5574 -2.1932 1.4178 82 61 34
3.4727 -2.194 1.4229 82 58 30
3.4889 -2.1965 1.3934 65 47 9
3.6038 -2.2556 1.3999 65 45 11
3.4116 -2.3161 1.3433 72 52 18
3.5648 -2.2831 1.4196 70 49 6
3.4578 -2.3385 1.3274 71 53 7
3.4897 -2.4075 1.37 72 53 23
3.3244 -2.3093 1.3427 73 53 29
3.1821 -2.264 1.3161 74 51 17
3.3268 -2.3512 1.3351 75 55 31
3.2449 -2.3714 1.2642 80 59 28
3.2395 -2.3741 1.2938 81 60 31
3.1804 -2.3411 1.3047 80 60 36
3.1628 -2.2832 1.2671 79 58 27
3.2921 -2.4584 1.3518 80 56 30
3.3644 -2.4097 1.3093 86 60 33
3.2516 -2.3494 1.3402 77 58 28
3.2522 -2.3498 1.3407 77 58 28
3.1619 -2.2825 1.2662 79 58 27
3.0945 -2.3142 1.2301 84 59 27
2.9804 -2.3615 1.2418 88 61 24
3.0382 -2.3585 1.237 85 59 32
2.9727 -2.2814 1.249 82 59 25
3.0462 -2.3568 1.2023 85 58 25
2.9681 -2.3392 1.1725 86 59 24
3.0086 -2.2999 1.2303 84 57 38
2.88 -2.3114 1.1324 86 62 26
3.0666 -2.3346 1.2226 83 57 30
2.703 -2.2556 1.0844 86 60 33
2.7186 -2.2811 1.1554 87 64 33
2.7302 -2.2763 1.0949 86 60 33
2.805 -2.3117 1.1955 89 60 36
2.8827 -2.3266 1.1979 84 58 31
2.7059 -2.2647 1.1184 84 60 32
2.7436 -2.2589 1.1393 87 63 25
2.8623 -2.3044 1.1547 85 59 34
2.7112 -2.227 1.09 88 64 26
2.6995 -2.3293 1.1072 88 63 33
2.5791 -2.2678 1.0565 90 64 24
2.712 -2.3109 1.1481 89 63 22
2.5604 -2.2248 1.0766 90 62 35
2.6644 -2.2599 1.063 87 64 33
2.6362 -2.245 1.0854 88 63 31
2.6551 -2.2873 1.058 92 61 41
2.5675 -2.2647 1.0807 88 63 33
3.7946 1.1599 0.93602 82 59 28
3.6395 1.1392 0.90021 81 61 36
3.6518 1.1723 0.94116 86 60 35
3.6703 1.164 0.80035 84 59 37
3.7021 1.1663 0.88029 82 61 30
3.544 1.1614 0.95337 82 58 32
3.8161 1.2115 0.86744 86 60 37
3.6888 1.1518 0.94609 82 61 32
3.6267 1.1675 0.89842 83 59 31
3.653 1.1817 0.86947 82 60 39
3.7734 1.1571 0.89133 85 61 35
3.7009 1.1857 0.99085 85 61 33
3.6286 1.1259 0.96611 82 61 32
3.7542 1.1598 0.81273 80 58 35
3.7575 1.1562 0.84988 84 61 30
3.944 1.1495 0.88541 82 57 35
3.8771 1.1073 1.0229 80 59 30
3.7587 1.1033 0.99583 80 59 30
3.7767 1.1093 1.0002 80 59 30
3.9402 1.1019 0.95833 86 63 32
3.8474 1.1382 0.98363 82 57 34
3.7754 1.1437 1.0047 83 57 40
3.9335 1.1309 0.99951 79 58 27
3.7697 1.116 0.9206 82 57 34
3.7632 1.1238 0.84733 82 61 34
3.9549 1.148 0.92633 82 62 37
3.8117 1.1403 0.85858 82 61 34
4.074 1.1664 1.1153 79 58 29
3.9333 1.105 0.92031 81 59 38
3.8012 1.1572 0.97286 83 60 29
3.811 1.0951 0.92758 82 60 36
4.1064 1.1659 0.91897 82 61 34
3.8514 1.1493 0.908 83 63 29
4.116 1.1427 1.1269 83 57 32
4.0336 1.0842 1.0572 79 58 31
4.029 1.0668 0.89249 81 60 39
4.0438 1.0496 1.0528 82 57 27
3.9034 1.0793 1.022 79 57 34
4.0699 1.1114 0.94632 82 57 37
3.9265 1.0975 0.95454 86 63 32
4.1769 1.1066 0.96816 83 59 33
4.1031 1.1273 0.91469 82 61 40
4.1146 1.115 1.0415 80 58 37
4.0192 1.1221 1.0179 81 59 35
4.0852 1.1109 0.99047 81 59 36
4.0553 1.0642 0.9786 82 60 36
4.084 1.035 0.98005 79 59 32
3.6 -1.4604 1.2411 74 53 24
3.6411 -2.1755 1.3405 68 48 0
3.5495 -2.4079 1.1937 84 63 32
3.5766 -2.3966 1.2874 83 58 35
3.5591 -2.3935 1.3227 76 55 24
3.4652 -2.335 1.2863 76 55 24
3.5901 -2.4048 1.2908 83 58 35
3.3689 -2.3162 1.2469 86 61 38
3.5494 -2.4224 1.2682 83 62 31
3.2829 -2.3595 1.0828 87 63 37
3.415 -2.3939 1.2955 82 60 39
3.5168 -2.3873 1.1822 84 63 32
3.5994 -2.5059 1.3275 85 59 34
3.4082 -2.3674 1.1769 85 61 25
3.3694 -2.3837 1.1597 85 61 35
3.4371 -2.4133 1.1063 86 60 33
3.3858 -2.3867 1.1237 88 64 38
3.4785 -2.4628 1.2394 88 62 35
3.4953 -2.4157 1.1668 86 60 35
3.4209 -2.4398 1.2954 80 57 24
3.4839 -2.4736 1.2775 86 60 37
3.382 -2.3581 1.2073 88 63 31
3.3081 -2.3693 1.0558 90 61 37
3.405 -2.3512 1.1006 91 64 29
3.4442 -2.3707 1.31 80 57 24
3.4754 -2.3684 1.2049 82 61 34
3.2271 -2.3988 1.2501 84 59 29
3.2678 -2.3639 1.1522 85 62 31
3.1046 -2.3525 1.1914 86 60 33
3.0888 -2.3275 1.1161 88 65 31
3.085 -2.3422 1.0048 88 62 37
3.0381 -2.3162 1.0244 88 64 30
3.272 -2.3741 1.1931 85 60 28
3.1696 -2.3694 1.0736 87 61 36
3.2234 -2.367 1.0981 89 63 38
3.1146 -2.3388 1.0933 89 60 36
3.252 -2.3788 1.0672 87 63 37
3.2741 -2.4232 1.2272 88 59 35
3.1495 -2.3487 1.0326 87 62 32
3.2574 -2.397 1.1434 86 62 36
3.1168 -2.3542 1.1643 85 60 37
3.3188 -2.3907 1.1325 84 59 36
3.1952 -2.3624 1.1637 85 61 35
3.199 -2.3324 1.2036 84 61 28
2.9188 -2.2753 1.0119 89 65 29
3.0333 -2.3503 1.0148 86 62 34
2.9331 -2.3525 0.97628 91 64 27
2.8209 -2.2469 1.0057 85 60 37
2.9472 -2.3463 1.086 90 66 38
2.8752 -2.3005 1.0939 90 62 33
2.9158 -2.2938 1.1145 88 60 29
2.9431 -2.3296 1.0167 88 64 38
2.9306 -2.2907 1.0513 87 62 39
2.9715 -2.2834 1.0725 86 62 34
3.0324 -2.3398 1.1601 85 62 29
3.1047 -2.37 1.0822 87 62 30
2.9042 -2.2942 0.96721 88 62 37
2.8892 -2.2677 1.0698 88 62 35
3.0995 -2.3807 1.1531 86 63 32
2.6936 -2.2838 0.91122 91 64 31
2.8133 -2.3057 0.96163 87 63 27
2.7626 -2.2874 1.0411 87 64 31
2.7505 -2.2848 1.0681 88 63 33
2.7103 -2.2689 0.954 86 65 36
2.7263 -2.2468 0.96538 87 64 31
2.7093 -2.2885 1.0515 88 63 40
2.6803 -2.2734 0.90627 91 64 31
2.7831 -2.2743 1.0852 87 62 32
2.8293 -2.311 0.93478 90 64 37
2.7705 -2.2587 1.0515 86 61 31
2.8457 -2.2946 0.98006 87 61 38
2.6824 -2.2548 0.97936 92 63 39
2.8131 -2.3191 1.028 87 64 30
2.7662 -2.299 0.91162 90 64 37
2.8431 -2.3059 1.0438 89 63 38
2.6984 -2.2534 0.91955 88 63 31
2.7756 -2.2486 0.98408 88 63 31
2.6614 -2.2445 1.0002 88 65 32
2.5659 -2.2498 1.0173 91 63 34
2.6627 -2.2865 1.0291 90 65 35
2.6047 -2.2478 0.87594 91 70 41
2.5633 -2.2679 0.95136 93 67 40
2.7011 -2.3311 0.94276 91 65 38
2.5531 -2.266 0.97638 92 66 41
2.6675 -2.2834 0.99762 91 67 33
2.5127 -2.2406 0.8412 89 67 43
2.5875 -2.2612 0.99829 88 67 40
2.563 -2.2342 0.95431 91 67 33
2.6551 -2.2608 0.93274 91 68 37
2.5142 -2.2152 0.87397 90 67 36
2.6176 -2.3054 0.94096 92 68 42
2.6295 -2.3018 0.88368 91 66 43
2.6637 -2.2736 0.96293 89 66 22
2.6281 -2.2796 0.94716 91 65 40
3.5454 1.1363 0.6309 83 59 33
3.6724 1.1538 0.61231 83 58 35
3.6744 1.1745 0.72784 85 62 18
3.7536 1.135 0.73777 84 59 36
3.7391 1.1593 0.77381 82 60 37
3.6862 1.1448 0.72315 83 58 35
3.6385 1.1659 0.68456 86 61 38
3.6828 1.153 0.65061 82 61 34
3.6371 1.156 0.75303 83 61 38
3.767 1.1348 0.77611 81 60 31
3.738 1.1389 0.65845 82 61 34
3.6705 1.12 0.61054 85 58 37
3.7079 1.1237 0.68933 86 62 36
3.7656 1.1781 0.70527 85 61 35
3.8294 1.1214 0.78632 84 59 36
3.9041 1.1513 0.76227 84 60 34
3.8561 1.0899 0.82355 82 62 35
3.9663 1.1099 0.68645 84 59 36
3.7884 1.137 0.8148 82 61 34
4.018 1.1479 0.82276 83 58 35
3.8185 1.1372 0.63398 85 60 37
3.8901 1.0899 0.62991 83 61 37
4.0465 1.1304 0.74051 82 60 37
4.0511 1.1743 0.70841 84 59 36
3.8652 1.1177 0.63556 82 61 34
3.833 1.137 0.67079 82 58 32
3.8429 1.0956 0.74575 82 57 35
3.8725 1.1456 0.71775 85 60 38
3.9435 1.1336 0.72625 81 62 30
3.7766 1.0982 0.80659 85 61 35
3.8779 1.0712 0.74448 83 58 35
3.9922 1.066 0.80418 82 59 26
3.9915 1.0709 0.76347 83 62 33
4.0393 1.0964 0.69598 80 61 27
4.0348 1.0418 0.80642 80 60 33
4.0717 1.0853 0.86336 82 61 34
4.1476 1.0701 0.87199 79 58 37
3.9953 1.0986 0.85081 82 60 39
4.0163 1.1103 0.81438 81 60 33
4.1904 1.0996 0.75815 84 59 36
4.1227 1.0573 0.90791 81 59 35
4.1349 1.0882 0.70604 81 62 28
4.001 1.011 0.67966 85 60 38
4.1699 1.1318 0.76125 84 64 30
3.5241 -2.3121 0.98647 90 64 37
3.6334 -2.3861 1.0613 87 63 29
3.6235 -2.4591 1.004 90 65 35
3.475 -2.43 1.0756 86 65 34
3.3491 -2.3601 0.87785 91 65 38
3.3328 -2.3971 0.9058 92 67 37
3.4457 -2.4377 0.98009 88 64 36
3.3993 -2.4001 0.92984 88 65 32
3.5991 -2.4667 1.1198 87 61 34
3.503 -2.4104 0.88324 91 67 39
3.2669 -2.3352 1.0065 89 66 33
3.5204 -2.4367 0.96947 90 67 36
3.5668 -2.4386 1.069 87 63 37
3.3498 -2.4012 0.87294 90 67 34
3.5395 -2.4567 1.0175 88 62 35
3.5034 -2.3911 1.0105 91 62 38
3.404 -2.4177 1.0063 91 63 34
3.4935 -2.4343 1.0405 89 66 35
3.092 -2.3503 0.82366 90 67 34
3.1654 -2.356 0.81283 90 64 41
3.3005 -2.3972 1.0092 88 64 36
3.1501 -2.3418 0.99434 88 62 35
3.2596 -2.3626 0.95938 88 62 35
3.1981 -2.3463 0.86213 89 67 28
3.1973 -2.367 0.97217 88 62 39
3.2204 -2.3758 0.94322 89 64 32
3.1351 -2.3701 0.98338 89 63 36
3.0856 -2.3218 0.89862 91 65 40
3.2532 -2.4235 0.8723 91 63 36
3.1851 -2.3835 0.88844 91 66 34
3.2135 -2.3637 0.89974 89 66 35
3.0911 -2.3497 0.82335 90 67 34
3.1524 -2.3749 0.95091 89 64 34
3.3253 -2.3993 0.94079 91 66 36
3.2656 -2.3809 1.0353 86 60 33
3.217 -2.3525 0.8337 91 67 31
3.0459 -2.3247 0.84457 92 64 33
2.9667 -2.3729 0.77595 91 65 38
2.9219 -2.3033 0.76788 91 66 36
2.9131 -2.3171 0.86656 90 64 39
2.9749 -2.3555 0.85083 90 66 40
2.9912 -2.2999 0.89958 89 64 34
3.0418 -2.3427 0.95048 89 64 41
2.9001 -2.2844 0.92983 89 63 38
2.9681 -2.3277 0.92532 86 64 40
3.0728 -2.3819 0.8492 89 65 29
2.9378 -2.3489 0.94208 89 65 37
2.9966 -2.3343 0.86365 89 65 37
2.9305 -2.3161 0.80249 88 62 39
3.0148 -2.3541 0.90248 88 65 34
2.9075 -2.3197 0.89844 89 64 34
2.8636 -2.3097 0.81167 88 64 36
2.8965 -2.3274 0.78682 92 66 39
3.0433 -2.354 0.80717 89 66 32
3.0504 -2.3349 0.88219 88 65 31
2.9129 -2.3602 0.89509 88 63 33
2.7925 -2.2854 0.7543 90 66 32
2.7727 -2.297 0.87966 90 65 42
2.7728 -2.3121 0.77551 93 68 36
2.8009 -2.2985 0.79068 89 64 32
2.7689 -2.3225 0.84144 90 64 39
2.6936 -2.2794 0.72166 91 65 38
2.7372 -2.2915 0.7999 92 67 35
2.7379 -2.2638 0.83552 89 63 40
2.6798 -2.2665 0.87588 90 67 34
2.705 -2.2949 0.75681 92 64 33
2.7673 -2.2797 0.81336 91 67 41
2.8823 -2.3307 0.85341 91 66 36
2.8112 -2.335 0.75584 91 66 36
2.8015 -2.2834 0.89214 87 66 35
2.6929 -2.2701 0.84816 90 65 35
2.6299 -2.2886 0.81873 92 67 35
2.6399 -2.2565 0.7971 92 67 37
2.6037 -2.2744 0.84406 90 67 34
2.6181 -2.2873 0.69038 92 68 30
2.6509 -2.2718 0.83288 92 64 35
2.5489 -2.2505 0.76083 93 70 28
2.6543 -2.2805 0.85993 91 68 37
2.5603 -2.2534 0.73466 92 66 39
2.6741 -2.311 0.77187 91 67 39
2.6676 -2.2994 0.73952 93 68 36
2.6614 -2.3078 0.80173 89 69 35
2.5567 -2.2697 0.82355 90 68 29
2.6145 -2.2907 0.71948 95 67 38
2.6862 -2.2864 0.78065 93 69 35
2.6762 -2.2999 0.71194 90 65 35
2.58 -2.2821 0.80008 92 67 37
2.5587 -2.2712 0.82364 90 68 29
3.7296 1.13 0.42981 81 60 39
3.6658 1.1656 0.50674 83 63 28
3.7498 1.1326 0.47146 80 55 32
3.7005 1.1394 0.53904 85 59 34
3.7791 1.1724 0.51907 84 61 27
3.6768 1.1165 0.38841 80 59 32
3.9419 1.1734 0.41655 83 61 24
3.6305 1.1104 0.56529 82 57 37
3.599 1.1317 0.5627 84 62 23
3.714 1.154 0.47213 81 58 24
3.6148 1.1424 0.53338 80 59 32
3.6507 1.1361 0.42725 82 61 34
3.8036 1.1417 0.55512 82 61 30
3.8248 1.1538 0.51997 83 59 33
3.6452 1.1387 0.39138 84 59 36
3.8171 1.1415 0.59447 80 60 26
3.8484 1.1367 0.44251 83 57 34
3.9384 1.1112 0.60489 83 58 36
3.8279 1.0951 0.43642 82 61 32
3.9441 1.1182 0.56823 83 58 36
3.8108 1.1143 0.51338 85 58 37
4.0351 1.1161 0.53603 79 57 34
3.8008 1.1012 0.58644 80 58 34
4.0034 1.1113 0.4929 82 60 36
3.87 1.0737 0.43578 83 62 33
3.8249 1.1142 0.5543 81 59 38
3.9246 1.1219 0.48703 81 61 36
3.9527 1.0793 0.59828 84 61 30
3.8339 1.1271 0.48114 83 59 33
3.9665 1.0892 0.56805 85 62 29
3.8429 1.1048 0.39897 84 63 36
3.9556 1.127 0.53049 84 60 32
4.1317 1.1036 0.5845 84 61 28
4.166 1.0651 0.66718 84 59 37
4.1684 1.0876 0.50135 81 59 38
3.9584 1.0554 0.51741 83 63 26
4.0552 1.0484 0.52854 82 59 28
4.0359 1.0636 0.64883 83 60 29
3.9668 1.0474 0.59485 86 61 31
3.9768 1.0353 0.43829 84 59 37
4.1365 1.0403 0.49351 81 59 35
3.962 1.0771 0.63908 84 59 29
4.1988 1.0859 0.59114 83 58 28
4.15 1.0497 0.45473 83 57 30
4.0217 1.0854 0.44766 86 63 30
4.0105 1.0768 0.48591 82 62 35
3.6229 -2.3271 0.77087 59 40 10
3.4874 -2.3791 0.76682 97 70 37
3.5323 -2.4141 0.81032 94 71 37
3.4515 -2.3219 0.79952 92 67 35
3.6384 -2.4508 0.67496 96 71 39
3.435 -2.4428 0.81735 92 67 37
3.4147 -2.4219 0.77182 92 67 35
3.3674 -2.3835 0.72195 94 69 39
3.3087 -2.3924 0.74259 94 67 32
3.4485 -2.4784 0.73496 96 72 38
3.3652 -2.356 0.80377 92 64 35
3.5536 -2.4704 0.81061 94 65 41
3.4426 -2.3914 0.74488 97 70 35
3.536 -2.4364 0.68718 98 73 43
3.5471 -2.4813 0.88853 90 65 33
3.5765 -2.5052 0.68901 100 73 38
3.3081 -2.3775 0.66631 99 71 44
3.4062 -2.3609 0.70072 95 72 39
3.4141 -2.4068 0.69321 94 72 31
3.3805 -2.4142 0.84256 91 66 34
3.4586 -2.4702 0.65949 96 71 41
3.3684 -2.4474 0.83662 93 70 39
3.2136 -2.3608 0.67927 95 72 39
3.1148 -2.3455 0.72327 94 66 39
3.1702 -2.398 0.80632 91 66 36
3.0665 -2.3358 0.63511 96 71 41
3.2662 -2.4436 0.72254 95 70 40
3.1817 -2.4097 0.62491 97 69 38
3.3499 -2.4459 0.66944 96 70 43
3.215 -2.4081 0.71136 95 70 40
3.3113 -2.4015 0.78199 91 67 33
3.2697 -2.406 0.7275 95 71 35
3.1366 -2.3675 0.76217 90 66 40
3.2623 -2.4153 0.79904 88 65 32
3.2303 -2.4045 0.64151 94 70 34
3.2336 -2.4605 0.70684 93 68 38
3.2256 -2.4083 0.67592 93 68 36
3.4183 -2.4848 0.64548 98 72 45
3.3648 -2.4783 0.78945 93 66 33
2.967 -2.3525 0.67224 95 71 35
2.9856 -2.3428 0.75118 91 66 36
2.94 -2.3259 0.63089 95 71 35
2.9658 -2.3749 0.59996 102 75 42
3 -2.3561 0.57637 98 72 45
3.0451 -2.3413 0.7366 89 65 31
3.1999 -2.4439 0.73667 92 68 34
2.9298 -2.2822 0.63404 93 69 43
2.8884 -2.3084 0.72125 89 63 36
3.1461 -2.4304 0.64695 95 71 33
2.948 -2.302 0.6724 95 66 42
3.04 -2.3752 0.7294 92 68 34
2.8993 -2.339 0.65118 95 69 42
2.9657 -2.338 0.60325 96 70 43
3.0278 -2.339 0.58704 96 71 41
2.9269 -2.3298 0.69642 93 68 36
2.8567 -2.2876 0.54286 100 73 36
3.122 -2.4029 0.79128 90 64 41
2.8354 -2.3111 0.73034 91 69 20
2.9082 -2.3753 0.61547 98 73 41
2.8137 -2.3458 0.62112 95 72 31
2.7286 -2.2933 0.66528 92 66 39
2.7625 -2.2846 0.67842 90 67 33
2.7535 -2.3213 0.53995 97 77 42
2.6927 -2.2932 0.62059 94 67 32
2.7982 -2.3404 0.64928 95 70 40
2.7434 -2.3264 0.60142 96 69 32
2.7082 -2.2923 0.56059 95 72 31
2.8649 -2.336 0.57327 97 73 39
2.8103 -2.3144 0.65823 95 68 35
2.8411 -2.3312 0.63218 96 72 38
2.8205 -2.3378 0.55809 98 73 43
2.8798 -2.3808 0.74107 92 67 37
2.7503 -2.3167 0.70373 91 67 29
2.8209 -2.3447 0.59026 98 73 41
2.9261 -2.3658 0.69182 95 68 31
2.8258 -2.2972 0.69665 94 68 28
2.5755 -2.2671 0.58488 94 72 35
2.6503 -2.3211 0.57008 96 71 41
2.5989 -2.3051 0.67823 94 67 30
2.5534 -2.2695 0.51569 97 72 40
2.6249 -2.2671 0.56931 94 71 40
2.6302 -2.2841 0.63238 94 70 36
2.6216 -2.3172 0.65574 93 68 38
2.6035 -2.269 0.65514 90 69 38
2.6934 -2.3281 0.61723 96 68 37
2.618 -2.289 0.5357 98 71 36
2.6801 -2.2966 0.68259 95 67 30
2.5393 -2.2641 0.54158 96 72 36
2.6292 -2.317 0.62747 96 70 45
2.6334 -2.2531 0.63757 93 69 35
2.5877 -2.3102 0.58172 95 69 42
2.5712 -2.2182 0.52746 96 71 41
2.7032 -2.3163 0.52373 98 74 36
3.6518 1.1357 0.17439 81 56 33
3.6344 1.1439 0.31771 84 63 32
3.6354 1.1254 0.21079 83 58 35
3.7066 1.1365 0.32136 84 63 42
3.6755 1.121 0.35559 84 62 38
3.6724 1.0959 0.27696 82 61 34
3.6858 1.1146 0.17159 80 60 23
3.7713 1.1202 0.35918 86 61 38
3.7323 1.0875 0.24279 82 61 32
3.6279 1.1372 0.35433 83 62 35
3.691 1.0782 0.2012 84 60 32
3.648 1.1344 0.17483 81 56 33
3.7025 1.1157 0.20982 83 61 22
3.7329 1.1263 0.21212 83 61 22
3.818 1.1113 0.28496 84 61 27
3.6934 1.0984 0.31506 84 63 36
3.7104 1.1138 0.24657 84 61 28
3.6101 1.107 0.27494 83 58 26
3.6654 1.1314 0.24682 84 61 27
3.797 1.0552 0.39007 85 64 33
3.8192 1.0819 0.24125 84 60 26
3.9127 1.0568 0.3976 82 62 28
3.9552 1.0804 0.32595 83 62 33
3.9858 1.0691 0.2049 82 57 35
3.8915 1.0703 0.2427 82 62 28
3.8752 1.0853 0.36053 82 61 34
3.9049 1.0796 0.20571 85 59 32
3.7212 0.97755 0.26357 84 58 31
3.9334 1.1093 0.32952 86 62 36
3.8239 1.0885 0.20805 82 58 32
3.9499 1.0837 0.28571 86 60 35
3.8369 1.1128 0.32502 86 62 34
3.9699 1.0591 0.24238 84 58 31
4.0319 1.1097 0.29236 86 60 35
3.991 1.0863 0.36576 82 63 33
3.7334 1.0735 0.3519 83 61 38
3.7561 1.0566 0.27656 84 60 32
4.166 1.0599 0.41521 86 62 36
4.0899 1.0161 0.27942 83 60 29
4.1632 1.0264 0.3687 83 60 29
4.0521 1.0317 0.36287 85 61 35
3.9886 1.0544 0.32111 83 61 40
3.9269 1.005 0.27581 84 61 30
4.0897 1.0107 0.32 83 60 29
4.0658 1.0516 0.2429 83 58 36
4.1023 1.025 0.23959 86 60 33
4.112 1.0815 0.41485 84 59 36
4.0818 1.0458 0.32647 84 60 32
4.1621 1.1021 0.37879 84 62 38
4.0254 1.0448 0.20325 83 63 26
3.8694 0.87111 0.32634 51 26 21
4.084 0.96629 0.35655 79 57 33
3.9087 0.88689 0.2972 60 38 17
4.0592 0.88467 0.34009 55 39 22
2.6991 0.27578 0.19877 52 35 7
3.6743 -2.2915 0.66316 78 56 19
3.5735 -2.4028 0.62264 104 76 39
3.6146 -2.4481 0.49739 96 72 38
3.601 -2.4626 0.61854 100 76 42
3.6407 -2.4367 0.59122 100 76 42
3.6001 -2.4547 0.58118 99 75 39
3.5017 -2.4114 0.4362 99 72 37
3.6569 -2.4671 0.46663 96 70 43
3.5809 -2.4346 0.53456 98 74 38
3.4724 -2.4301 0.62982 99 75 41
3.4687 -2.4318 0.42634 96 71 41
3.4226 -2.4579 0.49178 96 72 38
3.4189 -2.4479 0.45096 97 71 31
3.4517 -2.4431 0.5387 99 75 41
3.3907 -2.3959 0.49347 97 73 35
3.3397 -2.4172 0.55546 99 74 44
3.4484 -2.4261 0.46129 97 73 37
3.3629 -2.3921 0.56142 98 73 41
3.488 -2.4326 0.59075 101 75 35
3.5196 -2.446 0.56243 100 73 38
3.3572 -2.3956 0.59942 99 72 37
3.5771 -2.4749 0.52744 99 71 40
3.4333 -2.45 0.41431 97 72 40
3.3715 -2.4311 0.52042 100 73 40
3.488 -2.4101 0.47309 98 74 36
3.546 -2.4473 0.48081 98 74 36
3.2978 -2.4437 0.61758 98 74 40
3.1936 -2.4039 0.55465 97 71 44
3.1869 -2.3921 0.51622 97 72 40
3.0806 -2.3627 0.52728 96 73 39
3.0773 -2.3398 0.42302 100 72 41
3.3593 -2.4376 0.59466 101 73 44
3.2761 -2.3998 0.46313 96 72 34
3.244 -2.3994 0.56872 99 71 40
3.3121 -2.4643 0.46123 96 68 41
3.3237 -2.4468 0.54723 98 71 34
3.2494 -2.4284 0.4917 96 71 39
3.1114 -2.3535 0.57411 100 74 33
3.3194 -2.4365 0.5075 97 71 30
3.2284 -2.3994 0.41226 99 73 32
3.2689 -2.3877 0.4247 95 70 24
3.3052 -2.4268 0.50502 97 71 30
3.1591 -2.4114 0.50578 99 73 48
3.0828 -2.3368 0.38865 97 73 39
3.1186 -2.3757 0.46311 99 72 35
3.0275 -2.4164 0.39813 97 72 42
3.072 -2.3636 0.5615 97 72 40
2.9654 -2.3543 0.49848 100 75 43
2.9867 -2.3562 0.43239 100 73 38
3.0513 -2.3659 0.44908 97 73 39
3.0235 -2.3662 0.54611 98 74 38
2.9249 -2.3675 0.51692 101 77 41
2.9732 -2.3397 0.39719 98 71 34
2.8891 -2.334 0.47798 100 79 34
2.964 -2.3762 0.42234 99 75 41
3.1505 -2.4226 0.39037 96 74 37
3.1082 -2.3995 0.42107 100 74 34
3.1014 -2.4156 0.52657 101 76 44
2.9317 -2.359 0.45129 95 70 38
2.9802 -2.3214 0.46828 100 73 40
3.02 -2.3875 0.47388 97 73 35
2.9431 -2.3447 0.52809 101 73 44
2.7894 -2.3513 0.3803 96 71 41
2.9046 -2.3683 0.40864 99 71 40
2.8073 -2.3431 0.45238 100 71 37
2.732 -2.3132 0.40597 98 74 40
2.7706 -2.3085 0.41713 100 75 31
2.781 -2.301 0.51637 102 74 47
2.6406 -2.2544 0.45237 99 71 40
2.8799 -2.3789 0.36678 98 71 34
2.8135 -2.3348 0.39097 96 72 36
2.7963 -2.3479 0.51449 101 76 44
2.7889 -2.3355 0.48065 100 75 45
2.932 -2.3796 0.55361 101 77 41
2.8617 -2.3428 0.43737 99 74 42
2.8166 -2.3503 0.45393 100 71 37
2.8872 -2.3486 0.37512 97 72 42
2.915 -2.3965 0.51073 100 75 45
2.746 -2.3306 0.43811 96 71 41
2.8304 -2.3255 0.46202 101 74 41
2.7404 -2.298 0.47245 101 77 43
2.6116 -2.2773 0.5023 99 75 41
2.6175 -2.3027 0.43755 101 71 43
2.6553 -2.3269 0.41271 99 73 33
2.6829 -2.2939 0.48956 100 76 42
2.6948 -2.3246 0.4253 98 74 38
2.6541 -2.3453 0.50555 98 74 38
2.5871 -2.2986 0.36799 93 71 34
2.5947 -2.2985 0.33759 100 74 33
2.6921 -2.3159 0.39161 99 72 39
2.6583 -2.323 0.38307 94 70 34
2.6641 -2.3129 0.48204 100 76 42
2.5728 -2.2994 0.42331 99 72 35
2.6492 -2.3092 0.35057 98 70 43
2.5884 -2.2853 0.46118 100 73 36
2.7231 -2.3342 0.36817 98 74 36
2.6345 -2.3439 0.4064 97 72 42
2.6863 -2.3242 0.45454 102 77 45
3.7181 1.1306 0.13941 84 60 26
3.6802 1.0981 0.02397 85 61 33
3.7568 1.0761 0.12964 82 61 34
3.7949 1.0935 0.093029 83 59 33
3.7193 1.0972 0.13061 82 60 36
3.7109 1.1039 0.06065 85 61 35
3.7543 1.1044 0.17041 83 61 22
3.797 1.1087 -0.013775 82 60 36
3.7104 1.1131 -0.012514 85 59 44
3.6248 1.1118 0.030967 82 60 37
3.7621 1.0874 0.059608 85 63 42
3.7692 1.0946 0.022127 82 63 33
3.7102 1.0989 0.096463 83 59 33
3.592 1.0911 0.098509 81 60 33
3.6513 1.1165 0.065259 84 61 43
3.8029 1.0763 -0.02242 82 61 34
3.8433 1.0846 0.016601 85 59 36
3.8413 1.0642 0.16483 83 59 31
3.8333 1.0367 0.087236 84 60 32
3.8954 1.0613 0.048902 82 61 34
3.9063 1.0901 0.13032 83 62 31
3.9567 1.0653 0.16701 81 60 29
3.9182 1.0378 0.002826 84 62 39
3.8827 1.0623 0.011388 83 61 37
4.0012 1.0531 0.08536 82 60 36
4.0646 1.0777 0.04705 86 63 32
3.9111 1.0967 0.09498 85 59 36
3.9066 1.0547 0.12537 83 60 27
3.8295 1.0503 -0.02657 85 61 35
3.848 1.1013 0.17122 83 59 31
3.988 1.1266 0.057469 84 62 38
4.1517 1.0504 0.16371 85 60 38
4.1817 1.0537 0.20666 84 59 36
4.0673 0.97258 -0.010667 86 62 34
3.974 1.0189 0.0015816 84 63 34
4.0491 1.0256 0.12147 84 59 36
4.1961 1.0195 0.20025 83 57 30
4.1848 1.0382 0.039574 86 62 34
4.1343 1.0291 -0.0024546 86 61 39
4.1923 1.024 0.15957 85 62 21
4.1301 0.98475 0.028667 85 61 33
4.115 1.0771 0.16785 81 61 27
4.0904 1.075 0.12713 82 59 28
4.0619 1.0346 0.079992 82 60 36
4.1958 0.96463 0.022506 82 60 37
4.2123 1.0022 0.073796 87 62 39
3.6246 -2.4743 0.37011 100 76 38
3.5551 -2.4379 0.40458 97 73 37
3.5577 -2.4514 0.23382 97 74 41
3.6073 -2.4557 0.33074 104 77 42
3.5988 -2.4348 0.24613 102 75 42
3.5988 -2.4697 0.20102 97 73 39
3.652 -2.476 0.29062 104 77 44
3.6657 -2.4334 0.25798 103 76 41
3.5149 -2.4887 0.34566 98 71 36
3.4376 -2.4046 0.38722 99 71 31
3.5848 -2.4919 0.36273 100 75 43
3.4322 -2.412 0.22379 99 71 42
3.5024 -2.4311 0.31383 99 75 41
3.3287 -2.4135 0.3577 97 70 35
3.4683 -2.4656 0.38012 99 71 42
3.4936 -2.4595 0.26636 99 75 39
3.3631 -2.4293 0.32527 99 72 39
3.4154 -2.4568 0.28957 101 74 37
3.5081 -2.4766 0.30556 100 73 38
3.3095 -2.3789 0.24447 101 74 41
3.5184 -2.5102 0.2215 97 73 39
3.3185 -2.4141 0.38962 97 69 38
3.368 -2.4509 0.20696 97 72 40
3.4986 -2.4212 0.27541 100 76 42
3.1845 -2.3938 0.33077 99 74 44
3.137 -2.3849 0.24914 100 73 40
3.1951 -2.4186 0.21614 98 73 41
3.3616 -2.4614 0.27813 99 71 42
3.2111 -2.4052 0.29775 99 72 37
3.3226 -2.4276 0.23773 101 73 42
3.1695 -2.4219 0.32117 100 72 41
3.1492 -2.4146 0.3545 98 71 34
3.2918 -2.4285 0.34755 97 73 35
3.3026 -2.4432 0.38655 100 74 34
3.3538 -2.4817 0.19682 97 73 37
3.1995 -2.4116 0.37036 100 73 40
3.3518 -2.4621 0.31539 97 73 39
3.252 -2.4262 0.26407 98 74 40
3.0655 -2.365 0.20029 99 72 39
3.2668 -2.4616 0.18782 95 70 40
3.1867 -2.374 0.22011 97 71 44
3.1574 -2.4063 0.2859 99 73 33
2.7955 -2.2474 0.20182 98 74 40
2.961 -2.363 0.18015 95 69 42
3.0669 -2.4007 0.37434 101 73 46
3.0579 -2.3873 0.33654 98 72 32
3.0682 -2.4045 0.19563 98 70 41
3.0083 -2.3953 0.3604 96 72 34
2.9584 -2.3748 0.24919 96 74 37
3.1354 -2.422 0.24176 98 73 41
3.0531 -2.37 0.26949 96 70 45
3.0766 -2.3938 0.30424 99 70 46
2.9614 -2.3539 0.32172 96 71 41
3.0304 -2.3909 0.25866 97 71 46
2.8418 -2.3079 0.33556 96 70 45
3.0893 -2.4268 0.23171 96 71 39
2.9517 -2.3833 0.31491 97 70 37
2.9255 -2.3571 0.27992 98 71 38
2.9926 -2.3701 0.2885 96 73 42
3.1416 -2.4649 0.2355 96 71 39
2.9209 -2.3763 0.20731 97 71 44
2.9801 -2.414 0.17791 96 71 39
2.769 -2.3572 0.31043 99 74 42
2.8172 -2.3531 0.28925 97 72 42
2.7676 -2.3496 0.27816 97 72 42
2.7833 -2.3554 0.24527 98 73 43
2.7945 -2.329 0.25192 99 71 44
2.7517 -2.309 0.31223 99 73 32
2.9085 -2.3737 0.23888 96 73 39
2.7385 -2.3418 0.1755 97 71 46
2.7805 -2.3378 0.34764 95 71 35
2.794 -2.3505 0.18669 98 72 49
2.8826 -2.3743 0.33481 97 70 35
2.8977 -2.3723 0.26977 96 72 38
2.878 -2.364 0.30046 98 74 38
2.8087 -2.3334 0.22362 98 74 40
2.8892 -2.3884 0.19722 96 74 37
2.8324 -2.3871 0.21907 98 72 49
2.6558 -2.3082 0.32215 98 71 38
2.6764 -2.3266 0.16667 98 71 38
2.5997 -2.3232 0.27419 100 73 36
2.6228 -2.3232 0.18703 97 74 41
2.6551 -2.3286 0.25539 99 74 44
2.6617 -2.3065 0.29193 100 73 40
2.6868 -2.3202 0.26488 98 73 43
2.6748 -2.3381 0.22647 99 74 44
2.6704 -2.3539 0.31856 97 69 38
2.6717 -2.3292 0.19415 99 74 42
2.7407 -2.35 0.20692 97 72 40
2.6113 -2.3265 0.24641 98 74 38
2.561 -2.2789 0.21137 99 73 46
2.8 -2.3883 0.3447 98 73 41
2.6951 -2.3203 0.23229 101 74 41
2.6514 -2.332 0.2854 99 69 41
3.6854 1.1139 -0.081047 84 59 36
3.6618 1.0773 -0.12111 79 57 34
3.7511 1.0981 -0.052702 82 62 27
3.7583 1.0809 -0.1682 82 57 34
3.668 1.0746 -0.090341 80 59 32
3.6495 1.0968 -0.045428 84 60 34
3.677 1.0633 -0.23369 81 60 29
3.8576 1.0838 -0.21549 81 58 27
3.712 1.0991 -0.15831 80 58 35
3.6171 1.0948 -0.11619 81 56 34
3.5284 1.0454 -0.21955 80 57 26
3.734 1.0776 -0.19999 85 57 30
3.6521 1.0833 -0.19088 81 55 28
3.7625 1.0774 -0.1259 80 57 23
3.7911 1.0773 -0.058856 83 58 36
3.7163 1.0574 -0.09612 81 59 35
3.6697 1.0277 -0.2391 80 55 35
3.8396 1.0384 -0.18148 81 56 26
3.869 1.0427 -0.14529 82 57 34
3.9642 1.0364 -0.15459 81 59 22
3.9498 1.0936 -0.063845 84 60 26
3.8272 1.0593 -0.10252 83 58 35
4.0418 1.123 -0.064303 84 60 26
3.8395 1.0432 -0.22081 83 60 29
3.9952 1.0407 -0.11477 83 58 35
3.9719 1.0595 -0.030711 84 60 34
3.8671 1.0169 -0.22586 83 60 27
3.9266 1.0556 -0.10888 81 55 38
4.0225 1.0803 -0.070539 82 60 37
3.7919 1.0528 -0.13994 80 58 35
3.9335 1.0322 -0.18912 82 57 35
4.0697 1.0367 -0.19993 81 56 24
4.1329 0.99635 -0.050684 85 62 28
4.1147 0.97457 -0.22348 81 57 31
4.1855 1.0274 -0.17356 82 62 35
4.1813 0.98263 -0.13736 82 60 23
4.0448 1.0137 -0.083435 82 61 30
3.9599 0.97316 -0.23862 83 59 25
4.156 1.0136 -0.12957 81 59 35
4.0782 1.018 -0.047039 86 64 23
4.1145 1.0125 -0.20861 80 59 32
4.0454 1.0455 -0.036542 82 60 36
3.9918 1.0187 -0.23436 81 60 33
4.1872 0.98971 -0.17917 83 61 37
4.2033 1.0216 -0.090845 83 63 36
4.0475 1.0249 -0.16044 81 60 31
4.1089 1.0377 -0.1219 83 58 36
3.6015 -2.4637 0.16186 97 72 40
3.6573 -2.5186 0.035046 95 67 36
3.6108 -2.4304 -0.039294 94 65 33
3.6581 -2.4917 0.1249 96 68 37
3.5845 -2.4643 -0.0098448 94 68 27
3.6459 -2.4761 0.083149 95 70 38
3.4421 -2.4628 0.019304 92 67 37
3.4979 -2.4471 0.18776 100 73 38
3.5492 -2.4838 -0.01416 89 67 30
3.3794 -2.4437 0.12832 96 69 34
3.3733 -2.4504 -0.022355 88 64 30
3.5444 -2.4807 -0.014064 89 67 30
3.6062 -2.4938 0.072757 93 68 38
3.3477 -2.4477 0.0462 94 67 32
3.3474 -2.4403 0.0056316 89 65 29
3.3827 -2.4128 0.17536 97 73 39
3.4316 -2.4711 0.093964 94 69 37
3.4777 -2.4603 0.10324 96 69 34
3.412 -2.4505 0.053175 95 67 30
3.3468 -2.4292 0.16395 95 71 37
3.532 -2.4803 0.025543 94 66 37
3.5223 -2.5083 -0.018914 90 63 26
3.3873 -2.4084 0.13615 95 72 38
3.5179 -2.4448 0.10817 96 72 38
3.5702 -2.4862 0.15309 102 74 45
3.5083 -2.4726 0.06532 94 67 30
3.4216 -2.5469 0.078321 92 67 37
3.171 -2.4332 0.1749 94 70 32
3.294 -2.4333 0.15634 98 71 38
3.1647 -2.4215 0.138 95 67 38
3.246 -2.4181 0.034499 92 68 34
3.0895 -2.3612 0.097535 93 70 37
3.1631 -2.4375 0.028112 91 67 33
3.217 -2.4123 0.10772 94 70 36
3.1974 -2.4547 -0.011305 87 61 34
3.1964 -2.4223 0.029927 92 66 39
3.21 -2.4247 -0.0073644 89 66 33
3.1279 -2.3812 0.064068 94 67 30
3.2889 -2.4152 0.083704 94 69 37
3.2118 -2.4649 -0.011495 87 61 34
3.2121 -2.4161 0.14441 95 70 40
3.2514 -2.3969 0.11645 95 72 30
2.9072 -2.3684 0.034893 91 67 31
2.956 -2.3985 -0.00051291 92 65 28
2.9169 -2.3599 0.14033 95 68 33
2.9499 -2.3777 0.10779 92 67 37
3.1274 -2.4264 0.098583 94 69 39
3.1706 -2.45 0.058074 91 67 39
2.9992 -2.3938 0.0076306 93 66 29
2.9665 -2.3833 0.074889 94 66 35
2.9831 -2.3589 0.080818 92 68 40
3.0708 -2.416 0.050245 90 65 33
3.0624 -2.3933 0.1588 95 71 37
3.0826 -2.4105 -0.016434 92 65 28
2.9858 -2.3677 0.11394 96 72 36
3.0609 -2.4465 0.043099 91 67 39
3.0362 -2.4117 0.15065 95 67 36
3.0935 -2.4087 0.12662 93 69 35
3.0735 -2.4109 0.016117 92 65 30
2.8811 -2.3912 0.061414 93 68 38
2.8102 -2.3852 0.11606 93 69 33
2.7396 -2.3447 0.013004 90 66 32
2.8213 -2.33 0.1622 96 71 39
2.9182 -2.397 0.13362 93 68 36
2.8835 -2.3863 0.028948 90 66 28
2.8957 -2.3664 0.067351 92 67 37
2.717 -2.3183 0.14342 95 71 35
2.8423 -2.3681 0.092723 92 68 40
2.8728 -2.3714 -0.0044721 90 68 31
2.8093 -2.3558 0.15292 96 71 41
2.8239 -2.3692 -0.0090633 91 67 33
2.7886 -2.3485 0.02299 90 66 28
2.8081 -2.3483 0.12252 95 70 47
2.7886 -2.3616 0.086754 94 70 36
2.8255 -2.3838 0.054157 93 67 40
2.8794 -2.3608 0.098604 94 68 41
2.6281 -2.3212 0.15766 99 72 29
2.6794 -2.3649 0.0020776 91 67 33
2.6065 -2.3306 0.12067 95 70 38
2.6596 -2.3277 0.067594 92 69 38
2.5839 -2.3057 0.090771 92 66 43
2.655 -2.3514 0.032851 96 69 36
2.5908 -2.332 0.027074 94 67 34
2.6219 -2.3306 0.061344 92 69 35
2.733 -2.3655 0.1384 94 69 39
2.6307 -2.317 0.12766 97 73 39
2.6385 -2.3043 0.036479 91 68 37
2.6802 -2.3168 0.10549 94 68 41
2.584 -2.3183 0.14897 96 72 44
2.6661 -2.3202 0.00675 92 69 27
2.7192 -2.3415 0.075168 92 66 26
2.681 -2.3515 0.098708 94 69 37
2.6025 -2.3354 -0.0033805 92 67 35
2.8388 -2.43 0.047388 93 69 35
3.614 1.084 -0.29241 79 58 31
3.6326 1.0764 -0.44028 78 57 36
3.6489 1.0725 -0.37135 77 59 35
3.7761 1.0524 -0.43226 79 59 35
3.7532 1.0693 -0.35282 82 57 37
3.5822 1.0684 -0.25554 80 55 32
3.6792 1.0686 -0.26616 82 58 30
3.6461 1.0434 -0.41173 79 60 30
3.7714 1.0705 -0.31782 80 57 26
3.7298 1.0661 -0.38149 79 58 41
3.8986 1.0869 -0.40753 77 58 28
3.8856 1.0777 -0.37044 80 58 37
3.6641 1.0872 -0.44388 78 57 36
3.6924 1.0825 -0.33802 83 59 33
3.7614 1.0672 -0.31763 80 57 26
3.7675 1.0644 -0.2811 81 55 30
3.6561 1.0797 -0.40744 80 58 37
3.6225 1.0543 -0.30014 82 58 30
3.8229 1.0479 -0.291 79 57 34
3.7484 1.0047 -0.40023 79 56 38
3.8149 1.0059 -0.25846 76 53 22
3.8929 1.0298 -0.26345 76 53 22
3.9507 0.99611 -0.43014 77 55 34
3.9958 1.0355 -0.35175 79 57 34
3.8745 1.0292 -0.29937 79 55 27
3.8985 1.0213 -0.45824 78 56 35
3.869 1.0324 -0.33739 81 56 33
3.8864 1.0126 -0.41892 80 58 37
3.9453 1.0151 -0.30878 82 59 25
3.8246 1.0435 -0.25554 79 55 27
3.7944 1.0239 -0.4393 77 57 32
4.0246 1.0338 -0.27733 80 55 23
3.8094 1.0485 -0.32796 77 57 33
4.026 1.0497 -0.39302 80 58 34
3.8982 1.0465 -0.37805 79 59 32
4.0878 0.95142 -0.38309 83 58 35
3.9986 0.99479 -0.32098 78 56 32
4.1088 0.95187 -0.34289 82 58 32
4.1621 1.0151 -0.41921 77 59 35
4.0998 1.0189 -0.28843 81 58 25
4.0876 0.99929 -0.4523 79 57 36
3.9415 0.98808 -0.38868 82 57 35
4.2271 1.0172 -0.30264 82 56 31
4.1175 0.98113 -0.25585 82 57 37
3.98 0.99446 -0.35643 81 56 33
4.0859 0.98823 -0.37354 83 58 36
4.0947 0.98536 -0.33268 81 59 36
4.1372 0.97033 -0.42477 78 57 36
4.1004 0.96555 -0.46137 82 58 30
3.6149 -2.4756 -0.047256 91 67 31
3.663 -2.5093 -0.25739 85 64 35
3.5124 -2.4366 -0.13157 86 60 33
3.686 -2.4969 -0.17299 88 64 30
3.5119 -2.4518 -0.053445 89 66 32
3.586 -2.5027 -0.25948 87 64 33
3.2868 -2.3624 -0.17445 88 62 37
3.4818 -2.5078 -0.10803 88 63 31
3.5003 -2.4966 -0.22116 87 63 35
3.5426 -2.4982 -0.13894 88 63 31
3.6174 -2.5122 -0.093244 88 63 33
3.2416 -2.3858 -0.10819 87 64 23
3.4263 -2.4295 -0.097908 87 64 23
3.4144 -2.496 -0.151 88 65 24
3.3462 -2.4019 -0.17723 88 62 37
3.4478 -2.4927 -0.068216 87 63 29
3.5053 -2.4659 -0.17686 89 65 31
3.5618 -2.4949 -0.21844 88 62 37
3.4037 -2.4222 -0.059221 89 64 34
3.4139 -2.4879 -0.18805 87 64 31
3.3771 -2.4555 -0.22476 87 63 37
3.3612 -2.4194 -0.13909 88 64 28
3.4605 -2.5012 -0.067778 87 63 29
3.3312 -2.4869 -0.11421 90 65 35
3.1381 -2.4052 -0.045992 89 66 33
3.2127 -2.4681 -0.19693 89 63 36
3.2677 -2.4677 -0.19456 89 63 40
3.1501 -2.4378 -0.12205 88 66 25
3.1209 -2.4097 -0.15774 89 66 33
3.374 -2.4835 -0.07237 89 62 27
3.2316 -2.435 -0.22823 83 62 31
3.3153 -2.4508 -0.034706 91 66 36
3.2286 -2.4085 -0.15016 89 63 36
3.1587 -2.4056 -0.11828 89 65 31
3.2965 -2.4703 -0.077717 87 65 28
3.2219 -2.4575 -0.081815 87 63 35
3.2243 -2.4693 -0.23674 88 65 34
3.265 -2.4732 -0.15753 88 64 38
3.2282 -2.4301 -0.041098 91 67 31
3.3825 -2.5074 -0.19355 88 65 34
3.4311 -2.5331 -0.2339 86 63 32
3.046 -2.4074 -0.094076 88 65 34
3.076 -2.4222 -0.12724 87 64 33
2.9184 -2.379 -0.13573 90 66 32
3.0602 -2.4791 -0.17539 87 63 35
3.0316 -2.3666 -0.05395 89 63 38
3.0128 -2.3992 -0.2011 87 64 33
2.9506 -2.3805 -0.0636 89 63 38
3.0381 -2.4156 -0.027018 89 67 26
2.969 -2.4012 -0.031899 89 64 32
3.1234 -2.4258 -0.089435 87 64 31
2.9832 -2.4142 -0.20543 90 64 41
3.1163 -2.4445 -0.16418 89 65 37
2.9967 -2.3781 -0.059352 87 63 29
3.0868 -2.416 -0.19893 87 63 35
3.1128 -2.4563 -0.094833 88 65 34
2.9892 -2.3887 -0.16652 86 65 38
2.981 -2.3895 -0.13185 88 64 38
2.9651 -2.3845 -0.096819 90 63 26
2.7129 -2.3175 -0.021612 88 65 31
2.8989 -2.3846 -0.037185 86 65 38
2.8043 -2.376 -0.080378 89 64 34
2.7955 -2.3909 -0.14698 89 65 37
2.8629 -2.4152 -0.11343 89 65 29
2.8678 -2.4055 -0.17762 88 62 39
2.8135 -2.3546 -0.042524 88 63 33
2.885 -2.3828 -0.17164 85 64 37
2.9258 -2.3982 -0.069793 89 66 35
2.8734 -2.3875 -0.10702 89 63 38
2.7561 -2.3448 -0.049258 92 65 32
2.7578 -2.3676 -0.11587 90 67 36
2.9682 -2.4236 -0.1046 88 64 28
2.8048 -2.3918 -0.18149 90 67 34
2.9576 -2.4453 -0.14244 91 65 38
2.8703 -2.365 -0.20492 87 66 35
2.7737 -2.3389 -0.14142 91 65 38
2.7923 -2.3317 -0.073859 87 62 30
2.6949 -2.337 -0.022847 93 66 33
2.5901 -2.3332 -0.12662 88 67 38
2.7046 -2.3383 -0.05324 89 61 30
2.6716 -2.333 -0.11982 89 69 35
2.6534 -2.3373 -0.028366 88 63 40
2.7045 -2.3531 -0.15072 89 65 37
2.6139 -2.3259 -0.09266 90 67 36
2.5886 -2.3113 -0.062104 90 66 28
2.7175 -2.342 -0.083455 88 65 32
2.6178 -2.35 -0.15739 87 66 35
2.7431 -2.3776 -0.18352 86 65 36
2.694 -2.3639 -0.057954 88 65 32
2.6408 -2.3417 -0.12316 90 66 38
2.6633 -2.3537 -0.15476 89 66 32
2.578 -2.3088 -0.033226 90 67 36
2.7444 -2.3983 -0.090542 90 66 30
2.6406 -2.3625 -0.18897 90 67 36
2.6667 -2.3501 -0.18464 89 65 37
3.7365 1.054 -0.5343 77 57 32
3.7468 1.0235 -0.54342 80 55 33
3.7574 1.0317 -0.58279 80 58 34
3.7441 1.0178 -0.50757 81 56 36
3.757 1.0656 -0.57334 74 54 29
3.6216 1.0584 -0.57987 77 57 33
3.6964 1.0219 -0.64226 76 57 25
3.7009 1.0711 -0.48901 76 54 30
3.7484 1.0676 -0.60703 78 56 35
3.7879 1.066 -0.50633 77 52 30
3.5985 1.0414 -0.50958 79 57 34
3.7705 1.0554 -0.46708 79 57 33
3.7088 1.021 -0.60771 77 56 35
3.6243 1.0408 -0.4463 78 57 36
3.6128 1.051 -0.54694 79 57 36
3.6606 1.0435 -0.62934 78 57 36
3.928 1.0098 -0.58037 77 56 27
3.9685 1.0683 -0.65596 79 56 38
4.1324 1.055 -0.49093 76 55 34
3.8862 1.0225 -0.49249 77 57 32
3.8827 0.98619 -0.49911 77 58 28
3.9081 1.0088 -0.61265 77 52 32
3.7689 0.99641 -0.55264 75 54 35
3.9619 1.0149 -0.54665 79 56 22
4.0426 1.0179 -0.68111 78 55 37
4 1.0001 -0.63234 75 54 33
4.0139 1.0459 -0.66613 74 53 32
3.7953 1.0095 -0.59232 78 55 37
3.9586 0.98287 -0.58873 79 54 31
3.8508 1.0167 -0.52852 76 54 30
3.7047 1.0005 -0.4647 76 56 29
3.8765 1.0447 -0.6777 77 55 34
3.9999 0.98459 -0.51913 79 53 30
3.9812 0.95848 -0.63919 75 52 34
3.8712 0.91732 -0.54896 77 56 35
4.1599 0.98721 -0.50351 78 58 34
4.1674 1.0057 -0.62749 77 54 36
3.9092 0.92277 -0.51447 78 53 30
4.1567 0.96473 -0.63278 77 55 31
4.2001 0.9433 -0.68241 76 54 31
4.1193 0.96532 -0.70785 76 56 32
3.916 0.96536 -0.54487 74 53 22
4.1396 0.96543 -0.66907 78 53 30
4.1902 0.96294 -0.55701 76 52 24
4.1105 1.0112 -0.49428 78 57 28
4.1015 0.99771 -0.69382 77 58 26
3.9731 0.90956 -0.56927 76 54 31
4.007 0.88192 -0.57783 77 55 31
4.1691 0.92985 -0.63983 76 55 36
4.2025 0.92778 -0.56612 75 54 23
3.6158 -2.4712 -0.29142 82 61 34
3.5913 -2.4822 -0.37566 84 61 30
3.6688 -2.4967 -0.33804 85 61 35
3.6879 -2.536 -0.4278 85 60 16
3.6482 -2.5026 -0.46426 85 61 35
3.5714 -2.4781 -0.34321 87 62 32
3.6955 -2.4783 -0.2935 87 62 30
3.5513 -2.5067 -0.34271 85 59 34
3.5004 -2.481 -0.29983 85 61 35
3.3442 -2.4583 -0.30303 85 61 25
3.3938 -2.4846 -0.34491 85 61 25
3.48 -2.5094 -0.30713 86 63 30
3.434 -2.4964 -0.4239 86 62 36
3.5028 -2.4907 -0.26376 85 65 31
3.5258 -2.5161 -0.42152 85 62 28
3.4271 -2.4659 -0.33735 86 62 26
3.6537 -2.5928 -0.47943 84 62 25
3.4405 -2.5088 -0.38856 86 63 32
3.5743 -2.5137 -0.38426 89 61 32
3.4021 -2.4646 -0.26256 85 63 40
3.5774 -2.5077 -0.42252 84 58 33
3.5929 -2.5098 -0.46402 86 62 34
3.3947 -2.4621 -0.45565 83 62 33
3.4508 -2.474 -0.3786 84 60 32
3.2373 -2.4634 -0.30639 85 59 34
3.281 -2.4719 -0.41942 86 63 30
3.3297 -2.4558 -0.26373 86 62 36
3.1376 -2.4313 -0.30611 89 61 32
3.1887 -2.4461 -0.41662 87 61 38
3.263 -2.4495 -0.26589 84 62 38
3.2927 -2.4553 -0.34093 84 62 25
3.4286 -2.5573 -0.31681 86 62 24
3.1981 -2.4285 -0.33854 85 61 35
3.4612 -2.5486 -0.47322 84 61 28
3.2869 -2.4835 -0.38276 84 60 34
3.2658 -2.4293 -0.37576 83 58 26
3.4136 -2.5235 -0.42716 86 62 36
3.1461 -2.4228 -0.37346 88 62 39
3.193 -2.4396 -0.26951 86 62 34
3.1603 -2.4405 -0.34374 89 62 29
3.0342 -2.3708 -0.22919 86 62 34
3.0389 -2.4419 -0.27695 87 61 34
3.1773 -2.4671 -0.27312 85 63 26
2.9645 -2.4022 -0.37508 87 63 37
3.0135 -2.4163 -0.31054 87 63 35
3.0961 -2.4321 -0.3424 86 60 37
2.8745 -2.348 -0.30011 87 64 31
2.913 -2.384 -0.27282 85 63 26
3.0662 -2.4315 -0.23759 87 63 37
3.0074 -2.3814 -0.26809 85 62 28
3.0112 -2.4075 -0.34338 84 63 36
3.1642 -2.489 -0.31435 84 61 30
2.9309 -2.384 -0.34034 87 62 30
2.9423 -2.3767 -0.23607 86 62 36
3.0453 -2.4189 -0.41529 86 61 38
3.1002 -2.428 -0.37775 82 62 35
3.1406 -2.4501 -0.41691 85 64 37
3.0091 -2.3989 -0.37614 87 63 37
2.8032 -2.3772 -0.24405 87 63 35
2.9557 -2.4232 -0.24213 86 62 36
2.8127 -2.378 -0.27513 88 64 38
2.8418 -2.3719 -0.23995 89 60 36
2.8944 -2.4058 -0.27707 87 63 37
2.9397 -2.427 -0.34652 86 65 36
2.8587 -2.3717 -0.30623 84 63 34
2.8174 -2.4038 -0.34485 88 64 38
2.8403 -2.3774 -0.20805 88 62 35
2.8718 -2.4041 -0.37761 84 62 38
2.7748 -2.3636 -0.37115 86 62 34
2.8695 -2.436 -0.21646 87 64 33
2.7692 -2.3725 -0.31147 89 66 33
2.6737 -2.3092 -0.24013 87 64 30
2.8109 -2.37 -0.3074 86 63 30
2.8465 -2.3911 -0.34238 84 63 36
2.7395 -2.3553 -0.27644 88 64 30
2.9115 -2.3985 -0.37503 86 62 36
2.6929 -2.365 -0.21611 89 65 31
2.6954 -2.3605 -0.24643 87 61 38
2.6927 -2.3307 -0.21133 87 63 35
2.7132 -2.3558 -0.34099 87 65 41
2.6729 -2.3701 -0.28222 87 62 32
2.6339 -2.3655 -0.31366 88 67 40
2.602 -2.3328 -0.34062 85 63 40
2.6661 -2.3582 -0.31186 85 64 37
2.6885 -2.3422 -0.30752 88 64 38
2.6421 -2.3723 -0.31441 88 67 40
2.7094 -2.3871 -0.34664 90 65 43
2.7371 -2.3685 -0.37461 88 64 38
2.5932 -2.3379 -0.28076 87 64 31
2.6301 -2.3413 -0.24832 87 63 37
2.6018 -2.3326 -0.33981 85 63 40
2.6724 -2.3358 -0.27743 87 62 30
2.626 -2.3442 -0.2183 87 64 33
3.5741 1.0195 -0.64823 79 59 34
3.8156 1.0306 -0.70295 76 55 34
3.8066 1.0327 -0.73555 74 51 35
3.8408 1.0486 -0.77977 78 56 32
3.8258 1.0186 -0.85104 79 54 34
3.6949 1.036 -0.7472 82 55 38
3.7281 1.0418 -0.7164 79 57 34
3.637 1.0452 -0.69435 81 55 38
3.7804 1.0394 -0.83856 71 52 35
3.6406 1.0326 -0.83744 71 50 29
3.6944 1.0452 -0.81275 77 53 25
3.6468 1.0104 -0.66416 79 56 38
3.7466 1.0237 -0.79711 74 52 28
3.7024 1.0719 -0.74159 77 55 31
3.645 1.0245 -0.77292 74 52 29
3.8595 1.0094 -0.71738 75 54 35
3.9554 1.0077 -0.77657 76 55 28
3.8824 1.0215 -0.75962 79 54 31
3.9873 0.97565 -0.75154 76 54 33
3.9281 1.0048 -0.8093 75 51 25
3.8984 1.0012 -0.84266 74 54 17
4.0047 0.99092 -0.82863 72 53 37
3.8287 1.0298 -0.6715 77 55 34
3.8536 1.0026 -0.68005 77 54 36
3.8505 0.99199 -0.86949 75 53 30
4.0007 0.98489 -0.79855 73 52 33
3.9577 1.0033 -0.73976 76 52 40
3.9783 1.0038 -0.70217 76 53 35
3.8282 1.015 -0.82374 75 50 28
3.8427 1.0143 -0.78645 76 55 36
3.964 0.99011 -0.90149 74 53 26
3.8638 0.95567 -0.84191 75 51 25
4.1178 0.94882 -0.86892 74 55 13
3.998 0.95809 -0.87515 75 52 18
4.2123 0.99635 -0.7605 79 58 37
4.0935 0.97972 -0.85855 74 51 35
4.0522 0.98907 -0.72565 73 55 33
4.1293 0.97833 -0.78104 78 55 39
4.0763 0.94294 -0.89924 74 52 28
4.1065 0.97789 -0.8207 75 51 37
3.657 -2.5108 -0.6737 81 60 31
3.6402 -2.5245 -0.55255 85 61 35
3.6648 -2.5484 -0.51376 82 61 34
3.6553 -2.491 -0.54707 84 64 30
3.6147 -2.4755 -0.70164 82 58 30
3.6187 -2.5213 -0.71529 80 58 34
3.6243 -2.5059 -0.5868 85 62 29
3.5232 -2.4908 -0.54231 83 62 33
3.1721 -2.305 -0.46177 84 59 29
3.5716 -2.5149 -0.59082 86 62 34
3.5033 -2.4884 -0.70312 83 59 33
3.4906 -2.5033 -0.58432 84 60 32
3.4644 -2.5115 -0.66158 81 57 21
3.491 -2.5113 -0.53763 84 59 29
3.3702 -2.4785 -0.49715 84 63 36
3.526 -2.5004 -0.50265 83 56 35
3.578 -2.5456 -0.67733 82 57 37
3.529 -2.5207 -0.62707 86 60 33
3.6894 -2.5833 -0.64428 83 60 29
3.4213 -2.4908 -0.62103 83 61 37
3.4093 -2.49 -0.57988 85 62 31
3.4227 -2.5065 -0.54133 83 62 35
3.3156 -2.4511 -0.64333 83 57 30
3.6644 -2.5591 -0.68353 81 60 31
3.124 -2.4308 -0.44814 86 63 29
3.0905 -2.3998 -0.48049 83 62 31
3.2628 -2.4766 -0.53357 84 61 30
3.3097 -2.5022 -0.5779 85 60 37
3.0723 -2.3866 -0.47722 83 62 31
3.2751 -2.4603 -0.45459 84 63 36
3.2557 -2.4493 -0.6398 83 57 32
3.1334 -2.416 -0.55222 86 62 36
3.1474 -2.4193 -0.59368 83 59 25
3.2837 -2.4988 -0.49991 84 59 37
3.302 -2.4644 -0.53311 84 59 37
3.3109 -2.5282 -0.65778 81 60 31
3.1438 -2.4308 -0.52212 85 62 31
3.2964 -2.4679 -0.49555 87 62 32
3.3231 -2.5042 -0.6174 82 60 21
3.2538 -2.485 -0.45923 85 60 30
3.1252 -2.4411 -0.59285 84 60 34
3.194 -2.4839 -0.64231 83 57 32
3.329 -2.4753 -0.57138 85 58 39
3.3468 -2.4799 -0.60936 83 62 31
2.9927 -2.4027 -0.47781 87 63 37
3.1071 -2.457 -0.45583 87 63 37
2.9383 -2.4054 -0.44481 83 64 32
2.9884 -2.4365 -0.48499 87 62 30
3.0727 -2.4409 -0.59115 82 62 25
2.9387 -2.4124 -0.41076 84 64 30
3.0625 -2.4031 -0.55121 82 61 34
2.9413 -2.3713 -0.43921 85 64 35
3.0994 -2.4369 -0.52268 86 60 35
2.9789 -2.4064 -0.41226 86 62 36
3.0947 -2.4407 -0.48767 87 63 35
3.0692 -2.4767 -0.6017 86 62 28
3.0332 -2.4258 -0.51786 85 63 24
2.9791 -2.4226 -0.51727 84 63 34
2.957 -2.4289 -0.58516 83 62 35
2.9862 -2.4212 -0.55283 83 61 20
3.0314 -2.4176 -0.5518 83 64 24
2.7763 -2.3866 -0.43941 86 60 35
2.8443 -2.3919 -0.50908 88 64 36
2.9023 -2.4005 -0.50868 86 62 26
2.897 -2.3899 -0.5424 83 60 26
2.8894 -2.4109 -0.41194 88 66 42
2.8388 -2.4229 -0.51098 88 66 29
2.7382 -2.3632 -0.40737 87 65 24
2.9176 -2.4352 -0.58431 84 59 36
2.8026 -2.3877 -0.5352 85 62 29
2.8477 -2.4013 -0.47866 86 62 34
2.8081 -2.3831 -0.40601 85 64 33
2.8571 -2.3794 -0.43995 86 62 36
2.8704 -2.3831 -0.47511 88 62 39
2.786 -2.3878 -0.47277 85 64 35
2.8476 -2.4077 -0.4452 87 64 33
2.8659 -2.402 -0.54447 81 60 33
2.654 -2.3912 -0.44336 88 63 40
2.6129 -2.3627 -0.40474 90 64 37
2.7421 -2.3943 -0.44294 90 64 39
2.7422 -2.3879 -0.47362 88 63 43
2.7455 -2.3841 -0.50498 87 59 28
2.6167 -2.3536 -0.46613 88 67 40
2.676 -2.3685 -0.4686 86 63 29
2.7727 -2.3995 -0.5408 85 62 31
2.6924 -2.3604 -0.40483 88 68 34
2.6716 -2.3776 -0.40822 89 65 37
2.6533 -2.3715 -0.53185 90 65 33
2.6475 -2.3516 -0.43505 88 64 38
2.6884 -2.3726 -0.5027 87 62 30
2.6803 -2.3569 -0.37295 88 63 40
2.6586 -2.3669 -0.40624 89 65 37
2.6687 -2.3502 -0.52937 86 63 29
2.652 -2.3677 -0.37482 89 63 36
2.6416 -2.368 -0.49981 86 63 29
3.7166 1.0053 -0.9731 75 56 40
3.702 1.0393 -0.99733 76 57 27
3.7224 1.0645 -0.89051 79 53 28
3.8173 1.0025 -1.0091 76 54 39
3.6875 1.0246 -0.92514 75 52 36
3.7338 1.0008 -0.90906 75 55 30
3.7541 1.0513 -0.97779 80 56 46
3.7411 0.99796 -0.87357 78 51 32
3.7077 0.99736 -0.93497 77 54 36
3.7535 1.041 -0.90658 76 52 24
3.6896 1.0155 -0.85719 76 53 19
3.6829 0.98484 -0.89731 75 55 30
3.9054 1.0135 -0.91537 76 50 36
3.9099 1.0202 -0.95539 75 54 35
3.9277 0.98455 -0.92778 73 50 17
4.0672 0.99372 -1.0041 73 49 35
3.8915 0.95431 -1.04 75 54 37
3.8462 0.97612 -1.0186 78 56 33
3.8519 0.93766 -0.99276 76 53 35
3.8536 0.97321 -0.98505 74 52 28
3.8491 0.96667 -0.94711 72 52 25
3.9951 0.968 -0.95174 74 47 30
3.7969 0.99103 -0.96474 76 55 34
4.0988 0.96001 -0.98215 76 51 29
3.787 0.84969 -0.98979 77 54 36
4.1212 0.94501 -1.1113 76 54 33
4.1557 0.9702 -0.95697 73 51 27
3.9726 0.95638 -0.90984 74 49 29
4.0748 0.95882 -1.0149 73 53 29
4.139 0.98226 -1.0718 76 56 32
4.1293 0.93619 -1.0367 73 51 28
3.9694 0.94039 -1.0653 76 53 35
1.5227 -1.0215 -0.39675 79 56 25
3.5802 -2.5067 -0.87054 81 59 35
3.5833 -2.49 -0.74501 82 59 28
3.6085 -2.499 -0.79462 82 59 26
3.6594 -2.4715 -0.87116 82 58 32
3.6911 -2.5433 -0.84666 80 55 32
3.357 -2.472 -0.68796 80 60 23
3.5207 -2.5105 -0.86759 82 60 36
3.5392 -2.5458 -0.75053 81 58 24
3.4709 -2.5084 -0.70371 80 59 32
3.3991 -2.4699 -0.84217 80 58 34
3.5889 -2.5712 -0.80092 84 58 33
3.6256 -2.5448 -0.84409 83 60 29
3.541 -2.5902 -0.76411 82 58 24
3.6032 -2.5377 -0.79592 80 59 30
3.4211 -2.4926 -0.81169 81 59 35
3.5384 -2.5885 -0.7637 82 58 24
3.4352 -2.5098 -0.77615 84 58 35
3.517 -2.4889 -0.73747 82 58 32
3.1988 -2.4193 -0.77613 84 59 36
3.1241 -2.4191 -0.69712 81 61 34
3.2703 -2.4768 -0.75677 84 59 36
3.3863 -2.533 -0.70161 80 59 30
3.26 -2.524 -0.68932 84 59 27
3.1894 -2.4903 -0.78717 83 62 33
3.4081 -2.5249 -0.81693 84 62 38
3.2717 -2.4457 -0.71505 80 59 32
3.2019 -2.4682 -0.7525 82 60 36
3.3382 -2.4845 -0.76647 81 60 33
3.2286 -2.4622 -0.67735 81 60 33
3.2825 -2.4929 -0.7238 85 59 36
3.1637 -2.3948 -0.76938 84 59 36
3.2908 -2.5239 -0.80527 84 63 36
3.1202 -2.4692 -0.63761 83 59 31
3.1038 -2.4738 -0.74316 84 64 37
2.9358 -2.3993 -0.64758 84 63 36
2.9874 -2.4315 -0.69152 87 64 31
3.0377 -2.4318 -0.69465 83 60 26
3.1305 -2.4767 -0.63961 83 59 31
2.9832 -2.4419 -0.62282 81 57 31
3.0078 -2.4235 -0.62202 83 64 34
3.1046 -2.4363 -0.73642 83 62 35
3.1611 -2.5087 -0.78873 84 62 38
3.0814 -2.4719 -0.67294 85 62 29
3.0361 -2.461 -0.73358 88 64 38
3.1187 -2.4604 -0.66753 81 57 31
3.1458 -2.4731 -0.70868 83 62 35
3.08 -2.4708 -0.67246 85 62 29
2.9632 -2.3996 -0.75106 84 59 37
2.7978 -2.4 -0.63863 87 64 33
2.8569 -2.4403 -0.6827 86 61 39
2.8732 -2.4102 -0.71085 85 64 37
2.8516 -2.436 -0.68105 86 61 39
2.9037 -2.4177 -0.61419 85 62 29
2.917 -2.4213 -0.64989 84 59 37
2.794 -2.3748 -0.56959 87 58 37
2.8129 -2.3765 -0.63554 83 61 37
2.8595 -2.4068 -0.67925 90 64 37
2.8431 -2.4067 -0.60954 85 59 36
2.7824 -2.3749 -0.69748 85 65 31
2.9545 -2.4436 -0.69176 86 61 38
2.9177 -2.4219 -0.65029 84 59 37
2.9048 -2.3989 -0.71382 84 62 38
2.7474 -2.373 -0.56804 84 61 27
2.809 -2.4154 -0.6095 84 59 29
2.7495 -2.3841 -0.69835 86 65 36
2.721 -2.4211 -0.57489 87 64 22
2.7409 -2.3964 -0.60472 89 63 38
2.7326 -2.4306 -0.57688 87 64 22
2.6364 -2.3663 -0.65052 88 64 38
2.6829 -2.3833 -0.59731 84 62 38
2.7169 -2.3829 -0.56767 88 65 31
2.7869 -2.4201 -0.67356 89 65 37
2.6866 -2.3738 -0.65824 90 64 41
2.6483 -2.395 -0.56496 89 64 34
2.6342 -2.3712 -0.62415 93 67 42
2.7452 -2.3927 -0.63175 87 61 34
2.7038 -2.3945 -0.63326 88 65 34
2.6467 -2.3878 -0.59671 88 65 32
