2626
-0.41788 0.33048 -0.64149 0.55195 19.94 1.8345 3.4072
21.165 5.7748 2.9974 34 11 5
21.462 6.0472 2.8296 53 29 15
19.777 5.5102 2.5929 8 5 0
20.047 3.467 3.0575 31 12 8
20.053 3.5212 3.0659 34 20 11
20.062 3.4628 3.0549 21 1 0
19.863 5.6764 2.2245 54 30 18
19.868 5.4686 2.2875 54 30 18
18.978 5.4866 2.0779 72 44 13
18.966 5.4238 2.1543 73 46 27
19.09 5.32 2.0752 67 40 21
19.015 5.4597 2.0342 70 44 19
19.163 5.1789 2.1228 69 40 8
19.386 5.5699 1.9947 62 37 15
19.491 5.3292 2.2035 58 32 15
19.481 5.5487 2.0295 64 34 16
19.532 5.556 2.0659 61 35 12
19.526 5.6096 2.0466 61 35 12
19.568 5.6005 2.0471 61 35 20
19.506 5.4311 2.1125 61 35 18
19.581 5.5695 2.1012 64 37 20
19.523 5.5378 2.0277 60 35 12
19.584 5.5461 2.1098 64 37 20
19.616 5.5141 2.0651 62 36 11
19.693 5.5461 2.0354 58 33 13
19.667 5.6196 2.1004 56 33 15
19.617 5.614 2.0747 63 37 14
19.661 5.4476 2.0766 58 33 11
19.701 5.5619 2.0722 61 37 11
19.656 5.5035 2.0587 58 33 11
19.658 5.3592 2.0693 60 34 19
19.775 5.484 2.0459 59 32 15
19.78 5.5657 2.0574 58 33 13
19.82 5.299 2.0979 59 34 11
19.73 5.5881 2.014 58 33 13
19.837 5.6067 2.1134 53 31 16
19.858 5.5885 2.0232 61 34 17
19.917 5.4739 2.1502 53 27 12
19.817 5.6288 2.0216 58 32 17
19.867 5.5986 2.0667 59 34 14
19.854 5.3816 2.0653 59 32 13
19.973 5.1489 2.1641 58 32 15
20.034 5.6614 2.0512 60 34 19
20.012 5.4233 2.0569 61 33 19
19.955 5.5007 2.133 59 33 18
19.994 5.6555 2.0638 57 31 17
20.02 5.4169 2.1013 56 33 17
19.946 5.6729 2.0263 58 35 17
20.087 5.2603 2.143 60 34 17
20.107 5.5508 2.0794 60 35 15
20.153 5.5487 2.1142 61 33 19
20.07 5.571 2.0782 61 33 19
20.144 5.5375 2.0732 64 36 9
20.061 5.545 2.0426 64 32 19
20.136 5.5313 2.0376 59 33 6
20.204 5.6362 2.1155 59 33 16
20.192 5.5807 2.0893 61 35 18
20.241 5.724 2.0356 59 35 9
20.257 5.5419 2.0527 55 37 17
20.216 5.5056 2.0685 59 33 8
20.163 5.3655 2.0878 61 32 10
20.281 5.7337 2.0251 60 35 13
20.183 5.5584 2.0633 59 34 14
20.239 5.7064 2.0387 63 37 12
20.164 5.3744 2.0835 61 32 10
20.289 5.4916 2.0548 62 36 11
20.311 5.6435 2.048 62 31 19
20.442 5.4454 2.1273 58 32 17
20.476 5.6436 2.0945 58 33 11
20.551 5.2652 2.1578 62 34 3
20.509 5.6128 2.102 59 35 9
20.586 5.6358 2.0732 57 32 12
20.504 5.6281 2.0482 61 34 17
20.554 5.6233 2.1236 62 35 18
20.554 5.6658 2.063 57 33 19
20.679 5.552 2.0753 56 28 1
20.63 5.6797 2.0449 59 34 14
20.702 5.7555 2.1337 57 31 14
20.762 5.4462 2.0945 59 34 4
20.681 5.3901 2.1271 59 34 14
20.736 5.4584 2.1341 58 32 17
20.764 5.699 2.1454 60 33 16
20.769 5.6388 2.0329 56 31 11
20.701 5.5693 2.1892 58 32 5
20.772 5.6532 2.0268 56 31 11
20.683 5.428 2.0766 59 36 2
20.873 5.697 2.1164 60 33 16
20.795 5.1142 2.2996 55 34 15
20.878 5.824 2.1676 55 30 7
20.872 5.5888 2.0616 58 32 5
20.889 5.497 2.129 58 32 18
20.944 5.8114 2.1105 58 33 10
20.887 5.6263 2.086 58 32 15
20.874 5.5306 2.2018 56 31 8
20.861 5.4095 2.1228 59 33 18
20.986 5.755 1.9909 63 35 6
21.117 5.3556 2.1188 61 36 6
21.293 5.659 2.0324 65 38 1
18.04 4.4886 2.1965 72 45 28
17.724 5.0074 1.997 73 42 22
18.068 4.7104 2.1796 75 45 29
17.722 5.1008 1.8835 73 43 29
17.768 4.9765 1.9555 73 44 22
17.675 5.1951 1.8878 75 44 24
17.806 5.0621 1.9425 74 45 21
17.892 5.0171 1.9978 73 47 22
17.961 4.8872 2.0151 76 46 28
17.815 5.0731 1.9831 73 48 25
17.959 5.0122 1.9417 80 51 27
17.972 5.1276 2.0049 82 51 30
17.867 5.2528 1.8661 84 55 33
17.995 5.0252 2.0616 81 52 28
17.903 5.2178 1.922 83 57 32
17.835 5.2591 1.9122 78 50 23
18.309 4.831 2.0176 98 66 41
18.139 5.0676 1.9162 107 79 50
18.091 5.1784 1.9035 98 68 40
18.007 5.255 1.8814 96 70 45
18.127 5.0203 1.9465 106 77 46
18.129 4.9733 2.0172 93 62 42
18.099 4.9983 1.9604 96 65 37
18.164 4.9557 1.9768 106 77 46
18.237 5.1366 2.0339 81 51 23
18.238 5.1335 1.902 85 54 33
18.186 5.1057 1.9718 89 58 38
18.29 4.8901 2.0322 94 64 40
18.25 5.0334 1.9549 89 59 31
18.398 4.9736 1.9632 82 52 24
18.311 5.1217 1.9832 79 50 28
18.323 5.2053 1.9792 78 48 24
18.283 5.2038 1.988 81 51 25
18.234 5.2215 1.9895 79 50 29
18.343 5.1372 1.9691 80 51 29
18.461 4.9447 2.002 81 51 25
18.243 5.2041 1.8659 83 53 27
18.391 5.3583 1.9372 78 49 27
18.522 4.9767 1.9769 80 50 22
18.414 5.1865 1.9767 82 51 23
18.422 5.2265 1.9038 81 50 32
18.561 4.974 1.9703 80 50 26
18.425 5.1029 1.9237 79 47 26
18.336 5.2644 1.9477 79 51 24
18.384 5.2798 1.9759 80 48 23
18.46 5.171 1.9694 80 49 28
18.439 5.2781 2.0093 77 47 21
18.532 4.9549 1.9865 80 50 22
18.359 5.2153 1.9693 79 51 24
18.342 5.223 1.9241 81 50 29
18.524 5.2087 1.9391 81 50 29
18.511 5.1469 1.9778 79 49 25
18.634 5.0377 2.0008 80 48 23
18.747 4.8223 2.0571 80 51 27
18.423 5.3816 1.9191 80 50 22
18.498 5.1474 1.9342 81 51 25
18.607 4.9549 1.9714 77 46 28
18.607 4.9861 2.0004 81 49 26
18.508 5.3086 1.9793 80 52 25
18.504 5.354 2.0128 80 50 24
18.592 5.1093 1.928 79 48 27
18.555 5.295 1.9786 81 52 28
18.687 5.0017 2.0166 81 50 32
18.681 5.0501 2.0375 83 51 26
18.769 4.9536 1.981 81 52 30
18.599 5.2144 2.0489 85 54 24
18.614 5.2472 1.9906 87 56 35
18.795 5.1895 1.9837 84 58 33
18.792 5.0585 2.0114 84 58 35
18.852 5.0699 1.9483 78 52 29
18.842 5.0216 2.0177 84 54 30
18.832 5.0155 1.9792 78 52 29
18.801 4.9669 1.969 80 53 34
18.749 5.3578 1.9502 84 55 33
18.955 5.1229 2.0602 74 48 25
18.794 5.3866 1.9794 79 50 26
18.93 5.1337 1.9834 77 48 26
18.943 5.1256 2.0264 78 49 27
18.849 5.1426 1.9919 78 52 27
18.918 5.1359 1.9436 78 51 32
18.871 5.1582 1.9355 79 52 31
18.787 5.3669 1.941 78 52 29
18.998 4.9955 1.9933 79 50 29
18.834 5.3124 1.9124 75 49 24
18.93 4.9449 1.9932 79 47 32
19.142 4.8682 2.0316 74 47 26
19.057 4.9198 2.019 77 48 26
19.018 5.1708 2.0295 73 47 24
19.019 5.1244 2.0044 77 48 26
19.072 5.032 2.0016 74 45 24
18.993 5.0867 2.0364 78 48 24
19.051 5.1478 1.9897 74 48 25
18.987 5.142 2.0476 75 49 22
19.039 5.018 2.0148 78 49 28
19.058 5.1655 2.0268 75 47 20
19.045 5.1719 1.9802 74 48 25
19.002 5.0577 2.048 78 48 24
18.977 5.1046 1.9874 75 49 24
19.198 5.0123 2.0262 68 43 21
19.115 5.0898 2.047 75 44 26
19.07 5.3145 2.0029 71 44 25
19.16 4.9753 2.0125 73 46 27
19.117 5.0421 2.0254 70 44 21
19.125 5.2465 2.0119 70 41 19
19.201 4.9536 2.0118 65 40 18
19.137 5.1553 2.0166 66 39 18
19.084 5.4645 1.9625 65 40 10
19.195 5.0685 2.0409 68 41 22
19.123 5.2547 2.0066 70 41 19
19.054 5.4194 1.9987 69 42 23
19.123 5.1639 1.9666 70 44 21
19.172 4.8892 2.0165 76 46 28
19.23 5.3523 1.988 61 35 12
19.237 5.0918 2.0678 66 37 16
19.307 5.0597 2.0264 66 37 13
19.295 4.8506 2.0445 65 38 17
19.311 4.9872 2.0183 64 38 23
19.217 5.2331 2.0501 63 36 15
19.292 4.863 2.0377 65 38 17
19.164 5.2935 2.0297 65 36 14
19.26 5.1059 2.01 63 35 8
19.212 5.1557 1.996 65 38 17
19.24 5.2526 1.9881 65 37 10
19.3 4.8703 2.0749 64 40 12
19.115 5.4612 1.9187 69 40 16
19.234 5.0146 2.0203 68 41 22
19.235 4.9617 2.0038 64 39 16
19.367 5.0738 1.9632 66 39 20
19.441 4.9045 2.0667 65 38 21
19.381 5.2043 1.8951 68 38 22
19.393 5.0925 2.0699 64 39 19
19.416 5.1183 2.0135 66 36 18
19.396 5.0189 2.0605 62 36 21
19.365 4.9425 2.0616 65 34 24
19.383 5.0358 2.0175 66 39 22
19.332 5.0646 1.9724 65 38 19
19.457 5.1505 2.0315 61 35 20
19.378 5.4847 1.9467 63 36 1
19.537 4.9541 2.0256 67 40 19
19.533 5.0573 2.0199 64 38 21
19.49 5.0437 1.9947 69 38 17
19.534 4.9807 2.0136 67 40 19
19.464 4.9818 2.0282 64 38 23
19.468 5.0121 2.055 64 35 13
19.497 5.0597 2.0277 62 39 8
19.457 5.2188 2.0453 62 33 9
19.471 5.4698 1.9742 61 35 12
19.467 4.8979 2.027 65 36 14
19.597 5.303 1.9806 63 36 19
19.568 5.2238 2.0222 61 37 11
19.492 5.3872 2.0454 59 34 2
19.619 4.9175 2.0671 65 39 22
19.534 5.1232 2.0327 63 37 10
19.572 5.1066 2.0262 63 36 15
19.531 5.3049 2.0362 60 34 9
19.598 5.0265 1.9801 66 41 11
19.543 5.1272 2.0654 63 37 12
19.534 5.3594 2.0532 61 35 12
19.581 4.9513 2.0594 65 38 21
19.578 4.9056 2.0406 67 41 16
19.601 5.1679 1.9955 65 36 15
19.647 4.8895 2.038 67 40 21
19.682 5.1784 2.0153 64 35 13
19.695 5.2432 2.0659 57 34 3
19.717 4.9559 2.0273 65 39 14
19.65 5.0398 2.044 63 37 14
19.703 5.2663 2.097 59 34 2
19.722 5.1333 2.0233 63 36 17
19.634 5.1156 1.9693 67 40 23
19.649 5.2529 2.0292 63 36 3
19.732 5.1058 2.0804 61 35 21
19.683 5.0633 2.0257 64 37 16
19.755 4.8837 2.0537 63 38 15
19.725 4.9611 2.0613 64 38 15
19.636 5.2904 1.9777 65 36 14
19.657 5.2613 2.0639 62 37 14
19.688 4.8932 2.0622 68 43 13
19.611 5.3617 2.0397 63 36 3
19.836 5.1448 2.0392 60 34 7
19.835 5.1776 2.0247 60 34 7
19.769 5.4077 2.0343 59 34 2
19.761 5.0691 2.0486 60 36 10
19.798 5.0254 2.0606 65 38 5
19.762 4.9113 2.0745 63 38 18
19.788 5.0442 2.0152 62 35 14
19.8 5.1603 2.0393 61 34 15
19.831 5.0298 2.05 57 31 6
19.785 4.9397 2.0222 67 38 16
19.829 4.8784 2.0741 61 36 13
19.725 5.4992 2.0025 59 34 4
19.864 5.0798 2.0224 63 38 16
19.901 4.9405 2.0769 64 40 14
19.878 5.1903 2.0523 59 34 14
19.86 4.9247 2.0513 62 35 16
19.929 5.337 2.066 55 30 0
19.913 5.2139 2.0355 62 35 16
19.893 4.9205 2.0461 62 37 15
19.921 5.2913 2.0471 57 29 15
19.893 5.2912 2.0904 61 32 8
19.941 5.0113 2.0739 62 35 16
19.926 4.9824 2.0099 63 36 17
20.008 5.0263 2.0561 61 34 13
20.029 4.8652 2.0822 62 36 19
19.994 5.3302 2.01 62 35 2
20.001 5.2978 2.0636 58 32 15
20.039 5.3713 2.0294 57 31 17
20.026 5.1722 2.0679 62 35 18
19.998 4.9064 2.0694 62 37 5
20.047 5.3549 2.0719 60 35 5
19.982 5.0748 2.0779 61 31 17
19.976 5.1736 1.9991 64 37 16
20.043 5.1068 2.0133 63 37 20
20.102 5.1583 2.099 58 33 3
20.116 5.3013 2.0861 60 34 9
20.136 5.1676 2.0856 61 32 8
20.06 5.1588 2.0672 61 36 16
20.073 5.3092 2.0478 60 34 9
20.064 4.9519 2.0343 66 36 20
20.081 4.6265 2.1761 60 34 17
20.148 5.2491 2.0935 60 32 5
20.136 4.9582 2.0594 63 39 11
20.136 5.3037 1.9921 63 38 8
20.082 5.3264 2.0821 65 35 7
20.085 5.4222 2.0443 63 33 5
20.142 4.9528 2.0972 55 30 10
20.073 5.3083 2.0489 60 34 9
20.072 4.9866 2.0573 63 36 15
20.223 5.3156 2.0533 61 33 6
20.203 5.4262 2.0567 58 34 0
20.206 5.1893 2.0648 62 37 7
20.164 5.1773 2.0354 59 33 10
20.213 5.0457 2.0425 62 35 18
20.247 5.5186 2.0173 60 35 5
20.214 5.0489 2.0414 62 35 18
20.245 5.3376 1.9569 62 39 8
20.205 5.0292 2.0118 63 37 12
20.183 5.2376 2.0863 58 33 13
20.194 5.1247 2.0538 63 39 5
20.173 5.0346 2.0168 63 35 21
20.178 5.2764 2.0339 59 33 10
20.258 5.3112 2.0499 65 35 11
20.242 5.2114 2.0487 63 38 8
20.23 4.9429 2.0447 60 38 0
20.18 5.0348 2.0523 65 39 16
20.205 5.0251 2.0138 63 37 12
20.293 5.317 2.0375 60 31 7
20.318 5.0487 2.0587 65 39 22
20.261 5.2701 2.1034 62 35 0
20.301 5.0644 2.1265 62 34 20
20.316 5.2675 2.0151 60 33 12
20.269 5.1398 2.0701 59 32 13
20.275 5.0082 2.04 66 39 20
20.302 4.9703 2.0526 63 36 19
20.328 5.0822 2.0812 61 35 10
20.244 5.0192 2.0483 64 37 18
20.283 5.0232 2.0741 63 34 12
20.32 4.8549 2.1011 65 35 19
20.263 5.1566 2.0297 64 36 9
20.351 5.0536 2.0441 62 37 17
20.424 5.0748 2.0612 58 34 0
20.449 5.3414 2.0755 63 35 4
20.384 5.4346 2.0186 59 33 8
20.427 5.2324 2.0844 63 35 4
20.371 5.3898 1.9931 64 35 14
20.387 5.0403 2.0839 64 36 22
20.396 5.258 2.0797 59 33 8
20.364 4.9642 2.0448 61 35 12
20.363 4.9087 2.1034 63 36 19
20.419 5.2244 2.0479 64 35 13
20.392 4.9388 2.0511 64 35 13
20.368 5.3616 2.0035 64 35 14
20.413 5.0428 2.0445 62 35 14
20.397 5.3103 2.0134 59 31 17
20.444 4.9623 2.1375 59 32 15
20.457 5.0809 2.0536 64 38 15
20.507 5.1551 2.0499 65 39 16
20.502 4.9447 2.1331 62 37 15
20.493 5.1878 2.1141 57 31 14
20.536 5.2901 2.037 62 35 14
20.45 4.9975 2.1225 59 32 15
20.488 4.928 2.0677 62 36 13
20.499 4.956 2.0915 61 36 14
20.455 5.1549 2.1337 59 34 4
20.464 5.2594 2.0577 63 37 14
20.498 5.261 2.0533 59 35 1
20.458 4.9262 2.0718 61 36 4
20.507 5.1915 1.9976 65 38 5
20.547 5.3146 2.0621 58 33 1
20.437 4.9909 2.0515 64 38 15
20.504 4.9549 2.1297 62 37 15
20.456 5.1637 2.1311 59 34 4
20.466 5.3194 2.001 62 34 5
20.585 5.221 2.0107 61 37 3
20.605 5.1284 2.0788 60 28 16
20.612 5.299 2.0542 63 36 17
20.581 5.0641 2.0332 61 36 16
20.605 5.1549 2.0311 60 31 10
20.616 5.0557 2.0642 60 32 21
20.575 5.136 2.0819 63 35 6
20.519 4.9316 2.0619 64 35 14
20.695 5.3483 2.0609 61 34 1
20.661 5.1151 2.0328 64 42 1
20.715 5.2889 2.077 59 31 4
20.644 4.9253 2.0706 63 33 17
20.691 4.9783 2.0798 63 36 15
20.661 4.9769 2.0872 66 34 21
20.724 5.2047 2.0606 57 32 10
20.647 5.1789 2.0525 61 36 14
20.632 5.0069 2.0463 61 34 15
20.724 5.183 2.1069 61 36 4
20.767 5.494 2.0391 65 35 9
20.658 5.0787 2.0848 59 32 13
20.684 5.0582 2.0883 61 35 12
20.739 5.5266 2.0326 59 35 1
20.68 5.1564 2.0927 60 35 15
20.777 4.9569 2.0661 57 41 5
20.79 5.3221 2.0453 61 34 15
20.773 5.0408 2.0758 62 37 17
20.787 5.0764 2.0946 62 34 20
20.802 5.0981 2.1596 57 33 5
20.753 4.9816 2.0624 64 39 16
20.837 5.4717 2.0644 60 31 7
20.807 5.26 2.0643 59 32 13
20.745 5.0521 2.0766 58 36 13
20.713 4.9396 2.085 65 36 5
20.75 5.2739 2.1117 59 34 2
20.765 5.1104 2.0846 62 35 2
20.853 5.4009 2.0851 63 33 17
20.788 5.2906 2.0924 54 24 0
20.75 5.1809 2.0702 63 33 17
20.781 5.1736 2.0596 62 35 2
20.737 4.541 2.3833 59 30 6
20.886 5.2077 2.0263 59 30 22
20.922 5.3022 2.0616 58 32 17
20.835 5.1383 2.0591 64 36 25
20.849 4.9816 2.0725 61 33 22
20.841 4.942 2.1307 58 32 17
20.88 5.2702 2.0879 56 32 4
20.915 5.1812 2.0677 60 34 7
20.885 5.1873 2.0712 59 31 18
20.792 4.8879 2.1235 57 31 16
20.825 5.1667 2.1683 59 36 3
20.79 4.9896 2.0879 60 35 13
20.799 5.0244 2.0726 60 35 13
20.792 4.9051 2.0833 61 33 6
20.898 4.9078 2.2001 60 34 7
20.909 5.0267 2.1933 60 28 7
20.897 5.0292 2.0829 61 33 20
20.972 5.2521 2.0701 61 32 0
20.99 5.2796 2.1334 56 32 6
20.95 4.9891 2.118 64 34 18
20.934 5.2299 2.0814 58 34 8
20.939 5.053 2.1025 62 35 18
20.899 5.0505 2.0388 64 39 9
20.917 5.0809 2.0971 60 35 5
20.933 5.0646 2.0297 60 34 17
20.905 5.0567 2.072 61 33 20
21.023 5.2954 2.0861 62 36 19
20.951 5.0236 2.0407 61 36 16
20.962 5.045 2.0694 64 36 7
20.918 5.0009 2.0913 63 36 19
20.942 4.9942 2.053 61 36 16
21.133 5.3201 2.0835 63 36 19
21.118 5.288 2.061 60 32 18
21.242 5.7478 1.9277 62 36 19
21.139 5.3499 2.0376 60 32 18
21.14 5.3625 1.9883 56 34 19
21.071 5.2444 2.084 57 37 3
21 4.9761 2.0825 65 40 20
20.976 4.992 2.0806 65 37 8
21.046 5.0212 2.0536 61 34 15
21.033 4.9692 2.1059 59 34 14
21.051 5.0367 2.048 61 34 15
21.009 5.0828 2.079 63 36 17
21.024 5.1967 2.1135 62 34 3
21.175 5.3353 2.1115 57 31 17
21.188 5.3721 2.0966 57 31 17
21.091 5.117 2.1232 63 36 19
21.155 5.2913 2.0917 62 37 7
21.079 4.9366 2.1163 66 41 9
21.196 5.4923 2.0595 59 31 4
21.097 5.1463 2.0724 62 35 16
17.78 4.8269 1.998 71 42 21
17.936 4.6665 1.8659 76 45 24
17.939 4.6009 1.9905 74 44 20
17.914 4.707 1.9707 71 42 0
18.025 4.5607 1.9624 75 44 23
18.091 4.3931 2.1017 75 47 8
17.848 4.7057 1.8997 77 45 22
17.998 4.549 1.9736 76 47 26
17.993 4.5563 1.9699 74 45 21
17.933 4.6564 1.948 75 45 17
18.112 4.3719 2.0307 81 50 30
18.052 4.6308 2.0269 70 37 20
17.782 5.0736 1.888 67 41 18
17.946 4.8075 1.9766 71 41 7
18.088 4.6321 2.0225 71 40 19
18.151 4.5292 1.9562 73 42 11
18.524 3.9722 2.2595 76 45 27
18.286 4.2184 2.1061 74 43 22
18.035 4.6004 1.9391 74 43 31
18.191 4.595 1.9442 72 42 28
18.03 4.7732 1.941 72 43 19
17.971 4.971 1.9191 76 45 25
17.775 5.1497 1.8523 72 41 29
17.855 5.0028 1.8774 73 42 21
18.169 4.5754 1.9624 71 44 25
18.07 4.6904 1.9413 73 44 22
18.103 4.6835 2.0269 72 42 18
18.088 4.7451 1.9548 74 44 16
18.126 4.5857 1.9587 69 42 21
18.234 4.5089 1.9559 76 49 28
17.876 4.9714 1.8911 72 44 7
18.392 4.4351 2.0089 82 53 31
18.035 4.9949 1.8944 83 52 34
17.931 5.0973 1.8488 77 49 22
18.161 4.7 1.8822 75 48 31
18.296 4.5374 1.9578 78 51 30
18.596 4.325 2.1844 107 78 47
18.489 4.5814 1.9377 86 57 36
18.48 4.6655 2.0006 83 58 26
18.396 4.6708 1.9776 112 83 43
18.408 4.83 1.9606 83 54 20
18.451 4.6779 1.9251 87 59 30
18.389 4.7944 1.984 90 57 38
18.233 5.0429 1.9141 88 60 33
18.448 4.6602 2.0114 93 63 35
18.269 4.9499 1.9162 93 59 30
18.218 5.0452 1.8711 93 59 30
18.404 4.7924 2.0276 87 57 33
18.492 4.6218 1.9912 88 58 24
18.462 4.5676 1.9495 91 66 34
18.419 4.6931 1.9605 94 66 26
18.49 4.8111 1.9536 77 50 15
18.367 4.9339 1.9503 82 55 36
18.615 4.5568 1.9657 76 49 28
18.576 4.6146 2.0175 78 48 22
18.5 4.7916 1.9636 77 50 15
18.545 4.6523 2.0735 77 50 33
18.616 4.6251 2.0421 77 46 26
18.557 4.6288 1.9738 80 52 25
18.483 4.7521 1.9894 80 52 15
18.56 4.5978 1.9496 81 51 25
18.514 4.6454 1.9702 84 53 33
18.491 4.7122 1.9719 81 52 30
18.416 5.0139 1.9352 80 49 28
18.457 4.903 1.9477 79 50 28
18.498 4.8175 1.8617 79 48 30
18.527 4.7849 1.9198 77 46 18
18.645 4.7088 1.9813 79 48 18
18.639 4.6985 1.9513 76 44 21
18.727 4.5809 2.0085 73 44 4
18.702 4.6106 1.9541 74 45 11
18.574 4.8386 2.0035 80 47 28
18.628 4.6741 2.0118 76 45 25
18.482 4.9576 1.957 78 49 28
18.476 5.0267 1.8782 76 45 24
18.508 4.877 1.9568 77 47 19
18.629 4.6446 1.9852 76 48 8
18.654 4.6391 1.9422 74 45 11
18.503 4.8863 1.952 77 47 19
18.675 4.5241 2.011 76 46 20
18.717 4.5977 2.1096 80 48 35
18.574 4.7113 1.8769 72 46 23
18.729 4.4557 2.0076 71 46 26
18.641 4.7977 1.931 76 46 18
18.612 4.8068 1.9709 77 45 22
18.573 4.7639 1.9238 76 48 8
18.733 4.4468 2.0135 71 46 26
18.7 4.8849 1.9539 78 49 28
18.74 4.7603 1.976 72 43 19
18.841 4.5186 1.983 76 46 28
18.776 4.6152 2.0867 77 46 26
18.708 4.8657 1.9628 76 45 24
18.753 4.594 1.9915 74 46 19
18.669 4.8982 1.9913 78 48 24
18.652 4.7987 1.9707 74 45 21
18.693 4.7864 1.9679 75 46 6
18.78 4.5076 1.9991 75 45 29
18.829 4.4954 2.0368 76 47 26
18.733 4.6667 1.9899 73 44 13
18.842 4.5415 2.0047 78 46 23
18.808 4.5192 1.9884 75 45 27
18.845 4.5609 2.0352 75 47 8
18.783 4.6283 2.002 74 44 18
18.738 4.8203 2.0253 81 48 29
18.739 4.8764 1.9481 75 46 24
18.729 4.9013 1.936 78 47 26
18.956 4.4988 2.0091 79 46 29
18.654 5.1213 1.8692 76 49 28
18.894 4.4925 2.025 76 45 27
18.883 4.5488 2.0354 76 44 19
18.759 4.8 1.9516 77 45 20
18.86 4.7181 1.9694 77 46 16
18.839 4.8332 1.9921 79 54 34
18.92 4.6199 1.9788 77 46 26
18.808 4.8212 2.0059 78 52 29
18.759 4.9179 1.9167 79 48 27
18.888 4.4809 1.9958 75 45 27
18.828 4.7163 1.9865 74 43 22
18.945 4.4676 2.0636 77 48 17
18.85 4.7745 1.9812 76 47 23
18.93 4.5061 2.0435 77 48 17
18.937 4.4628 2.0312 77 47 21
18.88 4.8202 1.9933 76 49 30
18.976 4.5578 2.0066 78 47 29
18.875 4.9667 1.952 78 51 30
18.981 4.7257 2.0175 78 49 27
18.955 4.5891 1.9533 75 49 26
18.849 5.0081 1.8926 78 49 27
18.861 4.9 1.9894 80 53 32
18.949 4.7919 1.9518 75 44 24
18.985 4.5598 2.0392 76 45 27
19.054 4.5203 2.0143 77 51 28
18.891 4.7592 1.986 80 49 29
18.924 4.7616 1.9754 78 50 19
19.01 4.5258 1.9821 77 49 18
19.016 4.5355 2.0115 78 49 27
18.992 4.6354 1.9962 76 45 14
18.91 4.6776 1.9867 77 47 21
18.996 4.7115 2.0646 79 49 31
18.979 4.7323 2.0157 78 49 27
19.021 4.8512 1.9844 76 49 28
19.018 4.8953 2.0031 77 51 28
19.033 4.641 2.0218 76 47 26
19.001 4.7706 1.9921 78 48 30
19.143 4.5402 1.9827 78 48 30
19.081 4.5319 1.999 79 50 26
19.117 4.5501 2.0192 77 51 28
18.975 4.9173 1.9942 77 51 24
19.098 4.6451 2.0045 76 50 25
19.056 4.6426 1.9776 79 49 23
19.095 4.6873 2.0198 78 50 23
18.956 4.9424 1.9475 77 51 28
19.076 4.6388 2.0498 77 49 20
19.067 4.6696 2.0344 77 49 20
19.036 4.7355 1.9659 78 50 23
19.12 4.5114 2.0043 77 47 31
19.021 4.6482 1.9828 77 49 22
19.136 4.8542 1.9992 76 45 25
19.196 4.6477 1.9848 78 47 26
19.121 4.7493 2.0224 74 47 28
19.145 4.63 2.0422 78 50 23
19.214 4.6156 2.0364 77 48 27
19.133 4.6372 2.0016 77 50 17
19.16 4.6935 2.0033 76 45 24
19.129 4.842 1.965 76 48 21
19.122 4.7801 2.045 76 47 25
19.07 4.8062 1.9993 75 49 26
19.182 4.5491 2.0068 80 52 25
19.135 4.6 1.9879 80 51 27
19.21 4.5614 1.9941 81 50 32
19.066 4.8555 2.016 75 46 25
19.181 4.5829 2.0238 76 47 25
19.239 4.9049 1.9952 68 38 10
19.226 4.7314 2.0073 69 42 23
19.33 4.3691 2.1168 73 45 14
19.267 4.4651 2.0388 80 51 29
19.239 4.6455 2.0135 72 46 21
19.237 4.7637 2.063 74 45 23
19.22 4.7954 2.0109 71 44 23
19.237 4.8683 1.9717 66 41 21
19.281 4.5326 1.9992 78 48 22
19.297 4.5947 1.9575 72 42 26
19.164 4.88 1.981 75 49 22
19.298 4.6713 1.9904 62 37 5
19.243 4.5934 2.0049 76 48 19
19.289 4.6079 2.0612 70 43 10
19.282 4.6013 2.031 68 41 20
19.318 4.5466 2.0218 70 42 15
19.2 4.7052 2.029 72 43 19
19.331 4.7546 2.0114 65 39 12
19.288 4.8407 2.0131 66 39 20
19.328 4.7245 1.9922 66 40 17
19.3 4.7442 2.0285 64 38 21
19.374 4.5773 1.988 67 40 23
19.368 4.7845 2.0291 66 38 27
19.43 4.5393 2.0718 66 36 18
19.34 4.5885 1.9867 68 38 14
19.423 4.5298 2.0403 67 40 5
19.338 4.6382 2.002 68 37 6
19.311 4.8941 1.9832 65 38 19
19.302 4.6932 2.0157 68 38 22
19.326 4.8679 2.0286 65 38 21
19.372 4.7157 2.0282 69 39 11
19.418 4.5113 2.018 68 40 13
19.354 4.7125 1.9537 64 37 4
19.358 4.7396 1.975 68 37 19
19.476 4.7874 2.0412 66 39 20
19.462 4.8187 1.992 68 40 13
19.424 4.7912 1.9745 68 38 14
19.35 4.9246 2.0014 67 40 23
19.442 4.7419 2.0356 65 40 20
19.422 4.5824 2.05 66 36 18
19.475 4.5856 2.0012 63 36 19
19.47 4.3994 2.0698 64 37 20
19.466 4.7387 1.9949 64 37 16
19.439 4.8096 2.04 65 38 17
19.476 4.6295 2.0133 64 35 1
19.386 4.8626 1.9827 63 38 18
19.492 4.4435 2.0425 65 39 12
19.402 4.732 2.0099 64 35 13
19.387 4.9103 2.0008 63 38 18
19.458 4.465 2.0355 64 37 20
19.446 4.6191 2.024 63 36 19
19.464 4.8098 1.9965 68 40 13
19.499 4.6331 1.9699 67 37 21
19.438 4.6138 1.9913 68 40 13
19.509 4.6762 2.0195 67 38 14
19.543 4.6628 2.0174 66 36 8
19.524 4.854 1.9621 70 40 14
19.51 4.6146 2.0148 67 36 6
19.557 4.6658 1.9411 64 41 10
19.573 4.612 2.0058 66 37 13
19.585 4.6468 2.0527 62 36 13
19.504 4.8193 2.0184 66 39 22
19.579 4.7542 2.0373 64 37 18
19.579 4.6268 2.0307 65 37 8
19.516 4.6818 2.0506 66 36 18
19.547 4.5754 2.028 67 38 14
19.537 4.5895 1.986 65 35 9
19.62 4.4254 2.063 67 38 17
19.55 4.7331 2.0547 66 40 13
19.651 4.6133 2.062 66 35 14
19.672 4.55 2.0168 63 36 19
19.602 4.6382 2.1282 64 37 16
19.608 4.6467 2.0144 62 35 14
19.647 4.7283 2.0361 68 40 13
19.605 4.6062 2.0031 65 39 14
19.678 4.7282 2.0326 64 35 11
19.677 4.5789 2.0349 68 39 5
19.671 4.7243 1.9992 67 39 12
19.602 4.7661 1.9901 70 38 13
19.645 4.5959 2.0364 67 38 4
19.636 4.6005 1.997 66 39 22
19.741 4.7375 2.014 68 39 5
19.773 4.6041 2.0415 63 37 12
19.711 4.7196 2.0321 63 38 8
19.738 4.4792 2.0435 64 40 2
19.681 4.7901 2.0363 67 42 22
19.717 4.8495 2.0449 64 38 21
19.71 4.6311 2.0375 62 36 13
19.768 4.5765 2.0219 64 38 15
19.714 4.7831 2.0355 67 39 26
19.743 4.9444 1.9899 66 36 18
19.779 4.6358 2.0596 65 38 3
19.774 4.5899 2.0482 63 37 12
19.736 4.6989 1.9999 65 38 1
19.71 4.8344 2.0114 67 39 26
19.746 4.7862 2.0264 62 36 19
19.705 4.5182 2.0292 65 34 13
19.689 4.7861 2.0746 62 36 11
19.706 4.5919 2.0265 67 38 16
19.736 4.5983 2.0164 64 38 15
19.847 4.6301 2.0845 63 35 6
19.859 4.5141 2.0355 65 40 8
19.822 4.8523 2.0577 63 33 15
19.839 4.6679 2.0334 62 34 5
19.806 4.7026 2.02 64 34 18
19.777 4.794 2.0155 67 36 16
19.853 4.8947 2.0278 62 35 18
19.788 4.742 2.075 68 41 8
19.803 4.6209 2.0273 64 34 6
19.85 4.7622 2.0546 59 38 17
19.816 4.8156 2.0381 64 35 11
19.836 4.543 2.0586 61 37 0
19.805 4.8891 1.9646 61 35 12
19.829 4.5496 2.0218 67 38 17
19.801 4.5237 2.0418 64 36 5
19.853 4.9094 2.0214 62 35 18
19.788 4.7403 2.0757 68 41 8
19.871 4.6087 2.0536 59 31 17
19.863 4.6114 2.0184 58 36 15
19.918 4.9352 1.996 62 35 16
19.93 4.6012 2.042 62 34 3
19.937 4.6951 2.032 61 34 17
19.904 4.8229 1.9759 63 33 15
19.953 4.5242 2.0467 58 35 19
19.881 4.7767 2.0423 59 32 21
19.887 4.8528 2.0437 62 35 18
19.912 4.8011 2.0235 65 35 19
19.923 4.5865 2.0217 66 36 18
19.901 4.5538 2.0763 65 34 14
19.896 4.4916 2.0726 66 36 20
19.875 4.7035 2.0416 63 33 17
19.896 4.4763 2.0805 66 36 20
19.944 4.7585 2.0369 62 35 18
19.959 4.5384 2.0702 63 36 0
19.889 4.5038 2.0374 65 35 17
19.996 4.6479 2.0443 62 34 7
20.012 4.7462 2.0653 62 36 21
19.974 4.7463 2.0365 65 37 10
20.036 4.7623 2.0184 59 33 6
19.983 4.8497 2.023 64 36 25
20.024 4.9472 2.0113 63 36 19
19.99 4.8411 2.0661 65 35 17
19.982 4.5588 2.0237 65 36 12
19.988 4.5392 2.0636 63 35 8
20.016 4.5252 2.0677 62 32 16
20.005 4.7567 2.0282 64 34 20
20.01 4.5273 2.0333 62 36 9
20.026 4.6568 2.0366 61 36 6
19.967 4.6929 2.0272 63 34 13
20.044 4.7812 2.0429 63 37 20
20.131 4.7066 2.0611 57 34 16
20.131 4.7058 2.0614 57 34 16
20.112 4.7878 2.0611 66 40 25
20.081 4.7869 2.0701 62 36 9
20.104 4.5802 2.0198 64 36 7
20.073 4.5224 2.0563 66 36 18
20.109 4.5558 2.0665 64 36 5
20.066 4.74 2.0189 61 32 8
20.121 4.4099 2.1037 65 37 6
20.124 4.6957 2.0293 62 34 7
20.093 4.6728 2.0491 65 35 19
20.051 4.7922 2.0728 64 34 16
20.055 4.6414 2.0368 63 35 4
20.085 4.648 2.025 65 33 8
20.048 4.6264 2.0078 62 34 5
20.183 4.8341 2.0671 61 35 8
20.211 4.805 2.0696 56 28 14
20.211 4.875 2.0026 61 36 16
20.182 4.6924 2.0222 60 36 0
20.203 4.5981 2.0611 66 38 1
20.159 4.6945 2.0592 65 38 21
20.215 4.6574 2.0654 64 34 20
20.173 4.7893 2.0496 63 38 18
20.152 4.8362 2.0712 65 40 10
20.165 4.55 2.0602 62 34 5
20.151 4.6612 2.045 63 36 0
20.19 4.5177 2.0697 65 37 10
20.151 4.6649 2.0435 63 36 0
20.141 4.6133 2.035 68 40 11
20.191 4.716 2.044 63 35 8
20.144 4.816 2.0439 59 31 18
20.287 4.736 2.0484 65 37 8
20.285 4.8712 2.0608 66 38 1
20.257 4.7298 2.0603 62 38 4
20.253 4.8613 2.0752 64 38 11
20.302 4.6633 2.0475 62 36 9
20.295 4.7531 2.0742 62 31 19
20.287 4.593 2.047 63 38 8
20.246 4.5258 2.0545 66 37 13
20.247 4.6908 2.0452 65 37 8
20.254 4.5499 2.0743 65 35 11
20.274 4.676 2.0436 66 38 9
20.314 4.8612 2.0595 67 39 12
20.268 4.7693 2.0733 61 35 18
20.281 4.5849 2.0189 65 39 12
20.24 4.7907 2.0705 64 38 21
20.233 4.6182 2.0463 66 38 1
20.223 4.5722 2.0364 63 37 12
20.341 4.5796 2.0412 63 36 15
20.344 4.718 2.0443 63 35 6
20.406 4.8669 2.0403 61 38 20
20.364 4.7851 2.0829 65 39 25
20.322 4.7774 2.0258 64 36 22
20.343 4.5498 2.0862 64 35 13
20.366 4.641 2.1108 65 36 12
20.326 4.7608 2.0665 64 36 9
20.359 4.5142 2.0702 65 37 10
20.363 4.6559 2.0697 64 35 11
20.306 4.5246 2.0754 65 36 12
20.35 4.7264 2.0732 64 36 22
20.357 4.9565 2.0123 65 36 12
20.404 4.8154 2.0991 67 37 3
20.384 4.6457 2.0372 65 39 12
20.336 4.7083 2.018 64 36 0
20.456 4.8402 2.0036 62 35 14
20.473 4.9085 2.0092 66 38 1
20.45 4.9183 2.0442 63 35 24
20.411 4.6032 2.0827 61 33 4
20.398 4.699 2.0441 63 36 1
20.415 4.6634 2.0269 65 38 3
20.466 4.8288 2.0747 62 32 16
20.416 4.7416 2.0891 62 34 20
20.434 4.5469 2.1358 65 36 14
20.475 4.9153 2.0057 66 38 1
20.438 4.572 2.1228 65 36 14
20.479 4.7688 2.0653 63 34 13
20.43 4.5853 2.0534 67 36 15
20.447 4.5276 2.0764 66 37 3
20.392 4.5519 2.048 67 38 16
20.414 4.7626 2.0458 63 36 19
20.44 4.609 2.0748 65 38 1
20.545 4.8136 2.0362 61 31 13
20.508 4.5643 2.0477 62 34 20
20.519 4.7999 2.0773 56 35 18
20.53 4.8302 2.0992 57 32 2
20.535 4.9118 1.9911 62 35 14
20.495 4.5848 2.1076 62 32 14
20.491 4.5906 2.0724 62 38 4
20.568 4.7819 2.0406 61 33 4
20.464 4.5913 2.075 67 40 3
20.489 4.6979 2.0584 64 35 3
20.485 4.584 2.0439 60 35 15
20.549 4.8048 2.0687 62 33 12
20.521 4.6051 2.0594 60 37 6
20.543 4.5999 2.026 59 35 0
20.52 4.5746 2.107 59 36 3
20.595 4.6699 2.0493 62 34 5
20.598 4.6634 2.086 58 33 1
20.674 4.9257 2.0655 61 34 17
20.681 4.9549 2.0533 61 34 17
20.607 4.9176 2.0521 59 31 17
20.631 4.6842 2.0678 57 33 0
20.576 4.7957 2.0687 62 34 5
20.599 4.7664 2.074 60 34 7
20.659 4.8821 2.0498 62 34 23
20.594 4.5675 2.061 58 31 22
20.637 4.7294 2.0139 63 33 5
20.644 4.7154 2.0834 62 32 8
20.57 4.5767 2.0633 62 34 7
20.543 4.5819 2.0703 66 39 6
20.577 4.6901 2.0787 62 38 4
20.706 4.8148 2.101 60 36 24
20.637 4.6128 2.0656 61 35 8
20.67 4.6191 2.0894 63 33 9
20.687 4.7612 2.0945 60 34 7
20.686 4.6654 2.097 63 35 6
20.726 4.8016 2.0676 60 35 3
20.798 5.0558 1.9906 60 36 26
20.679 4.5652 2.076 60 30 14
20.674 4.8226 2.0688 57 33 5
20.685 4.7706 2.0563 58 30 17
20.688 4.7657 2.0924 60 35 5
20.615 4.5422 2.0702 59 36 5
20.675 4.8052 2.1114 61 37 3
20.659 4.5929 2.0724 62 34 7
20.68 4.7667 2.0243 57 33 7
20.633 4.5107 2.0789 60 32 21
20.777 4.7783 2.064 61 35 8
20.78 4.6758 2.1389 62 34 7
20.763 4.6613 2.0501 65 36 12
20.802 4.7664 2.0661 61 34 1
20.85 4.9006 2.0719 62 36 19
20.779 4.8727 2.0633 56 33 15
20.739 4.4984 2.09 61 37 11
20.787 4.7963 2.0879 59 31 20
20.76 4.5598 2.096 62 31 10
20.775 4.7691 2.0689 61 35 8
20.819 4.8935 2.0807 61 32 8
20.812 4.8711 2.0916 61 32 8
20.768 4.6632 2.0807 60 36 2
20.756 4.804 2.06 55 31 3
20.799 4.6759 2.0718 58 33 3
20.879 4.8178 2.0624 63 32 11
20.838 4.7901 2.0478 58 36 0
20.835 4.7696 2.0949 63 33 5
20.812 4.5542 2.0839 54 28 1
20.84 4.5595 2.075 63 37 22
20.8 4.6816 2.0697 58 33 3
20.841 4.7228 2.0406 63 36 17
20.871 4.7055 2.1082 63 35 6
20.868 4.7055 2.0732 58 32 5
20.85 4.7394 2.0669 58 34 6
20.891 4.662 2.1839 61 38 20
20.991 4.8853 2.0459 62 33 2
20.912 4.7238 2.157 63 40 22
20.931 4.7194 2.0867 65 33 21
20.907 4.5923 2.0787 61 35 18
20.941 4.6795 2.0717 67 37 21
20.949 4.7846 2.0282 65 36 5
20.907 4.6715 2.0502 63 41 18
20.99 4.7993 2.0768 63 35 6
20.879 4.6475 2.1274 63 33 7
20.879 4.657 2.0909 63 35 0
20.977 4.8324 2.1016 57 37 13
20.879 4.6688 2.0543 60 27 18
20.926 4.7768 2.1011 63 36 3
20.946 4.6859 2.1003 64 34 6
21.052 4.8808 2.065 58 30 17
21.032 4.8194 2.1299 63 41 28
21.057 4.8288 2.0542 67 38 6
20.986 4.6444 2.1027 66 35 14
20.982 4.707 2.0784 64 37 0
21.111 4.9652 2.0279 58 31 14
20.97 4.5455 2.0828 59 31 18
21.037 4.7184 2.0346 63 38 18
21.029 4.6874 2.0798 68 37 25
21.034 4.9113 2.0578 62 30 17
20.977 4.6277 2.0801 65 39 24
20.983 4.6438 2.0723 65 39 24
21.008 4.7697 2.0821 61 36 4
20.971 4.622 2.0528 62 39 21
21.03 4.6892 2.0789 68 37 25
21.06 4.6374 2.0646 70 40 12
21.139 4.8109 2.076 64 39 9
21.058 4.7457 2.1156 66 35 7
21.089 4.7639 2.0698 64 35 1
21.11 4.8072 2.0812 62 33 2
21.013 4.5766 2.1298 66 38 9
21.118 4.7038 2.0515 67 35 22
21.055 4.6922 2.0426 66 38 24
21.096 4.6427 2.1119 69 42 9
21.11 4.6932 2.0281 67 42 12
21.077 4.7315 2.0852 64 35 1
21.093 4.7115 2.0599 65 41 7
20.996 4.548 2.0779 67 42 12
18.111 4.2768 1.9898 213 140 56
18.028 4.3583 1.9799 115 84 53
18.176 4.2666 2.0556 85 55 29
18.098 4.3561 1.9715 123 85 57
18.097 4.3573 1.9712 123 85 57
17.958 4.6154 1.8536 82 51 21
18.073 4.3608 2.0054 88 60 23
18.194 4.2086 2.0251 149 97 50
18.188 4.3211 1.9766 86 49 30
18.116 4.4916 1.911 72 46 23
18.204 4.4322 1.9761 74 43 22
18.287 4.2571 1.9754 73 40 25
18.207 4.3917 1.9305 71 39 14
18.178 4.3839 1.9377 80 47 14
18.287 4.237 1.9507 74 40 13
18.219 4.3911 1.9632 72 43 22
18.345 4.1992 1.9687 71 40 10
18.212 4.3708 2.0126 75 44 24
18.339 4.2448 2.0127 72 40 17
18.317 4.258 1.9679 74 42 19
18.237 4.2812 1.9634 78 45 26
18.145 4.4007 1.9688 78 48 20
18.41 4.2121 1.9836 69 44 0
18.277 4.474 1.9317 74 45 24
18.248 4.5398 1.9305 75 46 24
18.336 4.363 1.9599 69 42 9
18.365 4.2984 1.9598 68 38 10
18.312 4.3475 1.97 68 38 24
18.247 4.4687 1.9401 70 43 24
18.211 4.5234 1.9093 70 43 24
18.258 4.5237 1.9396 75 46 24
18.372 4.2219 1.9805 67 40 23
18.408 4.3689 1.9771 75 46 22
18.439 4.3938 1.9985 84 54 28
18.401 4.4353 1.9345 77 52 32
18.357 4.4204 1.9912 78 50 21
18.347 4.4185 1.9618 66 39 20
18.377 4.4403 1.9708 81 52 30
18.349 4.4331 1.9843 78 50 21
18.549 4.3678 1.9882 85 58 37
18.584 4.2308 2.0404 80 53 32
18.466 4.4576 1.945 90 64 37
18.557 4.3152 1.9534 72 44 15
18.511 4.2838 1.9801 76 45 24
18.545 4.3555 1.9649 80 49 37
18.458 4.4161 1.9767 89 57 42
18.556 4.2625 1.9912 76 51 21
18.447 4.4118 1.9383 81 52 31
18.603 4.4269 2.011 82 53 31
18.71 4.2012 2.0039 76 47 15
18.637 4.3012 1.9799 73 48 28
18.567 4.3569 2.0311 89 59 33
18.534 4.475 1.9576 83 51 30
18.566 4.3727 1.9422 80 50 32
18.601 4.3898 1.9647 78 48 30
18.659 4.3397 1.9864 75 48 27
18.597 4.3373 1.998 81 51 33
18.635 4.3638 1.9385 77 47 31
18.594 4.4236 1.9779 82 52 24
18.672 4.3954 1.9806 72 47 24
18.645 4.4741 1.9761 79 49 31
18.661 4.3998 1.9519 73 46 29
18.588 4.4978 1.9329 78 52 29
18.757 4.2261 1.9761 76 47 16
18.81 4.2017 2.0224 72 43 22
18.725 4.2297 1.9774 74 47 12
18.745 4.2721 1.9838 76 45 25
18.58 4.514 1.9243 76 49 30
18.71 4.2806 1.985 75 44 24
18.694 4.4376 1.9881 75 45 29
18.614 4.4694 1.9805 80 51 27
18.695 4.4137 1.9657 79 48 28
18.758 4.4158 1.9539 74 46 32
18.717 4.5508 1.9483 75 48 27
18.772 4.4088 1.992 73 44 23
18.747 4.3939 2.0024 75 46 24
18.838 4.3093 2.0092 74 45 14
18.837 4.2902 1.9871 70 43 26
18.82 4.2596 2.0082 76 45 25
18.777 4.4913 1.9758 72 42 28
18.869 4.2861 1.9844 72 42 26
18.851 4.3037 1.9393 73 45 16
18.954 4.225 2.006 68 42 15
18.916 4.2692 2.0222 72 43 21
18.858 4.3566 2.0104 76 46 22
18.827 4.4505 1.9924 75 46 24
18.915 4.3427 1.9701 70 39 21
18.888 4.433 1.9547 74 43 31
18.931 4.1892 2.0038 72 44 17
18.903 4.2767 1.9846 71 43 16
18.89 4.3769 2.0272 76 49 28
18.883 4.3677 1.9957 73 46 27
18.915 4.39 2.0128 73 44 23
18.859 4.3304 1.9927 72 46 23
18.991 4.3306 2.0031 76 46 28
19.05 4.2767 2.0576 76 46 28
18.941 4.4054 1.9998 72 43 22
18.989 4.3119 1.982 71 41 23
19.007 4.2396 1.9885 70 42 15
18.933 4.531 1.9569 72 48 22
18.966 4.4196 1.9839 68 47 20
18.908 4.513 1.9727 76 47 26
18.957 4.2905 1.9602 72 41 20
18.954 4.3219 1.978 73 43 25
19.012 4.328 1.9647 72 44 17
19.005 4.3735 1.9747 76 45 25
19.058 4.3087 1.9986 72 43 22
19.021 4.4673 1.979 75 48 27
19.053 4.3508 2.0098 71 44 27
19.057 4.4824 1.999 76 46 28
19.13 4.2724 2.0102 73 45 18
19.075 4.3473 1.9726 69 43 20
19.08 4.3595 1.9991 74 47 30
18.977 4.4993 1.9677 74 47 30
19.054 4.4629 1.9772 75 48 31
19.076 4.5884 1.8915 77 48 24
19.124 4.4687 1.9962 75 48 29
19.195 4.2517 2.0122 76 47 26
19.16 4.452 1.9964 80 53 34
19.18 4.3279 1.9983 76 47 26
19.084 4.4949 1.9863 76 50 25
19.152 4.2963 1.994 70 44 21
19.22 4.2648 1.9986 74 44 18
19.191 4.2391 1.9897 73 43 29
19.175 4.1996 2.0167 72 46 23
19.165 4.408 1.9895 91 60 40
19.218 4.3 2.008 79 48 28
19.219 4.2692 1.9964 74 44 18
19.285 4.2695 2.019 76 47 26
19.236 4.372 1.998 83 54 30
19.226 4.4053 1.9789 80 51 27
19.214 4.4824 1.9697 102 70 32
19.278 4.3868 2.045 106 73 42
19.189 4.4572 1.986 120 82 46
19.251 4.2564 1.9969 74 44 20
19.198 4.3985 1.9886 84 55 34
19.214 4.5131 1.9827 83 53 25
19.202 4.4438 2.0284 92 63 39
19.27 4.3573 2.0011 79 50 29
19.279 4.3235 2.0201 79 50 29
19.246 4.4781 1.9654 93 64 33
19.307 4.2636 1.9839 74 45 23
19.221 4.3908 1.9528 75 46 25
19.337 4.3239 2.0043 71 44 23
19.328 4.3929 2.0002 85 56 24
19.302 4.3451 2.0024 72 45 26
19.305 4.3666 2.0229 86 57 23
19.314 4.4869 1.9815 73 42 22
19.36 4.4203 2.0122 70 43 26
19.299 4.326 1.9801 72 47 17
19.372 4.2636 2.0053 71 44 23
19.287 4.4728 1.9967 104 71 38
19.351 4.2342 2.0269 72 42 24
19.41 4.2211 2.0235 68 39 17
19.386 4.2379 2.05 77 45 30
19.371 4.3386 2.0226 70 42 28
19.45 4.3401 1.9755 69 38 17
19.395 4.3608 2.0054 70 41 20
19.396 4.3187 1.9996 71 42 21
19.406 4.3858 2.0561 68 41 22
19.422 4.451 2.0176 67 38 16
19.41 4.4697 1.9731 70 42 15
19.341 4.5428 1.9793 68 41 22
19.474 4.1808 2.0387 65 39 14
19.438 4.259 2.028 71 41 23
19.46 4.3702 2.0223 68 40 11
19.395 4.3591 2.0073 70 41 20
19.46 4.3295 2.0146 68 43 21
19.433 4.3181 2.0274 70 43 24
19.393 4.4059 2.0133 69 39 23
19.428 4.2657 1.993 68 40 11
19.509 4.5144 1.9965 65 39 24
19.526 4.3681 2.0436 71 42 18
19.514 4.3924 1.9993 66 41 21
19.541 4.3601 1.98 69 40 16
19.449 4.469 2.0002 68 38 24
19.561 4.1907 2.0477 65 35 19
19.478 4.4277 1.9843 68 42 15
19.478 4.4723 1.9924 68 42 19
19.506 4.2307 2.0629 70 39 18
19.524 4.2468 2.0193 69 40 16
19.5 4.2251 2.0377 70 41 20
19.532 4.2445 2.0503 70 41 19
19.542 4.4028 1.989 68 41 24
19.54 4.361 1.9802 69 40 16
19.584 4.3109 2.0355 69 42 25
19.567 4.5344 1.9755 62 33 12
19.616 4.3988 2.0443 69 39 21
19.581 4.3861 2.0259 63 37 12
19.549 4.456 2.0247 66 42 16
19.642 4.2997 2.0301 70 44 21
19.611 4.4316 2.026 69 39 21
19.576 4.3169 2.0005 70 42 15
19.598 4.4734 1.9704 71 41 23
19.64 4.2536 2.0243 71 42 11
19.543 4.446 1.9965 68 39 15
19.582 4.2279 2.0201 68 40 13
19.612 4.3109 2.029 71 42 21
19.608 4.2865 2.0124 70 41 20
19.647 4.4411 2.0462 67 41 14
19.668 4.3802 2.0115 70 39 19
19.661 4.3726 1.9843 71 41 25
19.632 4.5028 1.9823 67 40 23
19.694 4.4801 1.985 69 40 16
19.675 4.4485 2.0393 66 37 15
19.702 4.2545 2.047 70 40 24
19.695 4.2538 2.0161 67 37 11
19.638 4.3857 2.0132 70 40 26
19.673 4.3963 2.0357 69 41 27
19.696 4.5307 1.9892 66 40 15
19.703 4.3105 2.0465 69 42 25
19.665 4.2769 2.0074 73 44 13
19.754 4.4599 1.9846 68 39 15
19.792 4.4233 2.0305 67 38 17
19.788 4.3812 2.0201 65 38 17
19.733 4.45 2.0272 68 41 24
19.783 4.2434 2.0384 67 38 16
19.756 4.3426 2.017 70 40 24
19.729 4.4081 2.0171 71 40 19
19.813 4.182 2.0654 67 36 16
19.765 4.5075 2.0224 65 37 23
19.756 4.2441 2.0424 68 35 18
19.725 4.3768 2.0051 68 38 22
19.785 4.3238 2.0229 69 43 20
19.761 4.4681 2.0119 66 36 22
19.825 4.4706 2.0313 64 37 16
19.819 4.4514 2.0093 66 37 16
19.872 4.3685 2.011 68 38 10
19.845 4.3472 2.0313 65 40 18
19.857 4.3821 2.0733 66 39 20
19.796 4.4702 2.0366 63 36 17
19.869 4.2548 2.0465 67 37 9
19.853 4.3231 2.0726 64 37 16
19.816 4.2504 2.0584 66 37 6
19.841 4.2836 2.0348 63 36 17
19.817 4.3588 2.0294 66 42 16
19.877 4.4103 2.02 68 39 18
19.876 4.447 1.9992 65 38 17
19.946 4.4596 2.0475 66 39 22
19.927 4.3017 2.0388 65 37 8
19.921 4.2596 2.033 63 36 19
19.911 4.4318 2.0362 67 39 12
19.917 4.5105 2.0252 64 39 19
19.883 4.4446 2.0344 65 40 18
19.933 4.3974 2.0184 66 38 24
19.939 4.4085 2.0446 68 40 9
19.948 4.2837 2.0142 63 35 0
19.96 4.3691 2.0311 60 38 17
19.894 4.3236 2.001 65 35 19
19.906 4.3406 2.0534 64 36 22
19.899 4.3637 2.0101 64 38 23
19.954 4.3186 2.0259 57 30 13
20.001 4.4294 2.0531 67 35 22
19.994 4.382 2.045 68 38 20
19.988 4.3704 2.0203 65 34 22
20.029 4.4432 2.0393 68 43 13
20.041 4.6098 1.9844 67 39 12
20.007 4.325 2.0111 62 35 24
19.973 4.4131 2.0682 61 35 18
19.973 4.2029 2.0577 64 35 11
20.02 4.357 2.0541 57 27 11
20.04 4.3291 2.034 66 39 22
20.031 4.2404 2.0541 63 38 8
19.967 4.4709 2.0028 64 38 11
19.981 4.3205 2.0188 67 36 5
20.014 4.3642 2.0199 61 34 15
20.108 4.378 2.0542 65 38 21
20.084 4.4336 2.0343 67 37 11
20.083 4.2612 2.0315 67 37 11
20.097 4.5706 1.9959 65 37 10
20.101 4.3758 2.0292 63 39 13
20.114 4.2568 2.0605 66 35 14
20.058 4.4829 2.0149 67 39 25
20.094 4.3469 2.0154 66 37 13
20.058 4.2706 2.0318 63 37 10
20.116 4.4253 2.0664 66 38 24
20.05 4.4184 2.0154 64 37 18
20.072 4.3212 2.0647 65 39 22
20.058 4.4698 2.0212 67 39 25
20.065 4.4988 2.0378 66 36 10
20.064 4.2742 2.0609 65 37 10
20.171 4.4388 2.0475 67 37 11
20.207 4.4702 2.0568 63 39 25
20.181 4.4847 2.0561 62 39 0
20.162 4.4001 2.0371 64 36 22
20.125 4.3321 2.0466 67 40 21
20.155 4.5041 2.0488 57 34 18
20.178 4.3443 2.0333 62 35 2
20.155 4.4999 2.0511 57 34 18
20.186 4.3716 2.049 60 29 17
20.199 4.4407 2.0413 67 36 15
20.192 4.2722 2.0372 67 40 7
20.134 4.3788 2.0515 67 37 21
20.147 4.4774 2.0319 66 40 13
20.145 4.322 2.0185 63 38 6
20.152 4.3367 2.0403 66 39 20
20.252 4.4396 2.0304 66 40 23
20.254 4.4526 2.023 66 40 23
20.236 4.343 2.05 64 42 19
20.237 4.4947 2.0394 63 37 22
20.261 4.4657 2.0475 60 38 17
20.224 4.2887 2.0517 65 37 8
20.259 4.3631 2.0046 63 37 10
20.202 4.3209 2.0397 69 37 14
20.269 4.3651 2.0651 65 43 22
20.257 4.3111 2.064 68 43 23
20.219 4.3763 2.0684 65 35 19
20.208 4.3276 2.0615 67 40 19
20.33 4.3906 2.0734 68 37 17
20.363 4.4345 2.0403 61 37 11
20.3 4.3991 2.043 59 33 16
20.323 4.489 2.0575 63 37 22
20.339 4.3471 2.031 63 39 3
20.309 4.4263 2.0576 63 37 12
20.303 4.3101 2.0256 60 35 12
20.283 4.3124 2.06 66 35 17
20.274 4.2843 2.0449 64 35 13
20.344 4.3454 2.0584 65 39 16
20.348 4.372 2.0437 65 39 16
20.298 4.5055 2.0514 61 35 18
20.323 4.4868 2.0579 63 37 22
20.357 4.5338 2.0282 59 34 11
20.415 4.529 2.0514 63 35 24
20.355 4.2609 2.1005 64 37 18
20.403 4.2762 2.0538 63 39 1
20.379 4.5053 2.0381 66 41 18
20.408 4.3931 2.0552 62 35 14
20.36 4.3178 2.0405 63 38 6
20.432 4.3844 2.0588 63 38 15
20.397 4.3578 2.0449 63 37 14
20.398 4.4551 2.057 64 37 2
20.436 4.4974 2.0628 65 34 16
20.416 4.3259 2.0579 67 40 5
20.371 4.3249 2.0941 60 39 18
20.468 4.4358 2.0235 63 37 22
20.478 4.439 2.0809 60 38 17
20.471 4.5362 2.038 65 38 3
20.423 4.254 2.0608 65 36 15
20.444 4.3381 2.0454 61 35 12
20.484 4.3875 2.0394 58 32 7
20.476 4.3709 2.0234 61 35 8
20.499 4.3623 2.0211 58 33 13
20.499 4.3403 2.0622 54 32 11
20.452 4.4633 2.0475 65 41 15
20.482 4.3577 2.0857 63 41 20
20.506 4.4521 2.0694 60 35 15
20.481 4.3704 2.0478 58 32 7
20.466 4.4058 2.068 62 39 21
20.537 4.4735 2.0523 62 38 2
20.505 4.2567 2.1042 62 37 5
20.581 4.5293 2.048 62 35 18
20.55 4.3291 2.0892 62 36 19
20.585 4.455 2.0494 61 37 3
20.552 4.4461 2.0336 58 33 11
20.5 4.3243 2.0998 62 36 22
20.56 4.5563 2.0412 63 39 11
20.555 4.3662 2.0401 55 33 12
20.567 4.4892 2.0435 61 35 8
20.634 4.796 1.846 62 36 19
20.559 4.2798 2.0792 57 32 0
20.653 4.4202 2.0568 59 35 7
20.634 4.4283 2.0843 59 32 15
20.594 4.4019 2.0404 63 35 8
20.602 4.2608 2.0799 57 34 16
20.618 4.3836 2.0764 62 32 18
20.667 4.5398 2.059 60 35 5
20.631 4.3549 2.0603 60 34 9
20.611 4.4352 2.0827 58 32 17
20.591 4.3103 2.0565 64 34 6
20.668 4.4594 2.0623 61 35 8
20.632 4.2797 2.0644 58 34 6
20.606 4.3513 2.0647 61 33 19
20.702 4.3999 2.0796 61 28 21
20.688 4.3619 2.07 59 33 8
20.733 4.4929 2.064 63 37 10
20.678 4.3435 2.0573 56 30 3
20.693 4.5359 2.0538 59 33 8
20.689 4.2989 2.0734 59 33 8
20.68 4.4106 2.0828 62 36 11
20.651 4.2637 2.0707 58 34 6
20.694 4.386 2.0585 59 33 8
20.679 4.4215 2.0513 64 33 25
20.703 4.4801 2.0764 63 35 21
20.634 4.2759 2.0983 59 30 8
20.729 4.2711 2.0775 65 37 0
20.808 4.4849 2.0549 61 35 21
20.804 4.4063 2.0595 64 36 7
20.757 4.2858 2.0664 57 34 3
20.756 4.346 2.0686 59 35 7
20.797 4.5322 2.0342 65 36 12
20.783 4.5576 2.0568 58 32 9
20.819 4.5079 2.0734 63 43 8
20.776 4.332 2.0703 60 33 0
20.813 4.5699 2.0458 60 34 19
20.81 4.424 2.0496 64 36 7
20.741 4.3777 2.0559 62 34 7
20.774 4.3927 2.0738 67 36 26
20.819 4.3843 2.0338 63 33 5
20.818 4.3735 2.0693 60 33 16
20.909 4.6089 2.04 67 40 21
20.837 4.354 2.0725 66 35 25
20.869 4.3784 2.06 64 39 9
20.903 4.5142 2.0805 68 40 26
20.836 4.2936 2.0723 63 35 6
20.815 4.4288 2.0774 63 34 26
20.82 4.3182 2.0652 65 35 9
20.888 4.4233 2.0656 66 39 22
20.945 4.4287 2.0769 61 34 23
20.951 4.5763 2.0433 63 32 22
20.909 4.4021 2.0999 65 35 11
20.901 4.4499 2.0798 63 32 20
20.885 4.4145 2.07 66 39 22
20.98 4.4472 2.0927 66 41 11
21.041 4.5356 2.0431 64 35 13
21.014 4.526 2.0809 68 38 20
21.059 4.5752 2.0549 64 36 7
21.008 4.5249 2.0223 71 41 27
21.065 4.5259 2.0762 66 38 7
19.06 5.749 3.2413 22 9 0
21.355 5.8174 2.8103 50 21 0
20.064 3.5813 3.0401 34 16 12
19.15 5.0256 2.215 68 41 24
18.993 5.4851 2.0516 70 43 24
19.505 5.5689 2.0429 59 33 16
19.501 5.5104 2.0203 60 33 12
19.596 5.5725 2.0755 62 35 18
19.676 5.5648 2.0481 60 35 13
19.696 5.1756 2.1561 58 36 12
19.636 5.5689 2.0602 62 36 13
19.729 5.5182 2.1056 57 35 14
19.8 5.4407 2.0729 59 34 12
19.763 5.4347 2.0897 57 33 7
19.75 5.4959 2.0248 60 33 16
19.72 5.5153 2.0694 58 34 8
19.711 5.5003 2.0304 58 34 20
19.752 5.4669 2.0352 60 33 16
19.887 5.3259 2.1413 58 33 13
19.838 5.441 2.0649 58 33 10
19.878 5.3331 2.0972 59 33 10
19.931 5.5666 2.0921 56 34 13
19.978 5.5319 2.1279 58 32 17
19.998 5.487 2.0563 62 33 9
19.971 5.6671 2.0507 56 33 15
20.009 5.642 2.0408 57 31 16
19.986 5.4984 2.185 56 30 15
20.046 5.5615 2.0587 63 31 18
20.017 5.5955 2.1009 59 31 17
20.038 5.5768 2.0161 59 31 18
19.949 5.6894 2.1256 54 35 5
20.163 5.607 2.0289 61 33 19
20.13 5.5564 2.0951 62 37 7
20.159 5.5468 2.0477 60 32 18
20.056 5.59 2.1006 59 31 17
20.091 5.5317 2.1086 60 35 12
20.085 5.5692 2.053 60 34 20
20.126 5.6428 2.0219 62 34 7
20.259 5.3972 2.0834 64 35 3
20.205 5.5567 2.0759 60 34 9
20.232 5.5181 2.0405 60 34 11
20.214 5.5594 2.118 61 37 11
20.178 5.5872 2.1082 60 32 18
20.237 5.4814 2.0889 55 37 17
20.304 5.4248 2.1018 57 31 6
20.285 5.6132 2.0346 61 37 9
20.488 5.6226 2.0809 58 33 11
20.537 5.4288 2.1674 60 33 16
20.511 5.4856 2.158 56 31 11
20.61 5.6911 2.0286 57 31 4
20.743 5.8509 2.1186 57 31 4
20.67 5.4312 2.099 59 34 14
20.627 5.5773 2.0577 60 33 16
20.687 5.3226 2.1681 59 34 14
20.728 5.5429 2.054 59 35 1
20.763 5.5138 2.0936 58 32 18
20.769 5.57 2.0329 59 34 4
20.874 5.4937 2.1526 56 35 4
20.944 5.7939 2.0063 60 34 7
20.878 5.558 2.0527 58 34 0
20.95 5.6744 2.0437 60 37 4
17.704 5.1102 1.9091 69 42 21
17.912 4.8643 2.0182 70 43 22
17.781 5.1047 1.9923 76 47 23
18.01 4.7732 2.0521 73 44 22
17.765 5.1028 1.9418 75 44 24
17.896 4.8588 2.1878 72 45 10
17.813 5.0962 1.9462 72 48 22
17.888 5.0042 2.0295 72 46 23
17.859 5.2678 1.9258 81 54 33
18.09 4.9943 1.9919 93 64 43
17.978 5.2299 1.832 105 74 46
18.243 4.9519 2.0209 93 64 42
18.105 5.1798 1.8842 97 67 39
18.059 5.1886 1.8875 104 74 46
18.306 4.6866 2.1206 97 67 41
18.364 4.7966 2.0842 88 60 33
18.297 4.9722 1.9644 86 56 32
18.262 4.9647 1.973 92 64 37
18.182 5.2957 1.9839 80 49 28
18.303 5.1911 1.9702 81 51 25
18.432 4.9043 2.0577 80 51 29
18.318 5.1068 1.9257 84 54 28
18.305 5.2431 1.8963 81 51 27
18.387 5.0459 1.9424 84 54 28
18.342 5.1961 1.9632 76 47 25
18.438 5.1914 1.9882 78 49 27
18.376 5.2096 1.9485 80 50 22
18.341 5.3727 2.0044 80 49 28
18.54 4.8306 2.0704 80 51 27
18.562 4.8628 2.0497 79 48 27
18.456 4.9817 1.9625 79 50 29
18.369 5.2238 1.9419 80 50 22
18.546 5.0362 2.0468 80 50 22
18.57 4.8199 2.0345 75 46 24
18.54 4.9934 1.9851 78 47 29
18.384 5.3391 1.9683 79 51 22
18.521 4.871 2.0514 78 49 25
18.366 5.2591 1.9659 80 47 28
18.609 5.0385 1.9875 81 49 26
18.762 4.7293 2.0861 80 49 28
18.598 4.9761 2.0253 79 49 23
18.638 5.0617 1.9727 80 50 24
18.731 4.8052 2.0504 80 49 28
18.637 4.9441 1.9931 78 48 24
18.579 5.2018 2.0423 81 50 30
18.556 5.0447 1.9571 80 48 25
18.622 5.2961 1.9891 89 59 31
18.611 5.3587 2.0051 94 62 37
18.538 5.3407 1.8924 81 50 29
18.681 5.1115 2.0225 85 55 31
18.749 4.8492 2.0246 80 51 27
18.869 4.9775 2.006 80 54 31
18.882 4.9088 2.0047 79 53 28
18.838 4.9637 2.0287 82 56 31
18.852 5.0616 2.0118 83 55 28
18.823 5.1815 1.9997 82 56 31
18.823 5.1797 2.0003 82 56 31
18.812 5.2478 2.0137 81 51 23
18.833 5.3057 1.9812 78 47 26
18.959 4.9273 2.0159 76 49 28
18.937 5.2308 1.998 77 48 26
19.078 4.7705 2.0742 77 50 33
18.931 5.0512 2.0007 80 51 30
18.953 5.1047 1.9738 76 49 30
18.943 5.0465 2.0434 76 50 23
18.816 5.3217 1.9328 76 50 23
18.914 5.178 2.0285 76 50 27
18.999 4.916 2.0157 77 51 28
18.875 5.0744 1.9622 78 52 29
18.945 5.203 2.0086 77 48 26
18.875 5.1106 1.9884 76 50 25
18.836 5.2606 1.9591 76 50 23
18.804 5.3117 2.0324 83 54 22
18.949 5.1527 1.9921 75 49 24
19.042 4.9999 2.0861 73 47 20
19.088 5.0614 2.0028 75 49 26
19.08 4.9207 2.0359 77 50 31
19.016 5.225 1.9823 75 46 24
18.98 5.1776 1.9724 77 48 27
19.096 4.8299 2.0432 78 49 25
19.104 5.0418 2.0518 75 47 18
19.027 5.1471 1.9735 76 47 25
19.02 5.0015 2.0083 76 49 28
19.107 5.2661 2.0337 68 41 22
19.173 5.0175 2.0076 69 42 25
19.167 5.0423 1.9966 69 42 25
19.153 5.2346 2.0318 64 38 13
19.227 4.8996 2.0197 69 40 19
19.09 5.2853 1.9829 69 42 23
19.18 4.9482 2.0024 74 45 23
19.204 5.0401 1.9919 68 41 22
19.155 4.9034 2.0242 74 47 26
19.109 5.3002 2.0609 68 38 20
19.157 5.1247 2.0017 68 43 23
19.126 5.3006 1.9695 69 40 18
19.238 4.856 2.0387 69 40 19
19.12 5.1258 2.0103 75 44 26
19.131 5.0399 2.0044 72 45 24
19.286 5.0009 1.9948 65 38 17
19.229 5.4299 1.9313 62 36 9
19.26 5.0001 2.0399 63 38 18
19.184 5.1726 1.9732 63 36 15
19.303 4.76 2.1109 67 40 21
19.277 5.1414 2.0127 65 39 14
19.235 5.1608 2.0047 64 38 11
19.177 5.2984 2.0054 62 35 16
19.337 4.9751 2.0396 63 37 14
19.281 5.0733 2.0028 64 38 23
19.333 4.9429 2.0142 64 38 21
19.212 5.097 2.0422 69 42 9
19.383 4.966 2.0663 61 37 11
19.412 4.9465 2.0354 66 40 23
19.406 5.096 2.0434 62 36 21
19.407 5.0341 2.0349 67 38 14
19.355 5.0154 1.9749 68 38 22
19.378 4.942 2.0429 63 39 13
19.39 5.0225 1.9662 65 39 16
19.483 5.0057 2.0392 64 37 20
19.452 5.1585 2.097 62 38 12
19.493 4.8688 2.0556 66 37 15
19.449 4.9925 2.0428 66 36 18
19.512 5.0479 2.0096 66 40 15
19.469 5.1611 2.0078 65 36 14
19.586 4.6735 2.1315 63 37 12
19.432 5.0392 1.9884 65 35 19
19.544 5.1534 1.9946 65 39 12
19.633 4.9064 2.0518 68 39 15
19.603 4.9485 2.073 64 35 14
19.481 5.5046 1.9346 63 36 19
19.556 4.9779 2.0293 63 36 19
19.616 5.1543 1.9745 65 38 17
19.587 5.007 2.0118 64 38 11
19.559 5.1029 2.0506 61 34 15
19.561 5.1629 2.0702 61 32 8
19.505 5.3992 2.022 63 35 6
19.674 5.3421 2.0511 61 34 1
19.658 5.424 1.975 59 33 10
19.709 5.0067 2.066 62 35 16
19.704 5.1878 2.0281 60 37 19
19.675 4.8983 2.0826 65 40 20
19.634 5.3739 2.0552 59 35 1
19.667 5.0939 2.0363 63 34 12
19.644 5.1543 2.0974 61 35 12
19.619 5.3203 1.9867 64 37 20
19.705 4.9421 2.0533 65 36 14
19.704 5.3137 2.0183 59 35 1
19.704 4.8536 2.0619 63 38 15
19.713 5.3219 2.0531 58 33 3
19.642 5.4935 1.9074 65 36 12
19.666 4.9089 2.0395 66 41 11
19.837 5.0175 1.9949 62 35 18
19.837 5.2097 2.1093 56 33 2
19.778 4.9879 2.0595 62 37 15
19.837 5.0144 1.996 62 35 18
19.846 4.9909 2.0453 59 34 4
19.795 5.3529 2.0673 59 34 11
19.775 5.2163 2.0007 64 36 22
19.846 4.9733 2.0514 59 34 4
19.806 4.932 2.0411 66 37 16
19.808 5.091 2.0077 62 37 17
19.815 5.1095 2.0421 61 34 15
19.771 4.9683 2.0317 63 36 19
19.874 4.8718 2.0555 63 36 17
19.861 4.9967 2.1148 55 32 14
19.878 5.0332 2.0184 62 35 18
19.899 5.2553 2.0441 58 34 6
19.907 5.3287 2.0565 59 31 17
19.852 5.0366 2.063 59 33 8
19.913 4.9791 2.0369 62 37 17
20.003 5.0584 2.0935 60 35 15
20.013 5.2046 2.0771 57 33 7
19.996 5.0873 2.0562 62 32 18
19.962 5.1441 2.0311 60 34 7
19.986 4.9571 2.0703 62 36 22
20.01 4.8737 2.0629 62 35 14
20.018 4.9014 2.0876 63 37 20
19.988 5.313 2.083 60 33 0
20.023 5.305 2.0758 58 34 0
20.048 5.2037 2.0713 59 35 7
20.093 5.2649 2.0832 62 34 20
20.141 5.3621 2.0751 61 34 0
20.126 5.2213 2.0883 59 33 6
20.066 5.5102 1.9919 58 32 7
20.051 4.9475 2.0593 63 35 21
20.137 5.0771 2.0663 62 37 7
20.084 5.2318 2.0585 56 31 1
20.081 4.8825 2.0839 63 38 16
20.146 5.115 2.0845 63 38 6
20.238 5.2415 2.0996 59 36 18
20.16 5.2125 2.0799 59 34 4
20.146 4.9323 2.0486 62 37 7
20.194 5.053 2.024 66 38 24
20.174 5.3131 2.0825 62 35 0
20.17 5.0724 2.0567 60 38 15
20.242 5.1398 2.0176 67 41 14
20.219 4.9655 2.0568 66 39 20
20.197 5.2496 2.0601 60 34 11
20.181 4.9732 2.0249 58 35 2
20.182 5.1477 2.0655 62 37 7
20.162 5.0636 2.0266 63 36 19
20.197 5.0024 2.0837 60 35 15
20.222 5.2278 2.0248 61 35 8
20.224 5.1562 2.0957 61 35 8
20.211 5.3357 2.0649 64 36 5
20.297 5.095 1.9825 64 34 18
20.259 5.2606 2.0056 60 34 9
20.354 5.3654 2.0257 56 30 7
20.339 5.0647 2.0674 65 36 12
20.277 5.0911 2.0725 60 34 9
20.33 5.2118 2.0513 57 29 15
20.303 4.8716 2.0771 62 38 10
20.297 5.0354 2.0459 63 35 21
20.285 5.105 2.0956 60 32 19
20.254 4.9294 2.0989 64 37 18
20.307 5.0653 2.0735 60 34 9
20.321 4.9704 2.0704 67 37 21
20.269 5.2847 2.0364 62 37 7
20.438 5.2189 2.0622 61 35 10
20.429 5.3977 2.0018 63 34 13
20.392 5.1732 2.0498 62 35 14
20.394 5.0024 2.0812 61 34 17
20.441 5.1895 2.1055 59 35 0
20.417 4.9853 2.0438 63 34 0
20.412 5.2232 2.1054 55 32 16
20.378 5.2764 2.055 59 33 10
20.348 5.0833 2.0907 63 34 12
20.417 5.1141 2.0701 60 31 9
20.372 5.0701 2.0551 65 38 21
20.471 5.0513 2.0803 60 34 17
20.506 5.2298 2.0431 60 32 3
20.477 5.2149 2.0916 59 34 2
20.524 5.3005 2.0552 60 32 3
20.493 5.3609 1.996 60 33 16
20.5 5.0367 2.0801 65 38 5
20.486 4.9863 2.0641 62 38 12
20.532 5.1854 2.0571 60 33 16
20.459 5.0159 2.0603 64 35 13
20.506 5.0721 2.0646 65 38 5
20.448 5.1065 2.066 63 33 15
20.442 5.109 2.0261 62 36 13
20.585 5.1219 2.0681 63 35 4
20.566 5.0831 2.0088 63 33 19
20.564 5.0441 2.062 60 33 22
20.639 5.2045 2.0629 60 35 15
20.623 5.1505 2.049 60 33 16
20.595 5.0416 2.0557 65 37 24
20.523 4.991 2.0938 62 35 16
20.615 5.2467 2.0508 64 32 20
20.563 5.1758 2.0529 62 36 13
20.57 5.3326 2.0734 60 36 2
20.529 5.057 2.0321 60 34 20
20.685 5.1185 2.0847 63 37 14
20.63 5.0582 2.0414 58 35 19
20.729 5.2623 2.1046 58 30 3
20.671 4.9439 2.1127 61 36 14
20.693 5.0611 2.0262 63 38 16
20.723 5.3848 2.0604 54 31 0
20.644 4.9589 2.1132 62 35 2
20.712 5.2148 2.0827 60 35 5
20.698 5.4311 2.0526 57 31 17
20.642 5.0868 2.0634 64 39 17
20.668 5.0923 2.0239 62 40 0
20.773 5.0912 2.0713 60 38 17
20.74 4.9799 2.0826 60 35 15
20.774 5.2887 2.1136 59 33 16
20.758 4.9331 2.1022 65 35 19
20.863 5.3839 2.0708 56 32 4
20.697 4.9297 2.1152 63 37 22
20.758 5.157 2.0583 61 34 1
20.822 5.1619 2.0416 61 34 13
20.782 5.233 2.0585 59 32 15
20.727 5.1362 2.0995 62 32 16
20.806 5.3121 2.0653 58 34 0
20.768 5.287 2.0766 61 34 15
20.681 4.8806 2.1006 63 38 18
20.721 4.9239 2.0735 61 33 2
20.882 5.2253 2.0736 52 31 14
20.867 5.2735 2.1071 59 31 2
20.789 4.9399 2.0883 60 38 15
20.887 5.1312 2.1077 58 34 8
20.817 4.9327 2.0859 60 37 6
20.878 5.0236 2.0705 64 36 25
20.882 5.1294 2.0769 60 32 19
20.823 4.8487 2.1133 62 31 19
20.933 5.2287 1.9491 61 30 18
20.857 5.1684 2.0249 56 28 15
21.005 5.2839 2.1085 56 28 15
20.947 5.0389 2.0897 62 35 18
20.947 5.2301 2.0642 60 36 10
21.005 5.1952 2.0971 61 35 18
20.96 4.9968 2.0654 64 39 19
20.986 5.2364 2.0941 59 33 16
20.919 5.0596 2.0516 62 38 4
20.911 5.1221 2.0703 62 37 7
20.953 5.1415 2.0847 63 35 8
20.942 5.0359 2.0599 65 38 21
20.94 5.1143 2.0615 64 36 22
21.065 5.183 2.087 63 38 6
21.002 4.9317 2.1143 63 38 18
20.945 4.8501 2.1573 62 35 16
20.972 4.943 2.084 61 37 3
20.973 5.0245 2.0864 62 40 19
21.109 5.3034 2.0739 64 35 11
21.098 5.1989 2.0321 56 33 15
21.147 5.306 2.1073 57 31 17
21.138 5.2938 2.0752 62 34 20
17.957 4.6123 2.0035 74 41 8
17.897 4.6735 1.9301 74 45 21
17.922 4.5888 1.9806 76 46 22
17.875 4.6827 1.8837 79 48 28
17.983 4.6043 1.9578 74 44 16
17.907 4.6986 1.9911 73 42 21
18.074 4.4588 2.0016 80 49 31
18.023 4.5791 1.9302 73 45 18
18.127 4.5475 1.9648 70 43 22
18.15 4.4475 1.9966 74 44 26
17.944 4.8493 1.9689 72 43 21
17.827 4.9086 1.9619 71 44 27
18.042 4.6631 1.9901 72 40 0
18.286 4.2943 2.0683 75 44 23
18.099 4.6864 1.9628 72 42 8
17.953 4.896 1.9465 69 42 21
18.246 4.5254 1.9595 72 47 27
17.834 5.0541 1.8243 73 44 20
18.222 4.4647 2.1203 71 40 19
18.145 4.5735 1.944 75 46 25
18.098 4.6661 1.9355 69 42 25
18.292 4.5068 1.9648 75 49 26
18.07 4.8945 1.9254 73 47 22
17.93 5.0789 1.8813 74 47 26
18.464 4.6518 1.9935 89 59 25
18.497 4.6106 1.9368 84 55 34
18.232 4.9958 1.9198 91 65 40
18.481 4.5578 2.0512 103 71 32
18.433 4.7341 1.9914 88 56 31
18.469 4.5558 2.0121 106 75 31
18.509 4.6306 1.9968 81 50 30
18.342 4.9315 1.9331 85 56 22
18.406 4.7162 2.0032 95 65 37
18.327 4.8906 1.962 90 61 37
18.574 4.4223 2.077 94 62 37
18.509 4.5231 1.9875 92 64 35
18.611 4.5196 1.9712 79 47 32
18.506 4.7057 2.0694 85 53 32
18.491 4.7381 2.0567 85 53 32
18.573 4.5738 2.0202 81 53 14
18.54 4.736 1.9727 79 48 27
18.445 4.903 1.9704 82 53 31
18.649 4.5547 2.0158 76 45 27
18.545 4.6752 2.0416 81 51 25
18.617 4.5289 2.0005 79 49 21
18.469 4.8055 1.9413 81 51 25
18.503 4.69 2.0409 82 51 31
18.546 4.698 1.9516 81 50 19
18.486 4.8724 1.9434 76 47 16
18.343 4.9792 1.8625 82 53 29
18.568 4.539 1.9667 80 51 27
18.59 4.6798 2.072 80 50 32
18.583 4.6481 1.8997 79 47 24
18.633 4.5642 1.9739 79 49 23
18.752 4.5464 2.0012 74 45 24
18.719 4.5962 1.9384 74 47 28
18.567 4.9056 1.9861 79 46 27
18.698 4.5936 2.1002 76 47 23
18.714 4.5587 2.0012 74 44 18
18.606 4.7709 1.852 74 45 24
18.644 4.7637 1.9702 77 44 27
18.563 4.8105 2.0025 76 45 27
18.612 4.7325 1.9616 78 47 19
18.599 4.6866 1.9908 78 45 26
18.658 4.5835 2.0767 76 46 18
18.64 4.6225 1.9404 73 44 20
18.699 4.6164 2.0088 75 46 6
18.716 4.5299 2.0967 76 45 25
18.659 4.755 2.0107 73 41 18
18.668 4.8158 1.973 77 46 26
18.784 4.5726 2.0158 76 46 12
18.793 4.5281 2.0034 73 47 20
18.754 4.7223 2.0525 77 50 33
18.821 4.5679 2.0176 75 47 8
18.811 4.5648 1.9795 75 44 23
18.7 4.7159 1.9889 75 46 25
18.599 4.9176 1.9746 76 45 27
18.733 4.6143 2.0029 72 42 18
18.765 4.7288 1.9718 75 44 26
18.756 4.6635 2.0047 75 45 17
18.746 4.8027 1.9721 75 46 24
18.857 4.5596 2.0158 76 46 22
18.715 4.7894 1.9799 75 44 23
18.836 4.5847 1.9623 76 45 27
18.77 4.5573 1.9539 74 44 26
18.921 4.4514 2.0231 74 45 24
18.875 4.7383 1.9776 76 46 20
18.916 4.5482 1.9686 75 46 24
18.818 4.8568 2.0029 78 51 30
18.905 4.6298 1.9948 77 47 21
18.815 4.717 2.0072 76 45 24
18.812 4.8427 1.9727 77 48 24
18.943 4.5029 2.026 77 47 19
18.842 4.6229 2.0183 75 48 15
18.671 5.0154 1.9064 79 49 31
18.759 4.8856 1.9575 74 47 26
18.865 4.6781 2.0199 76 47 23
18.745 4.9503 1.966 79 48 30
18.895 4.572 2.0377 75 46 22
18.972 4.6305 1.9838 76 46 20
18.968 4.6715 1.9977 77 46 26
18.84 4.8636 1.9563 77 49 10
18.936 4.6081 1.9638 77 49 20
18.899 4.8275 1.9964 79 52 35
18.896 4.8094 1.9763 79 50 28
19.007 4.5022 2.0161 77 46 25
19.025 4.5713 2.0083 75 46 25
18.914 4.728 1.976 78 47 29
18.916 4.9158 1.9901 80 50 32
18.841 4.8907 1.9803 80 52 25
18.851 5.0746 1.8753 79 50 28
18.968 4.5492 2.0292 75 46 15
19.019 4.6173 2.0189 73 47 22
19.045 4.4844 2.0189 77 47 29
18.982 4.6599 2.0396 78 49 27
18.985 4.8927 1.9484 77 49 20
19.078 4.6406 1.993 76 46 20
18.982 4.822 2.0268 78 48 30
19.029 4.6591 1.9527 77 48 27
19.059 4.7989 2.0243 75 48 27
19.044 4.6442 2.0001 77 48 27
18.957 5.0143 1.93 78 49 28
19.074 4.6207 1.9661 78 48 30
19.077 4.6756 2.01 78 48 30
19.038 4.8342 1.9691 80 49 28
19.042 4.6812 2.0145 76 44 29
19.146 4.4924 2.0304 78 52 29
19 4.7061 2.0099 76 48 21
19.095 4.5259 1.983 78 48 32
19.076 4.4867 2.0093 79 49 25
19.103 4.6677 1.9721 79 51 22
19.006 4.7169 2.0396 76 46 28
19.148 4.7301 2.0453 79 50 28
19.193 4.582 2.0045 79 50 29
19.128 4.6483 2.0544 77 47 31
19.107 4.6866 1.9993 79 50 26
19.171 4.5467 2.029 79 52 19
19.165 4.5998 2.0372 78 49 25
19.163 4.7971 2.0042 71 45 30
19.205 4.6211 1.9404 94 61 30
19.194 4.6476 2.0399 73 48 16
19.217 4.5259 2.0669 72 43 22
19.109 4.7133 2.0229 77 50 29
19.226 4.5785 1.9998 78 49 25
19.178 4.4897 2.0249 83 54 30
19.151 4.6821 2.0293 75 50 20
19.119 4.8693 2.0108 76 45 25
19.216 4.464 2.0287 80 51 29
19.099 4.7825 2.0267 77 50 31
19.225 4.8281 1.9759 68 39 8
19.232 4.8396 2.0097 70 41 20
19.235 4.8259 2.0167 70 41 20
19.288 4.6241 2.0011 71 41 7
19.223 4.6598 2.0284 74 45 23
19.118 5.0089 1.942 74 48 21
19.263 4.5577 2.0038 78 50 21
19.209 4.6792 1.9824 78 46 25
19.254 4.6687 2.0165 70 42 15
19.225 4.7297 2.067 74 44 28
19.298 4.545 2.0031 72 42 24
19.292 4.6437 2.0232 71 42 20
19.213 4.7368 2.0258 74 45 23
19.33 4.5405 1.9999 68 40 11
19.279 4.5286 2.053 73 45 14
19.287 4.7498 2.0443 67 40 23
19.3 4.65 2.0543 68 38 20
19.303 4.7855 1.984 67 37 19
19.374 4.4855 2.0232 68 39 17
19.319 4.7964 2.0445 66 39 20
19.332 4.8984 1.9973 64 37 20
19.376 4.71 1.9689 65 38 3
19.263 4.8959 2.0078 68 41 20
19.326 4.6384 2.0212 65 38 21
19.35 4.6352 1.978 64 38 15
19.306 4.8126 2.0055 66 40 25
19.335 4.7953 1.9734 64 35 11
19.338 4.7359 1.9666 66 36 8
19.28 4.7778 2.0307 67 40 23
19.357 4.7332 2.0387 64 38 21
19.317 4.6382 1.9865 67 38 7
19.406 4.519 2.0321 67 39 12
19.377 4.7534 1.9868 66 39 20
19.422 4.734 2.0238 64 38 21
19.373 4.8657 2.0002 67 37 13
19.489 4.6202 1.9975 68 37 7
19.422 4.6856 2.0129 64 38 13
19.442 4.8115 1.9799 66 36 22
19.472 4.491 2.0362 66 40 13
19.433 4.582 2.0283 63 36 3
19.5 4.6052 2.0405 67 39 12
19.448 4.6749 1.9766 65 36 14
19.376 4.8028 1.9986 64 39 19
19.447 4.7272 1.985 65 35 11
19.492 4.5544 1.9979 67 40 21
19.435 4.5248 2.0238 66 38 24
19.457 4.7761 2.0291 68 40 26
19.42 4.7978 2.0299 66 39 22
19.44 4.9343 1.9929 70 40 24
19.421 4.7417 2.02 64 38 21
19.573 4.7093 2.0794 65 38 17
19.561 4.7352 2.0347 67 37 11
19.492 4.8217 2.041 64 37 20
19.518 4.752 1.9956 67 37 11
19.565 4.5319 2.0312 64 39 9
19.561 4.6131 2.0231 66 37 13
19.604 4.4658 2.0604 66 40 13
19.59 4.6353 2.0075 67 39 12
19.569 4.6165 2.055 66 38 11
19.496 4.7348 2.0468 68 37 25
19.493 4.7038 2.0264 67 39 12
19.521 4.789 2.0115 65 38 21
19.528 4.5169 2.011 66 37 15
19.523 4.5516 1.9926 66 37 15
19.523 4.6072 1.9984 68 40 13
19.52 4.7337 2.0032 67 37 11
19.524 4.6557 2.0102 69 37 14
19.662 4.7731 2.0295 61 35 18
19.7 4.5381 2.0701 64 36 9
19.583 4.9706 1.9895 64 37 20
19.658 4.5754 2.0236 64 38 15
19.666 4.6509 2.0523 68 37 16
19.692 4.5376 2.0384 68 38 10
19.629 4.6332 2.0356 65 36 4
19.663 4.4571 2.0526 69 39 11
19.623 4.5495 2.0105 68 38 14
19.655 4.6799 2.0093 65 40 10
19.582 4.762 1.9767 66 39 18
19.689 4.4913 2.0291 69 38 17
19.685 4.5301 2.0079 69 38 17
19.663 4.8505 2.0292 61 34 13
19.7 4.5396 2.0695 64 36 9
19.624 4.6111 2.0134 69 39 3
19.752 4.5372 2.0287 66 37 5
19.728 4.6491 2.0433 63 39 13
19.778 4.596 2.1309 65 38 21
19.732 4.9175 2.0218 62 37 7
19.703 4.7674 2.0639 64 38 11
19.726 4.8894 2.0014 62 36 21
19.766 4.6645 2.0647 65 36 14
19.723 4.6205 2.0236 66 38 1
19.753 4.6224 2.0185 67 38 16
19.784 4.5039 2.0389 66 37 13
19.728 4.7549 2.0274 63 36 15
19.717 4.6039 1.999 65 39 16
19.757 4.6853 2.0204 64 38 13
19.698 4.6474 2.0498 64 38 13
19.696 4.7587 2.0315 63 36 17
19.803 4.84 2.0457 67 38 17
19.819 4.6699 2.0159 64 34 18
19.842 4.4677 2.1794 61 35 21
19.827 4.6589 2.0563 61 34 13
19.799 4.7663 2.0435 63 37 14
19.836 4.8157 2.0532 65 36 12
19.816 4.5739 2.0274 64 34 18
19.845 4.5953 2.0133 62 36 9
19.863 4.7267 2.0495 60 37 6
19.856 4.7006 2.0269 60 37 6
19.852 4.5954 2.0452 60 32 5
19.785 4.8711 1.9581 62 36 13
19.784 4.6161 2.0155 64 34 6
19.878 4.4848 2.0629 66 36 20
19.788 4.6881 2.0163 65 38 5
19.765 4.9244 2.0145 66 38 24
19.813 4.4887 2.0417 65 36 15
19.899 4.8406 2.0268 64 38 24
19.917 4.7455 1.9922 63 36 15
19.935 4.4687 2.0622 66 35 23
19.912 4.5982 2.0366 64 35 4
19.882 4.5933 2.0433 63 35 8
19.905 4.9494 2.0107 64 37 18
19.924 4.7496 2.0263 62 32 16
19.955 4.6446 2.0717 63 36 19
19.918 4.6876 2.0204 63 36 15
19.892 4.8066 2.006 62 36 13
19.868 4.7992 2.0506 61 38 7
19.905 4.5557 2.0232 60 35 5
19.931 4.886 1.9994 64 34 18
19.888 4.6428 2.0522 64 34 18
19.948 4.5532 2.0819 64 36 7
19.941 4.5888 2.0321 60 37 6
20.041 4.8581 2.0658 65 36 15
19.993 4.7514 2.0496 63 38 8
20.006 4.5836 2.0571 64 37 4
19.963 4.7701 2.0491 57 30 19
19.999 4.5455 2.0424 63 35 8
20.015 4.6472 2.0592 64 34 20
19.978 4.6156 2.045 65 37 6
20.039 5.0502 1.9391 63 37 20
19.97 4.5012 2.0717 65 35 19
19.985 4.6853 2.0446 62 33 9
20.035 4.5672 2.0614 63 38 8
20.056 4.6191 2.1354 66 35 23
20.097 4.663 1.9968 66 38 11
20.056 4.8003 2.0128 62 32 14
20.048 4.7698 1.9937 62 33 9
20.055 4.5177 2.0463 64 37 16
20.064 4.5756 2.0512 62 31 11
20.102 4.6385 2.0433 66 36 12
20.124 4.7932 2.0408 61 38 20
20.119 4.5341 2.0591 64 36 9
20.077 4.9739 2.0053 63 37 20
20.129 4.6017 2.0566 65 35 0
20.077 4.7269 2.0078 57 31 17
20.111 4.6823 2.0549 62 35 2
20.084 4.5374 2.0305 65 37 8
20.155 4.7951 2.0338 63 36 17
20.153 4.6168 2.0108 64 37 20
20.2 4.6895 2.0372 61 31 17
20.179 4.5126 2.091 62 36 9
20.16 4.629 2.0431 66 38 7
20.213 4.764 2.035 64 37 0
20.198 4.4879 2.0649 61 37 9
20.213 4.9737 2.0147 65 39 14
20.165 4.8475 2.0436 63 37 10
20.14 4.6695 2.0583 65 37 8
20.171 4.6926 2.0421 61 35 12
20.223 4.8065 2.0502 59 33 19
20.212 4.5696 2.0557 64 37 20
20.193 4.8125 2.0498 61 38 20
20.184 4.7728 2.0389 67 37 11
20.171 4.4926 2.0685 63 38 8
20.282 4.6477 2.0402 66 36 8
20.272 4.6083 2.0268 67 38 14
20.233 4.5057 2.0822 66 38 9
20.274 4.7238 2.075 65 35 0
20.306 4.6997 2.112 64 38 23
20.24 4.9231 2.0316 64 35 13
20.297 4.8731 2.0407 66 38 25
20.229 4.6249 2.0944 63 35 6
20.297 4.7174 2.0401 66 38 7
20.225 4.6426 2.05 62 33 11
20.269 4.733 2.0382 64 36 9
20.249 4.7061 2.1238 66 37 15
20.235 4.5218 2.0749 66 38 9
20.256 4.6648 2.0371 67 39 2
20.313 4.8011 2.0339 61 37 11
20.292 4.5465 2.0513 64 39 9
20.246 4.7349 2.0777 62 36 19
20.326 4.7151 2.0346 64 36 7
20.383 4.7084 2.0258 61 34 0
20.366 4.7133 2.0959 63 35 21
20.358 4.5844 2.0534 62 38 12
20.368 4.899 2.0514 65 36 12
20.331 4.8491 2.0796 64 38 11
20.365 4.746 2.05 64 37 0
20.351 4.6926 2.0384 60 36 0
20.394 4.8694 2.0593 64 38 11
20.304 4.5906 2.0642 62 36 9
20.377 4.6366 2.0948 60 34 7
20.385 4.6557 2.1158 63 37 14
20.317 4.5263 2.0558 64 35 13
20.322 4.5145 2.0882 63 34 10
20.343 4.757 2.0816 63 36 25
20.335 4.7435 2.0535 61 35 10
20.454 4.8649 2.0455 66 36 20
20.461 4.8744 2.0771 64 34 16
20.411 4.5688 2.0524 67 36 15
20.384 4.5704 2.0568 63 40 9
20.446 4.8859 1.969 65 36 4
20.446 4.8522 2.0206 67 38 16
20.43 4.6516 2.0425 67 36 15
20.475 4.8121 2.0645 62 36 21
20.487 4.8516 2.0804 61 34 13
20.434 4.9295 2.0291 60 33 16
20.399 4.6323 2.0565 62 34 5
20.458 4.621 2.0804 63 36 0
20.432 4.5302 2.0633 63 37 20
20.448 4.5921 2.0609 65 36 12
20.468 4.8068 2.0311 63 34 2
20.514 4.5999 2.1147 62 32 14
20.502 4.7998 2.0639 59 32 11
20.471 4.5708 2.0682 62 38 4
20.545 4.8459 2.0706 64 37 16
20.539 4.8683 1.9939 61 34 13
20.531 4.8009 2.058 66 37 16
20.481 4.7198 2.0701 62 35 2
20.521 4.8728 2.065 60 35 5
20.544 4.639 2.0603 61 34 1
20.517 4.6398 2.0614 59 35 0
20.463 4.5556 2.0456 62 35 16
20.558 4.7914 2.059 58 32 17
20.483 4.605 2.0812 58 33 10
20.516 4.7501 2.0482 65 38 5
20.495 4.5531 2.0729 62 35 18
20.541 4.6439 2.0223 63 36 15
20.663 4.9508 2.0388 57 34 18
20.617 4.6893 2.0503 63 34 0
20.636 4.7533 2.0561 60 34 17
20.611 4.7683 2.0546 63 34 0
20.614 4.8024 2.0041 62 33 1
20.576 4.5546 2.0537 63 35 4
20.631 4.6546 2.0319 58 27 6
20.569 4.5065 2.1099 65 37 8
20.572 4.7197 2.0844 62 34 5
20.603 4.8436 2.0644 58 32 17
20.661 4.8201 2.0934 62 35 26
20.66 4.833 2.0509 60 32 3
20.604 4.5612 2.0489 61 38 7
20.559 4.6836 2.068 56 28 0
20.563 4.5986 2.0735 63 35 6
20.55 4.5612 2.0591 58 36 0
20.729 4.8554 2.0616 60 35 5
20.651 4.6073 2.0831 60 34 7
20.658 4.7252 2.0606 57 32 2
20.675 4.7782 2.07 60 32 19
20.737 4.8686 2.086 60 33 16
20.74 4.7902 2.0864 57 32 10
20.692 4.7316 2.0903 58 30 19
20.67 4.5746 2.0911 62 37 7
20.64 4.5825 2.0635 59 34 4
20.663 4.5646 2.0653 61 33 20
20.653 4.7257 2.0291 59 35 1
20.681 4.7055 2.0668 55 32 14
20.679 4.7727 2.1054 58 31 20
20.639 4.5753 2.0669 59 34 4
20.743 4.7136 2.0824 61 33 20
20.813 4.8313 2.0882 59 37 26
20.787 4.7531 2.0884 59 33 6
20.768 4.6258 2.0822 61 36 4
20.777 4.7353 2.0662 60 34 7
20.767 4.6334 2.0448 60 34 17
20.836 4.8263 2.0565 59 33 6
20.826 4.807 2.0301 59 37 0
20.792 4.9665 2.0425 54 38 2
20.773 4.8034 2.07 59 31 20
20.801 4.8913 2.0701 62 39 21
20.867 4.7399 2.0758 60 34 9
20.851 4.7823 2.0649 55 30 0
20.857 4.6376 2.0859 64 37 20
20.867 4.8449 2.0022 60 28 13
20.874 4.6788 2.0996 61 36 4
20.888 4.7423 2.0023 65 32 23
20.814 4.5278 2.0807 63 35 21
20.821 4.6321 2.0338 62 36 9
20.829 4.6459 2.0593 56 31 0
20.893 4.9896 2.048 62 36 19
20.847 4.6931 2.0692 59 33 6
20.842 4.8325 2.0847 61 36 6
20.989 4.9035 2.092 64 34 16
20.914 4.6473 2.075 65 36 5
20.882 4.5599 2.0793 63 35 6
20.986 4.824 2.0869 67 35 10
20.893 4.6431 2.1435 58 35 19
20.994 4.8348 2.1116 55 35 11
20.971 4.863 2.0769 63 38 6
20.967 4.7918 2.0381 63 39 5
20.973 4.8089 2.0298 63 39 5
20.903 4.6964 2.0568 62 35 18
20.919 4.7298 2.0693 61 36 4
20.938 4.6471 2.0333 65 35 21
20.874 4.6658 2.1377 62 37 5
20.864 4.5879 2.0755 61 38 20
20.995 4.8596 2.0397 66 36 8
20.985 4.7391 2.1148 64 36 7
21.046 4.9018 2.0788 59 33 19
20.986 4.6845 2.0709 67 36 6
21.009 4.7394 2.0803 62 37 7
20.995 4.6459 2.056 57 34 16
20.944 4.5874 2.0558 61 32 8
21.082 4.92 2.0668 62 35 18
21.056 4.8578 2.0571 64 38 11
21.054 4.7306 2.0093 63 41 20
20.978 4.7311 2.0903 64 40 6
20.997 4.6407 2.0864 66 35 23
21.036 4.7378 2.0743 64 38 0
21.035 4.7286 2.1138 64 36 5
21.07 4.6303 2.0431 68 40 26
21.054 4.5806 2.0951 65 40 10
21.041 4.6873 2.0619 63 38 6
21.096 4.8116 2.0657 64 38 21
21.01 4.5464 2.0926 64 36 22
21.064 4.5514 2.0799 67 39 10
21.07 4.6924 2.057 64 36 22
21.124 4.7413 2.0877 63 36 0
21.097 4.6806 2.079 62 33 9
18.023 4.3801 1.9488 156 106 55
18.108 4.4389 1.9675 79 49 21
18.088 4.4188 1.9857 86 53 20
17.999 4.5719 1.854 82 50 25
18.101 4.401 1.9955 86 53 20
18.083 4.3441 1.9641 150 100 50
18.074 4.3737 1.9807 103 65 37
18.039 4.4391 1.9772 86 56 20
18.229 4.3941 1.9456 71 39 16
18.208 4.3742 1.9591 71 45 22
18.167 4.3848 1.958 78 47 26
18.15 4.4783 1.9359 71 44 23
18.338 4.196 1.9903 72 41 13
18.244 4.3044 1.966 74 41 22
18.294 4.2797 1.9772 69 39 13
18.336 4.1987 1.9894 72 41 13
18.151 4.4255 1.9679 75 45 27
18.272 4.244 1.9645 73 43 7
18.341 4.3403 1.9946 71 43 29
18.41 4.262 1.9996 69 42 23
18.316 4.2733 1.9375 73 42 12
18.254 4.4934 1.9401 76 50 10
18.424 4.1746 2.021 69 41 14
18.317 4.5212 1.946 77 50 29
18.368 4.4186 1.9726 76 49 32
18.362 4.4826 1.9272 76 49 32
18.472 4.3328 1.9706 77 47 19
18.339 4.4124 1.9812 75 46 25
18.573 4.2865 2.0221 84 57 36
18.479 4.3966 1.9664 83 56 35
18.558 4.2408 2.0201 78 49 25
18.438 4.4875 1.9485 90 61 37
18.617 4.191 2.048 81 50 29
18.522 4.2685 2.0431 81 54 35
18.562 4.3826 1.9946 87 56 36
18.541 4.4436 1.9966 90 61 39
18.597 4.4174 1.9262 76 50 25
18.629 4.3774 1.9867 77 51 26
18.587 4.3957 1.9823 81 54 33
18.579 4.4319 1.9967 84 55 31
18.702 4.1969 2.0222 78 47 26
18.595 4.4621 1.97 82 51 30
18.716 4.2278 1.9987 73 43 27
18.631 4.2933 2.0046 79 49 31
18.626 4.2478 2.0402 83 53 35
18.558 4.3482 1.9426 76 46 30
18.707 4.4339 1.968 76 45 25
18.63 4.4601 1.969 78 48 24
18.729 4.2855 1.9983 76 49 12
18.762 4.2564 1.9733 75 44 24
18.676 4.3277 1.9765 76 45 14
18.725 4.2697 1.9694 74 48 25
18.664 4.3704 1.9857 73 47 24
18.827 4.2659 1.9859 72 42 16
18.815 4.316 1.9909 76 47 26
18.766 4.3748 1.9951 73 46 27
18.853 4.277 1.9742 69 37 25
18.844 4.342 2.0043 75 45 21
18.768 4.3929 2.0159 75 48 27
18.707 4.4542 1.9884 71 46 24
18.798 4.3766 1.9934 74 47 14
18.833 4.3435 1.9724 71 42 18
18.704 4.462 1.9861 71 46 24
18.816 4.5282 1.9651 75 46 25
18.913 4.3004 1.9836 68 37 17
18.8 4.4661 1.9715 74 45 24
18.851 4.4194 1.9862 73 44 23
18.909 4.2866 1.9578 72 43 19
18.913 4.2073 2.0115 70 44 17
18.892 4.3952 1.9905 73 46 13
18.961 4.2533 1.9992 71 41 17
18.887 4.2907 1.9981 71 40 20
18.883 4.3219 2.0113 75 48 15
18.878 4.4549 1.9968 75 43 28
18.915 4.3164 2.0024 67 40 19
18.96 4.2362 1.9828 77 42 23
18.988 4.3657 1.9638 72 44 17
18.915 4.3931 1.9566 75 45 27
18.935 4.3681 2.0072 72 43 22
18.936 4.4687 1.9771 77 46 25
18.975 4.4768 2.0003 73 48 28
18.991 4.2787 2.0189 76 47 25
19.011 4.2812 1.9803 72 42 18
18.962 4.3771 1.9965 73 43 25
18.901 4.4769 1.9788 76 45 24
18.993 4.2504 2.0001 70 42 13
19.003 4.3749 2.0226 74 43 23
19.01 4.3298 2.0149 73 47 24
19.041 4.3055 1.9923 70 43 24
19.053 4.406 1.9934 74 48 25
19.047 4.4512 2.0004 74 47 26
19.071 4.4717 1.9838 75 48 31
19.143 4.2654 1.9977 73 42 22
19.06 4.301 2.0542 74 44 26
18.982 4.5457 1.9567 75 49 26
19.078 4.3952 1.9605 72 48 22
19.063 4.3503 1.9893 75 45 29
19.03 4.3566 1.9881 73 47 24
19.202 4.2613 1.9884 72 44 17
19.163 4.3234 1.9935 77 48 27
19.158 4.3633 1.998 78 49 25
19.126 4.5272 1.9779 75 50 27
19.201 4.2941 1.9993 75 46 25
19.19 4.2092 2.0229 69 40 16
19.204 4.3128 2.0205 76 52 26
19.174 4.441 1.9825 119 83 43
19.25 4.1974 2.0203 70 42 29
19.208 4.3996 1.9683 80 53 34
19.282 4.3522 1.9848 76 46 28
19.271 4.285 2.0291 79 50 29
19.191 4.4599 1.9332 78 51 32
19.216 4.5466 1.946 93 64 30
19.245 4.4069 1.9917 92 63 31
19.206 4.4389 1.9796 102 66 28
19.219 4.4253 2.019 99 67 29
19.28 4.3899 1.9954 82 53 31
19.154 4.5422 1.9612 89 62 41
19.226 4.3077 1.9858 73 44 23
19.257 4.3029 1.985 77 46 26
19.324 4.3336 2.0202 75 48 27
19.303 4.4522 1.9867 92 63 31
19.285 4.5624 1.9605 78 48 30
19.331 4.5 1.9882 67 40 21
19.361 4.2987 2.0321 74 44 26
19.389 4.2678 2.015 75 44 23
19.275 4.4788 2.0135 88 58 32
19.322 4.3071 2.0035 72 42 24
19.333 4.234 2.0137 69 43 20
19.339 4.4277 1.9948 72 44 17
19.351 4.3068 1.9964 74 43 23
19.388 4.307 2.0234 73 43 27
19.403 4.4512 2.0049 70 42 13
19.441 4.4134 2.0186 69 43 16
19.421 4.329 2.0389 72 40 25
19.45 4.4066 2.0542 65 40 20
19.483 4.2613 2.0339 66 40 15
19.415 4.4302 2.0454 66 37 15
19.357 4.5245 1.9698 68 42 25
19.451 4.2459 2.0182 70 42 13
19.389 4.3407 2.0373 69 43 20
19.406 4.3602 1.9887 70 40 12
19.442 4.3627 2.014 71 42 18
19.439 4.3411 1.9938 74 43 23
19.418 4.2682 2.0089 71 41 23
19.505 4.3374 2.0158 68 42 15
19.516 4.3218 2.0561 69 39 25
19.465 4.4832 2.0051 66 39 20
19.529 4.3672 1.9952 69 40 19
19.505 4.4263 2.0314 66 41 21
19.539 4.353 2.0347 64 37 16
19.514 4.2427 2.0391 69 40 19
19.521 4.5133 1.9796 66 38 27
19.568 4.2524 2.0236 69 42 7
19.463 4.4491 1.9926 68 38 20
19.532 4.303 2.0001 66 38 25
19.475 4.346 2.0164 66 39 18
19.625 4.4083 2.0205 70 40 22
19.609 4.3709 2.078 62 37 17
19.558 4.3663 1.9909 66 40 25
19.59 4.4537 1.9996 67 38 17
19.591 4.2857 1.9996 71 44 11
19.594 4.3674 2.0161 66 41 19
19.634 4.1705 2.0613 72 39 22
19.549 4.5841 1.9696 69 40 18
19.576 4.3449 2.0665 67 40 21
19.575 4.3053 2.0574 67 38 14
19.598 4.2846 2.0316 69 43 20
19.628 4.3286 2.0307 68 44 18
19.62 4.3274 2.0007 70 39 21
19.686 4.3747 2.0292 69 43 16
19.683 4.4814 2.0043 66 40 15
19.681 4.3546 2.0085 71 42 20
19.628 4.4427 2.0325 68 42 15
19.662 4.2135 2.0608 73 43 19
19.664 4.3874 2.0583 68 42 17
19.652 4.4205 2.0078 70 42 15
19.712 4.3221 2.0221 71 42 21
19.68 4.3005 2.0065 71 43 14
19.709 4.4317 1.9916 66 39 18
19.65 4.376 1.9996 71 42 21
19.742 4.294 2.0313 68 41 22
19.725 4.4184 2.0625 66 41 21
19.711 4.4887 1.9928 65 39 22
19.774 4.5322 1.9896 66 40 17
19.797 4.2927 2.0231 69 38 18
19.751 4.4492 2.0404 64 39 17
19.806 4.2543 2.074 67 41 18
19.735 4.4731 1.963 68 38 22
19.744 4.4423 2.0119 67 38 16
19.773 4.2464 2.0535 68 38 20
19.774 4.3219 2.0412 67 40 23
19.775 4.4182 2.0205 66 37 13
19.841 4.5313 2.014 65 38 19
19.804 4.4075 2.0199 67 39 10
19.858 4.2794 2.0498 67 39 28
19.808 4.4489 2.0296 66 34 19
19.825 4.2684 2.0305 65 39 16
19.827 4.3737 2.0019 69 40 18
19.866 4.4216 2.0333 66 39 22
19.866 4.4307 2.0282 66 39 22
19.857 4.4896 1.9627 66 39 18
19.834 4.3653 2.0389 67 38 17
19.827 4.3724 2.003 69 40 18
19.878 4.2709 2.0187 61 31 15
19.838 4.4137 2.0427 67 37 19
19.833 4.3888 2.0258 67 38 17
19.873 4.4266 2.0612 65 35 17
19.882 4.3638 1.9949 65 37 10
19.944 4.2891 2.0597 65 43 20
19.929 4.3961 2.0674 66 38 7
19.889 4.3481 2.036 63 35 21
19.938 4.2683 2.0401 66 38 9
19.944 4.3108 2.0475 65 43 20
19.95 4.4383 2.0098 66 38 7
19.894 4.4356 2.0204 63 36 15
19.963 4.4725 2.0544 60 34 19
19.912 4.2306 2.0658 64 34 20
19.905 4.253 2.0238 63 35 4
19.916 4.3591 2.0255 64 38 23
19.922 4.4078 2.0308 67 36 18
19.917 4.3415 2.0358 64 38 23
19.964 4.2401 2.0524 64 36 7
19.9 4.4628 2.0366 66 39 20
20.023 4.3002 2.0367 66 39 22
19.984 4.4164 2.0465 62 36 21
19.99 4.2598 2.0348 64 35 11
19.978 4.3902 2.0258 62 40 19
20.033 4.4147 2.0051 67 37 23
20.011 4.3977 2.0498 63 36 17
19.991 4.4808 2.0455 59 33 19
20.005 4.4087 2.012 67 37 19
20.036 4.3341 2.0799 60 31 7
20.02 4.4756 2.0373 64 38 11
19.971 4.3448 2.025 64 39 7
19.998 4.346 2.0176 65 34 3
20.046 4.4332 2.0583 66 38 24
20.015 4.2342 2.0453 63 36 25
20.126 4.4069 2.0535 64 37 20
20.098 4.3919 2.0688 67 37 21
20.077 4.516 2.0115 66 36 22
20.113 4.5379 2.0256 66 36 22
20.108 4.3138 2.046 66 38 11
20.075 4.2932 2.0332 65 35 11
20.097 4.237 2.0591 66 35 14
20.082 4.32 2.0467 69 39 21
20.118 4.3796 2.0372 68 38 22
20.092 4.3913 2.0391 64 38 15
20.065 4.3956 2.0416 64 37 20
20.057 4.3466 2.0379 65 40 17
20.048 4.2834 2.0422 66 38 11
20.189 4.4485 2.0552 66 36 12
20.187 4.3269 2.0242 62 37 5
20.168 4.3417 2.0508 67 36 24
20.159 4.2982 2.0443 66 37 13
20.135 4.4615 2.0564 65 35 21
20.181 4.4237 2.0373 63 32 11
20.142 4.3493 2.0501 66 39 20
20.152 4.4062 2.0511 65 35 17
20.204 4.3888 2.0505 66 40 23
20.162 4.4557 2.0561 67 37 11
20.192 4.322 2.0546 64 36 23
20.127 4.2948 2.0227 63 33 9
20.134 4.3127 2.0425 67 40 23
20.231 4.3938 2.0428 66 39 22
20.269 4.3183 2.0428 66 37 3
20.247 4.3097 2.0792 62 37 17
20.266 4.4184 2.0551 66 38 11
20.264 4.3241 2.01 64 38 13
20.221 4.448 2.0815 64 36 22
20.253 4.4938 2.0488 68 38 24
20.222 4.3588 2.0301 69 37 12
20.234 4.2395 2.0865 69 39 21
20.233 4.2806 2.0409 65 37 8
20.286 4.5393 2.0221 66 42 8
20.213 4.3328 2.0163 64 35 11
20.243 4.4512 2.0408 68 39 17
20.214 4.4326 2.0584 69 41 14
20.373 4.5339 2.0449 63 36 19
20.313 4.5314 2.0203 63 36 0
20.349 4.5552 2.0354 64 36 23
20.336 4.2636 2.0602 62 32 14
20.314 4.3861 2.0625 62 37 14
20.327 4.4451 2.0623 64 38 23
20.287 4.2671 2.069 58 35 19
20.29 4.4405 2.0076 66 41 11
20.292 4.4217 2.0476 64 37 20
20.348 4.3061 2.0638 65 38 3
20.353 4.4346 2.0573 66 40 17
20.445 4.488 2.0502 65 43 6
20.424 4.3153 2.0466 62 38 2
20.39 4.4704 2.0673 62 37 15
20.364 4.3484 2.1011 66 40 13
20.373 4.3081 2.0582 63 36 15
20.428 4.4217 2.056 62 37 14
20.401 4.4118 2.0617 65 38 3
20.357 4.3341 2.0764 68 41 22
20.384 4.3409 2.0683 65 35 17
20.423 4.5102 2.0414 63 40 22
20.398 4.3045 2.0556 63 32 11
20.421 4.4055 2.0333 72 42 26
20.46 4.4235 2.0756 64 40 14
20.517 4.4512 2.0514 62 37 17
20.5 4.3899 2.0517 61 39 16
20.489 4.551 2.0424 62 37 17
20.446 4.4049 2.0281 65 36 15
20.459 4.3409 2.0537 61 36 13
20.505 4.4958 2.0645 60 34 17
20.457 4.4343 2.043 63 40 22
20.485 4.341 2.0451 62 37 17
20.442 4.2767 2.0618 62 38 2
20.478 4.3901 2.0869 64 38 11
20.443 4.3894 2.0347 65 36 15
20.511 4.5235 2.0514 60 34 17
20.588 4.5139 2.0382 60 32 18
20.508 4.3146 2.0907 67 37 19
20.573 4.4713 2.0343 60 37 3
20.553 4.3142 2.0498 60 37 3
20.542 4.3572 2.0614 61 33 20
20.56 4.5068 2.0482 60 32 21
20.533 4.405 2.0702 63 37 23
20.575 4.3877 2.0383 64 36 5
20.539 4.5296 2.0418 62 36 19
20.499 4.2924 2.0714 61 36 6
20.575 4.3679 2.0763 67 38 32
20.678 4.5367 2.0407 61 35 8
20.639 4.5211 1.9905 67 37 23
20.631 4.3169 2.0628 58 32 5
20.61 4.3282 2.0614 59 31 18
20.626 4.5409 2.0527 62 36 19
20.647 4.44 2.0631 56 34 19
20.616 4.4136 2.0772 63 36 19
20.609 4.3378 2.0258 65 35 7
20.662 4.4152 2.0426 60 34 9
20.617 4.3414 2.0831 58 36 15
20.59 4.3463 2.0532 66 34 9
20.638 4.4854 2.0721 63 37 12
20.641 4.2634 2.0877 57 33 5
20.684 4.3262 2.0447 58 32 5
20.76 4.5316 2.0574 62 36 9
20.674 4.4435 2.0545 61 35 10
20.684 4.3893 2.0753 60 34 20
20.725 4.5025 2.0771 57 33 21
20.714 4.4773 2.0567 59 33 18
20.669 4.3503 2.0692 59 31 18
20.718 4.4301 2.0172 66 30 14
20.667 4.4049 2.1027 60 35 15
20.772 4.2877 2.0746 62 33 9
20.804 4.5078 2.0599 59 33 6
20.798 4.4995 2.0347 63 37 23
20.769 4.3417 2.0806 60 35 5
20.807 4.4508 2.0573 64 37 20
20.735 4.2462 2.1024 60 29 21
20.76 4.4026 2.0233 63 35 0
20.805 4.4308 2.0951 65 35 19
20.755 4.3766 2.069 58 37 20
20.799 4.3594 2.0648 62 36 21
20.817 4.4015 2.0724 68 38 24
20.818 4.3401 2.0688 58 30 3
20.814 4.339 2.0399 65 38 1
20.863 4.3902 2.07 65 42 11
20.864 4.4028 2.0314 64 36 7
20.913 4.5132 2.0656 61 37 1
20.95 4.5339 2.0798 66 37 29
20.922 4.4652 2.0825 64 34 10
20.896 4.4046 2.0855 61 34 17
20.872 4.3561 2.0541 63 38 6
21.033 4.5445 2.0563 68 38 20
20.994 4.5128 2.0758 66 37 6
21.035 4.4856 2.0801 68 39 17
