3062
0.62408 -0.035917 0.78053 0.0033258 14.045 -0.88207 -0.15168
9.9971 -2.833 0.93292 78 57 36
10.144 -1.5204 0.95237 74 57 37
10.077 -1.5646 1.0162 73 52 35
10.205 -1.4578 1.0004 72 53 36
10.129 -1.3906 1.0147 72 55 38
10.045 -1.2393 1.017 79 59 32
10.05 -1.0621 1.0716 66 47 31
10.116 -1.146 1.0253 71 54 37
10.179 -1.0952 1.0348 68 50 26
10.087 -0.97936 1.0521 71 52 22
10.165 -0.93738 1.0191 71 51 26
10.122 -1.0185 1.0427 70 48 25
10.08 -0.89807 1.039 72 52 27
10.196 -0.8909 1.0436 65 48 31
10.058 -0.85725 1.0406 75 56 26
10.235 -0.85147 1.0238 69 50 16
10.116 -0.72948 1.0461 73 52 31
10.231 -0.773 1.0185 70 52 30
10.134 -0.81077 1.0525 72 52 27
10.227 -0.72718 1.0476 70 50 26
10.269 -0.68989 1.0304 70 50 25
10.177 -0.60555 1.0461 76 56 32
10.199 -0.64683 1.0464 74 54 29
10.06 -0.64516 1.0485 77 59 35
10.112 -0.68873 1.0391 74 56 34
10.23 -0.52408 1.0556 71 54 28
10.066 -0.51548 1.0655 80 59 32
10.228 -0.48446 1.0524 76 56 29
10.093 -0.47697 1.0518 83 62 31
10.146 -0.56307 1.0485 75 54 33
10.29 -0.56845 1.0433 71 54 24
10.151 -0.43633 1.0718 79 57 33
10.168 -0.35782 1.0556 85 62 31
10.074 -0.38648 1.0868 84 61 28
10.314 -0.37109 1.0401 84 61 30
10.093 -0.43606 1.0522 83 62 33
10.132 -0.31253 1.0571 98 71 36
10.222 -0.31937 1.0668 97 69 38
10.374 -0.26528 1.0088 118 88 52
10.247 -0.28354 1.0564 111 84 41
10.426 -0.23643 0.98628 126 92 57
10.444 -0.20219 0.97556 101 73 44
10.498 -0.20676 0.99329 99 68 37
10.493 -0.18014 0.91566 99 76 45
10.472 -0.21313 0.92849 98 75 42
10.266 -0.2143 0.99614 94 73 42
10.493 -0.24247 1.0006 129 95 58
10.467 -0.16946 0.96053 99 77 40
10.511 -0.14132 0.94201 98 73 43
10.497 -0.06477 0.93475 94 73 44
10.514 -0.099913 0.97104 96 72 44
10.498 -0.090709 1.0122 94 74 37
10.529 -0.13962 0.96997 96 72 44
10.418 -0.12779 0.93333 96 76 42
10.503 -0.10295 0.93892 97 74 40
10.449 -0.16028 1.0028 97 74 43
10.511 0.016436 0.99146 93 70 36
10.522 -0.03388 0.92079 96 73 40
10.525 -0.060102 0.99629 95 71 43
10.586 -0.0079223 0.93032 96 72 44
10.502 -0.023629 0.9627 94 71 40
10.535 -0.068029 0.95845 95 73 36
10.523 0.0022622 0.91517 96 76 42
10.513 -0.020656 0.99597 93 70 37
10.522 0.12879 1.0047 91 70 43
10.516 0.12506 0.9713 94 70 42
10.517 0.051571 0.98392 93 69 41
10.546 0.11099 0.92545 91 70 41
10.542 0.039409 0.93896 91 70 41
10.556 0.07198 0.92848 92 71 40
10.537 0.082584 0.96868 94 69 37
10.563 0.081065 0.99733 93 70 39
10.558 0.15489 0.98827 91 71 36
10.529 0.19976 0.99158 92 68 40
10.577 0.22113 0.97006 91 68 35
10.568 0.14108 0.91193 92 71 42
10.537 0.23951 1.0203 91 68 35
10.522 0.1967 0.95869 90 70 36
10.541 0.1543 0.95786 94 69 39
10.544 0.22626 0.94555 92 69 38
10.602 0.32633 0.98258 88 68 34
10.567 0.3329 0.95577 88 67 36
10.614 0.28092 0.94856 91 67 39
10.564 0.26725 1.0057 90 67 36
10.56 0.29365 0.92774 92 66 39
10.57 0.32645 0.92074 89 68 37
10.57 0.25953 0.96653 90 70 36
10.556 0.25876 0.93428 90 69 38
10.52 0.31811 1.0129 89 66 35
10.567 0.38022 1.0224 89 66 32
10.578 0.40152 0.94226 87 66 35
10.546 0.45522 0.98171 88 64 36
10.623 0.42046 0.92209 89 66 33
10.561 0.41862 1.0188 89 66 35
10.556 0.37304 0.95563 88 66 42
10.567 0.41111 0.98146 87 66 37
10.566 0.37501 0.987 89 66 32
10.626 0.4657 0.98524 86 65 34
10.602 0.50577 0.95371 85 64 35
10.603 0.54157 0.94902 88 65 31
10.558 0.45635 1.0151 87 65 28
10.594 0.47287 0.96217 88 67 40
10.599 0.51256 0.98963 86 63 29
10.601 0.46462 0.92266 89 66 33
10.597 0.57981 0.94301 86 65 38
10.619 0.58192 1.0094 84 61 27
10.607 0.61174 0.93491 87 64 33
10.608 0.54488 0.98131 84 63 36
10.54 0.57895 1.0421 84 64 30
10.601 0.65016 0.93054 85 64 33
10.618 0.61794 1.0031 85 63 24
10.583 0.59152 0.98426 83 63 29
10.6 0.62019 0.97149 85 61 35
10.634 0.71324 0.94592 83 63 28
10.625 0.65117 0.9953 83 61 24
10.618 0.64824 0.96108 84 64 30
10.644 0.71961 1.0107 82 60 23
10.632 0.68356 0.98553 83 62 33
10.648 0.7123 0.9763 81 62 28
10.641 0.674 0.94498 83 62 31
10.584 0.77849 0.99099 80 59 28
10.608 0.77268 1.019 80 60 26
10.607 0.76157 0.94615 81 60 29
10.645 0.77966 0.93023 81 60 29
10.624 0.79543 0.97469 83 59 33
10.65 0.78836 1.0003 80 61 31
10.603 0.84791 1.0109 80 61 31
10.63 0.82861 0.96535 83 61 22
10.7 0.87579 1.0007 79 60 30
10.657 0.89278 0.97908 82 59 25
10.713 0.89346 0.92427 79 59 25
10.652 0.88919 0.94328 81 61 24
10.702 0.83964 1.0059 78 60 24
10.656 0.85729 0.98741 81 60 33
10.687 0.91867 1.0011 79 58 31
10.686 0.91345 0.96658 80 60 26
10.647 0.85631 0.95579 81 61 26
10.654 1.0027 0.96606 77 58 24
10.663 0.96171 0.96739 80 60 26
10.677 1.0266 0.95601 82 58 30
10.681 0.95763 0.99761 77 56 27
10.69 0.9888 0.98975 77 56 25
10.718 0.97913 1.0169 81 59 20
10.671 1.035 0.98886 83 58 26
10.658 1.079 0.98942 82 59 25
10.614 1.0735 1.0446 79 60 30
10.729 1.1042 0.9246 80 61 31
10.67 1.1147 1.0167 78 57 26
10.712 1.0782 0.93192 78 57 28
10.702 1.0901 0.97223 77 55 32
10.676 1.0749 1.0202 77 57 30
10.699 1.0493 0.93986 78 57 28
10.743 1.1371 0.94767 79 58 31
10.708 1.1227 0.96532 79 58 31
10.69 1.2183 1.0294 79 61 25
10.702 1.2046 0.99053 79 56 25
10.706 1.1725 1.0309 76 56 29
10.691 1.1746 0.99731 79 57 33
10.698 1.2076 0.99283 79 56 25
10.74 1.1094 0.99019 78 57 26
10.706 1.1958 0.95326 78 60 22
10.705 -1.0483 0.77531 117 94 60
10.567 -1.0556 0.81282 115 92 58
10.094 -1.1206 0.94433 119 96 63
10.496 -0.944 0.85127 107 86 55
10.38 -0.78913 0.89545 112 87 55
10.457 -0.15274 0.81207 98 75 42
10.452 -0.18917 0.82023 102 79 46
10.513 -0.18959 0.87454 100 77 46
10.378 -0.22484 0.77099 105 82 49
10.546 -0.18166 0.71818 100 75 45
10.445 -0.19349 0.78549 102 77 47
10.54 -0.23114 0.871 98 73 41
10.51 -0.21701 0.6962 98 78 43
10.457 -0.20145 0.74529 101 79 42
10.515 -0.23222 0.84421 97 75 51
10.461 -0.2338 0.78633 106 81 49
10.51 -0.19456 0.83946 100 77 46
10.467 -0.16044 0.77362 101 78 45
10.563 -0.2465 0.79609 104 83 52
10.495 -0.080986 0.82828 98 74 46
10.502 -0.1138 0.86689 98 75 44
10.487 -0.084815 0.79302 98 75 42
10.488 -0.12769 0.76255 99 73 46
10.475 -0.15084 0.84511 99 76 42
10.535 -0.11539 0.89242 97 74 43
10.453 -0.12607 0.73353 98 75 41
10.539 -0.079842 0.88556 100 74 47
10.532 -0.12578 0.82368 100 77 44
10.496 -0.12379 0.79737 99 76 42
10.451 -0.050798 0.72249 96 73 40
10.488 -0.048148 0.7872 98 75 42
10.492 -0.091542 0.75538 98 73 43
10.532 -0.10579 0.70934 98 74 40
10.505 -0.15127 0.87029 99 75 47
10.472 -0.049971 0.75428 97 73 47
10.529 -0.083167 0.85271 98 74 48
10.54 0.018037 0.79726 96 73 42
10.541 0.034285 0.90433 94 71 38
10.509 0.00024446 0.88271 95 75 41
10.54 -0.01288 0.83765 97 73 45
10.467 0.06871 0.77946 61 43 7
10.612 -0.046563 0.71306 94 73 46
10.53 -0.05247 0.81107 98 75 42
10.503 -0.040471 0.85501 96 76 42
10.497 0.023776 0.77662 98 75 44
10.515 -0.012171 0.80982 98 75 42
10.562 0.023326 0.86249 95 75 38
10.492 -0.012179 0.77927 97 73 45
10.484 -0.010207 0.78123 97 73 45
10.517 -0.038298 0.88598 97 74 43
10.513 -0.028231 0.70181 95 75 41
10.544 0.022439 0.83135 96 73 42
10.503 -0.040444 0.85382 96 76 42
10.544 0.14256 0.88557 93 71 34
10.521 0.064906 0.8307 96 73 42
10.558 0.091519 0.81384 96 72 36
10.552 0.098531 0.85235 95 73 34
10.509 0.073734 0.87116 95 71 43
10.523 0.058953 0.79427 96 72 44
10.539 0.091237 0.78406 81 60 33
10.567 0.09967 0.88242 95 72 39
10.525 0.13167 0.78318 79 58 29
10.423 0.15519 0.76986 59 39 5
10.532 0.13506 0.81472 93 73 39
10.585 0.12523 0.83776 95 71 43
10.536 0.07211 0.89994 96 73 40
10.379 0.12397 0.75683 61 41 7
10.256 0.1965 0.77818 57 39 15
10.324 0.26063 0.78458 58 37 20
10.56 0.21047 0.87191 93 70 39
10.561 0.21593 0.90872 92 70 33
10.559 0.16906 0.83985 96 70 43
10.61 0.14852 0.78927 89 70 38
10.546 0.16242 0.77699 59 36 18
10.598 0.18774 0.78659 91 67 41
10.6 0.19249 0.82243 93 71 34
10.54 0.18574 0.91664 91 71 37
10.598 0.22352 0.77926 75 52 18
10.561 0.24626 0.86351 92 70 29
10.574 0.23676 0.82302 90 70 35
10.421 0.26847 0.75536 54 38 15
10.56 0.1742 0.87519 94 71 38
10.393 0.20165 0.77075 58 37 18
10.607 0.26176 0.80845 89 69 35
10.554 0.34627 0.77499 56 34 19
10.595 0.343 0.83691 91 68 37
10.56 0.2521 0.89756 93 68 36
10.563 0.34862 0.80931 88 65 32
10.342 0.33194 0.77083 58 39 5
10.6 0.27489 0.88142 92 69 38
10.579 0.3179 0.88184 92 69 36
10.578 0.27669 0.85258 90 69 40
10.616 0.29972 0.83524 91 68 37
10.603 0.29906 0.80404 86 65 36
10.565 0.27022 0.78519 74 49 26
10.47 0.3706 0.76533 57 37 10
10.594 0.29692 0.77446 57 38 8
10.485 0.32805 0.76324 59 38 9
10.465 0.29741 0.7713 55 36 19
10.343 0.37033 0.76615 53 37 12
10.56 0.3914 0.84044 90 67 33
10.587 0.38178 0.83328 90 67 33
10.604 0.41663 0.85577 91 67 31
10.496 0.47737 0.77265 53 38 9
10.588 0.3507 0.87373 90 66 40
10.604 0.37018 0.7924 66 48 10
10.64 0.42824 0.77464 57 38 24
10.657 0.38621 0.77285 55 38 8
10.576 0.37502 0.76167 55 38 8
10.574 0.36112 0.91317 88 68 34
10.472 0.44966 0.78142 55 38 8
10.407 0.46799 0.76675 55 36 6
10.599 0.42418 0.89301 90 67 33
10.297 0.54753 0.7882 55 36 19
10.578 0.3906 0.87087 88 67 38
10.586 0.39299 0.90527 87 67 32
10.616 0.44282 0.81264 82 61 32
10.591 0.36937 0.7588 55 35 10
10.594 0.41526 0.82572 90 67 36
10.407 0.42995 0.77108 56 40 7
10.616 0.49463 0.91304 88 65 34
10.595 0.55876 0.80288 55 38 12
10.576 0.5413 0.88478 87 67 33
10.409 0.63008 0.81312 55 38 12
10.485 0.56158 0.80269 57 37 13
10.625 0.51579 0.83332 87 67 33
10.424 0.58031 0.77833 56 36 9
10.611 0.44984 0.84842 90 65 33
10.614 0.47934 0.80684 65 43 22
10.614 0.51505 0.80252 61 44 14
10.617 0.45302 0.88375 86 65 34
10.559 0.55409 0.92567 87 64 33
10.393 0.63073 0.78132 54 37 11
10.574 0.50583 0.89057 87 63 37
10.64 0.47439 0.83568 90 67 36
10.457 0.52986 0.77771 55 38 12
10.526 0.50855 0.79757 55 38 12
10.638 0.61758 0.81162 63 41 17
10.633 0.63051 0.88578 85 62 31
10.45 0.68801 0.79104 55 38 10
10.644 0.59 0.88699 88 65 32
10.643 0.62079 0.84796 86 63 29
10.29 0.71829 0.83703 54 37 9
10.414 0.74226 0.79832 52 34 24
10.652 0.55118 0.89076 85 65 30
10.379 0.67513 0.78195 55 38 12
10.586 0.60412 0.83316 79 57 34
10.52 0.65779 0.77362 55 38 10
10.636 0.54726 0.82564 80 59 30
10.618 0.58543 0.79309 54 38 12
10.608 0.60011 0.86344 88 65 31
10.585 0.57387 0.87733 90 66 32
10.642 0.591 0.88845 88 65 32
10.637 0.68923 0.80334 57 40 14
10.624 0.67608 0.91887 87 64 30
10.61 0.74915 0.87554 85 60 28
10.631 0.70316 0.87499 86 63 32
10.642 0.66263 0.878 86 63 30
10.59 0.72765 0.92204 82 62 28
10.237 0.9004 0.83179 56 39 13
10.612 0.68974 0.74006 52 35 7
10.624 0.74786 0.90704 81 61 26
10.609 0.70793 0.84565 75 54 25
10.537 0.69263 0.79509 57 42 11
10.478 0.7565 0.81023 53 36 18
10.637 0.65375 0.80779 54 39 10
10.627 0.66371 0.84873 86 63 32
10.619 0.73911 0.83824 60 40 13
10.519 0.77468 0.79022 54 37 9
10.637 0.72519 0.79929 59 42 16
10.631 0.80522 0.82352 59 40 0
10.596 0.7978 0.90983 81 61 34
10.55 0.83937 0.80748 59 39 14
10.656 0.84042 0.88228 81 60 31
10.43 0.93036 0.79974 58 38 3
10.466 0.87544 0.80105 55 40 19
10.658 0.83359 0.84718 68 51 23
10.629 0.82358 0.93174 82 61 34
10.615 0.81882 0.86315 66 49 23
10.422 0.93438 0.80245 58 39 0
10.612 0.77834 0.83202 57 39 15
10.576 0.86342 0.79684 57 37 13
10.667 0.75753 0.85417 80 61 19
10.642 0.83605 0.81578 54 38 12
10.522 0.81092 0.79044 58 38 11
10.413 0.85681 0.78129 55 42 0
10.652 0.80636 0.88924 83 63 28
10.651 0.8679 0.81021 57 38 4
10.687 0.8599 0.86544 83 60 29
10.661 0.91525 0.90383 85 61 33
10.679 0.86973 0.90203 81 62 32
10.587 0.97307 0.8116 55 36 2
10.672 0.89808 0.8312 57 38 6
10.392 1.0264 0.79782 56 38 16
10.552 0.9495 0.7944 52 36 11
10.493 1.0173 0.80065 53 38 0
10.392 1.0264 0.79785 56 38 16
10.673 0.86177 0.83542 58 37 18
10.53 0.9234 0.80031 55 38 12
10.668 0.86408 0.83677 58 37 18
10.711 0.91867 0.84916 67 47 20
10.651 0.84826 0.91775 80 59 30
10.69 0.89395 0.86011 67 48 18
10.464 0.95134 0.78553 53 37 1
10.678 0.93043 0.82222 57 41 5
10.659 0.90003 0.80447 54 39 0
10.581 0.97665 0.8124 55 36 2
10.692 0.9704 0.8853 80 56 28
10.636 0.97038 0.9409 81 58 25
10.475 1.0648 0.8002 57 36 15
10.683 0.98144 0.92568 82 59 25
10.688 0.99703 0.81186 52 40 2
10.703 1.0057 0.90996 81 60 31
10.39 1.1891 0.81324 54 38 2
10.702 0.99481 0.84352 51 35 22
10.684 0.98102 0.92488 82 59 25
10.675 0.97387 0.85502 61 36 29
10.77 0.91632 0.79324 54 40 3
10.733 0.91225 0.87557 79 58 29
10.486 1.1029 0.83159 54 38 3
10.676 1.0395 0.8109 54 38 2
10.453 1.1151 0.80145 58 34 20
10.555 1.1022 0.80626 51 39 0
10.566 1.0212 0.81049 56 37 3
10.723 0.98873 0.86937 77 57 23
10.701 1.0723 0.86411 54 38 13
10.672 1.12 0.83273 54 35 18
10.604 1.1109 0.78712 56 36 2
10.683 1.0891 0.90583 78 55 24
10.736 1.0761 0.77918 55 38 18
10.505 1.206 0.80452 55 39 3
10.68 1.0425 0.84075 58 40 2
10.666 1.0567 0.88158 63 45 21
10.773 1.0724 0.87631 79 57 20
10.739 1.0862 0.84977 52 37 16
10.736 1.0465 0.81968 56 38 2
10.712 1.0543 0.79064 55 37 15
10.658 1.1585 0.79622 52 37 14
10.432 1.2877 0.82142 53 37 2
10.726 1.0281 0.89828 76 60 27
10.752 1.144 0.80273 54 36 14
10.466 1.3453 0.80682 53 36 10
10.569 1.287 0.80688 54 35 3
10.725 1.2021 0.83301 56 37 5
10.634 1.21 0.79934 55 36 6
10.733 1.1613 0.84052 55 40 7
10.751 1.1622 0.90488 76 55 24
10.729 1.2118 0.90554 65 47 25
10.864 1.139 0.72888 55 37 0
10.732 1.1326 0.88412 65 49 24
10.758 1.1105 0.83895 53 36 16
10.742 1.1144 0.8118 55 39 4
10.735 1.1667 0.87804 56 40 17
10.715 1.2145 0.87369 57 36 5
10.699 1.1582 0.92673 79 56 25
10.544 1.2595 0.79098 55 36 4
10.691 1.2537 0.8069 56 37 5
10.569 -0.23349 0.6476 98 75 41
10.463 -0.18814 0.59077 97 77 43
10.518 -0.23532 0.58511 89 68 39
10.478 -0.15947 0.54467 102 79 48
10.513 -0.20326 0.54411 104 79 47
10.562 -0.23772 0.6121 89 68 37
10.52 -0.16218 0.5728 100 77 44
10.506 -0.17945 0.69167 99 76 43
10.464 -0.16246 0.51099 106 83 49
10.481 -0.14306 0.65525 99 76 42
10.513 -0.15528 0.61116 99 76 43
10.462 -0.18217 0.62709 100 77 44
10.497 -0.20597 0.5113 108 83 51
10.462 -0.17652 0.66495 98 76 39
10.513 -0.081754 0.59902 99 76 45
10.502 -0.053532 0.52267 98 75 44
10.587 -0.13973 0.55512 99 76 45
10.485 -0.12387 0.53798 100 77 44
10.527 -0.090333 0.55975 100 77 44
10.559 -0.1173 0.66749 97 73 47
10.548 -0.078434 0.66351 96 74 37
10.532 -0.054984 0.55434 100 74 47
10.477 -0.13653 0.6916 99 77 38
10.443 -0.1207 0.5094 102 80 43
10.482 -0.10624 0.6489 98 76 35
10.518 -0.077195 0.63461 96 73 42
10.451 -0.030333 0.60731 96 73 40
10.488 -0.087467 0.53119 100 77 46
10.479 -0.11117 0.61268 98 75 41
10.522 -0.10048 0.48736 101 78 44
10.195 0.10352 0.60645 89 68 37
10.388 -0.0097965 0.65908 96 73 39
10.213 0.12299 0.75967 55 39 4
10.686 -0.055639 0.52044 97 74 43
10.104 0.12047 0.58467 86 63 30
10.534 -0.024455 0.51211 97 74 40
10.231 0.24328 0.77739 56 38 16
10.144 0.22202 0.76308 56 38 16
10.171 0.25486 0.75329 54 38 13
10.11 0.2725 0.76681 54 38 13
10.235 0.15713 0.75096 55 37 13
10.108 0.18515 0.73697 58 38 13
10.215 0.28197 0.73714 58 40 18
10.25 0.31659 0.75928 57 38 6
10.212 0.28851 0.77351 57 38 6
10.201 0.32637 0.73595 58 39 9
10.277 0.43136 0.771 57 38 6
10.283 0.42367 0.73596 58 37 16
10.16 0.38527 0.77492 60 39 8
10.296 0.42501 0.76727 57 38 6
10.246 0.48155 0.76989 54 37 7
10.222 0.57038 0.77133 60 40 13
10.155 0.55452 0.78791 56 40 7
10.151 0.67842 0.77617 60 41 11
10.192 0.62737 0.80733 58 39 9
10.116 0.7548 0.64409 71 51 26
10.162 0.70779 0.72265 66 45 14
10.26 0.67996 0.77914 59 39 12
10.148 0.63858 0.77973 58 39 7
10.345 0.7278 0.78201 57 38 0
10.306 0.69974 0.75918 55 38 8
10.17 0.79743 0.78585 57 40 20
10.25 0.80271 0.76332 62 47 14
10.298 0.7875 0.78695 58 38 14
10.32 0.77773 0.78029 58 38 14
10.128 0.89826 0.78834 62 44 6
10.139 0.88019 0.7012 67 50 22
10.319 0.81719 0.77393 58 40 0
10.28 0.87447 0.78064 56 41 0
10.347 0.88214 0.7578 57 39 15
10.152 0.9272 0.76741 62 45 17
10.331 0.93511 0.79711 53 38 9
10.454 0.91287 0.75758 58 38 13
10.153 1.0562 0.79364 62 42 18
10.214 0.98597 0.78719 57 40 14
10.13 1.0131 0.72048 66 49 21
10.139 1.1732 0.69124 65 46 12
10.22 1.1373 0.7181 67 46 19
10.18 1.1866 0.63968 69 49 15
10.167 1.0897 0.783 63 45 23
10.308 1.1038 0.77695 62 41 20
10.143 1.1843 0.7738 66 45 24
10.28 1.0785 0.7874 54 40 13
10.339 1.0089 0.7772 57 40 14
10.14 1.119 0.61954 68 48 23
10.242 1.2659 0.81105 57 41 18
10.194 1.2799 0.74364 62 45 17
10.222 1.2516 0.65847 67 48 18
10.178 1.3175 0.664 66 47 17
10.224 1.2287 0.7805 65 44 23
10.266 1.1723 0.81247 56 38 18
10.202 1.2348 0.75062 65 45 20
10.164 1.2423 0.67551 67 48 18
10.233 1.2114 0.70184 65 47 23
10.426 1.0802 0.74485 61 42 12
10.18 1.2943 0.7873 63 42 21
10.163 1.2148 0.76446 67 45 24
10.19 1.3168 0.69983 67 46 15
10.188 1.2636 0.62476 68 48 14
10.243 1.3471 0.80107 62 42 17
10.496 1.1618 0.74737 58 41 13
10.205 1.3425 0.64868 68 50 4
10.208 1.3954 0.72423 66 49 23
10.396 1.3028 0.79433 63 41 17
10.467 1.222 0.77713 55 41 5
10.18 1.4399 0.64236 69 51 5
10.198 1.3881 0.64565 65 46 14
10.192 1.4395 0.68175 67 47 22
10.216 1.3089 0.73548 64 44 17
10.177 1.4071 0.69074 65 45 20
10.144 1.3912 0.74423 66 45 24
10.402 1.4049 0.70019 59 44 21
10.21 1.5178 0.70081 63 47 12
10.23 1.4584 0.66985 68 46 9
10.431 1.3992 0.76748 55 41 15
10.435 1.3575 0.76677 60 43 15
10.414 1.3321 0.78726 57 41 15
10.271 1.4402 0.7025 66 48 12
10.349 1.4445 0.75052 60 42 28
10.144 1.488 0.80886 63 44 14
10.432 1.3985 0.76777 55 41 15
10.256 1.4352 0.62173 66 47 5
10.213 1.5091 0.66242 64 46 8
10.388 1.4335 0.82024 50 35 0
10.446 1.4095 0.64509 58 43 4
10.49 -0.15903 0.31818 118 94 56
10.478 -0.13941 0.43014 110 86 50
10.459 -0.11551 0.31454 106 82 46
10.478 -0.16257 0.28181 114 91 49
10.537 -0.16277 0.34709 116 92 56
10.488 -0.14723 0.39106 113 89 53
10.479 -0.18258 0.39828 103 108 102
10.396 -0.17233 0.37273 168 129 11
10.514 -0.14114 0.45989 107 85 48
10.507 -0.13128 0.27076 103 81 44
10.531 -0.18688 0.42645 107 107 107
10.474 -0.17013 0.47359 112 88 50
10.183 -0.13776 0.36371 65 22 0
10.485 -0.029507 0.40859 98 75 42
10.531 -0.071517 0.44369 98 75 44
10.514 -0.073229 0.41031 100 76 42
10.474 -0.1129 0.34895 107 83 45
10.518 -0.079773 0.37394 101 77 41
10.475 -0.053035 0.49034 98 74 46
10.516 -0.042493 0.36825 99 73 46
10.477 -0.02195 0.44606 97 75 36
10.485 -0.10949 0.38493 104 80 46
10.521 -0.11162 0.41533 103 80 47
10.513 -0.053268 0.29504 96 74 37
10.531 -0.10815 0.45052 102 82 48
10.567 -0.060175 0.32551 97 74 41
10.629 -0.11022 0.32267 100 78 41
10.527 -0.093235 0.29909 100 76 42
10.591 -0.02429 0.35209 98 75 42
10.521 -0.01277 0.32416 96 73 39
10.706 -0.047153 0.36918 95 73 34
10.504 -0.022909 0.4793 98 75 42
10.487 -0.010213 0.29252 95 72 38
10.121 0.55834 0.4662 75 54 25
10.17 0.67387 0.5198 77 54 21
10.11 0.66289 0.57764 70 50 15
10.132 0.80461 0.46603 81 60 17
10.116 0.77696 0.51645 79 57 16
10.153 0.87719 0.45003 77 57 23
10.137 0.87794 0.40912 80 57 26
10.126 0.85452 0.50071 76 58 20
10.124 0.82715 0.58932 70 50 16
10.128 0.87547 0.37126 82 59 26
10.214 0.94191 0.50337 76 56 22
10.252 0.87788 0.46609 77 57 22
10.15 0.88474 0.49319 79 56 22
10.12 0.97379 0.4403 77 56 29
10.214 0.86189 0.51797 77 56 11
10.168 0.94474 0.39177 77 56 27
10.251 0.87253 0.4278 79 57 20
10.154 0.96388 0.47461 76 54 30
10.134 0.99255 0.59841 72 50 27
10.153 0.99268 0.38979 78 55 21
10.189 0.91338 0.51634 79 56 22
10.145 1.0282 0.59277 70 52 6
10.18 1.039 0.49862 76 53 22
10.162 1.0542 0.54306 75 52 21
10.155 1.1806 0.52457 72 53 23
10.156 1.1391 0.53084 72 54 18
10.166 1.1211 0.44754 75 54 25
10.189 1.2094 0.55105 74 50 22
10.179 1.1208 0.48554 74 55 21
10.179 1.155 0.43989 73 54 14
10.142 1.2219 0.47905 73 54 24
10.162 1.1835 0.56371 71 50 21
10.164 1.1885 0.60357 68 50 0
10.17 1.1533 0.40048 74 55 25
10.189 1.2038 0.51531 71 51 16
10.191 1.2969 0.57799 70 53 10
10.195 1.2878 0.53821 70 51 19
10.193 1.283 0.49896 73 53 19
10.228 1.2355 0.57652 72 50 9
10.175 1.2391 0.42791 77 55 18
10.171 1.2475 0.46655 75 56 26
10.143 1.3304 0.62776 68 50 14
10.218 1.3092 0.48815 72 52 18
10.163 1.265 0.5501 71 49 25
10.136 1.3431 0.42007 74 55 25
10.285 1.2252 0.44387 75 53 16
10.183 1.323 0.45259 77 54 23
10.216 1.3986 0.51638 71 52 22
10.167 1.4142 0.44084 75 52 21
10.213 1.3252 0.56896 72 51 22
10.187 1.4291 0.60008 73 48 18
10.162 1.3478 0.53676 71 50 19
10.275 1.3109 0.43304 73 54 20
10.264 1.3976 0.42161 73 52 21
10.21 1.368 0.56145 75 53 14
10.2 1.4427 0.47128 74 53 22
10.261 1.3783 0.54621 71 49 8
10.214 1.3522 0.48112 73 52 21
10.194 1.3428 0.61289 70 50 13
10.225 1.5165 0.49398 69 50 10
10.394 1.3841 0.54903 71 51 17
10.216 1.4673 0.42184 72 53 21
10.176 1.4705 0.55391 73 51 12
10.398 1.4284 0.58572 65 43 19
10.383 1.4507 0.42223 70 49 18
10.285 1.4854 0.52423 67 47 13
10.253 1.4517 0.4568 74 53 24
10.262 1.472 0.61081 70 51 17
10.331 1.444 0.43994 71 51 27
10.236 1.4405 0.5841 69 51 11
10.237 1.4748 0.53935 72 52 15
10.213 1.5108 0.41596 69 52 24
10.413 1.4256 0.37884 67 47 23
10.315 1.4735 0.5597 66 45 16
10.166 -2.5221 0.13296 61 41 14
10.525 -0.16411 0.085597 93 72 41
10.556 -0.19527 0.16365 99 75 39
10.355 -0.17446 0.065389 94 69 37
10.502 -0.13616 0.23538 102 78 44
10.521 -0.14572 0.19714 98 75 41
10.512 -0.11876 0.1174 95 72 41
10.515 -0.21834 0.20982 85 50 0
10.505 -0.19107 0.13116 102 73 39
10.522 -0.14009 0.23154 102 78 44
10.512 -0.14975 0.16036 97 74 41
10.524 -0.20066 0.091611 95 68 31
10.516 -0.12529 0.081894 94 74 37
10.485 -0.17549 0.20593 99 78 49
10.546 -0.20477 0.08989 95 68 31
10.473 -0.1673 0.24514 103 88 45
10.527 -0.15866 0.12198 96 73 39
10.531 -0.080365 0.14662 94 72 33
10.44 -0.0044122 0.26312 95 72 41
10.456 -0.020003 0.18414 95 71 37
10.508 -0.026673 0.2172 94 71 37
10.583 -0.067394 0.064966 91 73 37
10.499 -0.067349 0.18678 97 74 41
10.5 -0.0052196 0.099425 92 72 38
10.537 -0.11832 0.15221 96 74 35
10.527 -0.1046 0.22625 99 76 43
10.523 -0.047532 0.10558 92 72 37
10.525 -0.098417 0.26418 99 77 38
10.515 -0.082502 0.11174 94 71 40
10.522 -0.041485 0.14126 94 71 38
10.512 -0.01397 0.062649 90 70 36
10.493 -0.10289 0.1926 97 75 36
10.52 -0.11459 0.15391 96 74 35
10.537 -0.070287 0.21994 95 72 38
10.489 -0.053522 0.26251 97 74 33
10.522 -0.0899 0.073131 92 72 38
10.092 0.14877 0.20467 69 44 12
10.46 0.010396 0.14069 93 70 37
10.651 -0.025434 0.19619 95 72 38
10.1 0.37709 0.3324 72 50 26
10.101 0.51533 0.14329 75 54 27
10.11 0.45583 0.31818 76 53 19
10.1 0.46809 0.10795 70 49 20
10.112 0.6466 0.20257 78 59 29
10.188 0.54944 0.28993 77 58 28
10.115 0.5703 0.25764 78 55 22
10.114 0.59227 0.12822 77 55 31
10.11 0.71349 0.35795 79 59 25
10.123 0.7429 0.31102 78 57 26
10.115 0.7396 0.27105 82 59 26
10.124 0.75766 0.14091 80 59 28
10.188 0.86418 0.19663 81 59 35
10.114 0.8025 0.13513 80 60 26
10.132 0.8077 0.21594 80 59 32
10.113 0.82216 0.25794 81 60 33
10.144 0.8496 0.24894 77 59 23
10.119 0.80715 0.17538 79 58 31
10.13 1.0188 0.22222 78 58 31
10.133 0.95499 0.35646 79 58 29
10.123 1.0003 0.35072 78 57 30
10.17 1.0999 0.3278 75 56 14
10.16 1.0233 0.3412 76 57 25
10.164 1.0965 0.28533 77 57 33
10.171 1.0463 0.25169 77 59 23
10.195 1.0935 0.3637 76 57 23
10.153 1.115 0.36882 76 57 23
10.121 1.0578 0.17441 77 56 27
10.136 1.0572 0.21375 79 58 29
10.166 1.1169 0.15877 74 55 25
10.15 1.0155 0.25907 78 58 31
10.133 1.0302 0.30309 78 58 24
10.129 1.0799 0.33687 77 58 24
10.167 1.2304 0.3475 75 52 18
10.217 1.163 0.34742 77 56 29
10.158 1.1877 0.31428 77 56 29
10.191 1.1638 0.2704 76 57 27
10.163 1.2262 0.30693 76 55 26
10.154 1.2242 0.26657 77 55 31
10.176 1.1376 0.31924 75 54 27
10.176 1.1997 0.1841 74 54 17
10.132 1.1668 0.36555 75 54 25
10.181 1.2035 0.22426 75 54 23
10.131 1.2369 0.27016 77 55 31
10.207 1.2489 0.33423 74 50 22
10.235 1.3147 0.32055 75 55 20
10.162 1.2676 0.30115 73 53 26
10.178 1.334 0.24561 71 56 23
10.18 1.2857 0.21204 73 52 23
10.295 1.2467 0.3581 74 52 28
10.246 1.2745 0.36405 77 55 31
10.187 1.3358 0.28635 72 55 27
10.187 1.3226 0.20266 76 55 28
10.372 1.2813 0.33639 73 55 7
10.179 1.464 0.26365 76 54 30
10.201 1.4291 0.39035 78 54 28
10.214 1.3954 0.22779 73 53 26
10.213 1.4026 0.27118 72 56 23
10.158 1.3803 0.19964 74 53 22
10.139 1.3978 0.24334 76 55 26
10.148 1.4277 0.1937 76 54 33
10.26 1.4018 0.17857 71 54 24
10.172 1.3573 0.36805 77 56 9
10.21 1.3633 0.27619 70 53 27
10.169 1.4416 0.35392 75 52 21
10.258 1.382 0.30381 75 54 25
10.244 1.5058 0.24557 67 47 22
10.41 1.4479 0.25901 68 50 28
10.309 1.3982 0.33033 75 53 29
10.411 1.3687 0.27485 71 51 24
10.269 1.4498 0.25145 72 53 23
10.189 1.5339 0.20813 71 53 15
10.218 1.4745 0.21506 73 54 24
10.383 1.4587 0.22525 65 49 26
10.243 1.5136 0.28717 71 51 27
10.151 1.5093 0.18215 76 52 24
10.421 1.4284 0.18162 67 46 27
10.272 1.4758 0.16487 69 49 14
10.52 -0.11297 -0.072761 89 68 37
10.542 -0.18503 -0.023131 93 70 37
10.525 -0.1697 0.047352 95 72 41
10.232 -0.15748 0.031288 120 97 63
10.51 -0.15363 -0.10365 88 68 34
10.494 -0.19362 -0.13435 68 45 12
10.551 -0.19263 -0.061824 92 71 44
10.545 -0.11249 -0.037073 91 69 30
10.491 -0.13191 0.0069042 90 70 36
10.496 -0.12697 0.04509 94 71 40
10.485 -0.13652 -0.029601 92 69 38
10.553 -0.18121 0.011416 95 72 39
10.518 -0.1185 -0.10876 92 68 34
10.465 -0.13848 -0.06603 91 67 39
10.537 -0.16523 -0.14045 88 68 33
10.497 -0.12001 -0.14699 88 68 33
10.548 -0.19795 -0.097919 91 67 41
10.347 -0.18522 -0.012529 98 73 41
10.547 -0.082335 -0.078464 90 68 29
10.539 -0.086321 -0.11682 90 68 27
10.495 -0.058705 -0.0041179 92 69 35
10.523 -0.070991 -0.04357 89 68 39
10.384 0.031063 -0.089386 90 68 27
10.527 -0.046934 -0.12253 90 67 36
10.572 -0.040029 -0.012304 89 69 35
10.557 -0.030678 0.023762 90 69 38
10.543 -0.044911 -0.086568 88 67 36
10.544 -0.10057 0.036513 91 70 41
10.513 -0.056929 0.032301 90 70 36
10.523 -0.0887 -0.15336 88 67 36
10.575 -0.046663 -0.048909 89 69 35
10.505 -0.0048449 -0.12752 88 68 34
10.519 -0.10099 0.0012685 92 69 38
10.64 -0.015347 0.013531 90 67 36
10.443 0.02251 -0.052133 90 68 31
10.589 -0.0081262 -0.020068 89 69 34
10.117 0.38922 -0.090646 67 49 25
10.11 0.54652 0.094041 76 54 30
10.123 0.55015 -0.11831 74 54 27
10.127 0.50793 -0.11219 74 54 19
10.118 0.57154 0.0025006 75 54 25
10.127 0.64305 -0.050119 75 59 24
10.133 0.63407 -0.090168 78 55 22
10.11 0.65619 -0.0087581 75 56 24
10.204 0.6384 0.10884 80 59 28
10.124 0.60993 -0.0029223 79 56 22
10.111 0.75028 0.058819 78 57 28
10.15 0.76181 -0.028975 78 57 28
10.116 0.7288 -0.063657 78 59 29
10.118 0.76878 -0.069452 79 57 33
10.112 0.78423 0.012499 77 58 28
10.134 0.68719 -0.015642 76 56 29
10.132 0.70103 0.065181 78 57 28
10.132 0.83567 0.1241 78 56 32
10.125 0.91394 0.073729 75 56 22
10.198 0.83408 0.035212 76 57 23
10.124 0.86058 -0.0024282 75 56 26
10.225 0.78879 0.080571 77 57 30
10.151 0.87635 -0.091916 76 56 29
10.119 1.0263 -0.02875 77 56 27
10.173 1.0068 0.010728 77 57 23
10.126 1.0168 -0.068538 76 56 21
10.179 0.92342 0.022839 75 56 22
10.13 0.91791 0.11229 79 59 25
10.153 0.98878 0.098891 78 55 22
10.167 0.90961 -0.099298 77 58 28
10.162 0.96543 -0.024096 77 57 22
10.141 0.96197 -0.10297 79 60 30
10.16 0.91908 -0.057123 77 58 26
10.133 1.0738 0.046048 76 56 22
10.133 1.1014 -0.04298 75 55 28
10.168 1.0775 -0.085659 77 57 30
10.121 1.0516 0.13571 76 56 29
10.139 1.1243 0.12109 72 54 32
10.135 1.12 0.079758 77 57 23
10.188 1.0803 -0.0041828 76 52 24
10.144 1.1371 -0.050326 71 51 24
10.132 1.0546 -0.077329 76 57 23
10.146 1.0542 -0.036357 77 56 25
10.128 1.1387 -0.09135 76 52 26
10.139 1.0769 0.083586 77 54 23
10.166 1.2264 0.05557 70 50 23
10.158 1.2029 0.14339 74 54 20
10.181 1.2462 -0.030934 75 53 29
10.156 1.2126 -0.062764 74 55 25
10.2 1.2016 0.016311 72 52 17
10.153 1.1733 -0.057672 74 55 25
10.157 1.1434 0.030924 76 52 26
10.155 1.151 0.07344 73 54 24
10.23 1.139 -0.019437 74 55 25
10.142 1.205 0.10595 72 51 22
10.162 1.2414 0.13784 73 53 28
10.174 1.2437 -0.070108 76 54 30
10.172 1.1823 0.063382 74 54 27
10.181 1.369 -0.050317 73 57 4
10.189 1.2958 0.04322 75 52 19
10.186 1.3512 0.11653 73 54 14
10.163 1.2823 0.13211 72 52 27
10.175 1.3512 0.077755 74 50 22
10.181 1.3689 -0.049805 73 57 4
10.234 1.2977 -0.045681 71 54 28
10.158 1.354 0.036864 72 52 28
10.151 1.2824 0.093355 75 52 18
10.168 1.3422 -0.0046818 72 56 23
10.156 1.2948 -0.078747 74 55 25
10.167 1.295 -0.037568 71 52 22
10.137 1.2837 0.05207 73 53 19
10.136 1.2777 0.011058 74 52 28
10.16 1.4771 0.01518 77 53 27
10.166 1.4042 0.11097 74 54 29
10.171 1.4293 0.02334 74 52 28
10.185 1.4272 0.06397 73 51 27
10.152 1.4687 -0.064441 72 52 27
10.151 1.4063 0.074127 70 51 19
10.16 1.414 0.15043 73 51 28
10.229 1.3474 -0.011522 74 55 21
10.22 1.4127 0.10145 73 54 20
10.261 1.3627 -0.058706 72 55 27
10.205 1.4157 0.062732 73 51 27
10.178 1.3837 0.030008 72 51 24
10.224 1.4317 -0.025696 70 53 25
10.418 1.4507 0.064688 68 49 6
10.162 1.5173 0.010894 73 52 25
10.205 1.5327 0.0065234 64 46 26
10.389 1.3965 0.11837 71 54 26
10.234 1.5337 0.11802 67 48 18
10.292 1.4716 -0.038157 68 51 23
10.212 1.5414 0.085036 66 47 4
10.295 1.5015 0.1522 65 46 16
10.272 1.4966 0.040632 66 45 28
10.166 1.5917 -0.041655 66 48 26
10.362 1.4007 0.04268 70 51 9
10.245 1.4599 -0.032731 72 52 28
10.325 1.5035 0.032382 67 50 24
10.335 1.4237 0.085237 70 50 13
10.391 1.4549 -0.010837 66 46 9
10.297 1.5218 0.033101 67 50 24
10.179 1.4852 0.13775 71 50 21
10.374 1.4853 0.10366 66 46 21
10.419 1.4621 0.13878 65 46 16
10.463 -0.18721 -0.36499 69 49 24
10.619 -0.19331 -0.21083 87 67 33
10.594 -0.17027 -0.32446 85 66 32
10.458 -0.16761 -0.25069 84 64 39
10.507 -0.13424 -0.21835 87 67 32
10.446 -0.083785 -0.2311 87 66 35
10.456 -0.12962 -0.25832 88 65 32
10.578 -0.1247 -0.29614 85 66 34
10.425 -0.11077 -0.18463 90 68 29
10.592 -0.13965 -0.36988 85 66 34
10.416 -0.18471 -0.17313 65 45 8
10.18 -0.14658 -0.21569 63 43 18
10.535 -0.17064 -0.17641 90 68 29
10.535 -0.1522 -0.29247 89 66 33
10.525 -0.16219 -0.36593 85 64 33
10.534 -0.19474 -0.32355 66 48 28
10.547 -0.19122 -0.28601 85 64 43
10.641 -0.14413 -0.33123 84 65 31
10.428 -0.086125 -0.26479 87 67 32
10.578 -0.082516 -0.26866 89 65 31
10.569 -0.038273 -0.23732 86 65 34
10.514 -0.092776 -0.19095 88 68 34
10.558 -0.071914 -0.23265 87 64 30
10.521 -0.032811 -0.27618 86 66 32
10.571 -0.0329 -0.2013 88 64 38
10.442 -0.033003 -0.15957 86 66 32
10.518 -0.04424 -0.34941 84 63 34
10.507 -0.054351 -0.19659 85 66 32
10.525 0.0027964 -0.28135 85 64 35
10.471 0.022494 -0.24714 84 63 32
10.583 -0.089575 -0.30499 86 67 35
10.565 -0.091536 -0.34185 84 65 33
10.552 -0.0098391 -0.31728 84 63 34
10.546 -0.014448 -0.35394 83 62 33
10.512 -0.012539 -0.16526 85 64 35
10.496 -0.032948 -0.31531 85 65 30
10.133 0.16108 -0.17965 62 44 20
10.617 0.0037092 -0.3542 82 64 26
10.09 0.16597 -0.222 62 45 17
10.176 0.1569 -0.38861 59 40 6
10.492 0.023154 -0.20881 85 66 26
10.709 -0.013913 -0.3154 84 63 32
10.096 0.34936 -0.37994 64 45 13
10.095 0.3632 -0.29716 66 49 23
10.146 0.47508 -0.27467 68 51 25
10.136 0.56635 -0.24717 72 54 30
10.098 0.5191 -0.36469 57 41 8
10.438 0.57341 -0.22152 68 52 26
10.502 0.52968 -0.32982 67 50 24
10.106 0.63808 -0.13067 78 56 33
10.428 0.53994 -0.21556 70 50 26
10.492 0.54592 -0.25617 68 52 29
10.48 0.54452 -0.29536 67 50 24
10.116 0.75005 -0.19038 75 55 28
10.122 0.78831 -0.19484 72 56 23
10.118 0.80318 -0.11867 77 58 26
10.109 0.71862 -0.14589 77 58 28
10.781 0.45878 -0.28543 66 51 22
10.483 0.5741 -0.33734 65 51 22
10.157 0.77991 -0.1569 73 57 24
10.137 0.87616 -0.131 79 58 29
10.512 0.69653 -0.20787 69 52 24
10.409 0.73639 -0.242 61 49 27
10.311 0.74707 -0.20383 70 53 23
10.439 0.76637 -0.21555 68 49 32
10.121 0.87663 -0.17331 74 57 29
10.5 0.70171 -0.20825 68 53 32
10.144 0.9477 -0.18237 73 51 27
10.125 1.045 -0.15976 76 55 26
10.502 0.84849 -0.23018 64 48 31
10.439 0.84174 -0.22809 64 49 30
10.492 0.85941 -0.19482 66 50 24
10.203 0.96026 -0.18894 71 53 15
10.136 1.1281 -0.13062 75 50 27
10.518 0.92086 -0.21139 64 48 23
10.468 0.90857 -0.20212 68 52 27
10.14 1.0442 -0.11736 76 59 31
10.458 0.90754 -0.23464 47 30 10
10.464 0.98579 -0.21652 63 48 25
10.205 1.0462 -0.16565 70 54 18
10.206 1.1259 -0.17816 65 50 27
10.62 0.92943 -0.29057 46 53 37
10.139 1.2498 -0.15322 70 51 21
10.149 1.2095 -0.10497 75 55 28
10.134 1.1702 -0.13842 75 52 21
10.514 1.0281 -0.26171 63 46 16
10.472 1.0566 -0.2255 63 46 26
10.57 0.99203 -0.29584 64 48 15
10.513 0.99741 -0.22175 60 47 29
10.147 1.2518 -0.11127 76 56 21
10.177 1.1542 -0.096663 75 53 29
10.213 1.2367 -0.23616 69 49 22
10.16 1.1973 -0.14641 70 50 26
10.651 0.91874 -0.25262 62 46 23
10.17 1.267 -0.19685 69 51 27
10.163 1.3122 -0.20612 70 52 30
10.162 1.367 -0.131 72 55 25
10.171 1.3274 -0.084534 76 56 22
10.234 1.319 -0.17143 70 55 26
10.199 1.3601 -0.29667 68 48 24
10.214 1.3107 -0.28976 64 48 22
10.169 1.2744 -0.15708 72 56 23
10.173 1.2931 -0.28586 67 48 14
10.196 1.3062 -0.12324 71 50 19
10.138 1.3324 -0.16536 71 55 32
10.168 1.3027 -0.24508 70 50 25
10.153 1.3046 -0.28697 67 48 14
10.195 1.3346 -0.21272 70 53 23
10.173 1.367 -0.08884 74 53 22
10.198 1.3263 -0.25325 64 46 22
10.153 1.4767 -0.27314 68 50 14
10.208 1.3812 -0.13905 72 56 23
10.15 1.4304 -0.30445 69 49 14
10.17 1.4317 -0.22347 72 51 24
10.2 1.4073 -0.2639 68 49 19
10.25 1.3907 -0.18178 74 53 26
10.184 1.4991 -0.27996 70 50 16
10.195 1.4645 -0.19327 72 52 25
10.194 1.4368 -0.10309 73 54 24
10.192 1.3841 -0.17871 72 55 29
10.24 1.4305 -0.23061 70 50 25
10.165 1.4762 -0.23337 70 50 25
10.151 1.4775 -0.2739 68 50 14
10.176 1.4892 -0.11122 70 54 28
10.189 1.3988 -0.10013 69 52 24
10.233 1.4478 -0.1549 72 52 28
10.271 1.5463 -0.1702 67 49 29
10.28 1.5213 -0.28684 60 44 21
10.287 1.4616 -0.11931 70 54 19
10.203 1.5075 -0.16024 68 50 26
10.15 1.5118 -0.071783 69 52 26
10.202 1.495 -0.23954 66 50 17
10.254 1.5226 -0.12536 69 49 38
10.161 1.5684 -0.20648 63 49 22
10.262 1.5241 -0.085157 63 46 20
10.16 1.5623 -0.2472 60 44 8
10.259 1.5134 -0.16421 65 47 25
10.339 1.4967 -0.20741 63 45 25
10.219 1.5664 -0.24823 61 45 22
10.374 1.4865 -0.13394 67 50 24
10.188 1.5102 -0.19977 66 46 19
10.332 1.5346 -0.25581 60 44 11
10.384 1.5073 -0.21606 62 41 20
10.535 -0.18876 -0.51427 78 58 33
10.533 -0.17614 -0.43978 80 60 35
10.474 -0.12082 -0.41454 84 64 30
10.525 -0.1501 -0.51994 83 64 24
10.507 -0.08483 -0.38126 86 63 32
10.608 -0.19704 -0.47105 74 58 22
10.495 -0.10706 -0.53019 82 62 25
10.527 -0.083275 -0.57022 84 62 21
10.572 -0.166 -0.55122 81 60 29
10.551 -0.1128 -0.48803 82 62 27
10.532 -0.13918 -0.44757 83 65 29
10.526 -0.16853 -0.40481 82 62 25
10.579 -0.17357 -0.58707 79 60 26
10.531 -0.1023 -0.45362 83 62 31
10.525 -0.11971 -0.56419 81 62 28
10.485 -0.1357 -0.48813 83 63 29
10.55 -0.10037 -0.41432 84 64 30
10.563 -0.085373 -0.52885 82 62 28
10.578 -0.058603 -0.57039 80 61 31
10.533 0.019227 -0.39664 82 61 30
10.505 -0.010604 -0.39311 80 60 33
10.554 -0.077164 -0.49494 82 62 27
10.557 -0.011317 -0.54169 82 62 27
10.489 -0.031555 -0.54391 81 62 30
10.502 0.0085841 -0.51025 84 61 30
10.556 -0.035153 -0.46243 84 61 28
10.514 -0.061803 -0.46076 83 63 26
10.561 -0.042376 -0.49995 82 61 30
10.545 -0.026244 -0.42765 82 64 28
10.587 -0.066445 -0.38098 83 63 29
10.54 -0.0071326 -0.54351 82 59 26
10.503 -0.053202 -0.4246 84 63 32
10.553 0.0021418 -0.47005 82 61 30
10.529 -0.010521 -0.58141 81 62 32
10.094 0.1854 -0.60558 54 37 17
10.111 0.21503 -0.39843 62 41 20
10.818 -0.030712 -0.45141 80 60 25
10.702 -0.0065004 -0.49571 81 60 31
10.54 0.029363 -0.54948 81 61 27
10.102 0.34041 -0.41947 62 46 13
10.134 0.49974 -0.4038 57 43 7
10.395 0.49015 -0.3601 58 42 7
10.152 0.55414 -0.53814 54 39 6
10.576 0.51865 -0.44218 67 50 22
10.646 0.41414 -0.45694 55 39 13
10.23 0.56489 -0.53722 55 40 17
10.391 0.59897 -0.41662 65 50 21
10.472 0.53532 -0.36784 68 53 14
10.564 0.51736 -0.47776 68 53 22
10.601 0.49672 -0.51198 67 53 16
10.502 0.51158 -0.4417 68 53 22
10.667 0.51723 -0.43557 66 51 22
10.489 0.58445 -0.49235 68 51 23
10.366 0.68556 -0.43393 32 25 0
10.368 0.67863 -0.4661 31 28 9
10.374 0.61219 -0.37996 66 51 22
10.225 0.77862 -0.48987 34 27 7
10.322 0.76901 -0.5266 35 28 8
10.357 0.91376 -0.51266 43 32 10
11.078 0.59552 -0.44302 43 33 23
10.778 0.80617 -0.31185 24 22 0
10.518 0.97652 -0.32938 37 38 20
10.551 1.0273 -0.37765 66 48 26
10.608 1.0083 -0.30709 64 46 26
10.155 1.2836 -0.41264 62 42 15
10.615 0.95009 -0.40092 65 50 19
10.541 1.0514 -0.49297 65 51 24
10.494 1.0524 -0.41972 65 49 13
10.557 0.97534 -0.44259 62 48 21
10.625 0.99274 -0.3376 62 47 24
10.212 1.1518 -0.51558 64 53 34
10.648 0.9383 -0.36373 64 48 15
10.565 0.98884 -0.33251 65 47 25
10.614 0.98106 -0.44312 64 48 25
10.521 1.0624 -0.49457 65 51 24
10.562 1.0034 -0.48558 63 51 27
10.503 1.0351 -0.4921 63 51 27
10.272 1.2522 -0.44791 62 43 9
10.184 1.3837 -0.46779 58 43 22
10.22 1.3219 -0.45691 60 41 7
10.17 1.3574 -0.42175 69 50 10
10.159 1.3438 -0.54683 57 42 21
10.153 1.3738 -0.38264 68 47 26
10.227 1.25 -0.36468 62 43 26
10.184 1.3901 -0.42825 61 43 21
10.2 1.2861 -0.49321 61 42 12
10.198 1.3688 -0.5057 58 43 22
10.176 1.3127 -0.41493 64 43 22
10.21 1.2661 -0.32613 69 50 16
10.139 1.3468 -0.33235 69 48 17
10.265 1.3234 -0.54053 58 41 21
10.193 1.3571 -0.34043 68 49 15
10.244 1.4155 -0.31184 67 48 16
10.144 1.504 -0.40387 67 45 21
10.19 1.469 -0.44204 61 46 7
10.253 1.4176 -0.51475 61 44 18
10.182 1.4049 -0.34686 64 48 25
10.264 1.3839 -0.42828 60 42 22
10.171 1.4258 -0.51638 60 44 11
10.157 1.5174 -0.53111 54 39 18
10.211 1.4286 -0.35246 66 48 26
10.153 1.4852 -0.48682 58 46 22
10.144 1.4618 -0.39732 66 50 17
10.196 1.4789 -0.36209 66 45 28
10.159 1.5078 -0.31921 68 47 26
10.342 1.5221 -0.29702 61 45 12
10.44 1.4668 -0.48603 57 40 10
10.249 1.4934 -0.32208 63 45 5
10.211 1.5108 -0.36615 62 49 5
10.226 1.5358 -0.41124 59 44 1
10.309 1.4963 -0.32426 58 42 9
10.234 1.5588 -0.49983 55 36 29
10.284 1.4796 -0.52324 47 35 9
10.295 1.5266 -0.45297 57 40 22
10.261 1.473 -0.40251 61 45 20
10.189 1.5594 -0.41425 59 44 1
10.181 1.5707 -0.37336 60 40 16
10.149 1.5359 -0.45112 57 43 14
10.28 1.5555 -0.33494 62 45 2
10.28 1.5772 -0.46303 55 38 28
10.502 -0.17685 -0.708 75 56 24
10.537 -0.14084 -0.67394 81 62 32
10.499 -0.12662 -0.64161 82 62 27
10.454 -0.09258 -0.72944 81 60 29
10.556 -0.096003 -0.60303 82 63 33
10.55 -0.11972 -0.74814 83 63 29
10.575 -0.18502 -0.66076 77 56 29
10.504 -0.079352 -0.79817 81 61 26
10.536 -0.1595 -0.78236 80 61 27
10.529 -0.072324 -0.72124 81 60 29
10.495 -0.070789 -0.76408 79 59 25
10.48 -0.1163 -0.60742 81 62 30
10.58 -0.17998 -0.62324 76 60 35
10.519 -0.14356 -0.71103 82 61 30
10.488 -0.093674 -0.68612 82 61 34
10.52 -0.11946 -0.79138 80 61 29
10.545 -0.10001 -0.63932 80 62 26
10.5 -0.14576 -0.75244 81 60 29
10.543 -0.020244 -0.61544 80 61 31
10.409 0.050263 -0.64124 82 62 28
10.564 -0.050306 -0.75783 80 60 25
10.493 0.035138 -0.59073 81 61 27
10.505 0.019558 -0.66408 80 61 29
10.525 -0.065149 -0.68585 81 60 29
10.496 0.0028705 -0.77732 78 59 27
10.544 -0.026832 -0.65206 82 61 32
10.441 -0.014619 -0.74329 81 61 26
10.521 0.03958 -0.74151 79 58 29
10.539 -0.0015105 -0.73187 80 61 31
10.514 -0.056319 -0.64996 82 62 28
10.498 -0.046226 -0.61749 80 60 33
10.525 -0.047476 -0.80061 80 60 26
10.543 0.0037666 -0.69397 82 60 21
10.521 -0.027369 -0.69308 80 61 29
10.878 -0.041631 -0.61364 81 60 33
10.572 0.032619 -0.69694 80 59 30
10.102 0.22288 -0.86467 55 37 13
10.097 0.42378 -0.68835 54 38 15
10.12 0.55824 -0.83478 54 36 14
10.121 0.57165 -0.75179 52 40 18
10.331 0.42364 -0.66773 55 40 21
10.153 0.50024 -0.61777 42 33 26
10.157 0.47776 -0.73365 53 38 17
10.573 0.52579 -0.62933 74 58 33
10.585 0.49718 -0.54929 71 54 34
10.633 0.50742 -0.58362 66 48 26
10.148 0.60908 -0.71369 46 37 20
10.539 0.55171 -0.56004 69 53 30
10.544 0.58593 -0.56387 71 57 31
10.541 0.62351 -0.57109 72 56 20
10.568 0.60016 -0.64035 76 57 27
10.479 0.60676 -0.6114 56 42 16
10.562 0.63876 -0.64919 64 49 26
10.528 0.66596 -0.58009 76 60 34
10.562 0.64496 -0.6143 77 61 28
10.6 0.55053 -0.63106 74 59 28
10.583 0.59373 -0.6393 76 57 27
10.563 0.55984 -0.6728 37 20 0
10.553 0.61232 -0.60757 76 62 26
10.535 0.60762 -0.6776 43 26 9
10.583 0.67192 -0.61549 78 60 22
10.572 0.68288 -0.57948 72 57 24
10.56 0.7306 -0.55006 74 59 26
10.628 0.72305 -0.62074 78 61 35
10.595 0.72726 -0.70257 35 22 13
10.515 0.76974 -0.67436 26 21 2
10.564 0.72255 -0.58714 77 61 28
10.505 0.68214 -0.54857 68 57 38
10.601 0.69995 -0.6193 77 60 30
10.596 0.66045 -0.6529 49 34 5
10.618 0.66807 -0.53861 77 60 34
10.563 0.75969 -0.59489 76 60 24
10.605 0.69222 -0.65695 53 34 18
10.56 0.81025 -0.53335 74 57 31
10.568 0.78142 -0.66828 27 22 1
10.542 0.80023 -0.64059 75 56 26
10.565 0.83754 -0.57041 75 59 26
10.595 0.81067 -0.63953 58 40 20
10.553 0.80104 -0.60309 78 62 27
10.575 0.82663 -0.60495 76 60 27
10.549 0.85159 -0.53912 74 58 32
10.588 0.75371 -0.55369 76 59 31
10.59 0.85558 -0.60967 77 61 28
10.489 0.81316 -0.72206 37 25 0
10.591 0.84976 -0.64914 27 26 0
10.592 0.78808 -0.56052 74 59 30
10.581 0.94452 -0.54839 73 56 30
10.507 0.96525 -0.66935 21 12 0
10.643 0.93622 -0.61897 69 51 31
10.559 0.91943 -0.54577 77 57 33
10.647 0.83847 -0.53049 72 57 28
10.762 0.80922 -0.55507 75 59 34
10.58 0.93931 -0.58731 75 59 24
10.611 0.87549 -0.65091 21 16 0
10.625 0.84349 -0.5679 74 58 35
10.555 0.90963 -0.61722 73 56 30
10.592 0.92727 -0.62125 64 46 24
10.558 1.0243 -0.60137 59 50 19
10.669 0.93961 -0.50786 66 49 29
10.6 1.0438 -0.56557 70 53 25
10.611 0.98981 -0.63344 44 35 20
10.696 0.91407 -0.57758 50 33 3
10.536 1.0483 -0.52938 67 52 33
10.647 0.98177 -0.5536 73 51 40
10.549 1.0662 -0.60869 70 52 28
10.584 0.97954 -0.55416 48 37 15
10.188 1.3548 -0.62952 55 39 14
10.179 1.3535 -0.67201 57 39 15
10.247 1.3611 -0.62862 58 41 15
10.153 1.4034 -0.72422 56 39 19
10.208 1.3302 -0.70676 54 37 17
10.206 1.3791 -0.67398 55 37 15
10.192 1.3329 -0.74898 52 39 21
10.194 1.3731 -0.75931 54 40 3
10.269 1.2744 -0.57302 58 43 24
10.274 1.2654 -0.61209 57 41 16
10.131 1.3394 -0.67022 55 37 17
10.201 1.4991 -0.73526 52 36 10
10.284 1.42 -0.63689 60 38 25
10.203 1.4632 -0.68933 58 42 7
10.153 1.4235 -0.59996 57 40 20
10.22 1.4118 -0.67879 55 39 16
10.186 1.5214 -0.65574 51 38 2
10.144 1.5125 -0.61445 56 41 0
10.19 1.423 -0.72335 54 37 17
10.208 1.4058 -0.76349 52 36 1
10.157 1.533 -0.7026 49 36 2
10.181 1.4962 -0.56944 58 41 23
10.184 1.4462 -0.60369 59 42 14
10.137 1.4681 -0.65041 57 41 16
10.139 1.5151 -0.61443 56 41 0
10.143 1.4775 -0.56749 57 42 11
10.174 1.4674 -0.77245 50 37 19
10.187 1.4665 -0.73214 57 41 6
10.372 1.505 -0.53311 58 41 24
10.25 1.5354 -0.57206 51 38 20
10.258 1.4896 -0.56515 48 32 7
10.32 1.5464 -0.73765 51 37 11
10.197 1.5211 -0.6134 50 37 18
10.211 1.5668 -0.53662 49 31 21
10.299 1.4855 -0.68881 46 31 0
10.247 1.5118 -0.73767 43 32 12
10.418 1.4233 -0.59667 50 36 10
10.361 1.4863 -0.68653 52 36 1
10.243 1.5684 -0.6645 49 30 24
10.342 1.4645 -0.64286 46 29 9
10.346 1.5422 -0.65648 55 37 25
10.35 1.5339 -0.6962 49 37 25
10.439 1.4486 -0.60032 46 35 3
10.359 1.5067 -0.57198 52 39 5
10.27 1.5385 -0.74216 40 36 1
10.322 1.5643 -0.62037 53 37 22
10.457 -0.16296 -0.90688 79 59 25
10.594 -0.17284 -0.99107 80 59 32
10.333 -0.14507 -0.9718 60 49 19
10.582 -0.18136 -0.84592 79 60 30
10.533 -0.12875 -0.82364 81 62 22
10.537 -0.11205 -0.93878 83 60 26
10.557 -0.12269 -0.97008 80 62 24
10.534 -0.068362 -0.90942 79 59 24
10.5 -0.14066 -0.94296 78 57 28
10.443 -0.12242 -0.91782 78 58 24
10.464 -0.12041 -0.87558 78 59 27
10.427 -0.068544 -0.85189 80 59 32
10.507 -0.068688 -0.95245 79 60 30
10.527 -0.060532 -0.87469 80 60 33
10.526 -0.10314 -0.90477 81 58 24
10.497 -0.072881 -0.99107 80 60 26
10.511 -0.11918 -1.0165 79 59 32
10.558 -0.17019 -0.81433 81 61 27
10.515 -0.15032 -0.97547 79 57 33
10.562 -0.10471 -0.86151 77 61 26
10.499 0.050373 -0.93639 79 59 25
10.559 0.010977 -0.84379 75 59 26
10.584 -0.037605 -0.86811 79 61 21
10.54 -0.050932 -0.79877 80 60 26
10.532 -0.0011245 -0.95918 79 58 29
10.515 -0.014687 -0.84684 78 57 28
10.509 -0.0020451 -1.0002 79 60 30
10.48 0.037316 -0.82267 79 60 26
10.527 -0.043077 -0.98855 80 61 19
10.566 -0.045859 -0.94381 78 58 24
10.548 -0.016283 -0.80359 81 61 27
10.559 -0.038043 -0.90907 78 58 21
10.54 0.0095486 -0.88356 77 56 25
10.494 0.01451 -0.92937 78 57 30
10.54 0.026919 -0.99797 78 59 27
10.583 -0.067297 -0.82498 80 60 33
10.54 0.033183 -0.96105 78 60 22
10.109 0.20683 -0.94702 56 39 9
10.826 -0.017393 -0.76348 79 60 30
10.528 0.04898 -0.89158 78 59 25
10.68 0.015328 -0.82581 80 61 31
10.118 0.39427 -1.059 53 37 12
10.184 0.50724 -0.98432 34 21 2
10.155 0.51093 -1.0325 24 11 0
10.181 0.58155 -1.0357 11 2 5
10.103 0.50947 -0.91396 35 23 1
10.236 0.46947 -0.84774 25 11 0
10.615 0.50217 -0.88052 53 37 22
10.565 0.51593 -0.92758 57 39 25
10.584 0.55668 -0.85691 34 30 5
10.338 0.60009 -1.0167 52 41 22
10.642 0.49766 -0.84114 49 35 6
10.58 0.54654 -0.93123 56 40 14
10.543 0.56754 -0.90068 52 37 6
10.533 0.67542 -0.95691 46 37 18
10.551 0.67403 -0.91954 48 34 25
10.51 0.61776 -0.91387 49 36 4
10.547 0.64464 -0.87203 42 31 3
10.562 0.63206 -0.90616 46 35 3
10.514 0.62225 -0.87356 41 28 12
10.547 0.63257 -0.94922 48 35 3
10.574 0.58468 -0.93484 51 35 22
10.453 0.76097 -0.90824 46 35 3
10.613 0.75372 -0.92094 43 34 5
10.657 0.70374 -0.87096 42 31 3
10.577 0.73475 -0.92465 43 34 15
10.523 0.77218 -0.86387 42 30 8
10.566 0.70346 -0.92067 47 32 11
10.568 0.6721 -0.87539 44 36 0
10.61 0.79142 -0.92857 46 35 7
10.508 0.88445 -0.92223 42 32 20
10.603 0.80081 -0.89436 45 33 7
10.583 0.77454 -0.89339 45 36 7
10.622 0.76147 -0.84603 40 27 8
10.571 0.85903 -0.86993 44 32 6
10.579 0.8433 -0.94201 49 33 18
10.541 0.83706 -0.87087 43 34 3
10.506 0.88558 -0.92232 42 32 20
10.632 0.9426 -0.8408 45 33 9
10.605 0.91471 -0.87415 50 31 1
10.648 0.9224 -0.90802 47 32 13
10.566 0.9292 -0.9207 46 36 9
10.599 0.95457 -0.88385 48 33 12
10.518 0.92294 -0.88927 44 35 6
10.604 0.87281 -0.90698 44 32 6
10.586 1.035 -0.9004 46 34 10
10.6 0.99601 -0.85126 44 34 7
10.621 1.0521 -0.89906 27 20 0
10.591 1.038 -0.86091 48 33 10
10.639 0.96932 -0.88304 41 31 21
10.62 0.97399 -0.92391 47 35 19
10.187 1.4051 -0.84655 50 36 25
10.159 1.3948 -1.0125 51 38 6
10.188 1.3912 -0.92751 58 39 9
10.268 1.2969 -0.9416 49 33 16
10.154 1.431 -0.80996 53 39 2
10.18 1.424 -1.0172 54 36 22
10.157 1.3542 -1.0078 46 34 18
10.191 1.3826 -0.96715 48 37 17
10.151 1.4969 -0.94967 54 39 20
10.185 1.4543 -0.81276 55 39 6
10.192 1.5198 -0.90651 52 38 9
10.192 1.478 -0.89958 55 41 5
10.161 1.4839 -0.98739 52 39 21
10.199 1.4939 -0.77798 50 34 9
10.173 1.5181 -0.9911 48 33 10
10.174 1.4406 -0.9358 56 37 21
10.153 1.447 -0.98378 54 39 18
10.266 1.3923 -0.87741 54 40 3
10.23 1.5028 -0.85926 41 30 0
10.175 1.5015 -0.82097 50 36 0
10.22 1.4678 -0.85521 55 41 4
10.269 1.5483 -0.94858 44 28 15
10.398 1.49 -0.76581 47 34 0
10.369 1.5301 -0.89492 50 38 16
10.262 1.5372 -0.78337 44 31 13
10.296 1.5371 -0.90253 40 26 13
10.167 1.5482 -0.82841 43 34 1
10.435 1.493 -0.84161 51 39 1
10.153 1.599 -0.83666 45 35 0
10.393 1.4407 -0.83538 39 32 12
10.245 1.5283 -0.90489 40 27 11
10.228 1.5168 -0.77911 41 30 0
10.314 1.479 -0.9335 41 27 14
10.157 1.5698 -0.99678 39 30 13
10.356 1.5105 -0.81026 50 33 16
10.295 1.5439 -0.8613 49 36 2
10.376 1.5377 -0.81305 55 38 12
10.428 -0.15216 -1.1072 78 56 32
10.562 -0.1726 -1.0356 79 57 33
10.549 -0.097133 -1.05 79 60 26
10.443 -0.11757 -1.11 79 59 34
10.582 -0.15306 -1.1074 79 59 22
10.583 -0.087735 -1.1537 78 58 24
10.495 -0.061048 -1.1451 78 59 27
10.527 -0.085919 -1.0205 79 61 25
10.51 -0.12525 -1.0549 79 59 34
10.538 -0.10105 -1.0894 79 58 31
10.437 -0.091889 -1.1916 78 60 24
10.512 -0.10187 -1.1325 76 55 26
10.61 -0.16513 -1.1348 79 58 29
10.477 -0.043883 -1.0773 78 59 27
10.466 -0.048038 -1.115 77 58 28
10.546 0.012634 -1.0694 78 59 29
10.517 -0.010161 -1.0353 81 58 27
10.529 0.023209 -1.037 79 57 34
10.578 -0.031626 -1.0549 80 60 25
10.548 -0.054152 -1.0217 77 57 30
10.54 -0.028589 -1.1005 78 58 23
10.482 0.059429 -1.1294 73 53 28
10.439 0.063998 -1.1783 76 55 24
10.535 0.0090112 -1.1093 77 57 22
10.575 -0.043398 -1.1273 78 59 27
10.527 0.017497 -1.0749 78 59 29
10.501 0.06093 -1.0877 81 58 27
10.514 0.0080546 -1.1518 77 58 28
10.766 0.0029398 -0.94953 80 60 35
10.573 0.048156 -1.0319 79 60 30
10.091 0.39583 -1.1068 53 35 11
10.106 0.41081 -1.2328 51 36 13
10.103 0.40455 -1.2742 49 35 6
10.103 0.47413 -1.1172 51 36 15
10.1 0.39291 -1.1044 53 35 11
10.103 0.60404 -1.0969 14 7 1
10.304 0.54852 -1.177 15 16 2
10.151 0.53182 -1.16 36 27 8
10.539 0.58069 -1.0535 54 38 15
10.477 0.60033 -1.1074 50 39 11
10.425 0.57728 -1.1514 53 38 15
10.659 0.49577 -1.0173 54 39 6
10.585 0.53791 -0.9624 55 39 22
10.637 0.51072 -0.98592 50 39 11
10.553 0.56271 -1.1228 53 39 3
10.522 0.63697 -0.99059 47 37 2
10.541 0.64124 -1.1411 0 0 0
10.554 0.66026 -0.99073 47 34 18
10.586 0.66383 -1.0976 49 40 1
10.598 0.59856 -1.0078 51 37 10
10.581 0.67255 -1.0635 49 37 15
10.513 0.65966 -1.1132 52 39 7
10.433 0.65566 -1.1202 53 36 16
10.528 0.6589 -1.0701 52 35 15
10.546 0.65722 -1.0275 46 33 14
10.564 0.60688 -1.0535 53 39 12
10.544 0.58491 -1.0153 50 37 19
10.574 0.66909 -1.1005 49 40 1
10.539 0.59345 -0.98097 53 38 19
10.509 0.61748 -1.1407 54 40 3
10.578 0.72195 -0.99618 47 36 17
10.612 0.7304 -1.0639 47 36 17
10.58 0.69122 -0.9547 46 33 14
10.566 0.72159 -1.036 47 34 2
10.586 0.70643 -1.0668 48 35 17
10.635 0.73784 -0.95469 42 34 13
10.571 0.68262 -1.0279 47 37 2
10.592 0.73356 -1.1067 51 35 2
10.609 0.73785 -1.0304 49 36 4
10.477 0.73114 -1.0136 50 37 3
10.544 0.71934 -1.1144 47 37 2
10.574 0.76032 -1.0023 45 34 6
10.591 0.72202 -0.95744 44 33 11
10.552 0.78904 -1.123 0 0 0
10.531 0.81727 -1.0178 42 31 3
10.591 0.84959 -1.092 50 39 9
10.503 0.90585 -1.042 45 36 7
10.599 0.79066 -0.9673 45 36 3
10.64 0.80157 -1.0024 46 35 5
10.488 0.86976 -1.0761 48 34 21
10.588 0.86886 -0.97999 47 30 20
10.589 0.87513 -0.94938 45 31 22
10.675 0.84293 -1.0719 51 35 9
10.578 0.81966 -1.088 46 38 2
10.572 0.8406 -0.98168 46 33 15
10.516 0.8935 -1.0756 49 38 6
10.542 0.80598 -1.0534 45 31 18
10.504 0.8617 -1.0715 48 34 21
10.541 0.80053 -1.0922 51 35 9
10.645 0.79949 -1.0026 46 35 5
10.622 0.88195 -1.0155 41 29 17
10.633 0.91884 -0.9839 44 32 6
10.526 0.96892 -1.0475 50 36 9
10.598 0.9557 -1.1079 0 0 0
10.66 0.87491 -0.93808 42 33 18
10.6 0.88751 -1.0573 48 36 20
10.572 0.9143 -0.99467 48 33 0
10.604 0.94034 -0.95751 47 33 7
10.609 0.97343 -0.96005 45 34 2
10.676 0.88446 -1.0448 50 39 11
10.599 0.96145 -1.0719 45 36 3
10.667 0.88344 -1.082 0 0 0
10.601 0.97166 -0.99735 46 34 8
10.679 0.9247 -1.0156 47 38 9
10.605 0.95799 -1.0704 45 36 3
10.633 0.98546 -1.0343 49 33 8
10.632 1.0279 -1.0037 46 36 0
10.666 0.98521 -0.9195 46 29 19
10.604 0.99521 -1.0764 49 37 11
10.625 1.0013 -0.96263 42 33 18
10.652 1.011 -1.034 50 34 9
10.559 1.0565 -1.0937 0 0 0
10.697 0.95692 -0.98405 45 33 19
10.787 0.98249 -0.93697 45 30 11
10.614 1.0441 -0.97058 41 33 12
10.468 1.1318 -0.97019 10 3 0
10.623 1.0637 -1.0477 43 35 0
10.709 1.0205 -0.98811 44 36 0
10.174 1.4144 -1.0982 55 38 10
10.25 1.3354 -1.035 51 37 8
10.273 1.3027 -1.1474 47 35 9
10.221 1.3933 -1.0475 52 35 7
10.293 1.3378 -1.1098 50 34 0
10.19 1.4333 -1.1824 0 0 0
10.132 1.4261 -1.1931 0 0 0
10.212 1.3507 -1.0825 50 37 5
10.139 1.4843 -1.0761 55 40 11
10.187 1.4486 -1.104 48 37 5
10.168 1.4883 -1.1961 0 0 0
10.169 1.5083 -1.076 47 35 9
10.188 1.5315 -1.1177 37 28 0
10.228 1.5011 -1.1521 0 0 0
10.24 1.4103 -1.1312 52 36 0
10.224 1.4606 -1.1397 50 34 11
10.24 1.5116 -1.0245 38 31 2
10.202 1.5292 -1.0749 42 31 1
10.172 1.5282 -1.2037 0 0 0
10.211 1.447 -1.0165 53 38 9
10.218 1.471 -1.1036 50 36 9
10.308 1.5789 -1.107 39 28 0
10.262 1.5747 -1.0766 34 27 0
10.307 1.5045 -1.0556 37 27 18
10.175 1.5947 -1.0467 41 23 0
10.223 1.5871 -1.1664 0 0 0
10.276 1.519 -1.1081 33 27 3
10.207 1.5555 -1.163 0 0 0
10.353 1.5212 -1.0099 41 32 1
10.459 1.4742 -1.1063 0 0 0
10.401 1.5243 -1.0467 38 26 2
10.379 1.5453 -1.0129 45 27 13
10.25 1.57 -1.1597 0 0 0
10.314 1.5344 -1.1017 34 30 5
10.442 1.5099 -0.96219 48 33 0
10.027 -1.509 1.0402 75 54 33
10.052 -1.4243 1.0198 74 58 35
10.083 -1.2121 1.0206 71 52 36
10.131 -1.1216 1.0362 68 51 34
10.109 -0.96188 1.0207 74 57 29
10.065 -1.0445 1.0452 72 52 28
10.128 -0.87433 1.0409 71 51 26
10.081 -0.88078 1.0126 89 71 47
10.194 -0.9138 1.0255 70 49 30
10.097 -0.83376 1.0455 70 50 25
10.052 -0.92214 1.0309 73 52 31
10.206 -0.78895 1.0468 69 51 27
10.102 -0.70535 1.0647 73 52 23
10.266 -0.7509 1.0155 71 51 24
10.089 -0.71126 1.027 93 71 47
10.152 -0.79426 1.0241 70 52 30
10.068 -0.75139 1.0395 75 55 30
10.159 -0.62756 1.0356 75 55 30
10.259 -0.66673 1.0496 72 52 28
10.131 -0.58492 1.0329 77 57 33
10.191 -0.66938 1.0347 74 55 23
10.202 -0.62395 1.0624 69 52 24
10.149 -0.49965 1.0584 79 58 29
10.179 -0.54228 1.052 75 56 26
10.089 -0.50018 1.0352 98 77 50
10.067 -0.53948 1.0513 96 76 49
10.119 -0.578 1.0798 75 54 33
10.142 -0.45862 1.0569 80 58 34
10.207 -0.3799 1.061 85 62 29
10.179 -0.41627 1.0788 80 58 34
10.207 -0.4594 1.0751 77 57 33
10.26 -0.38671 1.0455 85 62 29
10.074 -0.36914 1.066 88 64 38
10.101 -0.33168 1.0481 95 72 38
10.097 -0.28398 1.0838 102 74 43
10.184 -0.33696 1.0624 93 65 34
10.334 -0.3134 1.0476 96 72 44
10.112 -0.3329 1.0405 95 72 38
10.383 -0.35839 1.0328 90 65 42
10.2 -0.30549 1.0152 99 72 35
10.189 -0.25757 1.053 114 85 54
10.289 -0.26763 1.0583 109 81 44
10.457 -0.17746 1.0209 97 77 43
10.32 -0.24007 1.003 121 91 55
10.459 -0.2208 0.9903 125 94 63
10.382 -0.21257 0.97696 114 84 46
10.46 -0.18941 0.9479 100 77 46
10.46 -0.18362 0.98683 98 75 42
10.466 -0.25918 0.99444 116 86 50
10.41 -0.22331 0.93078 103 82 51
10.506 -0.11365 0.99511 96 76 41
10.499 -0.080919 0.95467 97 75 38
10.507 -0.076995 0.9903 96 73 42
10.499 -0.11782 0.95936 100 75 45
10.499 -0.086437 0.91962 97 74 40
10.488 -0.12093 0.9279 97 74 41
10.439 -0.14792 0.94876 97 76 47
10.499 -0.15449 0.96577 98 72 45
10.535 -0.010528 0.96913 93 69 41
10.525 -0.013728 0.9329 95 72 39
10.528 0.022182 0.9311 94 73 44
10.525 -0.05006 0.94281 94 73 44
10.533 -0.0045375 1.0037 94 71 37
10.491 -0.036768 0.98688 95 71 43
10.544 0.023696 0.96101 95 73 36
10.518 0.10337 0.95495 91 70 39
10.574 0.093281 0.9713 94 70 42
10.523 0.14413 0.98309 95 70 40
10.537 0.056172 0.91955 93 72 45
10.532 0.06859 0.99336 94 69 37
10.54 0.060999 0.95621 93 69 41
10.52 0.1394 0.94913 93 69 41
10.539 0.092198 0.9149 95 72 41
10.433 0.17576 1.05 89 69 35
10.508 0.22769 1.0156 90 67 34
10.513 0.17822 0.94657 92 69 35
10.556 0.20191 0.92925 90 70 36
10.532 0.2146 0.96957 92 68 40
10.56 0.16957 0.9666 92 70 33
10.59 0.23244 0.94336 89 68 37
10.54 0.243 0.92508 93 69 33
10.508 0.19067 1.0195 89 69 34
10.587 0.2389 0.98259 90 70 36
10.591 0.31483 1.0064 88 65 32
10.561 0.27775 0.94731 87 68 36
10.543 0.32593 0.98457 87 67 33
10.599 0.30133 0.93146 90 66 38
10.587 0.27494 0.9777 92 68 30
10.581 0.39028 0.99583 88 65 31
10.579 0.42202 0.95765 89 65 37
10.558 0.36244 1.0103 88 63 41
10.51 0.45321 1.0142 88 66 29
10.541 0.39969 0.97466 87 67 33
10.623 0.36427 0.91454 90 67 36
10.575 0.41786 0.92241 89 68 37
10.553 0.35872 0.9761 88 67 36
10.545 0.35623 0.94258 88 68 34
10.635 0.44199 0.96938 88 65 34
10.599 0.49724 1.009 87 63 29
10.597 0.53421 1.0048 87 65 26
10.596 0.46233 1.0174 88 65 34
10.611 0.4815 0.93632 87 63 27
10.587 0.52705 0.93671 89 65 31
10.606 0.52509 0.96789 87 66 37
10.565 0.50529 0.98674 86 62 34
10.65 0.43056 0.92795 86 65 38
10.576 0.64605 0.95957 86 63 32
10.632 0.59128 0.98362 84 61 27
10.602 0.56793 0.99632 85 62 28
10.6 0.64094 0.98685 85 61 33
10.562 0.57929 0.97682 87 64 31
10.606 0.64403 1.0204 85 63 26
10.568 0.57101 0.93809 85 64 37
10.612 0.59437 0.95434 86 67 25
10.628 0.66452 0.97239 83 62 33
10.638 0.69033 0.92969 85 63 22
10.643 0.69934 0.99658 81 60 31
10.636 0.73838 0.98966 82 61 30
10.614 0.70711 0.97053 82 62 27
10.644 0.729 0.95735 82 62 27
10.643 0.65233 0.93335 83 62 31
10.618 0.67496 1.0134 83 62 35
10.586 0.86599 0.95864 79 58 31
10.657 0.80555 1.0123 82 59 28
10.628 0.77807 0.99202 80 59 30
10.609 0.78156 0.96142 85 61 35
10.618 0.78898 1.0307 81 60 29
10.591 0.83294 1.0007 78 59 29
10.699 0.77398 0.92877 80 60 26
10.645 0.87788 0.96973 82 59 25
10.683 0.85261 0.92276 80 60 23
10.673 0.90509 0.9902 78 59 29
10.69 0.86014 0.98799 80 59 32
10.647 0.84116 0.97557 84 62 23
10.7 0.89634 1.0153 81 59 22
10.641 0.84976 1.0113 79 58 31
10.666 0.90288 0.95741 78 61 33
10.651 0.99515 1.0229 76 56 32
10.698 0.92192 0.94329 79 59 25
10.694 0.96573 0.9728 80 59 28
10.692 1.0088 1.0052 79 58 29
10.717 0.92341 1.0073 77 56 25
10.702 0.92541 0.97634 79 59 25
10.678 0.96869 0.94403 78 59 25
10.746 0.97261 0.95134 79 58 29
10.683 1.0024 0.94068 81 58 27
10.714 1.0621 0.95113 78 56 33
10.738 1.0542 0.98127 78 57 26
10.696 1.0361 0.96163 80 56 28
10.682 1.0925 1.0318 77 59 23
10.65 1.1417 1.0032 78 56 32
10.697 1.1203 1.0254 76 56 31
10.645 1.1389 0.97045 77 58 28
10.591 1.1019 1.0318 80 57 23
10.692 1.1896 0.97847 76 54 30
10.716 1.1816 1.0082 77 59 23
10.676 1.1687 1.0231 77 56 25
10.7 1.1787 0.94056 81 60 33
10.731 1.1241 0.93809 80 59 32
10.723 1.1344 0.97447 79 59 32
10.156 -1.1003 0.90956 116 93 59
10.468 -0.21359 0.80109 100 77 44
10.508 -0.20409 0.89742 103 78 46
10.444 -0.15474 0.90993 100 74 47
10.466 -0.15007 0.71538 97 74 40
10.471 -0.20278 0.87198 98 78 44
10.45 -0.16715 0.83565 100 77 46
10.463 -0.17545 0.79577 100 77 44
10.505 -0.19476 0.71222 98 78 43
10.41 -0.20861 0.77909 112 87 55
10.498 -0.17099 0.85914 100 77 46
10.399 -0.16882 0.77503 99 74 44
10.415 -0.21523 0.74056 106 82 48
10.505 -0.21485 0.82545 97 74 41
10.51 -0.11105 0.77228 97 76 45
10.507 -0.062574 0.83937 99 75 49
10.499 -0.09203 0.88124 99 77 40
10.466 -0.1445 0.7523 99 75 47
10.504 -0.14103 0.81458 98 75 42
10.501 -0.13475 0.85242 98 75 44
10.494 -0.076283 0.73342 99 75 41
10.561 -0.14181 0.87038 96 76 42
10.508 -0.12183 0.7001 98 74 48
10.468 -0.10767 0.74596 99 73 46
10.502 -0.14617 0.78061 99 76 45
10.527 -0.10378 0.83877 98 74 46
10.516 -0.07016 0.7989 98 75 42
10.501 -0.1035 0.81025 100 77 43
10.55 -0.067019 0.86175 98 74 48
10.524 -0.077468 0.76338 96 76 42
10.566 0.0070859 0.88236 95 75 41
10.558 0.0036344 0.84844 95 72 41
10.535 -0.0016149 0.78383 97 74 43
10.507 -0.0002279 0.75301 96 73 40
10.523 0.043496 0.81688 94 73 42
10.501 -0.024327 0.83327 98 74 46
10.553 -0.062176 0.89592 98 75 44
10.497 -0.0345 0.76407 96 74 37
10.503 -0.04159 0.72517 95 74 47
10.479 -0.0080779 0.91235 94 74 40
10.51 -0.021136 0.86549 94 73 42
10.538 0.0032215 0.81749 97 74 43
10.464 -0.021226 0.80824 98 75 42
10.494 0.045513 0.7899 81 61 27
10.577 0.14277 0.81936 90 70 36
10.577 0.1376 0.78435 90 69 42
10.441 0.17167 0.7801 59 36 18
10.506 0.13235 0.88129 95 72 39
10.398 0.17841 0.76155 57 36 17
10.554 0.077201 0.8373 95 73 34
10.479 0.086442 0.78382 62 40 16
10.545 0.084999 0.87522 95 73 36
10.354 0.15276 0.77853 60 40 6
10.439 0.13491 0.78501 59 39 15
10.507 0.058676 0.89348 96 72 44
10.534 0.11339 0.80072 93 72 43
10.51 0.052426 0.85459 96 73 42
10.514 0.12471 0.8402 94 74 40
10.548 0.12593 0.9028 95 72 38
10.544 0.074444 0.80557 95 72 41
10.531 0.26033 0.77477 56 40 7
10.549 0.19297 0.85877 93 67 40
10.565 0.2297 0.88413 90 70 35
10.543 0.16367 0.90029 92 72 38
10.3 0.2453 0.77418 58 39 9
10.425 0.21395 0.78484 56 38 16
10.555 0.19635 0.89122 92 69 38
10.316 0.27924 0.76423 56 37 5
10.56 0.18395 0.81756 94 72 33
10.649 0.19255 0.78897 94 71 37
10.596 0.16811 0.77835 74 55 23
10.558 0.14842 0.82463 90 70 36
10.555 0.22734 0.85052 91 70 39
10.57 0.15035 0.85732 94 70 42
10.593 0.33397 0.89312 91 68 35
10.351 0.35098 0.78183 57 37 10
10.597 0.29114 0.8635 91 68 37
10.568 0.32092 0.75707 57 36 7
10.571 0.26381 0.87274 90 67 36
10.575 0.26804 0.90887 90 68 31
10.594 0.32794 0.85685 91 67 39
10.389 0.41438 0.75908 55 39 6
10.568 0.25382 0.8036 88 67 36
10.535 0.29553 0.77011 55 39 6
10.614 0.2747 0.78777 90 65 42
10.485 0.35468 0.81367 74 51 18
10.492 0.38389 0.77192 54 37 7
10.554 0.31112 0.90957 91 67 39
10.312 0.40296 0.78767 56 40 15
10.566 0.33253 0.83001 90 67 34
10.611 0.28116 0.82281 90 69 38
10.543 0.26747 0.84693 91 71 36
10.574 0.40732 0.85077 91 68 37
10.566 0.37968 0.89722 88 68 33
10.581 0.39364 0.77507 53 36 6
10.554 0.44004 0.77882 56 37 23
10.342 0.51405 0.79548 56 37 20
10.592 0.35928 0.817 90 67 36
10.563 0.45318 0.88292 88 65 34
10.582 0.40976 0.88459 90 66 38
10.607 0.34867 0.77567 58 38 13
10.618 0.42689 0.83324 90 66 38
10.628 0.41769 0.79591 67 45 21
10.618 0.43736 0.90178 90 67 33
10.591 0.39578 0.81241 85 67 29
10.554 0.37833 0.86329 92 68 42
10.544 0.51676 0.77303 56 39 13
10.649 0.52658 0.84248 87 67 32
10.572 0.5476 0.79405 55 38 12
10.315 0.60158 0.79179 56 37 7
10.589 0.46846 0.80033 64 43 14
10.581 0.48765 0.90791 88 65 34
10.608 0.53795 0.81877 80 59 28
10.595 0.5183 0.89837 90 68 31
10.623 0.49608 0.82012 78 61 31
10.476 0.50653 0.79441 57 40 10
10.522 0.56258 0.77338 54 37 11
10.357 0.6235 0.77599 58 38 11
10.58 0.51913 0.86864 91 67 39
10.45 0.51657 0.80035 56 39 9
10.4 0.53028 0.77609 56 37 7
10.609 0.46612 0.8292 90 65 33
10.59 0.47894 0.87254 89 65 39
10.585 0.5058 0.79461 54 37 11
10.603 0.50962 0.86055 91 67 39
10.586 0.55795 0.89576 87 67 33
10.681 0.60836 0.74913 54 39 8
10.15 0.83594 0.84725 53 35 25
10.585 0.66167 0.84453 75 55 30
10.616 0.61751 0.8756 89 66 33
10.518 0.60612 0.79992 57 37 0
10.597 0.59489 0.92078 85 65 31
10.607 0.57471 0.81609 61 40 11
10.605 0.61659 0.84454 86 63 29
10.614 0.60737 0.80352 56 40 14
10.594 0.63282 0.9187 84 63 34
10.62 0.64072 0.7971 57 40 14
10.3 0.73064 0.8125 56 39 13
10.465 0.62268 0.77891 55 38 8
10.611 0.58399 0.88447 87 64 31
10.599 0.58324 0.85101 87 63 35
10.42 0.68528 0.82382 58 36 12
10.517 0.75442 0.78101 54 40 3
10.6 0.70254 0.906 86 59 26
10.663 0.63818 0.89196 84 63 32
10.649 0.66894 0.82267 58 38 11
10.566 0.73723 0.80257 56 39 21
10.682 0.62386 0.85121 85 62 31
10.591 0.68955 0.79757 55 40 11
10.596 0.69874 0.8713 87 64 33
10.66 0.73516 0.80744 57 40 12
10.65 0.70956 0.85038 85 62 31
10.296 0.81081 0.80118 54 39 0
10.365 0.78599 0.82785 52 37 8
10.659 0.71641 0.91697 83 63 29
10.591 0.73187 0.83467 60 40 13
10.62 0.72891 0.89144 83 62 35
10.659 0.78797 0.90666 82 62 27
10.672 0.75394 0.73029 58 38 11
10.414 0.91665 0.78999 55 40 11
10.638 0.7867 0.84176 60 42 18
10.612 0.79398 0.80832 60 42 4
10.652 0.82182 0.87031 80 59 32
10.679 0.7368 0.8703 82 62 27
10.619 0.8015 0.88182 80 59 28
10.583 0.77712 0.86166 74 53 32
10.501 0.91714 0.80018 57 36 15
10.515 0.8724 0.799 54 39 18
10.617 0.83313 0.84324 59 42 14
10.589 0.78545 0.93136 81 60 29
10.616 0.84509 0.91419 84 63 32
10.553 0.81744 0.79829 59 39 4
10.592 0.87633 0.80785 54 39 10
10.642 0.76895 0.74022 58 38 11
10.618 0.82686 0.80684 58 38 14
10.663 0.8819 0.81931 56 37 3
10.67 0.9195 0.84584 58 38 11
10.668 0.85485 0.89276 82 61 32
10.644 0.86136 0.86389 70 50 25
10.601 0.90825 0.80226 57 36 17
10.644 0.92757 0.81714 53 37 1
10.637 0.90649 0.89523 79 58 27
10.685 0.91756 0.87674 79 56 25
10.647 0.89571 0.85697 67 46 27
10.48 0.96472 0.79604 54 37 11
10.529 0.98323 0.81678 55 40 1
10.483 1.0009 0.7898 52 34 12
10.696 0.82946 0.81642 56 38 14
10.671 0.89477 0.91891 83 59 31
10.415 1.0753 0.8008 55 34 13
10.701 0.91517 0.90976 82 58 32
10.489 1.0795 0.81212 56 37 3
10.669 0.9619 0.87728 77 56 27
10.513 1.0286 0.81405 53 38 0
10.747 0.96083 0.88411 79 59 25
10.708 1.0067 0.82172 57 39 1
10.426 1.1524 0.82404 53 37 14
10.658 0.9737 0.9131 81 58 25
10.714 1.0028 0.81917 57 39 1
10.637 1.0038 0.80916 55 36 4
10.751 0.91199 0.81848 53 39 2
10.698 0.93448 0.79464 55 39 16
10.718 0.97073 0.85711 66 41 34
10.724 1.0087 0.88283 80 57 24
10.685 0.98355 0.83191 54 38 2
10.616 1.0635 0.87997 57 40 12
10.524 1.1041 0.83771 53 41 0
10.608 1.1733 0.82976 55 40 17
10.658 1.1008 0.78691 56 36 1
10.5 1.1867 0.7899 55 36 4
10.707 1.0959 0.91524 81 59 22
10.74 1.0353 0.87539 74 58 25
10.719 1.0831 0.87534 65 49 24
10.754 1.0922 0.82636 55 38 18
10.695 1.0311 0.92727 79 58 27
10.723 1.0508 0.91257 80 59 30
10.585 1.1006 0.77762 58 38 4
10.509 1.2193 0.78173 56 42 6
10.722 1.0396 0.84501 56 39 19
10.68 1.0997 0.85113 57 39 3
10.612 1.1339 0.83333 56 38 2
10.618 1.161 0.79231 55 39 3
10.654 1.067 0.7922 54 36 14
10.674 1.0612 0.81933 56 38 0
10.764 1.175 0.91237 77 56 25
10.734 1.1517 0.89482 80 57 26
10.739 1.2029 0.78114 55 36 4
10.507 1.342 0.80857 52 35 9
10.702 1.2076 0.89824 63 47 24
10.622 1.2386 0.81601 56 41 0
10.754 1.164 0.81787 55 37 13
10.573 1.2256 0.80132 56 37 7
10.704 1.1639 0.86803 56 37 21
10.787 1.1489 0.83982 54 39 6
10.591 1.252 0.79214 55 37 1
10.739 1.1129 0.90002 78 55 22
10.421 1.3108 0.80635 56 37 5
10.795 1.0974 0.7754 55 36 2
10.742 1.1356 0.82804 56 38 16
10.497 -0.16765 0.63547 100 74 47
10.517 -0.19412 0.4865 108 83 51
10.45 -0.20711 0.57804 94 71 40
10.448 -0.18957 0.68955 99 77 40
10.467 -0.19895 0.64777 101 75 48
10.507 -0.16398 0.67021 97 74 41
10.474 -0.14864 0.4888 107 83 45
10.43 -0.16004 0.61304 100 77 44
10.457 -0.1395 0.52737 102 80 43
10.53 -0.19103 0.52134 103 78 46
10.493 -0.20937 0.6071 101 78 45
10.528 -0.18491 0.55662 101 78 45
10.498 -0.14226 0.55636 101 78 44
10.56 -0.076858 0.56874 99 73 46
10.512 -0.060216 0.61541 97 74 41
10.519 -0.13538 0.62537 99 76 43
10.534 -0.11294 0.54465 100 77 43
10.56 -0.051687 0.49135 99 75 47
10.471 -0.11963 0.67198 98 76 35
10.607 -0.057127 0.51976 98 75 44
10.457 -0.090573 0.59565 98 75 41
10.536 -0.096799 0.65155 95 75 40
10.531 -0.09008 0.68932 97 74 41
10.504 -0.11212 0.51384 101 78 45
10.544 -0.14602 0.58484 99 76 43
10.472 -0.068153 0.51234 100 75 43
10.474 -0.045958 0.65868 97 75 38
10.523 -0.073911 0.5404 99 76 45
10.509 -0.048535 0.68804 92 72 38
10.498 -0.094017 0.62409 98 75 44
10.535 -0.034758 0.56609 99 74 42
10.269 0.056223 0.53745 97 74 41
10.475 0.011157 0.53875 97 74 43
10.102 0.15693 0.68246 65 46 12
10.209 0.22682 0.76819 54 36 14
10.364 0.14423 0.73735 58 37 16
10.121 0.20503 0.75036 57 37 13
10.301 0.32314 0.76524 56 37 3
10.132 0.37092 0.76067 57 39 15
10.144 0.36139 0.72704 64 45 13
10.273 0.28672 0.73672 57 36 15
10.329 0.2312 0.73238 57 36 15
10.26 0.41503 0.76504 57 38 6
10.27 0.45078 0.75321 54 37 7
10.299 0.52402 0.77056 59 43 10
10.111 0.53492 0.70254 64 48 15
10.352 0.46599 0.76315 54 36 16
10.153 0.5541 0.64698 71 52 22
10.142 0.69238 0.70959 69 51 15
10.117 0.74949 0.75006 64 46 8
10.12 0.71341 0.79042 56 37 7
10.286 0.60739 0.7613 59 40 10
10.295 0.68788 0.78592 57 42 0
10.378 0.72994 0.75334 56 39 19
10.13 0.80712 0.61114 71 51 17
10.178 0.77083 0.76773 58 41 11
10.144 0.74444 0.77601 59 42 12
10.406 0.67993 0.75557 56 39 11
10.188 0.93411 0.77519 59 43 7
10.142 0.97777 0.66227 73 51 12
10.298 0.88855 0.7933 54 41 0
10.286 0.80937 0.76427 59 44 11
10.809 0.61469 0.67172 47 32 0
10.173 0.96945 0.69724 67 50 22
10.119 0.91265 0.72167 67 49 27
10.367 0.97821 0.79318 56 40 4
10.329 0.91284 0.77776 54 39 0
10.125 1.1092 0.64736 66 49 23
10.267 0.98228 0.78395 57 40 14
10.139 1.0392 0.77927 65 47 9
10.162 1.0561 0.68786 67 51 26
10.258 1.0273 0.78506 56 39 13
10.125 1.0203 0.61914 70 51 9
10.132 1.2008 0.71268 64 46 22
10.154 1.1956 0.74684 66 48 26
10.367 1.0562 0.78195 54 40 13
10.145 1.1465 0.67664 67 46 15
10.175 1.1376 0.70995 69 48 27
10.42 0.99009 0.77744 57 39 1
10.165 1.1967 0.78705 65 43 22
10.209 1.0917 0.7827 65 43 2
10.466 1.0858 0.77882 54 36 16
10.151 1.3215 0.73177 69 48 27
10.387 1.1629 0.76456 61 40 13
10.227 1.2854 0.75493 68 48 21
10.164 1.2664 0.69546 67 49 3
10.345 1.1918 0.81 54 38 2
10.204 1.2786 0.64013 67 48 16
10.194 1.2433 0.64755 67 48 18
10.164 1.2188 0.6586 67 47 13
10.182 1.2222 0.73726 65 46 32
10.293 1.1685 0.75425 66 44 21
10.294 1.2537 0.77559 64 44 19
10.139 1.2384 0.70411 63 45 21
10.238 1.266 0.67285 66 46 19
10.172 1.2684 0.73016 67 48 16
10.168 1.3946 0.71451 71 46 23
10.155 1.3474 0.64297 67 49 13
10.178 1.3611 0.80061 62 40 19
10.14 1.3625 0.68677 67 49 3
10.16 1.3642 0.76148 64 44 19
10.342 1.3126 0.79428 62 42 17
10.183 1.3791 0.66937 64 47 19
10.206 1.3595 0.62731 69 50 18
10.176 1.3489 0.71853 65 48 22
10.2 1.3826 0.74737 67 46 25
10.223 1.4035 0.69841 66 46 21
10.178 1.4235 0.66619 66 46 21
10.164 1.4107 0.79765 66 44 23
10.386 1.2079 0.79442 57 39 3
10.419 1.3451 0.76376 61 44 16
10.281 1.4029 0.63919 69 51 5
10.417 1.3919 0.7958 61 42 8
10.146 1.4983 0.74946 67 47 23
10.339 1.4335 0.77198 61 44 16
10.789 1.1659 0.52245 66 49 5
10.206 1.5026 0.72543 66 44 21
10.284 1.4886 0.66222 59 43 8
10.322 1.3644 0.79378 59 43 17
10.201 1.4926 0.64602 67 50 6
10.333 1.4645 0.69398 57 40 10
10.276 1.4662 0.75289 61 45 12
10.186 1.5017 0.64984 67 50 6
10.496 -0.16441 0.41142 120 98 61
10.536 -0.14728 0.32652 111 87 49
10.479 -0.16685 0.37672 121 97 61
10.522 -0.1641 0.44387 112 88 54
10.472 -0.13971 0.2998 112 88 50
10.475 -0.17754 0.30381 102 102 102
10.567 -0.14796 0.35816 110 87 46
10.479 -0.17266 0.3402 154 111 0
10.502 -0.049326 0.42814 96 75 44
10.542 -0.038809 0.30806 97 74 40
10.455 -0.093009 0.33047 104 81 47
10.563 -0.038226 0.34055 98 73 43
10.572 -0.076725 0.3458 101 77 41
10.504 -0.08091 0.46951 99 76 42
10.48 -0.11846 0.44364 105 83 46
10.542 -0.081043 0.27689 99 76 42
10.531 -0.050335 0.45909 99 76 43
10.564 -0.08046 0.309 100 75 45
10.535 -0.042901 0.27223 95 73 36
10.53 -0.12337 0.47168 102 79 45
10.536 -0.13589 0.39846 108 83 51
10.526 -0.060518 0.38718 99 77 40
10.486 -0.094033 0.36313 103 81 42
10.536 -0.093718 0.42874 102 78 44
10.532 -0.11537 0.28368 100 78 39
10.506 -0.092666 0.39744 103 79 45
10.194 0.068691 0.51463 96 74 37
10.394 0.040167 0.35769 96 74 37
10.457 0.030081 0.38616 94 73 42
10.244 0.050434 0.46609 97 74 41
10.298 0.058209 0.33137 95 72 41
10.555 -0.030825 0.37753 96 73 40
10.124 0.58081 0.48293 77 54 23
10.113 0.67931 0.55476 73 54 14
10.111 0.76188 0.5404 74 54 20
10.114 0.73534 0.37708 80 59 30
10.146 0.8502 0.39173 79 59 25
10.129 0.78898 0.49002 76 55 24
10.116 0.87007 0.43755 79 58 27
10.142 0.86475 0.47629 79 56 22
10.121 0.84566 0.56563 74 51 18
10.177 0.89573 0.50146 77 57 23
10.184 0.88619 0.46087 79 56 23
10.134 0.96864 0.58338 69 51 27
10.129 0.99299 0.45687 76 56 22
10.18 0.96239 0.40807 76 55 28
10.142 0.95873 0.54162 77 55 16
10.119 0.90959 0.42972 78 57 26
10.167 0.94076 0.49714 77 57 22
10.191 0.92316 0.45186 80 56 30
10.12 1.0036 0.49929 78 56 19
10.148 1.0722 0.4799 74 54 17
10.146 1.1079 0.43334 74 53 24
10.149 1.0909 0.60255 69 50 8
10.152 1.0981 0.39329 75 55 20
10.158 1.039 0.56694 74 54 19
10.245 1.1559 0.52429 76 55 8
10.144 1.2037 0.50401 72 52 17
10.194 1.1304 0.4614 73 54 20
10.197 1.1009 0.54683 75 52 19
10.202 1.2071 0.44679 75 53 16
10.205 1.1841 0.57375 70 49 22
10.162 1.1533 0.505 74 53 26
10.128 1.1297 0.51799 72 53 23
10.151 1.1999 0.50178 72 53 23
10.18 1.3075 0.47731 73 50 19
10.191 1.3355 0.42911 72 53 19
10.21 1.2841 0.43257 75 55 5
10.169 1.2375 0.53157 75 53 16
10.208 1.2701 0.59742 70 53 10
10.251 1.1993 0.55698 71 49 26
10.144 1.2991 0.5704 73 53 19
10.166 1.3215 0.52013 76 55 12
10.268 1.2703 0.54186 73 53 19
10.202 1.2606 0.52082 72 53 21
10.159 1.2368 0.49411 71 53 17
10.172 1.4487 0.53789 72 53 13
10.158 1.4223 0.58862 72 51 24
10.268 1.3511 0.52967 73 51 10
10.182 1.4147 0.62549 73 50 19
10.194 1.3599 0.5905 70 52 12
10.219 1.3387 0.54432 72 51 20
10.267 1.2985 0.45778 72 51 20
10.232 1.4065 0.48896 74 53 22
10.174 1.4409 0.49785 74 53 22
10.186 1.4469 0.57629 71 52 10
10.225 1.404 0.44965 72 52 27
10.207 1.3739 0.45783 70 54 19
10.151 1.4413 0.42051 73 52 21
10.197 1.3729 0.42151 74 55 23
10.33 1.4739 0.49377 67 46 17
10.406 1.3995 0.56289 70 49 20
10.222 1.4596 0.52422 71 54 11
10.279 1.4589 0.46959 73 52 25
10.344 1.4524 0.41273 71 51 24
10.2 1.4534 0.4088 74 55 23
10.291 1.4241 0.55113 71 49 10
10.249 1.4304 0.44077 73 51 27
10.169 1.4854 0.49179 73 54 11
10.282 1.396 0.59914 71 46 16
10.206 1.4829 0.60641 69 50 16
10.159 1.54 0.52804 70 50 16
10.248 1.5193 0.46498 70 48 9
10.494 -0.1558 0.22177 103 79 45
10.513 -0.18306 0.071762 93 72 41
10.536 -0.17009 0.18093 99 76 42
10.546 -0.14716 0.10074 95 75 41
10.488 -0.11741 0.21423 99 74 42
10.455 -0.18551 0.23075 104 83 54
10.529 -0.15723 0.25357 104 81 48
10.517 -0.14684 0.065334 93 73 38
10.511 -0.12819 0.17694 99 74 42
10.497 -0.13096 0.14035 97 74 40
10.53 -0.11289 0.058538 94 71 40
10.506 -0.17578 0.10803 95 75 41
10.533 -0.17535 0.14501 99 75 39
10.461 -0.19253 0.19364 104 79 47
10.57 -0.093016 0.2374 98 75 42
10.474 -0.039963 0.20442 95 72 39
10.554 -0.039443 0.081737 93 70 39
10.554 -0.033657 0.11831 93 73 38
10.529 -0.070107 0.089693 92 71 42
10.516 -0.11767 0.24857 101 77 43
10.464 -0.043655 0.1674 95 71 37
10.551 -0.088742 0.24009 98 75 42
10.523 -0.093939 0.16806 94 71 40
10.554 -0.095091 0.20255 96 74 35
10.524 -0.063302 0.12666 94 72 33
10.52 -0.045138 0.23674 95 72 41
10.562 -0.024291 0.19043 95 73 36
10.56 -0.10796 0.12935 95 72 38
10.57 -0.031881 0.15208 93 70 37
10.483 -0.096844 0.099334 95 72 41
10.173 0.083327 0.31243 96 72 38
10.093 0.11182 0.10914 91 68 34
10.333 0.064187 0.16808 91 71 37
10.558 -0.017633 0.2275 95 72 38
10.429 0.045847 0.19683 93 70 36
10.231 0.083541 0.13604 91 70 39
10.106 0.26984 0.32935 70 49 22
10.113 0.41866 0.22174 73 52 25
10.116 0.44564 0.13176 72 52 18
10.104 0.53151 0.1191 73 53 28
10.127 0.50795 0.28733 77 57 23
10.123 0.59068 0.27297 77 57 23
10.114 0.75124 0.20886 80 61 31
10.12 0.67353 0.26142 83 61 24
10.126 0.73986 0.16636 79 58 29
10.138 0.75393 0.28631 81 59 22
10.114 0.73803 0.12437 80 58 35
10.13 0.7786 0.15671 80 59 28
10.138 0.8884 0.34808 79 58 29
10.134 0.83688 0.27375 79 59 25
10.156 0.82069 0.23046 79 59 32
10.136 0.91097 0.21699 78 58 34
10.15 0.98592 0.20315 77 57 30
10.165 0.98505 0.24369 78 59 29
10.169 1.1178 0.30317 75 56 14
10.187 1.0744 0.34765 75 55 30
10.138 1.0514 0.31967 79 56 23
10.137 1.0864 0.27191 76 56 22
10.131 1.1308 0.26693 78 58 34
10.148 1.0749 0.23176 77 55 32
10.172 1.191 0.24985 76 55 36
10.19 1.2093 0.15825 75 55 30
10.177 1.2226 0.20173 73 54 24
10.149 1.1342 0.34634 76 55 26
10.14 1.2145 0.29387 76 54 30
10.163 1.2369 0.24167 76 54 30
10.131 1.1588 0.17763 73 52 25
10.201 1.1545 0.37545 78 57 26
10.24 1.1737 0.36024 76 55 28
10.143 1.1782 0.3407 74 53 26
10.221 1.2245 0.35697 77 54 21
10.153 1.3243 0.23039 76 56 22
10.134 1.3482 0.31449 74 58 25
10.145 1.2943 0.28006 74 54 30
10.132 1.3297 0.19232 76 55 28
10.191 1.2815 0.35187 76 54 17
10.176 1.2424 0.32185 77 53 25
10.224 1.3101 0.38366 76 55 8
10.158 1.363 0.22478 76 56 31
10.139 1.2782 0.15745 74 55 25
10.142 1.3027 0.31896 74 53 26
10.216 1.3082 0.34687 77 56 11
10.182 1.315 0.26868 71 51 24
10.165 1.3242 0.2705 71 51 24
10.217 1.3762 0.253 73 57 24
10.156 1.4883 0.20376 74 54 29
10.176 1.3935 0.214 73 51 30
10.176 1.448 0.2898 72 54 30
10.217 1.3956 0.3688 73 53 26
10.223 1.345 0.3374 74 56 8
10.204 1.4527 0.16041 71 52 22
10.218 1.3825 0.29291 73 55 31
10.218 1.4165 0.24398 75 54 25
10.221 1.3871 0.33361 73 51 27
10.191 1.3504 0.26217 71 56 23
10.138 1.4011 0.39027 77 56 27
10.186 1.3812 0.17534 72 53 19
10.176 1.4547 0.32836 73 52 23
10.408 1.4526 0.16123 67 48 18
10.302 1.4934 0.25403 65 48 18
10.17 1.5219 0.19625 68 47 26
10.152 1.5459 0.28005 72 54 32
10.288 1.4959 0.21567 67 47 22
10.148 1.5002 0.24613 72 53 21
10.351 1.4494 0.16986 68 47 28
10.212 1.5025 0.23635 69 49 24
10.494 -0.15393 -0.008543 90 70 36
10.577 -0.15224 -0.12582 91 68 34
10.555 -0.12411 0.021063 94 71 38
10.47 -0.16719 -0.11789 90 70 36
10.517 -0.10285 -0.13211 88 68 33
10.466 -0.19188 -0.036637 77 54 21
10.457 -0.17079 -0.15543 92 66 49
10.482 -0.16349 -0.082332 90 70 36
10.568 -0.21694 -0.078403 77 56 29
10.521 -0.13453 -0.088592 91 70 39
10.467 -0.14265 0.029896 94 68 41
10.524 -0.14722 -0.16133 90 68 29
10.522 -0.12886 -0.050727 90 69 38
10.502 -0.16168 -0.042802 92 69 35
10.577 -0.20715 -0.002745 95 70 38
10.568 -0.19953 0.032159 95 70 38
10.566 -0.1323 -0.016069 92 69 35
10.567 -0.054085 0.0083557 89 69 35
10.562 -0.058825 -0.027384 91 69 32
10.495 -0.080014 -0.020381 90 70 36
10.545 -0.079664 0.050883 90 72 36
10.556 -0.07501 -0.13772 88 65 34
10.563 -0.016833 0.0015223 90 67 34
10.5 -0.01908 -0.10579 89 66 35
10.53 -0.02056 -0.06795 88 68 31
10.528 -0.056598 -0.063568 88 67 38
10.485 -0.071847 0.018524 91 70 41
10.576 -0.073656 -0.10077 91 67 29
10.505 -0.09408 -0.095448 90 68 29
10.549 -0.098119 -0.058059 91 68 37
10.554 -0.045372 0.046173 90 69 40
10.479 -0.020208 -0.1427 87 67 32
10.565 -0.023175 -0.034819 92 70 33
10.328 0.07343 -0.03172 89 66 32
10.211 0.096816 -0.068606 86 63 32
10.571 -0.013051 0.038348 89 69 34
10.433 0.052702 0.0015839 90 69 38
10.139 0.13449 0.054952 64 43 12
10.095 0.30369 -0.011015 69 48 21
10.096 0.29695 -0.051993 65 48 20
10.124 0.55846 0.069382 76 56 21
10.106 0.55229 -0.011245 76 57 27
10.11 0.48202 0.083604 73 54 24
10.121 0.66897 -0.033821 79 59 22
10.129 0.64443 0.096377 82 58 32
10.125 0.63945 0.054041 78 57 26
10.15 0.6042 -0.10745 74 54 29
10.149 0.69194 -0.080664 78 58 21
10.11 0.73346 0.083136 81 58 24
10.109 0.6931 0.091548 78 57 30
10.115 0.79352 -0.050952 77 59 23
10.12 0.92036 -0.032009 77 57 20
10.116 0.84723 0.023211 79 58 31
10.161 0.79349 0.066842 77 57 22
10.122 0.8035 0.027021 79 59 22
10.159 0.86858 0.014416 78 58 24
10.138 0.85848 -0.10702 74 58 25
10.123 0.81625 0.11081 79 59 32
10.148 0.94203 -0.080407 76 57 25
10.18 0.99931 0.11001 76 56 29
10.131 0.9219 0.0083102 76 55 24
10.125 0.97833 0.082381 77 59 23
10.145 0.95624 0.0004927 77 57 7
10.133 0.98138 0.12525 73 54 20
10.142 0.95091 -0.040897 79 55 29
10.135 0.99533 -0.044543 78 58 24
10.203 1.1089 0.093124 71 52 20
10.141 1.0591 0.10749 77 56 29
10.125 1.0474 -0.011549 78 58 24
10.136 1.0893 0.022467 77 53 25
10.153 1.115 -0.026119 73 51 27
10.13 1.1204 -0.068539 77 55 34
10.163 1.1441 -0.072976 72 55 25
10.137 1.1018 0.10178 76 53 22
10.164 1.0413 0.067867 75 57 21
10.134 1.0841 -0.019708 74 55 23
10.194 1.1003 0.012894 73 52 25
10.136 1.1304 0.014519 73 52 25
10.146 1.2202 0.082802 73 54 24
10.175 1.2324 -0.0067755 77 54 20
10.131 1.1934 0.13078 77 57 30
10.163 1.2325 -0.046638 73 53 18
10.156 1.208 0.041994 71 51 24
10.16 1.219 0.12054 73 53 19
10.148 1.178 0.089268 75 56 14
10.127 1.1693 -0.032334 73 53 26
10.129 1.216 0.00073937 71 52 22
10.129 1.2443 -0.085047 75 55 28
10.153 1.1967 -0.040702 75 55 20
10.176 1.2728 -0.014013 72 53 23
10.169 1.283 0.02783 75 52 21
10.161 1.3349 0.060261 71 51 17
10.195 1.288 0.14649 75 55 20
10.197 1.3558 0.054115 76 51 21
10.14 1.3121 0.11083 76 53 22
10.143 1.3522 0.10402 74 55 15
10.15 1.322 -0.060685 75 56 22
10.203 1.3457 0.012183 74 53 26
10.185 1.3427 -0.066753 73 53 26
10.17 1.2889 0.067516 73 53 26
10.143 1.3323 -0.019829 75 53 6
10.196 1.3433 -0.027914 69 53 20
10.165 1.2724 -0.053567 75 53 29
10.133 1.3446 0.023121 77 54 23
10.155 1.3602 -0.065178 73 53 26
10.162 1.4652 0.082909 68 50 26
10.217 1.4532 -0.0478 72 52 27
10.142 1.4421 0.12972 73 54 20
10.244 1.3413 0.12952 73 55 19
10.202 1.4346 0.039998 72 50 26
10.184 1.4798 -0.0079559 72 51 24
10.184 1.3912 -0.032674 72 55 29
10.189 1.4015 0.04501 77 54 13
10.165 1.4504 0.00039937 73 51 27
10.137 1.4386 0.088302 72 53 21
10.28 1.4004 0.11463 72 53 21
10.166 1.3801 0.10012 73 53 16
10.153 1.4024 -0.073524 72 55 27
10.222 1.5651 0.13569 69 49 22
10.176 1.5049 0.11618 67 51 18
10.23 1.4993 0.027539 70 50 15
10.235 1.4897 -0.014526 68 51 23
10.342 1.4758 0.053427 68 49 6
10.32 1.4628 0.13882 66 47 17
10.26 1.4937 0.10463 69 49 12
10.276 1.4772 0.063508 64 49 10
10.296 1.4928 -0.018874 64 48 23
10.296 1.4991 0.01853 63 45 25
10.271 1.5278 0.094331 68 48 23
10.434 -0.15343 -0.31255 88 65 34
10.475 -0.099667 -0.16828 87 67 33
10.588 -0.10584 -0.2804 89 65 31
10.487 -0.10844 -0.2053 88 68 34
10.543 -0.10194 -0.31855 85 66 36
10.51 -0.12551 -0.27783 85 64 33
10.567 -0.14354 -0.31199 85 64 37
10.536 -0.17969 -0.3441 82 64 44
10.434 -0.10312 -0.24299 86 66 31
10.589 -0.11806 -0.3559 85 65 30
10.47 -0.15427 -0.27374 87 64 31
10.476 -0.14323 -0.19718 88 68 34
10.444 -0.17445 -0.19273 87 67 42
10.383 -0.16875 -0.2332 63 44 27
10.482 -0.15063 -0.23619 88 67 36
10.57 -0.15013 -0.34954 86 65 34
10.455 -0.17008 -0.38683 82 63 31
10.505 -0.019712 -0.33491 85 64 35
10.564 -0.010036 -0.18638 85 65 31
10.519 -0.072372 -0.17438 87 67 33
10.546 -0.072179 -0.36314 84 65 33
10.565 -0.07044 -0.3253 85 65 30
10.549 -0.042783 -0.1795 87 67 33
10.571 -0.029601 -0.29514 85 64 35
10.511 -0.051851 -0.29206 86 66 32
10.495 -0.073091 -0.21272 90 66 38
10.504 -0.044094 -0.25502 87 64 30
10.565 -0.052434 -0.21612 88 64 36
10.567 0.0076236 -0.30061 84 63 36
10.603 -0.10324 -0.24399 86 65 34
10.591 -0.028458 -0.25767 85 65 31
10.618 -0.011222 -0.33429 84 63 34
10.559 -0.014687 -0.22139 86 65 34
10.604 -0.049667 -0.36492 82 62 27
10.132 0.1243 -0.27851 86 63 32
10.269 0.095878 -0.23465 85 64 33
10.52 0.050163 -0.34511 75 55 30
10.439 0.058542 -0.19247 84 64 37
10.146 0.32355 -0.31144 67 47 20
10.171 0.55696 -0.35118 57 43 4
10.102 0.56842 -0.18417 75 56 22
10.101 0.50107 -0.3411 60 43 15
10.758 0.45397 -0.267 66 50 27
10.572 0.52292 -0.31239 69 52 26
10.357 0.59008 -0.20118 76 55 26
10.355 0.62897 -0.20638 75 54 25
10.124 0.77674 -0.13455 77 58 26
10.121 0.90032 -0.15555 73 56 28
10.138 0.84569 -0.18999 72 55 27
10.12 0.8602 -0.14852 78 56 35
10.172 0.87098 -0.19684 73 56 13
10.335 0.83615 -0.19959 72 53 23
10.489 0.68498 -0.22174 67 51 28
10.486 0.72395 -0.22325 68 53 32
10.128 1.0196 -0.17635 72 54 16
10.469 0.88653 -0.21317 67 51 25
10.463 0.81446 -0.20527 65 54 24
10.126 0.93885 -0.16105 75 56 24
10.445 0.86035 -0.20953 65 54 24
10.129 1.1077 -0.14847 72 52 15
10.546 0.92762 -0.19306 67 52 31
10.329 1.0004 -0.18885 64 52 26
10.124 1.0693 -0.14125 70 54 21
10.143 1.0664 -0.10186 75 55 28
10.464 1.0015 -0.23627 57 47 45
10.127 1.061 -0.18433 68 52 16
10.7 0.86672 -0.29954 8 15 0
10.461 0.92765 -0.21963 65 49 24
10.289 1.1657 -0.29136 62 47 18
10.331 1.149 -0.25158 62 46 23
10.416 1.1088 -0.21113 64 50 23
10.162 1.2197 -0.12928 75 55 20
10.156 1.1825 -0.12253 75 52 21
10.133 1.2767 -0.13435 72 53 21
10.542 0.99167 -0.27747 66 48 12
10.514 0.98132 -0.19716 65 50 27
10.508 1.0217 -0.20281 62 50 28
10.45 1.0464 -0.24199 63 46 26
10.156 1.3056 -0.14346 71 55 22
10.175 1.3095 -0.31056 69 49 14
10.155 1.3684 -0.27752 67 50 22
10.182 1.3598 -0.23759 70 50 23
10.203 1.3131 -0.18841 70 52 30
10.164 1.3289 -0.22895 65 50 21
10.179 1.3134 -0.2682 68 48 23
10.186 1.37 -0.15474 72 54 30
10.145 1.3675 -0.31605 68 48 14
10.169 1.3739 -0.19768 70 52 28
10.185 1.3301 -0.14788 74 55 23
10.202 1.4083 -0.12379 73 52 25
10.184 1.3777 -0.11427 73 52 21
10.207 1.4401 -0.16862 70 53 25
10.159 1.4619 -0.20888 73 53 26
10.214 1.4572 -0.29659 70 50 16
10.172 1.4062 -0.24175 70 50 16
10.235 1.3758 -0.20061 69 53 30
10.136 1.441 -0.15977 73 55 35
10.218 1.4053 -0.081565 73 54 24
10.166 1.5063 -0.17713 70 53 23
10.19 1.4781 -0.25649 69 50 16
10.146 1.415 -0.28305 70 50 15
10.159 1.4553 -0.24912 69 49 25
10.152 1.5078 -0.21624 67 50 22
10.158 1.4823 -0.087391 75 54 25
10.372 1.4856 -0.2708 59 43 10
10.179 1.5328 -0.22285 62 46 13
10.166 1.5128 -0.13567 73 53 29
10.347 1.5085 -0.22667 65 45 8
10.22 1.5271 -0.10102 68 51 23
10.179 1.511 -0.094888 69 50 16
10.315 1.4882 -0.22597 60 42 22
10.207 1.5288 -0.14014 62 42 31
10.311 1.4845 -0.26519 65 45 11
10.31 1.5047 -0.14676 66 48 28
10.157 1.533 -0.30245 60 45 16
10.277 1.5191 -0.18483 65 48 22
10.363 1.5042 -0.19221 67 47 20
10.146 1.56 -0.18443 62 48 21
10.495 1.3926 -0.11074 67 47 23
10.517 -0.10842 -0.39559 83 63 29
10.472 -0.14235 -0.42975 83 63 28
10.564 -0.16725 -0.45964 82 64 26
10.536 -0.094374 -0.51021 84 61 27
10.508 -0.12503 -0.50714 83 62 33
10.592 -0.15513 -0.57019 81 60 29
10.553 -0.14072 -0.53822 82 62 25
10.532 -0.11786 -0.43114 83 65 29
10.553 -0.0921 -0.4722 83 62 33
10.477 -0.093912 -0.59104 80 61 31
10.513 -0.095602 -0.54995 82 62 28
10.437 -0.1542 -0.54583 78 59 29
10.489 -0.15813 -0.50209 82 62 28
10.529 -0.14776 -0.38916 83 62 33
10.521 -0.12169 -0.46875 83 62 31
10.575 -0.048774 -0.40242 82 61 30
10.519 -0.023412 -0.56183 82 62 27
10.543 0.019547 -0.49048 81 61 27
10.559 -0.069337 -0.54938 85 63 22
10.55 -0.048895 -0.44223 82 61 32
10.549 -0.006017 -0.41213 84 61 30
10.56 -0.0027339 -0.37389 81 61 27
10.553 -0.079821 -0.39969 85 62 31
10.509 -0.075975 -0.44028 83 62 33
10.566 0.0076682 -0.52507 83 63 26
10.519 -0.017182 -0.52406 82 62 25
10.545 -0.01105 -0.44856 85 62 31
10.534 -0.051204 -0.47961 82 62 28
10.539 -0.058447 -0.51764 82 61 30
10.593 -0.0053527 -0.55673 84 61 28
10.591 -0.028606 -0.48012 80 59 28
10.345 0.089609 -0.39619 68 49 19
10.357 0.092289 -0.59189 60 38 0
10.448 0.075126 -0.54519 61 44 0
10.181 0.15227 -0.53485 60 40 5
10.117 0.58401 -0.56636 54 39 18
10.126 0.56683 -0.39515 58 43 12
10.148 0.52495 -0.59481 26 21 0
10.249 0.54155 -0.51264 55 37 17
10.157 0.52859 -0.5544 53 40 24
10.485 0.53366 -0.46517 68 53 22
10.485 0.53959 -0.42626 66 50 27
10.498 0.54695 -0.35357 67 50 22
10.543 0.53475 -0.53867 70 55 34
10.61 0.51374 -0.49472 69 53 18
10.623 0.51442 -0.45718 68 53 22
10.507 0.53698 -0.38796 66 51 22
10.621 0.5569 -0.42535 38 24 0
10.443 0.62481 -0.4811 39 27 3
10.453 0.58964 -0.43105 67 50 22
10.548 0.68442 -0.52466 51 46 7
10.782 0.72236 -0.49182 63 51 39
10.446 0.92409 -0.53043 60 48 34
10.814 0.82447 -0.39747 22 12 0
10.52 0.95393 -0.34223 23 22 4
10.458 1.0062 -0.47229 30 24 2
10.67 0.9063 -0.3774 66 51 20
10.518 1.0484 -0.47322 66 48 28
10.524 0.99492 -0.31188 65 48 18
10.546 1.0084 -0.39134 64 50 13
10.494 1.0305 -0.4333 64 50 13
10.305 1.1841 -0.37789 61 47 10
10.225 1.2212 -0.42182 63 47 14
10.369 1.1684 -0.49489 55 43 21
10.352 1.0801 -0.36162 62 45 25
10.63 0.98201 -0.50051 68 51 21
10.409 1.0696 -0.47926 66 47 33
10.467 1.1009 -0.33153 63 46 26
10.594 0.96489 -0.49803 61 50 31
10.578 0.99715 -0.35346 63 45 23
10.529 1.0295 -0.31984 63 45 25
10.145 1.3198 -0.35192 63 47 12
10.159 1.3944 -0.36426 68 47 20
10.194 1.3327 -0.35569 66 47 13
10.203 1.3143 -0.43478 64 45 5
10.169 1.3951 -0.32252 67 49 13
10.202 1.3836 -0.52967 63 42 25
10.133 1.3197 -0.39409 64 46 26
10.182 1.3742 -0.40394 67 46 25
10.141 1.3849 -0.48841 59 43 8
10.187 1.4535 -0.41818 62 46 13
10.137 1.4771 -0.46267 61 44 24
10.14 1.4951 -0.3397 65 47 25
10.141 1.4946 -0.33955 65 47 25
10.217 1.3944 -0.40864 66 49 19
10.183 1.4279 -0.33154 64 45 11
10.194 1.456 -0.37816 69 48 19
10.228 1.3814 -0.44781 62 43 9
10.263 1.4481 -0.41899 62 47 8
10.142 1.4257 -0.49465 61 42 25
10.167 1.5006 -0.4666 62 38 24
10.213 1.4249 -0.49511 55 43 19
10.174 1.3918 -0.3224 67 49 13
10.245 1.5413 -0.43482 52 40 26
10.276 1.5344 -0.34671 62 42 18
10.214 1.5393 -0.30703 63 42 23
10.278 1.4925 -0.34518 56 42 5
10.344 1.5054 -0.50695 56 39 22
10.199 1.5357 -0.38703 62 45 25
10.19 1.6112 -0.48609 51 41 14
10.21 1.522 -0.42844 57 42 0
10.201 1.4998 -0.34389 63 46 20
10.204 1.5536 -0.51432 48 29 22
10.513 -0.13325 -0.77114 81 60 31
10.536 -0.13177 -0.72949 82 62 28
10.526 -0.11092 -0.62186 80 60 35
10.489 -0.084935 -0.74373 81 62 32
10.527 -0.08696 -0.70068 80 59 32
10.475 -0.11252 -0.70401 80 60 33
10.438 -0.14866 -0.74056 80 59 28
10.494 -0.11025 -0.66399 81 62 32
10.501 -0.14246 -0.61932 81 61 27
10.507 -0.15626 -0.69191 80 61 29
10.519 -0.1409 -0.80587 80 61 31
10.545 -0.078532 -0.62503 82 62 28
10.548 -0.15836 -0.6494 80 59 30
10.565 -0.10808 -0.76672 80 61 29
10.564 -0.089172 -0.65801 81 61 27
10.528 0.02269 -0.71898 81 60 29
10.526 -0.037524 -0.63385 80 61 31
10.521 -0.042611 -0.67226 80 59 28
10.518 0.018991 -0.75732 80 59 28
10.532 -0.051395 -0.70842 82 59 26
10.556 -0.020764 -0.70743 82 61 34
10.564 -0.035373 -0.7775 80 62 26
10.575 -0.019252 -0.66789 80 60 35
10.521 -0.018586 -0.7513 80 59 28
10.584 0.014754 -0.67516 80 59 32
10.474 -0.0070183 -0.76006 80 59 28
10.588 -0.082196 -0.5833 82 62 27
10.503 -0.057336 -0.78478 82 58 32
10.578 -0.0077859 -0.59582 83 62 35
10.55 -0.0067976 -0.63712 81 60 29
10.486 -0.047102 -0.75001 81 61 27
10.507 -0.026646 -0.59944 81 61 34
10.545 0.0058217 -0.79047 80 61 27
10.155 0.1385 -0.65627 57 37 10
10.671 0.027142 -0.66294 57 34 3
10.363 0.10289 -0.75091 52 37 6
10.181 0.57995 -0.6856 50 38 16
10.181 0.49274 -0.71378 42 31 12
10.136 0.58977 -0.73362 52 36 10
10.535 0.53183 -0.57451 71 56 27
10.556 0.55354 -0.61583 52 39 21
10.524 0.56056 -0.65696 71 56 25
10.563 0.62939 -0.59177 77 60 32
10.6 0.6074 -0.62243 78 58 21
10.574 0.58261 -0.62 67 55 29
10.579 0.58048 -0.61889 67 55 29
10.515 0.61331 -0.58978 77 57 32
10.474 0.65545 -0.67588 42 27 4
10.548 0.64231 -0.55911 73 58 27
10.562 0.58148 -0.65468 62 44 30
10.555 0.56023 -0.58047 63 47 24
10.55 0.67744 -0.56238 75 58 32
10.585 0.69814 -0.56295 75 59 26
10.562 0.73274 -0.64523 74 53 36
10.577 0.74986 -0.72151 19 14 0
10.533 0.67275 -0.63836 76 57 25
10.5 0.69329 -0.60438 76 60 27
10.563 0.69605 -0.6382 76 59 29
10.525 0.71892 -0.60615 77 62 29
10.492 0.79638 -0.70117 30 24 8
10.572 0.74024 -0.57063 76 59 29
10.532 0.75256 -0.61257 78 62 29
10.562 0.81768 -0.58621 75 60 31
10.591 0.84575 -0.55367 76 60 34
10.586 0.80021 -0.61917 79 61 25
10.575 0.76907 -0.61409 77 61 28
10.583 0.77184 -0.58063 77 61 26
10.554 0.82784 -0.55057 74 57 31
10.578 0.80402 -0.61998 79 61 25
10.625 0.81729 -0.61998 73 57 31
10.555 0.85753 -0.5923 75 59 36
10.558 0.77079 -0.65088 56 40 17
10.527 0.80398 -0.54526 76 58 34
10.567 0.80281 -0.6553 27 22 0
10.558 0.95973 -0.6454 40 32 9
10.538 0.94566 -0.57005 75 58 30
10.412 1.0494 -0.59301 47 34 15
10.551 0.93335 -0.60689 75 59 33
10.596 0.90342 -0.63323 64 47 21
10.563 0.88408 -0.63287 66 48 8
10.601 0.9433 -0.60574 71 53 33
10.632 0.85544 -0.5892 75 58 32
10.552 0.90157 -0.5612 73 58 27
10.612 1.0159 -0.57813 68 51 23
10.609 0.95076 -0.53049 62 47 26
10.587 0.98745 -0.61192 68 54 25
10.547 1.021 -0.54419 51 36 17
10.637 1.0079 -0.54039 67 51 26
10.651 0.98883 -0.60958 69 49 25
10.622 0.97435 -0.57329 47 42 2
10.134 1.4102 -0.62069 59 44 13
10.533 1.1026 -0.5587 57 40 22
10.172 1.3534 -0.56822 55 42 10
10.327 1.2122 -0.62276 53 36 16
10.147 1.4244 -0.74868 54 40 3
10.207 1.3483 -0.73185 55 39 16
10.204 1.3288 -0.60402 57 42 23
10.157 1.3491 -0.65078 59 41 19
10.18 1.39 -0.57291 60 40 13
10.168 1.3838 -0.65596 55 38 12
10.135 1.3549 -0.69459 54 35 21
10.141 1.3929 -0.70164 52 36 13
10.191 1.5075 -0.58943 53 38 19
10.187 1.4489 -0.70877 56 40 17
10.205 1.4923 -0.62964 48 35 16
10.178 1.4888 -0.75496 51 36 13
10.191 1.4725 -0.54669 63 46 26
10.194 1.464 -0.58539 56 39 21
10.192 1.5135 -0.54935 50 40 15
10.154 1.447 -0.58178 59 44 21
10.189 1.5239 -0.75921 49 33 8
10.196 1.437 -0.74718 54 38 3
10.171 1.4166 -0.70277 57 41 18
10.229 1.396 -0.616 59 42 24
10.223 1.4682 -0.7098 56 40 5
10.163 1.4698 -0.67193 55 38 10
10.15 1.4358 -0.66465 57 40 23
10.426 1.4468 -0.53666 55 38 21
10.254 1.516 -0.54897 51 35 10
10.283 1.5133 -0.71734 45 34 14
10.3 1.5619 -0.60013 53 38 5
10.305 1.5051 -0.67005 47 36 14
10.334 1.5334 -0.63574 51 35 20
10.188 1.5311 -0.72241 48 33 2
10.146 1.5641 -0.68739 47 32 13
10.406 1.4533 -0.57655 47 34 16
10.229 1.5252 -0.59121 51 32 15
10.193 1.563 -0.76978 41 37 2
10.352 1.5096 -0.71473 53 39 3
10.309 1.5433 -0.67897 52 36 1
10.385 1.4605 -0.62339 49 35 9
10.288 1.4819 -0.62829 48 31 11
10.467 -0.15589 -0.96366 78 58 23
10.546 -0.1415 -0.98933 81 58 24
10.514 -0.10953 -0.84871 79 61 25
10.544 -0.098443 -0.95888 78 59 29
10.554 -0.070611 -0.99903 79 58 31
10.517 -0.14688 -0.84395 78 59 27
10.59 -0.13217 -0.8707 78 58 21
10.465 -0.14248 -0.89052 78 59 29
10.336 -0.12269 -0.95779 78 57 30
10.525 -0.13093 -0.95677 79 59 24
10.503 -0.082814 -0.93228 78 59 27
10.527 -0.069351 -0.81481 80 56 30
10.538 -0.06065 -0.9655 77 61 26
10.493 -0.098317 -0.81837 81 62 22
10.483 -0.091324 -1.0103 80 61 31
10.538 -0.078068 -0.85178 76 60 25
10.547 -0.12931 -0.91537 78 59 27
10.503 -0.076544 -0.89468 77 58 24
10.531 0.039688 -0.83505 77 58 28
10.603 0.0022192 -0.92693 78 58 31
10.526 -0.03875 -0.85803 80 59 28
10.526 0.0041014 -0.82789 79 60 28
10.552 -0.0085618 -0.8611 81 60 31
10.505 -0.016239 -0.98011 77 58 16
10.585 0.01304 -0.89535 77 57 22
10.564 -0.054103 -0.88727 78 60 20
10.497 -0.025481 -0.8289 79 60 28
10.529 -0.0092216 -0.9015 80 59 30
10.465 3.6489e-05 -0.9529 79 59 24
10.537 0.012529 -0.97791 81 59 20
10.568 -0.061285 -0.92226 82 61 30
10.584 0.019514 -0.85966 78 58 23
10.428 0.097351 -0.89806 52 36 1
10.162 0.15455 -1.0332 47 33 0
10.305 0.12338 -0.95938 50 31 0
10.334 0.10223 -1.0309 81 61 26
10.115 0.37134 -1.0781 52 36 19
10.116 0.48104 -0.92796 51 37 0
10.142 0.53919 -1.0184 50 35 4
10.134 0.52934 -0.8513 48 32 19
10.581 0.5372 -0.87391 41 37 12
10.558 0.57026 -0.95576 53 40 21
10.506 0.56122 -0.9242 52 34 20
10.514 0.55188 -0.96022 53 37 20
10.569 0.61407 -0.88481 44 32 16
10.543 0.61958 -0.93012 46 34 22
10.584 0.56541 -0.91147 47 34 15
10.527 0.66921 -0.90363 46 36 0
10.591 0.63472 -0.92332 48 34 25
10.519 0.59896 -0.8919 43 32 4
10.518 0.62358 -0.97072 47 36 14
10.582 0.75982 -0.87291 43 31 9
10.569 0.72363 -0.90649 43 34 15
10.501 0.71174 -0.95288 48 37 18
10.501 0.761 -0.88396 44 32 8
10.572 0.75248 -0.948 47 35 19
10.556 0.72302 -0.94412 46 32 19
10.598 0.67418 -0.89382 50 36 0
10.564 0.75624 -0.95009 47 35 19
10.562 0.76277 -0.9109 48 32 15
10.515 0.86582 -0.89962 43 28 0
10.63 0.8029 -0.91013 46 35 7
10.553 0.80376 -0.92056 43 34 3
10.578 0.86524 -0.92955 44 32 16
10.642 0.76687 -0.86452 42 31 0
10.571 0.87443 -0.8928 42 36 14
10.626 0.87731 -0.92485 43 35 14
10.612 0.92642 -0.8949 43 31 17
10.702 0.91448 -0.88229 44 34 7
10.638 0.87105 -0.92279 43 35 14
10.613 0.93223 -0.86307 42 30 6
10.576 0.90874 -0.89828 41 32 15
10.618 0.91735 -0.93106 40 33 4
10.597 1.0502 -0.88232 45 33 17
10.628 1.0271 -0.9138 48 31 21
10.618 0.96598 -0.86753 42 32 22
10.566 1.0241 -0.9176 42 35 9
10.561 1.0327 -0.88237 45 33 21
10.154 1.4223 -0.99901 51 38 6
10.239 1.3382 -0.93605 51 40 10
10.181 1.4132 -0.95588 55 36 20
10.222 1.2938 -1.012 39 36 19
10.179 1.4209 -0.9135 56 42 5
10.462 1.1632 -0.91473 38 35 20
10.205 1.4399 -0.95412 53 37 20
10.188 1.5177 -0.80305 43 32 2
10.14 1.4857 -0.92692 57 39 3
10.181 1.474 -0.8352 52 38 2
10.201 1.4551 -0.87462 54 40 3
10.168 1.517 -0.88798 46 37 6
10.136 1.5303 -0.93487 52 39 23
10.166 1.4482 -0.792 51 38 20
10.192 1.4737 -0.79501 53 35 21
10.153 1.4646 -1.0065 53 38 5
10.246 1.4969 -0.95813 39 30 13
10.135 1.5174 -1.0185 52 34 22
10.177 1.5663 -0.81089 42 31 0
10.197 1.576 -0.93801 39 27 15
10.311 1.5509 -0.88142 48 36 0
10.398 1.5002 -0.82373 46 37 0
10.277 1.5449 -0.80298 45 32 0
10.155 1.5602 -0.93422 42 37 15
10.264 1.5594 -0.76358 49 35 0
10.319 1.5395 -0.9208 41 32 13
10.244 1.5595 -0.84903 43 29 16
10.295 1.5203 -0.87994 49 30 0
10.329 1.5515 -0.79898 51 37 11
10.14 1.5831 -0.85602 43 30 14
10.266 1.4975 -0.87582 49 33 0
10.529 -0.090519 -1.1492 77 58 26
10.501 -0.090549 -1.1941 77 57 23
10.496 -0.10707 -1.0795 78 59 27
10.533 -0.12142 -1.1061 79 58 27
10.526 -0.13281 -1.1792 79 58 31
10.493 -0.04547 -1.1667 78 57 28
10.534 -0.072417 -1.0397 80 62 26
10.524 -0.1434 -1.0287 79 60 30
10.469 -0.11411 -1.1617 78 59 29
10.46 -0.068572 -1.1317 78 58 23
10.516 -0.074751 -1.0805 79 59 32
10.552 -0.053018 -1.1121 75 59 23
10.429 -0.13021 -1.0916 78 60 24
10.5 -0.10144 -1.0422 81 59 35
10.294 -0.10922 -1.1658 77 58 28
10.534 0.017931 -1.1672 77 56 25
10.514 -0.0072438 -1.1305 76 56 21
10.566 -0.0073053 -1.0431 79 60 28
10.561 0.036483 -1.0155 78 58 33
10.536 -0.029855 -1.0108 78 59 27
10.552 -0.01027 -1.083 78 57 28
10.554 0.031967 -1.0529 77 57 23
10.573 -0.0027877 -1.0059 81 58 27
10.479 -0.029318 -1.0964 79 59 24
10.482 -0.023602 -1.0591 79 60 26
10.593 0.015531 -1.0783 77 57 30
10.559 0.017912 -1.1226 78 57 26
10.236 0.14715 -1.1805 49 34 5
10.575 0.068796 -1.0149 54 37 17
10.32 0.13142 -1.12 48 32 15
10.114 0.56923 -1.1549 41 34 6
10.115 0.52078 -1.1881 46 32 3
10.189 0.56792 -1.2198 45 34 4
10.449 0.57137 -1.0111 52 36 19
10.451 0.58902 -1.1303 51 37 0
10.539 0.57163 -0.99537 55 40 1
10.575 0.54481 -1.0617 51 37 11
10.51 0.57756 -1.0415 52 38 2
10.519 0.65392 -1.0135 53 37 2
10.64 0.6193 -1.0981 51 36 3
10.545 0.667 -1.0882 51 36 13
10.537 0.63981 -1.0461 51 36 13
10.546 0.67273 -1.0508 51 36 13
10.564 0.64077 -0.96896 47 37 2
10.51 0.6394 -1.1292 52 38 1
10.479 0.65876 -1.0999 54 37 17
10.559 0.67282 -1.0085 49 36 2
10.585 0.6672 -0.96597 46 35 16
10.543 0.63093 -1.0813 54 37 17
10.575 0.59304 -0.99306 51 39 13
10.567 0.59044 -1.0321 53 36 16
10.566 0.58473 -1.0671 49 36 20
10.514 0.6 -1.1174 52 38 1
10.548 0.75701 -0.98734 49 34 5
10.615 0.70804 -1.079 51 38 4
10.574 0.69663 -1.0497 48 35 17
10.569 0.7661 -1.0998 46 38 2
10.659 0.69356 -1.0314 47 34 0
10.577 0.76812 -1.0613 47 39 3
10.642 0.75011 -0.97674 45 33 17
10.554 0.74841 -1.0235 45 36 3
10.452 0.83349 -1.0538 48 37 7
10.563 0.71352 -0.97756 47 34 15
10.534 0.72094 -1.024 46 35 3
10.606 0.71813 -1.0461 47 34 0
10.582 0.68707 -1.0836 49 40 7
10.59 0.81005 -0.98898 48 37 9
10.579 0.81 -1.0308 46 32 6
10.621 0.83177 -0.99125 45 34 6
10.594 0.83345 -1.0728 47 35 21
10.48 0.89575 -1.0644 47 33 4
10.578 0.85889 -0.96231 42 31 1
10.662 0.83498 -1.057 49 33 7
10.495 0.8379 -1.1249 45 37 1
10.56 0.81297 -1.0701 46 36 1
10.606 0.86954 -1.0362 48 31 21
10.592 0.86443 -1.1108 0 0 0
10.598 0.77612 -0.94593 46 34 18
10.539 0.84145 -0.96618 48 32 17
10.656 0.79681 -1.0904 0 0 0
10.541 0.94538 -1.0219 45 31 5
10.65 0.91281 -1.0719 51 40 8
10.578 0.96279 -1.0175 46 34 10
10.58 0.91304 -1.0849 52 38 11
10.569 0.99866 -1.0654 49 35 9
10.587 0.92747 -0.97289 42 33 18
10.52 1.0193 -1.1166 0 0 0
10.598 0.87891 -0.99991 47 35 9
10.673 0.90682 -1.0317 47 33 6
10.536 0.99109 -0.99208 44 32 6
10.577 0.92045 -1.0471 47 36 17
10.669 0.92619 -0.92339 43 31 15
10.561 1.0034 -1.0679 49 35 9
10.657 0.99354 -1.0132 48 33 10
10.639 0.99706 -1.0522 47 35 9
10.6 0.99991 -0.94808 41 27 16
10.608 1.0317 -0.95069 44 31 23
10.615 1.0226 -0.98803 47 33 4
10.592 0.99799 -0.9855 42 33 18
10.657 0.95759 -1.0082 47 35 9
10.673 1.0203 -1.0137 47 31 0
10.641 1.0503 -0.95163 27 20 4
10.665 1.0305 -0.97762 43 28 7
10.552 1.0822 -1.0815 39 33 0
10.337 1.2426 -1.1465 0 0 0
10.469 1.1792 -1.0299 10 0 0
10.187 1.4179 -1.1616 48 32 9
10.549 1.1273 -1.0468 35 32 0
10.178 1.4295 -1.1232 52 38 9
10.147 1.3779 -1.0344 47 36 4
10.695 1.0554 -0.94257 44 32 10
10.141 1.4165 -1.0837 50 36 7
10.291 1.3167 -1.1319 47 35 9
10.176 1.4373 -1.0815 52 38 9
10.143 1.4855 -1.178 0 0 0
10.224 1.527 -1.136 42 26 3
10.17 1.5115 -1.1792 0 0 0
10.165 1.5215 -1.1404 47 32 0
10.175 1.5349 -1.0147 34 28 12
10.138 1.5023 -1.0994 52 38 9
10.219 1.5012 -1.0477 48 36 10
10.158 1.4968 -1.0527 55 41 2
10.202 1.5052 -1.0895 49 34 13
10.229 1.4402 -1.1156 52 40 0
10.312 1.5591 -1.0849 42 27 4
10.29 1.5671 -1.129 0 0 0
10.38 1.5279 -0.99154 47 29 5
10.362 1.4926 -1.0256 39 30 0
10.351 1.5401 -1.0358 44 32 6
10.235 1.5401 -1.0139 43 25 1
10.228 1.5372 -1.0511 40 29 1
10.203 1.5472 -1.1018 40 31 2
10.231 1.571 -1.1014 37 31 0
10.249 1.5537 -1.1396 0 0 0
10.349 1.5353 -1.0754 42 27 4
10.2 1.5776 -1.1891 0 0 0
