97
0.51801 0.10735 0.8308 0.17298 18.057 -0.43297 -0.143
15.797 -2.5324 -1.6592 42 26 1
15.746 -2.2375 -1.6236 35 19 6
15.591 -2.3877 -1.6795 38 16 1
15.724 -2.2155 -1.6308 32 9 1
15.713 -2.2284 -1.5224 31 13 0
15.502 -2.363 -1.6955 41 12 8
15.477 -2.3688 -1.6651 34 15 0
15.825 -2.1005 -1.5621 30 14 0
15.503 -2.1871 -1.652 36 17 0
15.622 -2.1439 -1.5852 35 15 4
15.589 -2.1954 -1.5662 39 14 9
15.738 -2.0823 -1.5878 33 17 2
15.267 -2.413 -1.7037 33 13 6
15.478 -2.2349 -1.6323 30 10 1
15.65 -2.1068 -1.6449 35 19 2
15.785 -1.9668 -1.5215 40 11 7
15.573 -2.09 -1.574 34 16 4
15.573 -2.1282 -1.5735 31 15 0
15.461 -2.1755 -1.6768 39 17 4
15.924 -2.3746 -1.5725 40 24 0
15.997 -2.2837 -1.5617 43 23 14
15.847 -2.458 -1.6611 43 25 21
15.937 -2.3254 -1.5631 43 22 3
15.776 -2.3516 -1.6787 39 20 16
15.83 -2.355 -1.67 36 24 8
16.024 -2.1259 -1.5681 35 22 16
15.991 -2.1661 -1.6319 39 23 10
15.819 -2.4032 -1.6771 35 13 13
15.891 -2.1894 -1.6247 39 20 13
16 -2.112 -1.5892 40 17 11
15.831 -2.1811 -1.6051 37 14 6
15.916 -2.0981 -1.6101 34 20 17
15.846 -2.1904 -1.6611 36 17 3
15.726 -2.3136 -1.7025 39 21 0
16.133 -1.9374 -1.4929 43 19 7
15.863 -2.1142 -1.6847 39 19 20
15.79 -2.1374 -1.6222 40 16 6
15.91 -2.0663 -1.6113 34 16 14
15.881 -2.0638 -1.6719 36 9 16
15.83 -2.0917 -1.6679 43 15 11
15.763 -2.1107 -1.6061 35 17 7
16.041 -1.9009 -1.5258 33 17 4
15.932 -1.9907 -1.6351 33 11 14
15.843 -2.1347 -1.5961 46 19 12
15.651 -2.2936 -1.751 38 19 5
15.81 -2.0401 -1.5753 37 15 15
15.712 -2.0739 -1.6427 29 17 3
15.841 -1.9671 -1.6278 36 13 5
15.892 -1.9656 -1.5927 37 12 5
15.867 -1.9934 -1.6465 36 12 10
15.86 -2.0239 -1.6164 37 15 2
15.803 -1.9843 -1.6204 40 21 7
15.759 -2.0499 -1.6438 37 16 11
15.663 -2.0223 -1.6309 35 13 0
15.628 -2.0845 -1.6587 40 11 7
15.858 -1.9109 -1.5806 33 14 0
15.735 -1.9221 -1.6602 30 16 15
15.959 -1.8008 -1.479 40 20 9
15.766 -1.9376 -1.6424 35 18 1
15.679 -2.0597 -1.6633 37 12 5
15.846 -1.9189 -1.587 31 17 4
15.501 -2.3772 -1.6706 33 17 2
15.748 -2.015 -1.5619 32 16 0
15.477 -2.2196 -1.648 33 18 0
15.34 -2.3472 -1.6922 37 15 4
15.571 -2.1154 -1.5932 29 9 0
15.455 -2.2054 -1.6999 33 15 1
15.576 -2.1024 -1.5541 31 18 2
15.73 -1.9909 -1.5721 38 16 3
15.925 -2.3989 -1.5892 37 18 11
15.833 -2.4442 -1.6509 36 21 14
15.937 -2.238 -1.5801 40 23 13
16.054 -2.0899 -1.5679 44 21 13
15.879 -2.177 -1.6212 40 22 2
15.949 -2.1306 -1.606 38 20 0
15.841 -2.1693 -1.6421 44 17 8
15.933 -2.1082 -1.619 35 21 18
15.807 -2.0964 -1.7071 31 15 2
15.758 -2.225 -1.6671 37 18 4
15.943 -2.0645 -1.61 38 14 14
15.762 -2.1351 -1.6243 37 19 9
15.719 -2.2055 -1.6525 42 15 8
15.637 -2.3073 -1.7021 40 16 6
15.899 -2.0891 -1.6118 47 15 12
15.872 -2.0376 -1.6248 40 13 18
15.881 -1.9606 -1.6164 36 11 15
15.936 -1.928 -1.4783 28 12 0
15.665 -2.0832 -1.6547 35 16 2
15.881 -1.9961 -1.6228 39 14 18
15.677 -2.085 -1.6823 33 17 2
15.914 -1.9814 -1.6292 26 16 6
15.751 -2.0796 -1.6682 37 12 5
15.824 -1.9915 -1.6204 34 15 1
15.848 -1.8615 -1.5668 28 15 0
15.783 -1.9849 -1.6498 35 16 0
15.749 -1.9974 -1.631 33 19 6
15.762 -1.9539 -1.6297 37 17 10
