863
0.54978 0.15319 0.77129 0.28174 14.07 6.6454 3.5355
11.365 3.4546 4.1195 63 33 17
11.367 3.4676 4.158 61 32 8
11.454 3.7319 4.0696 68 33 11
11.383 3.5462 4.1433 60 35 3
11.317 3.519 4.1093 65 34 14
11.455 3.6661 4.0449 61 34 13
11.381 3.6606 4.1194 71 44 7
11.382 3.6039 4.1335 62 38 4
11.481 3.7516 4.0298 62 34 3
11.605 3.7936 4.061 65 35 7
11.391 3.5335 4.0673 59 32 11
11.337 3.7154 4.0728 73 41 18
11.453 3.8062 4.1314 74 42 17
11.41 3.739 4.069 76 45 17
11.323 3.6543 4.1231 75 43 20
11.279 3.7213 4.1134 70 40 14
11.355 3.7551 4.1424 74 44 20
11.321 3.7546 4.0672 71 41 23
11.312 3.7653 4.1436 71 41 17
11.251 3.8144 4.1323 63 35 8
11.192 3.6977 4.155 73 41 18
11.299 3.7972 4.1 72 41 20
11.261 3.7484 4.0698 71 41 15
11.162 3.7138 4.1142 68 40 1
11.306 3.7597 4.1448 71 41 17
11.086 3.8276 4.1747 96 59 27
11.16 3.8431 4.1712 90 55 25
11.206 3.879 4.1222 87 52 23
11.157 3.8767 4.0867 87 52 23
11.076 3.8091 4.1393 90 55 23
11.171 3.8348 4.0956 85 51 22
11.108 3.8396 4.1334 90 55 23
11.045 3.8909 4.1234 105 65 29
11.127 3.9125 4.1183 96 61 29
11.053 3.8522 4.1719 100 62 26
11.052 3.8328 4.0968 94 57 23
12.793 4.7098 3.7344 54 36 14
13.214 5.3919 3.6374 24 19 0
11.362 3.4764 3.9949 59 35 0
11.446 3.5887 3.8232 59 32 15
11.362 3.4538 3.917 62 32 14
11.354 3.4559 3.9554 61 29 6
11.384 3.4679 3.8741 62 32 6
11.388 3.461 3.8358 57 32 12
11.397 3.5659 3.9422 60 36 2
11.434 3.7131 3.8815 64 36 5
11.415 3.6236 3.8549 61 34 15
11.499 3.7609 3.9901 60 30 12
11.384 3.6786 3.9619 72 39 6
11.439 3.6369 4.0125 60 33 0
11.344 3.6239 3.9292 64 31 0
11.441 3.6749 3.9311 64 37 2
11.316 3.5445 3.9829 60 31 0
11.438 3.7075 3.8423 64 35 4
11.457 3.6468 3.9698 62 33 0
11.382 3.5969 3.8961 61 31 13
11.357 3.4822 4.0326 62 34 7
11.376 3.568 3.8253 61 32 11
11.394 3.5514 3.905 60 36 2
11.364 3.7699 3.9481 71 39 16
11.294 3.7055 3.9968 73 41 2
11.409 3.8177 3.9416 71 39 16
11.398 3.7047 3.9986 74 44 8
11.372 3.7432 4.029 72 41 13
11.392 3.7547 3.9897 75 41 16
11.335 3.785 3.9064 71 41 3
11.396 3.7487 3.9517 77 40 8
11.409 3.7524 3.9127 75 39 23
11.309 3.7473 3.8712 77 44 11
11.38 3.7772 3.9093 76 41 19
11.314 3.685 3.8425 73 41 16
11.413 3.7323 4.0305 77 42 20
11.444 3.7701 3.8325 71 41 17
11.286 3.744 3.9518 76 42 17
11.279 3.7009 4.0368 73 43 17
11.249 3.669 4.0416 73 43 17
11.287 3.7142 3.837 72 40 15
11.41 3.7431 3.8775 73 43 5
11.371 3.7578 3.8688 77 46 18
11.377 3.9567 3.954 64 34 0
11.16 3.7015 4.0766 71 43 16
11.226 3.8315 3.8548 59 30 0
11.284 3.7623 4.0259 72 42 16
11.326 3.7956 3.9823 75 43 5
11.139 3.7552 3.9032 64 35 11
11.345 3.925 3.9588 64 34 0
11.249 3.7825 4.0233 72 40 19
11.18 3.7687 4.0257 59 29 5
11.232 3.8012 3.9415 65 36 2
11.292 3.8157 3.9796 71 42 0
11.208 3.7102 3.9141 71 39 14
11.255 3.7684 3.9469 70 40 14
11.26 3.7534 3.8685 73 43 15
11.245 3.8042 3.9013 69 39 15
11.243 3.7932 3.8587 75 46 22
11.262 3.8604 4.0473 65 35 11
11.145 3.8557 4.0497 83 49 22
11.119 3.802 3.9395 79 47 24
11.233 3.9032 3.8848 80 46 21
11.138 3.7743 3.9831 74 44 8
11.114 3.7606 4.0244 77 45 20
11.121 3.8136 3.9783 80 47 14
11.068 3.8289 4.0149 86 50 10
11.092 3.8784 3.8854 80 49 19
11.11 3.7936 3.9401 79 47 24
11.13 3.7859 4.0619 80 49 19
11.082 3.8225 3.9343 81 49 11
11.123 3.89 4.0446 92 54 18
11.16 3.8227 3.8557 77 43 18
11.128 3.83 4.0146 85 50 5
11.164 3.7898 3.9416 74 45 21
11.006 3.9378 3.9949 96 55 23
11.073 3.8984 4.0449 94 53 23
11.058 3.8565 3.9301 84 50 12
11.087 3.9203 4.0769 99 57 31
10.975 3.965 3.9909 96 56 21
11.513 4.5944 3.8221 40 17 0
11.369 3.4878 3.7894 61 31 7
11.411 3.4784 3.5872 60 31 7
11.502 3.633 3.7403 61 33 4
11.386 3.4846 3.7103 59 31 4
11.454 3.5757 3.7441 61 33 4
11.455 3.6936 3.7288 60 33 0
11.413 3.6832 3.6451 60 32 1
11.397 3.5464 3.6593 59 29 3
11.434 3.7069 3.6447 60 32 1
11.398 3.5586 3.7007 60 32 3
11.374 3.6131 3.7737 63 35 4
11.341 3.5161 3.7897 59 33 16
11.406 3.6638 3.6071 60 32 3
11.399 3.6992 3.7647 62 31 1
11.369 3.563 3.6176 55 30 8
11.372 3.6483 3.689 61 33 2
11.416 3.6387 3.6914 58 30 1
11.384 3.5318 3.6619 59 29 3
11.388 3.6441 3.608 60 32 3
11.407 3.5811 3.7383 59 31 4
11.413 3.6681 3.808 60 33 14
11.41 3.7014 3.7253 61 32 10
11.377 3.5838 3.6538 58 34 0
11.293 3.7094 3.7987 69 39 15
11.346 3.7821 3.6305 67 36 5
11.386 3.7983 3.7498 70 36 7
11.433 3.783 3.7166 73 39 12
11.321 3.7186 3.7151 71 38 7
11.39 3.8579 3.7425 69 38 17
11.376 3.7426 3.7943 71 40 12
11.294 3.5943 3.8107 69 42 5
11.347 3.7933 3.6699 68 36 15
11.393 3.7754 3.6361 67 37 3
11.387 3.7224 3.6808 64 35 3
11.373 3.7643 3.6746 69 36 5
11.378 3.7335 3.7572 72 42 6
11.401 3.7269 3.6421 64 33 12
11.432 3.7919 3.7536 72 42 6
11.37 3.8271 3.7056 71 37 8
11.252 3.7718 3.7461 67 38 7
11.341 3.9166 3.7328 66 35 5
11.255 3.7645 3.7063 67 36 6
11.174 3.7869 3.6567 55 28 0
11.278 3.8181 3.8185 70 39 18
11.282 3.7557 3.7896 67 40 19
11.243 3.809 3.7005 67 34 15
11.293 3.8336 3.8168 70 39 18
11.303 3.7874 3.8283 72 42 18
11.235 3.8005 3.7007 67 34 15
11.221 3.8063 3.7794 60 36 10
11.257 3.8031 3.6203 68 37 7
11.253 3.8846 3.7319 59 32 11
11.19 3.7862 3.8202 55 29 6
11.209 3.8319 3.6915 56 25 5
11.219 3.8214 3.6166 58 31 10
11.277 3.7767 3.6658 67 36 5
11.228 3.7567 3.7871 69 40 18
11.236 3.7917 3.6616 70 36 7
11.294 3.7841 3.6261 66 39 0
11.142 3.8874 3.7247 73 41 2
11.15 3.9138 3.804 74 42 21
11.265 3.9501 3.7233 73 40 7
11.184 3.8361 3.8147 63 36 17
11.146 3.7884 3.7778 69 39 11
11.129 3.8749 3.7257 73 41 2
11.164 3.8432 3.6892 72 39 8
11.107 3.8449 3.6862 68 37 7
11.208 3.8762 3.6488 64 33 15
11.123 3.8505 3.6432 72 38 11
11.147 3.8558 3.8131 74 40 13
11.144 3.9081 3.8035 74 42 21
11.04 3.9319 3.8356 78 46 23
11.055 3.9182 3.7147 76 42 13
11.066 3.9187 3.673 73 40 7
11.103 3.9162 3.7612 74 44 10
11.073 3.8786 3.7214 73 41 20
11.425 3.5214 3.4639 60 32 5
11.385 3.4982 3.5419 63 33 19
11.393 3.5182 3.5836 56 31 0
11.43 3.4778 3.5082 60 32 5
11.46 3.7716 3.5651 62 33 2
11.453 3.7536 3.5224 59 29 13
11.424 3.6517 3.4872 56 35 8
11.353 3.6088 3.4014 61 31 3
11.387 3.621 3.5281 60 34 19
11.394 3.6656 3.4443 58 28 2
11.41 3.7414 3.441 58 30 0
11.424 3.6404 3.45 58 33 3
11.374 3.5463 3.539 60 32 1
11.402 3.6524 3.3637 58 30 3
11.45 3.7493 3.5241 59 29 13
11.447 3.7358 3.4855 59 29 3
11.367 3.5498 3.5754 61 31 5
11.448 3.6461 3.3713 57 32 2
11.428 3.6341 3.4101 57 29 0
11.42 3.8398 3.5528 72 40 0
11.38 3.8637 3.5836 69 35 6
11.342 3.8133 3.5464 70 38 17
11.363 3.815 3.4681 68 38 14
11.371 3.709 3.4793 66 39 6
11.409 3.7823 3.5975 70 38 17
11.365 3.8076 3.4303 68 35 4
11.457 3.8394 3.3994 66 35 5
11.37 3.7557 3.4346 65 36 4
11.419 3.8488 3.5905 67 35 12
11.35 3.8122 3.5076 69 39 1
11.348 3.7787 3.3891 65 36 5
11.364 3.7703 3.5124 67 35 14
11.442 3.8077 3.5576 72 39 6
11.416 3.7688 3.5164 71 41 23
11.27 3.7551 3.378 67 37 3
11.407 3.8054 3.4743 73 40 9
11.357 3.8093 3.4673 68 38 14
11.292 3.8084 3.5022 72 42 6
11.226 3.8454 3.45 59 32 0
11.243 3.8057 3.4538 68 37 7
11.225 3.8074 3.5351 67 37 13
11.33 3.8373 3.4592 68 36 13
11.289 3.8814 3.5761 66 36 10
11.239 3.8484 3.4095 59 34 2
11.267 3.8952 3.4908 55 24 4
11.276 3.8126 3.5803 70 38 0
11.256 3.7987 3.376 67 36 6
11.331 3.8846 3.4163 69 35 8
11.33 3.8574 3.5425 69 39 13
11.282 3.8549 3.4973 72 43 9
11.285 3.877 3.5766 66 36 10
11.234 3.8427 3.4093 59 34 2
11.284 3.7802 3.4211 67 35 14
11.157 3.8635 3.5641 74 42 4
11.168 3.8644 3.5224 72 39 4
11.138 3.892 3.5186 73 39 12
11.127 3.919 3.4287 68 37 6
11.154 3.871 3.6015 74 38 14
11.174 3.8604 3.4812 68 38 12
11.098 3.9016 3.4694 71 40 10
11.144 3.8691 3.3951 68 34 9
11.184 3.8432 3.6079 67 39 10
11.175 3.8424 3.4018 56 24 1
11.101 3.8768 3.5993 73 39 12
11.175 3.9083 3.4342 68 36 13
11.159 3.8363 3.4434 64 34 8
11.063 3.9348 3.5073 73 42 12
11.076 3.9091 3.5948 74 39 17
11.039 4.0059 3.4103 71 40 9
11.119 3.9397 3.5535 72 41 10
11.43 3.5921 3.2494 58 30 1
11.426 3.5871 3.2483 58 30 1
11.419 3.5178 3.2508 57 28 7
11.454 3.7584 3.322 56 32 4
11.4 3.6554 3.1545 56 28 0
11.397 3.7328 3.2333 60 32 5
11.421 3.6526 3.2826 56 31 9
11.415 3.6832 3.1972 58 30 1
11.468 3.763 3.2851 56 31 8
11.439 3.7211 3.2422 61 31 17
11.439 3.6242 3.3288 55 29 2
11.51 3.8305 3.3684 59 30 6
11.452 3.7561 3.3216 56 32 4
11.399 3.6051 3.1979 58 29 5
11.443 3.6663 3.2441 60 30 14
11.417 3.5882 3.2862 59 29 13
11.401 3.5853 3.1158 56 28 0
11.521 3.8583 3.2091 53 30 0
11.483 3.8057 3.1633 60 31 7
11.414 3.7874 3.1502 60 30 14
11.427 3.832 3.2722 66 35 7
11.382 3.8207 3.1854 63 35 0
11.371 3.7148 3.2736 58 30 3
11.337 3.747 3.3068 67 38 4
11.3 3.8025 3.2143 64 33 13
11.323 3.8167 3.1746 63 35 0
11.394 3.8181 3.3513 67 36 6
11.41 3.768 3.3169 62 32 8
11.357 3.8051 3.2231 63 35 4
11.404 3.7711 3.3559 61 33 6
11.34 3.8177 3.3421 69 36 17
11.409 3.8032 3.233 66 37 16
11.448 3.8347 3.194 61 30 18
11.413 3.8438 3.1492 66 37 5
11.34 3.7971 3.2606 66 37 5
11.325 3.7913 3.3018 67 37 13
11.221 3.8105 3.325 67 36 8
11.271 3.8778 3.1612 69 36 1
11.278 3.8001 3.2945 65 37 10
11.284 3.8634 3.2894 68 38 10
11.211 3.8282 3.1953 64 33 13
11.273 3.9083 3.2869 62 33 11
11.264 3.8135 3.1645 68 37 7
11.25 3.8856 3.2854 62 33 11
11.246 3.8728 3.2376 59 30 8
11.184 3.8406 3.3604 55 27 0
11.25 3.8198 3.2445 66 37 13
11.283 3.8156 3.3348 64 34 8
11.217 3.8163 3.3663 65 34 6
11.363 3.878 3.255 66 35 7
11.239 3.798 3.2022 66 37 5
11.211 3.8751 3.1505 54 26 0
11.138 3.901 3.3069 67 35 10
11.193 3.8777 3.2342 57 30 9
11.123 3.9059 3.3875 69 36 17
11.116 3.8991 3.3867 69 36 17
11.176 3.88 3.3126 66 38 11
11.172 3.9135 3.2275 64 36 9
11.184 3.8589 3.1889 56 31 0
11.122 3.8948 3.3468 67 37 11
11.119 4.0577 3.3342 69 38 10
11.063 4.6505 3.2444 69 39 11
11.412 3.5753 3.0316 58 32 7
11.435 3.7426 3.1143 55 30 0
11.4 3.6722 2.9829 55 29 2
11.363 3.6909 2.9739 56 28 0
11.381 3.6615 3.0218 56 32 4
11.4 3.6932 3.0673 57 29 2
11.45 3.7653 2.9104 57 27 3
11.438 3.7827 3.0335 57 29 2
11.52 3.7699 3.0921 54 28 3
11.397 3.608 2.9832 57 28 6
11.473 3.8311 3.0796 56 33 2
11.448 3.6985 3.1202 58 29 7
11.455 3.7708 2.9105 57 27 3
11.483 3.8122 2.9601 53 27 2
11.327 3.7695 2.9663 62 33 2
11.327 3.8106 3.1328 66 35 7
11.394 3.7727 2.9383 55 26 5
11.377 3.7958 3.1025 61 33 6
11.353 3.76 3.0554 65 35 9
11.361 3.8727 3.0129 63 32 12
11.387 3.8627 3.1005 66 34 9
11.275 3.774 2.9536 64 34 8
11.286 3.7758 2.9125 63 31 6
11.401 3.8582 3.0207 66 35 5
11.331 3.7636 2.9248 64 32 9
11.493 3.8993 3.0417 57 28 6
11.398 3.787 2.9831 57 28 7
11.369 3.7292 3.1025 52 26 1
11.353 3.8175 3.0544 67 36 15
11.324 3.9473 3.0037 64 34 6
11.277 3.8639 3.0789 65 32 17
11.246 3.8326 3.074 65 32 17
11.306 3.9202 2.9569 65 36 5
11.309 3.8391 3.0878 64 35 4
11.243 3.9248 2.9901 51 24 3
11.253 3.8302 3.0332 65 35 9
11.298 3.8383 3.1265 65 35 0
11.203 3.8478 3.0675 58 30 1
11.261 3.7805 3.0353 66 37 6
11.233 3.9808 3.0178 67 37 0
11.165 3.8876 3.1417 66 36 2
11.238 3.9847 3.0208 67 37 0
11.235 3.9263 3.0213 59 30 0
11.27 4.006 2.9899 66 36 8
11.147 3.9554 3.0024 64 34 8
10.762 4.443 3.1681 65 37 10
11.568 3.5721 2.8163 22 10 0
11.752 3.8133 2.7127 24 12 0
11.456 3.761 2.8668 53 27 2
11.39 3.678 2.8059 55 27 0
11.403 3.7619 2.8505 54 28 3
11.395 3.7317 2.7679 56 30 7
11.439 3.673 2.8234 58 29 0
11.455 3.7877 2.745 54 31 0
11.468 3.7913 2.7057 58 29 7
11.429 3.6996 2.7316 55 27 13
11.415 3.663 2.6431 59 30 9
11.37 3.7434 2.6761 54 28 5
11.432 3.7826 2.8207 57 32 2
11.347 3.7984 2.7552 65 35 0
11.359 3.841 2.8852 62 33 0
11.357 3.7222 2.8867 56 27 5
11.301 3.8192 2.7862 63 34 2
11.413 3.8203 2.8159 59 32 13
11.379 3.8221 2.7212 65 35 7
11.338 3.7992 2.7965 64 35 4
11.378 3.7624 2.7235 52 26 3
11.405 3.8218 2.8563 54 28 3
11.32 3.8082 2.6603 66 31 9
11.334 3.8332 2.7115 61 32 11
11.367 3.7915 2.8886 64 36 0
11.436 3.8348 2.7823 56 25 4
11.278 3.8054 2.8227 65 36 2
11.349 3.7804 2.6729 66 36 10
11.287 3.9482 2.9132 55 26 2
11.263 3.8768 2.6878 64 32 7
11.299 3.8552 2.7013 62 32 4
11.234 3.8867 2.8564 63 35 0
11.296 3.8621 2.744 63 33 0
11.217 3.9175 2.8092 57 27 3
11.191 3.9124 2.8897 57 28 0
11.393 3.6981 2.6341 57 28 4
11.425 3.7407 2.4292 54 29 0
11.391 3.7558 2.6405 56 27 5
11.468 3.867 2.5396 54 28 3
11.4 3.7836 2.4697 54 28 11
11.451 3.7412 2.5704 55 29 4
11.421 3.7571 2.5171 57 32 12
11.41 3.7662 2.604 57 31 6
11.489 3.7837 2.5853 55 29 4
11.434 3.7817 2.5652 55 29 4
11.319 3.797 2.6171 62 32 6
11.488 3.8979 2.59 51 26 3
11.372 3.8228 2.5061 67 35 12
11.363 3.8025 2.4584 59 30 8
11.308 3.8446 2.6156 63 35 6
11.382 3.795 2.5921 54 30 2
11.36 3.8579 2.4607 62 31 10
11.332 3.791 2.532 63 36 17
11.391 3.8141 2.6388 62 33 9
11.441 3.8759 2.447 55 30 0
11.317 3.8432 2.5742 63 33 7
11.278 3.8717 2.6095 63 33 15
11.257 3.9279 2.4294 61 31 7
11.25 3.9309 2.4712 61 32 11
11.301 3.866 2.4813 62 34 7
11.205 4.0197 2.5469 70 39 8
11.522 3.7206 2.4249 51 26 3
11.592 3.866 2.247 20 8 0
11.405 3.8074 2.2998 57 31 14
11.42 3.7642 2.304 58 32 7
11.481 3.8104 2.2422 34 12 0
11.405 3.7972 2.2569 52 27 7
11.351 3.8392 2.4136 61 32 0
11.371 3.8201 2.2458 54 28 1
11.32 3.8658 2.4039 60 31 0
11.368 3.8273 2.2864 63 34 12
11.425 3.8385 2.3526 51 30 11
11.39 3.8112 2.3819 53 29 3
11.527 3.6686 4.0614 61 31 15
11.364 3.4282 4.1444 61 31 17
11.418 3.6685 4.1024 65 34 14
11.485 3.6303 4.1087 62 32 14
11.429 3.6119 4.0722 63 36 15
11.487 3.7911 4.0401 72 41 21
11.32 3.4976 4.1328 60 35 3
11.506 3.7569 4.0492 62 35 14
11.449 3.7693 4.119 76 44 21
11.47 3.7821 4.0782 76 41 19
11.324 3.6891 4.1372 77 43 16
11.28 3.6991 4.1362 71 41 17
11.432 3.7962 4.0774 77 45 7
11.333 3.7452 4.0874 72 42 14
11.349 3.6951 4.0567 75 43 20
11.18 3.719 4.172 74 42 19
11.208 3.7378 4.1272 71 41 13
11.234 3.7076 4.1373 70 41 19
11.207 3.7827 4.0805 61 33 6
11.148 3.7329 4.1321 62 34 0
11.203 3.6851 4.1778 73 38 18
11.288 3.7532 4.0881 72 42 16
11.255 3.9045 4.1391 86 54 15
11.246 3.8856 4.1023 82 47 18
11.161 3.8669 4.1472 90 52 23
11.065 3.8222 4.1173 89 55 17
11.085 3.7847 4.1248 88 50 22
11.236 3.8664 4.0659 74 44 28
11.144 3.9594 4.1272 103 63 27
11.073 3.948 4.1326 116 73 31
11.419 3.5445 3.8846 62 32 6
11.497 3.6118 3.9988 62 32 14
11.541 3.5477 4.0083 56 28 14
11.413 3.5261 3.848 60 34 17
11.439 3.5211 3.9267 58 34 0
11.403 3.6333 3.8299 58 31 12
11.44 3.6864 3.8667 65 37 6
11.492 3.6742 4.0242 64 36 9
11.33 3.5952 3.9954 65 35 0
11.406 3.5778 3.8427 61 35 8
11.412 3.6181 3.9565 63 34 0
11.323 3.5763 3.9582 63 36 1
11.459 3.6936 4.0227 62 34 3
11.455 3.7447 4.0108 66 36 12
11.436 3.7283 3.8177 66 39 2
11.428 3.7293 3.8595 66 38 9
11.399 3.6509 3.9093 63 36 3
11.359 3.4864 3.9311 60 36 2
11.456 3.6793 3.9823 65 34 4
11.411 3.6061 3.919 62 32 14
11.418 3.5663 3.9612 62 33 2
11.363 3.7263 3.8915 72 41 13
11.381 3.7856 4.0414 72 42 16
11.3 3.7047 3.8588 70 42 15
11.419 3.7296 3.8972 72 42 16
11.238 3.6806 4.0184 71 42 0
11.381 3.7199 4.0142 78 44 9
11.36 3.7992 3.9625 73 39 14
11.335 3.7524 3.8901 73 40 7
11.341 3.7329 4.0123 75 43 4
11.425 3.7824 3.8504 73 43 5
11.407 3.7835 3.9266 73 39 12
11.292 3.6694 3.9821 74 40 3
11.425 3.747 3.9318 75 43 5
11.278 3.7386 3.8535 70 38 15
11.351 3.7788 3.929 71 39 16
11.413 3.7442 3.9727 74 37 5
11.258 3.7945 3.9234 71 41 5
11.328 3.8751 3.949 71 41 3
11.285 3.7658 3.9277 72 40 15
11.285 3.7555 3.8896 72 41 21
11.323 3.934 3.9772 64 34 0
11.278 3.8447 4.0316 64 36 0
11.167 3.77 3.9623 61 30 10
11.167 3.7222 4.014 66 36 12
11.211 3.7942 3.8782 62 35 16
11.256 3.7464 3.9704 71 40 12
11.28 3.7353 4.0508 72 41 13
11.196 3.7048 4.0559 71 43 16
11.278 3.7792 4.0042 69 39 13
11.307 3.8253 3.8378 71 41 13
11.31 3.8373 3.878 72 42 16
11.085 3.8116 3.9992 85 47 8
11.218 3.8396 4.0337 74 44 20
11.16 3.8091 3.9181 76 44 21
11.111 3.8638 3.869 85 51 24
11.204 3.8424 3.8723 72 45 28
11.121 3.7999 4.0397 79 47 22
11.092 3.8654 3.9472 83 51 13
11.216 3.8729 3.9484 79 47 8
11.109 3.8443 4.0322 88 50 14
11.136 3.8246 4.0753 84 50 23
11.104 3.8016 3.8767 80 44 18
11.159 3.9013 4.064 86 51 21
11.033 3.9215 3.9385 87 52 23
11.035 3.9687 3.8913 85 50 18
11.109 3.8996 4.0232 87 50 16
11.021 3.8829 4.066 102 62 27
11.179 3.9735 4.049 93 55 26
10.993 4.0119 4.0031 104 61 19
11.381 3.5151 3.7309 60 33 0
11.376 3.4977 3.687 55 29 2
11.401 3.4769 3.7314 58 30 3
11.38 3.4761 3.8112 57 30 13
11.423 3.5406 3.645 57 31 4
11.415 3.5316 3.6455 57 31 4
11.4 3.7026 3.6632 61 30 9
11.348 3.5262 3.6781 59 31 2
11.433 3.6708 3.6307 61 32 0
11.4 3.6663 3.748 60 32 1
11.406 3.7204 3.7009 60 31 0
11.42 3.6194 3.7135 59 31 2
11.356 3.6285 3.791 62 34 3
11.412 3.5622 3.763 61 33 4
11.316 3.5992 3.6257 62 33 1
11.354 3.5216 3.6394 59 34 12
11.446 3.613 3.8008 59 34 14
11.334 3.5438 3.8019 60 34 17
11.408 3.6644 3.7099 61 32 1
11.393 3.6371 3.6689 56 32 0
11.416 3.6405 3.5913 61 32 1
11.305 3.7827 3.6886 70 36 7
11.364 3.7415 3.7352 72 39 8
11.312 3.7435 3.7324 70 36 7
11.321 3.6476 3.7842 73 42 14
11.302 3.7533 3.811 69 39 15
11.326 3.7944 3.6484 68 37 6
11.311 3.7318 3.6933 71 37 8
11.367 3.766 3.8112 69 40 16
11.33 3.7155 3.7784 75 40 21
11.349 3.7519 3.6141 66 33 0
11.344 3.756 3.6526 72 39 6
11.346 3.7113 3.7013 71 39 0
11.371 3.713 3.8188 72 41 20
11.444 3.7726 3.7379 69 38 8
11.29 3.7201 3.7333 71 37 8
11.364 3.7104 3.6207 69 39 5
11.294 3.7343 3.7736 69 38 8
11.435 3.7974 3.656 69 36 5
11.328 3.786 3.6087 69 38 7
11.241 3.7732 3.6834 66 35 5
11.235 3.757 3.6432 67 36 6
11.174 3.793 3.799 59 32 13
11.294 3.9024 3.7521 56 32 6
11.29 3.7971 3.8044 71 42 20
11.219 3.7924 3.8371 61 35 12
11.2 3.7787 3.6378 66 35 4
11.19 3.7319 3.7268 68 37 7
11.214 3.842 3.8345 56 34 11
11.209 3.8079 3.7174 61 30 10
11.331 3.8293 3.7617 68 39 8
11.237 3.8261 3.6755 61 34 1
11.224 3.7863 3.802 67 38 14
11.196 3.8319 3.6327 57 26 8
11.288 3.7756 3.7256 68 37 6
11.184 3.8952 3.7058 71 37 10
11.128 3.8879 3.6628 73 39 2
11.153 3.8753 3.7472 71 39 0
11.078 3.8697 3.7865 75 45 11
11.219 3.8644 3.6713 59 27 12
11.098 3.8417 3.8323 78 46 21
11.194 3.8786 3.8299 72 41 20
11.147 3.8404 3.629 72 38 1
11.21 3.8653 3.7101 67 35 10
11.134 3.8377 3.6664 72 39 8
11.169 3.844 3.7959 72 40 15
11.045 3.9139 3.8584 81 50 22
11.043 3.9304 3.6941 74 41 10
11.086 3.9137 3.6962 73 41 20
11.063 3.9018 3.7388 80 42 5
11.079 3.8799 3.8226 76 44 21
11.389 3.5166 3.4732 57 32 2
11.433 3.7437 3.4634 62 32 6
11.411 3.7085 3.4226 56 31 1
11.38 3.6479 3.5461 63 33 17
11.375 3.5833 3.5497 63 33 7
11.384 3.6085 3.3819 55 30 0
11.478 3.8141 3.5416 63 33 9
11.336 3.6098 3.5878 59 31 2
11.42 3.682 3.5074 55 34 7
11.39 3.637 3.4658 59 34 4
11.419 3.7069 3.3846 58 30 3
11.412 3.7309 3.5005 63 33 15
11.4 3.5667 3.3911 61 29 8
11.45 3.6471 3.4715 58 30 3
11.386 3.5353 3.5593 60 33 14
11.431 3.6129 3.4341 56 27 3
11.374 3.8241 3.5686 69 40 6
11.401 3.8323 3.4877 69 39 5
11.366 3.8415 3.4464 67 38 4
11.308 3.7917 3.4849 67 36 6
11.456 3.8004 3.5792 69 39 15
11.491 3.8429 3.3829 60 30 4
11.335 3.7412 3.4107 69 37 0
11.343 3.8075 3.4054 66 35 5
11.414 3.7691 3.4213 64 34 6
11.382 3.7446 3.4576 67 38 6
11.367 3.8067 3.5296 68 36 15
11.363 3.7347 3.496 70 39 19
11.377 3.7606 3.5355 73 41 20
11.349 3.7673 3.4501 70 37 6
11.404 3.7994 3.5748 71 39 0
11.385 3.7847 3.3732 64 33 3
11.38 3.7642 3.5349 71 39 18
11.252 3.7541 3.5633 72 38 9
11.257 3.8718 3.5538 60 34 9
11.239 3.7508 3.6053 67 35 20
11.287 3.8269 3.4772 67 37 13
11.2 3.7584 3.5582 68 38 12
11.294 3.8439 3.5247 68 38 12
11.226 3.8018 3.3902 65 34 4
11.215 3.8007 3.4306 68 36 0
11.196 3.8016 3.5105 64 38 15
11.215 3.8673 3.4692 59 29 3
11.247 3.8727 3.5894 53 28 0
11.415 3.938 3.4055 66 36 2
11.266 3.7948 3.4374 65 33 8
11.267 3.8923 3.5893 53 28 0
11.191 3.7592 3.6013 66 35 5
11.315 3.8089 3.5254 68 37 6
11.224 3.8195 3.472 69 38 7
11.141 3.8994 3.4125 70 40 2
11.156 3.867 3.4589 71 40 12
11.151 3.8526 3.4162 68 36 13
11.14 3.9264 3.537 72 41 13
11.184 3.8666 3.5857 73 41 3
11.106 3.8576 3.6214 71 38 21
11.199 3.8709 3.5455 66 36 22
11.149 3.8697 3.4983 71 41 3
11.242 3.9035 3.5037 60 33 12
11.13 3.8985 3.4535 66 35 15
11.055 3.9507 3.4821 75 43 5
11.079 3.9166 3.4905 72 42 6
11.402 3.5463 3.3066 55 29 4
11.434 3.5379 3.1458 54 29 0
11.466 3.6099 3.276 58 27 7
11.47 3.7781 3.2244 56 31 0
11.431 3.6873 3.2628 58 31 14
11.428 3.6255 3.2656 60 32 3
11.411 3.654 3.2199 55 30 10
11.473 3.8132 3.3446 58 30 3
11.379 3.6071 3.1737 59 30 6
11.404 3.6947 3.1751 58 30 1
11.43 3.7557 3.2977 57 31 4
11.496 3.8532 3.1831 55 26 2
11.443 3.7225 3.3448 58 28 12
11.432 3.6992 3.3024 57 32 2
11.415 3.633 3.3463 59 30 6
11.383 3.6008 3.1322 55 26 4
11.395 3.6742 3.1296 60 32 5
11.48 3.6743 3.2314 57 31 14
11.428 3.7431 3.2603 53 29 1
11.371 3.7491 3.2919 68 39 8
11.381 3.7862 3.1654 65 37 0
11.434 3.8527 3.2136 67 37 3
11.347 3.7811 3.2854 67 37 9
11.36 3.7842 3.2458 64 33 5
11.352 3.7963 3.3253 68 39 5
11.277 3.7661 3.2715 67 38 6
11.359 3.8402 3.2397 66 36 10
11.366 3.7539 3.3311 67 38 7
11.361 3.8323 3.2011 64 34 6
11.287 3.7766 3.2724 67 38 6
11.496 3.8635 3.222 57 26 14
11.471 3.8464 3.263 58 32 5
11.357 3.8126 3.3644 66 33 14
11.331 3.7906 3.156 66 38 1
11.371 3.853 3.2397 66 36 10
11.223 3.8461 3.3436 59 30 9
11.306 3.8158 3.3592 68 35 18
11.317 3.8342 3.1531 64 34 0
11.268 3.8706 3.2657 66 37 6
11.252 3.8352 3.1822 66 35 5
11.258 3.7943 3.2254 64 33 13
11.197 3.8102 3.3026 66 36 8
11.263 3.8565 3.2234 64 33 5
11.277 3.8228 3.2687 65 37 6
11.285 3.9241 3.1822 60 33 0
11.191 3.8416 3.2123 55 25 7
11.29 3.7896 3.3173 70 39 9
11.319 3.8461 3.195 66 34 9
11.214 3.8738 3.2609 57 28 0
11.255 3.8109 3.3084 65 35 9
11.178 3.9335 3.1647 68 37 6
11.195 3.9122 3.2516 68 39 7
11.204 3.9117 3.2126 60 35 3
11.186 3.8664 3.338 63 35 6
11.185 3.8838 3.166 63 34 3
11.133 3.9286 3.3242 69 39 3
11.175 3.9119 3.3321 65 37 10
11.172 3.8432 3.2955 58 26 11
11.444 3.5988 3.1018 54 28 1
11.43 3.5992 2.9297 56 27 5
11.452 3.5251 3.0234 56 30 7
11.438 3.711 3.0945 54 29 0
11.409 3.7383 3.0901 55 32 1
11.431 3.693 3.0552 54 29 7
11.408 3.7263 3.0473 56 30 5
11.374 3.656 2.914 55 29 4
11.462 3.8065 3.1384 54 29 0
11.454 3.7659 3.0139 56 28 1
11.491 3.7132 3.1101 59 31 4
11.417 3.7735 2.9629 53 27 2
11.452 3.8016 2.9275 56 27 5
11.427 3.6782 3.0091 57 30 13
11.394 3.8469 3.1244 64 34 6
11.378 3.8201 3.0795 67 35 10
11.444 3.8234 3.0547 58 29 7
11.371 3.7544 3.0815 54 30 4
11.34 3.7382 2.9049 59 30 9
11.279 3.7852 3.1041 65 35 7
11.422 3.7889 3.0076 56 27 5
11.338 3.8151 2.9882 65 36 5
11.338 3.8253 3.0294 65 34 14
11.429 3.8437 2.9687 63 32 1
11.342 3.7998 2.9056 66 34 9
11.353 3.7835 3.0337 66 36 10
11.283 3.779 3.0626 63 34 3
11.369 3.7897 2.9951 64 36 0
11.321 3.7878 2.9444 62 31 11
11.341 3.7395 2.9054 59 30 9
11.371 3.7648 3.1226 64 35 3
11.213 3.8816 3.0391 55 27 0
11.251 3.8242 3.1379 65 35 0
11.225 3.8558 3.1344 66 34 0
11.269 3.8597 2.9704 63 33 5
11.299 3.9456 2.9781 64 35 4
11.267 3.8478 2.9283 64 34 8
11.27 3.8029 2.9716 65 36 5
11.349 3.9033 3.0716 66 37 6
11.275 3.8387 3.1003 64 35 3
11.159 3.9435 3.0271 64 35 3
11.166 3.9306 2.9469 64 35 4
11.171 3.9449 2.9868 64 34 6
11.221 3.9266 2.9599 59 28 10
11.237 3.9514 3.0003 64 32 17
11.505 3.6419 2.7787 54 29 0
11.436 3.7628 2.8398 53 28 0
11.427 3.6945 2.8396 57 30 9
11.437 3.7813 2.6739 55 32 0
11.407 3.6894 2.6594 57 28 4
11.402 3.6938 2.705 57 28 4
11.442 3.78 2.8866 56 30 3
11.433 3.7871 2.7188 53 26 5
11.408 3.6838 2.8772 52 26 3
11.426 3.6498 2.6677 52 25 8
11.448 3.8034 2.7214 53 26 5
11.517 3.8987 2.825 55 30 0
11.446 3.6558 2.8464 54 25 1
11.486 3.8554 2.7747 57 27 0
11.341 3.8162 2.733 64 32 9
11.364 3.8499 2.7827 66 34 11
11.331 3.8539 2.6878 64 34 16
11.354 3.8192 2.6944 66 36 10
11.363 3.8111 2.8666 63 35 6
11.341 3.7474 2.6886 59 33 10
11.382 3.8212 2.8277 63 35 8
11.283 3.7861 2.8487 63 35 8
11.388 3.7798 2.8742 57 31 8
11.415 3.7986 2.8356 54 28 3
11.31 3.8036 2.8092 66 37 6
11.422 3.8234 2.6708 55 29 4
11.34 3.7666 2.7742 65 32 0
11.33 3.8525 2.6871 64 34 16
11.337 3.7537 2.7314 58 29 7
11.203 3.8903 2.8726 56 24 11
11.305 3.8852 2.6762 61 35 8
11.277 3.8288 2.8026 64 33 12
11.278 3.8679 2.7159 64 34 6
11.276 3.8377 2.8453 64 34 0
11.251 3.9552 2.7084 55 26 2
11.284 3.8833 2.7621 63 33 7
10.752 5.0156 2.8744 69 41 12
11.564 3.5344 2.5794 21 10 6
11.507 3.8951 2.6177 57 29 15
11.425 3.7369 2.5395 59 28 7
11.493 3.8698 2.5691 54 29 6
11.425 3.6885 2.5822 55 29 4
11.447 3.6916 2.5028 56 29 12
11.396 3.7262 2.6176 60 31 7
11.427 3.7879 2.5 54 28 11
11.39 3.738 2.439 52 29 0
11.404 3.8617 2.6688 66 31 0
11.332 3.8152 2.5138 62 30 7
11.423 3.8245 2.6713 55 29 4
11.404 3.8118 2.4514 52 26 3
11.306 3.8464 2.5073 62 37 5
11.374 3.7902 2.4837 56 28 1
11.328 3.8313 2.6007 63 35 8
11.377 3.8234 2.614 64 34 16
11.302 3.8136 2.633 64 34 8
11.373 3.8099 2.5694 59 30 6
11.341 3.8141 2.4752 62 34 7
11.427 3.8189 2.6304 55 31 3
11.366 3.8307 2.4396 63 31 8
11.427 3.8567 2.5466 56 26 2
11.44 3.87 2.5513 56 26 2
11.233 3.919 2.6163 62 32 6
11.319 3.8891 2.6416 65 35 17
11.295 3.8933 2.5052 62 33 11
11.251 3.9269 2.5795 63 33 0
11.279 3.8868 2.5437 62 32 8
11.307 3.8768 2.6375 65 35 17
11.301 3.8618 2.5931 65 37 8
11.535 3.819 2.4142 56 27 5
11.579 3.885 2.2631 26 17 0
11.453 3.8245 2.2992 55 31 5
11.409 3.8071 2.4087 53 29 3
11.448 3.8287 2.3391 59 36 2
11.417 3.7362 2.3201 57 33 7
11.541 3.9393 2.4245 53 31 8
11.417 3.9214 2.3785 62 33 9
11.403 3.8402 2.3252 56 32 0
11.38 3.7954 2.2244 54 29 0
11.417 3.9019 2.2908 59 32 13
11.408 3.8349 2.2809 54 28 5
11.348 3.8405 2.3009 66 36 2
11.3 3.8794 2.4186 57 32 2
11.33 3.9286 2.2601 54 28 1
