3311
0.26163 0.5016 0.3942 0.72426 11.654 5.7482 3.4583
14.764 3.114 4.0495 51 30 0
14.841 2.95 4.054 81 50 22
14.521 3.0612 4.0609 90 55 25
14.663 2.9434 4.0506 89 54 24
14.614 3.0039 4.0029 88 53 21
14.203 2.9219 3.9764 84 56 29
14.024 2.9486 3.968 91 53 24
14.004 3.0766 3.9695 106 63 19
14.127 2.9231 4.0304 116 74 24
14.125 2.9547 3.9582 100 64 26
13.906 3.0589 4.0105 89 56 23
14.01 3.0036 4.0017 110 70 17
13.979 3.0538 3.9618 104 66 17
13.986 2.9788 3.9942 86 55 24
13.862 3.0341 3.9313 85 51 24
13.853 3.0702 3.9979 87 53 16
13.895 3.0341 3.9729 87 53 26
13.869 3.0791 3.9356 86 52 23
13.755 3.0998 3.9403 84 50 21
13.838 3.0498 3.9592 84 49 19
13.782 3.0796 3.9132 84 48 22
13.773 3.0639 3.9768 82 48 21
13.824 3.0536 3.9919 86 55 11
13.675 3.0959 3.9196 80 47 16
13.66 3.0882 3.9809 81 47 20
13.654 3.0695 3.9133 79 49 23
13.735 3.0592 3.9666 85 51 14
13.737 3.0697 3.9334 83 50 15
13.668 3.0923 3.9492 80 48 23
13.673 3.0992 3.919 80 47 16
13.784 3.0501 3.979 85 51 24
13.689 3.104 3.9864 84 50 23
13.577 3.0367 3.9547 49 23 9
13.597 3.0781 3.9315 81 47 22
13.604 3.0548 3.966 79 45 8
13.596 2.9972 3.9948 50 21 13
13.59 3.0325 3.9287 56 28 15
13.611 3.0999 3.9681 80 46 21
13.667 3.0393 3.948 79 47 22
13.545 3.1634 3.8867 80 46 19
13.585 2.9095 3.9588 49 23 6
13.566 3.0108 3.9206 52 26 9
13.555 2.9086 3.9161 51 29 6
13.548 2.9505 3.9814 49 27 6
13.566 2.9522 3.9216 54 29 9
13.575 2.9697 3.9889 49 25 13
13.559 2.8738 3.9864 52 27 4
13.567 2.995 3.9535 56 29 10
13.556 2.8923 3.9509 50 28 7
13.544 2.8494 3.9495 53 27 4
13.542 2.7748 3.9798 49 30 0
13.556 2.7684 3.9486 49 25 13
13.532 2.7249 3.9772 49 28 9
13.556 2.8166 3.9834 51 29 6
13.528 2.747 3.9414 50 28 7
13.539 2.764 4.012 52 27 7
13.516 2.6164 3.9732 44 24 0
13.539 2.6988 4.0136 53 26 7
13.552 2.5399 4.0184 46 24 0
13.554 2.6389 3.9476 50 26 14
13.566 2.4593 3.9887 52 25 14
13.535 2.6372 4.0141 46 25 0
13.557 2.6171 3.9852 50 28 17
13.559 2.56 3.9487 41 22 6
13.514 2.5326 4.0062 47 26 9
13.542 2.4271 3.9801 48 25 7
13.485 2.4933 4.0347 43 25 5
13.576 2.4088 4.062 42 23 7
13.519 2.3743 4.0085 40 25 6
13.513 2.461 4.0069 41 25 2
13.551 2.3348 3.9806 47 26 9
13.529 2.3388 4.0522 46 26 0
13.508 2.3947 4.0054 40 25 6
13.474 2.2154 3.997 43 26 9
13.524 2.1856 4.0485 47 24 8
13.453 2.2213 4.0636 47 27 0
13.513 2.1878 4.0862 42 21 0
13.493 2.3423 4.0017 47 26 9
13.53 2.0892 4.0533 47 25 1
13.511 2.2288 4.0063 50 29 2
13.507 2.3347 3.9678 42 25 5
13.436 2.1864 4.0255 46 25 6
13.441 1.98 4.0702 47 25 1
13.457 2.0362 4.077 46 23 7
13.488 2.0653 4.0817 47 26 0
13.447 2.0962 3.9918 46 26 1
13.483 2.113 4.0006 44 26 6
13.386 2.0229 4.0112 43 21 8
13.34 2.1014 4.0322 46 24 9
14.781 2.9678 4.002 82 53 19
14.696 2.9932 3.9805 84 51 18
14.606 2.9751 3.9623 84 52 27
14.719 2.9369 3.9422 82 51 21
14.741 2.8797 3.8995 81 49 24
14.705 2.9998 3.9418 83 51 28
14.647 2.8466 3.9196 96 57 26
14.669 2.8938 3.8867 85 52 9
14.537 2.9309 3.8196 86 52 17
14.616 2.9219 3.795 77 43 5
14.507 2.9225 3.7745 83 44 13
14.651 2.8733 3.8402 82 46 24
14.589 2.9179 3.8718 90 55 23
14.644 2.9324 3.8476 80 49 18
14.601 2.8835 3.7912 83 48 19
14.689 2.8442 3.9679 102 59 25
14.362 2.9476 3.7827 74 41 8
14.335 3.027 3.7896 84 50 12
14.516 2.8982 3.81 85 52 21
14.45 2.8967 3.8371 81 53 6
14.509 2.8665 3.7718 83 49 24
14.221 2.9309 3.9078 47 24 8
14.219 2.948 3.8695 38 23 0
14.133 3.0043 3.8164 60 38 14
14.203 2.9418 3.7883 65 41 15
14.307 2.898 3.768 61 37 1
14.221 2.8917 3.8642 78 47 19
14.256 3.0051 3.7621 71 41 7
14.137 3.116 3.7831 55 31 0
14.262 2.9166 3.8372 30 13 0
14.164 2.9986 3.7473 68 39 8
14.262 2.9319 3.7986 38 19 2
13.907 3.1274 3.8427 91 54 20
14.119 2.9515 3.8462 86 54 16
13.931 3.0721 3.9132 91 58 27
14.004 3.0041 3.7482 82 46 20
14.001 3.1084 3.9004 92 57 27
13.996 2.9991 3.7837 82 48 21
13.937 3.0401 3.8453 81 47 18
14.101 2.9869 3.808 83 49 14
14.053 2.9972 3.9039 96 59 25
14.261 2.8326 3.9093 86 53 20
14.054 2.9815 3.941 98 60 24
14.063 2.9758 3.797 83 47 21
14.016 2.987 3.8953 88 53 24
14.039 2.9886 3.8297 86 51 21
14.053 3.0017 3.7607 81 48 15
14.071 2.9919 3.8732 90 57 26
13.909 3.0872 3.8064 84 46 17
14.141 2.9561 3.7762 77 46 0
13.912 3.0305 3.8031 83 47 25
13.835 3.0567 3.8217 84 50 25
13.868 3.0934 3.9013 84 53 22
13.821 3.0986 3.8885 82 51 21
13.922 3.0433 3.8763 80 49 21
13.812 3.0983 3.7842 80 49 19
13.808 3.0642 3.7456 80 46 11
13.863 3.0753 3.8279 83 50 19
13.904 3.0007 3.7621 79 48 20
13.804 3.055 3.7795 83 50 15
13.931 3.0226 3.7703 82 48 13
13.848 3.0264 3.8564 82 48 21
13.838 3.091 3.8597 84 51 18
13.93 3.038 3.7355 79 47 24
13.763 3.0922 3.806 81 48 17
13.81 3.0595 3.8847 81 50 19
13.753 3.0656 3.7675 80 46 21
13.567 3.1729 3.7962 79 46 15
13.685 3.0565 3.8521 79 47 22
13.597 3.1603 3.7387 79 46 11
13.733 3.0768 3.798 80 50 22
13.737 3.0977 3.8675 83 49 24
13.765 3.076 3.8383 83 52 24
13.737 3.084 3.9 80 51 20
13.72 3.0509 3.897 82 48 23
13.784 3.0399 3.7393 79 45 18
13.676 3.1237 3.7206 80 46 9
13.617 3.1209 3.7726 77 46 16
13.625 3.1488 3.8086 79 46 13
13.679 3.0503 3.8875 79 47 24
13.625 3.1366 3.7108 77 42 22
13.732 3.0643 3.833 86 50 26
13.637 3.1468 3.7816 79 44 14
13.683 3.1013 3.7547 79 45 20
13.739 3.0404 3.8679 83 47 21
13.746 3.0453 3.8362 86 50 26
13.608 3.0361 3.8653 74 42 21
13.613 3.0147 3.9001 58 27 15
13.596 3.0107 3.8299 52 25 0
13.578 3.0495 3.7928 62 32 14
13.583 3.1113 3.7638 78 46 7
13.521 3.0882 3.8785 51 29 6
13.572 3.03 3.8573 49 27 6
13.574 3.1639 3.794 79 46 15
13.598 3.0635 3.8308 76 45 15
13.599 3.0486 3.731 69 39 5
13.651 3.0328 3.8755 78 49 18
13.604 3.0268 3.7645 64 33 12
13.57 3.1156 3.7934 74 44 20
13.6 2.9902 3.728 51 27 0
13.607 3.0928 3.7366 77 43 14
13.64 3.0624 3.8415 81 50 22
13.566 3.0234 3.7552 50 24 0
13.574 2.9535 3.753 48 24 14
13.574 2.9701 3.8549 52 28 16
13.545 2.9817 3.781 52 27 7
13.55 2.8709 3.8792 54 29 6
13.556 2.9061 3.7799 51 26 6
13.565 2.9089 3.8853 53 26 15
13.533 3.0565 3.7824 49 25 0
13.552 2.8967 3.8141 51 27 0
13.538 2.9034 3.8437 55 29 12
13.575 2.9081 3.8553 52 27 5
13.557 2.9795 3.8845 51 27 13
13.566 2.9792 3.7188 49 24 4
13.527 2.9629 3.7419 48 26 3
13.558 3.0062 3.8205 51 26 4
13.549 2.9605 3.8162 49 28 0
13.52 2.806 3.8349 51 27 1
13.553 2.7234 3.9136 48 31 5
13.552 2.7407 3.8762 50 28 5
13.569 2.8262 3.9185 51 29 6
13.57 2.7919 3.8479 54 31 13
13.549 2.7763 3.8057 51 26 6
13.584 2.686 3.7389 51 27 0
13.55 2.8056 3.7367 50 26 12
13.522 2.9106 3.7382 49 28 1
13.547 2.7286 3.7686 48 26 13
13.464 2.8309 3.8228 47 27 3
13.552 2.7044 3.8046 48 27 8
13.531 2.8186 3.7699 51 26 4
13.523 2.8494 3.8713 52 27 7
13.563 2.8186 3.8123 51 26 4
13.535 2.8759 3.7726 51 27 0
13.56 2.7778 3.9145 54 25 4
13.533 2.5489 3.9031 47 22 15
13.541 2.5848 3.7966 45 24 7
13.545 2.5949 3.761 46 26 1
13.567 2.5966 3.8398 45 24 5
13.537 2.5188 3.7924 48 27 6
13.572 2.5723 3.8758 48 21 10
13.557 2.6651 3.8766 48 26 2
13.568 2.6484 3.8787 48 26 2
13.552 2.6532 3.7665 50 25 2
13.532 2.5828 3.8319 48 27 6
13.54 2.5537 3.8691 47 23 9
13.499 2.6003 3.7503 47 28 0
13.544 2.6019 3.9082 46 24 1
13.586 2.548 3.8798 48 21 10
13.555 2.6519 3.9129 50 28 5
13.532 2.6688 3.798 49 27 6
13.537 2.526 3.9403 46 25 4
13.509 2.4605 3.8556 46 27 11
13.528 2.4688 3.937 45 27 15
13.516 2.3349 3.9339 44 26 16
13.503 2.377 3.8931 44 22 7
13.509 2.493 3.7862 48 26 5
13.515 2.3719 3.8573 48 25 7
13.591 2.2719 3.7944 45 22 4
13.509 2.5108 3.7481 47 27 2
13.497 2.5717 3.8201 47 25 10
13.573 2.2868 3.8289 44 27 1
13.525 2.449 3.8256 47 24 6
13.539 2.372 3.9391 45 25 14
13.535 2.3979 3.9009 47 26 7
13.477 2.4916 3.7418 45 25 1
13.494 2.4624 3.7407 45 25 1
13.555 2.4376 3.9076 45 24 7
13.532 2.4947 3.8654 47 24 16
13.501 2.1819 3.9622 44 25 8
13.48 2.3229 3.9218 46 25 8
13.486 2.2178 3.7639 48 27 0
13.521 2.2276 3.971 45 24 5
13.443 2.2467 3.8722 43 24 7
13.46 2.315 3.839 48 27 10
13.457 2.2012 3.9127 42 25 5
13.51 2.2012 3.8909 49 26 10
13.516 2.3094 3.8126 44 26 6
13.548 2.2687 3.7838 46 25 0
13.433 2.3826 3.7955 43 25 3
13.487 2.2994 3.7687 49 28 7
13.488 2.1774 3.842 42 24 4
13.504 2.295 3.8892 44 25 8
13.483 2.2051 3.8019 43 24 10
13.474 2.3694 3.8444 45 27 3
13.466 2.268 3.9172 45 24 5
13.453 2.1038 3.9528 43 26 16
13.503 2.0601 3.8449 43 26 0
13.424 2.1116 3.8647 45 24 5
13.398 2.1078 3.9722 46 28 6
13.418 2.071 3.7809 44 23 0
13.465 2.1669 3.9566 48 25 7
13.483 2.081 3.8788 43 26 0
13.458 2.1118 3.9151 43 25 3
13.423 2.0931 3.9036 45 25 0
13.45 2.0774 3.8318 44 27 0
13.45 2.1967 3.9525 48 25 7
13.499 2.1069 3.7638 45 24 0
13.473 2.0492 3.7951 46 22 8
13.453 2.1791 3.7947 45 25 0
13.437 2.0458 3.9469 44 26 6
13.338 1.9576 3.958 45 22 16
13.347 1.9372 3.9616 45 22 16
13.38 2.0384 3.8108 41 24 0
13.351 1.9479 3.9226 37 16 0
13.38 1.9996 3.8895 47 24 8
13.378 2.0246 3.8489 44 28 5
13.408 1.9945 3.9772 47 25 14
13.386 1.9864 3.8906 47 24 8
13.37 1.9862 3.7634 46 29 1
13.214 1.9254 3.9626 54 27 18
14.565 3.1946 3.7409 73 44 13
14.705 2.9066 3.7719 79 50 18
14.749 2.9272 3.6138 77 42 22
14.747 2.9795 3.6262 74 43 12
14.763 2.9811 3.5851 73 43 9
14.754 2.9283 3.7456 81 46 26
14.697 2.9224 3.6054 76 46 10
14.657 2.907 3.5973 77 44 9
14.615 2.8319 3.7477 82 46 20
14.541 2.9568 3.7456 82 49 18
14.595 2.9204 3.7084 80 46 9
14.515 2.9374 3.5756 77 42 22
14.631 2.9381 3.7215 80 48 10
14.558 2.895 3.5776 77 42 22
14.558 2.9329 3.6235 79 46 5
14.618 2.8905 3.5861 77 42 12
14.672 2.9147 3.6847 79 43 17
14.625 2.8994 3.5452 74 43 12
14.601 2.8761 3.6642 81 46 16
14.577 2.8846 3.7027 85 48 12
14.363 2.9769 3.7096 76 45 14
14.354 2.9177 3.7413 75 45 17
14.454 2.8993 3.6799 80 47 6
14.412 2.919 3.5912 74 44 20
14.552 2.8549 3.6919 83 47 5
14.402 2.9132 3.6312 77 41 17
14.546 2.8526 3.5672 76 43 10
14.544 2.8935 3.6101 75 43 20
14.473 2.8714 3.5584 77 43 14
14.53 2.8924 3.6511 76 46 10
14.576 2.831 3.6933 83 47 5
14.411 2.9128 3.7518 80 48 9
14.385 2.9162 3.669 77 44 13
14.574 2.8176 3.7355 80 47 16
14.393 2.8919 3.707 73 42 21
14.449 2.9345 3.6021 77 45 7
14.42 2.8711 3.5463 71 41 7
14.435 2.9332 3.639 78 44 6
14.151 3.019 3.5953 73 45 18
14.157 2.9676 3.705 77 43 16
14.23 2.9567 3.6788 69 39 1
14.26 2.9695 3.5709 74 41 10
14.264 2.92 3.6803 69 39 1
14.312 2.9526 3.6201 76 43 12
14.359 2.9193 3.5851 76 46 22
14.282 2.9158 3.6445 75 42 9
14.295 2.8719 3.7227 72 43 12
14.263 2.9116 3.5652 70 39 18
14.326 2.923 3.6587 74 42 17
14.164 2.9747 3.6678 73 43 9
14.217 2.9322 3.6344 74 43 12
14.27 2.9523 3.7274 74 40 15
14.262 2.9756 3.6896 72 41 10
14.285 2.9276 3.6077 72 40 15
14.122 2.968 3.6609 78 43 14
14.042 2.9792 3.5698 78 44 15
14.205 2.9192 3.558 74 42 19
14.001 2.9825 3.6692 79 45 8
14.028 2.9807 3.6058 78 45 12
14.169 2.9303 3.6262 74 44 6
14.078 2.9929 3.5768 73 42 14
14.001 3.0516 3.6445 77 46 15
14.155 2.9554 3.7369 76 47 16
14.016 3.0049 3.7151 83 48 26
14.017 3.018 3.6806 81 46 24
14.15 2.9656 3.5924 74 44 18
14.048 2.9428 3.6401 77 44 13
14.069 2.9982 3.7274 81 47 20
14.083 3.0013 3.5406 75 45 9
14.05 2.9849 3.5358 76 43 8
14.126 2.9479 3.6955 75 43 22
14.135 2.9132 3.6172 77 44 13
13.835 3.0449 3.7138 82 48 23
13.83 3.0541 3.5737 76 46 12
13.922 3.062 3.6994 77 47 23
13.888 3.0337 3.7257 80 48 25
13.81 3.0498 3.6423 83 46 14
13.896 3.0416 3.5496 77 45 22
13.897 3.0372 3.6922 79 47 22
13.906 3.07 3.59 76 44 6
13.835 3.0874 3.6139 76 44 19
13.863 2.9978 3.6105 78 45 0
13.918 2.9721 3.6552 81 48 3
13.905 3.0708 3.5895 76 44 6
13.928 3.0575 3.5583 74 45 14
13.899 3.035 3.6931 79 47 22
13.917 3.0428 3.624 76 44 23
13.874 3.0548 3.5821 76 45 14
13.792 3.1113 3.6775 81 49 24
13.824 3.0757 3.5405 76 44 5
13.903 3.0448 3.6583 78 43 13
13.707 3.0982 3.6919 78 46 21
13.708 3.0699 3.6195 74 44 20
13.731 3.1096 3.5942 76 46 20
13.781 3.0577 3.7061 78 49 18
13.778 3.0751 3.6721 78 47 19
13.659 3.107 3.5449 74 43 15
13.676 3.0568 3.6108 77 44 13
13.714 3.091 3.5538 78 44 15
13.67 3.0923 3.6818 77 45 20
13.659 3.1195 3.6472 77 44 9
13.712 3.0786 3.5867 76 45 1
13.79 3.0201 3.6307 80 46 19
13.727 3.0867 3.6601 80 46 19
13.801 3.049 3.5304 76 44 21
13.773 3.0703 3.5643 76 45 14
13.618 3.1479 3.575 76 42 13
13.583 3.0845 3.6962 73 41 18
13.568 3.1198 3.5277 76 40 16
13.582 3.1269 3.6001 74 41 10
13.629 3.0775 3.5702 76 46 20
13.603 3.0291 3.6291 69 41 10
13.515 3.1236 3.5508 60 28 3
13.622 3.1011 3.6737 79 46 13
13.603 3.0852 3.6342 72 43 0
13.6 3.116 3.7019 76 45 14
13.583 3.0286 3.6915 55 25 7
13.589 3.0054 3.589 46 24 1
13.646 3.0819 3.6427 76 46 12
13.577 3.0504 3.6585 54 25 3
13.558 3.1329 3.6619 75 40 20
13.565 3.1234 3.5267 76 40 16
13.621 3.1033 3.5364 74 43 22
13.599 3.048 3.5958 74 41 8
13.574 3.0973 3.5588 71 38 5
13.57 2.9436 3.6471 49 25 0
13.581 2.9568 3.5823 50 25 5
13.564 2.9667 3.6108 50 24 7
13.537 2.903 3.7056 50 28 5
13.554 2.9519 3.6788 49 27 6
13.508 2.958 3.5318 50 28 4
13.568 2.9009 3.6085 52 27 4
13.557 2.933 3.7127 49 27 6
13.574 2.9968 3.6515 49 21 10
13.547 3.0506 3.6136 49 23 6
13.564 2.8765 3.6751 51 26 4
13.541 2.8948 3.5659 49 23 6
13.556 3.0089 3.6843 51 26 6
13.543 2.9528 3.5729 50 28 7
13.562 2.9996 3.5475 47 25 4
13.554 2.9375 3.7118 49 27 6
13.555 2.9059 3.6408 47 27 0
13.55 2.9573 3.5404 47 25 10
13.548 2.9162 3.6402 49 29 2
13.508 2.8212 3.6943 44 25 11
13.548 2.8044 3.5947 48 26 2
13.51 2.7986 3.584 51 26 4
13.535 2.7437 3.6225 49 27 4
13.527 2.8069 3.6615 48 26 3
13.543 2.8605 3.6342 50 28 4
13.528 2.8516 3.5577 52 27 5
13.525 2.8732 3.6669 51 28 10
13.507 2.8201 3.55 48 26 3
13.504 2.8237 3.55 48 26 3
13.525 2.825 3.6265 50 26 12
13.492 2.781 3.6868 50 24 10
13.514 2.7618 3.6538 51 27 0
13.536 2.8873 3.6002 51 24 15
13.515 2.8738 3.6991 50 28 5
13.535 2.8556 3.5251 48 26 2
13.515 2.8404 3.6259 50 26 12
13.522 2.5393 3.6393 46 25 4
13.536 2.5328 3.6029 45 23 2
13.536 2.6041 3.6114 47 26 5
13.53 2.647 3.5363 51 26 6
13.475 2.7428 3.6811 47 26 0
13.517 2.653 3.5724 52 25 16
13.533 2.663 3.6525 50 25 3
13.528 2.5841 3.6842 46 25 6
13.564 2.6494 3.7323 49 24 2
13.528 2.5687 3.7168 48 25 7
13.498 2.768 3.5431 49 31 11
13.538 2.6706 3.6166 47 25 1
13.534 2.5905 3.648 43 24 8
13.515 2.6011 3.5283 45 24 5
13.513 2.5882 3.566 47 27 3
13.557 2.5918 3.7248 45 23 0
13.509 2.7347 3.5808 48 26 3
13.424 2.5281 3.6906 49 26 8
13.445 2.508 3.6563 46 23 5
13.517 2.4739 3.6291 47 25 2
13.507 2.4319 3.5871 45 22 6
13.511 2.442 3.5492 43 22 1
13.466 2.5275 3.7027 50 25 2
13.515 2.4588 3.6693 47 26 5
13.543 2.4694 3.7163 49 26 8
13.46 2.456 3.5408 44 23 2
13.524 2.519 3.6756 46 28 4
13.517 2.508 3.5579 42 23 9
13.537 2.3595 3.6266 47 25 4
13.524 2.4772 3.5964 48 26 2
13.449 2.4658 3.7303 47 29 7
13.485 2.3915 3.5807 46 25 4
13.499 2.4458 3.586 45 22 6
13.454 2.2871 3.5604 45 24 5
13.466 2.2757 3.7225 48 26 15
13.459 2.3058 3.6837 48 26 5
13.462 2.4167 3.6142 46 25 0
13.415 2.4526 3.718 46 24 13
13.433 2.2542 3.7135 47 25 4
13.469 2.369 3.69 47 25 4
13.468 2.3066 3.6478 47 28 0
13.491 2.1798 3.6421 49 25 11
13.452 2.2365 3.6758 45 25 0
13.429 2.3979 3.6063 46 24 0
13.514 2.2586 3.572 47 24 6
13.47 2.2391 3.6015 46 26 0
13.442 2.2362 3.7147 47 25 4
13.475 2.3576 3.6901 47 25 4
13.489 2.3488 3.6554 46 24 3
13.423 2.4447 3.5272 47 26 5
13.438 2.1584 3.7074 48 26 5
13.427 2.1101 3.6638 46 25 4
13.377 2.1754 3.7341 47 25 4
13.455 2.0734 3.6253 43 25 5
13.421 2.0895 3.5336 47 25 4
13.421 2.0697 3.5764 42 24 2
13.394 2.3009 3.5894 44 27 0
13.431 2.0836 3.7035 47 24 16
13.4 2.204 3.5846 46 23 5
13.469 2.1157 3.6715 44 24 0
13.462 2.0973 3.5461 45 24 5
13.4 2.0938 3.6148 45 24 5
13.447 2.178 3.6308 46 24 1
13.451 2.2074 3.5542 46 25 8
13.319 2.135 3.6786 46 25 6
13.363 2.0202 3.7232 44 23 2
13.319 2.0057 3.5478 34 18 0
13.339 2.0929 3.6806 46 25 6
13.343 2.048 3.5558 47 24 6
14.723 2.9444 3.4868 76 45 14
14.499 2.983 3.4944 76 45 17
14.569 2.923 3.3322 73 41 3
14.598 2.9176 3.4199 74 44 20
14.542 3.0087 3.4681 72 43 12
14.693 2.9198 3.4776 74 44 10
14.41 3.062 3.3779 69 38 17
14.567 2.9328 3.4581 73 44 22
14.622 2.9259 3.3389 74 42 19
14.635 2.9358 3.4301 75 44 24
14.588 2.9956 3.389 75 44 16
14.486 2.9052 3.4375 75 44 24
14.513 2.8534 3.3506 74 44 16
14.45 2.9252 3.4766 75 44 23
14.427 2.9259 3.3893 72 43 9
14.467 2.9387 3.4006 71 42 18
14.366 2.942 3.5085 73 41 18
14.485 2.9516 3.3245 65 34 3
14.497 2.9238 3.363 68 38 4
14.333 2.9673 3.3848 75 45 19
14.489 2.9551 3.4485 71 42 21
14.473 2.8868 3.5164 75 45 21
14.433 2.8794 3.3437 74 40 15
14.425 2.9279 3.3901 72 43 9
14.383 2.9389 3.4727 76 44 21
14.432 2.9512 3.3123 69 38 17
14.432 2.9815 3.5257 75 45 21
14.508 2.9212 3.4857 70 42 13
14.485 2.9511 3.3261 65 34 3
14.139 3.0081 3.5162 77 44 13
14.24 2.9426 3.4047 71 42 8
14.199 2.9566 3.4794 77 42 23
14.274 2.9454 3.4512 77 45 20
14.256 2.9406 3.3676 72 41 20
14.302 2.9549 3.4967 76 45 15
14.247 2.9598 3.4874 75 45 11
14.272 2.9169 3.527 75 43 4
14.299 2.9435 3.5351 74 39 20
14.438 2.8183 3.332 73 41 20
14.217 2.9962 3.3346 71 40 19
14.209 2.9514 3.318 72 39 20
14.179 2.9687 3.3606 68 39 17
14.257 2.9936 3.3757 71 41 15
14.227 3.0097 3.4173 74 42 21
14.208 2.9625 3.4414 71 41 17
13.998 3.0053 3.4882 74 43 22
13.973 3.0375 3.3419 71 40 20
14.017 3.0124 3.4205 71 40 19
13.957 3.0958 3.3858 72 42 18
14.109 3.0166 3.4356 71 41 13
14.055 2.9983 3.3455 70 39 19
14.114 3.0261 3.397 72 43 11
14.016 2.9987 3.4531 72 43 21
14.133 2.9604 3.5062 74 44 20
14.078 2.9969 3.4271 72 41 21
14.131 2.9772 3.473 80 46 19
13.949 3.0472 3.5227 76 45 15
14.118 2.937 3.4618 77 45 24
14.055 2.9977 3.3453 70 39 19
14.153 2.928 3.3858 72 40 17
14.055 2.9938 3.4963 74 44 16
14.092 3.0109 3.3506 72 39 20
13.886 3.0682 3.5132 75 46 15
13.895 3.075 3.3328 70 39 8
13.877 3.0928 3.4804 76 44 19
13.788 3.0935 3.4636 78 47 27
13.923 3.0527 3.4453 74 43 15
13.88 3.079 3.3703 76 43 12
13.884 3.0597 3.4021 77 42 23
13.84 3.0731 3.3596 74 42 21
13.84 3.0727 3.3595 74 42 21
13.938 3.0498 3.4108 73 42 21
13.888 3.0405 3.4363 74 42 17
13.802 3.0909 3.4295 75 43 18
13.853 3.0427 3.3925 72 41 20
13.79 3.0768 3.4937 76 45 15
13.833 3.0789 3.5062 74 43 15
13.964 3.0343 3.375 70 41 19
13.886 3.0288 3.4713 79 50 19
13.882 3.0369 3.3233 72 41 10
13.693 3.0785 3.3723 76 42 13
13.656 3.0842 3.4712 77 47 13
13.774 3.0442 3.3433 73 42 12
13.72 3.0707 3.4478 75 46 15
13.759 3.0464 3.5243 76 45 17
13.715 3.0619 3.4828 78 48 14
13.685 3.0744 3.4055 75 42 23
13.666 3.1278 3.3403 73 42 11
13.708 3.1005 3.4134 74 45 11
13.726 3.1318 3.4231 75 44 16
13.787 3.0697 3.3871 75 43 18
13.764 3.0552 3.4902 76 46 12
13.681 3.0657 3.4381 76 44 21
13.692 3.0782 3.5148 75 44 14
13.74 3.0739 3.3796 76 44 19
13.768 3.0645 3.4552 76 46 20
13.8 3.0665 3.354 74 43 15
13.596 3.1226 3.4328 75 43 22
13.591 3.0745 3.423 74 42 21
13.597 3.0938 3.4957 77 43 18
13.627 3.0962 3.3981 76 44 21
13.576 3.0808 3.4566 73 41 16
13.648 3.082 3.3637 74 44 20
13.612 3.0877 3.4643 72 43 19
13.569 3.0332 3.4478 50 24 0
13.561 3.1287 3.3914 72 42 16
13.58 3.0604 3.4876 70 41 19
13.651 3.0766 3.5042 76 44 19
13.669 3.0677 3.3287 72 39 20
13.557 3.078 3.5209 60 31 7
13.578 3.0631 3.3496 69 41 14
13.579 3.0338 3.415 53 24 0
13.588 3.1062 3.3581 72 42 14
13.594 3.026 3.3809 66 36 12
13.537 2.9296 3.4992 50 24 1
13.541 2.9385 3.4656 50 27 11
13.524 2.994 3.398 48 26 3
13.563 2.9972 3.4063 52 26 12
13.528 3.0037 3.5063 46 26 2
13.531 2.9691 3.4319 51 26 6
13.532 3.0564 3.3755 49 22 5
13.546 2.9763 3.3643 51 26 4
13.536 2.9296 3.3543 52 28 16
13.546 2.9926 3.473 52 27 7
13.564 2.9807 3.4384 48 24 10
13.578 3.0054 3.4808 40 20 0
13.569 3.0043 3.5138 45 25 1
13.542 2.9054 3.3871 50 25 3
13.571 3.0156 3.3395 44 22 0
13.54 3 3.3288 45 24 5
13.518 2.8326 3.4811 51 29 14
13.517 2.8195 3.5165 48 27 0
13.507 2.8157 3.4038 49 26 8
13.532 2.8913 3.4572 49 26 10
13.495 2.9149 3.3812 48 25 9
13.512 2.7922 3.4412 54 26 12
13.517 2.817 3.37 51 25 8
13.542 2.812 3.4475 52 24 11
13.546 2.8537 3.4918 51 27 13
13.498 2.7837 3.5082 51 26 3
13.498 2.8951 3.4133 49 25 11
13.504 2.786 3.3261 47 23 9
13.512 2.8265 3.5164 48 27 0
13.537 2.8986 3.4232 53 27 10
13.548 2.8515 3.4914 51 27 13
13.51 2.8422 3.3363 50 29 12
13.537 2.8663 3.3457 47 24 8
13.498 2.7992 3.473 52 29 13
13.502 2.6172 3.3735 47 23 9
13.517 2.7179 3.4284 51 30 3
13.516 2.5769 3.4116 43 25 5
13.512 2.656 3.4219 49 20 12
13.502 2.6552 3.4583 48 26 11
13.564 2.6251 3.467 49 25 11
13.553 2.6217 3.3477 48 24 10
13.492 2.6569 3.4931 43 25 11
13.555 2.622 3.5028 50 26 0
13.506 2.7143 3.3139 48 26 3
13.501 2.759 3.3979 49 28 11
13.504 2.7704 3.3599 50 27 11
13.521 2.603 3.3386 48 28 4
13.51 2.5712 3.447 47 25 4
13.532 2.6396 3.3832 48 28 1
13.488 2.4921 3.3563 46 24 11
13.508 2.4051 3.464 49 28 1
13.505 2.3924 3.5057 47 24 8
13.472 2.4435 3.343 45 26 12
13.517 2.5246 3.5207 47 26 5
13.505 2.5389 3.3648 46 24 9
13.543 2.4212 3.4752 49 28 1
13.502 2.4756 3.513 44 26 4
13.48 2.4465 3.305 44 23 6
13.499 2.5319 3.4043 45 26 12
13.477 2.4959 3.39 48 25 7
13.499 2.4917 3.318 45 25 0
13.482 2.4682 3.4282 47 25 4
13.473 2.4249 3.3809 46 24 11
13.514 2.5404 3.3281 45 27 13
13.492 2.5272 3.4397 46 26 2
13.464 2.5182 3.391 48 25 7
13.45 2.4488 3.4194 47 25 14
13.518 2.5403 3.4839 48 30 10
13.446 2.3219 3.521 47 24 6
13.476 2.2543 3.3596 42 25 5
13.474 2.2771 3.3208 43 25 3
13.431 2.2838 3.4756 47 25 12
13.472 2.3085 3.4459 45 22 6
13.475 2.3572 3.3351 47 26 7
13.482 2.2037 3.4373 45 24 5
13.476 2.2535 3.3596 42 25 5
13.43 2.4667 3.4586 47 24 6
13.471 2.3916 3.4576 46 27 10
13.491 2.2912 3.4088 43 25 13
13.439 2.25 3.5171 46 25 8
13.44 2.2384 3.3493 43 24 10
13.492 2.3356 3.4982 49 26 10
13.457 2.272 3.3997 44 23 2
13.496 2.2454 3.486 48 27 10
13.428 2.271 3.5156 46 25 8
13.431 2.2728 3.3144 47 23 11
13.476 2.3387 3.3686 45 24 5
13.425 2.14 3.4174 45 24 5
13.45 2.1611 3.4677 42 23 6
13.408 2.1237 3.3267 43 20 12
13.435 2.1784 3.2969 45 23 0
13.442 2.1566 3.5065 47 26 7
13.442 2.2137 3.3911 44 23 2
13.428 2.0954 3.497 48 26 13
13.427 2.1179 3.4573 42 26 3
13.38 2.1431 3.4072 43 25 11
13.391 2.2295 3.38 43 24 10
13.405 2.2199 3.3423 43 24 10
13.433 2.2132 3.4272 43 25 3
13.395 2.0714 3.483 49 25 15
13.312 2.1009 3.3891 43 24 10
13.339 2.1557 3.3593 44 22 11
13.369 2.0926 3.3575 44 22 11
13.341 2.0582 3.3488 45 22 6
13.117 2.0622 3.347 41 23 3
13.148 2.0059 3.3018 38 20 6
14.565 2.9649 3.0841 67 39 12
14.597 2.9573 3.1716 71 42 11
14.549 3.0175 3.1377 69 37 12
14.53 2.9527 3.2049 69 40 0
14.613 2.8964 3.2889 71 42 11
14.542 2.9947 3.215 68 44 8
14.653 2.9424 3.2201 70 39 11
14.62 2.9431 3.3009 73 41 3
14.483 2.9067 3.1414 67 38 4
14.457 2.917 3.1862 67 39 10
14.441 2.8781 3.1739 71 42 10
14.519 2.8947 3.2323 64 34 6
14.429 3.0283 3.125 67 39 12
14.424 2.9257 3.1022 75 45 21
14.421 2.923 3.2677 69 37 12
14.538 2.93 3.2405 63 35 8
14.378 2.9518 3.3047 71 38 21
14.313 3.024 3.1498 71 37 10
14.471 2.9334 3.1062 76 46 22
14.498 2.9459 3.1551 61 33 4
14.406 2.9535 3.2295 71 38 7
14.481 2.9471 3.1962 58 30 1
14.204 3.0165 3.1748 70 37 20
14.205 3.0303 3.1368 70 41 1
14.217 3.0109 3.301 70 41 10
14.426 2.8691 3.0842 76 46 12
14.3 2.9536 3.212 70 41 9
14.171 2.9985 3.1634 69 40 19
14.212 2.9626 3.2836 69 36 19
14.255 2.9313 3.2418 68 37 9
14.342 2.8944 3.2506 72 37 15
14.337 2.9455 3.1347 71 37 12
14.365 2.9402 3.2224 73 41 3
14.281 2.919 3.2027 70 36 7
14.319 2.9492 3.1763 69 38 10
14.406 2.8833 3.256 72 42 8
14.21 2.9701 3.1237 79 48 20
14.335 2.907 3.083 79 45 16
14.37 2.9048 3.2972 68 37 6
13.933 3.0986 3.3088 72 38 9
14.1 2.9818 3.111 76 43 10
13.997 3.0392 3.2679 69 38 8
14.1 2.9921 3.2342 69 39 15
14.129 2.9849 3.316 69 33 17
14.157 2.9733 3.1168 78 46 23
14.187 2.9655 3.2022 68 39 7
14.123 2.9957 3.1561 64 35 4
13.988 3.0394 3.1505 70 40 6
14.13 2.973 3.193 70 39 9
14.056 3.0017 3.1883 69 42 9
14.043 3.0416 3.2732 68 37 9
14.117 2.9467 3.1467 68 39 0
14.057 2.9854 3.2273 72 38 9
14.008 3.0303 3.112 77 45 22
14.198 2.9382 3.2353 67 35 12
14.12 3.0095 3.2804 70 41 10
14.102 2.9593 3.3066 70 40 14
13.864 3.0616 3.1742 73 43 9
13.813 3.0946 3.2484 72 39 8
13.892 3.0419 3.1364 69 39 13
13.955 3.0068 3.1815 69 38 8
13.877 3.001 3.2776 72 39 6
14.009 2.985 3.2194 68 37 7
13.83 3.0442 3.317 73 42 14
13.852 3.1008 3.2563 70 40 6
13.819 3.0609 3.166 71 37 8
14.007 3.0022 3.184 71 41 27
13.941 3.0351 3.2941 70 39 9
13.878 3.0291 3.2077 73 42 11
13.96 3.0164 3.1435 70 37 6
13.867 3.0688 3.29 70 40 14
13.899 3.0597 3.2164 72 39 8
13.846 3.042 3.1312 72 39 4
13.955 3.0337 3.2576 66 35 14
13.71 3.0725 3.1948 72 41 20
13.729 3.0623 3.1575 73 40 7
13.67 3.0952 3.263 73 42 11
13.718 3.0887 3.2694 72 40 15
13.736 3.0801 3.2328 74 41 6
13.779 3.096 3.2075 71 39 14
13.736 3.107 3.3133 73 39 12
13.802 3.0405 3.1247 73 42 21
13.775 3.0718 3.2758 74 40 11
13.665 3.0873 3.2967 71 40 10
13.718 3.0745 3.3034 73 40 5
13.707 3.1053 3.1263 76 41 11
13.656 3.0995 3.2972 71 40 10
13.77 3.0927 3.2411 71 41 7
13.689 3.0855 3.2288 73 39 14
13.776 3.0586 3.1619 72 40 15
13.681 3.0684 3.151 72 41 11
13.783 3.0353 3.1963 73 42 14
13.582 3.087 3.1396 70 40 14
13.553 3.112 3.1763 67 38 7
13.582 3.1151 3.2178 71 38 5
13.657 3.0709 3.221 61 30 0
13.551 3.1431 3.2546 67 36 8
13.685 3.048 3.1822 69 39 15
13.596 3.1105 3.1835 70 37 6
13.651 3.0493 3.2873 70 38 17
13.588 3.1208 3.3263 74 41 8
13.548 3.1338 3.2873 70 36 7
13.625 3.0861 3.1465 72 38 9
13.651 3.0649 3.2541 69 37 16
13.561 3.0585 3.2742 55 27 0
13.554 3.1114 3.3184 69 39 15
13.548 3.0909 3.2436 72 39 4
13.559 3.0899 3.2093 69 36 17
13.577 3.036 3.1268 66 40 17
13.624 3.0873 3.1456 72 38 9
13.551 3.028 3.2323 43 22 1
13.561 2.9542 3.217 45 24 7
13.554 3.0382 3.1984 49 24 0
13.511 2.9968 3.2905 51 27 1
13.544 2.9635 3.2529 44 24 0
13.527 3.0924 3.3081 55 25 1
13.552 2.9208 3.3197 46 24 1
13.568 2.9741 3.2954 47 21 6
13.507 2.9722 3.2138 46 23 5
13.538 2.9556 3.1411 46 26 2
13.551 3.013 3.2641 45 22 4
13.538 3.0016 3.1873 45 27 5
13.557 2.9897 3.1524 43 23 0
13.559 3.0454 3.1664 63 35 6
13.511 2.9814 3.1783 46 23 5
13.505 2.8315 3.2245 50 25 5
13.525 2.8351 3.3008 48 26 3
13.479 2.9213 3.2706 47 22 0
13.519 2.8571 3.1192 45 25 0
13.474 2.9602 3.2064 48 26 2
13.474 2.896 3.1924 47 23 11
13.51 2.9205 3.1662 47 22 2
13.512 2.917 3.1661 47 22 2
13.512 2.7897 3.2894 47 25 2
13.507 2.7943 3.1399 47 25 2
13.497 2.9248 3.2025 48 26 2
13.518 2.8443 3.1506 47 26 5
13.536 2.914 3.2434 47 23 11
13.471 2.8705 3.2592 48 26 2
13.533 2.8869 3.3101 50 25 5
13.494 2.9613 3.2786 51 24 3
13.517 2.9255 3.1317 46 26 2
13.526 2.8651 3.2326 47 27 0
13.512 2.7381 3.2423 51 25 11
13.53 2.6216 3.2657 46 24 1
13.468 2.79 3.1318 46 24 1
13.52 2.6543 3.2295 48 26 2
13.508 2.5683 3.2928 45 23 12
13.525 2.6628 3.1916 47 25 1
13.492 2.6075 3.1001 44 22 0
13.487 2.6375 3.2224 41 23 3
13.529 2.5834 3.1801 43 21 8
13.555 2.6844 3.2018 47 26 9
13.498 2.6694 3.1123 43 23 0
13.493 2.7516 3.2801 51 26 4
13.553 2.5653 3.2997 45 24 3
13.531 2.5462 3.2552 44 24 0
13.568 2.6099 3.1516 50 25 5
13.502 2.6473 3.1469 47 22 2
13.588 2.6488 3.1616 50 25 3
13.462 2.4546 3.184 40 21 4
13.465 2.5091 3.2331 44 24 0
13.483 2.5719 3.2079 47 21 7
13.477 2.5638 3.248 41 23 3
13.49 2.5013 3.1582 42 23 6
13.549 2.4147 3.1081 43 22 1
13.494 2.4407 3.2674 45 23 8
13.521 2.5466 3.2908 41 26 0
13.453 2.4527 3.2222 44 22 0
13.545 2.5002 3.1267 41 23 0
13.465 2.4679 3.1438 43 22 3
13.455 2.4663 3.1849 40 21 4
13.473 2.5122 3.1958 44 21 5
13.492 2.4371 3.1039 42 22 0
13.517 2.4774 3.2767 42 24 4
13.53 2.4667 3.0753 43 25 3
13.521 2.523 3.1693 41 22 5
13.441 2.2442 3.1442 40 21 5
13.452 2.3279 3.119 43 19 5
13.467 2.3459 3.2066 45 21 7
13.445 2.2658 3.2737 40 18 0
13.46 2.3783 3.1683 40 23 5
13.46 2.2565 3.2326 44 20 6
13.461 2.42 3.2569 46 25 4
13.459 2.343 3.246 42 24 4
13.478 2.2886 3.2807 39 19 0
13.424 2.3988 3.0873 45 22 6
13.482 2.2043 3.054 43 23 0
13.447 2.3005 3.1957 43 21 6
13.449 2.3151 3.1556 43 22 5
13.448 2.2502 3.1021 41 24 0
13.47 2.3782 3.1298 42 22 0
13.435 2.4505 3.2976 42 23 6
13.463 2.4082 3.0944 45 25 0
13.421 2.1161 3.2838 40 22 2
13.389 2.171 3.1205 41 20 0
13.354 2.273 3.2559 44 23 4
13.39 2.1082 3.2364 43 22 5
13.36 2.1394 3.1063 41 21 0
13.385 2.1578 3.1569 43 25 5
13.447 2.2141 3.1804 45 24 5
13.414 2.189 3.1731 42 18 4
13.438 2.1918 3.258 44 21 5
13.414 2.2097 3.1315 44 26 4
13.424 2.1512 3.203 43 21 0
13.424 2.2099 3.0938 47 21 6
13.449 2.2094 3.1796 45 24 5
13.372 2.1332 3.0693 43 23 0
13.439 2.2104 3.2206 41 24 0
13.269 2.0861 3.2082 38 17 0
13.299 2.1152 3.2205 43 22 5
15.258 3.661 3.0632 60 35 13
14.527 3.1183 3.0774 69 41 4
14.532 2.9887 2.9546 66 37 13
14.576 2.9157 3.0251 69 39 13
14.44 3.0091 2.9965 68 39 15
14.453 2.9821 3.0328 63 35 8
14.301 3.1229 2.9324 64 33 12
14.485 2.935 3.0661 67 37 11
14.366 2.976 2.9782 75 43 18
14.47 2.8956 3.0524 75 45 7
14.451 2.9205 2.8834 67 36 5
14.481 2.9613 2.8565 65 36 4
14.305 3.0229 3.027 78 47 17
14.235 2.959 3.0815 77 44 11
14.33 2.928 3.045 77 42 20
14.38 2.8919 2.9964 79 45 16
14.276 2.9597 2.9672 76 42 15
14.249 2.9581 3.0431 80 47 16
14.159 3.0453 2.9329 48 23 0
14.335 2.9529 2.9712 75 43 22
14.183 2.99 3.001 77 42 20
14.252 2.9702 3.0034 77 42 20
14.341 2.9716 3.0587 78 44 19
14.25 2.8168 2.9183 71 41 7
13.977 3.0539 3.0008 75 43 18
14.09 2.9517 3.0648 77 44 13
14.106 2.9638 2.9856 74 43 12
14.081 2.9762 3.0288 77 46 18
14.16 2.9897 2.9193 49 24 1
14.128 2.9952 2.9967 72 42 8
14.103 3.0076 3.0408 77 45 22
14.148 2.9978 3.0827 75 45 9
14.259 2.8921 3.0255 76 44 21
14.108 3.0611 2.889 32 9 0
13.985 3.0753 2.9264 46 17 0
14.115 3.0243 2.9626 73 41 16
14.11 2.9854 3.073 75 43 20
14.017 3.0923 2.9357 41 15 0
13.919 3.0268 2.941 70 38 0
13.879 3.0459 3.0197 69 41 10
14.038 2.9689 3.0248 75 43 18
13.856 3.0327 2.9745 68 39 8
13.884 3.1088 3.0054 74 43 13
13.973 2.9743 3.05 72 42 18
14.018 2.9631 3.0951 74 43 12
13.977 2.9843 3.0219 74 45 13
13.908 3.1095 2.9277 39 18 0
13.908 3.0369 3.0983 69 37 16
13.871 3.0696 2.9864 67 35 10
13.916 3.0452 2.9095 69 37 12
13.859 3.0406 3.0925 69 39 15
13.874 3.0367 3.0555 68 39 17
14.039 2.9537 3.0576 75 43 18
13.836 3.1793 2.9767 68 36 11
13.858 3.0444 2.9413 65 35 7
13.839 3.082 2.9108 63 35 8
13.828 3.0806 2.9491 65 35 7
13.729 3.0933 2.9409 72 39 6
13.842 3.0343 3.0127 69 38 20
13.744 3.1013 3.0181 68 37 17
13.806 3.0086 3.0386 71 42 8
13.773 3.0225 2.9629 68 37 16
13.688 3.0882 3.0824 71 41 15
13.728 3.1475 3.1041 67 38 7
13.788 3.0743 2.9407 72 39 8
13.755 3.0581 3.0847 70 41 17
13.642 3.1615 3.0601 72 42 14
13.851 3.0235 3.0109 69 38 20
13.749 3.0386 3.0029 69 40 6
13.818 3.0491 3.0547 69 41 14
13.686 3.0777 2.9682 70 39 18
13.747 3.1108 2.9851 68 38 14
13.665 3.1194 2.9388 68 38 12
13.67 3.0966 3.1179 70 40 14
13.554 3.0965 3.0654 66 37 15
13.614 3.0727 3.0696 69 38 8
13.581 3.0449 3.096 66 37 16
13.555 3.1386 2.9704 71 38 3
13.661 3.0674 2.9253 73 38 18
13.655 3.1026 3.01 73 39 12
13.548 3.1335 3.0048 68 38 14
13.625 3.0718 3.0338 70 41 9
13.668 3.0419 3.1055 70 38 15
13.574 3.0544 2.9489 65 38 5
13.596 3.0825 3.1058 69 37 12
13.628 3.0532 2.9178 70 36 7
13.643 3.1052 3.0442 70 40 14
13.518 3.161 3.0429 67 37 9
13.654 3.0478 2.9945 70 38 13
13.646 3.0726 2.9609 70 39 11
13.65 3.0812 3.0751 68 39 15
13.538 3.0016 3.0418 44 23 6
13.54 2.9215 3.0603 49 23 8
13.607 2.9928 2.9748 65 34 13
13.571 3.0292 3.0166 54 23 2
13.536 2.9898 3.0757 43 19 5
13.633 2.9567 2.9677 65 34 13
13.517 3.0762 3.0936 39 20 4
13.531 2.9809 3.1077 41 19 0
13.539 2.9836 2.926 43 23 0
13.563 2.9332 2.9521 44 24 0
13.524 3.0809 3.0577 57 29 0
13.532 3.0556 3.0904 39 20 4
13.538 2.9393 3.0265 47 21 6
13.553 3.0098 3.1182 43 21 0
13.514 2.9591 2.9158 43 21 0
13.549 3.0002 3.0063 45 19 5
13.508 2.9984 3.0016 45 22 6
13.524 3.0507 2.9796 38 19 2
13.527 3.0616 2.945 43 18 0
13.496 2.8748 3.0041 46 23 5
13.495 2.9103 3.0874 50 24 7
13.566 2.7998 2.9202 43 21 0
13.504 2.959 3.1002 45 23 0
13.531 2.7733 3.1 48 21 4
13.52 2.8228 3.0337 46 24 3
13.537 2.7603 2.9448 45 24 7
13.543 2.7341 2.976 43 22 1
13.522 2.9155 2.9814 42 24 2
13.52 2.8877 3.0493 48 23 3
13.534 2.8326 2.9627 46 23 5
13.53 2.9196 2.9456 46 24 0
13.501 2.8351 3.072 47 21 4
13.527 2.8107 3.0319 46 24 3
13.528 2.7902 2.9119 45 24 3
13.528 2.8909 3.0129 49 22 13
13.529 2.6349 3.0721 47 22 0
13.51 2.7545 3.0566 46 23 5
13.468 2.7851 2.9806 44 22 1
13.393 2.7879 2.9348 41 19 0
13.618 2.4849 2.883 45 23 0
13.54 2.5778 2.9803 48 22 5
13.521 2.7525 3.0173 49 23 6
13.536 2.7095 2.8921 44 24 0
13.556 2.6077 3.0297 45 22 4
13.504 2.6225 3.0246 43 22 5
13.565 2.6455 2.9139 44 22 0
13.501 2.6948 2.8817 48 19 13
13.504 2.6564 2.9519 45 23 0
13.53 2.5606 3.0543 42 24 4
13.472 2.7632 3.0149 46 23 5
13.495 2.761 3.0924 46 23 5
13.668 2.4021 2.868 45 23 0
13.483 2.427 2.978 43 25 5
13.496 2.5198 2.9167 43 22 3
13.476 2.5012 3.0343 44 22 0
13.49 2.4332 2.9381 42 19 3
13.472 2.4842 2.903 45 22 6
13.497 2.5358 2.8805 41 22 5
13.456 2.4399 3.0574 43 22 5
13.495 2.4862 2.9918 45 24 0
13.487 2.5576 3.0508 47 24 6
13.485 2.5027 2.9948 45 24 0
13.489 2.4732 2.8627 44 23 6
13.505 2.4869 2.9527 43 22 3
13.496 2.5605 3.0107 44 23 4
13.46 2.6402 2.9827 45 24 7
13.528 2.5409 2.9265 43 19 5
13.52 2.3351 2.8305 42 22 0
13.484 2.4685 3.0673 43 22 5
13.478 2.4189 3.016 44 25 11
13.475 2.2093 2.8818 44 24 0
13.471 2.3035 2.9059 41 22 6
13.455 2.3141 2.9473 39 20 4
13.458 2.3474 2.8716 42 22 0
13.43 2.3416 2.9951 45 19 5
13.467 2.2519 3.0209 44 23 6
13.451 2.406 2.9638 44 20 8
13.478 2.3735 2.924 41 21 0
13.42 2.4264 3.0504 42 23 6
13.439 2.4083 3.0048 41 24 4
13.439 2.4011 2.8397 41 23 0
13.422 2.3309 2.8631 43 23 0
13.442 2.2338 2.968 41 22 6
13.419 2.2974 2.9343 42 21 4
13.385 2.2083 2.8704 42 22 0
13.38 2.1577 2.9876 45 22 6
13.412 2.2033 2.9584 44 24 0
13.4 2.2867 2.8501 43 21 0
13.4 2.2077 2.9993 42 20 5
13.408 2.2523 2.883 42 22 0
13.408 2.2317 2.9231 41 20 0
13.361 2.1248 2.9318 39 22 5
13.3 2.0981 3.0436 44 24 0
13.297 2.1243 3.0143 42 24 0
13.274 2.2695 3.037 40 21 5
14.537 2.9825 2.6485 68 39 18
14.586 3.0119 2.7559 72 43 11
14.504 3.0076 2.8303 67 38 7
14.529 2.9903 2.6508 68 39 15
14.348 3.0827 2.7573 67 37 13
14.442 2.9198 2.7526 58 27 6
14.411 2.9365 2.7923 35 13 2
14.425 2.9279 2.6159 41 24 7
14.449 2.9134 2.7517 58 27 6
14.226 3.031 2.7779 15 6 0
14.354 2.899 2.7347 9 0 0
14.415 2.9061 2.7052 31 4 0
14.385 2.9529 2.6679 38 15 0
14.295 3.0009 2.8043 9 6 0
13.925 3.1328 2.8201 22 12 10
14.092 2.9685 2.864 23 4 0
14.04 3.0162 2.7518 15 11 0
14.222 2.8244 2.6563 15 4 0
14.081 2.9955 2.8276 14 5 0
14.141 3.0143 2.7592 8 8 0
13.918 3.1942 2.8386 11 2 0
14.179 2.9166 2.7284 9 4 0
14.033 3.0533 2.6809 7 4 0
13.942 3.0169 2.7439 57 33 19
13.931 2.9855 2.8534 65 36 12
14.074 2.9321 2.8508 43 16 7
13.954 3.0294 2.8283 38 11 0
13.833 3.0768 2.7934 70 43 8
13.889 3.0238 2.7441 69 40 19
13.931 3.0419 2.8727 50 24 10
13.919 3.0294 2.7841 62 34 5
13.897 3.0286 2.7053 69 39 13
13.872 3.115 2.7329 36 12 0
13.932 3.0704 2.7999 37 15 0
13.969 3.0424 2.7508 34 15 9
13.897 3.0418 2.8277 66 35 15
13.899 3.0972 2.689 38 14 2
13.82 3.0785 2.8322 64 37 2
14.114 2.901 2.8042 39 17 4
14.095 2.9102 2.6786 33 15 1
13.7 3.0753 2.78 73 43 15
13.806 3.0249 2.8521 68 37 17
13.753 3.077 2.9011 68 39 7
13.761 3.0682 2.7443 69 39 11
13.83 3.0537 2.7071 70 41 9
13.697 3.0914 2.8998 68 37 6
13.76 3.0845 2.7127 70 39 8
13.666 3.1041 2.8234 70 41 10
13.822 3.0472 2.897 66 38 7
13.697 3.1063 2.8649 69 38 7
13.714 3.0863 2.7088 72 43 9
13.777 3.0758 2.8269 67 37 11
13.701 3.0873 2.7482 72 42 6
13.8 3.0758 2.7502 70 41 20
13.736 3.0853 2.7852 70 40 16
13.822 3.0345 2.7788 69 41 4
13.86 3.0143 2.8545 65 36 2
13.736 3.0713 2.8208 68 37 17
13.606 3.1124 2.8597 69 38 7
13.625 3.1013 2.8203 68 38 12
13.589 3.1212 2.749 72 44 4
13.589 3.0782 2.8465 68 37 7
13.653 3.0928 2.8947 72 39 6
13.597 3.096 2.7795 71 43 14
13.545 3.1241 2.8926 64 36 5
13.623 3.0754 2.8865 70 37 6
13.676 3.0635 2.7384 73 43 17
13.537 3.1062 2.812 70 41 7
13.52 3.1443 2.7872 71 42 20
13.591 3.0898 2.8126 68 39 17
13.507 3.1623 2.9362 67 38 7
13.569 3.0915 2.7375 71 43 16
13.672 3.0825 2.8561 69 39 15
13.694 3.0535 2.8492 69 39 15
13.631 3.1085 2.7858 73 42 21
13.546 2.942 2.8388 40 21 7
13.538 3.0314 2.8273 43 21 0
13.498 2.9984 2.8874 43 23 0
13.535 3.0499 2.7936 53 31 8
13.511 3.0394 2.7516 45 25 1
13.504 2.9879 2.739 50 25 3
13.581 3.0003 2.8985 61 29 6
13.497 3.0294 2.8231 40 17 0
13.558 3.0474 2.7225 69 38 18
13.515 3.0186 2.7838 48 24 10
13.533 3.0672 2.7631 68 39 7
13.525 3.0348 2.8645 43 18 0
13.549 2.984 2.8909 40 18 3
13.577 2.959 2.6956 44 24 0
13.559 3.0615 2.8367 65 37 8
13.581 3.0147 2.8643 60 29 0
13.539 3.0587 2.7606 68 39 7
13.487 2.885 2.7001 47 26 5
13.498 2.9016 2.7853 46 26 1
13.403 2.9531 2.867 45 24 7
13.485 2.8394 2.8022 45 24 3
13.487 2.8867 2.8573 43 22 5
13.514 2.8614 2.8149 46 25 6
13.524 2.8797 2.8976 47 24 6
13.504 2.9413 2.8358 44 22 0
13.503 2.8948 2.7841 46 26 1
13.525 2.9095 2.8283 44 22 0
13.517 2.9527 2.7647 47 25 10
13.462 2.9106 2.8981 44 21 3
13.48 2.8809 2.7355 47 26 0
13.478 2.8668 2.7713 49 24 4
13.516 2.9395 2.7973 46 25 8
13.507 2.9216 2.8688 43 23 0
13.497 2.9198 2.7502 48 24 12
13.496 2.9367 2.7173 47 26 9
13.499 2.6776 2.7571 48 23 3
13.504 2.613 2.6975 43 24 8
13.476 2.6643 2.8702 43 21 0
13.482 2.8095 2.7156 47 25 4
13.484 2.7908 2.7494 48 29 12
13.504 2.6532 2.7917 41 22 5
13.497 2.7364 2.8123 43 23 0
13.51 2.5852 2.731 43 22 5
13.465 2.7714 2.8572 44 22 0
13.514 2.6153 2.6586 44 23 6
13.514 2.7079 2.8055 43 23 0
13.502 2.6906 2.7214 50 28 7
13.477 2.7844 2.7856 45 24 7
13.452 2.8592 2.8836 48 22 0
13.511 2.7797 2.6691 51 24 5
13.494 2.7204 2.6884 43 24 7
13.496 2.6481 2.8272 44 23 6
13.517 2.46 2.7799 46 23 5
13.475 2.5873 2.6874 44 23 2
13.447 2.5049 2.7839 46 24 3
13.459 2.6367 2.8215 40 22 0
13.454 2.4683 2.6501 44 23 4
13.495 2.4799 2.8251 43 22 1
13.446 2.5255 2.7483 44 23 2
13.48 2.484 2.6992 45 21 9
13.489 2.6041 2.7748 45 24 3
13.446 2.6027 2.7715 44 23 4
13.482 2.5176 2.6237 46 26 1
13.49 2.567 2.8486 44 21 3
13.505 2.5412 2.8435 44 21 3
13.485 2.4182 2.8107 43 23 0
13.498 2.5668 2.6417 45 24 5
13.422 2.5075 2.7003 44 26 6
13.476 2.569 2.7227 45 22 6
13.44 2.5721 2.6795 44 23 2
13.471 2.3808 2.752 45 24 7
13.407 2.4732 2.6456 48 21 12
13.45 2.2972 2.8155 42 24 4
13.436 2.2958 2.6842 44 23 2
13.437 2.3405 2.781 44 24 0
13.411 2.2982 2.5947 41 23 3
13.449 2.4026 2.7984 45 24 0
13.475 2.3924 2.7139 46 25 0
13.395 2.4391 2.7614 43 20 2
13.497 2.2676 2.6801 47 21 6
13.404 2.338 2.7335 44 26 4
13.434 2.3393 2.6067 41 20 1
13.368 2.2733 2.6256 38 21 3
13.387 2.2847 2.7167 45 24 3
13.435 2.2381 2.7978 43 22 3
13.403 2.2123 2.7869 44 24 0
13.3 2.3917 2.6957 42 26 0
13.4 2.2388 2.7488 44 24 0
13.401 2.2085 2.6096 38 21 3
13.355 2.3287 2.7673 44 24 0
13.239 2.2092 2.7207 38 19 3
13.236 2.1829 2.5873 40 15 0
14.646 3.0903 2.3894 48 25 17
14.348 3.0735 2.6294 66 36 18
14.448 2.9901 2.5603 67 38 14
14.423 3.0059 2.43 64 35 14
14.505 2.9941 2.3879 68 41 8
14.014 3.2366 2.5917 24 10 0
14.211 2.9879 2.4586 26 19 1
13.987 3.0938 2.5747 13 4 0
13.971 3.0835 2.6498 12 8 0
14.018 3.0449 2.5949 6 7 0
13.984 3.0116 2.6258 36 14 1
13.541 3.5068 2.711 37 14 0
14.009 2.9866 2.4501 35 16 0
13.888 3.0426 2.5481 68 40 9
13.951 3.0386 2.5091 38 17 0
13.914 3.0378 2.6301 54 27 8
14.031 2.9725 2.573 35 16 9
13.919 3.0176 2.6624 67 42 22
13.888 3.0569 2.5123 56 33 17
13.866 3.0395 2.6245 68 39 15
13.826 3.0903 2.4815 68 35 18
13.921 3.0435 2.5946 48 23 1
13.859 3.0625 2.5932 68 39 17
13.949 3.0978 2.5309 22 8 0
13.902 3.0549 2.4728 40 17 1
13.742 3.1235 2.5331 63 35 6
13.718 3.0822 2.5548 68 37 16
13.811 3.0348 2.6603 69 39 13
13.747 3.0582 2.666 70 38 17
13.699 3.0768 2.6318 69 40 9
13.833 3.0375 2.5833 69 38 8
13.723 3.0612 2.587 68 37 7
13.784 3.0253 2.6176 67 36 15
13.739 3.0694 2.5125 69 41 14
13.796 3.0691 2.6306 70 39 18
13.786 3.0528 2.5466 65 36 5
13.815 3.087 2.679 68 38 10
13.758 3.0738 2.5918 69 38 8
13.775 3.1238 2.575 68 39 0
13.836 3.0632 2.5125 68 41 8
13.646 3.0882 2.6305 69 41 14
13.594 3.0858 2.6606 68 40 13
13.678 3.0328 2.4935 70 41 10
13.61 3.1218 2.6759 73 42 14
13.701 3.0447 2.6947 73 41 16
13.605 3.1153 2.5608 71 41 17
13.678 3.0908 2.5174 69 39 21
13.699 3.0492 2.5403 68 39 8
13.598 3.1098 2.5967 71 40 19
13.676 3.0639 2.5852 69 38 8
13.549 3.1187 2.5968 68 37 9
13.614 3.0443 2.5343 68 40 13
13.552 3.1286 2.7103 72 43 11
13.606 3.1131 2.7102 73 42 21
13.646 3.0306 2.6079 70 40 12
13.541 3.1147 2.6324 68 38 14
13.578 3.1085 2.52 70 40 14
13.695 3.0671 2.664 70 38 13
13.546 3.0334 2.6446 57 32 10
13.549 3.0439 2.6082 62 36 13
13.524 2.9894 2.6616 46 21 1
13.546 2.9243 2.5634 47 24 6
13.531 2.9632 2.5375 48 26 11
13.554 3.0078 2.5165 52 25 8
13.541 3.0714 2.5795 64 34 6
13.547 3.0778 2.6943 68 39 15
13.519 2.9815 2.6975 46 25 4
13.507 3.0134 2.5207 49 22 11
13.543 3.0073 2.5547 42 21 0
13.509 3.0256 2.6373 45 23 2
13.506 3.0761 2.6933 50 21 0
13.541 2.9953 2.5911 47 25 4
13.555 3.0812 2.6581 67 42 12
13.527 3.1048 2.5545 66 40 17
13.546 3.0031 2.5532 42 21 0
13.522 2.8963 2.554 47 27 3
13.508 2.9324 2.5258 46 25 4
13.496 2.837 2.6082 47 27 3
13.486 2.9347 2.6023 46 24 1
13.538 2.8881 2.6683 48 25 9
13.527 2.9211 2.6363 47 27 3
13.52 2.7819 2.6316 46 24 3
13.53 2.9155 2.4813 51 26 6
13.539 2.9194 2.6002 46 26 2
13.505 2.805 2.4787 49 27 6
13.518 2.8527 2.6557 46 24 1
13.533 2.8276 2.4951 45 24 3
13.518 2.8349 2.5281 44 24 0
13.523 2.8109 2.5613 50 25 5
13.494 2.9069 2.6316 48 26 5
13.483 2.6629 2.5087 43 25 1
13.508 2.6042 2.5291 41 23 0
13.507 2.587 2.5648 42 19 1
13.472 2.8399 2.5303 49 24 4
13.484 2.7701 2.6252 48 27 6
13.467 2.7107 2.6418 47 25 4
13.479 2.743 2.5333 49 23 6
13.499 2.6722 2.4282 49 23 8
13.461 2.824 2.6029 48 27 8
13.505 2.6447 2.4605 47 25 12
13.465 2.7477 2.5753 45 22 4
13.496 2.7849 2.551 48 23 0
13.469 2.778 2.6624 46 26 2
13.509 2.7274 2.4483 46 24 3
13.462 2.7532 2.5764 47 27 3
13.497 2.731 2.4904 46 27 11
13.534 2.6161 2.5776 45 24 3
13.498 2.6559 2.4643 47 25 12
13.479 2.5176 2.4557 41 21 0
13.438 2.5715 2.5134 45 24 5
13.467 2.4644 2.6049 47 25 4
13.481 2.5918 2.4832 43 25 5
13.51 2.5639 2.5992 45 24 3
13.499 2.4012 2.4153 43 19 5
13.466 2.5634 2.5956 43 25 3
13.445 2.4797 2.4845 45 22 4
13.454 2.5237 2.5431 45 24 7
13.497 2.6 2.4016 44 22 0
13.508 2.5277 2.5017 44 23 6
13.514 2.5534 2.4311 44 22 9
13.514 2.4979 2.5388 46 23 7
13.478 2.4591 2.3937 42 21 4
13.461 2.4931 2.5734 45 22 6
13.464 2.5625 2.4319 42 24 2
13.441 2.5288 2.5835 45 22 6
13.451 2.3267 2.5637 41 23 0
13.413 2.4764 2.4377 41 22 5
13.466 2.4223 2.51 45 24 3
13.436 2.3758 2.5309 45 22 6
13.427 2.4308 2.4664 41 20 0
13.424 2.3907 2.3705 42 20 7
13.41 2.3125 2.3813 40 21 7
13.432 2.466 2.5592 45 23 12
13.42 2.3604 2.4402 41 21 0
13.406 2.407 2.4122 42 22 0
13.409 2.5024 2.4048 41 22 5
13.439 2.4335 2.5951 45 22 6
13.42 2.4821 2.3982 41 22 5
13.444 2.2943 2.4622 41 22 5
13.442 2.3845 2.494 43 22 5
13.392 2.3283 2.4292 44 24 0
13.396 2.2572 2.5409 45 22 6
13.369 2.285 2.4129 41 22 6
13.421 2.2495 2.4476 43 23 0
13.355 2.221 2.3908 42 24 0
13.246 2.1705 2.368 36 17 1
14.48 2.9935 2.2974 64 38 15
14.449 2.9545 2.3232 63 36 15
14.396 3.0223 2.3063 65 37 6
14.315 2.9524 2.231 66 39 22
14.288 3.0066 2.3404 71 40 22
14.353 2.9288 2.1735 71 40 19
14.37 2.9635 2.366 65 39 16
14.262 2.9784 2.3289 71 40 19
14.237 2.9879 2.3808 57 35 20
14.296 2.9581 2.2752 72 41 21
14.315 2.8948 2.2049 69 39 15
14.267 2.9618 2.1882 65 39 16
14.409 2.9388 2.3124 66 39 20
14.207 2.9538 2.2317 69 40 19
14.163 2.9452 2.2235 68 39 15
14.132 2.9905 2.3743 67 37 21
14.169 2.965 2.3201 71 38 19
14.125 3.0021 2.2058 68 39 17
14.203 2.9733 2.1922 64 38 13
14.116 2.9539 2.1865 65 35 21
14.238 2.9627 2.2763 71 42 11
14.128 2.9686 2.2765 67 38 16
14.093 2.9773 2.3643 59 37 16
14.118 3.0093 2.2098 68 39 17
14.163 2.9871 2.2862 70 41 17
14.231 2.9391 2.3552 64 37 20
14.054 3.0094 2.2524 67 38 14
14.104 2.9676 2.1903 67 38 14
14.19 2.9726 2.2379 69 40 19
14.195 2.9929 2.3339 70 41 10
14.192 2.986 2.1963 62 36 11
14.124 2.9576 2.314 71 40 20
13.9 3.059 2.3161 71 41 17
14.031 2.9933 2.2008 66 37 15
14.059 2.9453 2.2263 66 37 13
13.915 3.0536 2.4362 38 13 8
14.063 2.9691 2.3182 72 40 15
14.037 2.9833 2.3674 67 35 20
13.969 3.0056 2.3742 66 40 17
14.058 2.9901 2.286 65 40 10
13.857 3.0671 2.435 65 38 21
13.873 3.1059 2.2946 66 37 13
13.917 3.0248 2.3394 69 38 18
13.861 3.0765 2.4013 66 41 21
13.975 3.0009 2.2038 66 38 11
13.879 3.0996 2.2918 66 37 13
14.043 2.962 2.3989 35 11 0
13.959 3.0319 2.3435 70 39 18
13.857 3.069 2.2769 65 39 12
14.066 2.9222 2.255 67 41 14
13.776 3.1095 2.4501 68 37 19
13.854 3.028 2.3782 65 39 16
13.724 3.0908 2.3637 69 37 22
13.792 3.0329 2.4194 68 39 17
13.823 2.9791 2.2764 65 36 15
13.855 3.0415 2.3452 68 38 22
13.795 3.0715 2.4728 68 38 10
13.803 3.0198 2.2565 66 37 15
13.695 3.0836 2.4762 65 35 17
13.789 3.0952 2.2887 66 37 16
13.743 3.1087 2.4107 68 38 20
13.734 3.0632 2.3902 70 39 18
13.75 3.0705 2.4727 69 40 8
13.676 3.123 2.4547 68 39 18
13.708 3.0823 2.2795 66 37 16
13.892 3.0116 2.2926 68 40 11
13.681 3.1029 2.3302 67 38 16
13.748 3.1168 2.3755 69 40 9
13.803 3.0633 2.314 66 38 11
13.566 3.1539 2.4624 68 40 11
13.633 3.1369 2.4185 68 37 17
13.691 3.0743 2.3565 70 38 23
13.652 3.0824 2.3209 66 39 2
13.609 3.0812 2.4723 66 40 17
13.592 3.0904 2.3597 67 38 16
13.588 3.1096 2.3305 66 36 20
13.63 3.0817 2.3971 68 37 19
13.655 3.0638 2.3505 66 36 18
13.561 3.0873 2.4712 67 36 15
13.67 3.0724 2.4312 68 38 20
13.596 3.0991 2.3277 66 36 20
13.577 3.0958 2.4018 66 36 12
13.634 3.1061 2.4825 67 38 16
13.564 3.098 2.4379 66 36 10
13.57 3.1055 2.4044 66 36 12
13.531 3.0092 2.4408 43 18 11
13.524 3.034 2.4097 47 19 6
13.528 3.1048 2.4031 64 35 14
13.531 2.978 2.3513 42 23 6
13.527 2.9993 2.3202 47 21 7
13.539 3.0431 2.3398 64 34 6
13.541 3.1011 2.5164 65 37 6
13.512 3.0216 2.4819 46 25 4
13.529 3.0114 2.2861 45 22 4
13.534 3.0354 2.3746 59 30 8
13.53 3.0874 2.4313 65 39 16
13.539 3.0583 2.3089 61 34 15
13.525 3.0635 2.4996 65 35 19
13.551 3.0271 2.3321 56 26 0
13.558 3.0772 2.3528 67 37 13
13.577 3.0663 2.3112 66 35 17
13.502 3.0046 2.3993 45 20 13
13.539 3.0582 2.4606 67 38 16
13.486 2.8835 2.3887 46 25 6
13.518 2.8676 2.4625 53 28 6
13.467 2.8632 2.3407 46 22 10
13.508 2.8983 2.2768 45 22 6
13.473 2.8703 2.3047 47 25 4
13.489 2.9771 2.3469 47 25 1
13.489 2.9615 2.3789 45 23 12
13.531 2.9296 2.4472 46 25 4
13.456 2.9142 2.4394 45 23 0
13.491 2.9078 2.3206 45 24 5
13.471 2.9232 2.3653 47 26 5
13.514 2.8913 2.432 47 26 5
13.519 2.7992 2.4368 49 23 6
13.527 2.8879 2.3905 46 20 6
13.465 2.8656 2.3414 46 22 10
13.494 2.8527 2.2577 47 24 6
13.509 2.9785 2.4286 46 23 7
13.52 2.8974 2.3941 46 20 6
13.474 3.0149 2.3284 46 25 8
13.495 2.6227 2.3682 44 23 4
13.484 2.6375 2.2098 45 24 7
13.476 2.7983 2.4367 46 25 4
13.476 2.8148 2.4008 48 27 6
13.46 2.7347 2.2888 43 24 10
13.489 2.7415 2.3332 45 23 10
13.438 2.8404 2.3301 43 24 7
13.489 2.6504 2.335 44 23 4
13.498 2.6916 2.3946 45 24 3
13.455 2.7602 2.2556 44 23 6
13.482 2.8228 2.3651 49 27 6
13.497 2.7621 2.2606 45 23 12
13.439 2.8052 2.396 45 23 2
13.566 2.6691 2.1785 44 23 4
13.519 2.6187 2.2859 46 24 11
13.446 2.4929 2.2747 41 24 7
13.46 2.5092 2.3638 45 24 7
13.462 2.6563 2.2576 42 23 6
13.429 2.6019 2.3131 42 23 7
13.488 2.5575 2.3434 43 25 5
13.481 2.5293 2.2478 44 23 6
13.471 2.5647 2.2185 46 22 12
13.492 2.4284 2.207 45 23 8
13.434 2.6688 2.3435 43 26 8
13.49 2.5366 2.3789 40 21 4
13.453 2.6365 2.3306 41 24 6
13.488 2.5944 2.2732 41 22 5
13.482 2.4888 2.3199 42 22 13
13.427 2.3606 2.2252 39 20 6
13.437 2.3871 2.3229 39 20 4
13.473 2.3604 2.2234 42 23 7
13.406 2.465 2.3075 41 22 8
13.41 2.3527 2.3073 37 18 12
13.441 2.464 2.3513 43 21 6
13.364 2.436 2.1579 19 11 0
13.381 2.2749 2.192 21 6 1
13.404 2.2571 2.317 40 16 4
13.915 3.029 2.1785 39 26 10
13.892 3.0422 2.2249 64 39 19
13.72 3.0817 2.2416 64 36 9
13.784 3.0585 2.2315 61 33 4
13.822 3.0269 2.1735 44 26 2
13.825 3.0808 2.1998 54 29 0
13.77 3.0327 2.1779 54 32 8
13.811 3.082 2.2451 62 35 14
13.625 3.0151 2.251 67 40 5
13.636 3.075 2.2409 65 35 7
13.597 3.0679 2.2337 65 36 14
13.567 3.1249 2.2218 63 33 9
13.612 3.092 2.2862 64 38 11
13.68 3.0607 2.2713 67 35 22
13.659 3.1179 2.218 57 32 12
13.665 3.0948 2.2499 63 33 15
13.69 3.0177 2.1683 60 36 10
13.559 2.9998 2.2035 61 33 4
13.525 3.064 2.1949 58 32 9
13.512 2.99 2.238 43 24 7
13.529 3.0268 2.2547 45 23 2
13.521 3.1001 2.2869 64 33 13
13.544 3.0972 2.211 62 32 8
13.538 3.0908 2.2456 60 34 7
13.494 3.0003 2.2824 42 23 6
13.549 2.8699 2.1837 44 22 7
13.464 2.917 2.2453 45 21 7
13.506 2.9188 2.2448 44 20 8
13.477 2.7418 2.2094 45 24 7
13.427 2.8564 2.1829 10 8 0
13.503 2.7869 2.1914 42 20 0
13.679 2.5248 2.0261 23 7 0
13.461 2.8353 2.0868 8 1 0
13.286 3.0516 2.1947 5 4 0
12.247 4.5318 2.9061 25 10 7
12.571 3.9246 2.6273 15 7 0
12.265 4.4792 2.9142 6 9 0
12.271 4.475 2.8955 22 13 4
13.446 2.3854 2.0978 20 10 0
13.414 2.3597 2.0958 11 6 0
13.459 2.3619 2.088 20 10 0
12.253 4.4794 2.899 22 14 3
13.579 2.9536 1.9058 33 20 1
13.466 3.1776 2.026 25 19 5
13.591 2.9364 1.8979 33 20 1
13.456 3.1762 2.0612 8 6 7
13.594 2.7479 1.9147 9 6 0
12.89 3.7729 2.3644 21 12 5
13.082 3.5353 2.3301 13 10 5
13.477 2.8771 1.945 19 17 18
13.555 2.908 1.9266 18 10 7
13.544 2.9093 1.9606 6 7 12
13.648 2.6826 1.8397 17 14 9
13.47 2.8726 1.9816 16 8 6
13.444 2.9302 1.9727 19 17 18
13.153 3.4801 2.2983 0 5 0
13.376 3.0511 2.0028 19 9 0
13.291 2.9593 2.0342 21 15 15
13.43 2.8836 1.9553 24 14 15
13.126 3.3287 2.1561 13 9 6
13.153 3.2838 2.1319 17 8 0
13.307 2.8084 1.9196 24 10 1
13.33 2.8599 2.0563 13 12 8
13.331 2.8032 1.9923 34 23 1
13.461 2.6543 1.9161 29 21 0
13.197 2.9147 2.0188 33 16 9
13.269 2.8578 1.9816 35 21 21
13.177 2.9682 2.0045 30 13 3
13.215 2.7334 1.9261 37 17 6
13.221 2.6838 1.9801 40 22 0
13.239 2.6672 1.9336 53 32 13
12.573 3.9335 2.609 26 14 2
13.237 2.7491 1.9715 46 31 26
13.231 2.7792 1.9495 32 13 6
13.29 2.3767 1.8292 53 36 16
13.032 2.8649 1.9939 51 30 11
12.964 2.931 2.0276 46 25 0
13.021 2.8507 2.0661 54 34 23
13.21 2.5603 1.8794 56 29 18
13.132 2.6375 1.9181 46 26 17
13.182 2.6988 1.9436 54 33 4
13.025 2.9543 2.0379 50 26 12
13.146 2.5687 1.9695 51 31 6
13.045 2.7197 2.0001 51 32 15
13.048 2.733 1.9687 52 25 14
12.956 2.7517 2.0153 53 31 7
12.995 2.7466 2.0114 55 30 23
12.915 2.9433 2.0731 55 30 8
13.046 2.6988 2.0276 50 28 7
14.823 2.9483 4.0308 81 50 22
14.77 2.8784 4.0517 88 53 21
14.734 2.8589 4.0436 83 52 22
14.744 2.9679 4.0085 82 53 19
14.526 3.1162 3.9701 86 53 20
14.091 3.0119 3.9713 98 63 33
13.944 3.0473 4.0025 91 54 20
13.946 3.0734 3.9348 101 62 21
13.934 3.0727 3.9688 95 58 26
14.177 2.8458 4.0234 105 67 18
14.062 2.9917 3.9622 101 65 27
13.919 3.0523 3.9286 85 51 22
13.94 2.9994 4.001 83 52 21
13.867 3.0344 3.9832 87 56 12
13.797 3.0533 3.9992 83 49 22
13.939 3.0144 3.9677 86 52 27
13.914 2.9914 3.9599 87 53 26
13.825 3.0467 3.9401 83 47 21
13.805 3.0578 3.9686 87 52 20
13.772 3.0452 3.9597 82 48 23
13.71 3.0577 3.9761 81 49 11
13.773 3.0581 3.9252 79 47 24
13.714 3.1048 3.9781 84 50 23
13.725 3.0519 3.9458 83 50 15
13.616 3.1271 3.9533 83 48 26
13.665 3.0754 3.9314 79 47 22
13.713 3.081 3.9105 83 51 13
13.545 3.0476 3.962 53 26 7
13.629 3.0553 3.9569 81 47 22
13.666 3.0199 3.9312 79 49 13
13.599 3.0412 3.9491 76 42 5
13.591 3.0389 3.9754 50 21 13
13.553 3.0642 3.9027 52 21 9
13.615 3.061 3.9857 79 44 22
13.586 3.0033 3.9426 49 27 6
13.567 3.099 3.9066 74 41 6
13.57 2.8955 3.9713 54 29 6
13.579 2.955 3.9405 54 29 9
13.544 2.92 3.9953 53 26 7
13.549 2.8807 3.9327 50 28 5
13.579 2.8958 3.9401 52 26 9
13.563 2.9651 3.9671 49 27 6
13.535 2.8874 3.9618 50 28 4
13.534 2.9035 3.9282 50 28 5
13.56 2.8344 4.0024 51 30 13
13.531 2.8167 3.9936 51 29 6
13.548 2.7252 3.9983 49 27 4
13.532 2.7661 3.9586 49 28 9
13.538 2.8349 3.9275 50 29 12
13.567 2.776 3.968 49 27 6
13.533 2.7793 3.9264 49 25 15
13.555 2.5948 3.9646 52 25 6
13.564 2.6175 4.0388 53 26 7
13.569 2.4674 4.0389 43 26 0
13.568 2.6257 4.0059 51 29 8
13.537 2.6914 3.9616 50 28 5
13.563 2.5644 4.0048 44 22 0
13.588 2.4666 3.9757 46 23 17
13.489 2.6183 3.9766 46 19 8
13.504 2.4303 4.0221 45 28 10
13.511 2.4344 3.9859 44 28 5
13.529 2.4609 4.0292 46 25 8
13.526 2.4996 3.9556 49 23 9
13.5 2.3602 4.0229 46 26 0
13.515 2.3507 3.9897 47 25 1
13.505 2.5191 3.9893 41 24 4
13.487 2.3057 4.0193 44 23 6
13.461 2.2557 4.0476 43 24 8
13.497 2.222 3.9827 46 24 9
13.496 2.1403 3.985 45 26 10
13.502 2.2141 3.9833 46 24 9
13.48 2.237 4.0187 47 25 1
13.567 2.1382 4.0804 47 24 8
13.448 2.0199 4.0512 42 24 10
13.492 2.1284 4.0208 45 23 8
13.461 2.102 4.0144 48 27 8
13.504 2.0871 4.0652 48 26 2
13.493 2.0387 4.0237 48 27 8
13.369 2.1139 3.9852 46 28 8
13.378 1.9626 4.0647 50 25 2
13.353 2.1294 4.0222 46 28 8
14.784 2.9621 3.9389 80 48 23
14.714 2.9163 3.7974 77 46 16
14.795 2.9164 3.8954 81 47 22
14.742 2.949 3.9262 80 51 20
14.793 2.9483 3.8144 73 44 0
14.675 2.9075 3.9089 83 50 7
14.559 2.9796 3.8478 79 48 17
14.629 2.9279 3.8245 78 49 7
14.559 2.8906 3.798 86 47 16
14.617 2.8878 3.8128 83 47 25
14.499 3.0431 3.9598 88 54 25
14.607 2.9192 3.8951 93 56 22
14.592 2.9186 3.9281 98 64 27
14.513 3.0025 3.7617 80 47 16
14.704 2.8651 3.9535 85 54 24
14.519 2.8061 3.828 77 46 18
14.338 2.9541 3.7578 77 45 6
14.401 2.9796 3.8188 83 49 20
14.465 2.9303 3.7828 81 47 12
14.413 2.9292 3.7767 82 48 11
14.31 2.9684 3.7923 61 37 1
14.208 2.9117 3.9189 87 53 24
14.175 2.9376 3.8008 75 44 0
14.191 2.9741 3.8076 53 29 3
14.271 2.9023 3.7813 61 39 2
14.268 2.945 3.8221 40 23 0
14.221 3.0097 3.7776 59 35 0
14.154 2.9995 3.8402 40 19 0
14.177 2.9597 3.8796 59 38 17
14.186 2.9403 3.7656 71 42 11
14.107 2.9746 3.7512 78 45 12
13.957 3.0217 3.9018 83 50 19
14.013 3.0098 3.914 95 57 21
14.144 2.9135 3.9426 97 60 26
14.065 2.9536 3.7763 85 49 23
13.959 3.034 3.8662 82 48 19
14.051 3.0334 3.8914 94 57 23
14.138 2.9648 3.8322 83 52 8
13.976 3.0426 3.7997 84 46 17
14.096 2.9287 3.893 94 55 22
13.987 3.0151 3.8371 87 52 23
14.133 2.9553 3.8669 85 52 19
14.031 3.018 3.8476 88 53 23
14.075 2.9824 3.8178 88 54 19
14.096 2.9724 3.787 82 48 10
13.966 3.0109 3.9041 83 50 19
13.946 3.0388 3.7576 81 45 19
13.849 3.0582 3.8433 83 49 22
13.825 3.0768 3.7329 82 48 10
13.907 3.0274 3.8899 83 50 17
13.836 3.0464 3.9082 85 50 20
13.77 3.1308 3.7601 78 47 19
13.886 3.0281 3.8127 81 48 17
13.937 2.9808 3.7858 80 48 9
13.931 3.0419 3.7912 81 47 20
13.708 3.1667 3.8476 82 51 20
13.838 3.0185 3.8377 84 50 23
13.919 3.0274 3.8578 83 49 20
13.872 3.0166 3.8802 83 49 22
13.761 3.1277 3.7918 82 51 21
13.875 3.0519 3.917 85 54 24
13.864 3.1073 3.8137 81 55 4
13.917 3.0195 3.7485 83 47 21
13.743 3.1095 3.8867 80 51 17
13.818 3.0313 3.7283 83 49 14
13.696 3.0488 3.9081 82 49 18
13.718 3.1016 3.8463 80 49 21
13.63 3.1506 3.729 77 42 22
13.652 3.0797 3.8285 78 46 23
13.747 3.0514 3.8847 80 49 21
13.791 3.0512 3.7574 81 47 22
13.719 3.047 3.8428 81 51 13
13.582 3.1604 3.7194 76 43 10
13.76 3.0626 3.8203 80 49 19
13.769 3.0644 3.788 82 49 14
13.681 3.0828 3.8684 80 48 23
13.683 3.1204 3.7727 82 47 17
13.693 3.0938 3.8053 78 48 20
13.637 3.1275 3.7621 81 46 16
13.589 3.1775 3.7853 79 46 13
13.73 3.0738 3.7463 79 45 20
13.575 3.0883 3.7781 76 41 22
13.592 3.0506 3.8131 70 40 16
13.552 3.16 3.8082 75 44 16
13.572 3.0506 3.8745 52 27 0
13.582 3.1055 3.8457 79 48 18
13.581 3.0243 3.7754 53 22 1
13.638 3.0156 3.8881 79 49 25
13.581 3.0668 3.8111 70 40 16
13.582 3.092 3.7467 73 38 8
13.586 3.0448 3.845 65 35 21
13.57 3.0528 3.7407 54 25 1
13.583 3.1456 3.7487 78 45 10
13.595 3.0883 3.7155 71 41 7
13.6 3.1092 3.7847 79 47 8
13.572 3.0225 3.807 48 25 7
13.636 3.0737 3.8918 81 52 21
13.651 3.0683 3.8608 78 46 23
13.565 2.9293 3.7668 47 26 5
13.542 2.8884 3.7931 50 26 0
13.594 2.9767 3.8439 51 26 6
13.579 2.9393 3.8396 52 27 5
13.568 2.9859 3.9041 53 28 8
13.542 3.0218 3.766 49 27 6
13.593 2.9628 3.7404 47 23 13
13.577 2.8973 3.8019 51 30 1
13.529 2.9979 3.8619 51 26 4
13.586 2.9747 3.875 47 25 2
13.568 2.8661 3.9013 54 27 16
13.538 2.9097 3.7592 49 27 4
13.585 2.9319 3.8405 52 27 5
13.542 2.934 3.829 53 27 10
13.55 2.996 3.8003 52 26 11
13.525 2.9907 3.8938 52 28 14
13.566 2.8826 3.728 51 27 0
13.537 2.985 3.7276 47 26 0
13.576 2.8695 3.8709 54 30 16
13.537 2.7696 3.7859 48 26 5
13.536 2.8508 3.7542 50 25 3
13.553 2.824 3.7566 50 25 3
13.527 2.8042 3.89 50 30 5
13.517 2.8159 3.749 50 25 3
13.575 2.8243 3.8325 48 23 16
13.54 2.7334 3.8563 48 28 4
13.548 2.7052 3.8937 51 27 13
13.547 2.8188 3.7902 49 27 4
13.536 2.7555 3.8193 47 27 3
13.561 2.6685 3.9321 49 25 13
13.549 2.7851 3.8595 53 29 3
13.533 2.8254 3.8217 49 24 2
13.549 2.8338 3.8953 56 27 6
13.574 2.6603 3.7538 50 26 0
13.555 2.8391 3.862 52 27 4
13.557 2.655 3.8206 52 28 16
13.514 2.6033 3.7719 45 25 0
13.563 2.6088 3.7495 48 22 5
13.521 2.5747 3.8084 46 25 6
13.551 2.5802 3.853 47 23 9
13.555 2.6047 3.7832 46 24 0
13.547 2.6393 3.8915 50 25 5
13.531 2.5973 3.8841 47 26 7
13.541 2.6977 3.7835 49 28 0
13.552 2.6155 3.9293 50 28 5
13.534 2.5759 3.9225 47 26 7
13.537 2.5315 3.8513 47 25 10
13.57 2.526 3.7439 48 27 0
13.532 2.6265 3.8139 50 28 7
13.578 2.6055 3.8608 48 26 3
13.543 2.504 3.8867 49 24 17
13.539 2.3947 3.8058 46 23 5
13.512 2.4075 3.8758 48 25 7
13.536 2.4077 3.9586 50 27 9
13.541 2.4083 3.7686 47 25 2
13.551 2.4153 3.8861 46 23 7
13.56 2.2785 3.8068 47 26 0
13.456 2.5982 3.8285 48 27 10
13.486 2.4374 3.907 46 25 8
13.563 2.378 3.9275 45 24 5
13.549 2.4767 3.9252 43 25 13
13.523 2.3536 3.9533 44 26 16
13.551 2.276 3.8424 44 26 6
13.485 2.4314 3.7561 45 25 1
13.524 2.4964 3.8071 47 24 6
13.557 2.3446 3.8487 46 23 5
13.507 2.5434 3.7663 46 25 0
13.473 2.3568 3.7883 48 26 5
13.499 2.1703 3.9061 47 26 7
13.512 2.2669 3.8316 50 24 7
13.543 2.1051 3.8748 47 27 0
13.498 2.1235 3.8256 45 25 0
13.477 2.2794 3.9374 47 26 7
13.429 2.2779 3.7716 47 26 0
13.469 2.3118 3.8997 49 23 9
13.471 2.3252 3.8607 46 25 8
13.491 2.2412 3.7853 44 26 4
13.511 2.3138 3.9104 45 24 7
13.498 2.2097 3.8262 43 25 5
13.47 2.2082 3.9351 46 25 6
13.513 2.2926 3.9488 46 23 15
13.537 2.2837 3.8787 45 23 8
13.455 2.4086 3.7478 47 27 2
13.44 2.1643 3.9701 43 25 13
13.445 2.0662 3.9691 41 24 14
13.416 2.1305 3.7633 46 25 6
13.476 2.1101 3.9389 44 26 4
13.416 2.0332 3.9604 45 23 12
13.482 2.1176 3.9011 46 28 6
13.44 2.0616 3.8066 46 25 6
13.415 2.0742 3.883 46 25 8
13.475 2.0802 3.8175 43 24 8
13.489 2.0731 3.7791 42 24 2
13.441 2.1112 3.8891 46 25 8
13.499 2.1033 3.8633 45 28 0
13.398 2.0578 3.7948 45 25 1
13.411 2.0097 3.8379 46 26 0
13.391 2.0325 3.8757 47 24 8
13.358 2.0102 3.8608 44 26 6
14.735 2.9272 3.7176 76 44 19
14.78 2.923 3.7711 76 46 8
14.733 2.9228 3.5906 74 42 17
14.652 3.0474 3.5978 76 41 12
14.751 2.9436 3.6391 75 42 0
14.748 2.9306 3.6803 76 44 21
14.674 2.9321 3.7069 78 44 17
14.581 2.9672 3.6942 78 44 6
14.602 2.8638 3.7675 84 50 21
14.638 2.8902 3.6117 76 44 21
14.607 2.8673 3.6011 74 44 8
14.665 2.8807 3.5718 77 42 12
14.55 2.8915 3.6741 78 48 12
14.591 2.943 3.7312 78 46 23
14.654 2.913 3.6622 79 43 17
14.507 2.9488 3.6304 75 44 16
14.632 2.881 3.6516 76 43 0
14.608 2.8661 3.6017 74 44 8
14.518 2.968 3.5593 74 43 12
14.389 2.9074 3.6076 75 45 21
14.371 2.9107 3.6477 76 44 19
14.446 2.9183 3.5801 78 44 15
14.413 2.906 3.6923 77 44 13
14.39 2.9154 3.7277 75 43 20
14.493 2.895 3.6641 80 47 14
14.404 2.9304 3.6534 79 46 15
14.435 2.9139 3.6166 81 47 9
14.461 2.9418 3.6244 81 45 7
14.57 2.8491 3.5919 78 46 8
14.536 2.8979 3.5541 76 41 21
14.508 2.7999 3.5723 75 45 17
14.529 2.8974 3.7142 81 45 19
14.404 3.0058 3.744 83 48 16
14.54 2.8163 3.7475 81 47 22
14.518 2.8538 3.7072 78 45 4
14.436 2.9441 3.5394 75 45 21
14.293 2.8689 3.6598 74 43 12
14.169 2.9742 3.7285 70 41 20
14.248 2.9023 3.697 73 41 20
14.222 2.9356 3.5435 75 45 11
14.152 2.9838 3.6112 73 44 0
14.292 2.9249 3.6688 72 41 10
14.311 2.9194 3.6322 73 41 16
14.303 2.9523 3.7148 71 40 19
14.345 2.923 3.6803 75 44 0
14.327 2.9122 3.7533 73 39 14
14.254 2.9411 3.585 71 41 17
14.324 2.8809 3.5516 72 41 20
14.161 2.9878 3.5762 71 43 16
14.295 2.9513 3.5945 74 42 19
14.328 2.9318 3.5583 76 44 6
14.181 3.0048 3.6188 72 42 6
14.331 2.8736 3.5524 72 41 20
14.239 2.9668 3.7016 68 39 8
14.21 2.9833 3.7361 70 38 13
14.156 2.9097 3.6395 77 44 13
13.961 3.0631 3.6549 78 44 7
13.972 3.0257 3.5804 74 42 19
13.968 3.0414 3.6883 82 48 21
14.18 2.9075 3.7207 78 44 17
13.952 3.0602 3.6865 82 48 21
14.067 3.0391 3.5661 72 42 16
13.992 3.0178 3.5451 74 42 21
14.026 3.0129 3.7361 83 48 26
13.982 3.0109 3.7266 81 49 11
14.033 3.0239 3.5534 75 44 16
14.142 2.9794 3.6451 79 45 18
14.151 2.9005 3.6764 78 43 14
14.034 2.994 3.6276 78 47 16
14.125 2.9838 3.6816 78 43 14
14.116 2.97 3.6009 78 44 7
14.065 2.9828 3.7064 80 45 23
14.064 2.9744 3.5904 76 42 13
13.755 3.1123 3.5838 79 46 1
13.793 3.0792 3.549 76 44 21
13.851 3.0627 3.5604 75 45 11
13.825 3.0516 3.6626 81 44 12
13.826 3.0497 3.6629 81 44 12
13.832 3.1243 3.5987 77 46 15
13.877 3.028 3.7062 81 47 22
13.879 3.0541 3.6371 77 45 20
13.764 3.1129 3.6877 80 49 21
13.97 2.9996 3.6481 78 45 14
14.004 2.9737 3.6164 75 43 5
13.884 3.0338 3.6702 80 45 15
13.891 3.0641 3.7125 79 48 18
13.909 3.0576 3.6789 74 44 20
13.836 3.0518 3.6285 80 48 23
13.846 3.0547 3.5938 78 45 10
13.9 3.0568 3.5699 75 44 13
13.893 3.0796 3.5358 73 44 13
13.637 3.1021 3.5563 72 41 11
13.749 3.0521 3.6092 80 45 23
13.677 3.1022 3.7016 77 45 22
13.727 3.0921 3.7137 78 49 18
13.76 3.0638 3.6838 82 48 21
13.763 3.0484 3.5757 78 44 15
13.763 3.0877 3.6193 80 46 19
13.621 3.1223 3.6903 76 44 19
13.702 3.0985 3.6382 79 45 18
13.672 3.0824 3.6288 75 45 21
13.66 3.0851 3.5248 75 43 18
13.668 3.1018 3.5983 77 43 14
13.773 3.0624 3.6508 79 45 10
13.651 3.1378 3.5642 76 42 13
13.693 3.0956 3.6719 76 46 8
13.664 3.0788 3.6631 80 47 14
13.709 3.076 3.5388 77 44 9
13.764 3.0615 3.5435 77 46 15
13.607 3.0867 3.6854 74 43 12
13.576 3.0307 3.6403 50 22 11
13.606 3.0736 3.5825 74 41 8
13.588 3.084 3.6142 73 43 9
13.599 3.0275 3.7129 63 35 6
13.548 3.1126 3.6724 76 41 21
13.557 3.0989 3.5398 70 41 17
13.616 3.1024 3.6216 78 45 14
13.608 3.0991 3.6539 75 46 2
13.569 3.0263 3.6697 46 25 8
13.613 3.1194 3.5875 77 43 5
13.589 3.1112 3.5481 76 42 17
13.583 3.0495 3.5733 70 38 13
13.592 3.0642 3.6497 74 39 7
13.568 3.0561 3.608 56 28 0
13.561 2.9945 3.6313 46 25 0
13.561 2.9791 3.6644 50 24 7
13.553 2.9769 3.6981 49 24 4
13.545 2.9862 3.5604 46 24 3
13.544 3.003 3.5269 48 26 5
13.579 2.9234 3.5952 50 25 3
13.554 3.0475 3.5331 48 23 3
13.565 3.0171 3.5672 47 21 4
13.565 2.9129 3.6619 52 27 5
13.543 2.9002 3.6227 50 28 4
13.577 2.9852 3.5992 49 24 4
13.556 3.0305 3.7034 51 25 8
13.547 2.9549 3.6245 47 27 3
13.582 2.874 3.6953 49 27 3
13.536 2.9392 3.5541 50 28 4
13.531 2.9321 3.5862 49 24 2
13.531 2.7912 3.6086 47 23 9
13.549 2.7978 3.6829 50 27 9
13.5 2.7749 3.5982 49 24 2
13.519 2.7634 3.7099 49 27 6
13.551 2.8728 3.6555 49 27 3
13.533 2.838 3.6467 50 25 2
13.53 2.7575 3.5296 50 29 2
13.519 2.8913 3.7179 49 28 1
13.527 2.8763 3.5809 49 27 3
13.507 2.8132 3.6382 50 28 5
13.519 2.8413 3.5385 48 26 3
13.539 2.8741 3.5452 50 28 5
13.525 2.8156 3.5711 48 26 3
13.481 2.8385 3.6725 49 25 13
13.544 2.868 3.6889 49 27 4
13.519 2.7601 3.5652 48 27 10
13.537 2.8455 3.6149 48 26 2
13.517 2.832 3.7146 49 30 16
13.527 2.591 3.5888 46 25 4
13.576 2.4593 3.702 44 23 4
13.525 2.6336 3.668 46 21 0
13.506 2.5719 3.5414 49 27 6
13.506 2.713 3.5576 50 23 14
13.53 2.5696 3.6263 46 25 4
13.508 2.6456 3.6982 46 25 8
13.544 2.634 3.5965 49 27 6
13.517 2.7308 3.6342 49 27 3
13.525 2.6115 3.552 46 25 6
13.508 2.7146 3.7041 51 26 6
13.511 2.7248 3.669 50 24 10
13.514 2.5803 3.6606 44 22 0
13.515 2.6659 3.6301 51 25 11
13.534 2.4733 3.6566 46 25 0
13.522 2.5103 3.6164 44 25 11
13.504 2.3888 3.6014 46 25 0
13.53 2.5202 3.7349 46 27 0
13.492 2.427 3.5657 46 23 7
13.475 2.5012 3.6421 48 26 3
13.476 2.5507 3.5334 44 23 2
13.457 2.4397 3.6714 47 25 1
13.523 2.451 3.5742 46 24 11
13.527 2.5195 3.5812 45 26 12
13.459 2.5124 3.6792 47 24 6
13.472 2.4716 3.7172 48 27 0
13.487 2.454 3.5266 43 25 3
13.533 2.416 3.609 47 21 4
13.478 2.5528 3.6862 44 26 2
13.483 2.4091 3.6391 45 27 3
13.498 2.4169 3.5661 46 23 7
13.513 2.4754 3.727 47 22 0
13.434 2.2743 3.5742 46 25 6
13.442 2.3064 3.6591 48 26 5
13.47 2.2894 3.5872 46 25 4
13.442 2.3244 3.6237 46 27 0
13.484 2.2738 3.7448 50 24 7
13.458 2.3762 3.63 47 24 6
13.446 2.4421 3.7095 45 27 5
13.48 2.2893 3.5457 44 26 2
13.487 2.2024 3.7023 46 24 13
13.453 2.2487 3.7391 48 26 15
13.431 2.2991 3.5381 48 25 7
13.462 2.3332 3.7055 47 25 4
13.504 2.2722 3.6726 48 26 5
13.488 2.1515 3.6177 44 27 0
13.514 2.307 3.56 46 25 4
13.484 2.3451 3.595 46 24 0
13.431 2.1175 3.7258 48 25 7
13.451 2.1741 3.5329 46 25 6
13.4 2.0781 3.5497 45 24 3
13.399 2.1127 3.677 44 24 0
13.42 2.1972 3.6085 44 23 4
13.486 2.1365 3.6565 46 25 4
13.456 2.1754 3.6931 47 25 4
13.434 2.0595 3.6418 44 23 6
13.46 2.0795 3.6895 46 25 4
13.443 2.0813 3.5589 46 25 0
13.411 2.1969 3.6438 47 25 2
13.427 2.2018 3.5697 45 24 5
13.392 2.0145 3.7108 47 26 5
13.4 2.0191 3.6707 42 25 0
13.379 2.0283 3.5417 45 24 5
13.372 2.0976 3.6274 47 24 8
13.321 2.0396 3.5711 45 24 7
13.192 1.9581 3.6907 48 27 0
14.702 2.9148 3.5393 75 43 22
14.641 3.0299 3.3867 75 43 22
14.59 2.8911 3.4349 68 39 17
14.588 2.9613 3.4039 74 43 23
14.654 2.9148 3.3635 73 42 21
14.653 2.9682 3.3735 72 43 11
14.677 2.9159 3.4528 77 48 24
14.634 2.8721 3.5208 73 42 14
14.476 3.0383 3.4784 72 41 21
14.627 2.9022 3.3154 72 41 11
14.6 2.9127 3.3544 73 41 18
14.529 2.9199 3.5099 72 43 22
14.571 2.9625 3.4461 72 43 22
14.596 2.9543 3.4049 75 45 21
14.609 2.9195 3.315 72 41 11
14.5 2.9636 3.4731 69 37 12
14.482 2.9284 3.4633 74 44 8
14.439 2.9171 3.453 74 43 23
14.481 2.9054 3.3774 75 40 18
14.48 2.9147 3.5013 76 43 8
14.434 2.9071 3.4937 73 43 19
14.433 2.8991 3.3668 72 42 16
14.504 2.9509 3.3511 63 33 17
14.466 2.9059 3.4126 74 41 22
14.52 2.9057 3.4238 69 39 23
14.504 2.9368 3.3885 69 40 9
14.412 2.9142 3.5305 75 42 9
14.414 2.9339 3.331 72 41 13
14.261 2.954 3.3922 72 41 20
14.197 2.9542 3.4187 70 39 8
14.29 2.9392 3.3536 73 41 20
14.244 2.9273 3.5022 72 42 8
14.199 2.9919 3.4626 76 47 16
14.346 2.9193 3.398 73 42 21
14.187 2.9804 3.3826 73 42 12
14.252 2.9245 3.3402 70 41 9
14.306 2.9159 3.5108 73 42 11
14.392 2.8874 3.3561 75 43 20
14.259 2.9423 3.4276 74 44 8
14.324 2.9513 3.5212 72 42 8
14.383 2.9117 3.3213 72 43 1
14.182 2.9711 3.4194 70 39 8
14.288 2.9503 3.4701 73 43 19
14.24 3.0063 3.3201 73 39 10
14.154 2.9209 3.3272 70 39 19
13.983 3.0313 3.3976 72 41 13
14.079 2.9458 3.4737 75 43 22
14.026 2.993 3.5089 76 45 15
14.131 2.9965 3.4945 78 44 19
14.218 2.9156 3.4562 81 46 27
14.102 3.0339 3.3394 71 38 19
13.941 3.0665 3.4314 76 42 17
14.011 3.0133 3.3622 70 39 19
14.167 2.9425 3.5283 77 43 14
14.121 2.9536 3.4844 74 44 20
14.119 2.9862 3.4104 74 45 13
14.061 3.0063 3.5195 73 43 15
14.074 2.9966 3.3663 72 40 17
14.055 2.9889 3.4393 73 41 18
13.973 3.072 3.3279 71 41 15
14.104 2.988 3.4496 74 43 23
14.131 2.9869 3.374 72 41 11
14.045 3.0142 3.4059 72 41 20
13.873 3.068 3.3459 73 43 7
13.807 3.0906 3.4849 75 43 20
13.795 3.079 3.4088 75 41 14
13.821 3.0615 3.3722 74 42 17
13.924 3.0468 3.3891 71 41 17
13.886 3.0631 3.4598 73 43 17
13.928 3.056 3.3534 70 39 18
13.907 3.052 3.4235 74 43 15
13.899 3.0327 3.4932 76 45 24
13.846 3.057 3.4502 73 44 13
13.923 3.0585 3.5018 74 42 17
13.813 3.0684 3.5173 76 42 15
13.833 3.0613 3.339 73 41 20
13.874 3.0489 3.5265 74 45 14
13.886 3.0371 3.3816 76 43 12
13.958 3.0321 3.4655 75 46 24
13.835 3.0847 3.4163 75 44 23
13.695 3.0674 3.4595 79 45 20
13.645 3.1058 3.3864 75 43 22
13.688 3.0645 3.35 74 44 20
13.734 3.101 3.4014 73 43 19
13.714 3.0856 3.3603 74 42 19
13.68 3.0729 3.4913 76 46 12
13.767 3.0721 3.5088 76 45 15
13.773 3.0374 3.4336 77 45 22
13.765 3.0904 3.335 73 42 14
13.792 3.0541 3.4746 77 47 13
13.73 3.0642 3.5029 75 44 16
13.692 3.086 3.4258 75 43 20
13.718 3.0671 3.3939 75 42 23
13.698 3.1192 3.4681 78 49 18
13.792 3.0693 3.4436 74 43 12
13.805 3.0265 3.365 75 44 13
13.58 3.1243 3.4116 75 43 20
13.589 3.0697 3.5085 73 38 16
13.585 3.0885 3.3385 68 38 14
13.607 3.1146 3.4834 79 45 20
13.606 3.103 3.3786 72 38 11
13.559 3.0537 3.361 55 33 9
13.587 3.0867 3.4763 75 42 11
13.574 3.0904 3.3696 71 41 15
13.581 3.0666 3.4021 71 40 20
13.613 3.0931 3.5146 77 42 22
13.618 3.1136 3.4524 75 45 11
13.615 3.1046 3.3455 73 44 13
13.643 3.0945 3.4175 75 43 22
13.558 3.0833 3.4368 72 41 11
13.605 3.0761 3.4431 74 42 21
13.561 3.0655 3.4686 68 38 14
13.562 3.0497 3.5004 42 22 0
13.565 3.06 3.3295 66 35 15
13.565 2.8947 3.4098 51 24 13
13.557 2.9982 3.4938 50 25 5
13.534 2.9583 3.5191 53 27 4
13.559 3.0107 3.459 50 29 8
13.54 2.9777 3.4523 48 27 10
13.546 2.9084 3.4442 50 27 11
13.545 2.9563 3.4865 50 26 14
13.55 3.0083 3.3529 50 28 5
13.58 3.0092 3.3943 55 26 2
13.525 2.97 3.3775 49 26 10
13.527 3.0267 3.3873 51 24 13
13.556 2.9694 3.4179 51 26 6
13.55 2.8879 3.4787 53 29 15
13.532 2.9746 3.3413 48 26 5
13.559 3.0248 3.427 55 25 11
13.514 2.8634 3.5044 47 23 9
13.511 2.8509 3.3928 53 30 12
13.527 2.9201 3.3333 50 25 5
13.505 2.9378 3.3672 50 25 3
13.521 2.7887 3.4948 51 28 12
13.507 2.825 3.4605 46 28 6
13.517 2.8739 3.4688 52 29 13
13.519 2.7713 3.3817 54 29 6
13.498 2.8862 3.3603 49 26 10
13.486 2.8089 3.4184 52 29 11
13.52 2.9168 3.5115 48 23 3
13.492 2.83 3.3493 51 28 12
13.506 2.8888 3.3251 50 25 3
13.511 2.898 3.4372 52 29 11
13.494 2.9403 3.4023 51 29 6
13.496 2.8591 3.4248 53 27 12
13.529 2.6174 3.3611 47 23 9
13.529 2.724 3.4541 53 27 12
13.501 2.7379 3.5222 47 27 2
13.558 2.6566 3.3333 48 25 9
13.512 2.5891 3.3163 45 23 12
13.513 2.576 3.5078 43 23 0
13.528 2.624 3.5159 47 25 10
13.535 2.6238 3.3241 48 24 10
13.515 2.59 3.4715 49 31 11
13.508 2.7225 3.3711 51 28 12
13.53 2.6362 3.4802 49 26 10
13.505 2.6939 3.4442 49 25 11
13.538 2.6564 3.4062 50 30 3
13.507 2.6198 3.4357 49 20 12
13.5 2.6492 3.3966 46 24 9
13.515 2.7299 3.4876 50 27 11
13.507 2.5812 3.3522 46 22 8
13.483 2.4787 3.4896 45 26 9
13.494 2.4774 3.452 46 26 2
13.51 2.4052 3.3649 46 25 4
13.487 2.4643 3.3279 44 21 5
13.48 2.4244 3.4422 46 23 5
13.475 2.4508 3.4041 48 25 7
13.504 2.5188 3.4981 47 26 5
13.503 2.3651 3.4817 50 26 12
13.493 2.4968 3.416 45 23 8
13.517 2.5134 3.4613 47 26 7
13.479 2.5555 3.3427 45 27 13
13.499 2.5612 3.4253 47 27 3
13.499 2.5771 3.3877 43 25 5
13.484 2.4781 3.4896 45 26 9
13.469 2.4177 3.3203 42 23 9
13.475 2.5456 3.3793 46 24 11
13.469 2.4087 3.5186 45 22 6
13.45 2.3367 3.3855 46 25 4
13.468 2.3668 3.4339 46 25 6
13.448 2.4207 3.3963 45 25 14
13.448 2.2559 3.3769 46 25 4
13.481 2.2955 3.344 45 27 5
13.484 2.2339 3.4599 46 25 6
13.474 2.3177 3.5092 48 25 7
13.448 2.3208 3.4247 43 25 13
13.485 2.3082 3.3061 44 23 6
13.439 2.4554 3.3591 46 25 6
13.454 2.2727 3.4996 48 25 7
13.444 2.3011 3.2988 43 21 8
13.438 2.2936 3.3395 44 23 4
13.425 2.2825 3.4134 46 24 11
13.467 2.3503 3.4736 49 26 10
13.44 2.2336 3.4536 46 24 3
13.433 2.1218 3.5205 47 24 8
13.386 2.113 3.3411 46 23 15
13.421 2.094 3.4336 42 24 10
13.386 2.2242 3.3148 42 21 0
13.452 2.1412 3.4017 47 25 14
13.401 2.2614 3.3671 46 21 14
13.404 2.2864 3.4893 47 25 10
13.431 2.1431 3.4832 46 24 11
13.41 2.1354 3.3915 45 26 12
13.415 2.0852 3.4698 49 27 4
13.449 2.1866 3.3218 42 23 9
13.407 2.0895 3.3015 45 25 0
13.435 2.1558 3.4426 43 24 7
13.356 2.0634 3.3737 46 23 7
13.364 2.0809 3.5 43 23 0
13.354 2.1009 3.4998 43 23 0
13.349 2.0976 3.3354 43 26 0
14.777 3.0347 3.1951 41 21 0
14.776 3.0205 3.235 45 23 0
14.54 2.9779 3.1902 67 43 7
14.607 2.9359 3.2753 73 39 12
14.562 2.9108 3.3066 70 38 0
14.531 2.963 3.0987 69 39 15
14.611 2.9404 3.1043 72 42 16
14.578 2.9103 3.2672 72 36 12
14.498 2.9797 3.1425 69 37 0
14.629 2.946 3.1955 70 40 12
14.499 3.002 3.232 69 38 8
14.406 2.973 3.2532 69 37 12
14.466 2.8965 3.289 68 38 12
14.364 2.9463 3.2822 70 37 20
14.387 2.9678 3.1678 71 39 14
14.514 2.8706 3.0755 74 42 17
14.454 3.0078 3.1873 63 35 6
14.43 2.8937 3.2424 69 40 0
14.407 2.9863 3.2178 68 38 10
14.353 2.9783 3.0844 78 45 14
14.475 2.8632 3.1956 71 40 10
14.503 2.9297 3.2565 62 30 7
14.518 2.8914 3.1652 62 34 5
14.389 2.981 3.1287 68 38 2
14.252 2.9548 3.27 71 41 17
14.176 3.0267 3.1512 69 38 7
14.284 2.9362 3.2257 69 38 10
14.319 2.9444 3.1096 78 48 14
14.156 3.0091 3.1054 77 46 18
14.208 2.9779 3.1856 67 34 17
14.277 2.9732 3.1548 68 39 0
14.174 2.984 3.2626 69 38 10
14.237 2.9554 3.3065 71 40 19
14.396 2.8725 3.233 68 37 6
14.294 2.9154 3.0997 76 46 20
14.304 2.9994 3.1635 71 42 10
14.213 2.9573 3.2229 68 38 10
14.278 2.981 3.2791 71 40 9
14.294 2.9404 3.1878 67 38 6
14.433 2.8813 3.1086 84 50 21
14.298 2.9904 3.2027 73 41 18
14.003 3.0525 3.2903 67 37 11
14.101 3.01 3.2581 70 38 13
14.055 2.967 3.2021 68 37 7
14.177 2.9157 3.1252 69 37 14
14.086 2.9467 3.163 68 41 8
14.199 2.9167 3.2102 67 37 13
14.177 2.9661 3.2983 68 35 18
13.998 3.0181 3.2436 67 36 8
14.095 3.0175 3.257 70 38 13
14.194 2.8918 3.2875 69 38 18
14.142 2.9694 3.094 74 42 17
14.106 2.9798 3.1706 66 36 12
13.999 3.0608 3.1374 75 43 20
14.054 3.0082 3.2507 68 37 7
14.189 2.9578 3.1374 71 42 2
14.173 2.9612 3.1768 67 40 7
14.103 2.9676 3.2102 70 39 9
13.866 3.0503 3.2665 71 41 7
13.811 3.0915 3.1917 73 43 9
13.86 3.0712 3.2307 70 40 6
13.857 3.049 3.1513 72 38 9
13.98 3.0125 3.1676 70 39 9
13.938 3.0478 3.2012 71 38 19
13.863 3.0386 3.3015 71 36 16
14.031 2.9646 3.2748 70 39 9
13.937 3.0347 3.2376 72 38 9
13.923 3.0768 3.3184 70 37 18
13.9 3.0381 3.1931 71 40 19
13.88 3.0354 3.1155 70 40 16
13.877 3.077 3.3113 71 41 15
13.805 3.084 3.2277 71 39 14
14.011 2.9915 3.1232 74 45 14
13.769 3.1147 3.2648 71 38 5
13.893 3.0725 3.2758 69 38 17
13.944 3.0155 3.1176 74 45 11
13.917 3.0319 3.1575 69 38 8
14.015 2.9873 3.121 74 45 14
13.695 3.0702 3.173 73 39 2
13.691 3.089 3.283 74 43 12
13.736 3.0743 3.1797 72 41 13
13.693 3.1007 3.2499 74 41 10
13.792 3.0717 3.2973 74 39 9
13.72 3.0924 3.3245 76 42 15
13.748 3.0731 3.1446 73 42 12
13.763 3.0808 3.2186 71 39 14
13.747 3.0456 3.2121 73 42 14
13.805 3.0426 3.181 70 40 14
13.672 3.0999 3.3185 72 41 10
13.715 3.0595 3.1345 73 42 11
13.664 3.0965 3.2066 69 39 15
13.822 3.0359 3.1435 75 42 7
13.772 3.0551 3.2528 73 37 15
13.759 3.0576 3.2888 72 39 4
13.559 3.0968 3.2648 68 36 15
13.587 3.0724 3.2277 70 37 4
13.641 3.0844 3.309 73 42 12
13.576 3.0597 3.1498 71 38 7
13.683 3.0433 3.2722 69 38 8
13.585 3.103 3.3062 68 36 15
13.586 3.1159 3.2715 70 38 15
13.58 3.0964 3.1963 67 36 16
13.685 3.055 3.2395 66 34 11
13.574 3.1195 3.162 70 39 9
13.662 3.0717 3.1298 74 43 13
13.587 3.0729 3.2279 70 37 4
13.534 3.1027 3.1909 70 37 18
13.568 3.1543 3.2428 70 38 17
13.621 3.0972 3.202 67 37 9
13.555 3.0879 3.2956 71 41 7
13.566 2.984 3.2057 43 20 4
13.526 2.9347 3.1535 46 23 7
13.553 2.9583 3.3089 48 27 8
13.542 3.0487 3.2878 49 19 0
13.519 3.0223 3.1344 48 27 6
13.535 2.969 3.1985 42 24 2
13.549 3.0244 3.3172 45 22 4
13.535 2.9535 3.2332 48 27 0
13.543 3.0315 3.1786 44 24 0
13.516 2.9671 3.2685 49 27 4
13.558 2.8888 3.297 50 26 0
13.568 3.0111 3.1396 49 23 0
13.566 2.9693 3.2395 44 23 2
13.55 3.0523 3.2538 47 22 0
13.52 3.0054 3.1686 46 24 0
13.536 2.9357 3.118 44 22 0
13.555 3.0591 3.2203 53 29 1
13.55 2.9774 3.2735 47 21 6
13.512 2.8142 3.3149 49 27 3
13.524 2.8087 3.127 49 26 8
13.504 2.8898 3.1787 47 26 5
13.51 2.8647 3.2112 47 25 1
13.529 2.8037 3.2796 48 26 3
13.515 2.7749 3.2308 49 24 2
13.489 2.8811 3.2483 49 24 4
13.521 2.8817 3.2904 51 26 3
13.53 2.7831 3.1592 48 26 3
13.537 2.8881 3.221 45 23 0
13.518 2.901 3.2572 49 22 1
13.506 2.7733 3.268 48 26 2
13.495 2.8231 3.2012 48 26 2
13.515 2.8885 3.1429 47 27 0
13.513 2.9399 3.1881 48 26 3
13.565 2.5705 3.1607 45 26 10
13.495 2.7064 3.2916 49 25 13
13.503 2.5832 3.1956 41 23 1
13.507 2.6826 3.1359 50 26 0
13.524 2.587 3.278 41 26 0
13.518 2.6313 3.2054 45 23 10
13.506 2.7709 3.1156 45 23 0
13.54 2.6817 3.1809 50 25 3
13.494 2.7724 3.153 45 24 3
13.518 2.574 3.1566 44 23 6
13.456 2.6958 3.1321 44 22 0
13.541 2.6482 3.2529 48 26 2
13.538 2.5795 3.2415 43 21 0
13.517 2.7039 3.219 48 26 2
13.522 2.7315 3.3006 50 24 10
13.493 2.7223 3.103 48 23 0
13.457 2.4576 3.2837 44 27 0
13.521 2.3529 3.0701 43 22 5
13.475 2.4965 3.1338 45 23 0
13.538 2.4647 3.1394 43 24 7
13.496 2.5425 3.3037 47 26 7
13.512 2.5277 3.1047 41 23 1
13.486 2.5028 3.2561 46 25 6
13.452 2.4605 3.1223 41 23 3
13.484 2.5982 3.2353 44 18 4
13.492 2.5078 3.2222 43 25 3
13.507 2.4475 3.2924 45 24 7
13.48 2.5068 3.0954 46 24 0
13.488 2.534 3.1831 45 22 6
13.496 2.5597 3.2694 46 24 3
13.442 2.5038 3.2482 45 24 3
13.458 2.5095 3.1709 44 23 4
13.491 2.4323 3.206 43 20 2
13.496 2.2587 3.1732 43 22 5
13.399 2.3229 3.252 42 25 0
13.459 2.3099 3.2217 40 22 0
13.445 2.393 3.1083 42 22 0
13.455 2.2512 3.1686 42 21 2
13.468 2.2062 3.2051 43 23 0
13.435 2.3091 3.1338 45 24 7
13.402 2.306 3.085 43 23 0
13.441 2.3808 3.1458 42 24 4
13.443 2.3119 3.0935 40 21 4
13.478 2.2551 3.2562 43 21 0
13.457 2.3784 3.2718 44 22 7
13.455 2.4008 3.2322 46 22 10
13.465 2.3997 3.1963 41 24 6
13.453 2.4406 3.1577 43 24 7
13.427 2.4432 3.0767 44 24 0
13.405 2.2042 3.2755 44 23 4
13.42 2.1229 3.1791 43 19 5
13.348 2.2506 3.2302 42 21 4
13.406 2.1524 3.1819 43 19 5
13.382 2.1695 3.0554 45 24 7
13.417 2.1987 3.2326 44 23 4
13.376 2.2314 3.1506 46 24 13
13.396 2.2599 3.2001 44 23 6
13.383 2.1072 3.1716 41 22 5
13.434 2.2345 3.2838 45 25 0
13.357 2.1415 3.2164 43 26 0
13.414 2.2633 3.1211 41 24 0
13.356 2.0907 3.1212 46 23 7
13.256 2.2645 3.2161 43 23 0
13.302 2.0497 3.2326 35 16 0
13.29 2.0958 3.1935 38 17 0
14.56 3.0475 2.9574 72 42 16
14.566 2.952 2.8816 68 38 4
14.463 2.9375 3.0418 74 42 30
14.481 2.98 2.8827 67 36 15
14.438 2.9766 3.0093 68 38 14
14.478 3.0069 2.9756 64 35 11
14.413 2.933 3.0356 77 43 18
14.463 2.9436 2.8726 63 38 6
14.516 2.9549 3.0101 69 41 14
14.437 2.924 2.9936 74 44 20
14.422 3.052 2.8584 65 36 5
14.329 2.9788 2.997 77 45 20
14.236 2.9678 2.982 77 42 20
14.226 2.9485 3.0566 78 43 13
14.343 2.9097 2.9773 76 45 15
14.364 2.9126 3.0656 77 42 20
14.264 2.9626 3.0668 77 42 20
14.218 2.9723 3.0216 75 41 16
14.136 3.0507 2.9119 39 14 0
14.291 2.9497 3.0238 77 46 15
14.36 2.9318 3.0282 79 45 16
14.201 2.9806 2.896 39 14 0
14.13 2.9415 3.0447 75 43 20
13.977 3.0641 2.9008 36 18 0
14.217 2.9324 2.9674 76 44 19
14.082 2.9538 3.0058 78 45 12
14.129 2.916 2.9601 73 41 18
14.033 2.9958 3.0507 76 44 19
14.035 2.9785 3.0857 77 45 6
14.065 3.0002 3.0921 75 45 11
14.102 2.988 3.0141 75 44 13
13.954 3.1296 2.9583 51 25 0
14.085 3.0517 2.9051 37 16 0
14.146 2.9951 3.0196 77 45 22
13.926 3.1085 2.9475 58 30 3
14.235 2.8703 2.9164 67 35 10
14.044 3.043 2.9031 41 17 3
14.12 3.052 2.9554 71 42 10
14.094 3.0377 3.0653 76 44 21
13.847 3.1183 3.0227 72 40 19
13.891 3.0509 3.0484 70 40 14
13.938 2.9802 3.0673 69 39 3
13.938 2.9828 2.9122 65 35 7
13.805 3.0867 3.0799 68 39 8
13.939 3.0381 2.9283 55 30 7
13.913 3.1081 2.9893 72 40 15
13.973 2.9951 3.0779 75 44 14
13.896 3.0739 2.9785 75 42 9
13.989 2.9907 3.0445 76 45 17
13.951 3.0391 2.8938 40 12 0
13.936 3.0674 3.0192 76 41 21
13.842 3.0548 3.0389 69 40 18
13.889 3.0274 2.9601 65 36 15
13.858 3.0507 3.0004 64 37 20
13.768 3.0913 3.0383 69 38 17
13.793 3.0748 2.9987 68 37 17
13.719 3.0975 3.0333 69 39 15
13.675 3.139 3.0766 70 41 7
13.798 3.0807 3.1154 68 39 7
13.778 3.0667 2.9193 70 38 0
13.729 3.1137 2.9658 69 36 5
13.729 3.0422 2.9827 69 38 17
13.747 3.0338 2.9434 70 40 4
13.726 3.1031 2.9988 67 37 11
13.706 3.0859 3.1031 69 39 13
13.84 3.0306 2.9544 68 39 8
13.836 3.0506 2.9196 67 36 6
13.774 3.0688 3.0709 69 38 17
13.686 3.1269 2.9266 69 39 15
13.719 3.1242 3.1152 69 38 7
13.663 3.1133 3.0311 69 39 15
13.67 3.0908 3.0623 70 41 17
13.606 3.0318 2.966 67 40 7
13.566 3.073 3.0089 65 36 12
13.567 3.1141 3.0557 68 37 16
13.672 3.0601 2.9798 70 38 15
13.685 3.0558 3.0915 69 39 15
13.618 3.0296 3.0786 66 37 16
13.617 3.0752 3.1249 72 40 15
13.618 3.1023 3.0591 70 40 12
13.654 3.0695 3.0186 70 38 13
13.537 3.0991 3.0468 67 37 9
13.616 3.0914 2.9456 72 40 0
13.556 3.1439 3.0268 70 39 11
13.616 3.1484 2.9613 73 40 5
13.572 3.0786 3.12 69 40 6
13.601 3.0539 2.9362 66 36 0
13.548 3.1683 2.9965 69 38 18
13.597 3.116 3.096 67 38 14
13.504 2.9812 2.9773 48 21 12
13.52 3.035 3.1008 40 21 5
13.566 2.9215 3.0447 45 19 4
13.52 3.0196 2.9881 41 19 6
13.536 2.9494 2.9348 43 22 5
13.551 3.0494 3.1101 49 21 0
13.535 3.0874 3.0797 63 35 6
13.533 3.0901 2.9367 63 34 10
13.53 3.0641 3.0031 56 25 4
13.57 3.0233 2.9585 57 27 0
13.548 3.0238 3.0316 43 17 0
13.523 3.0456 3.0681 44 15 7
13.511 3.0172 3.0258 42 21 4
13.556 2.922 3.0795 45 16 12
13.506 3.0548 2.9589 47 19 6
13.516 2.9021 3.1092 46 24 3
13.492 2.9215 2.9976 48 22 5
13.502 2.8597 3.0961 46 24 0
13.547 2.8211 3.018 45 25 1
13.519 2.8311 2.9403 43 20 2
13.516 2.7712 3.0774 44 21 3
13.513 2.9225 3.0762 47 24 6
13.506 2.8191 3.0116 45 22 4
13.513 2.789 2.8906 45 24 3
13.498 2.8147 3.049 46 25 6
13.497 2.9294 2.9628 46 24 0
13.519 2.9281 3.0419 49 23 6
13.516 2.9024 3.1091 46 24 3
13.52 2.847 3.0586 50 24 7
13.562 2.7805 2.8935 46 24 0
13.538 2.7852 2.9707 46 23 5
13.553 2.8936 2.9979 45 22 6
13.505 2.9324 2.9264 46 21 0
13.468 2.7425 2.99 46 23 5
13.54 2.6408 2.9324 49 23 8
13.528 2.552 2.9919 44 23 2
13.58 2.4825 2.9393 43 21 6
13.55 2.6459 3.0559 45 22 4
13.492 2.7362 2.9137 48 23 0
13.505 2.6653 3.0157 48 25 7
13.521 2.7438 2.9564 45 19 5
13.546 2.7198 2.9156 45 23 0
13.509 2.6197 2.9256 43 21 0
13.51 2.6217 3.0855 46 21 0
13.527 2.7329 2.9548 45 19 5
13.509 2.6379 2.8878 44 22 0
13.482 2.7892 3.0026 50 24 7
13.519 2.7135 3.029 48 22 7
13.488 2.6758 3.0544 44 23 4
13.469 2.5377 2.8971 43 23 0
13.516 2.5562 3.0329 42 24 4
13.466 2.5259 2.9364 41 24 4
13.466 2.6355 2.8835 41 19 4
13.474 2.4564 3.0428 44 22 0
13.505 2.4383 2.9632 44 24 15
13.482 2.5377 3.0218 43 22 3
13.533 2.3444 2.8562 41 24 0
13.48 2.5594 2.9871 46 25 8
13.495 2.4982 3.0558 42 24 2
13.522 2.5219 2.9022 41 23 0
13.511 2.483 2.8482 42 24 4
13.5 2.565 3.0753 43 23 12
13.456 2.4461 2.956 44 20 6
13.508 2.4133 2.9993 43 24 7
13.493 2.5548 2.9464 43 22 5
13.492 2.3996 2.909 43 23 0
13.454 2.2432 2.9925 43 26 6
13.391 2.3578 2.8456 40 19 0
13.447 2.4446 2.9964 40 21 7
13.492 2.3158 2.8894 42 23 6
13.44 2.3566 3.0189 40 21 4
13.42 2.3488 2.9308 39 17 4
13.461 2.2509 2.9538 44 20 6
13.474 2.3111 2.9701 44 23 6
13.456 2.3078 3.0504 41 24 0
13.445 2.4033 2.9053 42 23 6
13.452 2.3155 3.0513 41 24 0
13.458 2.3981 2.8635 43 23 0
13.467 2.2969 2.8391 41 21 0
13.462 2.2079 3.0325 42 21 4
13.467 2.3429 2.9355 40 21 5
13.405 2.5027 3.0429 41 21 0
13.394 2.3335 2.8803 41 23 0
13.379 2.2744 2.8618 44 24 0
13.36 2.2352 3.021 42 23 9
13.424 2.2337 2.9457 42 22 0
13.455 2.1935 2.8979 39 19 0
13.412 2.1675 2.9315 45 23 8
13.419 2.2247 2.983 44 20 6
13.384 2.2459 2.9015 43 21 0
13.34 2.1124 2.9493 42 20 5
13.214 2.3419 3.0619 43 21 6
13.304 2.168 3.0006 44 20 6
13.22 2.1642 2.9872 41 21 10
14.605 3.0133 2.7767 70 41 9
14.546 2.9471 2.7951 70 42 15
14.474 3.0087 2.6737 68 39 18
14.537 2.9626 2.6198 65 37 8
14.444 3.0231 2.7199 67 37 13
14.327 3.0598 2.6474 61 36 6
14.342 3.001 2.7516 33 8 1
14.357 3.0253 2.8016 68 37 16
14.433 2.9646 2.7418 54 28 11
14.379 2.9886 2.8316 53 25 0
14.376 2.9821 2.7054 63 36 15
14.39 2.983 2.6587 65 37 8
14.205 3.0352 2.7476 19 3 3
14.386 2.9418 2.7744 25 9 0
14.363 2.965 2.7792 25 9 0
14.082 2.9593 2.8379 24 12 0
14.004 3.0768 2.7912 9 4 0
14.022 3.0424 2.8202 6 6 0
13.982 3.0616 2.7423 14 9 15
14.069 3.019 2.7343 14 10 1
14.088 2.9559 2.6701 18 7 1
14.041 3.0895 2.7962 14 5 0
13.914 3.0419 2.8502 68 39 17
13.892 3.0412 2.7678 66 40 15
13.895 3.052 2.7329 65 43 19
13.833 3.0691 2.8881 65 38 1
13.828 3.092 2.702 70 42 11
13.931 3.0915 2.8266 38 19 5
13.978 3.0525 2.7777 37 15 2
13.847 3.0666 2.851 64 35 11
13.916 3.0547 2.8124 40 18 3
13.862 3.063 2.8108 66 38 9
13.872 3.0769 2.8937 68 38 10
13.965 3.0405 2.6931 37 14 6
13.878 3.0159 2.7175 69 39 13
13.938 3.0424 2.7719 41 12 4
13.921 3.0358 2.689 54 27 16
14.054 2.9213 2.7001 37 17 6
14.059 2.9279 2.8279 38 15 0
13.663 3.1146 2.8848 69 40 8
13.719 3.0992 2.8859 68 37 9
13.747 3.0774 2.8425 69 38 7
13.673 3.1028 2.731 72 43 9
13.763 3.0719 2.8057 70 40 14
13.721 3.083 2.7667 70 42 15
13.783 3.0758 2.7312 70 39 9
13.749 3.0618 2.7232 69 39 11
13.801 3.0817 2.811 71 42 21
13.716 3.0609 2.8349 70 38 15
13.677 3.1261 2.8135 72 42 14
13.82 3.0426 2.8398 63 36 1
13.844 2.9979 2.8664 67 38 6
13.759 3.0917 2.7709 70 42 15
13.842 3.045 2.7661 70 42 5
13.608 3.1162 2.9147 69 39 15
13.642 3.0864 2.7245 72 44 4
13.565 3.1183 2.764 71 41 15
13.706 3.0446 2.9045 71 38 5
13.6 3.0993 2.8356 68 39 8
13.623 3.0965 2.765 72 41 13
13.613 3.0962 2.8003 70 41 17
13.571 3.1241 2.8764 70 39 9
13.591 3.0677 2.7884 72 43 21
13.658 3.0943 2.8025 70 41 19
13.653 3.0703 2.8709 72 39 8
13.577 3.1008 2.9073 66 37 3
13.619 3.131 2.847 70 38 15
13.563 3.0775 2.8642 65 35 7
13.57 3.1262 2.7312 72 42 14
13.552 3.1065 2.8327 68 39 7
13.691 3.0656 2.7575 71 40 19
13.525 2.9651 2.7883 46 28 8
13.501 3.0158 2.7647 48 23 1
13.54 3.0202 2.9171 39 20 3
13.522 3.0615 2.7424 53 28 8
13.557 3.0707 2.897 64 33 2
13.51 3.0331 2.8446 40 18 5
13.537 2.9313 2.8151 39 23 0
13.518 3.1111 2.7929 69 40 18
13.551 2.9429 2.8976 42 22 0
13.543 3.0616 2.8171 64 34 6
13.529 3.0515 2.8883 45 18 0
13.543 3.0465 2.8507 48 23 0
13.528 3.0376 2.7723 49 21 8
13.516 3.0095 2.873 44 18 1
13.547 2.9633 2.7148 47 27 3
13.538 3.0978 2.7557 69 40 8
13.547 2.9954 2.7985 44 20 6
13.504 2.9327 2.7748 50 28 13
13.466 2.9595 2.8582 45 19 5
13.478 2.8759 2.8335 43 21 0
13.496 2.864 2.7925 47 26 7
13.477 2.8623 2.8679 46 25 4
13.493 2.8178 2.7392 49 28 11
13.488 2.9091 2.7282 47 27 3
13.491 2.9057 2.881 46 23 5
13.49 2.839 2.7058 49 22 3
13.477 2.9906 2.902 46 21 0
13.517 2.946 2.8568 42 22 0
13.493 2.9646 2.7485 46 26 2
13.513 2.9509 2.7076 47 25 4
13.521 2.8905 2.804 45 22 16
13.493 2.8852 2.7574 47 28 14
13.429 2.7865 2.878 43 21 0
13.502 2.6798 2.6591 48 22 5
13.456 2.844 2.8178 47 26 9
13.447 2.8426 2.8597 44 23 6
13.504 2.6421 2.7277 49 24 4
13.477 2.7038 2.7025 46 25 4
13.551 2.637 2.7287 45 25 0
13.48 2.6292 2.8428 45 23 0
13.463 2.6925 2.7771 43 22 1
13.453 2.8158 2.8913 48 22 0
13.482 2.7663 2.7231 47 25 4
13.486 2.7776 2.6874 48 23 3
13.494 2.6959 2.8211 44 23 6
13.535 2.5545 2.7862 43 24 8
13.505 2.6954 2.7827 46 28 8
13.484 2.8161 2.7753 51 26 6
13.457 2.5946 2.8313 43 24 7
13.454 2.578 2.7044 42 22 15
13.467 2.4755 2.6735 44 23 2
13.453 2.6189 2.7967 45 23 2
13.436 2.5135 2.724 46 23 5
13.438 2.4913 2.758 41 23 1
13.467 2.5363 2.7321 44 21 5
13.448 2.5162 2.8488 47 22 0
13.483 2.4662 2.632 44 23 2
13.501 2.5898 2.669 44 21 3
13.49 2.5725 2.7459 45 27 7
13.483 2.4904 2.7632 47 25 4
13.501 2.5721 2.7059 45 26 10
13.499 2.4429 2.7962 46 25 8
13.469 2.5694 2.6616 45 25 0
13.434 2.3979 2.7748 45 24 5
13.457 2.3362 2.8047 43 25 1
13.423 2.4951 2.6336 42 24 2
13.427 2.4674 2.6683 45 24 3
13.367 2.4425 2.7809 44 24 0
13.424 2.2862 2.6538 42 23 7
13.445 2.4157 2.696 46 25 0
13.461 2.3671 2.7258 46 23 5
13.395 2.4072 2.7322 44 23 2
13.459 2.4351 2.787 44 21 5
13.47 2.3946 2.8198 43 21 0
13.421 2.4163 2.6083 44 21 3
13.379 2.334 2.7506 45 22 4
13.348 2.1873 2.5779 45 22 4
13.425 2.2031 2.8088 46 25 4
13.368 2.2268 2.8085 44 23 4
13.402 2.2606 2.6019 40 21 4
13.407 2.2101 2.6783 43 21 6
13.11 2.5277 2.8145 42 23 6
14.499 3.0138 2.5931 70 40 6
14.504 3.0394 2.5112 70 40 16
14.446 3.0115 2.59 68 39 7
14.469 2.9951 2.4058 66 38 9
13.963 3.1006 2.5561 18 9 0
13.864 3.0503 2.5299 68 38 0
13.893 3.0152 2.5173 68 38 0
13.881 3.0864 2.5452 42 20 0
13.986 2.9761 2.4643 39 16 0
13.898 3.0216 2.6414 69 38 17
13.96 3.0038 2.6421 50 25 5
13.985 3.0048 2.5623 37 13 3
13.933 3.0513 2.6176 36 12 2
14.117 2.9103 2.5303 27 11 0
13.886 3.0646 2.58 63 41 17
13.872 3.0677 2.6135 65 40 18
13.863 3.0663 2.4953 69 39 11
13.958 3.0242 2.4432 39 13 0
13.847 3.1809 2.5794 29 15 2
13.914 3.1175 2.5166 28 13 8
13.954 3.0828 2.6278 29 8 3
13.756 3.0844 2.4978 69 41 14
13.768 3.0677 2.6505 71 40 12
13.752 3.0744 2.5344 66 35 17
13.794 3.0502 2.6049 68 36 15
13.718 3.0728 2.6515 72 39 20
13.7 3.0985 2.5026 68 39 17
13.696 3.0877 2.691 73 42 11
13.79 3.0825 2.6948 71 41 13
13.697 3.1151 2.6237 65 36 14
13.795 3.0777 2.5381 67 38 0
13.684 3.1044 2.5427 69 41 2
13.854 3.0467 2.5695 67 39 8
13.807 3.0779 2.4965 68 39 18
13.791 3.0679 2.571 68 39 7
13.732 3.098 2.6963 69 38 8
13.717 3.1041 2.5816 68 37 7
13.822 3.0574 2.6496 69 41 10
13.795 3.105 2.6235 71 39 18
13.624 3.1262 2.5474 70 41 10
13.569 3.1417 2.7001 70 42 13
13.61 3.087 2.5325 71 40 19
13.587 3.1036 2.5755 68 40 11
13.631 3.1026 2.5772 68 37 7
13.587 3.0585 2.6704 70 42 15
13.582 3.0506 2.7053 68 41 6
13.624 3.0822 2.6431 70 42 3
13.71 3.0411 2.5979 68 37 16
13.726 3.0346 2.5565 67 36 15
13.65 3.0903 2.6883 73 41 16
13.655 3.0991 2.6529 71 40 10
13.566 3.1021 2.6479 67 42 12
13.618 3.1043 2.6163 71 40 19
13.568 3.085 2.529 66 39 4
13.591 3.0829 2.6044 70 40 6
13.543 3.0749 2.639 67 36 16
13.56 3.0372 2.5107 65 36 14
13.523 2.9977 2.5713 44 23 2
13.505 3.0395 2.547 48 26 5
13.503 3.1021 2.7186 58 31 14
13.5 2.9856 2.6784 51 26 6
13.528 3.0217 2.6561 49 22 11
13.538 3.0532 2.553 62 32 14
13.504 2.9948 2.642 49 25 13
13.51 3.1079 2.6834 68 39 15
13.527 3.038 2.6234 53 24 0
13.531 3.1079 2.6109 68 37 17
13.53 2.9719 2.6009 46 23 5
13.538 3.0377 2.5839 53 25 0
13.537 2.9936 2.6838 49 28 1
13.597 2.9221 2.4657 43 25 5
13.57 3.0678 2.5631 67 39 12
13.473 2.9144 2.6134 48 28 3
13.513 2.9491 2.5514 48 24 0
13.49 2.8709 2.6397 50 25 5
13.527 2.812 2.4615 49 28 11
13.497 2.9104 2.6918 50 23 12
13.522 2.9042 2.6129 48 26 5
13.577 2.804 2.6217 48 26 3
13.511 2.8861 2.5337 46 26 2
13.533 2.9354 2.5064 46 25 4
13.532 2.7882 2.4933 49 24 4
13.53 2.8744 2.4869 48 26 5
13.514 2.9331 2.584 46 24 3
13.497 2.8929 2.5701 49 24 4
13.516 2.78 2.5707 49 25 0
13.5 2.8212 2.5435 46 24 3
13.501 2.8387 2.6687 48 23 3
13.474 2.8138 2.6585 50 25 2
13.486 2.775 2.5256 47 25 4
13.477 2.7724 2.5664 46 26 2
13.465 2.669 2.6487 45 24 5
13.496 2.7078 2.6248 49 24 4
13.48 2.6401 2.4817 44 26 2
13.462 2.8292 2.5071 46 24 3
13.498 2.6284 2.4328 44 24 0
13.502 2.624 2.5981 45 24 3
13.531 2.5944 2.5472 46 25 4
13.473 2.8307 2.6256 49 28 9
13.488 2.8055 2.4596 46 25 4
13.466 2.7191 2.5473 48 24 0
13.488 2.7005 2.5002 49 24 4
13.506 2.6882 2.4534 45 23 2
13.504 2.7109 2.5888 45 25 1
13.471 2.5799 2.4575 43 25 3
13.428 2.4996 2.4257 44 23 6
13.439 2.5626 2.6135 41 20 1
13.461 2.5377 2.402 44 23 6
13.473 2.5981 2.5885 42 24 2
13.483 2.4034 2.5673 44 23 6
13.471 2.524 2.5654 44 23 6
13.456 2.4726 2.5434 47 21 7
13.486 2.5347 2.4817 46 26 2
13.46 2.6379 2.5585 44 24 0
13.491 2.5499 2.6152 44 23 2
13.443 2.5516 2.4441 41 24 4
13.403 2.5858 2.5384 46 24 0
13.478 2.5679 2.4543 43 25 3
13.456 2.6636 2.5255 42 21 2
13.534 2.4887 2.3851 45 24 7
13.49 2.4486 2.4512 44 23 4
13.466 2.5517 2.531 44 23 4
13.439 2.3556 2.4655 43 22 3
13.432 2.4346 2.5285 45 23 12
13.447 2.2815 2.5692 43 25 1
13.396 2.4767 2.4117 42 20 5
13.387 2.4748 2.4571 43 22 1
13.393 2.488 2.5854 45 20 0
13.498 2.3519 2.4226 41 23 0
13.431 2.2862 2.4372 42 22 0
13.4 2.3917 2.5584 44 23 6
13.421 2.3461 2.3693 44 22 9
13.436 2.3421 2.4997 44 23 4
13.451 2.4175 2.4864 43 23 0
13.436 2.2955 2.3984 41 22 5
13.399 2.26 2.4298 43 23 0
13.409 2.2866 2.5276 43 20 2
13.374 2.2609 2.3385 38 22 0
13.35 2.3758 2.4219 44 22 0
13.397 2.2203 2.508 45 24 7
13.412 2.261 2.563 41 20 3
13.244 2.1252 2.5504 38 14 0
13.185 2.3431 2.4424 40 22 0
13.291 2.1629 2.4737 43 22 5
14.457 2.982 2.3125 65 39 16
14.302 3.0811 2.3537 59 31 17
14.437 3.0167 2.282 65 37 8
14.275 2.9593 2.2532 68 40 3
14.284 2.9757 2.349 69 39 13
14.359 2.9277 2.2413 71 37 25
14.32 2.9261 2.1994 67 41 14
14.252 3.0237 2.3268 69 38 20
14.215 2.9921 2.358 69 41 14
14.301 2.9161 2.2798 69 40 16
14.36 2.9271 2.2411 71 37 25
14.351 2.9625 2.3448 71 42 21
14.132 3.0265 2.3666 72 43 12
14.155 2.9449 2.3298 68 38 20
14.189 2.9522 2.2073 65 39 14
14.147 3.0247 2.3259 73 42 21
14.067 3.0008 2.3123 69 38 17
14.144 2.9874 2.2617 69 39 11
14.03 3.0716 2.2599 68 38 22
14.108 2.97 2.2554 69 41 14
14.117 3.0014 2.3122 73 40 21
14.057 2.997 2.3518 67 41 18
14.212 2.9691 2.2599 70 39 18
14.223 2.9727 2.2154 68 37 17
13.878 3.0626 2.4567 54 29 24
13.866 3.0921 2.4278 56 34 21
13.856 3.0917 2.3068 63 37 12
13.882 3.0752 2.2603 68 39 7
14.013 2.9745 2.3854 48 21 14
14.027 2.9739 2.3414 70 39 18
13.973 3.0097 2.2726 66 37 13
14.112 2.8906 2.2642 68 38 20
14.013 3.0196 2.2796 67 40 19
13.93 3.0741 2.2605 68 39 15
14.118 2.914 2.1911 68 37 16
13.923 2.9965 2.306 69 43 18
13.892 3.0755 2.3814 71 40 20
14.066 2.9714 2.3869 37 17 8
13.922 3.0539 2.3336 68 39 17
13.884 3.0283 2.3607 68 40 9
13.714 3.0946 2.4635 67 39 10
13.827 3.0548 2.3304 67 40 19
13.828 3.068 2.2967 67 36 15
13.721 3.1004 2.4244 68 39 17
13.802 3.0987 2.4669 70 38 13
13.663 3.1328 2.3995 67 37 13
13.732 3.1019 2.3884 66 36 18
13.808 3.1073 2.2753 61 36 16
13.736 3.0678 2.2954 67 38 14
13.823 3.0013 2.3062 66 38 11
13.813 3.0569 2.3706 68 38 22
13.791 3.0564 2.293 66 37 13
13.794 3.0655 2.4144 68 40 13
13.831 3.0781 2.4179 64 39 19
13.804 3.0387 2.4419 68 39 17
13.833 3.0185 2.2348 66 39 6
13.723 3.0693 2.3358 65 36 14
13.619 3.1051 2.3108 68 37 17
13.589 3.1296 2.3593 68 39 7
13.65 3.1065 2.5033 70 41 20
13.688 3.0709 2.4527 65 35 17
13.676 3.101 2.4252 68 37 16
13.616 3.0797 2.3766 65 36 14
13.668 3.0988 2.3043 68 36 23
13.619 3.1185 2.4297 67 39 12
13.665 3.0727 2.3735 68 37 17
13.607 3.0317 2.3529 64 38 13
13.677 3.0715 2.3351 69 39 15
13.579 3.086 2.3368 64 33 15
13.588 3.1019 2.4241 68 38 12
13.555 3.1179 2.5042 72 43 11
13.626 3.0661 2.3705 65 36 14
13.662 3.0761 2.3753 68 37 17
13.611 3.1144 2.4673 68 40 11
13.596 3.1209 2.5056 71 43 14
13.612 3.0555 2.2885 65 40 10
13.534 3.0117 2.3446 44 21 13
13.551 3.0034 2.3019 48 22 8
13.519 2.9873 2.4516 44 24 13
13.525 2.9624 2.4815 45 23 10
13.46 3.0592 2.365 46 24 9
13.548 3.0227 2.4278 56 28 0
13.535 2.9795 2.4112 43 23 12
13.554 3.0898 2.4171 67 37 13
13.506 3.0684 2.4817 54 28 1
13.519 3.0193 2.386 47 19 6
13.522 3.1054 2.4979 68 40 13
13.525 3.1014 2.3455 63 34 10
13.514 3.0876 2.4139 64 34 6
13.454 3.0677 2.368 46 24 9
13.53 3.1094 2.461 66 37 13
13.497 3.0193 2.3099 43 24 7
13.505 3.1139 2.3884 63 34 13
13.446 2.9531 2.3193 47 24 6
13.459 2.9669 2.4009 47 26 9
13.492 2.9321 2.3479 47 26 9
13.54 2.8762 2.4475 47 22 0
13.438 2.9171 2.4194 46 24 13
13.495 2.8611 2.3228 46 23 7
13.521 2.9362 2.394 48 25 7
13.503 2.9469 2.2791 44 22 7
13.492 2.8832 2.4478 47 25 12
13.478 2.9853 2.4457 42 20 7
13.513 2.8666 2.4027 46 24 0
13.45 2.9634 2.2848 46 22 8
13.521 2.8028 2.3389 47 23 13
13.537 2.8794 2.2891 40 22 2
13.519 2.9563 2.3581 44 26 6
13.495 2.6857 2.3319 43 21 6
13.484 2.7212 2.3041 43 24 10
13.515 2.7798 2.4099 45 20 13
13.484 2.8099 2.2988 45 27 5
13.448 2.7086 2.2987 47 24 6
13.47 2.7096 2.3793 47 24 16
13.52 2.6829 2.4129 47 25 10
13.438 2.7436 2.2709 45 24 7
13.491 2.7812 2.3295 47 25 4
13.516 2.6313 2.1826 45 23 8
13.48 2.8328 2.2687 45 24 3
13.472 2.7774 2.4097 45 26 12
13.484 2.7752 2.3649 46 24 3
13.486 2.7362 2.2708 43 23 12
13.459 2.7965 2.253 44 23 6
13.442 2.7391 2.4309 45 25 0
13.483 2.4565 2.2845 42 25 8
13.424 2.5256 2.3922 42 20 5
13.485 2.6097 2.3445 41 21 14
13.47 2.5188 2.2248 41 24 6
13.489 2.4273 2.3157 42 24 4
13.442 2.5497 2.2769 41 22 6
13.483 2.5733 2.2446 41 23 0
13.44 2.5938 2.3766 42 21 4
13.52 2.5686 2.2858 44 22 9
13.512 2.5459 2.3612 41 24 4
13.448 2.616 2.3017 41 22 6
13.481 2.5966 2.2135 40 23 3
13.419 2.4534 2.3702 43 21 6
13.449 2.3128 2.3158 41 22 6
13.405 2.4147 2.3052 38 19 13
13.433 2.383 2.2564 42 23 9
13.436 2.4609 2.2845 42 25 8
13.391 2.3369 2.3228 39 22 4
13.44 2.4339 2.3217 40 23 6
13.372 2.4722 2.162 18 9 4
13.44 2.4721 2.2453 40 24 7
13.816 3.1121 2.2369 62 35 14
13.998 2.9515 2.1624 58 31 10
13.744 3.0872 2.2246 60 35 13
13.747 3.0692 2.2559 62 35 14
13.708 3.0753 2.2194 61 33 4
13.804 3.0699 2.217 63 38 8
13.691 3.0828 2.2624 64 36 9
13.61 3.0728 2.2574 63 37 10
13.607 3.0918 2.2289 63 35 4
13.552 3.1087 2.2353 60 33 12
13.649 3.0938 2.2311 60 30 12
13.621 3.1169 2.2762 66 37 5
13.522 3.0145 2.231 44 22 1
13.566 3.058 2.29 64 34 16
13.504 3.0861 2.2971 57 27 1
13.54 3.1093 2.2727 64 35 13
13.537 3.0693 2.2177 63 33 9
13.511 3.0148 2.2691 45 21 9
13.538 3.0526 2.2451 62 34 3
13.476 2.9392 2.2369 43 21 6
13.481 2.9957 2.2572 45 25 1
13.598 2.6805 2.1156 40 23 6
13.477 2.8548 2.2401 42 23 6
13.526 2.7062 2.1721 43 21 8
13.447 2.8506 2.1981 41 23 0
12.26 4.4778 2.9045 22 13 4
12.262 4.4813 2.8919 21 9 0
13.446 3.169 2.0442 31 21 19
13.457 3.1525 2.0349 31 21 19
13.823 2.6473 1.7053 23 11 0
13.46 2.9946 2.0209 7 6 4
13.466 2.9361 1.9545 27 18 9
13.505 2.859 1.9535 17 14 9
13.391 2.9548 2.0478 9 8 3
13.343 2.881 2.0485 20 12 0
13.464 2.6945 1.9139 21 8 0
13.463 2.6221 1.8793 22 15 7
13.278 2.8144 1.9405 26 9 0
13.435 2.651 1.9353 39 27 11
13.188 2.8138 1.9869 56 33 15
13.117 2.8566 2.0484 51 33 9
13.241 2.7899 1.9748 36 33 26
13.201 2.8806 1.9789 30 13 6
13.175 2.8198 2.03 41 25 10
13.202 2.5037 1.9174 51 28 12
13.032 2.8177 1.9907 54 35 5
13.208 2.5976 1.9161 48 30 18
13.057 2.7459 1.9955 51 31 22
13.123 2.7873 1.9709 53 31 16
13.076 2.7855 2.0122 50 33 13
13.079 2.7983 1.9773 54 30 4
13.016 2.7512 1.9972 57 33 19
13.062 2.7153 2.0178 57 32 9
13.141 2.4574 1.8939 52 34 24
13.001 2.7008 1.9724 50 26 14
13.006 2.7929 1.9777 54 30 4
