3209
-0.47132 0.029886 -0.87961 0.05702 8.567 8.2256 3.3338
4.6782 9.9688 3.0164 36 8 4
5.031 9.9276 3.0169 43 19 7
5.169 9.9023 3.0584 42 15 4
5.1167 9.9279 3.0538 42 15 4
5.2039 9.8817 3.0296 43 26 9
4.7852 10.008 3.048 40 19 2
4.8093 9.9925 3.0065 36 17 1
4.8488 10.018 3.0408 37 20 12
5.2198 9.9513 3.0458 38 20 0
5.2898 9.9186 3.0861 34 18 1
5.0851 9.9785 3.0104 43 19 7
5.3728 9.9114 3.0854 39 24 3
5.2909 9.9514 3.0431 37 18 11
5.2598 9.9278 3.0193 39 22 15
5.6003 9.8583 3.0885 34 20 0
5.7291 9.8221 3.1215 40 16 6
5.5277 9.864 3.0866 39 22 14
5.4925 9.8855 3.1154 36 17 11
5.6064 9.8882 3.0804 41 23 3
5.5626 9.8764 3.0565 41 20 15
5.4696 9.8923 3.0533 40 26 15
5.6763 9.8468 3.0593 39 20 14
5.3689 9.9164 3.1107 39 20 4
5.7142 9.8626 3.1098 40 21 5
5.6996 9.8731 3.1383 43 20 2
5.8927 9.8195 3.0852 34 22 0
5.856 9.8123 3.1142 38 16 1
5.8113 9.8363 3.0834 40 18 3
5.7836 9.8566 3.1361 42 18 8
5.8561 9.8431 3.109 40 16 4
5.8643 9.8403 3.1338 43 22 1
6.1004 9.7849 3.1374 45 19 5
6.1033 9.7815 3.1111 42 16 2
6.0328 9.7998 3.1606 40 22 0
5.9502 9.8191 3.1379 42 24 2
5.9968 9.8204 3.136 45 27 5
5.9872 9.8247 3.1044 46 28 6
5.977 9.801 3.1137 39 22 2
6.0556 9.8146 3.1562 40 23 5
5.9679 9.8047 3.0867 44 16 5
6.2722 9.7584 3.158 40 16 12
6.2392 9.779 3.1312 42 28 19
6.1241 9.7998 3.1545 39 17 2
6.1064 9.8097 3.1287 39 23 6
6.2536 9.7694 3.1324 41 26 3
6.1883 9.7835 3.1106 40 14 13
6.1894 9.7828 3.1107 40 14 13
6.1448 9.7835 3.1101 35 20 0
6.2256 9.762 3.1591 41 24 4
6.2211 9.7635 3.1348 47 25 12
6.3441 9.7643 3.1731 43 25 5
6.3349 9.7442 3.1796 44 18 21
6.2697 9.7871 3.1521 41 23 13
6.4309 9.7288 3.1539 46 25 8
6.4035 9.7491 3.1724 43 23 0
6.3287 9.7737 3.1507 42 23 6
6.4235 9.733 3.1328 48 20 19
6.3524 9.7563 3.1288 39 18 15
6.2876 9.7737 3.1294 38 17 12
6.5165 9.7432 3.1439 42 22 0
6.4377 9.7506 3.1709 45 19 5
6.4406 9.7465 3.1297 38 20 0
6.4712 9.751 3.1473 39 22 4
6.4244 9.759 3.149 39 18 13
6.5397 9.727 3.1675 48 27 10
6.5223 9.7405 3.1873 42 25 0
6.5043 9.7279 3.1723 45 19 5
6.6805 9.6927 3.1679 45 22 4
6.574 9.7251 3.1476 43 25 15
6.6695 9.677 3.1536 41 15 18
6.6282 9.7099 3.1868 49 29 4
6.615 9.7426 3.1418 36 18 0
6.6214 9.7144 3.1658 43 24 17
6.5828 9.7193 3.1687 45 27 17
6.5816 9.7211 3.1863 41 23 3
6.0742 9.2162 2.9881 24 9 4
4.6972 9.9896 2.8933 33 15 13
4.6772 9.9944 2.851 35 16 0
4.7606 9.9986 2.8571 41 20 1
4.8495 10.003 2.8945 36 17 13
4.9367 9.9904 2.7847 35 19 2
4.9504 9.9624 2.9743 36 21 0
4.8325 9.9734 2.9397 36 22 11
5.0288 9.9639 2.9795 43 24 10
5.0596 9.9453 2.9464 36 18 0
4.8899 10.024 2.8891 38 19 5
5.0902 9.9554 2.8046 37 20 3
4.7302 10.064 2.9154 33 16 0
5.0568 9.9395 2.8768 37 21 0
4.8311 9.97 2.9018 34 19 0
5.0943 9.9604 2.8668 40 20 13
5.0965 9.9556 2.8361 37 20 2
4.9903 9.9282 2.8433 32 17 0
4.9844 9.9714 2.8242 34 16 2
4.8346 10.006 2.8569 35 15 4
5.3754 9.9314 2.9185 43 22 3
5.2434 9.9266 2.9152 37 20 0
5.0609 10.016 2.8566 40 22 0
5.3904 9.8966 3.0172 38 26 2
5.0881 9.9668 2.9091 39 22 2
5.0679 9.9803 2.9358 35 18 10
5.3806 9.8986 2.9929 40 23 3
5.3566 9.9082 2.9575 41 19 6
5.6004 9.8092 2.917 36 17 1
5.1242 9.9557 2.9826 45 23 8
5.2788 9.9023 2.8526 35 16 0
5.3615 9.8695 2.9633 38 20 0
5.4764 9.8805 2.9622 42 18 14
5.3205 9.9239 2.9185 37 22 1
5.3377 9.8848 2.9927 38 19 3
5.3528 9.9377 2.8473 37 16 0
5.6872 9.8643 2.9359 39 21 0
5.6581 9.8498 2.9679 39 20 3
5.4381 9.9064 3.0185 38 19 12
5.5677 9.8635 2.9308 42 21 2
5.4995 9.9328 2.8841 42 21 2
5.4824 9.8828 3.0235 38 19 12
5.5265 9.8883 2.959 37 22 0
5.4443 9.9003 2.9892 40 23 5
5.6838 9.8639 2.9059 37 22 1
5.5268 9.8802 2.8673 36 24 0
5.5241 9.8948 3.0208 37 18 4
5.5661 9.8616 2.9043 39 23 0
5.6989 9.86 2.9645 40 23 3
5.6244 9.8662 2.9325 39 23 0
5.4891 9.9385 2.8834 42 21 2
5.5284 9.8794 2.8665 36 24 0
5.5645 9.8702 2.9936 38 21 4
5.9212 9.8255 2.9748 41 23 3
5.8741 9.8246 3.0028 34 21 2
5.8982 9.8375 2.943 43 22 5
5.8027 9.8328 2.9742 36 18 0
5.9056 9.8098 3.0606 41 20 3
5.8977 9.8126 3.0312 36 19 0
5.8879 9.8475 2.9961 41 23 0
5.9285 9.8175 2.9215 37 18 2
5.9882 9.7888 3.0369 42 23 6
5.7317 9.8481 3.0583 35 23 1
5.7183 9.8881 3.0469 43 17 3
5.8298 9.8447 2.9134 35 20 1
5.728 9.8738 2.9344 33 18 0
5.8526 9.8353 2.9719 39 25 0
5.94 9.8142 2.976 41 23 3
5.903 9.8037 2.9528 44 23 4
5.7314 9.8697 2.905 35 20 0
6.1422 9.7793 3.0127 40 24 1
6.117 9.7939 2.9813 44 20 6
5.9917 9.8132 2.9764 38 17 0
6.1551 9.7683 2.9611 36 25 3
5.9793 9.8225 3.0015 40 24 1
6.0705 9.794 2.9836 37 21 0
6.0474 9.8069 2.9537 45 19 5
6.0896 9.7885 3.086 35 18 0
6.1497 9.7775 3.0615 42 22 0
5.9925 9.8477 3.0489 40 19 2
6.0187 9.8017 3.0617 39 24 1
5.9691 9.8305 3.0265 34 17 0
6.082 9.7901 3.0351 44 23 6
6.0503 9.8083 3.0042 43 25 3
5.9285 9.8266 3.0566 38 21 1
6.0733 9.7923 2.9838 37 21 0
6.1232 9.7928 3.034 32 15 0
5.9934 9.8104 2.9517 40 24 1
6.1695 9.7916 3.0344 41 24 4
6.1934 9.7748 3.01 40 24 1
6.2202 9.7903 3.1042 40 21 4
6.2459 9.7707 3.0622 37 20 2
6.2282 9.7813 3.0326 41 23 3
6.3032 9.7608 3.0858 35 18 1
6.3106 9.7512 2.9929 36 21 0
6.2287 9.7795 3.0108 44 23 6
6.2184 9.7851 2.9836 37 19 0
6.2043 9.7717 3.0868 39 20 4
6.1306 9.7911 3.0838 45 23 8
6.167 9.7946 3.057 40 22 0
6.1974 9.7694 2.964 42 23 7
6.3064 9.7552 3.0165 34 18 1
6.1286 9.7924 3.0829 45 23 8
6.2116 9.7615 2.9896 43 22 1
6.3058 9.7567 3.0396 41 22 6
6.404 9.7426 3.0413 40 16 6
6.3488 9.7577 3.1057 42 21 0
6.3439 9.7599 3.0824 39 21 1
6.3628 9.7723 3.0575 39 24 1
6.4488 9.7361 3.0196 36 20 0
6.4411 9.7452 3.1066 39 22 2
6.3 9.7642 3.1077 40 24 1
6.4584 9.732 3.0865 39 22 4
6.3764 9.7609 3.0128 36 20 0
6.3973 9.7452 2.9955 39 22 4
6.4122 9.7388 3.0875 44 24 0
6.3435 9.7858 3.0546 39 24 1
6.4516 9.7359 3.0645 41 20 0
6.4029 9.7463 3.1088 38 22 0
6.3387 9.7601 3.0151 42 22 0
6.4417 9.742 3.0398 45 22 6
6.3542 9.7485 2.9942 40 18 5
6.3562 9.7493 3.0412 42 24 4
6.3839 9.7313 3.0667 38 21 1
6.4751 9.7447 3.0609 39 16 0
6.5341 9.7278 3.0848 41 22 5
6.5017 9.728 3.1295 36 17 0
6.5252 9.732 3.0211 47 19 6
6.5914 9.7113 3.1285 46 22 8
6.512 9.7424 3.0397 38 19 2
6.4991 9.7265 3.0437 41 25 2
6.5455 9.7185 3.0666 41 17 5
6.5028 9.7255 3.0876 39 23 0
6.5836 9.7158 3.0869 45 22 4
6.5227 9.7369 3.1048 41 22 6
6.5825 9.7159 3.0656 39 20 3
6.5767 9.7195 3.0441 34 17 0
6.488 9.7371 3.1085 39 20 4
6.496 9.7279 3.0213 40 21 5
6.5599 9.7341 3.1061 40 21 5
6.6018 9.7246 3.0218 41 23 3
6.5276 9.7333 3.1052 41 22 6
6.5225 9.7379 3.1249 36 21 16
6.5774 9.7183 3.0238 43 22 5
6.706 9.695 3.1276 41 13 0
6.7296 9.6749 3.0718 41 20 3
6.6924 9.6822 3.1311 41 22 6
6.633 9.7022 3.068 41 23 1
6.6642 9.7033 3.1079 40 22 0
6.6866 9.7091 3.0851 40 21 5
6.6551 9.7098 3.086 39 24 5
6.629 9.7058 3.0886 43 25 3
6.6069 9.7214 3.0423 38 22 0
6.6244 9.7106 3.1284 39 22 2
6.6007 9.728 3.1032 39 17 2
6.6818 9.7134 3.1048 44 21 3
6.6684 9.6984 3.0475 39 24 5
6.729 9.6982 3.0472 39 24 5
6.6884 9.7067 3.0472 38 22 0
6.6428 9.7187 3.064 32 20 0
6.69 9.7297 3.0609 34 22 0
4.7818 10.006 2.6198 36 22 9
4.8224 9.9492 2.672 38 21 3
4.8818 9.9261 2.7231 35 17 3
4.8335 9.9483 2.714 35 17 3
4.7622 10.02 2.652 36 21 0
4.8169 9.9857 2.5859 36 17 1
4.7695 9.9262 2.6359 40 22 0
4.8701 9.9567 2.5558 36 19 2
5.2236 9.9172 2.7083 40 21 5
5.0973 9.9774 2.6468 38 14 4
5.0905 9.9373 2.6189 26 19 1
4.9435 9.9794 2.713 34 19 0
5.0868 9.9499 2.729 38 19 5
5.0522 9.9634 2.6857 32 20 0
4.966 10.002 2.6293 36 16 9
5.2593 9.9026 2.748 41 19 4
5.0033 9.9144 2.7664 33 22 0
5.0708 9.9144 2.6995 35 20 1
4.8513 9.982 2.7042 33 20 1
5.035 9.9609 2.5692 35 15 4
4.8842 10 2.6236 37 24 16
5.0573 9.9283 2.7691 35 16 2
4.9924 9.9817 2.5596 35 15 4
4.8784 9.999 2.5857 33 12 9
4.8539 10.007 2.5383 43 15 11
5.1599 9.9175 2.7732 36 18 0
5.0978 9.9445 2.7318 38 19 5
5.2042 9.9204 2.6307 36 19 2
5.7607 9.774 2.7482 40 24 1
5.4406 9.8884 2.8302 43 15 4
5.3952 9.9405 2.7117 39 19 21
5.2199 9.9543 2.6613 32 18 7
5.2597 9.9402 2.7392 36 18 4
5.4162 9.8898 2.6938 35 11 9
5.2744 9.9294 2.7094 39 27 13
5.3974 9.8967 2.6552 41 17 3
5.2255 9.9229 2.7769 39 20 6
5.4312 9.9238 2.754 39 22 4
5.4061 9.9009 2.7597 37 18 2
5.4726 9.9042 2.795 37 22 1
5.3736 9.9151 2.7182 37 20 12
5.5338 9.8605 2.6774 42 21 4
5.1818 9.9482 2.8049 36 18 0
5.2154 9.9534 2.6257 37 18 4
5.3071 9.9188 2.782 33 21 0
5.3555 9.8968 2.8258 39 22 4
5.638 9.8463 2.7851 39 23 0
5.7182 9.873 2.8429 36 14 3
5.4734 9.9065 2.826 41 23 1
5.5901 9.8727 2.776 39 23 0
5.7743 9.8364 2.7951 39 21 19
5.5626 9.8953 2.8647 35 18 0
5.6675 9.8276 2.7602 40 26 13
5.5859 9.9049 2.7011 41 24 6
5.6856 9.8583 2.8493 41 22 5
5.6932 9.8111 2.735 40 24 1
5.5965 9.8716 2.8077 43 20 4
5.7444 9.8515 2.7572 38 20 8
5.7645 9.8442 2.8221 43 22 5
5.706 9.8445 2.8213 40 22 0
5.5989 9.9024 2.7679 43 23 16
5.6112 9.866 2.8421 39 21 0
5.6627 9.8736 2.8712 39 21 1
5.7107 9.8685 2.7212 40 19 2
5.6246 9.8856 2.7412 41 20 3
5.9045 9.8559 2.7971 34 20 11
5.8341 9.8363 2.8271 32 20 0
5.8646 9.852 2.8547 35 17 7
5.8063 9.8506 2.7914 37 19 15
5.6953 9.8884 2.8687 38 21 3
5.7451 9.8821 2.7206 37 20 3
5.9428 9.8016 2.8111 41 24 4
5.9712 9.8206 2.8928 35 18 0
5.9045 9.83 2.8897 35 19 0
5.7747 9.8669 2.7562 36 17 1
5.9332 9.782 2.9039 37 20 3
5.9758 9.8108 2.7839 36 20 3
5.8293 9.8411 2.8548 39 21 1
5.9021 9.8241 2.7733 36 21 0
6.0166 9.7911 2.8738 37 19 0
5.9838 9.8095 2.8401 41 24 17
5.8888 9.8357 2.8296 41 27 16
6.0649 9.7865 2.7952 38 16 3
6.1081 9.7951 2.9033 40 24 0
6.1558 9.7909 2.8535 39 18 15
6.1616 9.7858 2.8284 36 20 3
6.1495 9.7991 2.9294 42 21 4
6.1196 9.7879 2.9048 40 24 0
6.0521 9.8024 2.9275 39 23 0
5.9165 9.8558 2.9105 38 22 0
6.1801 9.7779 2.9097 40 23 3
6.1771 9.7798 2.9088 40 23 3
6.1145 9.819 2.8709 39 24 17
6.0255 9.8125 2.8143 40 19 14
6.0166 9.8197 2.8403 35 18 10
6.1064 9.7903 2.7981 38 19 5
6.0991 9.7964 2.8239 41 19 6
6.1455 9.7699 2.8872 35 19 0
6.1509 9.7694 2.9369 36 20 0
6.1072 9.7927 2.8516 34 21 2
6.2043 9.7868 2.832 38 22 0
6.1795 9.7729 2.8069 35 18 0
6.0165 9.8214 2.8664 42 24 4
6.0394 9.8087 2.8973 42 16 0
6.3071 9.7513 2.9445 43 22 3
6.3729 9.7347 2.9741 40 21 5
6.3151 9.7732 2.939 43 22 5
6.2195 9.7793 2.8867 37 20 10
6.2146 9.7814 2.8576 37 22 3
6.3466 9.7506 2.9224 39 25 16
6.4043 9.7349 2.8546 37 22 0
6.3829 9.7507 2.8739 37 20 2
6.2321 9.7748 2.9616 36 20 0
6.2438 9.7926 2.9081 36 19 2
6.3059 9.7476 2.8473 35 20 13
6.3011 9.7795 2.8644 34 22 0
6.2812 9.7664 2.8911 37 20 13
6.2048 9.7902 2.9081 38 20 0
6.2232 9.7768 2.8875 37 20 10
6.2212 9.7806 2.9374 40 21 5
6.2792 9.7666 2.8661 39 17 4
6.2684 9.7773 2.9377 43 22 3
6.3252 9.7621 2.8439 38 20 8
6.2472 9.7927 2.9569 37 19 0
6.3378 9.7556 2.8956 39 22 15
6.4803 9.7377 2.9739 41 23 3
6.3887 9.7503 2.9695 43 16 5
6.451 9.7328 2.977 42 20 5
6.3644 9.7645 2.8938 39 14 18
6.4972 9.7263 3.0007 40 18 3
6.4909 9.7293 2.9531 36 19 0
6.4434 9.7373 2.9514 33 21 0
6.4068 9.7368 2.9496 39 23 0
6.4686 9.743 2.881 36 20 5
6.3676 9.7632 2.9179 42 28 19
6.362 9.7661 2.8933 39 14 18
6.4146 9.7551 2.8763 32 16 3
6.4305 9.7483 2.9924 40 21 5
6.4468 9.7595 2.8992 38 22 0
6.54 9.7177 2.9133 33 20 2
6.504 9.7434 2.8826 39 19 12
6.4359 9.741 2.9024 34 17 10
6.4447 9.7355 2.9292 41 23 23
6.4749 9.7401 2.9275 34 21 13
6.5471 9.7396 2.9758 40 21 4
6.6078 9.7173 2.9165 37 22 0
6.5238 9.7301 2.9335 39 23 0
6.6426 9.6915 2.9448 38 23 4
6.5831 9.7122 2.9602 35 22 16
6.5635 9.725 2.8905 37 22 0
6.6024 9.7236 2.9999 39 21 0
6.6134 9.7146 2.9822 44 23 4
6.5113 9.7415 2.9947 40 21 17
6.5705 9.7228 3.0006 39 21 0
6.6225 9.7072 2.9628 37 23 10
6.5963 9.7255 2.8921 37 20 3
6.5367 9.7461 2.9289 40 19 16
6.6474 9.7117 2.9191 40 17 9
6.5074 9.7436 2.9733 38 19 3
6.5433 9.7166 2.958 42 23 17
6.5421 9.7415 2.907 37 21 4
6.7284 9.6979 3.0071 40 20 0
6.7391 9.6898 3.0293 39 20 4
6.6889 9.7039 2.9228 35 20 0
6.6621 9.7265 2.9999 36 15 0
6.6618 9.7016 2.9639 40 22 18
6.7538 9.677 2.9726 28 14 1
6.6805 9.7125 3.0235 47 18 12
6.7179 9.7054 2.9435 38 17 12
6.7054 9.7148 2.9215 42 21 4
6.6533 9.7096 3.0242 38 23 4
6.7635 9.6923 2.9495 38 25 7
6.7017 9.7189 2.9815 39 20 14
6.6944 9.7006 2.9872 42 20 20
6.7666 9.6896 2.9301 36 22 0
6.634 9.7226 2.9367 41 24 4
6.6522 9.7099 3.0056 41 23 0
6.6265 9.7294 2.9774 43 24 18
6.6944 9.6999 2.945 40 22 0
6.7066 9.6907 2.9681 40 23 6
6.7698 9.6877 2.9916 41 19 19
6.759 9.6963 2.9672 32 19 3
4.8389 10.002 2.4191 38 21 3
4.9422 9.9191 2.5323 36 15 12
4.9604 9.952 2.5268 34 22 0
4.8921 9.9638 2.309 35 18 1
4.907 9.9734 2.4761 31 18 2
5.234 9.934 2.5234 33 20 1
5.0695 9.9809 2.5266 35 17 3
5.1849 9.9523 2.4337 34 17 0
5.218 9.9388 2.4817 35 17 3
5.0244 9.9885 2.3624 32 13 0
5.0948 9.9243 2.5082 33 16 0
5.0618 9.9846 2.5269 35 17 3
5.1561 9.9269 2.4387 35 18 0
5.3133 9.9 2.6118 38 21 11
5.151 9.9799 2.535 36 12 0
4.9527 9.9973 2.5126 33 16 9
5.3139 9.922 2.421 34 15 1
5.1379 9.9503 2.5788 36 19 2
5.1669 9.9614 2.4307 34 17 0
5.0419 9.9388 2.3751 38 16 1
5.1333 9.9454 2.5075 37 22 0
5.1512 9.9659 2.3874 34 18 3
5.4945 9.8788 2.6345 32 21 0
5.5427 9.8447 2.5468 37 22 1
5.4806 9.8749 2.4952 35 18 0
5.5121 9.8667 2.6037 38 19 2
5.3609 9.9068 2.5438 33 16 0
5.2404 9.9665 2.4763 36 21 2
5.4799 9.9146 2.52 39 22 4
5.3264 9.9279 2.5701 37 15 2
5.419 9.9135 2.5486 43 19 7
5.2992 9.9328 2.453 37 18 1
5.4929 9.8712 2.5322 37 22 1
5.3455 9.9209 2.6094 40 21 15
5.548 9.8856 2.6368 40 22 2
5.3019 9.9438 2.5985 40 21 15
5.4215 9.9033 2.4436 37 18 1
5.5827 9.8692 2.677 39 22 5
5.5344 9.8823 2.4998 34 17 0
5.5807 9.8927 2.5054 34 24 0
5.4172 9.9547 2.5693 43 22 5
5.804 9.8414 2.6451 36 21 0
5.7964 9.8438 2.6092 37 18 1
5.7392 9.8748 2.5617 37 18 2
5.5907 9.8924 2.5719 28 16 0
5.725 9.858 2.6949 37 25 0
5.7236 9.8566 2.6623 40 22 0
5.8769 9.8273 2.5929 35 20 0
5.7019 9.8598 2.5279 35 18 0
5.6468 9.8585 2.5554 42 20 5
5.6597 9.8861 2.5489 35 21 0
5.6466 9.8661 2.6511 41 19 6
5.7351 9.8477 2.634 42 24 4
5.6776 9.8783 2.5863 36 19 1
5.8201 9.8257 2.5542 34 15 1
5.6164 9.8805 2.6109 38 22 0
5.6857 9.8466 2.6919 40 21 4
5.9835 9.801 2.6986 37 18 2
6.0203 9.8058 2.6458 37 20 3
5.9329 9.8335 2.7151 34 18 1
5.8332 9.8634 2.7286 35 22 3
5.9594 9.8193 2.749 35 19 4
5.9873 9.8245 2.607 36 24 0
5.9328 9.8298 2.6582 36 17 1
6.0183 9.8138 2.7578 38 21 4
5.9797 9.8328 2.6618 38 21 3
5.939 9.8241 2.6319 35 19 0
5.9414 9.8209 2.6021 39 17 4
5.9702 9.8403 2.6879 39 16 8
5.9364 9.8628 2.7094 33 22 3
6.0703 9.804 2.6225 35 17 0
5.9123 9.8104 2.6603 38 20 0
5.8687 9.8343 2.6193 38 23 4
6.0657 9.8085 2.6486 36 19 0
6.0887 9.8001 2.7654 37 23 0
6.1987 9.7893 2.8033 33 16 0
6.1054 9.7879 2.7445 30 14 0
6.2676 9.739 2.7187 35 18 0
6.1993 9.7876 2.7787 35 24 0
6.1449 9.7924 2.7458 38 21 4
6.1008 9.7893 2.7158 38 21 4
6.1343 9.795 2.6612 36 21 0
6.2372 9.7876 2.703 35 18 0
6.3198 9.7314 2.7002 31 19 0
6.0605 9.8132 2.6765 32 20 0
6.1259 9.8061 2.7679 36 21 0
6.1963 9.7871 2.7244 38 17 0
6.1298 9.8006 2.7157 37 20 2
6.1874 9.7902 2.6691 37 19 0
6.2199 9.7728 2.7569 41 18 10
6.1253 9.8022 2.687 32 16 0
6.3489 9.7685 2.7183 36 21 0
6.4652 9.7153 2.7692 32 20 0
6.3944 9.7407 2.8297 34 19 0
6.4001 9.7604 2.7259 28 16 0
6.2289 9.7946 2.7249 38 24 0
6.3241 9.7597 2.7698 33 18 0
6.2562 9.8081 2.803 37 20 3
6.2887 9.785 2.7847 38 16 5
6.3067 9.7987 2.7317 33 22 2
6.3604 9.7596 2.6967 37 19 5
6.2747 9.7674 2.8138 36 20 0
6.3509 9.7404 2.7515 30 20 0
6.3359 9.7507 2.7471 30 20 0
6.2967 9.7764 2.7095 34 13 0
6.284 9.7839 2.6807 35 20 0
6.344 9.7746 2.7936 37 17 16
6.3254 9.7868 2.7622 35 20 0
6.2722 9.7669 2.7611 40 22 2
6.2569 9.7781 2.7848 36 19 0
6.4795 9.7337 2.8375 40 22 8
6.4508 9.7521 2.7588 37 21 0
6.4594 9.7466 2.785 38 22 0
6.5433 9.7378 2.7937 38 21 1
6.4668 9.7422 2.8099 38 18 9
6.4364 9.7363 2.7859 29 18 0
6.4338 9.7407 2.856 36 17 3
6.4266 9.7686 2.7282 32 22 0
6.5195 9.755 2.763 37 20 0
6.4818 9.7557 2.7358 39 18 0
6.5237 9.7257 2.7723 37 21 0
6.5549 9.7042 2.8265 38 22 0
6.5366 9.7176 2.8212 38 22 0
6.4919 9.7495 2.7867 42 20 5
6.5163 9.7336 2.8634 35 18 0
6.4977 9.7468 2.8342 38 21 3
6.408 9.7581 2.8258 38 19 5
6.3459 9.8011 2.7863 32 19 0
6.4712 9.7405 2.858 35 22 4
6.5243 9.7508 2.7418 39 21 1
6.6394 9.7161 2.8321 41 20 0
6.5778 9.7386 2.8425 39 21 0
6.6312 9.7221 2.806 37 18 2
6.5877 9.7553 2.7704 35 20 0
6.5756 9.7155 2.8704 39 23 0
6.6516 9.7077 2.8772 42 23 6
6.5771 9.7386 2.8198 36 19 0
6.6535 9.7066 2.8992 39 20 3
6.6724 9.7154 2.8332 42 19 3
6.5582 9.7272 2.8219 32 19 0
6.5957 9.7255 2.8696 37 21 0
6.6524 9.7067 2.8555 38 22 5
6.596 9.7238 2.8021 39 24 1
6.5826 9.7335 2.7762 34 18 1
6.5634 9.7239 2.8458 36 19 2
6.6511 9.7085 2.8983 39 20 3
6.679 9.7095 2.7923 36 17 0
6.6795 9.7095 2.814 38 20 6
6.7491 9.7029 2.821 43 19 5
6.7859 9.6967 2.8479 35 19 0
6.7453 9.7063 2.8835 38 19 5
6.786 9.6968 2.8675 37 23 0
6.733 9.6921 2.8649 33 18 0
6.682 9.709 2.8992 38 23 0
6.7594 9.6952 2.9071 32 15 0
6.6645 9.7223 2.8737 38 21 3
6.7086 9.7109 2.7934 42 20 7
6.7446 9.7066 2.841 38 19 3
6.6663 9.7206 2.8526 39 14 7
6.744 9.7072 2.8622 41 18 2
6.7474 9.7046 2.8845 38 19 5
6.7342 9.6914 2.886 40 18 3
6.7183 9.7035 2.8402 40 21 7
6.699 9.7187 2.8125 33 20 2
6.7267 9.6977 2.9051 33 16 0
6.7662 9.7127 2.8219 40 22 2
6.7562 9.697 2.802 41 25 2
6.7945 9.69 2.89 39 23 10
5.7871 7.3774 2.5753 18 7 3
4.9408 9.9835 2.3084 35 17 0
4.9234 9.9794 2.1809 40 16 6
5.0328 9.9654 2.159 35 15 8
5.1868 9.9008 2.3341 35 16 0
5.0506 9.9641 2.2531 38 24 15
5.1808 9.9439 2.3193 36 17 3
5.3736 9.8812 2.3316 33 14 8
4.9941 9.9882 2.1892 35 18 11
5.263 9.9279 2.1813 38 21 14
5.2561 9.9487 2.3675 38 16 5
5.1694 9.935 2.1618 29 16 0
5.1439 9.9517 2.1872 35 18 10
5.3648 9.921 2.2849 33 15 1
5.123 9.9657 2.2227 34 17 0
5.1931 9.9415 2.357 35 16 2
5.2095 9.959 2.2001 38 19 3
5.2337 9.9499 2.2504 34 14 3
5.3921 9.8749 2.3736 34 17 0
5.2155 9.9559 2.2016 38 19 3
5.3872 9.9066 2.2455 35 17 13
5.0344 9.9798 2.3258 35 15 4
5.0755 9.9935 2.2454 39 19 10
5.1213 9.9666 2.222 34 17 0
5.4912 9.9001 2.4189 38 16 3
5.4617 9.9189 2.4459 33 18 0
5.4736 9.901 2.3057 35 16 0
5.6495 9.8746 2.3112 37 13 13
5.4233 9.8964 2.3716 39 22 14
5.4445 9.9138 2.2586 31 16 9
5.6192 9.8688 2.4812 33 18 0
5.4298 9.9305 2.3641 38 19 5
5.6075 9.9006 2.3333 32 14 0
5.5385 9.9057 2.3508 32 12 5
5.5387 9.9028 2.3161 33 14 0
5.515 9.9128 2.278 38 19 15
5.3194 9.9544 2.3774 38 19 3
5.503 9.9306 2.4117 41 14 5
5.3317 9.9416 2.3081 32 13 9
5.532 9.9065 2.3137 33 14 0
5.5321 9.8728 2.3573 31 11 4
5.6214 9.8624 2.4146 33 16 6
5.8328 9.8452 2.4553 41 16 9
5.785 9.8778 2.5011 39 20 6
5.837 9.8406 2.4236 36 20 3
5.7012 9.8553 2.4641 36 24 2
5.8001 9.8708 2.5391 38 19 3
5.8785 9.7897 2.5406 36 20 3
5.7089 9.851 2.4655 37 22 1
5.7429 9.8661 2.466 38 23 4
5.783 9.8746 2.4377 33 15 3
5.6256 9.8957 2.4051 34 18 5
5.6219 9.9026 2.473 35 18 1
5.7836 9.8378 2.4169 32 19 3
5.6762 9.8974 2.3461 37 21 4
5.8639 9.8228 2.399 31 16 13
5.9591 9.8029 2.4857 35 18 1
5.8331 9.8745 2.3812 35 15 16
5.8825 9.8179 2.5026 39 21 17
5.8632 9.8232 2.3991 31 16 13
5.7085 9.8836 2.4232 30 21 2
5.6135 9.8999 2.3692 31 19 3
5.8361 9.8751 2.4118 38 19 3
5.9902 9.8178 2.5168 41 22 5
5.9766 9.8277 2.5437 39 24 17
5.9733 9.8583 2.475 39 22 5
6.1311 9.7912 2.5486 38 19 3
6.0191 9.7963 2.4683 38 15 0
6.0147 9.8061 2.5839 39 20 3
6.0233 9.8253 2.4616 43 25 15
5.932 9.8516 2.4685 38 14 2
5.8666 9.8602 2.4897 40 21 4
6.0584 9.8097 2.5933 41 23 1
6.0532 9.8116 2.5592 35 14 11
5.9072 9.8379 2.531 36 17 10
6.1497 9.7779 2.5258 37 20 12
6.1015 9.8072 2.4803 37 20 12
5.9123 9.8365 2.566 38 23 2
5.9219 9.8539 2.4059 37 16 11
6.0279 9.8258 2.5223 38 23 2
6.218 9.7946 2.5604 42 21 2
6.1842 9.7897 2.613 35 22 13
6.2421 9.7811 2.6212 45 16 18
6.0578 9.8396 2.5538 46 18 17
6.2209 9.7899 2.5076 41 23 3
6.2785 9.7578 2.6617 40 18 5
6.2217 9.7639 2.5982 42 19 3
6.1266 9.7986 2.6306 34 18 0
6.147 9.8116 2.5432 40 21 5
6.1192 9.8269 2.476 34 19 0
6.2153 9.7952 2.531 38 27 23
6.1906 9.8117 2.5218 38 27 23
6.1955 9.8108 2.5808 37 18 11
6.2541 9.7996 2.5663 43 22 3
6.2392 9.8087 2.5325 47 23 21
6.1543 9.7795 2.6102 40 24 1
6.2739 9.7846 2.5138 43 22 5
6.1957 9.7837 2.6423 39 24 1
6.1676 9.7968 2.5215 43 25 1
6.3382 9.7721 2.6112 33 20 1
6.4109 9.777 2.6212 37 19 5
6.3919 9.7646 2.6721 42 23 6
6.3685 9.753 2.6738 38 23 4
6.3301 9.7756 2.5574 38 22 9
6.426 9.7386 2.6351 36 18 14
6.2623 9.7952 2.595 41 23 1
6.3186 9.7865 2.632 38 20 16
6.344 9.7956 2.5795 45 27 7
6.385 9.7701 2.6968 36 19 1
6.3267 9.7538 2.6683 41 23 3
6.4375 9.7588 2.6547 41 17 5
6.3805 9.769 2.5663 44 26 14
6.2921 9.7761 2.6316 42 24 2
6.3998 9.7578 2.6525 35 19 2
6.4784 9.728 2.6184 41 23 11
6.4462 9.7501 2.5833 41 25 12
6.3339 9.774 2.5853 41 23 3
6.5426 9.7344 2.6279 38 21 13
6.5259 9.7472 2.6474 40 18 3
6.594 9.7225 2.6632 38 17 14
6.5912 9.7005 2.739 39 22 14
6.5936 9.7234 2.6861 37 21 4
6.4986 9.7688 2.6856 39 22 14
6.4753 9.7563 2.587 41 23 1
6.4572 9.773 2.7038 39 22 2
6.5972 9.7201 2.6647 38 17 14
6.5271 9.7728 2.6139 40 22 2
6.5273 9.7198 2.6542 38 21 13
6.4651 9.7396 2.6895 38 23 2
6.473 9.7346 2.7169 38 21 4
6.5086 9.759 2.5913 43 22 1
6.4974 9.7425 2.667 38 19 3
6.532 9.7177 2.7033 42 23 7
6.5432 9.7351 2.6759 35 19 2
6.4777 9.7553 2.6118 33 16 9
6.7016 9.7154 2.7047 37 22 3
6.6507 9.7061 2.7442 37 20 2
6.6421 9.7111 2.6505 41 20 15
6.565 9.7463 2.7473 41 22 5
6.6232 9.7265 2.6889 40 23 13
6.6787 9.7339 2.7183 36 13 5
6.6502 9.7316 2.7371 39 22 2
6.6815 9.7063 2.68 34 21 13
6.6978 9.7179 2.6586 36 17 3
6.6626 9.7222 2.7637 37 20 3
6.5978 9.7458 2.656 40 25 18
6.6878 9.7262 2.6766 39 20 4
6.6819 9.7064 2.7259 41 20 1
6.6578 9.7249 2.6951 39 22 12
6.6557 9.7266 2.6944 39 22 12
6.6584 9.7004 2.7704 42 23 6
6.6328 9.7198 2.7387 37 20 2
6.6532 9.7279 2.6482 40 21 14
6.5939 9.7239 2.7335 41 23 3
6.636 9.7169 2.7174 39 20 4
6.5777 9.7359 2.7043 40 16 2
6.7679 9.7111 2.6917 39 21 7
6.7677 9.7114 2.6914 39 21 7
6.7461 9.7046 2.7575 36 19 1
6.7153 9.7052 2.7748 39 22 4
6.7591 9.7184 2.7762 41 22 16
6.7587 9.6943 2.7395 30 17 0
6.7348 9.7141 2.7738 38 23 2
6.7667 9.7123 2.8 44 26 6
6.73 9.6936 2.779 39 22 4
6.8345 9.6798 2.7527 41 25 0
6.8525 9.6646 2.8015 41 23 19
6.7731 9.707 2.7149 35 17 15
6.7523 9.7241 2.7298 37 24 5
6.6904 9.725 2.7437 37 26 4
6.7328 9.7155 2.6837 36 17 1
6.7709 9.7088 2.8014 44 26 6
6.7725 9.7074 2.759 34 14 3
6.8028 9.7062 2.7209 39 14 18
6.7595 9.6937 2.7396 30 17 0
6.8041 9.7052 2.7635 38 21 1
6.8191 9.6928 2.7048 39 20 4
6.7492 9.7017 2.716 33 22 16
6.8355 9.7026 2.7057 40 23 5
6.8334 9.6807 2.7943 37 22 3
5.0679 9.9658 1.9121 33 16 9
5.0506 9.9784 1.9495 34 18 1
5.1284 9.9358 1.9378 33 16 9
5.3254 9.8924 2.166 33 14 0
5.0318 9.9919 1.9843 37 17 6
5.0201 10.002 2.0217 35 15 8
5.1744 9.9585 1.9863 36 19 1
5.0748 10.005 1.9017 38 19 5
5.2984 9.9427 2.1023 32 16 1
5.1955 9.9552 2.0779 36 21 2
5.2923 9.9435 2.0534 36 20 3
5.3358 9.9299 2.1924 37 20 12
5.4663 9.8899 2.1163 36 14 0
5.1462 9.9654 1.887 36 16 5
5.3981 9.9194 2.0149 36 19 1
5.3154 9.9672 2.016 34 15 11
5.2438 9.9604 1.9617 41 22 6
5.2649 9.9162 2.062 32 14 2
5.3198 9.9349 2.1493 32 15 0
5.5639 9.8805 2.2182 32 15 0
5.4426 9.912 2.2191 32 15 8
5.4711 9.9201 2.0271 37 20 3
5.5462 9.8871 2.1773 32 17 0
5.5387 9.8853 2.1 37 19 5
5.4189 9.9183 2.1364 31 15 2
5.6098 9.8944 2.2606 38 20 6
5.461 9.9309 2.1041 37 21 0
5.7027 9.8672 2.1483 37 21 4
5.6155 9.8856 2.1938 36 17 3
5.5572 9.8871 2.2507 33 16 0
5.6467 9.8626 2.1357 33 15 1
5.6703 9.8909 2.2039 34 17 0
5.5604 9.9082 2.0587 36 17 3
5.4841 9.8864 2.1996 30 11 4
5.6367 9.871 2.1668 32 14 0
5.456 9.9049 2.2232 32 15 8
5.6735 9.8558 2.2514 38 24 0
5.7036 9.8692 2.1844 35 19 2
5.6169 9.882 2.1597 32 14 0
5.8737 9.842 2.2643 36 19 0
5.8488 9.861 2.3211 34 17 0
5.9281 9.8445 2.3098 36 19 1
5.8607 9.8521 2.2906 37 20 0
5.7417 9.8578 2.3311 36 15 12
5.757 9.881 2.2964 36 17 3
5.8115 9.8469 2.2825 37 20 3
5.839 9.8607 2.2157 32 12 1
5.7512 9.8493 2.3082 32 14 2
5.7361 9.8837 2.151 35 16 2
5.7312 9.8586 2.2628 36 14 0
5.8255 9.8432 2.3531 35 17 7
5.8953 9.8355 2.3682 35 15 8
5.9257 9.8439 2.2777 38 20 0
5.8146 9.8726 2.1754 41 20 17
5.7627 9.8731 2.2301 35 17 3
5.793 9.8533 2.206 28 20 0
5.8533 9.8844 2.1779 35 17 3
5.918 9.8471 2.2386 37 19 7
6.1055 9.8266 2.2934 43 26 8
6.0936 9.8093 2.4173 34 18 1
6.1691 9.79 2.4087 39 21 1
6.0726 9.8179 2.3168 34 19 0
6.0988 9.8027 2.3594 37 18 2
5.9675 9.8512 2.2861 35 18 10
5.9812 9.8413 2.2563 38 19 3
6.0222 9.8225 2.4006 37 18 2
6.0124 9.8312 2.4221 42 20 5
6.0772 9.8217 2.4379 37 16 0
6.133 9.8106 2.3336 39 19 12
5.9745 9.8488 2.3201 40 22 0
6.0161 9.8245 2.3689 37 19 0
5.9348 9.8444 2.3753 35 17 5
6.1413 9.8065 2.3687 40 21 4
5.9 9.8638 2.3296 42 18 6
6.0473 9.8372 2.369 37 18 2
6.1085 9.7931 2.3039 38 21 1
6.3173 9.7814 2.4706 39 22 4
6.2595 9.8203 2.4182 36 19 2
6.2323 9.8392 2.4062 36 19 2
6.2637 9.7853 2.3712 39 18 13
6.2524 9.7961 2.455 34 17 0
6.2398 9.8023 2.3918 41 22 8
6.3558 9.7528 2.431 38 19 5
6.2351 9.7795 2.4824 41 22 6
6.3003 9.79 2.379 41 19 6
6.1947 9.7997 2.321 39 20 13
6.195 9.8035 2.4094 41 20 3
6.1918 9.8028 2.3508 42 23 7
6.1961 9.8041 2.4392 35 21 0
6.277 9.7785 2.4348 39 17 4
6.1537 9.8019 2.4288 39 22 4
6.1409 9.8111 2.4564 48 16 13
6.2169 9.7876 2.3899 43 22 5
6.4166 9.7681 2.4672 40 22 2
6.4333 9.7586 2.5518 42 24 2
6.4341 9.7573 2.5259 44 24 0
6.3557 9.7571 2.5385 39 18 1
6.4717 9.7562 2.4822 41 25 2
6.3562 9.7803 2.3959 41 21 14
6.3474 9.7903 2.5014 38 22 0
6.4647 9.7621 2.5052 41 23 1
6.4044 9.7757 2.4052 39 24 3
6.3671 9.7759 2.4803 38 19 3
6.4223 9.7362 2.4764 38 17 14
6.4182 9.7678 2.4942 39 20 3
6.3564 9.7817 2.4202 37 22 3
6.4198 9.7651 2.441 42 23 6
6.4533 9.7691 2.4468 41 20 3
6.47 9.7563 2.4273 43 19 15
6.4679 9.7606 2.5312 42 20 0
6.3201 9.7806 2.4985 39 20 4
6.3687 9.7767 2.5336 36 17 1
6.5608 9.7446 2.5047 43 25 3
6.5527 9.7524 2.5749 44 23 2
6.5411 9.7343 2.5793 41 23 0
6.6243 9.7241 2.5957 46 19 2
6.5582 9.7462 2.4781 44 24 15
6.6171 9.7294 2.5684 42 21 0
6.5205 9.7485 2.5196 41 23 0
6.5279 9.7435 2.549 41 23 3
6.6046 9.7385 2.5393 47 21 7
6.5547 9.7504 2.5512 42 21 0
6.5744 9.7366 2.6073 41 25 0
6.5891 9.7501 2.5079 41 21 10
6.6362 9.7133 2.5049 43 22 1
6.6231 9.7235 2.4986 43 22 1
6.5422 9.7312 2.4782 44 28 3
6.5668 9.7408 2.5309 44 23 2
6.5272 9.7424 2.4715 44 28 3
6.52 9.7489 2.5198 41 23 0
6.4979 9.7647 2.4848 41 21 0
6.4711 9.7587 2.5597 42 28 0
6.7017 9.7141 2.5672 40 18 7
6.706 9.7108 2.5437 40 21 5
6.6924 9.7223 2.6317 39 21 0
6.6643 9.7185 2.581 38 19 2
6.7037 9.7133 2.6124 36 21 0
6.7328 9.7148 2.6415 39 23 0
6.7342 9.7138 2.6177 37 19 0
6.6063 9.7384 2.6122 34 17 0
6.6523 9.7285 2.6232 37 21 4
6.6361 9.7401 2.4948 40 16 14
6.7302 9.7164 2.5733 40 23 5
6.728 9.7189 2.5915 39 20 3
6.6881 9.7251 2.5849 45 19 5
6.7584 9.6937 2.5607 36 20 5
6.6522 9.7284 2.5986 37 25 3
6.6499 9.7294 2.5518 40 23 3
6.6409 9.7362 2.5234 37 20 3
6.7655 9.7133 2.6678 40 22 0
6.8149 9.6967 2.6367 38 20 0
6.843 9.6966 2.6442 45 23 0
6.8057 9.7042 2.6554 40 23 3
6.7137 9.7306 2.6554 39 21 1
6.7545 9.722 2.5513 40 22 2
6.7765 9.7039 2.6289 43 21 6
6.7723 9.7075 2.649 36 20 0
6.7812 9.7245 2.6686 37 23 0
6.8084 9.7019 2.5693 39 22 4
6.8599 9.6822 2.6719 42 25 5
6.782 9.7238 2.6689 37 23 0
6.8506 9.6904 2.6251 47 27 3
6.764 9.7142 2.5782 39 22 2
6.8104 9.7004 2.5917 37 21 0
6.8325 9.7065 2.5713 45 20 16
6.7709 9.7084 2.6046 43 27 4
6.8465 9.6941 2.6011 48 30 6
6.7935 9.7144 2.6067 39 22 2
6.8317 9.7061 2.6823 41 27 1
6.8689 9.699 2.6042 46 26 19
5.1244 9.9681 1.7939 35 16 0
5.3692 9.8368 1.8276 34 14 7
5.222 9.9148 1.7974 33 18 0
5.4876 9.9009 1.9218 29 17 0
5.5277 9.882 1.9829 35 16 10
5.2742 9.9411 1.9316 38 19 3
5.392 9.906 1.8061 37 15 2
5.2992 9.992 1.7113 38 14 2
5.2385 9.9442 1.75 34 19 0
5.171 9.9484 1.8615 37 18 11
5.3965 9.9071 1.85 37 20 3
5.1058 9.9774 1.7859 35 16 0
5.438 9.8948 1.9945 32 19 3
5.4657 9.9093 1.8732 40 18 7
5.4071 9.9376 1.805 32 17 0
5.2816 9.9372 1.9352 38 19 3
5.2005 9.9597 1.6882 36 19 12
5.3437 9.9271 1.7463 35 18 1
5.6725 9.882 2.0967 37 22 3
5.7522 9.8645 2.0145 35 19 0
5.6441 9.8923 2.0167 37 20 3
5.6866 9.8717 2.0643 29 16 7
5.5784 9.924 1.9066 35 10 13
5.5807 9.9255 1.9472 36 15 0
5.5531 9.9 1.9061 37 20 2
5.7593 9.8652 2.0919 39 17 4
5.5264 9.8858 2.0199 39 20 3
5.7675 9.8529 1.9865 41 18 2
5.7506 9.8653 2.0142 35 19 0
5.6111 9.9055 1.9232 35 10 13
5.663 9.9187 2.0096 35 18 1
5.6234 9.8959 1.8883 41 17 3
5.6496 9.8565 2.056 39 22 4
5.7141 9.8818 1.9189 34 15 0
5.5201 9.9118 1.8123 34 19 0
5.5946 9.875 1.8806 32 16 0
5.5252 9.9186 1.9302 37 20 2
5.5593 9.9026 1.9866 35 18 1
6.0297 9.8033 2.1516 38 19 3
6.0296 9.8052 2.1849 32 16 3
5.9152 9.8401 2.1068 35 20 0
5.9028 9.8519 2.1679 32 15 0
5.8046 9.8646 1.9571 37 18 4
5.8567 9.836 2.0201 36 17 3
5.8189 9.8656 2.1062 34 16 2
5.8325 9.8556 2.0753 36 19 1
5.8103 9.8729 2.1379 37 22 3
5.8368 9.8227 2.159 29 14 0
5.9016 9.8461 2.0661 34 15 0
5.885 9.8607 2.1248 32 15 0
5.9587 9.8451 2.085 37 17 6
5.8942 9.8833 2.016 35 16 0
5.8745 9.8607 2.0154 37 19 0
5.8508 9.8725 1.9694 37 18 2
5.8158 9.8634 2.0308 35 17 3
6.1159 9.8425 2.1002 37 20 2
6.0548 9.8255 2.2498 37 18 4
6.1423 9.8286 2.1747 33 16 0
6.0525 9.7952 2.2544 35 17 3
6.048 9.8244 2.1528 33 16 0
6.1212 9.8148 2.2714 34 22 8
6.1305 9.8378 2.2008 33 17 0
6.0876 9.8032 2.2312 34 22 0
6.1142 9.8131 2.1403 31 16 0
6.0306 9.8376 2.1729 36 18 4
6.1329 9.806 2.2425 34 16 4
6.133 9.8048 2.2087 30 18 0
6.0517 9.8206 2.1184 34 14 7
6.0347 9.8294 2.0771 36 19 2
6.1971 9.7966 2.2934 39 23 10
5.9619 9.8497 2.1821 36 18 4
6.1047 9.8215 2.1635 34 16 4
6.0216 9.8712 2.0596 34 13 0
6.2059 9.7894 2.2669 29 16 8
6.1824 9.8051 2.2551 29 16 8
6.3682 9.7689 2.3179 35 20 1
6.3684 9.7683 2.2864 39 22 4
6.3233 9.7707 2.3045 39 17 4
6.2374 9.7953 2.1814 38 22 0
6.2868 9.7948 2.2567 37 21 4
6.2086 9.8185 2.2591 40 23 5
6.2448 9.7973 2.3315 35 16 12
6.4111 9.7653 2.2425 32 14 0
6.275 9.8014 2.223 38 19 3
6.2947 9.7873 2.1999 34 18 0
6.2593 9.816 2.3026 37 18 4
6.2661 9.7784 2.2573 39 23 0
6.3744 9.7658 2.3473 35 19 2
6.2547 9.7893 2.3067 37 20 10
6.3232 9.7735 2.3587 35 18 0
6.3353 9.79 2.2428 38 19 3
6.3282 9.7943 2.2078 36 22 0
6.4569 9.7626 2.3148 36 18 0
6.4416 9.7762 2.3879 37 18 4
6.3817 9.79 2.3403 39 20 6
6.4084 9.768 2.2704 39 21 1
6.4658 9.7554 2.291 42 18 4
6.5511 9.7487 2.3167 45 22 6
6.4929 9.7381 2.3856 41 23 3
6.5275 9.7397 2.3676 47 18 12
6.3697 9.7976 2.3068 27 16 0
6.5018 9.7581 2.3275 38 22 5
6.3265 9.8001 2.3548 37 20 10
6.4392 9.7494 2.3969 42 18 18
6.4612 9.7583 2.2593 43 22 3
6.4687 9.7548 2.3474 39 24 1
6.4173 9.7627 2.3023 34 17 0
6.5162 9.7492 2.4151 39 24 3
6.5187 9.7468 2.3899 40 18 7
6.5481 9.7512 2.314 45 22 6
6.4885 9.7673 2.2936 42 24 4
6.6 9.7405 2.4653 45 24 3
6.5884 9.748 2.3274 40 21 4
6.6556 9.7234 2.4056 39 21 0
6.6324 9.7425 2.4693 37 17 6
6.5151 9.751 2.439 43 22 3
6.5451 9.7533 2.3432 45 22 6
6.5311 9.7659 2.4128 39 21 0
6.5647 9.7399 2.4034 38 17 0
6.6287 9.7439 2.368 37 22 3
6.5606 9.7439 2.4537 45 26 19
6.5709 9.7616 2.3458 42 21 4
6.6118 9.7311 2.4449 43 20 4
6.5654 9.7665 2.396 38 24 0
6.6536 9.7241 2.3552 32 21 1
6.5104 9.7802 2.3507 43 22 1
6.6689 9.7134 2.4368 41 19 0
6.6129 9.7571 2.4365 38 19 3
6.5713 9.7619 2.3713 36 19 0
6.7558 9.7212 2.4566 41 20 3
6.7324 9.7147 2.501 38 19 3
6.7077 9.7086 2.4742 37 16 0
6.7311 9.7158 2.4761 32 15 5
6.6909 9.7227 2.5128 40 18 3
6.7351 9.7382 2.4222 38 22 0
6.6693 9.7391 2.4305 39 16 8
6.7553 9.6957 2.4661 35 23 0
6.7193 9.7253 2.5192 35 18 1
6.7603 9.7174 2.4828 42 21 4
6.7698 9.7092 2.536 38 21 3
6.6402 9.7622 2.39 38 20 6
6.7382 9.7098 2.4316 34 15 0
6.7983 9.7109 2.4253 40 19 16
6.6561 9.7493 2.3726 35 21 0
6.7585 9.7187 2.4108 35 12 4
6.6934 9.7205 2.49 39 21 7
6.7327 9.7137 2.4069 36 20 3
6.7683 9.7104 2.5118 39 22 5
6.8755 9.6945 2.4966 38 22 0
6.8432 9.698 2.4639 34 22 0
6.8903 9.6809 2.5912 36 22 9
6.8635 9.6799 2.5648 36 24 2
6.8728 9.6968 2.4953 35 21 0
6.7876 9.7199 2.4888 37 16 0
6.8689 9.6997 2.5165 42 22 0
6.7923 9.7156 2.4698 40 20 11
6.7934 9.7146 2.5394 42 23 7
6.8474 9.6937 2.5569 36 24 2
6.7893 9.7188 2.442 37 19 0
6.8382 9.7021 2.4842 31 18 0
6.8336 9.7055 2.5281 35 13 0
6.8503 9.6916 2.513 42 20 5
6.868 9.7 2.5608 38 21 3
6.8735 9.6958 2.5396 39 25 0
6.8882 9.7086 2.4716 41 23 3
6.8029 9.7073 2.5185 40 18 3
6.8285 9.7107 2.433 37 22 0
6.8804 9.6905 2.4767 38 19 2
6.9151 9.6841 2.5303 36 18 4
6.8971 9.6999 2.5006 39 21 0
5.8433 7.4925 1.9584 22 8 0
5.1657 9.9697 1.5786 34 15 1
5.2617 9.9661 1.6651 36 17 3
5.2647 9.9609 1.6205 36 20 5
5.5216 9.9077 1.7741 35 18 1
5.2152 9.9705 1.4136 36 9 0
5.3833 9.9326 1.582 31 15 16
5.5315 9.86 1.7497 39 17 4
5.5904 9.8635 1.7285 36 16 9
5.2522 9.9638 1.567 36 16 5
5.4904 9.9214 1.7182 32 17 0
5.3567 9.9426 1.5271 32 15 0
5.3306 9.9645 1.596 37 19 7
5.3954 9.9182 1.5058 35 17 3
5.4719 9.8954 1.7606 32 14 4
5.2378 9.9367 1.6624 32 19 3
5.36 9.9035 1.5834 31 11 2
5.694 9.887 1.8397 35 16 12
5.6896 9.8933 1.8688 37 18 4
5.7871 9.8592 1.7251 32 9 3
5.6889 9.8467 1.7744 30 15 10
5.5359 9.9293 1.6473 34 16 2
5.5402 9.9396 1.8103 36 20 3
5.5039 9.9601 1.7908 36 20 3
5.5833 9.9091 1.7535 32 12 1
5.721 9.9008 1.7247 36 19 1
5.7503 9.8464 1.7539 32 20 0
5.7464 9.8518 1.7877 29 16 0
5.7669 9.8816 1.865 26 15 0
5.7875 9.8675 1.8353 32 12 14
5.5804 9.9862 1.6841 31 10 5
5.7207 9.8689 1.816 35 15 8
5.6357 9.8828 1.8198 34 15 1
5.7721 9.8814 1.9029 34 14 5
5.7963 9.8645 1.8799 26 15 0
5.6639 9.8992 1.7419 29 16 0
5.6245 9.9156 1.6417 29 10 3
5.8519 9.8696 1.9342 36 12 12
5.8793 9.8506 1.9136 33 14 10
6.0701 9.8296 1.8809 39 14 17
5.9898 9.8203 1.9952 28 14 1
5.972 9.8632 1.9421 38 14 2
5.9943 9.8473 1.9188 27 19 0
6.0222 9.8334 2.0045 36 17 11
5.8882 9.8757 1.8374 32 13 6
6.0767 9.8012 2.0651 35 15 6
5.9341 9.8564 2.0023 38 21 3
5.9459 9.8381 1.8343 33 16 6
5.8616 9.8564 1.8321 31 7 3
6.1172 9.8014 1.9415 39 15 3
5.9211 9.8603 1.9244 30 12 2
5.8236 9.8765 1.775 34 14 3
5.8006 9.8957 1.8334 34 11 5
5.9733 9.8585 1.871 27 14 0
5.9806 9.8515 1.8421 35 13 0
5.9542 9.8374 1.9096 33 15 5
6.0731 9.8361 2.0548 36 20 7
6.1314 9.8263 1.975 36 18 4
6.1533 9.8101 1.9556 34 17 0
6.1566 9.8146 2.0862 38 18 7
6.0934 9.8198 1.9972 32 19 0
6.2334 9.791 2.0228 36 19 2
6.2105 9.8091 2.0743 34 19 0
6.2098 9.8125 2.1363 37 18 4
6.2255 9.7975 2.0517 34 17 0
6.0965 9.8454 1.8896 40 21 7
6.2633 9.7711 2.0396 36 19 2
6.1548 9.8139 2.055 33 19 10
6.0525 9.8477 2.0094 34 13 18
6.0756 9.8292 1.955 36 16 9
6.2513 9.7774 2.0021 37 20 3
6.101 9.8118 1.932 39 15 3
6.2625 9.8014 1.9987 34 21 3
6.1105 9.8415 1.9971 35 17 15
6.2043 9.8148 2.102 35 17 5
6.489 9.7338 2.1342 35 12 4
6.3765 9.7861 2.1066 35 16 0
6.3727 9.7895 2.1355 37 12 7
6.3152 9.8022 2.1723 30 18 2
6.2672 9.802 2.0963 34 18 1
6.3183 9.7947 2.0193 34 21 5
6.2592 9.8401 2.112 36 19 2
6.3393 9.7811 2.0636 38 15 0
6.2631 9.8023 2.0311 32 20 0
6.4109 9.7633 2.1863 40 21 17
6.2557 9.8089 2.0567 35 15 8
6.42 9.7581 2.2184 32 12 3
6.3336 9.7857 2.0931 32 13 0
6.3003 9.7811 2.1422 38 19 5
6.3476 9.8057 2.059 33 16 0
6.3501 9.8029 2.0298 25 12 0
6.2831 9.7939 2.1645 38 23 0
6.3348 9.7866 2.1211 35 17 5
6.5441 9.7533 2.2865 44 23 6
6.4914 9.7639 2.2393 40 23 3
6.4909 9.7646 2.2684 41 23 1
6.4679 9.7537 2.2614 43 22 3
6.5736 9.7568 2.1557 39 14 7
6.5351 9.7586 2.1984 42 20 7
6.5504 9.7479 2.264 38 16 16
6.5821 9.7226 2.1982 38 20 0
6.5212 9.7696 2.2186 41 17 5
6.4864 9.7655 2.1514 40 19 0
6.4389 9.7715 2.1643 32 14 2
6.4306 9.7787 2.1867 38 22 0
6.4228 9.7825 2.1252 33 14 0
6.5085 9.7504 2.2214 38 19 2
6.5639 9.7644 2.1791 36 20 3
6.4838 9.7678 2.1802 41 17 7
6.4668 9.7792 2.1113 38 20 0
6.5169 9.7712 2.1313 36 19 0
6.4154 9.7906 2.2074 41 22 16
6.6811 9.7292 2.3607 35 22 6
6.646 9.729 2.2456 37 21 0
6.7114 9.7304 2.2424 37 14 0
6.5828 9.7509 2.2732 43 19 9
6.5973 9.7396 2.2534 41 20 3
6.6758 9.7054 2.2366 39 16 0
6.6706 9.7367 2.2519 38 22 0
6.6873 9.7235 2.2878 36 16 15
6.6848 9.7259 2.3378 34 21 15
6.6339 9.7395 2.3174 39 22 4
6.6067 9.76 2.2499 36 14 1
6.5978 9.7401 2.3071 40 21 4
6.6387 9.7346 2.2418 37 21 0
6.6526 9.7232 2.1962 38 16 5
6.5759 9.7556 2.2139 39 20 4
6.7102 9.7319 2.2657 33 15 3
6.6487 9.7536 2.2132 35 15 6
6.7291 9.6906 2.3364 35 18 0
6.7513 9.7246 2.3829 36 16 5
6.7526 9.7236 2.3586 39 16 8
6.7863 9.7215 2.3204 38 19 2
6.7227 9.7218 2.2994 37 13 0
6.7221 9.7226 2.3488 29 13 0
6.7502 9.7254 2.2825 35 22 3
6.773 9.7336 2.2597 37 18 2
6.7986 9.7109 2.4004 40 14 15
6.8628 9.6823 2.3574 42 18 6
6.7282 9.7174 2.3789 35 23 1
6.8558 9.6883 2.3527 42 18 6
6.7293 9.7425 2.2452 28 15 0
6.8097 9.7284 2.2991 38 23 4
6.7807 9.7005 2.3492 38 19 5
6.7774 9.729 2.2906 38 21 1
6.7654 9.7131 2.3157 35 16 0
6.7986 9.7111 2.3522 34 18 1
6.8018 9.7079 2.3799 36 20 7
6.915 9.6863 2.3955 41 23 0
6.8659 9.7037 2.4224 35 24 2
6.9089 9.6905 2.4608 46 22 12
6.865 9.7049 2.3978 38 24 15
6.8209 9.7445 2.2984 38 20 0
6.827 9.7124 2.3846 42 18 18
6.9298 9.6977 2.3965 36 15 0
6.9127 9.6887 2.371 36 22 0
6.8492 9.719 2.3419 40 16 6
6.8653 9.705 2.3743 43 22 1
6.8324 9.7076 2.4112 38 11 18
6.9299 9.6979 2.3741 37 16 0
6.8417 9.7002 2.3685 40 15 8
6.9045 9.6945 2.4365 42 22 13
6.9404 9.6893 2.3563 39 23 6
6.876 9.6944 2.4519 39 23 0
6.8957 9.7038 2.3384 35 17 3
6.8977 9.701 2.4093 36 21 2
5.3129 9.9415 1.2332 26 13 4
5.5641 9.6995 1.5175 25 8 0
5.4545 9.9276 1.5267 35 15 4
5.3866 9.9191 1.4566 29 12 2
5.3729 9.9685 1.4335 32 12 5
5.3471 9.9364 1.3863 34 13 10
5.5051 9.9364 1.5046 26 14 2
5.357 9.9728 1.3842 27 10 3
5.5265 9.9112 1.3413 21 12 0
5.5104 9.9235 1.3754 30 6 2
5.3932 9.9416 1.2719 32 14 2
5.4383 9.9702 1.4197 28 17 0
5.6268 9.8951 1.397 24 13 0
5.2629 9.9765 1.2915 29 12 4
5.2872 10.007 1.2933 28 11 3
5.5617 9.9082 1.5817 32 14 0
5.6675 9.8762 1.4604 28 17 0
5.2902 10.003 1.2425 31 10 5
5.7162 9.8978 1.6453 33 15 3
5.829 9.8573 1.55 30 13 3
5.7441 9.8791 1.62 32 15 7
5.7194 9.8869 1.5299 32 13 6
5.8145 9.8719 1.6146 28 16 4
5.6812 9.9065 1.461 32 16 0
5.612 9.9129 1.515 31 22 7
5.7412 9.9063 1.4556 32 13 6
5.6411 9.8932 1.4915 25 15 5
5.7471 9.9449 1.4796 28 20 0
5.6912 9.8728 1.5947 28 12 12
5.6787 9.9051 1.417 29 13 0
5.617 9.9498 1.503 31 12 6
5.8287 9.8606 1.5857 30 12 2
5.8481 9.8572 1.7114 35 10 5
5.8275 9.8669 1.6606 27 10 0
6.0256 9.815 1.7255 33 12 17
6.0406 9.812 1.8414 35 12 6
6.0155 9.8517 1.6363 29 16 0
6.0045 9.8261 1.6748 36 15 10
5.9005 9.8589 1.6957 35 12 6
6.1633 9.793 1.7595 30 15 8
5.9439 9.8345 1.7624 32 14 14
6.0706 9.8265 1.8514 37 12 7
5.8956 9.8981 1.6809 28 15 6
6.0487 9.837 1.7647 33 5 17
5.8645 9.8783 1.6364 27 13 2
5.9602 9.8912 1.6731 32 13 6
5.7875 9.9233 1.5443 33 15 11
5.9781 9.8484 1.7721 32 13 0
5.9069 9.8599 1.7732 30 9 4
5.9934 9.8304 1.6319 28 15 0
6.0619 9.831 1.8063 32 13 7
6.0588 9.8342 1.8436 37 12 7
6.1508 9.8032 1.7847 32 12 5
6.0244 9.848 1.6794 35 18 0
6.1812 9.8161 1.795 34 10 6
6.2098 9.8038 1.9447 32 13 0
6.1435 9.8404 1.7308 32 12 3
6.2339 9.8194 1.9502 39 20 6
6.231 9.7876 1.9275 32 17 0
6.1476 9.8091 1.8496 34 15 8
6.3433 9.7728 1.9079 31 17 6
6.1438 9.8099 1.8123 31 14 4
6.2736 9.8179 1.7986 30 17 0
6.1893 9.8175 1.9322 32 13 0
6.0721 9.86 1.8381 34 21 2
6.1896 9.8421 1.7553 31 15 0
6.2121 9.8326 1.9054 30 17 1
6.2249 9.8213 1.8453 36 13 5
6.2078 9.8009 1.8418 34 23 4
6.2474 9.8375 1.814 29 9 2
6.1414 9.8458 1.8383 38 14 14
6.2022 9.8349 1.7986 32 18 7
6.3332 9.8107 1.893 34 21 5
6.4175 9.7811 1.9393 29 16 0
6.3898 9.7692 1.9002 34 17 0
6.415 9.7865 2.0604 36 19 1
6.4622 9.7778 1.9291 36 17 0
6.3844 9.7777 2.0194 30 17 1
6.298 9.8049 1.9131 29 8 5
6.3881 9.7741 1.9906 30 16 5
6.3319 9.7822 1.968 33 18 0
6.3739 9.8113 1.8803 35 16 0
6.382 9.8055 1.8855 35 16 0
6.314 9.7963 1.9865 34 16 4
6.2616 9.8586 1.7808 33 14 0
6.4387 9.7687 2.0438 34 14 5
6.4233 9.7779 1.9742 36 10 9
6.4667 9.7754 1.9626 39 22 5
6.4155 9.7841 2.0012 31 19 5
6.481 9.7655 2.0028 37 19 17
6.3341 9.8111 1.9257 28 15 6
6.5145 9.7722 2.0705 37 14 6
6.5733 9.7561 2.1294 33 20 1
6.4951 9.7844 1.9706 38 19 3
6.642 9.7303 2.108 36 15 10
6.4949 9.787 2.0893 33 17 0
6.5638 9.7635 2.0929 31 17 6
6.5876 9.745 2.0484 34 19 0
6.5893 9.7415 1.9963 35 23 0
6.5395 9.78 1.9923 41 18 12
6.5482 9.775 2.0541 34 18 5
6.5569 9.7392 2.0704 39 16 8
6.5398 9.7798 1.9921 41 18 12
6.6137 9.7522 2.0606 36 17 3
6.4751 9.7714 2.0584 41 19 6
6.4467 9.7918 2.0094 38 15 7
6.5182 9.7674 2.0171 30 14 1
6.5295 9.758 1.9637 42 18 4
6.5693 9.7594 2.0958 31 17 6
6.6236 9.7441 2.0385 35 20 0
6.5008 9.7532 2.1036 39 20 4
6.694 9.7442 2.0965 35 17 7
6.6943 9.744 2.1244 35 11 7
6.7167 9.7262 2.2186 31 15 15
6.6834 9.725 2.099 34 19 0
6.6383 9.7622 2.1779 31 18 2
6.7671 9.7116 2.1897 36 19 9
6.6999 9.7125 2.1634 32 18 7
6.7301 9.7422 2.1389 41 13 10
6.5834 9.7766 2.0972 40 20 11
6.636 9.7625 2.0384 34 16 6
6.6884 9.7217 2.128 38 25 6
6.642 9.7578 2.0423 34 16 6
6.6929 9.7452 2.1508 33 12 9
6.7366 9.737 2.1157 33 20 4
6.6534 9.7495 2.1618 39 19 10
6.6881 9.7493 2.1743 39 16 8
6.7367 9.737 2.1155 33 20 4
6.7152 9.7547 2.0735 38 24 0
6.723 9.7207 2.0886 34 15 0
6.5886 9.7729 2.1288 35 17 7
6.805 9.7331 2.1709 40 21 4
6.847 9.7229 2.216 41 24 0
6.8648 9.6819 2.2837 44 26 2
6.8219 9.6929 2.2644 40 23 5
6.8352 9.7077 2.1653 39 23 0
6.7789 9.7284 2.1371 36 13 5
6.8288 9.7123 2.2861 38 17 14
6.8903 9.6854 2.2209 37 14 6
6.7222 9.7486 2.1874 43 20 2
6.8613 9.7108 2.1763 40 22 0
6.9016 9.6753 2.2759 36 21 2
6.7173 9.7525 2.211 39 17 4
6.8676 9.6791 2.2632 41 19 4
6.8256 9.7154 2.2102 42 20 5
6.8168 9.6962 2.2398 34 16 6
6.7743 9.7323 2.1852 31 18 12
6.7688 9.737 2.1558 35 17 3
6.8634 9.7076 2.3009 38 19 3
6.9328 9.6984 2.2335 43 22 3
6.8865 9.7126 2.3077 37 19 5
6.8822 9.7172 2.2798 40 17 9
6.947 9.6841 2.3147 34 19 12
6.9308 9.7005 2.2084 29 24 0
6.9368 9.6926 2.332 37 17 6
6.9553 9.7023 2.2655 39 21 0
6.8984 9.7045 2.1924 38 19 5
6.8911 9.7098 2.2608 39 22 15
6.9718 9.6882 2.2517 39 20 3
6.9116 9.6916 2.2518 40 23 5
6.9295 9.701 2.2549 30 16 5
6.9088 9.6685 2.3056 35 22 3
6.9498 9.6816 2.3163 34 19 12
6.8672 9.7564 2.238 43 24 20
6.8822 9.7185 2.2056 40 19 0
6.9645 9.6932 2.317 35 18 8
5.0558 7.8001 1.1183 1 6 0
5.5952 7.9015 1.4551 3 3 3
5.3485 7.8615 1.2523 13 4 0
5.3245 9.9267 1.1508 27 13 0
5.4092 9.8824 1.209 28 12 0
5.4365 9.8657 1.1699 17 4 0
5.4538 9.9475 1.2498 38 13 8
5.5921 9.9049 1.2415 22 9 0
5.5236 9.9501 1.2836 27 10 0
5.487 9.9669 1.2162 22 10 0
5.9288 9.8305 1.5188 26 9 0
5.6965 9.9737 1.4009 28 11 0
5.8922 9.8805 1.3707 13 11 0
5.8006 9.8278 1.4228 28 11 1
5.7475 9.9006 1.4101 27 14 0
5.9358 9.8226 1.4901 27 15 0
5.7108 9.9201 1.3398 32 15 0
5.574 9.956 1.2159 26 10 11
5.5776 9.9595 1.3132 32 17 0
5.7861 9.9105 1.3425 30 10 0
5.9335 9.8581 1.437 27 12 7
5.7774 9.8773 1.348 28 8 0
5.8691 9.863 1.4428 27 15 0
5.9793 9.8639 1.419 22 9 0
6.0868 9.8352 1.562 28 13 6
6.0573 9.8508 1.4628 24 13 11
5.9488 9.8915 1.5553 32 15 0
6.1463 9.8304 1.5963 28 12 0
5.9288 9.8643 1.4692 29 16 0
5.9554 9.8515 1.5698 33 16 0
5.9561 9.8492 1.5299 26 10 0
6.0771 9.8434 1.5922 30 11 5
6.2062 9.7557 1.6154 22 5 0
6.0639 9.8462 1.4692 24 13 11
6.0601 9.8584 1.6531 32 15 0
6.1373 9.8332 1.5141 21 5 8
5.98 9.8696 1.5389 32 19 0
6.0195 9.8358 1.4133 6 6 0
6.0542 9.8598 1.615 34 19 0
6.2049 9.7905 1.6006 30 14 0
6.2386 9.8063 1.7179 25 12 0
6.1759 9.8176 1.7163 35 18 0
6.3316 9.7723 1.7063 32 18 9
6.3483 9.7936 1.7426 34 15 0
6.2596 9.826 1.7566 35 8 0
6.1324 9.8428 1.6612 35 20 0
6.2603 9.787 1.6296 26 13 0
6.2333 9.8086 1.6783 34 17 0
6.254 9.7977 1.7615 35 16 0
6.1933 9.8307 1.543 14 8 8
6.2659 9.8167 1.621 25 13 1
6.366 9.7792 1.6871 29 14 11
6.2603 9.8188 1.5831 26 9 0
6.2416 9.8012 1.6506 28 14 5
6.1454 9.8324 1.6351 34 17 0
6.3107 9.8191 1.6804 34 11 5
6.2866 9.8049 1.7067 28 15 0
6.2687 9.8187 1.7273 30 14 1
6.3933 9.7946 1.7958 35 18 0
6.4574 9.7778 1.8014 33 16 6
6.4121 9.7817 1.8433 28 15 0
6.346 9.8258 1.6598 26 16 4
6.4517 9.7839 1.8597 33 16 6
6.4539 9.7833 1.8915 36 18 0
6.4546 9.7811 1.8296 39 14 7
6.3622 9.785 1.7859 31 15 0
6.4074 9.7827 1.7397 28 20 0
6.3963 9.7922 1.7992 35 18 0
6.4684 9.8017 1.8286 38 16 3
6.3933 9.7937 1.7629 33 17 0
6.3691 9.7814 1.8226 34 18 1
6.4174 9.7794 1.8764 35 13 0
6.5002 9.7448 1.7694 32 13 6
6.57 9.7241 1.8426 36 13 5
6.4866 9.7861 1.7462 26 7 1
6.5123 9.7676 1.8313 35 17 3
6.6354 9.7339 1.9905 43 22 1
6.6032 9.7595 1.9964 39 21 0
6.5827 9.7461 1.9621 32 20 0
6.5976 9.7622 1.8743 38 14 12
6.676 9.7301 1.9811 36 19 1
6.5354 9.7803 1.8052 36 21 18
6.6638 9.7392 1.9445 34 15 1
6.5722 9.7535 1.9252 36 18 8
6.4945 9.7836 1.9092 35 23 0
6.6306 9.7654 1.8894 34 17 0
6.6111 9.7813 1.8424 38 19 13
6.5967 9.7622 1.8444 31 17 14
6.4939 9.7835 1.8776 35 18 0
6.5972 9.7631 1.9034 35 16 2
6.6392 9.731 1.993 43 22 1
6.5957 9.7646 1.9322 35 19 4
6.6588 9.7431 1.9412 34 15 1
6.5699 9.7543 1.8954 37 15 18
6.557 9.7639 1.8541 39 17 6
6.6847 9.7503 1.9529 39 15 5
6.712 9.7297 1.996 37 12 7
6.748 9.7274 2.0703 38 22 0
6.7006 9.7385 2.0178 36 19 2
6.7293 9.7428 1.9452 38 18 7
6.6668 9.7381 2.0303 36 17 0
6.7403 9.7056 1.9359 36 18 4
6.7383 9.7356 1.9795 39 22 4
6.7688 9.7376 2.0212 40 15 11
6.6805 9.7541 1.948 46 22 12
6.6516 9.7499 1.9913 34 23 4
6.7627 9.743 1.9886 37 21 4
6.7502 9.7256 2.0445 35 16 0
6.7093 9.7323 1.9353 36 21 0
6.6901 9.7472 2.0379 37 18 1
6.7814 9.7278 1.9737 31 19 0
6.7784 9.7297 2.0546 38 24 0
6.738 9.7358 2.0073 41 22 8
6.8629 9.7126 2.018 36 18 14
6.9117 9.6944 2.1015 34 19 0
6.8716 9.7024 2.1575 40 24 0
6.8314 9.7389 2.0224 43 28 7
6.8637 9.7105 2.0984 37 21 4
6.7734 9.733 2.1072 39 23 0
6.8258 9.7163 2.0807 37 19 0
6.8286 9.7145 2.029 38 22 5
6.9098 9.6957 2.1253 39 23 6
6.8272 9.7152 2.0555 39 22 4
6.9053 9.7004 2.071 34 21 3
6.843 9.7275 2.1113 33 18 0
6.8109 9.7286 2.1228 38 20 0
6.8273 9.7149 2.108 36 21 0
6.8468 9.7254 2.0601 35 17 3
6.7394 9.7619 2.0553 37 13 0
6.8981 9.7054 2.1425 37 21 0
6.9 9.7058 2.04 35 22 4
6.9697 9.7193 2.1186 38 18 7
6.9669 9.6949 2.175 37 19 0
6.9819 9.6822 2.1379 31 23 0
6.9086 9.6958 2.1748 37 19 0
6.9587 9.7042 2.0947 38 20 6
6.943 9.6914 2.1422 38 17 22
6.9762 9.6854 2.2291 39 17 2
6.9847 9.7031 2.1813 38 18 7
6.95 9.6841 2.1964 31 18 0
6.9305 9.7029 2.1556 34 22 6
6.9768 9.6862 2.1585 36 16 5
7.0018 9.6891 2.1665 33 20 2
6.9578 9.7017 2.1956 30 19 0
6.9247 9.7097 2.0755 37 20 3
6.9649 9.6968 2.1733 37 19 0
6.9912 9.7004 2.1095 35 16 9
6.9242 9.709 2.1025 39 19 10
6.9825 9.7036 2.2282 40 23 3
6.9986 9.6901 2.2137 29 17 0
7.0134 9.7035 2.1227 29 12 4
5.824 9.8701 1.1235 28 16 0
5.7472 9.913 1.0158 27 8 10
6.1185 9.7696 1.4103 25 11 0
5.9463 9.8732 1.1909 29 13 0
5.8747 9.879 1.147 24 8 8
6.0057 9.8045 1.3307 30 12 0
6.0344 9.7868 1.3539 30 12 0
5.7299 9.9641 0.98722 28 14 3
5.8042 9.9247 1.1329 28 8 9
5.9314 9.8822 1.1803 29 13 0
5.9089 9.937 1.1905 27 15 0
6.0815 9.8329 1.4444 12 1 7
6.3623 9.7806 1.6501 27 9 0
6.3883 9.7924 1.6291 15 9 0
6.5161 9.7633 1.7026 24 10 0
6.4938 9.7799 1.7199 31 18 2
6.5619 9.7579 1.7335 23 6 0
6.4817 9.7573 1.7241 24 12 0
6.4294 9.795 1.6482 23 9 0
6.4062 9.7807 1.676 23 10 2
6.6399 9.6991 1.7616 6 0 0
6.6431 9.7257 1.7548 7 4 0
6.6461 9.7514 1.7524 9 5 0
6.661 9.7411 1.8521 40 16 2
6.6335 9.7625 1.8008 31 13 0
6.58 9.7746 1.7361 24 9 2
6.6292 9.7645 1.7716 25 16 9
6.5233 9.7887 1.7653 34 17 7
6.7016 9.7375 1.8442 32 18 7
6.5647 9.7869 1.7882 30 14 0
6.6994 9.7394 1.8114 21 4 12
6.5728 9.7791 1.7686 34 19 0
6.6651 9.7654 1.759 7 2 0
6.6302 9.7642 1.77 25 16 9
6.6702 9.7611 1.7638 7 2 0
6.5316 9.7819 1.7397 31 15 0
6.7445 9.7304 1.8704 39 10 12
6.7347 9.7396 1.8297 24 8 11
6.7799 9.7286 1.8913 23 12 0
6.7799 9.7287 1.9188 36 10 9
6.7605 9.7456 1.8444 21 10 8
6.7616 9.7163 1.9133 34 14 5
6.8404 9.706 1.9005 26 9 0
6.7156 9.7551 1.9024 36 12 10
6.8323 9.7121 1.9504 35 22 4
6.8063 9.7345 1.9015 28 15 7
6.6905 9.7467 1.864 34 19 0
6.822 9.7222 1.8561 14 5 0
6.9278 9.7076 2.0275 38 18 7
6.8523 9.7216 1.9845 36 17 3
6.8443 9.7296 1.922 33 16 8
6.8718 9.7317 1.9899 37 17 6
6.8354 9.7375 1.9409 39 18 0
6.8046 9.7358 1.9551 40 24 1
6.8574 9.7185 1.9056 26 19 0
6.9177 9.7176 1.9922 37 19 7
6.9358 9.7023 1.9794 34 17 10
6.8366 9.7369 1.8603 17 0 11
7.0314 9.6886 2.1084 27 20 4
7.0451 9.6774 2.0707 34 17 9
6.9785 9.7151 1.9988 34 19 0
6.9572 9.7351 2.0043 33 12 7
7.0282 9.6949 2.0298 31 14 0
6.9959 9.6976 2.0863 39 19 10
6.9655 9.7289 1.9589 34 10 0
7.0109 9.7112 1.9928 34 17 0
7.0151 9.7054 2.0695 37 18 14
6.9709 9.6941 2.0778 34 17 0
6.961 9.7039 2.0206 36 15 10
6.9569 9.7088 1.9899 31 13 0
6.9197 9.7142 2.0475 33 11 0
6.9634 9.7044 1.9667 23 9 9
6.9886 9.7039 2.0816 39 19 10
7.0063 9.6882 2.0707 31 23 10
6.9408 9.7224 2.028 36 20 7
4.6909 9.9399 3.0077 39 17 6
4.6866 10.031 3.0268 36 17 1
4.7693 10.08 3.0456 36 18 6
5.2533 9.841 3.0532 34 17 9
5.1599 9.9995 3.0178 41 22 15
5.1914 9.9457 3.0351 42 18 6
5.3363 9.9111 3.0703 39 24 3
5.4513 9.8543 3.109 39 20 4
5.2981 9.8554 3.0521 37 18 4
5.4315 9.8966 3.0679 37 20 12
5.6224 9.8309 3.1058 38 16 1
5.5378 9.8742 3.0722 40 19 14
5.7481 9.8239 3.0732 36 17 11
5.6068 9.8726 3.0972 37 23 0
5.3797 9.9271 3.0914 41 22 6
5.3317 9.9467 3.0263 41 22 15
5.5704 9.8902 3.0668 38 20 6
5.7491 9.8597 3.123 39 17 2
5.7125 9.8485 3.1294 42 19 1
5.8026 9.8268 3.0971 40 18 3
5.7379 9.8618 3.0648 38 26 4
5.9295 9.8137 3.0977 43 24 7
5.8578 9.8237 3.0736 37 25 0
5.8435 9.8341 3.0992 40 16 4
5.883 9.8129 3.1264 39 17 2
5.9853 9.8135 3.1481 41 23 1
6.0569 9.7953 3.0957 39 21 11
6.118 9.7872 3.1219 43 27 10
5.8696 9.8515 3.1201 44 27 7
6.0387 9.8099 3.1464 42 16 2
6.0496 9.8014 3.1244 43 25 3
6.1035 9.7949 3.0953 49 23 9
6.0178 9.7919 3.1281 42 24 2
6.1688 9.7829 3.122 44 22 9
6.2721 9.7444 3.1489 42 27 4
6.2024 9.7641 3.171 43 19 9
6.1011 9.8281 3.1382 39 22 2
6.1243 9.7849 3.1443 40 18 3
6.2628 9.7763 3.1183 41 25 12
6.4408 9.7352 3.1629 44 18 4
6.3906 9.7435 3.1422 41 20 17
6.3321 9.7575 3.142 44 26 16
6.2535 9.7838 3.1414 37 23 14
6.4166 9.7512 3.1403 39 18 13
6.2256 9.8037 3.1618 44 20 16
6.3522 9.7713 3.1596 43 22 5
6.3434 9.7488 3.1188 42 23 7
6.3264 9.7626 3.1665 39 21 0
6.4841 9.7305 3.1832 41 23 0
6.5593 9.7242 3.1581 44 25 8
6.5343 9.7172 3.1397 41 19 4
6.5501 9.7065 3.1638 43 22 5
6.5034 9.7415 3.1797 40 20 13
6.4353 9.739 3.1625 44 18 4
6.4312 9.7429 3.1827 41 19 4
6.5156 9.7558 3.1325 46 26 2
6.4904 9.725 3.162 51 25 11
6.4224 9.7729 3.1349 42 25 7
6.6335 9.7167 3.156 44 18 21
6.5649 9.721 3.1771 42 21 4
6.6361 9.6909 3.1622 40 22 12
6.5764 9.7367 3.1737 45 27 7
6.6551 9.7009 3.177 43 24 17
4.6621 9.9818 2.8747 34 16 14
4.7999 9.9616 2.8832 36 21 2
4.7262 9.9996 2.9147 39 20 6
4.9795 10.006 2.9488 38 19 5
5.0646 9.9606 2.9241 34 17 9
5.0364 9.9285 2.8522 37 20 3
4.8683 10.012 2.8728 35 15 4
4.7754 10.015 2.8721 38 19 2
5.0568 9.9327 2.9998 37 18 4
5.0769 9.9475 2.8565 41 14 3
4.7822 10.003 2.7998 37 22 3
5.0725 9.9566 2.9255 34 17 9
5.2462 9.8984 2.8377 39 17 4
5.0613 9.9587 2.8877 37 18 4
5.033 9.9405 2.9633 41 23 3
4.9398 9.982 2.9144 34 15 11
5.0174 9.9731 2.811 34 17 0
4.7854 10.014 2.9097 39 20 4
4.7261 10.163 2.7925 37 16 13
5.2686 9.9339 2.9315 38 19 2
5.2862 9.9279 2.9698 36 22 0
5.1628 9.9568 2.9967 40 21 4
5.335 9.8905 2.8434 35 16 0
4.9472 10.052 2.8249 37 16 13
5.2673 9.9687 2.8898 41 19 4
5.2167 9.9199 2.8971 40 20 13
5.3057 9.9575 2.9911 42 24 14
5.4903 9.8838 2.8818 42 22 0
5.3951 9.8747 3.0103 40 23 16
5.1973 9.9674 2.8889 35 20 0
5.379 9.9042 2.842 39 22 4
5.316 9.9461 2.9289 39 22 2
5.3299 9.8692 2.9823 36 17 1
5.1915 9.9359 2.928 39 22 2
5.6165 9.891 2.9726 41 22 5
5.5894 9.8699 2.9456 41 20 1
5.5148 9.8813 3.0079 38 19 5
5.6359 9.873 2.8858 35 18 0
5.4955 9.8917 3.005 38 19 5
5.4888 9.898 3.0368 37 16 13
5.4278 9.9532 2.8634 41 20 1
5.4988 9.8846 2.946 39 15 11
5.4984 9.8875 2.975 39 22 4
5.6484 9.8683 2.9193 38 22 0
5.6865 9.8779 2.8869 37 19 0
5.6869 9.8799 2.9197 40 25 4
5.6527 9.8424 3.0478 39 17 2
5.6559 9.8665 2.9488 38 21 1
5.5775 9.8397 2.9256 38 22 0
5.5103 9.9108 2.904 42 21 2
5.9593 9.8169 2.9629 39 21 1
5.8716 9.8368 2.9304 36 18 0
5.9007 9.8271 3.0426 41 22 5
5.9016 9.8247 3.0155 36 23 4
5.876 9.8365 2.954 35 17 0
5.8907 9.8293 2.9868 39 25 0
5.7069 9.8707 2.9487 40 22 0
5.9005 9.8291 3.0701 48 20 9
5.9583 9.8157 2.9359 39 23 0
5.7837 9.8651 3.0361 42 21 4
5.8447 9.8232 2.9628 39 18 0
5.7749 9.8619 2.9215 39 25 0
5.787 9.859 2.9805 43 22 5
6.0876 9.8018 3.0451 41 21 0
5.9889 9.8042 3.0458 39 10 12
5.9892 9.8272 2.9342 37 21 0
6.114 9.7866 3.0727 37 20 2
6.1413 9.7664 3.0262 40 24 1
6.0795 9.8038 2.9929 38 16 1
6.0163 9.8138 2.9914 39 23 0
6.0234 9.8111 3.0163 40 19 2
6.0111 9.8154 2.9654 38 22 0
6.047 9.7981 3.0473 41 24 14
6.1029 9.7875 2.9716 44 18 4
6.1758 9.77 2.9737 41 20 0
5.9463 9.8284 3.0177 39 22 2
5.8732 9.871 2.9784 42 26 3
6.1429 9.7609 2.9515 41 23 3
6.027 9.8121 3.0707 41 21 14
6.2032 9.7537 3.0061 38 22 0
6.2181 9.7732 3.0245 35 18 0
6.1947 9.7875 2.9938 42 20 5
6.1748 9.7776 3.0987 39 20 4
6.1096 9.8182 3.0647 41 21 0
6.22 9.7694 2.9766 35 16 0
6.2582 9.7721 2.9744 34 22 0
6.3333 9.751 3.0289 38 22 5
6.2679 9.7668 3.001 38 20 0
6.2515 9.7539 3.078 40 21 4
6.112 9.8441 3.0336 38 21 3
6.1531 9.7872 3.0227 37 19 0
6.3284 9.7532 3.0053 35 20 0
6.3032 9.7456 3.0533 39 21 1
6.2269 9.7714 3.0999 37 18 1
6.2447 9.7834 3.0216 41 20 3
6.1923 9.7634 3.0515 40 23 5
6.2597 9.7771 3.0944 39 23 0
6.3337 9.7486 2.9816 37 22 0
6.4412 9.7318 3.0991 39 21 0
6.4197 9.748 3.1198 38 22 0
6.4446 9.7285 3.0772 42 22 0
6.4657 9.7382 3.0528 46 22 8
6.4613 9.7406 3.0284 43 18 0
6.3571 9.7624 3.0494 40 17 1
6.3785 9.7498 3.0957 36 19 0
6.3755 9.7529 3.1181 40 19 0
6.4108 9.7514 3.0498 44 21 5
6.3313 9.7814 3.0669 42 23 7
6.3761 9.7739 2.9982 40 24 0
6.4805 9.7259 3.0108 39 20 4
6.3357 9.7528 3.0971 41 23 3
6.3538 9.7637 3.0258 40 16 6
6.4415 9.7288 3.0322 38 22 0
6.3248 9.759 3.0743 40 23 3
6.3624 9.7567 3.0027 39 22 4
6.5172 9.728 3.0984 36 17 1
6.4725 9.736 3.1185 41 22 5
6.5464 9.7293 3.0323 44 16 3
6.5398 9.7107 3.0789 38 20 0
6.4995 9.7393 3.0509 42 19 3
6.5919 9.7207 3.0538 43 25 3
6.6123 9.706 3.0785 40 23 3
6.4715 9.7358 3.0963 40 23 5
6.5703 9.7123 3.057 39 20 3
6.4731 9.757 3.0026 37 23 0
6.5238 9.7208 3.0342 34 18 0
6.5519 9.7282 3.1154 40 16 2
6.5218 9.7255 3.1195 37 22 17
6.4531 9.7482 3.0714 41 20 0
6.5471 9.731 3.0948 35 16 0
6.5716 9.7099 3.0149 38 19 15
6.6072 9.7086 3.0357 39 22 2
6.536 9.7384 3.0728 45 22 4
6.6858 9.6987 3.1174 39 21 0
6.6283 9.7181 3.0743 37 22 3
6.6994 9.7107 3.074 39 21 0
6.6716 9.7093 3.0953 42 24 0
6.6959 9.6916 3.1362 40 21 5
6.6779 9.7028 3.0362 41 23 0
6.6501 9.6796 3.1433 40 22 12
6.7016 9.6848 3.06 39 23 0
6.6316 9.6921 3.1014 41 23 1
6.7015 9.7081 3.0351 38 23 4
6.7013 9.7086 3.0561 42 22 0
6.6548 9.699 3.1186 42 20 5
6.6194 9.7268 3.1358 41 24 4
6.6802 9.7019 3.0778 41 20 3
6.6413 9.7088 3.0957 43 23 0
6.5829 9.7296 3.1141 41 26 5
6.6435 9.7059 3.0565 34 22 0
6.6326 9.7137 3.0336 37 22 3
5.03 9.8799 2.7605 36 14 1
4.8387 9.9947 2.5647 35 7 3
4.9395 9.918 2.7103 37 13 11
4.8343 9.9206 2.662 36 18 0
5.1661 9.9608 2.6354 42 18 8
5.0926 9.9686 2.7411 36 17 3
5.1633 9.8947 2.7648 34 21 2
4.8377 10.038 2.5495 27 20 2
5.0568 9.943 2.7097 34 19 0
4.9939 9.9701 2.6565 34 21 13
5.0127 9.9717 2.7759 36 17 3
5.2793 9.9 2.6269 34 15 1
5.2023 9.9002 2.6184 39 17 4
5.0724 9.9716 2.6672 39 19 12
4.9835 10.012 2.6094 35 22 3
4.9596 9.9828 2.6148 37 22 3
4.7967 10.023 2.6322 37 21 0
5.1274 9.9477 2.7131 37 18 2
5.1522 9.9424 2.784 31 19 0
4.9181 9.9731 2.7303 32 19 0
4.8624 9.9956 2.6844 34 19 0
4.8585 9.9896 2.6106 36 19 11
5.4514 9.8879 2.6794 36 19 1
5.6373 9.8284 2.7748 41 21 23
5.4695 9.8895 2.8126 38 21 13
5.4273 9.8732 2.7832 35 18 1
5.4544 9.8947 2.7803 42 21 4
5.432 9.8648 2.7196 35 18 10
5.2474 9.9578 2.6446 36 12 0
5.4607 9.8969 2.8442 36 24 0
5.3874 9.9249 2.6976 40 21 15
5.4413 9.8331 2.8261 35 19 2
5.5489 9.874 2.7231 37 17 10
5.3797 9.9011 2.8043 38 26 4
5.2784 9.9132 2.7663 35 16 2
5.4771 9.9104 2.6735 37 21 0
5.3485 9.9485 2.7233 39 23 8
5.2523 9.9234 2.7253 33 15 1
5.2063 9.9435 2.6836 36 24 10
5.2867 9.9435 2.7232 42 20 7
5.721 9.8492 2.773 42 24 12
5.7511 9.8299 2.7493 38 21 3
5.8433 9.8139 2.8189 35 25 13
5.7484 9.8668 2.7701 34 16 12
5.651 9.85 2.7046 37 18 1
5.6489 9.8536 2.7372 35 21 8
5.6888 9.8721 2.8264 43 21 6
5.6727 9.8452 2.8021 40 22 0
5.6713 9.8484 2.8342 41 24 0
5.6448 9.8608 2.7971 40 22 0
5.7417 9.8684 2.7388 39 20 4
5.6777 9.8738 2.7637 42 24 12
5.4724 9.9209 2.773 39 23 0
5.6978 9.8695 2.8547 43 22 5
5.4934 9.912 2.8097 42 19 3
5.6941 9.838 2.8669 39 20 3
5.6466 9.8868 2.6961 36 21 0
5.6827 9.8373 2.7749 39 23 10
5.712 9.8281 2.8699 39 20 3
5.6777 9.8761 2.7944 43 22 5
5.8138 9.8653 2.8341 34 22 0
5.8698 9.8303 2.8144 35 21 8
5.9396 9.8252 2.906 40 23 3
5.7609 9.8659 2.8605 39 22 4
5.9313 9.8285 2.8767 41 24 6
5.8076 9.8959 2.7344 39 20 6
5.8838 9.8517 2.7827 42 20 9
5.801 9.8405 2.8389 36 20 3
5.979 9.8268 2.8227 39 18 13
5.8318 9.8267 2.9039 38 20 0
6.0111 9.7785 2.864 46 20 5
5.8684 9.8272 2.757 37 22 0
5.8233 9.8558 2.7758 37 20 0
5.8985 9.8189 2.9067 39 20 4
5.9615 9.8068 2.8253 35 21 10
6.0326 9.7905 2.7795 35 17 17
6.0048 9.8093 2.8 36 20 3
6.123 9.801 2.9152 35 19 0
6.2236 9.7606 2.852 38 10 6
6.0795 9.7977 2.8899 38 22 0
6.1291 9.7913 2.8131 35 18 0
6.1368 9.7907 2.8931 37 20 0
6.112 9.8051 2.8619 33 19 6
6.164 9.8008 2.8644 39 18 15
5.9738 9.8351 2.9034 37 22 1
6.1399 9.7916 2.9435 40 19 2
6.1853 9.7842 2.8173 36 16 5
6.0684 9.8 2.8066 34 23 4
6.0889 9.7903 2.8634 40 23 16
6.1347 9.7645 2.9241 39 23 0
6.0805 9.824 2.8271 32 19 0
5.9917 9.8209 2.8497 42 25 17
5.9952 9.8203 2.8796 35 18 0
6.122 9.7679 2.846 35 22 3
6.0835 9.7906 2.8103 34 23 4
6.3337 9.7715 2.8793 38 21 3
6.3072 9.761 2.8569 41 19 6
6.2531 9.7706 2.8755 39 24 5
6.306 9.7663 2.9519 35 23 0
6.3648 9.7491 2.8621 36 18 6
6.348 9.7628 2.9054 34 20 9
6.2435 9.7782 2.8991 40 23 16
6.33 9.7467 2.8863 39 18 15
6.3005 9.7688 2.9287 37 22 0
6.2242 9.7934 2.945 39 23 0
6.2451 9.7747 2.8495 38 22 0
6.1914 9.814 2.9146 43 22 3
6.257 9.7439 2.9583 38 22 0
6.1862 9.7875 2.8965 38 21 1
6.2429 9.775 2.8227 39 20 4
6.2999 9.7649 2.8303 31 14 0
6.3007 9.7676 2.9034 36 22 13
6.2427 9.752 2.9305 36 20 3
6.493 9.7388 2.8941 35 19 4
6.3656 9.7535 2.9803 40 21 5
6.4684 9.7338 2.9851 40 22 2
6.4404 9.7497 2.8658 39 19 10
6.5134 9.7254 2.9445 39 21 11
6.4778 9.7505 2.9148 33 20 12
6.407 9.7476 2.8885 32 21 1
6.3325 9.7754 2.9504 41 20 3
6.4231 9.7354 2.8696 34 18 5
6.4685 9.7313 2.9172 33 20 11
6.3965 9.7568 2.9333 39 23 0
6.3741 9.7716 2.9051 36 19 12
6.4406 9.752 2.9349 44 26 26
6.4303 9.7577 2.8871 39 16 8
6.3478 9.7639 2.9298 45 24 5
6.4507 9.7456 2.96 39 22 2
6.4356 9.7302 2.9643 45 18 7
6.4302 9.7349 2.9867 40 24 7
6.4365 9.7304 2.9879 40 24 7
6.5128 9.7236 2.8775 39 22 4
6.5821 9.7268 3.0122 44 23 6
6.6278 9.7148 2.9273 38 22 0
6.5032 9.7343 2.9867 37 25 3
6.5915 9.7192 2.9913 42 24 0
6.5975 9.713 2.9275 38 23 4
6.5375 9.7327 2.919 37 20 3
6.5782 9.7269 2.9016 39 24 1
6.6427 9.7039 2.9515 41 26 3
6.5224 9.745 2.9621 35 15 14
6.5229 9.744 2.9392 41 20 17
6.6136 9.725 2.904 40 21 4
6.6081 9.7061 2.9732 43 29 16
6.5957 9.7149 2.9491 42 29 13
6.612 9.7278 2.9678 39 25 12
6.5392 9.7332 2.9869 39 20 4
6.5942 9.7155 2.9269 38 23 4
6.4959 9.7388 2.9629 39 20 4
6.5258 9.7405 2.8966 38 18 11
6.7646 9.6799 2.9628 36 22 9
6.6883 9.6933 2.9769 38 19 13
6.6803 9.699 2.9552 37 20 0
6.6648 9.7111 2.9516 37 20 0
6.7168 9.6955 3.0185 45 26 10
6.7478 9.6939 2.999 38 25 19
6.7006 9.7075 2.9754 35 18 1
6.7044 9.7039 2.9335 39 22 5
6.7355 9.7029 2.9359 43 22 17
6.677 9.7025 2.9964 43 22 5
6.6969 9.7109 2.9931 42 23 17
6.6929 9.7133 2.9515 37 19 0
6.6346 9.7116 3.0135 40 22 0
6.6241 9.7193 2.9895 43 22 3
6.7428 9.6977 2.977 34 12 12
6.6505 9.7235 3.0115 46 17 11
6.6785 9.6998 2.9119 38 23 0
6.6653 9.7104 2.9303 37 22 1
4.885 9.9688 2.534 30 17 0
4.9141 9.9769 2.3299 36 17 1
4.8614 10.006 2.3525 37 18 2
5.1648 9.9513 2.5261 37 19 5
5.0862 9.9944 2.5459 41 19 6
4.8367 10.034 2.5113 35 15 4
5.1495 9.952 2.4496 37 20 0
5.0995 9.9038 2.5349 35 23 1
4.9723 9.9913 2.3328 37 15 2
5.0491 9.9575 2.3954 33 20 1
5.1432 9.9259 2.5719 34 17 0
5.2075 9.9589 2.4159 27 12 0
5.0917 9.9478 2.5203 34 17 0
5.2495 9.9439 2.5019 33 18 0
5.0649 9.9909 2.3889 35 20 1
5.1686 9.9822 2.4464 38 20 0
5.1121 9.9636 2.3617 36 16 5
5.2331 9.9134 2.5078 36 17 0
5.302 9.9613 2.5763 39 17 4
5.4665 9.8714 2.5814 38 21 13
5.4519 9.9101 2.4981 36 19 2
5.559 9.8606 2.6269 37 18 1
5.4076 9.8716 2.6458 35 18 8
5.6152 9.8328 2.6752 32 21 0
5.3341 9.9472 2.6192 43 22 5
5.3203 9.9137 2.5913 38 19 5
5.5264 9.8728 2.5521 35 16 0
5.2568 9.9433 2.5404 38 14 0
5.5543 9.8521 2.4946 39 21 1
5.2232 9.9607 2.532 38 14 0
5.4002 9.8974 2.4597 34 15 0
5.3703 9.9191 2.5259 37 15 2
5.478 9.9016 2.5751 41 17 5
5.4907 9.923 2.4662 34 15 1
5.3819 9.9101 2.4886 27 12 0
5.6057 9.865 2.5661 35 18 0
5.4851 9.9261 2.4639 34 15 1
5.6126 9.8587 2.5342 38 21 3
5.8337 9.8396 2.6298 36 20 3
5.7427 9.8548 2.5505 34 17 0
5.6519 9.8718 2.5362 39 20 4
5.7084 9.8768 2.5723 36 17 0
5.7919 9.862 2.5878 38 23 2
5.6216 9.8639 2.6657 41 23 3
5.8006 9.7952 2.6687 40 21 4
5.6942 9.8456 2.5162 33 23 0
5.6758 9.868 2.6701 41 19 6
5.6808 9.8581 2.5748 42 20 5
5.7622 9.8479 2.6206 42 18 6
5.633 9.8874 2.5954 39 18 0
5.8424 9.8305 2.5697 40 16 4
5.9638 9.8258 2.6493 39 23 0
5.9618 9.8255 2.6169 41 18 2
5.9637 9.8295 2.7045 33 10 2
5.9091 9.8647 2.7212 40 19 0
6.0154 9.8253 2.6544 34 22 0
5.8865 9.8388 2.6073 38 22 0
5.9479 9.8374 2.6728 36 19 2
5.9287 9.8438 2.579 38 19 2
6.0375 9.8099 2.6312 32 20 0
5.8908 9.8343 2.5781 40 18 5
5.9215 9.8198 2.6447 36 15 0
6.0271 9.8197 2.6848 39 22 5
6.0788 9.7889 2.7276 37 20 3
6.1603 9.7992 2.7863 37 20 3
6.1719 9.7903 2.762 35 20 0
6.1716 9.7878 2.7098 38 20 0
6.0711 9.8211 2.6603 38 20 0
6.1871 9.7765 2.6856 34 17 0
6.1185 9.7923 2.703 39 20 6
6.2438 9.7709 2.7458 40 19 2
6.2397 9.7723 2.72 35 23 0
6.1223 9.7913 2.7309 42 21 4
6.0726 9.7944 2.7521 32 21 2
6.2557 9.7592 2.6717 33 11 0
6.2018 9.8 2.7605 35 10 3
6.0462 9.8126 2.7727 36 19 2
6.0849 9.8107 2.6371 34 19 0
6.2186 9.7849 2.6884 38 19 3
6.1182 9.7955 2.7564 34 18 3
6.1565 9.799 2.7309 37 20 2
6.1323 9.7878 2.7873 35 21 0
6.2129 9.7585 2.6657 34 16 0
6.3045 9.7597 2.7795 38 19 3
6.3668 9.7712 2.7577 28 17 0
6.3795 9.7641 2.8113 36 21 0
6.393 9.7538 2.7899 32 17 0
6.3336 9.7936 2.7233 35 23 0
6.3239 9.7733 2.7527 34 22 0
6.3642 9.7476 2.8137 39 19 10
6.3822 9.7362 2.8422 38 21 4
6.2757 9.8074 2.7658 40 18 7
6.2973 9.7896 2.6938 37 22 0
6.2648 9.7593 2.8031 35 19 0
6.2969 9.7637 2.7525 35 20 0
6.2009 9.8308 2.7792 39 22 5
6.3166 9.7774 2.7251 36 21 0
6.3876 9.755 2.7131 35 23 0
6.3036 9.7571 2.7025 36 20 3
6.262 9.786 2.7182 40 19 2
6.3046 9.7564 2.7026 36 20 3
6.4913 9.7387 2.8476 39 22 5
6.5131 9.7463 2.7532 44 23 2
6.4586 9.7359 2.8471 35 17 3
6.4088 9.7706 2.8113 37 19 0
6.4066 9.7461 2.8406 37 18 4
6.3965 9.7793 2.8077 37 19 0
6.4816 9.7421 2.7279 40 24 7
6.4646 9.7558 2.7712 39 23 0
6.5506 9.721 2.8569 38 21 1
6.4642 9.7554 2.747 34 24 0
6.4475 9.7423 2.7964 33 22 0
6.394 9.7779 2.7093 32 20 0
6.5428 9.7262 2.8315 35 22 3
6.4692 9.7539 2.8193 37 20 2
6.4891 9.7402 2.8473 39 22 5
6.4719 9.7241 2.7802 34 15 0
6.5209 9.7406 2.7554 44 23 2
6.439 9.7466 2.7473 37 22 1
6.5146 9.7459 2.7767 39 22 2
6.5114 9.7487 2.8001 37 19 0
6.491 9.7376 2.8005 39 17 2
6.5086 9.7507 2.7996 37 19 0
6.6036 9.7305 2.7901 39 15 5
6.6136 9.7241 2.8603 38 21 3
6.6725 9.704 2.8895 39 24 1
6.5265 9.7394 2.8732 32 19 1
6.6532 9.7178 2.8203 40 21 5
6.6052 9.7297 2.8129 42 21 0
6.6222 9.7171 2.8403 39 21 0
6.6455 9.7246 2.8611 39 22 4
6.6124 9.7256 2.881 36 19 0
6.5812 9.7235 2.8587 36 19 2
6.5935 9.7148 2.8839 32 17 0
6.5655 9.7338 2.7853 34 19 0
6.5646 9.7354 2.8323 40 24 1
6.5276 9.7617 2.7512 39 20 3
6.5775 9.7254 2.8117 40 23 0
6.6231 9.7405 2.7667 39 24 3
6.6461 9.7238 2.8392 42 21 0
6.6065 9.7276 2.77 36 19 2
6.6485 9.7223 2.8616 36 11 4
6.6588 9.7131 2.7998 40 16 6
6.7566 9.6855 2.9001 39 17 6
6.7515 9.7129 2.83 37 21 0
6.7645 9.7028 2.8957 38 21 4
6.7258 9.7094 2.8064 42 20 7
6.7437 9.6955 2.8765 37 22 3
6.7034 9.7034 2.8492 37 22 1
6.6923 9.7119 2.825 35 23 0
6.6899 9.7134 2.8028 35 17 3
6.7491 9.6918 2.9185 38 21 4
6.6864 9.7178 2.9078 39 21 7
6.7511 9.7131 2.8082 39 21 1
6.7761 9.6931 2.8575 38 23 4
6.6797 9.7228 2.8855 42 20 5
6.6627 9.7358 2.8599 39 25 0
6.7737 9.6952 2.8773 38 21 3
6.7286 9.7074 2.8286 36 12 0
6.7188 9.7153 2.8481 38 15 0
4.9468 9.9917 2.2036 33 18 0
4.9158 9.9635 2.2068 35 19 6
4.9245 9.9678 2.2923 35 16 0
4.9619 9.9761 2.1261 35 15 8
5.2884 9.914 2.4019 32 16 1
5.3372 9.9147 2.2542 35 16 0
5.2025 9.9546 2.3392 39 22 4
5.1225 9.9397 2.1685 32 20 0
5.1385 9.9357 2.2112 33 14 10
5.2779 9.8772 2.3713 37 18 4
4.976 9.9815 2.2538 36 17 1
5.449 9.8626 2.3669 38 18 11
4.998 9.9973 2.0843 34 16 4
5.242 9.9276 2.2733 38 18 11
5.1936 9.9557 2.2982 37 13 11
5.3544 9.9026 2.2215 34 20 7
5.3056 9.9309 2.2465 35 16 0
5.2535 9.8893 2.3644 37 18 4
5.3978 9.8925 2.3873 34 17 0
5.3401 9.9162 2.3004 34 15 11
5.089 9.964 2.2387 35 18 11
5.1317 9.9464 2.2924 37 23 14
5.3038 9.9351 2.2881 34 15 11
5.123 9.9808 2.1565 37 23 12
5.1405 9.972 2.1621 37 23 12
5.5434 9.8804 2.3059 38 19 15
5.334 9.9292 2.4029 37 15 4
5.3262 9.9567 2.1997 34 17 10
5.3974 9.9335 2.4138 34 19 0
5.5759 9.9044 2.3766 35 19 6
5.503 9.9055 2.3253 36 16 9
5.4904 9.8751 2.3319 35 12 4
5.388 9.9266 2.2615 36 17 0
5.5922 9.8983 2.4133 33 18 0
5.4174 9.9198 2.3831 39 20 4
5.5505 9.9158 2.3345 36 17 3
5.3615 9.9115 2.376 36 19 2
5.4825 9.9511 2.2738 34 19 12
5.5406 9.8928 2.4469 34 19 0
5.6454 9.8303 2.4088 39 16 8
5.382 9.9358 2.3359 37 12 5
5.5115 9.8947 2.2605 36 17 3
5.5239 9.8993 2.4084 38 21 11
5.8713 9.8399 2.4799 41 16 9
5.7404 9.8492 2.4531 37 20 13
5.8192 9.8698 2.424 36 18 4
5.8311 9.8283 2.4444 38 13 6
5.8537 9.8217 2.5425 35 19 6
5.7536 9.8713 2.3839 32 16 0
5.6596 9.8928 2.3963 33 20 4
5.7096 9.8594 2.3472 36 16 18
5.7869 9.85 2.3594 36 15 12
5.8238 9.8348 2.473 34 18 3
5.8651 9.8377 2.3796 36 21 14
5.785 9.8281 2.5339 33 16 0
5.8857 9.8276 2.4185 34 14 15
5.7238 9.8611 2.4802 35 16 2
5.8592 9.8493 2.5044 35 17 13
5.6392 9.8739 2.4673 35 23 1
6.0829 9.8058 2.5234 35 16 0
6.0199 9.8124 2.4801 41 18 2
6.0785 9.7827 2.6153 40 21 4
6.0458 9.8308 2.5406 40 21 5
5.9163 9.8459 2.4823 39 20 3
6.1162 9.8127 2.4646 35 20 1
6.0487 9.7963 2.5191 37 20 3
5.9838 9.84 2.5573 43 21 6
6.0033 9.8262 2.5335 38 24 0
5.986 9.807 2.566 40 18 3
5.9274 9.8413 2.5148 38 23 16
5.9858 9.8317 2.4407 35 20 0
5.9246 9.8369 2.4253 35 21 12
6.0991 9.7988 2.5841 40 19 16
5.8198 9.8747 2.5263 36 21 0
5.8717 9.8711 2.4369 40 21 5
6.0553 9.8219 2.4825 39 22 14
6.0312 9.8356 2.4428 38 23 4
6.0321 9.8351 2.4429 38 23 4
6.131 9.8085 2.5885 46 18 17
6.1822 9.8014 2.5103 37 23 0
6.2029 9.793 2.6272 38 17 0
6.2742 9.7711 2.562 41 23 3
6.0523 9.83 2.5987 38 23 2
6.311 9.7508 2.6815 41 17 3
6.195 9.7955 2.5717 44 21 5
6.2906 9.7878 2.5336 40 17 11
6.1644 9.7846 2.5385 41 22 6
6.241 9.7944 2.5788 36 17 1
6.1293 9.8377 2.5192 40 22 0
6.1982 9.7667 2.6337 38 22 0
6.1388 9.8022 2.5608 40 24 1
6.2511 9.7854 2.5262 31 20 16
6.2282 9.7749 2.609 46 17 19
6.1672 9.8099 2.4766 37 25 3
6.294 9.7612 2.6488 35 20 1
6.2373 9.7983 2.6029 42 24 2
6.135 9.8018 2.5019 38 24 13
6.4078 9.7649 2.611 41 23 3
6.3713 9.7612 2.552 40 22 10
6.369 9.7633 2.58 39 22 14
6.419 9.7594 2.6911 34 17 0
6.4838 9.737 2.6062 41 23 11
6.2891 9.7921 2.6128 41 24 7
6.3079 9.7802 2.6454 36 24 0
6.317 9.775 2.6745 35 20 0
6.3793 9.7589 2.6613 40 22 18
6.3875 9.781 2.6552 37 22 1
6.3464 9.7808 2.6257 41 22 8
6.3655 9.7676 2.5995 47 19 18
6.261 9.8089 2.5514 42 24 4
6.3911 9.7751 2.5532 44 20 6
6.3588 9.7742 2.6792 38 19 3
6.406 9.7654 2.5846 39 20 13
6.4187 9.758 2.6402 37 19 15
6.2871 9.7923 2.5865 43 22 1
6.4825 9.7401 2.6794 37 25 3
6.4538 9.7602 2.6446 37 18 2
6.5081 9.7489 2.7029 39 22 2
6.4798 9.769 2.6701 38 20 16
6.5629 9.7348 2.7376 37 20 12
6.5538 9.7398 2.6659 40 19 16
6.5531 9.7401 2.6396 36 21 14
6.6023 9.7289 2.6513 36 19 9
6.5523 9.7669 2.607 38 21 3
6.4896 9.7336 2.6319 46 24 9
6.4751 9.7736 2.7183 38 21 1
6.5752 9.7249 2.7199 38 24 11
6.5695 9.7289 2.6931 37 20 12
6.5539 9.7388 2.6165 41 23 3
6.5179 9.7395 2.6367 40 18 3
6.5285 9.7326 2.6624 36 20 3
6.4914 9.7586 2.6005 39 22 14
6.4591 9.7578 2.6962 39 22 5
6.6847 9.6923 2.7636 40 23 3
6.6464 9.7216 2.7298 41 22 16
6.678 9.7225 2.7542 41 23 9
6.6976 9.707 2.7839 40 23 6
6.6712 9.7277 2.7287 40 25 6
6.6167 9.7189 2.7022 36 20 3
6.587 9.7413 2.6676 43 22 3
6.7143 9.7175 2.6953 31 20 14
6.7102 9.721 2.6688 38 19 3
6.6981 9.7057 2.6949 37 24 16
6.6271 9.7113 2.7292 40 22 2
6.6032 9.7296 2.721 41 17 3
6.6638 9.7331 2.7049 38 23 4
6.6642 9.7065 2.6437 39 22 4
6.6832 9.7171 2.6672 41 22 15
6.6533 9.716 2.7085 33 22 2
6.6171 9.7439 2.6722 38 21 11
6.6332 9.731 2.6544 40 21 5
6.5997 9.7326 2.7432 41 22 5
6.7457 9.7174 2.7634 40 23 5
6.7951 9.7007 2.71 37 20 2
6.7128 9.7198 2.7805 42 25 8
6.7604 9.7048 2.705 33 20 11
6.7362 9.7249 2.6716 35 22 3
6.7873 9.7074 2.7276 39 21 19
6.7063 9.7245 2.7352 32 19 0
6.7647 9.7019 2.7912 42 24 4
6.779 9.7142 2.6817 38 21 14
6.7507 9.713 2.7443 36 14 3
6.7513 9.7125 2.7223 31 14 0
6.7765 9.716 2.7473 37 17 6
6.7431 9.6946 2.7267 35 15 6
6.776 9.7164 2.7912 38 20 16
6.8329 9.693 2.7181 38 26 2
6.7375 9.6995 2.7683 38 21 3
6.8033 9.6939 2.7774 42 27 8
4.9757 9.9612 2.0422 32 13 0
5.0833 9.9514 2.0703 33 15 1
5.0384 9.961 1.9278 36 19 2
5.3768 9.8873 2.1951 36 19 12
5.269 9.9658 1.9476 43 23 16
5.2685 9.9327 2.04 35 18 0
5.2034 9.9698 2.056 33 17 2
5.0659 9.9902 1.9293 35 19 4
5.0491 9.9948 1.8748 32 14 2
5.1686 9.9803 1.9595 36 17 3
5.0246 10.023 2.0398 34 15 0
5.294 9.9563 1.9964 34 15 11
5.3793 9.9182 2.1083 33 10 4
5.4025 9.9125 2.1924 31 14 0
5.3186 9.9139 2.1394 34 17 0
5.187 9.9673 1.9213 31 13 9
5.1256 9.9643 1.9922 35 19 2
5.394 9.9141 2.1489 35 13 0
5.4279 9.9213 2.0054 39 20 3
5.5515 9.8986 2.1176 39 23 0
5.6143 9.8666 2.1811 33 15 1
5.416 9.9312 2.0341 35 17 3
5.4948 9.8979 2.1803 34 15 8
5.691 9.8624 2.2366 36 14 0
5.4312 9.9296 2.1156 35 18 0
5.6399 9.8887 2.1802 37 20 3
5.5918 9.8875 2.2776 36 15 10
5.5241 9.8852 2.2259 34 18 3
5.6674 9.9043 2.1083 33 15 1
5.4495 9.9163 2.0873 34 17 0
5.6333 9.8924 2.1787 37 20 3
5.5289 9.9082 2.0698 34 19 0
5.6076 9.8762 2.2462 33 15 1
5.7773 9.806 2.1651 35 18 0
5.6491 9.8887 2.2552 34 17 0
5.7207 9.8507 2.3157 37 13 13
5.6485 9.8811 2.1503 33 15 1
5.5812 9.8878 2.2031 32 17 0
5.7477 9.8226 2.1541 35 18 0
5.9542 9.8404 2.2337 38 22 5
5.8866 9.85 2.249 33 16 0
5.8618 9.8627 2.2062 35 16 10
5.8124 9.8578 2.1945 36 16 5
5.8162 9.828 2.3089 37 18 1
5.7481 9.8603 2.1781 28 20 0
5.8665 9.8642 2.2742 37 21 0
5.868 9.8673 2.3403 35 11 0
5.8532 9.8426 2.3434 32 14 2
5.863 9.8325 2.281 31 18 0
5.8409 9.8478 2.3054 37 18 4
5.8254 9.8529 2.2304 39 22 5
5.77 9.8577 2.3189 33 15 3
5.7363 9.8718 2.2448 36 20 0
5.7155 9.8815 2.2007 33 14 0
5.8524 9.8748 2.3011 38 15 0
5.7397 9.8981 2.1312 36 19 2
5.8648 9.8713 2.371 37 17 6
6.0568 9.811 2.3004 41 26 7
6.1128 9.8137 2.4323 44 12 9
5.9181 9.8642 2.2554 34 16 4
6.1703 9.7733 2.3985 32 20 0
6.1699 9.8011 2.3315 38 19 2
6.1395 9.7916 2.356 37 20 3
6.0399 9.8284 2.4164 36 17 1
6.0007 9.8191 2.381 38 24 0
6.0876 9.8214 2.276 36 24 10
5.9455 9.8513 2.3289 40 22 2
5.9992 9.8488 2.3088 36 19 2
6.1319 9.7993 2.4135 32 13 0
6.0597 9.8141 2.3956 37 18 1
6.0103 9.8148 2.4176 40 19 14
6.0226 9.8306 2.2548 37 18 2
6.0744 9.8316 2.2997 42 22 15
5.9544 9.8439 2.3004 41 23 1
6.058 9.8133 2.3655 39 21 1
6.2537 9.8085 2.4083 34 18 3
6.2824 9.7899 2.4487 40 22 0
6.2902 9.787 2.5052 41 23 3
6.3183 9.7917 2.3689 41 22 5
6.2706 9.7958 2.387 40 21 7
6.239 9.791 2.4672 39 18 0
6.2573 9.7798 2.504 41 22 5
6.3506 9.7701 2.4125 37 20 2
6.2737 9.7972 2.4715 38 20 0
6.2377 9.7907 2.4372 39 22 2
6.2507 9.7808 2.4138 36 17 3
6.1785 9.7985 2.3931 39 19 8
6.2321 9.7919 2.378 38 19 3
6.2756 9.7915 2.3582 36 17 13
6.1437 9.8229 2.4075 38 22 0
6.2151 9.8023 2.3396 36 17 0
6.1614 9.8083 2.3562 37 22 17
6.1895 9.7942 2.4541 38 24 0
6.3502 9.7736 2.4931 34 17 0
6.3791 9.7829 2.5216 42 16 0
6.4407 9.7644 2.46 42 23 6
6.4678 9.7474 2.5474 40 24 1
6.4549 9.755 2.4919 39 23 0
6.4705 9.7458 2.5766 43 22 1
6.3618 9.764 2.4403 41 24 7
6.4517 9.7558 2.4375 46 18 15
6.3579 9.7694 2.5215 39 20 4
6.4541 9.7564 2.5171 41 19 0
6.3977 9.7688 2.5025 43 23 0
6.3613 9.7906 2.3819 36 15 12
6.4887 9.7574 2.4721 47 27 3
6.4787 9.7644 2.4397 43 19 15
6.3452 9.7759 2.4654 36 17 11
6.3709 9.786 2.4382 35 20 1
6.3771 9.7809 2.4122 45 26 9
6.3758 9.7834 2.4673 39 20 4
6.3581 9.7949 2.4336 35 20 1
6.5604 9.7335 2.5945 40 19 0
6.5714 9.7504 2.5169 40 22 0
6.5364 9.7506 2.5636 40 22 2
6.5531 9.7377 2.5434 48 25 9
6.6233 9.7371 2.5313 40 22 0
6.5273 9.7564 2.4797 44 23 2
6.6268 9.7341 2.5076 38 18 7
6.5458 9.7419 2.4624 42 22 13
6.4448 9.7922 2.5582 40 24 1
6.5779 9.7468 2.5928 43 27 1
6.5357 9.7504 2.5096 46 25 4
6.5838 9.7414 2.547 41 20 0
6.4718 9.7711 2.5163 43 22 1
6.5809 9.7421 2.4722 43 22 1
6.4832 9.7623 2.4942 45 27 3
6.5854 9.7394 2.4978 43 23 16
6.5868 9.7395 2.5726 47 20 3
6.488 9.7598 2.5486 39 25 0
6.7158 9.7161 2.6496 38 20 0
6.7399 9.7215 2.5827 40 21 7
6.7308 9.7042 2.6314 36 21 0
6.7452 9.7168 2.5399 37 19 5
6.6601 9.734 2.5417 40 18 7
6.7006 9.7277 2.5999 42 22 13
6.6831 9.717 2.6194 39 23 0
6.6722 9.7251 2.593 41 19 0
6.7194 9.7127 2.5828 44 26 4
6.7341 9.7261 2.5574 42 24 4
6.7071 9.6971 2.5362 40 16 14
6.6268 9.7349 2.5819 39 20 3
6.6376 9.7263 2.5613 40 22 0
6.669 9.7281 2.6388 34 19 14
6.7204 9.7116 2.5604 37 10 3
6.7084 9.7215 2.5294 32 16 1
6.6636 9.7316 2.5662 40 14 0
6.6572 9.7118 2.6165 45 24 5
6.8133 9.7101 2.6006 42 24 0
6.8116 9.7119 2.5765 38 21 3
6.751 9.7124 2.6107 40 21 4
6.7279 9.7317 2.6455 37 19 0
6.7857 9.7086 2.5732 40 22 2
6.7911 9.704 2.6208 41 23 3
6.7914 9.7039 2.5982 36 17 0
6.8683 9.6872 2.6192 41 25 2
6.7528 9.711 2.6337 38 23 0
6.8174 9.706 2.6917 36 17 1
6.799 9.6975 2.6458 41 25 0
6.7959 9.7243 2.6606 42 20 7
6.8339 9.6926 2.6531 38 21 1
6.8163 9.7074 2.6247 45 23 0
6.8551 9.6991 2.5898 41 21 14
6.7944 9.7015 2.665 45 21 9
5.222 9.9297 1.7267 34 14 3
5.1349 9.9392 1.7865 34 19 0
5.0805 9.9707 1.8018 35 20 0
5.3226 9.9236 1.8018 34 19 0
5.4335 9.9058 1.8402 38 16 5
5.507 9.9015 1.8278 35 20 1
5.1722 9.9712 1.8717 33 15 15
5.3553 9.9024 1.781 34 17 0
5.2404 9.9242 1.7808 36 14 1
5.499 9.8743 1.9103 34 17 0
5.2436 10.003 1.7096 39 15 3
5.2509 9.9533 1.6814 34 19 0
5.4352 9.9143 1.9652 42 16 15
5.5589 9.9172 1.9254 38 21 3
5.5357 9.8954 1.9587 34 22 0
5.6755 9.8917 2.0032 37 18 1
5.6543 9.9064 2.0316 34 15 0
5.6864 9.8829 1.9699 38 22 0
5.4119 9.9966 1.8114 33 16 0
5.714 9.8392 2.101 33 17 0
5.5976 9.8651 2.0206 38 19 13
5.5776 9.9009 1.8538 39 15 3
5.6807 9.8833 1.9309 32 20 4
5.5715 9.9433 1.8354 31 15 0
5.6689 9.8982 2.0367 36 17 1
5.6636 9.8644 2.0466 35 18 1
5.8103 9.8448 1.9826 35 16 2
5.6216 9.8852 1.9902 37 20 2
5.6926 9.8873 2.0828 35 14 11
5.8305 9.8354 2.0282 35 18 0
5.5218 9.8998 1.914 38 17 0
5.3404 9.9957 1.7873 33 17 0
5.4389 9.955 1.9917 35 16 2
5.994 9.8143 2.2172 31 13 0
5.9042 9.865 2.113 32 14 0
5.7875 9.9033 2.1032 33 16 0
6.0252 9.8178 2.0612 35 16 0
5.8185 9.8868 2.1522 36 21 2
5.9678 9.8238 2.1103 31 16 0
5.997 9.8372 2.0809 31 15 2
5.7831 9.8992 1.9933 33 16 0
5.9457 9.8355 2.0643 37 19 0
5.84 9.8978 1.9774 35 18 1
5.773 9.8714 2.0374 33 16 0
5.8374 9.8384 2.1377 38 16 3
5.7425 9.8918 2.0592 37 19 9
6.0356 9.7862 2.2084 33 17 4
5.8795 9.8463 2.1077 36 19 1
5.7641 9.9127 2.022 43 18 13
5.8684 9.8453 2.0035 38 19 3
6.093 9.8165 2.2451 34 15 0
6.1842 9.8142 2.1454 40 18 7
5.9751 9.857 2.1679 32 20 4
6.1263 9.8267 2.2513 36 20 7
6.1376 9.8172 2.1893 37 18 4
6.1168 9.8316 2.2144 38 21 3
5.9707 9.8616 2.1989 38 20 6
6.151 9.812 2.2931 39 22 14
6.1111 9.8049 2.2532 34 15 0
6.0829 9.816 2.1143 31 16 0
6.0901 9.8133 2.1489 35 18 0
6.0764 9.8239 2.1733 26 18 0
5.9731 9.8542 2.1025 34 18 5
6.1219 9.7964 2.2269 29 17 0
6.2108 9.8041 2.3065 39 20 3
6.259 9.7956 2.1717 39 20 6
6.2571 9.7981 2.2015 41 22 6
6.2851 9.7842 2.3315 40 23 13
6.176 9.8241 2.2333 37 20 2
6.3877 9.7697 2.3059 40 16 6
6.3373 9.7776 2.3485 34 17 0
6.2129 9.8315 2.2724 38 22 5
6.3284 9.7793 2.2294 37 20 3
6.2627 9.7951 2.2377 40 16 4
6.3574 9.7613 2.3025 34 22 0
6.3011 9.7995 2.2445 36 17 0
6.2509 9.8046 2.2595 36 20 3
6.3425 9.769 2.2043 37 23 0
6.3711 9.7801 2.2715 40 18 3
6.2552 9.7727 2.2999 39 24 3
6.1793 9.8205 2.2037 38 23 4
6.3302 9.8084 2.2194 43 16 7
6.357 9.7628 2.3297 34 12 0
6.4565 9.7772 2.2944 37 21 4
6.4415 9.7616 2.3793 38 17 14
6.4425 9.7609 2.3793 38 17 14
6.3473 9.799 2.3158 37 18 4
6.4194 9.7768 2.341 41 23 3
6.4176 9.7801 2.3931 42 24 4
6.5399 9.7445 2.3826 39 23 0
6.4886 9.7562 2.4192 43 23 14
6.5124 9.7632 2.2888 44 21 5
6.4252 9.7709 2.2882 40 22 2
6.429 9.7673 2.2622 38 20 0
6.4844 9.7557 2.2825 42 21 2
6.4419 9.7598 2.3241 38 20 0
6.4372 9.7918 2.3135 38 21 1
6.3782 9.7781 2.3588 37 20 3
6.4747 9.7657 2.3863 41 22 8
6.507 9.7677 2.3137 42 21 4
6.5404 9.7435 2.3569 43 22 3
6.4712 9.7676 2.3574 35 6 0
6.6292 9.7304 2.3841 39 20 3
6.6299 9.7309 2.4869 42 19 13
6.6632 9.7307 2.4183 37 22 3
6.6516 9.7399 2.4126 37 22 3
6.5615 9.7548 2.3321 41 18 2
6.6027 9.7514 2.4233 37 18 1
6.5429 9.77 2.3749 42 23 6
6.5349 9.7756 2.3443 42 19 3
6.57 9.7498 2.4421 42 19 3
6.5756 9.7457 2.416 38 17 0
6.5334 9.75 2.4055 43 21 10
6.6047 9.7501 2.4503 42 20 5
6.5118 9.7668 2.4211 38 19 12
6.6633 9.7301 2.3683 31 20 0
6.6314 9.7557 2.3764 39 25 0
6.6468 9.7172 2.418 37 20 0
6.6106 9.7443 2.3493 43 22 5
6.7106 9.7194 2.4828 38 17 0
6.7358 9.7246 2.5115 37 20 0
6.6591 9.7342 2.4415 38 16 5
6.7029 9.725 2.381 33 17 0
6.7463 9.7157 2.4455 39 20 4
6.7282 9.7309 2.4102 39 21 7
6.6539 9.739 2.4874 39 18 1
6.7203 9.7113 2.4141 31 13 3
6.7847 9.7098 2.4329 39 16 8
6.7107 9.7196 2.5059 39 21 7
6.7289 9.7301 2.3867 36 16 5
6.7462 9.716 2.4686 32 20 0
6.7447 9.7174 2.4913 36 19 2
6.7808 9.713 2.4775 34 14 3
6.7673 9.7243 2.4471 34 18 0
6.6536 9.7386 2.4643 34 14 3
6.6946 9.7317 2.4528 40 21 4
6.6868 9.7382 2.4225 35 12 4
6.8191 9.7058 2.5124 40 19 0
6.8166 9.7076 2.5346 39 20 4
6.8845 9.6984 2.5311 43 23 0
6.899 9.6859 2.5164 37 23 0
6.7746 9.7177 2.5463 46 22 10
6.8582 9.6966 2.5692 36 24 2
6.7904 9.7303 2.4283 40 23 16
6.8588 9.6961 2.5484 36 14 1
6.8577 9.6972 2.5255 38 20 0
6.7923 9.703 2.5312 38 17 0
6.812 9.7114 2.5551 40 21 5
6.8161 9.7083 2.4887 42 20 5
6.8612 9.6949 2.4586 41 22 5
6.8675 9.7147 2.4527 39 20 4
6.8707 9.7113 2.4782 42 21 0
6.8469 9.7066 2.4974 38 22 0
6.7773 9.7161 2.4987 37 16 0
6.8446 9.7091 2.4723 40 21 4
6.8228 9.7028 2.4688 35 23 0
5.1692 9.9481 1.6129 31 18 2
5.2399 9.9087 1.601 31 13 0
5.2082 9.9709 1.6209 35 20 0
5.4498 9.8751 1.6042 36 16 9
5.2404 9.9816 1.4412 41 14 5
5.4148 9.9079 1.7558 35 16 2
5.3284 9.9424 1.5838 33 15 3
5.4626 9.915 1.6883 32 15 5
5.3479 9.9743 1.5774 36 16 9
5.1906 9.976 1.5658 32 16 1
5.4571 9.925 1.7656 37 22 3
5.3509 9.938 1.6824 34 14 3
5.3037 9.9597 1.6106 34 16 4
5.3801 9.9494 1.5093 30 12 0
5.61 9.8703 1.7136 27 14 0
5.5563 9.9097 1.8037 36 19 1
5.5798 9.9231 1.6423 30 17 0
5.8187 9.8291 1.8451 36 11 6
5.7674 9.8573 1.7719 34 17 0
5.5366 9.9174 1.7541 35 16 10
5.7186 9.89 1.8286 36 13 5
5.6611 9.8797 1.7315 33 15 1
5.6725 9.9233 1.8734 36 18 4
5.5157 9.9257 1.703 30 17 1
5.6862 9.8744 1.8596 34 17 0
5.7955 9.8371 1.7576 36 17 10
5.7345 9.8834 1.8743 36 14 0
5.8043 9.8691 1.7464 30 10 0
5.7546 9.901 1.7568 32 13 0
5.8051 9.8734 1.8245 32 12 14
5.7736 9.8218 1.8677 34 15 11
5.7135 9.853 1.7985 36 16 5
5.9116 9.8425 1.8387 41 17 3
5.9691 9.8446 1.8938 30 22 0
6.034 9.8104 2.032 33 20 2
5.9533 9.8566 1.9195 32 20 4
5.9258 9.8385 1.9182 34 11 3
6.0576 9.8219 1.895 35 12 6
5.9261 9.869 1.8341 35 18 1
6.1269 9.781 2.0049 34 16 4
5.8222 9.8993 1.823 35 11 7
5.8165 9.8715 1.9051 37 17 8
6.0023 9.8582 1.9014 35 15 8
5.8161 9.8697 1.8651 31 9 0
5.8193 9.8725 1.9409 37 18 2
5.9337 9.8712 1.9423 35 19 2
5.9447 9.8201 1.8219 33 14 7
5.9561 9.8228 1.9655 35 18 0
5.8822 9.8941 1.7715 41 18 2
6.1125 9.8262 2.0538 37 23 14
6.0402 9.8379 1.9917 39 17 6
6.1668 9.82 2.0069 35 17 3
6.1261 9.819 2.0932 36 23 5
6.166 9.8236 2.0707 34 21 2
6.1909 9.8054 2.0535 38 23 2
6.1948 9.8058 2.1188 37 21 4
6.1104 9.7974 2.0915 35 15 6
6.1459 9.8322 1.9626 36 19 1
6.2145 9.8175 1.9585 36 17 3
6.1507 9.7966 1.9744 38 24 0
6.1724 9.813 1.9451 36 18 0
6.1118 9.8202 1.9179 32 15 0
6.0827 9.844 2.0034 29 16 0
6.2212 9.8169 2.0602 36 21 0
6.2506 9.796 2.043 32 12 5
6.0939 9.835 1.9766 36 19 2
6.021 9.852 2.0145 31 15 2
6.2365 9.8035 2.0072 38 21 4
6.3851 9.796 2.1532 38 22 0
6.2482 9.8002 2.1053 29 16 7
6.3776 9.774 2.2144 34 16 2
6.4094 9.7779 2.1361 38 15 9
6.2725 9.8121 2.0473 33 15 5
6.2891 9.7995 2.0248 33 15 5
6.3489 9.7902 2.0794 32 17 0
6.321 9.8106 2.0953 34 16 4
6.3911 9.79 2.0963 36 17 0
6.3759 9.8002 2.0561 31 18 2
6.2762 9.8122 2.1103 37 21 4
6.1728 9.8525 2.0968 39 21 9
6.3682 9.7793 2.1819 37 18 14
6.3224 9.8096 2.0963 34 16 4
6.3405 9.7951 2.0433 34 10 0
6.3525 9.7894 2.1434 37 20 0
6.3094 9.7881 2.0981 36 14 3
6.2331 9.8432 2.118 33 21 5
6.5184 9.7852 2.1705 38 22 0
6.4059 9.7818 2.1946 38 19 3
6.4553 9.7481 2.2454 35 17 3
6.4624 9.7671 2.1001 34 17 0
6.4869 9.7796 2.1317 33 13 2
6.5497 9.7619 2.2164 42 20 7
6.5219 9.7539 2.1816 39 21 0
6.5761 9.741 2.1761 35 16 2
6.4713 9.7617 2.133 39 21 0
6.4532 9.7781 2.237 35 22 3
6.5267 9.7517 2.2701 39 18 1
6.4576 9.8003 2.0869 38 21 1
6.5308 9.7485 2.2424 38 19 2
6.4949 9.7745 2.1953 43 15 12
6.4259 9.7953 2.1379 38 14 4
6.4726 9.763 2.2195 37 18 12
6.4605 9.7709 2.1854 39 15 5
6.6394 9.7475 2.2249 34 14 5
6.6912 9.7338 2.2724 42 21 4
6.6101 9.7441 2.2964 36 19 0
6.6 9.7516 2.2637 39 17 4
6.5872 9.7352 2.3165 43 22 3
6.6033 9.7478 2.1848 42 17 10
6.6984 9.728 2.3032 37 17 6
6.6527 9.7382 2.3368 37 17 6
6.6584 9.733 2.2616 39 19 18
6.6192 9.7376 2.3269 33 15 1
6.651 9.7394 2.3099 36 19 0
6.6456 9.7427 2.2005 37 15 4
6.6896 9.7347 2.2465 35 19 6
6.5674 9.7492 2.2823 40 24 1
6.6147 9.7393 2.2189 37 19 0
6.5935 9.7558 2.235 36 12 0
6.6674 9.7262 2.2931 38 11 4
6.5055 9.7958 2.2207 44 20 10
6.7169 9.7134 2.3384 35 16 9
6.6702 9.7501 2.2081 38 15 0
6.7374 9.7231 2.3161 39 15 1
6.8187 9.7068 2.372 37 20 3
6.8147 9.7107 2.3911 39 21 7
6.7553 9.7344 2.2938 37 18 1
6.7758 9.7171 2.3807 37 20 3
6.7718 9.7204 2.4025 39 16 8
6.7279 9.7307 2.3366 42 19 11
6.703 9.7508 2.2458 29 11 0
6.8177 9.7079 2.3466 42 17 10
6.7059 9.7223 2.3577 30 17 11
6.7707 9.7225 2.2745 37 24 6
6.7508 9.7118 2.2996 34 14 3
6.7311 9.7282 2.363 35 22 4
6.8221 9.7053 2.2978 38 23 4
6.8113 9.7134 2.3191 38 13 6
6.7816 9.7125 2.3586 38 22 5
6.7913 9.7046 2.339 37 21 6
6.8747 9.708 2.4363 41 17 7
6.86 9.6967 2.3881 42 18 18
6.871 9.688 2.3685 41 23 3
6.9204 9.6941 2.383 36 22 0
6.8815 9.7292 2.336 44 20 8
6.892 9.6942 2.3748 38 21 4
6.8892 9.697 2.3496 44 20 10
6.8742 9.7092 2.411 40 20 11
6.8185 9.707 2.4184 37 18 1
6.9285 9.6865 2.4105 36 20 0
6.8538 9.7018 2.4305 41 24 4
6.8685 9.7144 2.3847 40 18 7
6.8564 9.7012 2.3114 41 22 6
6.8486 9.7065 2.4038 41 19 8
6.8274 9.7256 2.3196 38 23 4
5.3121 9.9184 1.2145 32 15 5
5.2815 9.9384 1.2423 25 15 3
5.3834 9.9397 1.4264 29 15 4
5.3809 9.9792 1.3678 31 14 6
5.3767 9.9849 1.413 26 15 11
5.3295 9.9569 1.2563 33 11 13
5.5026 9.9088 1.4013 27 14 6
5.5126 9.914 1.5356 30 18 2
5.3548 9.9141 1.4157 31 13 13
5.5779 9.9049 1.3888 28 14 5
5.5934 9.9054 1.5302 23 14 0
5.3577 10.032 1.2902 29 15 6
5.4993 9.8814 1.5373 34 17 7
5.5609 9.9203 1.4683 29 10 3
5.4141 9.9503 1.251 23 14 0
5.6568 9.8728 1.6108 33 13 2
5.6125 9.9249 1.4013 30 19 0
5.7161 9.9183 1.6578 35 10 5
5.7569 9.886 1.564 24 9 4
5.6417 9.911 1.4644 32 15 0
5.5826 9.9477 1.4722 32 13 7
5.6752 9.8979 1.5673 28 15 6
5.8361 9.8785 1.6431 28 16 4
5.8933 9.8465 1.7168 33 16 6
5.7757 9.8717 1.5387 34 16 6
5.8261 9.8507 1.6847 25 15 3
5.7235 9.8994 1.4646 31 15 0
5.8503 9.8674 1.6132 33 16 6
5.7134 9.9143 1.577 28 11 3
5.8179 9.8844 1.5528 27 14 0
5.9534 9.8478 1.7769 31 10 5
6.022 9.8372 1.7757 33 16 0
5.949 9.8505 1.7748 31 10 5
6.121 9.8089 1.8207 34 15 9
5.8222 9.9193 1.5426 34 15 8
5.9877 9.8546 1.6804 26 8 4
6.0114 9.8381 1.656 33 16 0
6.0974 9.794 1.8882 31 14 0
6.0354 9.8578 1.6609 31 12 6
5.8967 9.8782 1.6686 28 15 6
5.8475 9.8766 1.7264 34 14 7
5.9637 9.8347 1.6727 30 16 5
6.0473 9.8518 1.7068 33 13 6
6.055 9.8488 1.7481 27 12 0
6.0219 9.8683 1.6894 33 13 6
6.0016 9.8523 1.7974 36 13 7
5.9753 9.8315 1.7586 34 15 0
5.9994 9.8504 1.7188 33 14 7
5.9883 9.888 1.6295 31 12 6
6.1982 9.7943 1.9277 35 10 5
6.1208 9.8438 1.8463 31 16 0
6.1589 9.8173 1.8347 25 8 0
6.1997 9.8214 1.8167 29 15 4
6.1961 9.822 1.7814 32 14 4
6.2418 9.827 1.8659 30 16 5
6.1198 9.8378 1.705 28 17 0
6.1447 9.8228 1.7585 29 16 0
6.1404 9.8293 1.8237 25 8 0
6.1785 9.8024 1.8143 31 19 7
6.2786 9.8001 1.8582 30 11 4
6.246 9.7919 1.8793 32 14 10
6.0553 9.8532 1.8149 30 15 12
6.186 9.835 1.9094 33 15 1
6.1865 9.8324 1.8824 33 13 6
6.0394 9.8648 1.8426 31 18 0
6.0807 9.8982 1.667 37 21 0
6.2557 9.8144 1.81 34 14 7
6.3156 9.8102 1.9666 29 16 0
6.3514 9.8108 1.8567 35 18 0
6.4386 9.7535 2.0333 35 15 6
6.3491 9.7854 1.9568 29 12 0
6.4369 9.7834 1.9939 35 22 6
6.3666 9.8019 1.8942 34 14 5
6.3953 9.7834 1.9762 34 11 3
6.2811 9.804 1.9877 34 21 5
6.3649 9.8044 1.9239 38 12 11
6.3616 9.7757 1.9322 24 9 12
6.4377 9.7549 2.0637 33 17 4
6.4388 9.781 1.9655 40 23 6
6.2793 9.8034 1.9575 30 17 1
6.3179 9.8097 1.9998 35 10 6
6.312 9.8089 1.8693 34 17 0
6.2433 9.8562 1.7887 34 17 0
6.4169 9.7959 1.8855 36 14 0
6.4385 9.7804 1.9339 36 18 6
6.4848 9.7502 2.083 38 20 8
6.4391 9.7826 2.0255 31 13 3
6.582 9.7358 2.1526 35 20 0
6.5342 9.7715 2.064 35 19 6
6.4864 9.808 2.0641 35 22 3
6.5618 9.7488 2.0265 32 12 3
6.4714 9.7892 2.0666 37 20 2
6.6409 9.7444 2.032 34 19 0
6.5779 9.7661 2.0549 35 14 9
6.5779 9.7653 2.0279 39 16 10
6.5918 9.7543 2.0072 39 22 5
6.6254 9.73 2.1424 43 19 9
6.5327 9.7719 2.0343 37 21 8
6.5364 9.7983 2.0581 34 16 6
6.5375 9.7664 1.9814 38 19 3
6.4688 9.7883 1.9444 42 18 8
6.5084 9.7611 2.0596 36 18 8
6.5221 9.7507 2.0369 35 15 6
6.4584 9.7971 1.9665 40 23 5
6.6343 9.7508 2.1396 35 15 6
6.6691 9.7501 2.0711 34 16 4
6.6692 9.7509 2.1801 33 12 7
6.7315 9.7275 2.1574 35 11 7
6.691 9.7331 2.1676 36 16 7
6.7149 9.7413 2.1184 39 15 11
6.5706 9.7729 2.1359 39 20 6
6.6306 9.7539 2.1652 35 15 4
6.674 9.7463 2.0455 36 19 0
6.7453 9.7161 2.2198 30 20 11
6.6913 9.7605 2.1578 35 18 8
6.7066 9.7204 2.123 34 16 6
6.7407 9.7201 2.1092 31 16 0
6.6598 9.73 2.1014 34 19 0
6.6525 9.7356 2.0679 34 18 1
6.6027 9.7757 2.0904 34 14 5
6.7176 9.7115 2.1583 32 18 7
6.7294 9.7295 2.2346 36 17 3
6.8352 9.7202 2.1999 40 21 5
6.7387 9.7487 2.1001 34 17 0
6.7449 9.7439 2.208 37 19 9
6.8612 9.6725 2.2729 40 23 6
6.906 9.659 2.3176 40 22 0
6.7907 9.7318 2.1536 40 21 4
6.8441 9.7123 2.2549 40 21 4
6.8023 9.6957 2.2208 34 14 5
6.7651 9.7272 2.2459 40 19 0
6.8251 9.7024 2.2278 39 19 10
6.8035 9.7212 2.1361 38 27 0
6.778 9.7428 2.1696 44 14 14
6.8734 9.6872 2.2496 43 21 6
6.7625 9.7285 2.1439 31 18 2
6.7827 9.7119 2.1829 33 20 14
6.7945 9.7286 2.2565 36 19 1
6.8582 9.7007 2.1902 40 22 0
6.8229 9.7311 2.141 39 19 18
6.8845 9.7024 2.274 40 21 4
6.9253 9.6911 2.3156 35 18 0
6.8729 9.7129 2.2421 36 19 12
6.9052 9.7094 2.2789 39 24 17
6.941 9.7032 2.2474 41 23 0
6.9067 9.7089 2.2317 40 25 6
6.906 9.7091 2.2558 36 23 4
6.9473 9.696 2.3222 36 12 10
6.8661 9.7178 2.3107 40 19 0
6.9101 9.7064 2.2094 42 19 11
6.9504 9.6933 2.3022 35 17 5
6.8559 9.7284 2.2049 38 15 7
6.9325 9.7107 2.2647 41 24 4
6.8703 9.7145 2.2891 34 21 5
6.9297 9.6865 2.3428 29 16 0
6.8852 9.703 2.2 42 18 6
6.9782 9.6952 2.2398 37 16 0
6.9422 9.7027 2.2238 37 26 0
5.5314 7.8722 1.4009 0 3 0
5.5074 9.9401 1.3032 29 18 0
5.7365 9.844 1.3627 20 7 0
5.535 9.9622 1.2648 28 8 1
5.4178 9.9861 1.2003 32 16 0
5.6873 9.9153 1.3531 24 10 7
5.9574 9.8264 1.4805 30 10 0
5.8818 9.87 1.386 16 9 0
5.9246 9.8487 1.497 31 14 4
5.571 9.9859 1.3189 30 16 3
5.7156 9.9348 1.3186 28 11 0
5.644 9.9034 1.3816 33 16 0
5.8541 9.8142 1.4331 30 12 0
5.8203 9.8751 1.4335 28 11 1
5.6658 9.9694 1.3755 32 15 0
6.1192 9.8335 1.6394 31 18 0
5.9864 9.8493 1.5645 34 15 0
5.9715 9.8562 1.5169 29 18 0
5.9549 9.8973 1.3722 13 2 8
6.0232 9.8554 1.4646 22 15 7
6.0885 9.8561 1.6496 33 16 0
6.0116 9.8704 1.6123 33 16 0
6.1806 9.7902 1.6074 33 9 7
6.16 9.8023 1.5536 29 11 7
5.8795 9.8819 1.5404 25 17 0
5.9986 9.877 1.5633 25 12 0
6.014 9.8342 1.621 30 18 0
6.0691 9.8597 1.4482 18 1 11
6.0138 9.8654 1.5351 26 15 0
6.1136 9.8358 1.5958 36 14 3
5.9454 9.8682 1.4188 15 13 1
6.2434 9.8164 1.6265 32 15 0
6.4297 9.7495 1.713 30 14 0
6.2996 9.8118 1.6923 27 19 0
6.2706 9.7975 1.6481 32 15 0
6.2979 9.7842 1.8047 32 13 0
6.2726 9.8289 1.6394 29 15 6
6.1693 9.8357 1.6561 32 19 1
6.3234 9.7963 1.744 35 16 0
6.1635 9.8378 1.6167 34 14 7
6.2591 9.8102 1.7407 31 19 0
6.2622 9.8047 1.6766 28 14 3
6.3156 9.8027 1.7731 29 13 0
6.195 9.8203 1.7083 35 16 0
6.2684 9.8365 1.776 37 20 3
6.2874 9.7887 1.7298 32 19 0
6.2238 9.8621 1.5652 28 10 0
6.2652 9.7988 1.6138 34 16 12
6.2222 9.7968 1.6244 27 16 0
6.183 9.8214 1.5588 27 14 5
6.4141 9.7966 1.8537 41 18 10
6.4267 9.7866 1.8303 36 24 0
6.2447 9.9158 1.5959 35 17 5
6.4908 9.7691 1.8354 34 17 7
6.5006 9.7609 1.8121 35 12 4
6.3678 9.7967 1.8045 27 11 0
6.426 9.7869 1.8306 36 24 0
6.4945 9.7688 1.93 42 22 0
6.3772 9.7894 1.7754 28 13 0
6.4071 9.7706 1.8593 32 13 0
6.4305 9.7799 1.7039 27 14 0
6.383 9.7843 1.7465 34 11 5
6.5372 9.7335 1.8066 32 14 2
6.4048 9.8016 1.7825 39 16 8
6.321 9.8276 1.6649 32 16 1
6.484 9.7754 1.86 34 16 0
6.4222 9.7886 1.7604 35 18 8
6.49 9.7714 1.8963 31 19 0
6.4999 9.7918 1.7672 35 15 6
6.6138 9.7643 1.8964 40 21 7
6.599 9.7761 1.8537 35 11 7
6.6403 9.7439 1.9452 34 19 0
6.5795 9.7613 1.8828 39 17 6
6.5887 9.7559 1.9777 36 17 0
6.595 9.7508 1.9515 34 14 5
6.6216 9.7597 1.9885 37 20 3
6.56 9.7763 1.803 35 18 8
6.5867 9.7557 1.8562 30 17 0
6.6163 9.7632 1.957 32 17 0
6.5275 9.7725 1.8827 37 19 0
6.5918 9.7811 1.8187 32 16 3
6.5285 9.771 1.8195 44 15 11
6.5817 9.7606 1.9121 34 18 3
6.49 9.8002 1.8242 36 18 4
6.6859 9.736 1.9107 31 16 0
6.5229 9.7767 1.9093 33 15 5
6.5444 9.7611 1.9546 34 22 0
6.6941 9.7298 2.0036 38 21 3
6.7504 9.7392 1.9987 38 19 5
6.68 9.77 1.8945 39 13 12
6.7619 9.7301 1.9781 37 14 6
6.7067 9.7477 2.0025 37 18 1
6.7001 9.7531 2.0262 30 12 0
6.6961 9.7566 1.9367 34 14 5
6.6891 9.7628 1.9005 39 13 12
6.6773 9.7425 1.9651 39 14 10
6.7385 9.749 2.0724 42 18 4
6.6629 9.7539 1.9252 36 14 3
6.6888 9.7342 2.028 37 13 0
6.7141 9.7416 1.9799 38 14 4
6.7595 9.7314 2.0605 37 17 6
6.7128 9.7426 2.0637 34 17 0
6.768 9.7251 1.9547 36 11 4
6.7673 9.7253 2.0379 35 18 0
6.8737 9.7139 2.1412 29 18 0
6.847 9.7111 2.1055 41 23 0
6.814 9.7401 2.0017 32 17 10
6.8826 9.7083 2.0423 36 20 5
6.8715 9.7151 2.1662 38 24 0
6.7859 9.7361 2.098 34 18 0
6.7956 9.7287 2.0496 38 20 6
6.9065 9.7119 2.0574 33 20 2
6.7908 9.7325 2.0731 40 16 2
6.8414 9.7173 2.0461 41 22 6
6.8708 9.7168 2.1138 34 18 0
6.8652 9.6959 2.0922 43 27 2
6.8751 9.7141 2.0639 41 22 8
6.911 9.7079 2.0847 37 17 8
6.7975 9.727 2.0247 37 24 5
6.8378 9.7191 2.1235 37 21 0
6.8614 9.7255 2.0807 36 21 0
6.9718 9.7024 2.1871 40 26 0
6.9658 9.707 2.2081 40 23 3
6.9496 9.6972 2.1804 35 22 3
6.9118 9.7056 2.1852 40 22 0
6.933 9.6873 2.152 36 21 0
6.9474 9.7004 2.1522 37 20 12
6.9405 9.7054 2.1739 35 22 3
6.9408 9.7064 2.1471 37 20 12
6.9311 9.6899 2.1241 37 18 2
6.9461 9.7034 2.0755 38 20 6
6.9567 9.6921 2.1358 37 21 0
6.9516 9.6983 2.1037 39 24 19
7.005 9.6992 2.1302 38 19 12
6.9602 9.6873 2.2113 36 19 1
6.9085 9.709 2.1577 37 20 0
6.9831 9.6928 2.1708 46 21 16
6.9955 9.6821 2.1555 35 18 10
6.9606 9.714 2.1078 31 15 15
5.809 9.9011 1.1204 34 18 5
5.9125 9.8761 1.1925 29 13 0
5.9149 9.8714 1.1571 26 10 10
5.7984 9.905 1.0668 28 14 1
5.9963 9.864 1.2856 29 11 7
6.3398 9.8115 1.613 19 6 0
6.4541 9.7613 1.6922 20 11 0
6.4954 9.763 1.7456 27 8 1
6.4877 9.8003 1.7259 32 10 0
6.7199 9.6517 1.8087 4 0 0
6.45 9.7973 1.6714 21 7 0
6.5159 9.7778 1.6831 17 1 12
6.526 9.7706 1.7244 25 9 0
6.6692 9.7497 1.8666 36 15 0
6.5418 9.7889 1.7273 24 15 0
6.6821 9.7397 1.8152 21 12 5
6.6906 9.7308 1.7676 11 1 2
6.5839 9.7566 1.794 29 21 0
6.5504 9.7823 1.7342 24 15 0
6.5919 9.7503 1.7349 25 10 3
6.6612 9.7545 1.7736 24 5 0
6.6251 9.7535 1.787 30 11 7
6.5876 9.7831 1.7229 11 7 0
6.6556 9.7588 1.8323 35 13 2
6.5812 9.7895 1.778 31 16 0
6.7719 9.7229 1.8702 25 14 0
6.8429 9.7173 1.8851 19 11 0
6.7605 9.7317 1.9198 36 12 10
6.8286 9.7029 1.8802 19 2 0
6.7685 9.7245 1.8997 36 12 8
6.7982 9.7268 1.9435 37 11 10
6.7504 9.7113 1.9245 36 9 0
6.7103 9.7447 1.8611 35 15 6
6.7144 9.7412 1.8053 21 4 12
6.7925 9.7323 1.8814 25 16 9
6.7934 9.7313 1.9108 44 15 9
6.7026 9.751 1.825 24 9 6
6.9409 9.7105 1.9683 34 15 11
6.904 9.7155 2.0264 33 17 4
6.8968 9.7229 1.9926 42 21 4
6.8265 9.7313 1.8987 27 16 0
6.8719 9.7178 2.0085 39 21 9
6.8245 9.7324 1.9528 37 18 4
6.8538 9.7341 1.967 41 17 5
6.83 9.7287 1.9273 28 15 7
6.986 9.6932 2.0965 33 21 0
6.9734 9.7052 2.0622 37 17 8
7.0215 9.6867 2.0676 33 14 10
6.9773 9.7033 2.0373 31 12 8
6.9978 9.7088 2.0713 38 22 9
7.0019 9.7033 2.1016 31 18 2
6.9556 9.724 1.9697 29 15 12
6.9856 9.6957 2.0204 36 20 23
6.9409 9.7092 2.0446 32 12 1
7.0052 9.703 2.0284 35 18 10
7.0169 9.6923 2.0146 39 20 16
6.9392 9.7115 1.9927 34 16 12
6.9912 9.7162 2.0168 35 18 10
6.9429 9.7082 1.9956 34 16 12
6.9416 9.7081 2.0227 41 14 5
6.9441 9.7343 1.9611 29 15 12
