3119
-0.49489 0.029945 -0.86772 0.035315 22.041 2.4086 -0.214
18.478 0.95903 -0.34819 66 45 24
18.479 0.97122 -0.31628 69 49 24
18.469 1.0296 -0.33206 67 49 27
18.374 1.0046 -0.30151 64 49 20
18.37 1.0236 -0.34184 65 47 23
18.432 0.97166 -0.35934 65 48 30
18.43 1.0025 -0.36524 67 50 33
18.425 0.99244 -0.2938 65 49 24
18.367 0.95766 -0.32905 68 46 31
18.385 0.94494 -0.28744 67 49 27
18.472 1.1363 -0.32061 71 50 33
18.476 1.0949 -0.34467 65 50 21
18.385 1.073 -0.31315 66 48 28
18.432 1.1334 -0.29 68 50 26
18.466 1.1541 -0.35952 67 50 22
18.429 1.1009 -0.28111 68 47 28
18.397 1.0979 -0.35349 66 49 31
18.46 1.069 -0.30615 69 48 31
18.458 1.1743 -0.29598 65 48 22
18.445 1.2331 -0.30837 71 48 30
18.447 1.1907 -0.3344 66 50 27
18.404 1.2307 -0.27731 70 51 37
18.361 1.129 -0.3308 57 34 26
18.464 1.2079 -0.30056 72 50 35
18.349 1.1898 -0.34319 70 49 32
18.515 1.3603 -0.29505 72 51 30
18.422 1.2573 -0.31592 71 49 26
18.453 1.3307 -0.32844 69 51 29
18.417 1.2766 -0.3561 66 48 26
18.409 1.2642 -0.28532 67 50 24
18.402 1.2944 -0.29093 69 52 26
18.466 1.2602 -0.34751 67 50 30
18.486 1.3093 -0.32171 68 51 31
18.454 1.3199 -0.3621 68 51 25
18.486 1.3093 -0.32187 68 51 31
18.47 1.3786 -0.30278 72 54 34
18.393 1.3994 -0.27928 72 51 34
18.412 1.4263 -0.31764 71 53 33
18.488 1.3945 -0.27079 72 53 23
18.475 1.4008 -0.34015 71 53 29
18.492 1.3743 -0.33379 73 50 32
18.453 1.4266 -0.34857 70 52 32
18.499 1.4183 -0.30914 70 53 33
18.51 1.516 -0.32784 70 51 34
18.43 1.474 -0.29141 72 56 33
18.487 1.4676 -0.35563 71 52 22
18.54 1.5552 -0.33253 73 55 35
18.475 1.5176 -0.29687 73 57 24
18.496 1.4597 -0.28438 71 52 36
18.527 1.489 -0.32177 70 54 29
18.576 1.6264 -0.3455 75 57 37
18.471 1.5912 -0.27825 77 56 37
18.482 1.5514 -0.30335 72 55 35
18.459 1.5778 -0.31047 76 55 34
18.505 1.6421 -0.35503 79 57 34
18.494 1.618 -0.31623 77 56 35
18.481 1.5726 -0.34264 75 55 31
18.538 1.5752 -0.27087 77 55 31
18.521 1.6343 -0.2845 78 58 34
18.563 1.7162 -0.26437 79 59 25
18.574 1.7302 -0.33349 80 60 36
18.509 1.6954 -0.29752 79 59 32
18.559 1.7372 -0.30188 77 59 35
18.556 1.6736 -0.28918 77 59 35
18.486 1.7329 -0.27233 79 57 33
18.562 1.6648 -0.3205 79 57 36
18.468 1.6767 -0.33009 77 60 34
18.462 1.7933 -0.28652 82 60 37
18.551 1.7991 -0.31563 83 63 38
18.558 1.7685 -0.30966 79 59 35
18.476 1.7432 -0.34367 81 59 36
18.466 1.8168 -0.32438 85 63 42
18.598 1.7977 -0.34515 83 58 38
18.544 1.8395 -0.29059 86 66 39
18.553 1.7774 -0.27775 81 60 39
18.361 1.8769 -0.30776 85 65 38
18.482 1.8849 -0.33768 85 65 40
18.37 1.902 -0.34833 83 61 37
18.36 1.8867 -0.27544 85 64 33
18.416 1.8516 -0.29984 86 65 34
18.418 1.8617 -0.26856 88 63 40
17.972 1.9435 -0.30367 85 64 33
18.201 1.899 -0.28382 83 64 34
18.178 1.9573 -0.33288 83 63 36
18.296 1.9364 -0.32345 81 64 38
18.052 1.9158 -0.29426 84 63 34
18.196 1.8881 -0.31935 82 65 39
17.892 1.9835 -0.27645 82 62 37
17.974 1.9708 -0.34742 79 61 37
18.423 0.93179 -0.45885 61 45 20
18.45 0.93125 -0.4887 64 46 26
18.381 0.89011 -0.52804 62 45 25
18.412 1.0274 -0.37307 66 48 24
18.422 0.98359 -0.50509 67 47 22
18.457 1.0016 -0.39601 65 43 32
18.46 0.95498 -0.52758 63 45 31
18.472 0.99557 -0.42776 61 44 27
18.442 0.97162 -0.46311 66 48 24
18.444 0.95274 -0.42488 63 44 30
18.356 0.9943 -0.40724 64 48 25
18.347 0.92111 -0.50421 67 47 12
18.405 0.96473 -0.53941 64 41 33
18.392 0.996 -0.44059 64 46 24
18.445 0.93663 -0.56112 64 46 32
18.368 0.99493 -0.51739 66 44 31
18.424 0.9965 -0.47019 64 46 22
18.341 0.92302 -0.39525 65 47 25
18.463 1.0199 -0.54084 65 44 23
18.437 1.0976 -0.49226 63 43 18
18.401 1.0756 -0.42081 66 47 31
18.486 1.1498 -0.38975 62 47 26
18.383 1.021 -0.55647 64 46 22
18.424 1.0404 -0.44389 62 45 25
18.407 1.0981 -0.46137 65 48 22
18.44 1.0348 -0.47693 68 46 9
18.474 1.1343 -0.42292 68 48 23
18.419 1.0941 -0.38795 66 48 28
18.47 1.0695 -0.4102 66 46 37
18.329 1.0459 -0.53474 64 44 17
18.471 1.0816 -0.37745 62 46 20
18.394 1.0612 -0.45354 66 46 21
18.458 1.0816 -0.55636 67 47 23
18.431 1.063 -0.48566 64 47 4
18.447 1.0571 -0.51788 65 45 21
18.475 1.1314 -0.52902 66 46 19
18.402 1.1638 -0.36904 66 49 23
18.424 1.1454 -0.54015 64 47 21
18.436 1.205 -0.47905 63 45 23
18.519 1.224 -0.40213 64 48 15
18.414 1.1329 -0.46814 67 47 20
18.43 1.1823 -0.43997 66 46 22
18.428 1.1906 -0.5131 67 47 20
18.421 1.2229 -0.41574 70 49 30
18.432 1.1597 -0.50668 67 48 5
18.407 1.1424 -0.43513 66 47 30
18.448 1.1771 -0.47105 67 48 34
18.394 1.1496 -0.40087 60 42 28
18.396 1.2032 -0.44812 69 48 31
18.431 1.2057 -0.37332 69 50 20
18.443 1.1843 -0.54442 67 51 28
18.439 1.2149 -0.55407 69 48 31
18.425 1.1253 -0.49844 66 46 19
18.444 1.2832 -0.4624 67 48 31
18.464 1.3105 -0.49853 66 48 12
18.385 1.276 -0.43257 70 48 33
18.365 1.2161 -0.38511 67 51 26
18.453 1.2542 -0.4526 63 47 22
18.457 1.2441 -0.48486 68 46 22
18.483 1.2732 -0.52262 67 47 23
18.492 1.3413 -0.43178 68 50 26
18.457 1.3194 -0.46564 69 46 30
18.4 1.2924 -0.39613 68 51 33
18.472 1.3014 -0.53138 70 48 27
18.432 1.2701 -0.38768 67 49 27
18.463 1.2346 -0.51811 66 48 26
18.406 1.2599 -0.49761 65 47 11
18.467 1.2697 -0.41945 68 44 16
18.465 1.3869 -0.37555 72 50 27
18.427 1.3425 -0.47701 68 46 31
18.454 1.4153 -0.48719 70 49 30
18.479 1.4012 -0.44547 70 49 28
18.481 1.3683 -0.5452 64 47 21
18.479 1.4119 -0.41318 70 51 21
18.479 1.3791 -0.51131 68 51 23
18.481 1.3489 -0.39883 68 49 32
18.5 1.396 -0.47676 68 51 23
18.476 1.3685 -0.43825 69 52 34
18.446 1.3498 -0.36724 69 52 32
18.413 1.3272 -0.5093 64 47 29
18.451 1.3274 -0.53841 64 47 21
18.478 1.4327 -0.45336 71 50 29
18.44 1.4119 -0.38295 72 52 25
18.435 1.3673 -0.40885 71 50 31
18.487 1.4025 -0.5504 68 48 23
18.409 1.3917 -0.52253 71 49 25
18.456 1.3935 -0.55371 68 48 23
18.512 1.5059 -0.36082 76 54 33
18.482 1.4552 -0.49221 69 48 29
18.525 1.4673 -0.38503 71 53 31
18.444 1.4666 -0.53512 69 51 27
18.44 1.4334 -0.42252 65 52 34
18.456 1.459 -0.46137 71 52 22
18.473 1.4853 -0.39405 71 53 33
18.451 1.4363 -0.42192 65 52 34
18.541 1.5346 -0.39704 73 53 26
18.587 1.5565 -0.46517 71 50 31
18.507 1.4619 -0.49042 69 48 29
18.531 1.532 -0.50126 68 50 26
18.527 1.4564 -0.5208 70 50 23
18.451 1.4688 -0.42834 71 53 31
18.466 1.494 -0.46645 68 49 32
18.41 1.4905 -0.4374 72 51 32
18.463 1.4824 -0.501 72 50 29
18.477 1.5075 -0.5399 73 52 21
18.493 1.5331 -0.36665 74 54 29
18.53 1.6055 -0.37915 75 54 25
18.561 1.6031 -0.51304 73 53 18
18.469 1.6133 -0.42208 77 57 33
18.527 1.6159 -0.45144 73 55 33
18.51 1.5695 -0.47827 73 53 26
18.519 1.5712 -0.37333 76 54 33
18.449 1.5655 -0.45032 73 54 37
18.491 1.5539 -0.40733 73 56 28
18.544 1.5984 -0.41184 72 54 30
18.458 1.5354 -0.5476 72 52 28
18.49 1.5431 -0.43876 76 54 39
18.511 1.6236 -0.52495 69 51 29
18.52 1.6258 -0.52396 69 51 29
18.544 1.6095 -0.48223 73 53 26
18.442 1.5422 -0.51743 67 50 24
18.493 1.6292 -0.38733 74 57 31
18.493 1.7039 -0.36902 78 57 30
18.468 1.6797 -0.54319 74 53 36
18.513 1.6657 -0.39352 77 57 33
18.503 1.7282 -0.4065 76 58 36
18.508 1.6541 -0.42704 74 56 32
18.562 1.6862 -0.3591 76 56 32
18.565 1.7301 -0.43661 76 58 36
18.508 1.6967 -0.4014 79 57 34
18.519 1.6358 -0.49083 71 53 33
18.558 1.7488 -0.37213 79 57 36
18.551 1.6854 -0.46227 76 54 30
18.569 1.7328 -0.53974 72 51 32
18.46 1.6766 -0.43575 78 55 37
18.583 1.7137 -0.49816 75 55 28
18.582 1.6816 -0.49284 72 55 29
18.556 1.6658 -0.52673 75 54 23
18.493 1.7057 -0.47428 78 57 30
18.455 1.6323 -0.46223 76 56 31
18.476 1.7656 -0.38283 78 58 34
18.505 1.7609 -0.41517 78 58 33
18.548 1.7911 -0.4514 77 60 34
18.434 1.8014 -0.35836 81 60 33
18.502 1.7727 -0.48716 76 54 31
18.533 1.8008 -0.52497 79 58 27
18.541 1.8322 -0.42506 81 64 38
18.507 1.7307 -0.5132 73 56 28
18.549 1.8137 -0.48989 77 56 39
18.517 1.8182 -0.4585 79 59 34
18.52 1.7962 -0.41898 80 60 35
18.515 1.7651 -0.5192 78 54 26
18.502 1.7502 -0.44762 78 57 36
18.552 1.7497 -0.47643 78 57 30
18.608 1.8214 -0.38274 80 60 33
18.339 1.8876 -0.38243 85 64 33
18.401 1.8662 -0.4837 83 63 36
18.358 1.8494 -0.52085 82 62 35
18.507 1.8592 -0.43564 86 64 40
18.394 1.8106 -0.54414 79 57 34
18.435 1.9051 -0.48635 82 63 31
18.271 1.8713 -0.53408 82 58 30
18.419 1.8655 -0.37132 84 65 33
18.708 1.8788 -0.35299 87 66 39
18.508 1.8365 -0.39505 85 64 37
18.454 1.8609 -0.40457 83 63 38
18.5 1.8381 -0.50066 83 61 37
18.425 1.8799 -0.44823 82 61 44
18.391 1.8849 -0.41492 84 64 39
18.685 1.878 -0.45511 88 63 40
18.144 1.9476 -0.48739 81 61 36
18.28 1.908 -0.5403 79 57 33
18.056 1.9213 -0.41026 82 62 38
18.062 1.9487 -0.45333 82 61 34
18.304 1.9318 -0.46854 82 62 38
18.239 1.9188 -0.3615 84 62 38
18.189 1.9019 -0.3961 84 62 39
18.21 1.9093 -0.50786 83 61 38
18.031 1.9072 -0.45007 82 65 37
18.105 1.9324 -0.52601 80 60 36
18.299 1.9064 -0.42699 81 62 32
18.274 1.8926 -0.46401 83 63 38
17.884 1.9388 -0.42889 82 60 39
17.943 1.9182 -0.37996 82 62 37
17.911 1.9143 -0.38196 82 62 37
18.093 1.9203 -0.56186 79 58 31
18.008 1.9475 -0.58157 76 58 36
18.041 1.9625 -0.54615 78 58 31
17.938 1.9726 -0.47205 80 60 35
18.029 1.9717 -0.50489 79 61 39
17.989 1.9889 -0.42985 79 62 32
18.407 0.89617 -0.6337 62 44 22
18.384 0.87387 -0.67129 61 43 29
18.487 0.98847 -0.74749 62 43 26
18.425 0.94837 -0.60563 67 49 27
18.45 0.92137 -0.70399 63 46 29
18.442 1.0072 -0.65284 66 45 24
18.448 1.0018 -0.57606 63 47 22
18.432 0.99108 -0.68846 67 49 25
18.439 0.94903 -0.71385 62 44 24
18.503 0.96803 -0.62983 61 48 29
18.429 0.98225 -0.61196 67 48 31
18.469 0.97349 -0.67529 64 46 24
18.436 0.90305 -0.7404 60 45 26
18.402 0.959 -0.65092 65 47 27
18.363 0.89785 -0.68277 63 44 27
18.43 0.97787 -0.72204 65 44 27
18.437 0.92099 -0.59816 65 44 27
18.436 0.96467 -0.57167 64 48 23
18.361 0.90473 -0.7599 61 44 24
18.478 1.0734 -0.69502 63 46 26
18.423 1.0565 -0.59267 65 44 23
18.405 1.0007 -0.73364 62 44 24
18.446 1.0332 -0.58309 63 46 20
18.416 1.0862 -0.60261 66 49 23
18.455 1.1122 -0.56572 65 47 27
18.436 1.0696 -0.66701 64 47 27
18.435 1.0492 -0.62584 64 46 22
18.422 1.0117 -0.62099 61 43 21
18.395 1.0216 -0.66542 58 42 17
18.37 0.9995 -0.70295 63 46 29
18.451 1.051 -0.73344 65 47 25
18.414 1.0818 -0.71376 62 43 26
18.439 1.0787 -0.7454 67 43 29
18.442 1.0837 -0.63323 63 46 20
18.415 1.1387 -0.65348 66 46 22
18.441 1.1599 -0.61397 64 46 24
18.449 1.1271 -0.71604 61 45 19
18.492 1.1306 -0.74386 63 44 27
18.492 1.2212 -0.58113 66 47 33
18.456 1.1738 -0.68798 62 49 17
18.458 1.122 -0.63883 64 48 22
18.42 1.1645 -0.58207 65 48 28
18.399 1.0883 -0.68071 65 47 27
18.462 1.1522 -0.75578 66 44 21
18.415 1.1834 -0.62382 66 47 30
18.488 1.1732 -0.71766 67 46 27
18.442 1.1281 -0.60645 64 47 29
18.492 1.1575 -0.56769 67 48 32
18.38 1.1687 -0.74036 66 48 28
18.449 1.1392 -0.68177 64 49 26
18.501 1.2013 -0.64742 68 48 23
18.444 1.2256 -0.62868 68 50 28
18.549 1.3032 -0.59053 65 48 30
18.495 1.3294 -0.56916 68 48 24
18.511 1.2706 -0.55372 65 47 27
18.451 1.3045 -0.60915 70 49 32
18.397 1.2196 -0.71036 67 48 32
18.575 1.3298 -0.73411 67 49 27
18.494 1.2396 -0.7323 64 46 26
18.492 1.2828 -0.7058 67 45 32
18.466 1.2214 -0.66068 65 48 22
18.471 1.2669 -0.63318 68 49 19
18.469 1.2985 -0.64072 65 48 20
18.489 1.2614 -0.663 65 49 24
18.468 1.2866 -0.67679 65 49 23
18.343 1.2042 -0.60619 69 48 31
18.396 1.2192 -0.71094 67 48 32
18.511 1.2775 -0.73723 66 46 19
18.478 1.2138 -0.69206 64 47 27
18.416 1.2724 -0.57106 69 48 27
18.506 1.3954 -0.6909 67 48 31
18.479 1.3777 -0.61977 69 51 31
18.488 1.4016 -0.65884 67 50 22
18.517 1.3554 -0.71523 68 47 30
18.512 1.3326 -0.67596 68 49 17
18.516 1.3997 -0.58189 71 50 31
18.49 1.3372 -0.6449 64 48 23
18.528 1.4241 -0.62088 71 51 27
18.456 1.3499 -0.58075 67 50 24
18.448 1.3458 -0.69259 66 46 22
18.462 1.3713 -0.73226 69 47 34
18.433 1.353 -0.65829 67 47 23
18.446 1.3356 -0.61536 66 49 31
18.488 1.4014 -0.65945 67 50 22
18.401 1.287 -0.72551 66 47 31
18.484 1.4659 -0.56773 67 50 30
18.452 1.4344 -0.74885 69 48 31
18.446 1.477 -0.72263 69 50 33
18.546 1.4929 -0.63234 70 50 26
18.487 1.4448 -0.63286 68 51 31
18.469 1.4941 -0.68441 69 48 27
18.475 1.4302 -0.66904 68 50 30
18.446 1.4774 -0.61163 74 53 34
18.434 1.4085 -0.59871 71 51 24
18.441 1.4872 -0.57774 69 52 26
18.481 1.4543 -0.5995 68 52 29
18.494 1.4681 -0.6743 71 50 29
18.478 1.4321 -0.55927 66 50 24
18.456 1.5019 -0.65193 70 47 31
18.518 1.4635 -0.70526 70 52 32
18.532 1.4886 -0.74373 68 52 29
18.448 1.4115 -0.70833 69 48 29
18.501 1.4152 -0.7343 65 50 21
18.511 1.6031 -0.70152 74 53 32
18.521 1.6047 -0.59233 71 53 31
18.511 1.5919 -0.6249 71 53 33
18.505 1.5794 -0.55099 71 49 25
18.525 1.552 -0.65015 72 52 28
18.492 1.5549 -0.73083 69 51 27
18.487 1.5317 -0.57823 73 54 22
18.46 1.6015 -0.56474 73 52 33
18.501 1.5352 -0.68685 66 48 28
18.522 1.5727 -0.58408 74 53 36
18.547 1.6219 -0.66263 75 52 36
18.442 1.5425 -0.62616 73 52 35
18.529 1.5964 -0.73296 70 52 30
18.489 1.5758 -0.66183 74 53 36
18.534 1.5327 -0.60687 72 54 34
18.488 1.5647 -0.69666 69 52 26
18.549 1.5364 -0.71493 71 53 31
18.507 1.6681 -0.71552 73 52 33
18.509 1.6461 -0.67404 74 53 32
18.534 1.7051 -0.6108 75 54 37
18.547 1.7197 -0.68366 74 54 29
18.516 1.6468 -0.56385 73 56 30
18.513 1.7024 -0.72332 76 55 38
18.479 1.6279 -0.60257 72 54 34
18.56 1.7001 -0.64061 77 55 34
18.553 1.6661 -0.63491 76 55 34
18.536 1.6301 -0.62987 74 56 34
18.565 1.6908 -0.67381 74 57 31
18.53 1.7147 -0.57665 77 54 38
18.444 1.6645 -0.57654 74 53 36
18.503 1.6234 -0.74451 73 52 31
18.499 1.6333 -0.70928 73 52 35
18.506 1.6666 -0.60638 74 55 38
18.563 1.7962 -0.55527 76 56 32
18.543 1.8052 -0.63077 78 56 33
18.504 1.7547 -0.66279 76 56 31
18.528 1.7718 -0.73531 76 54 30
18.478 1.804 -0.60439 79 59 35
18.546 1.7524 -0.69123 74 56 34
18.499 1.7414 -0.58866 77 56 35
18.51 1.7765 -0.59375 77 56 35
18.483 1.7739 -0.70823 76 56 29
18.55 1.7613 -0.55146 73 56 28
18.499 1.8179 -0.56794 79 57 34
18.543 1.7415 -0.72591 75 54 33
18.536 1.7937 -0.66656 76 56 32
18.543 1.7724 -0.62427 78 58 34
18.539 1.7285 -0.65082 75 54 37
18.496 1.7306 -0.62042 76 55 34
18.68 1.8829 -0.66094 79 57 34
18.469 1.89 -0.55168 81 62 32
18.473 1.8605 -0.65116 84 62 39
18.437 1.899 -0.63049 79 62 36
18.394 1.8686 -0.59502 80 63 35
18.538 1.817 -0.70701 74 56 32
18.449 1.8906 -0.66576 80 58 35
18.476 1.8844 -0.69702 81 61 34
18.48 1.8749 -0.72976 79 62 36
18.631 1.8721 -0.56144 83 63 38
18.521 1.8344 -0.64066 75 57 35
18.503 1.8417 -0.60831 83 63 38
18.45 1.8124 -0.68494 74 57 31
18.492 1.8194 -0.67906 74 57 31
18.498 1.8438 -0.72031 76 58 34
18.403 1.8598 -0.62533 81 64 38
18.415 1.8997 -0.74789 79 62 36
18.175 1.9244 -0.71401 80 60 33
18.245 1.9227 -0.74224 81 59 36
18.302 1.9151 -0.65656 80 59 38
18.209 1.9607 -0.59627 79 58 37
18.261 1.9203 -0.62309 79 59 35
18.245 1.8927 -0.5808 79 61 25
18.399 1.9039 -0.60177 81 62 32
18.355 1.9119 -0.68603 80 60 33
18.234 1.9579 -0.75252 78 58 33
18.197 1.9378 -0.67373 78 60 36
18.347 1.9418 -0.57732 79 58 31
18.294 1.9185 -0.77322 79 59 32
18.364 1.9028 -0.72015 81 59 38
18.25 1.9655 -0.59342 79 58 37
18.135 1.941 -0.64314 81 60 39
17.95 2.0078 -0.64304 77 60 32
17.964 1.9983 -0.67992 78 58 33
18.015 1.9704 -0.79289 77 57 30
18.063 1.981 -0.62503 79 58 37
18.05 1.9578 -0.70106 79 59 32
17.992 1.9624 -0.66589 76 58 36
18.048 1.9468 -0.73667 79 57 33
18.435 0.88976 -0.77781 58 45 26
18.343 0.81882 -0.9807 57 40 23
18.371 0.84979 -0.82209 58 43 10
18.377 0.8928 -0.90922 61 42 10
18.44 0.95707 -0.79166 61 42 10
18.347 0.89305 -0.88004 58 43 12
18.487 0.91872 -0.84552 58 43 10
18.402 0.92862 -0.83396 63 44 14
18.452 0.92972 -0.77928 62 44 24
18.477 0.99203 -0.82724 58 41 21
18.473 0.92561 -0.81216 59 40 24
18.446 0.90899 -0.93111 59 42 14
18.436 0.87197 -0.92523 57 40 23
18.414 0.92831 -0.9457 61 42 26
18.48 0.98069 -0.86186 59 43 8
18.497 1.0123 -0.78846 62 44 24
18.486 0.91328 -0.95713 57 44 12
18.495 0.92242 -0.84394 58 43 10
18.308 0.83046 -0.91364 61 39 24
18.426 0.94627 -0.90747 61 45 22
18.42 1.0595 -0.78257 61 47 20
18.426 1.0124 -0.92207 63 43 8
18.42 1.0144 -0.80956 63 47 11
18.485 1.0474 -0.87609 60 44 9
18.473 1.0507 -0.95666 58 42 17
18.391 0.97773 -0.88642 59 40 23
18.407 0.98912 -0.76853 61 45 30
18.462 1.0428 -0.76752 64 50 21
18.451 1.0792 -0.85524 63 42 21
18.398 0.99315 -0.84896 60 44 21
18.409 0.9929 -0.96317 60 41 24
18.452 0.98935 -0.90976 61 43 19
18.451 1.0546 -0.9267 62 42 31
18.427 0.96678 -0.9506 59 45 9
18.36 1.0328 -0.90844 60 44 9
18.43 1.051 -0.81472 62 42 31
18.486 1.0603 -0.84006 60 42 30
18.341 1.0932 -0.92792 61 43 19
18.38 1.1199 -0.88335 62 47 18
18.452 1.1246 -0.82773 62 44 22
18.473 1.1854 -0.87446 62 44 20
18.438 1.1318 -0.79417 63 46 20
18.388 1.0641 -0.94697 60 40 16
18.495 1.1842 -0.79283 63 44 28
18.429 1.0958 -0.78773 64 46 22
18.513 1.1345 -0.8521 61 43 19
18.462 1.1607 -0.83349 64 44 17
18.45 1.091 -0.82066 63 41 4
18.467 1.171 -0.91179 65 45 18
18.44 1.1168 -0.94346 60 44 19
18.38 1.0486 -0.98513 62 44 20
18.478 1.1098 -0.8931 59 43 18
18.452 1.1813 -0.76483 62 45 19
18.417 1.1415 -0.95793 61 43 21
18.444 1.2768 -0.79 65 48 28
18.585 1.2757 -0.90507 62 46 20
18.445 1.2328 -0.81485 63 49 12
18.484 1.198 -0.95146 64 45 29
18.483 1.2541 -0.88875 62 45 19
18.438 1.2726 -0.90496 64 45 15
18.474 1.1977 -0.83785 61 44 18
18.435 1.1964 -0.80959 66 47 31
18.434 1.2079 -0.77584 67 49 29
18.485 1.2339 -0.84492 64 43 24
18.426 1.2023 -0.89209 62 45 17
18.495 1.2346 -0.95663 63 46 20
18.44 1.1948 -0.92559 64 45 15
18.48 1.2556 -0.77743 66 48 28
18.489 1.2677 -0.85315 63 46 16
18.458 1.2673 -0.93709 65 45 18
18.453 1.2678 -0.8242 67 46 27
18.39 1.1777 -0.93585 64 45 15
18.465 1.3476 -0.91624 66 45 14
18.51 1.3417 -0.75109 68 48 23
18.471 1.3067 -0.82785 63 44 28
18.542 1.3267 -0.92817 64 44 19
18.487 1.2999 -0.86038 62 46 21
18.464 1.359 -0.87945 68 48 24
18.449 1.3559 -0.76906 64 46 26
18.45 1.3893 -0.77596 64 47 30
18.566 1.3988 -0.93791 68 45 14
18.492 1.3245 -0.79008 64 46 24
18.497 1.3244 -0.90156 63 47 14
18.433 1.3397 -0.80631 66 47 31
18.527 1.3891 -0.83201 68 46 25
18.467 1.3385 -0.83485 64 46 24
18.498 1.3363 -0.86556 65 49 16
18.522 1.3988 -0.79918 66 48 24
18.457 1.3332 -0.95495 63 43 16
18.48 1.4183 -0.92884 67 47 23
18.473 1.4613 -0.90211 65 46 30
18.453 1.4004 -0.8543 67 49 11
18.479 1.3962 -0.88537 65 49 23
18.584 1.4805 -0.80403 66 50 27
18.489 1.466 -0.78579 67 50 30
18.532 1.4659 -0.92619 67 47 20
18.535 1.4561 -0.84823 65 47 27
18.532 1.5102 -0.78579 66 50 27
18.469 1.4715 -0.86742 67 50 22
18.449 1.4221 -0.78548 67 50 30
18.444 1.4094 -0.82097 63 46 28
18.495 1.3892 -0.91868 63 47 11
18.471 1.4167 -0.81627 63 46 28
18.514 1.4505 -0.85168 65 47 27
18.481 1.43 -0.89359 66 49 23
18.49 1.4883 -0.82767 68 51 23
18.484 1.553 -0.84487 67 49 27
18.494 1.5225 -0.83371 68 52 27
18.557 1.5383 -0.93627 65 49 26
18.468 1.5719 -0.88991 72 48 36
18.482 1.5083 -0.87186 68 47 18
18.516 1.5497 -0.76179 73 53 29
18.512 1.5709 -0.91966 69 52 26
18.479 1.5297 -0.91671 66 49 19
18.541 1.5778 -0.79988 71 50 31
18.449 1.4999 -0.7642 69 51 29
18.51 1.5924 -0.84839 70 50 26
18.471 1.5275 -0.80416 67 49 29
18.449 1.5333 -0.88748 66 48 24
18.442 1.543 -0.96948 69 50 20
18.474 1.5727 -0.77539 71 51 26
18.471 1.494 -0.9103 67 47 22
18.467 1.4815 -0.94876 65 43 19
18.477 1.6184 -0.86266 70 50 25
18.497 1.6552 -0.75188 73 51 30
18.513 1.6826 -0.90662 71 51 26
18.488 1.6329 -0.9385 68 51 23
18.511 1.6152 -0.89031 70 49 32
18.5 1.6017 -0.92922 68 48 24
18.545 1.6563 -0.89086 71 51 24
18.552 1.6238 -0.77089 71 50 33
18.544 1.6667 -0.85582 68 51 23
18.53 1.6849 -0.78889 73 53 29
18.49 1.6658 -0.83072 73 53 29
18.495 1.6896 -0.87475 72 55 29
18.55 1.6455 -0.81318 71 53 31
18.494 1.6879 -0.76142 72 54 30
18.49 1.6669 -0.94772 68 48 23
18.52 1.6495 -0.7842 73 50 32
18.529 1.6077 -0.80999 70 53 27
18.51 1.758 -0.77348 71 53 33
18.541 1.7867 -0.81121 74 53 32
18.542 1.7308 -0.76076 76 56 31
18.531 1.7305 -0.87518 74 50 22
18.546 1.7316 -0.76044 76 56 31
18.534 1.806 -0.7436 76 56 32
18.515 1.715 -0.8004 71 51 27
18.539 1.776 -0.84639 74 51 33
18.615 1.8128 -0.87416 75 52 34
18.547 1.7904 -0.92226 74 52 29
18.504 1.7484 -0.92457 71 51 27
18.543 1.7433 -0.83847 76 51 29
18.523 1.7061 -0.83353 72 54 30
18.489 1.7098 -0.80489 71 51 27
18.488 1.7561 -0.8918 72 52 27
18.571 1.8024 -0.77133 73 56 30
18.532 1.7878 -0.92451 74 52 29
18.553 1.7556 -0.8019 74 53 34
18.534 1.7099 -0.94646 71 50 29
18.544 1.7225 -0.90881 69 48 19
18.541 1.8572 -0.9395 74 52 31
18.429 1.8707 -0.85301 80 60 36
18.471 1.8873 -0.81207 77 59 37
18.519 1.8267 -0.78784 74 53 34
18.466 1.8801 -0.96261 80 59 32
18.504 1.8376 -0.86864 70 52 30
18.661 1.8829 -0.77076 79 59 35
18.538 1.8402 -0.74882 72 56 23
18.559 1.877 -0.7528 82 62 35
18.547 1.8344 -0.89558 72 51 24
18.536 1.8223 -0.93338 72 53 23
18.511 1.8047 -0.85931 72 51 30
18.592 1.8291 -0.80811 73 52 31
18.522 1.8508 -0.82937 77 56 37
18.666 1.8869 -0.88103 75 55 28
18.257 1.9181 -0.90088 79 58 31
18.288 1.9072 -0.81104 78 57 38
18.381 1.924 -0.91553 77 57 32
18.119 1.9383 -0.93401 77 56 27
18.348 1.9047 -0.8394 80 61 31
18.182 1.93 -0.83782 79 59 35
18.173 1.9398 -0.79898 77 57 32
18.407 1.9172 -0.94724 81 57 31
18.466 1.8903 -0.92843 78 58 31
18.276 1.9312 -0.85989 78 61 35
18.403 1.9018 -0.86782 78 57 30
18.389 1.8895 -0.90541 81 56 34
18.401 1.8875 -0.78341 79 59 34
18.28 1.9473 -0.9434 77 57 30
18.298 1.9388 -0.97947 79 58 31
18.061 1.9812 -0.91699 77 57 30
18.169 1.9605 -1.0142 76 56 29
18.012 1.9871 -0.88243 76 55 34
18.089 1.9623 -0.99022 75 54 33
18.109 1.9481 -0.89556 78 58 33
18.055 1.9528 -0.86577 77 56 35
18.032 1.9612 -0.83023 78 59 29
18.454 0.83407 -1.1473 57 41 15
18.36 0.81266 -1.0135 57 40 22
18.439 0.84086 -1.1143 60 44 18
18.406 0.91405 -1.1848 55 42 24
18.454 0.90085 -1.1632 56 40 25
18.441 0.8751 -1.1204 58 45 26
18.419 0.91757 -0.98081 60 43 13
18.399 0.86302 -1.0127 60 43 26
18.374 0.83906 -1.0552 56 40 14
18.406 0.91979 -1.0655 60 43 23
18.421 0.87955 -1.0891 55 44 14
18.46 0.9162 -1.1258 59 42 16
18.451 0.951 -1.0181 61 44 24
18.513 0.95143 -1.074 61 44 27
18.487 0.97851 -0.97431 60 41 24
18.386 0.83808 -1.1736 58 40 0
18.447 0.91643 -1.0104 61 44 26
18.408 0.84039 -1.0847 59 44 25
18.467 0.91234 -1.0411 63 46 18
18.501 1.0491 -0.98698 61 43 23
18.489 1.0645 -1.0344 61 43 21
18.398 0.9967 -1.0461 59 41 31
18.412 0.98121 -1.0003 59 42 22
18.468 0.97241 -1.1798 61 40 11
18.459 1.0405 -1.0777 59 48 20
18.511 1.0154 -1.0929 60 43 25
18.429 0.97023 -1.1491 58 43 20
18.413 0.93003 -1.1458 57 41 28
18.467 0.99047 -1.0216 59 41 19
18.44 1.0076 -1.1576 55 42 10
18.418 1.0122 -1.1249 59 42 24
18.471 1.0123 -1.0661 61 44 24
18.505 0.99312 -1.0493 62 45 27
18.429 0.94921 -1.1065 56 41 22
18.39 1.1282 -1.083 66 48 28
18.573 1.1407 -0.98653 63 44 27
18.492 1.1069 -1.1231 64 43 26
18.467 1.1101 -1.092 62 46 33
18.433 1.0765 -1.0564 61 47 21
18.406 1.1252 -0.99691 61 44 24
18.459 1.144 -0.98486 61 44 24
18.413 1.1238 -1.1155 62 46 21
18.508 1.0801 -1.1095 59 43 28
18.477 1.1176 -0.97311 62 44 24
18.515 1.1847 -1.0166 63 47 21
18.471 1.1238 -1.0545 59 43 20
18.422 1.1024 -1.1859 61 45 9
18.434 1.0728 -1.1746 58 41 23
18.444 1.043 -1.1637 59 43 10
18.51 1.1463 -1.1277 62 45 28
18.428 1.0622 -1.0932 58 43 24
18.474 1.137 -1.0186 62 47 18
18.382 1.0367 -1.0213 62 45 25
18.433 1.2471 -0.97933 64 48 12
18.458 1.2102 -1.0007 65 45 20
18.475 1.2004 -1.1538 59 44 25
18.43 1.1976 -1.1269 64 44 19
18.443 1.1926 -1.0424 61 44 16
18.486 1.171 -1.1413 63 45 25
18.392 1.2311 -1.1076 62 44 24
18.558 1.2642 -1.0235 63 44 30
18.45 1.2406 -1.0109 64 47 29
18.572 1.278 -1.0996 61 44 24
18.456 1.2276 -1.1671 61 41 16
18.439 1.167 -1.1169 60 43 23
18.468 1.2226 -1.0803 62 43 26
18.489 1.1876 -0.98663 63 43 19
18.424 1.1741 -1.0835 60 46 20
18.531 1.3421 -1.0909 63 47 22
18.45 1.2597 -1.1768 62 46 21
18.44 1.3026 -1.1504 64 47 29
18.471 1.3594 -0.99504 67 46 25
18.494 1.2855 -1.1287 62 43 29
18.493 1.3093 -1.0541 62 43 29
18.528 1.3744 -1.0994 64 47 29
18.433 1.2564 -1.062 64 46 26
18.448 1.3389 -1.158 65 47 25
18.465 1.324 -0.98896 66 45 26
18.459 1.3104 -1.0257 67 47 23
18.428 1.2768 -1.1083 62 45 25
18.426 1.3221 -1.0795 65 47 23
18.467 1.2797 -1.0158 63 46 20
18.367 1.2575 -1.1239 62 45 25
18.459 1.3439 -1.0347 66 45 28
18.497 1.3008 -0.97302 62 45 19
18.494 1.2856 -1.1286 62 43 29
18.465 1.2982 -1.1829 63 43 19
18.493 1.3863 -1.1532 65 47 23
18.484 1.4748 -0.98133 68 46 22
18.455 1.3997 -0.9706 66 49 23
18.464 1.4244 -1.013 66 45 24
18.445 1.453 -1.0259 69 46 28
18.542 1.3904 -1.0593 64 48 22
18.511 1.4477 -1.0843 65 48 28
18.484 1.4289 -1.1277 66 48 28
18.462 1.39 -1.0064 68 50 14
18.523 1.4619 -1.1626 63 47 24
18.503 1.4679 -1.1307 64 47 27
18.457 1.3873 -1.1266 69 49 25
18.56 1.4726 -1.0357 64 47 27
18.466 1.4134 -1.0497 63 46 28
18.52 1.4511 -0.9647 66 49 21
18.484 1.4174 -1.1647 65 49 23
18.503 1.4458 -1.0855 65 48 28
18.512 1.393 -1.0301 67 46 25
18.458 1.3992 -1.089 67 48 14
18.441 1.5316 -1.1277 73 50 32
18.482 1.4851 -1.0625 65 46 29
18.457 1.5241 -1.0405 65 47 27
18.518 1.5281 -1.062 68 47 26
18.554 1.5923 -0.98985 66 50 25
18.497 1.5115 -1.1048 66 48 28
18.464 1.5259 -1.1587 67 49 27
18.457 1.4898 -1.1521 63 44 28
18.445 1.5441 -1.0885 68 47 26
18.5 1.5012 -1.0212 67 49 25
18.454 1.4662 -1.1076 68 47 28
18.531 1.5761 -1.031 69 51 31
18.465 1.5374 -1.0015 68 48 23
18.536 1.5217 -0.97716 66 48 26
18.519 1.6406 -1.0502 69 47 32
18.547 1.6141 -1.1532 68 49 17
18.561 1.6607 -1.0041 70 49 32
18.577 1.6762 -1.0804 69 51 29
18.536 1.6565 -1.128 71 53 33
18.502 1.6248 -0.9739 69 49 24
18.572 1.6075 -0.94998 69 52 26
18.578 1.687 -1.0446 71 50 31
18.571 1.6736 -0.96562 71 49 25
18.561 1.6057 -1.0675 72 50 29
18.506 1.6267 -1.0912 70 50 25
18.536 1.5888 -1.111 70 48 33
18.517 1.5731 -1.1528 71 48 30
18.562 1.6513 -1.1592 69 49 25
18.48 1.6088 -1.0156 68 50 28
18.469 1.5952 -1.055 68 53 30
18.443 1.6014 -1.1439 69 51 31
18.524 1.7675 -1.1207 72 51 30
18.498 1.6935 -1.1098 70 52 32
18.556 1.7479 -0.9494 72 52 27
18.584 1.7344 -1.1322 72 51 32
18.575 1.7199 -1.0538 73 52 33
18.487 1.6897 -0.99219 72 50 29
18.505 1.684 -1.1462 70 49 32
18.546 1.7823 -1.0771 71 53 33
18.506 1.7535 -1.1618 69 51 31
18.524 1.6865 -1.0201 70 50 23
18.597 1.7475 -1.0916 73 50 32
18.577 1.7415 -0.98105 72 50 29
18.51 1.7625 -1.0046 73 53 29
18.587 1.756 -1.0587 70 53 27
18.549 1.7253 -1.0232 68 50 28
18.495 1.749 -1.0451 72 51 30
18.539 1.7785 -0.96119 73 51 28
18.623 1.8872 -1.1187 69 52 26
18.564 1.8195 -1.0824 73 52 33
18.567 1.8645 -1.0517 74 53 32
18.551 1.8484 -0.97544 71 51 24
18.647 1.8873 -0.99693 74 52 28
18.55 1.8143 -0.96715 71 54 28
18.582 1.8095 -0.99564 73 52 33
18.547 1.8136 -0.96792 71 54 28
18.66 1.8991 -0.95914 79 59 35
18.516 1.8219 -1.0559 71 53 31
18.555 1.8388 -1.0098 75 53 30
18.556 1.8525 -1.0917 72 52 28
18.59 1.8034 -1.1482 72 52 28
18.556 1.8079 -1.1198 70 52 30
18.583 1.7994 -1.0321 71 55 32
18.515 1.8353 -1.1399 73 52 33
18.363 1.9414 -1.1296 78 58 33
18.43 1.8995 -1.0174 77 56 35
18.462 1.9187 -1.0944 78 58 31
18.298 1.9438 -1.1047 76 55 34
18.397 1.9411 -0.99595 78 58 34
18.433 1.9297 -1.1877 77 56 35
18.459 1.9141 -0.97327 78 57 28
18.51 1.9151 -1.12 78 59 29
18.43 1.8784 -1.0945 76 58 34
18.447 1.8915 -1.0512 79 59 35
18.276 1.9517 -1.0717 79 57 33
18.391 1.9299 -1.0356 77 57 33
18.356 1.9145 -1.082 77 57 30
18.395 1.9352 -1.1581 78 57 36
18.465 1.9147 -0.97349 78 57 28
18.483 1.9174 -0.96875 78 57 28
18.445 1.8953 -1.175 77 60 30
18.13 1.9899 -1.2045 76 55 34
18.082 1.9673 -1.1233 76 55 34
18.266 1.956 -1.201 78 56 32
18.085 1.9787 -1.0818 76 56 32
18.083 1.9785 -1.0829 76 56 32
18.169 1.955 -1.1866 78 57 36
18.154 1.948 -1.0557 76 56 32
18.115 1.96 -1.1565 78 58 31
18.086 1.9788 -1.0818 76 56 32
18.397 0.79531 -1.202 57 37 13
18.401 0.77676 -1.3597 57 40 20
18.416 0.79755 -1.3152 55 39 16
18.449 0.91902 -1.2108 58 41 15
18.455 0.9023 -1.3699 56 38 14
18.383 0.8778 -1.268 58 43 14
18.409 0.82811 -1.328 56 41 12
18.358 0.84655 -1.2271 56 41 12
18.498 0.91361 -1.2699 59 43 17
18.434 0.83202 -1.2354 56 40 15
18.482 0.90702 -1.2747 59 43 17
18.376 0.84068 -1.2621 57 40 14
18.453 0.88124 -1.3212 59 41 17
18.482 0.83979 -1.2595 57 41 26
18.427 0.85647 -1.3698 55 38 21
18.445 0.8305 -1.3543 56 38 24
18.393 0.88919 -1.3523 59 44 25
18.482 0.87329 -1.2679 58 42 19
18.414 0.8369 -1.4151 56 39 22
18.499 0.84057 -1.376 54 41 23
18.432 0.84462 -1.1986 54 39 10
18.426 0.82257 -1.3588 58 40 26
18.46 0.98994 -1.2261 57 38 22
18.409 0.98263 -1.2033 58 43 12
18.395 0.93024 -1.2346 59 43 10
18.508 1.0297 -1.2583 57 38 22
18.455 0.94201 -1.2547 57 42 13
18.446 0.93234 -1.3816 60 43 26
18.418 0.94737 -1.3129 60 40 16
18.438 0.99709 -1.4027 57 43 32
18.383 0.96731 -1.3341 59 37 24
18.382 0.98886 -1.3797 56 41 12
18.365 0.91212 -1.3694 58 41 15
18.466 0.97422 -1.3854 60 43 26
18.436 0.96785 -1.2699 59 42 14
18.391 0.90189 -1.3141 57 42 23
18.383 0.95393 -1.3734 57 39 15
18.428 1.0113 -1.2427 59 43 10
18.456 1.0351 -1.1971 61 42 12
18.473 1.0622 -1.2401 58 42 6
18.483 1.1119 -1.2088 60 44 8
18.425 1.0522 -1.3401 60 41 24
18.387 1.0853 -1.3209 59 42 22
18.389 1.0437 -1.2226 60 42 22
18.436 1.116 -1.2669 58 42 7
18.478 1.1063 -1.3305 57 42 21
18.438 1.0787 -1.3819 57 38 21
18.431 1.1265 -1.2324 61 42 28
18.556 1.0812 -1.2522 59 44 23
18.547 1.0654 -1.2921 58 41 24
18.422 1.0637 -1.3022 61 42 26
18.431 1.0289 -1.4137 56 41 22
18.411 1.0343 -1.3803 58 41 23
18.365 1.0558 -1.2794 58 43 22
18.431 1.2168 -1.2955 61 43 21
18.423 1.1454 -1.2812 62 44 8
18.455 1.1475 -1.1886 63 45 9
18.484 1.1885 -1.3082 58 42 27
18.447 1.2127 -1.206 61 43 21
18.372 1.0888 -1.4137 64 44 17
18.445 1.1995 -1.2462 60 42 18
18.476 1.1764 -1.2276 60 42 6
18.523 1.1897 -1.3335 61 44 26
18.438 1.1845 -1.2863 59 44 5
18.541 1.2411 -1.3012 61 43 21
18.453 1.1437 -1.309 58 39 22
18.509 1.2547 -1.2362 59 43 17
18.425 1.1899 -1.3747 62 43 27
18.459 1.1546 -1.3937 61 44 27
18.405 1.1135 -1.3642 60 42 20
18.435 1.1804 -1.4126 62 42 31
18.456 1.1818 -1.1958 62 44 6
18.499 1.2948 -1.3319 65 41 27
18.5 1.3413 -1.3008 63 44 27
18.447 1.2659 -1.3884 65 47 23
18.479 1.2421 -1.367 58 46 22
18.436 1.265 -1.2657 61 45 9
18.48 1.3247 -1.2234 57 40 22
18.469 1.2972 -1.3037 64 47 19
18.552 1.3584 -1.1663 64 44 17
18.497 1.296 -1.2117 62 42 15
18.52 1.3254 -1.2484 60 43 15
18.42 1.2476 -1.308 62 43 29
18.494 1.2616 -1.2028 63 41 26
18.57 1.3506 -1.3177 64 42 29
18.482 1.3116 -1.3843 63 44 27
18.524 1.2692 -1.3144 61 40 19
18.518 1.404 -1.2294 62 43 26
18.494 1.4423 -1.2087 65 44 23
18.467 1.343 -1.2739 61 43 19
18.538 1.4201 -1.3082 63 45 25
18.454 1.3844 -1.3729 64 47 21
18.516 1.3913 -1.2696 61 45 12
18.552 1.4252 -1.1827 63 46 16
18.499 1.3644 -1.2274 64 43 26
18.521 1.3919 -1.3902 63 47 21
18.494 1.4419 -1.3312 66 45 26
18.464 1.4108 -1.2937 67 50 6
18.464 1.3402 -1.4025 61 45 22
18.504 1.4337 -1.2431 64 45 11
18.493 1.4416 -1.3312 66 45 26
18.487 1.4279 -1.3745 63 45 25
18.466 1.365 -1.322 64 47 17
18.48 1.3575 -1.3554 61 43 23
18.5 1.3763 -1.1891 63 44 12
18.431 1.4714 -1.1982 64 45 11
18.567 1.5184 -1.364 65 45 21
18.458 1.5018 -1.3607 65 47 23
18.476 1.4947 -1.2694 63 48 7
18.555 1.481 -1.3592 66 43 25
18.524 1.4842 -1.331 67 46 27
18.579 1.5661 -1.2099 62 43 26
18.489 1.5093 -1.2278 64 47 21
18.537 1.4651 -1.2806 66 45 26
18.535 1.5324 -1.1767 67 45 21
18.465 1.5496 -1.204 67 46 29
18.507 1.4912 -1.2978 63 44 27
18.554 1.5375 -1.293 65 48 31
18.511 1.5385 -1.3917 63 45 23
18.55 1.5593 -1.3407 64 46 26
18.599 1.5044 -1.1863 65 44 23
18.506 1.5367 -1.2691 64 46 10
18.508 1.4688 -1.2499 66 45 14
18.522 1.633 -1.329 68 48 23
18.559 1.6301 -1.3567 69 46 30
18.576 1.6775 -1.1991 68 48 24
18.519 1.5743 -1.2739 68 48 23
18.601 1.6386 -1.2198 65 47 23
18.476 1.6213 -1.2196 68 47 18
18.481 1.5538 -1.3247 65 48 22
18.53 1.6458 -1.2881 68 49 17
18.547 1.6155 -1.2723 69 49 22
18.501 1.6505 -1.2596 66 47 17
18.55 1.5927 -1.2274 66 48 26
18.537 1.6008 -1.1932 66 49 21
18.504 1.5827 -1.3662 67 46 29
18.532 1.6006 -1.318 66 49 23
18.581 1.7038 -1.3673 70 50 26
18.489 1.7177 -1.282 66 46 21
18.565 1.7459 -1.3435 71 50 31
18.525 1.712 -1.1856 68 48 24
18.533 1.6792 -1.1747 70 48 27
18.568 1.6775 -1.3241 66 48 26
18.567 1.7439 -1.22 70 48 24
18.544 1.6835 -1.2925 68 48 24
18.534 1.7049 -1.3447 68 50 28
18.513 1.6985 -1.2274 65 48 20
18.585 1.7581 -1.1768 71 50 23
18.545 1.718 -1.3029 69 49 25
18.502 1.6524 -1.3838 66 48 26
18.586 1.7712 -1.2611 68 46 22
18.568 1.7571 -1.305 68 51 25
18.581 1.7019 -1.2441 68 46 23
18.531 1.7958 -1.2866 71 49 25
18.554 1.7893 -1.3182 70 49 28
18.571 1.8481 -1.2454 68 48 24
18.501 1.8225 -1.182 71 51 26
18.574 1.8523 -1.3685 71 52 20
18.6 1.8288 -1.1906 69 49 24
18.569 1.8619 -1.3307 68 50 28
18.571 1.7893 -1.1917 70 48 24
18.579 1.815 -1.2337 70 49 20
18.501 1.7661 -1.249 71 50 21
18.602 1.843 -1.2731 71 50 23
18.524 1.8508 -1.2221 67 50 24
18.59 1.8718 -1.1653 72 50 35
18.551 1.7782 -1.3569 69 47 24
18.558 1.8706 -1.2958 67 50 24
18.606 1.8332 -1.31 69 48 27
18.588 1.8197 -1.3546 72 51 30
18.436 1.8835 -1.2161 77 57 32
18.286 1.9311 -1.4553 76 56 31
18.527 1.9322 -1.2005 75 55 30
18.824 1.9316 -1.1418 71 50 33
18.373 1.9375 -1.2907 74 54 30
18.38 1.9274 -1.3316 74 54 29
18.49 1.8957 -1.3272 74 53 32
18.459 1.9274 -1.348 76 56 31
18.619 1.9047 -1.3234 70 50 26
18.652 1.8954 -1.2297 67 50 24
18.374 1.948 -1.2527 77 55 31
18.637 1.8971 -1.3572 69 50 33
18.427 1.9126 -1.3963 73 55 31
18.465 1.9026 -1.2952 74 54 30
18.453 1.9114 -1.2609 76 56 31
18.229 1.957 -1.3464 75 55 28
18.257 1.9438 -1.2461 75 57 33
18.194 1.9639 -1.313 74 54 30
18.142 1.9688 -1.2868 72 55 29
18.283 1.9418 -1.412 75 57 35
18.365 1.9628 -1.3454 77 56 25
18.256 1.9384 -1.4206 75 57 35
18.423 0.84879 -1.4949 3 8 2
18.499 0.90775 -1.3938 53 38 7
18.453 0.84078 -1.4378 3 9 0
18.441 0.8218 -1.482 0 0 0
18.419 0.85987 -1.4608 2 10 0
18.418 0.79076 -1.4418 7 9 0
18.488 0.97075 -1.4134 41 29 0
18.437 0.93554 -1.4751 11 13 0
18.41 0.97293 -1.4523 44 26 6
18.407 0.88911 -1.4747 3 5 0
18.406 0.9022 -1.4351 36 24 2
18.538 1.0111 -1.4461 11 8 0
18.378 0.86457 -1.5181 0 7 0
18.405 1.0397 -1.4741 12 14 3
18.463 1.1091 -1.4235 55 39 13
18.438 1.0656 -1.4214 60 43 15
18.446 1.0081 -1.4892 1 8 0
18.471 1.0994 -1.4587 14 9 3
18.498 1.0414 -1.4322 5 6 0
18.427 1.1652 -1.4532 42 27 0
18.492 1.175 -1.4709 0 5 0
18.458 1.1414 -1.4341 57 40 22
18.452 1.2083 -1.4554 45 28 10
18.408 1.1107 -1.4924 12 8 0
18.48 1.2055 -1.4833 2 7 1
18.431 1.2124 -1.5452 10 6 0
18.447 1.311 -1.4849 13 9 0
18.502 1.2377 -1.3975 62 44 24
18.516 1.3105 -1.4104 63 43 32
18.485 1.2534 -1.4544 7 9 0
18.429 1.2701 -1.4833 11 10 0
18.359 1.2254 -1.4558 62 43 27
18.515 1.3663 -1.4701 2 6 0
18.383 1.3037 -1.4681 57 41 18
18.523 1.3805 -1.4283 58 42 6
18.446 1.3927 -1.4654 54 34 9
18.462 1.4093 -1.4206 64 44 33
18.496 1.3966 -1.4806 12 8 0
18.548 1.5362 -1.4183 67 49 27
18.51 1.5151 -1.4708 13 16 0
18.472 1.4819 -1.4359 63 46 29
18.493 1.4527 -1.4186 63 47 24
18.502 1.4778 -1.4669 11 13 0
18.552 1.4572 -1.4382 52 35 9
18.5 1.5705 -1.4058 65 48 20
18.559 1.6424 -1.4451 47 30 13
18.515 1.5624 -1.4416 61 44 16
18.575 1.6572 -1.3981 66 48 28
18.556 1.6072 -1.4354 61 44 14
18.486 1.5445 -1.487 15 7 0
18.537 1.614 -1.4026 64 47 27
18.58 1.7622 -1.425 65 45 20
18.562 1.7344 -1.3844 65 47 25
18.568 1.7146 -1.4562 13 11 0
18.549 1.6866 -1.4152 63 46 28
18.565 1.7494 -1.4647 17 6 4
18.548 1.6749 -1.457 48 32 0
18.61 1.7337 -1.4036 67 49 27
18.574 1.8667 -1.455 54 36 12
18.588 1.8443 -1.4018 69 48 29
18.555 1.8033 -1.4043 69 47 23
18.59 1.834 -1.4411 50 32 12
18.578 1.7966 -1.4368 65 44 25
18.586 1.774 -1.3841 69 47 26
18.416 1.9004 -1.4396 73 57 24
18.547 1.8731 -1.4241 69 52 34
18.42 1.8901 -1.4798 69 50 34
18.684 1.9735 -1.3549 75 55 31
18.474 1.8769 -1.5405 4 5 0
18.686 1.4597 -1.6276 29 20 11
18.488 1.3916 -1.7496 20 11 2
18.797 1.4142 -1.7218 40 19 2
19.002 1.5187 -1.6 33 16 0
18.548 1.4089 -1.724 20 11 2
18.408 1.3552 -1.8326 26 9 0
18.699 1.4972 -1.6302 21 18 13
18.744 1.4998 -1.6435 21 11 0
18.673 1.4559 -1.758 36 12 8
19.295 3.4347 -1.5419 54 33 2
19.193 1.3709 -1.6697 26 20 6
19.661 1.5587 -1.4633 40 18 5
19.308 1.3922 -1.6791 37 18 1
19.285 1.4614 -1.6359 42 18 16
19.27 1.4452 -1.68 35 17 0
19.264 1.4255 -1.6403 41 12 8
19.063 1.4564 -1.6221 33 11 0
19.259 1.5183 -1.636 35 13 2
19.256 1.478 -1.6669 32 17 0
19.083 1.4086 -1.7939 37 21 4
19.545 1.619 -1.5556 42 20 9
19.191 1.485 -1.7112 40 12 0
19.193 1.4761 -1.7407 36 18 4
19.161 1.5167 -1.6928 42 18 4
18.891 1.5077 -1.6937 37 18 4
19.045 1.5303 -1.7 40 13 20
19.125 1.5741 -1.7002 40 24 0
19.201 1.5468 -1.7222 43 19 7
19.249 1.5335 -1.6845 42 18 8
19.239 1.5875 -1.7095 34 13 0
19.089 1.5332 -1.7117 36 22 9
18.957 1.453 -1.683 37 22 3
18.975 1.5201 -1.6984 29 13 0
18.936 1.584 -1.6904 42 15 6
18.939 1.5852 -1.6876 42 15 6
19.046 1.5617 -1.7043 46 24 9
18.969 1.5823 -1.7122 42 22 15
19.074 1.5801 -1.6541 41 17 7
19.08 1.5716 -1.6866 46 24 9
19.213 2.1377 -1.6996 35 22 6
19.063 2.1482 -1.6738 39 23 6
19.326 2.2077 -1.6671 38 22 7
19.259 2.1801 -1.6565 44 25 8
19.046 2.1289 -1.7591 38 19 12
19.331 2.1785 -1.6509 41 23 11
19.351 2.1725 -1.6725 39 24 19
19.378 2.204 -1.6717 37 21 8
19.285 2.1747 -1.6734 41 23 11
19.266 2.1806 -1.6533 44 25 8
19.42 2.362 -1.6554 42 26 1
19.495 2.4285 -1.5976 41 19 6
19.425 2.6465 -1.6668 51 33 19
19.46 2.7464 -1.6062 48 33 14
19.531 2.7609 -1.605 52 28 14
19.34 2.7304 -1.6567 44 29 8
19.536 2.7308 -1.5962 41 25 10
19.372 2.7328 -1.6116 49 29 18
19.392 2.6996 -1.5947 51 33 19
19.556 3.0046 -1.5942 46 27 11
19.445 3.0363 -1.6214 46 26 19
19.282 3.1246 -1.6151 54 36 14
19.306 3.086 -1.5957 57 34 18
19.073 3.1372 -1.7523 53 34 17
19.367 3.1345 -1.5771 58 41 23
19.528 3.0415 -1.6187 47 29 5
19.413 3.0493 -1.6086 49 27 16
19.517 3.1704 -1.6215 49 29 18
19.718 3.0868 -1.472 51 27 15
19.574 3.1239 -1.5841 50 30 19
19.465 3.2936 -1.5817 65 45 21
19.558 3.2233 -1.5886 61 44 24
19.578 3.2762 -1.5896 53 35 13
19.674 3.2139 -1.5289 58 36 21
19.328 3.2654 -1.7093 62 44 22
19.381 3.3265 -1.5917 70 53 25
19.339 3.3733 -1.6215 66 49 32
19.13 3.4914 -1.6614 55 36 20
19.43 3.4041 -1.5897 58 35 19
19.6 3.2982 -1.5854 53 35 11
19.506 3.3713 -1.5797 55 31 17
19.403 3.3863 -1.5583 53 34 18
19.449 3.3656 -1.5723 61 39 18
19.315 3.386 -1.5962 56 39 22
19.42 3.3177 -1.5388 115 79 39
19.543 3.2885 -1.6092 53 35 13
19.484 3.3442 -1.6147 57 35 24
19.536 3.3906 -1.5742 49 29 22
19.338 3.4427 -1.598 50 30 19
19.548 3.3821 -1.6007 53 30 22
19.657 3.5195 -1.556 46 25 0
19.387 1.4386 -1.6779 36 10 0
19.421 1.4689 -1.6962 31 15 0
19.391 1.4773 -1.6505 39 23 0
19.299 1.4165 -1.6932 42 16 0
19.51 1.5282 -1.6504 35 17 0
19.329 1.4449 -1.7189 35 18 0
19.58 1.5009 -1.5988 25 17 0
19.27 1.4808 -1.7692 33 17 2
19.317 1.4793 -1.6978 33 17 0
19.463 1.5193 -1.6536 34 17 7
19.451 1.5686 -1.677 35 18 0
19.341 1.4876 -1.6845 33 17 0
19.417 1.5677 -1.66 39 19 0
19.418 1.5417 -1.6482 33 14 0
19.447 1.6401 -1.6293 44 17 0
19.354 1.584 -1.6747 45 19 5
19.717 2.0024 -1.6324 33 15 11
19.537 1.9422 -1.7389 33 18 15
19.666 2.0788 -1.6619 36 17 11
19.53 2.1387 -1.6611 50 24 1
19.61 2.14 -1.6478 36 22 11
19.729 2.1397 -1.6347 37 18 12
19.701 2.1435 -1.6218 38 17 14
19.522 2.1663 -1.6714 49 23 0
19.611 2.1129 -1.6407 34 21 3
19.494 2.1983 -1.6744 50 24 0
19.752 2.226 -1.6198 36 24 10
19.726 2.2502 -1.641 39 23 10
19.555 2.2523 -1.6835 49 23 0
19.621 2.2498 -1.6736 44 24 15
19.448 2.2025 -1.6613 43 26 0
19.587 2.2266 -1.6596 49 22 11
19.597 2.2203 -1.683 41 21 10
19.756 2.2785 -1.6289 39 26 10
19.49 2.2268 -1.6807 47 26 0
19.4 2.2277 -1.6992 43 26 0
19.423 2.1713 -1.6671 41 23 1
19.332 2.2835 -1.7601 46 20 5
19.39 2.2491 -1.7466 50 26 0
19.775 2.325 -1.5369 52 21 9
19.661 2.3267 -1.5781 50 24 0
19.799 2.3065 -1.612 44 22 11
19.649 2.3262 -1.5852 50 24 0
19.608 2.3389 -1.6748 33 26 10
19.711 2.3353 -1.6491 40 22 10
19.547 2.4212 -1.6058 37 18 4
19.43 2.3918 -1.6603 39 23 0
19.675 2.4018 -1.621 39 21 7
19.628 2.367 -1.6733 43 25 11
19.493 2.4076 -1.6968 39 23 0
19.533 2.3432 -1.6938 38 26 4
19.665 2.3611 -1.6817 39 23 8
19.524 2.4146 -1.6472 40 24 0
19.61 2.3523 -1.616 39 19 0
19.651 2.4291 -1.6451 33 21 0
19.641 2.3875 -1.5702 34 20 9
19.644 2.3807 -1.6014 42 22 0
19.586 2.3729 -1.6683 38 22 7
19.405 2.3543 -1.6985 32 19 10
19.77 2.5016 -1.6271 42 23 9
19.411 2.4748 -1.7353 42 20 5
19.672 2.4775 -1.681 40 21 5
19.728 2.4824 -1.6133 39 24 3
19.714 2.4556 -1.6164 35 20 13
19.721 2.4886 -1.5905 43 21 0
19.631 2.4978 -1.6131 39 21 0
19.56 2.5068 -1.6209 36 24 8
19.64 2.4634 -1.6292 38 22 0
19.786 2.507 -1.5864 43 21 8
19.532 2.4368 -1.6806 41 20 0
19.658 2.5183 -1.6348 39 20 4
19.728 2.5574 -1.6699 44 29 8
19.639 2.5753 -1.6614 39 26 7
19.563 2.5289 -1.6596 39 21 0
19.661 2.5182 -1.6335 39 20 4
19.718 2.5429 -1.6082 36 24 8
19.679 2.5329 -1.688 43 24 10
19.645 2.5532 -1.6169 41 24 0
19.626 2.5824 -1.6406 40 28 6
19.704 2.5925 -1.6663 45 26 22
19.758 2.6155 -1.6375 45 23 12
19.639 2.6722 -1.6236 46 25 4
19.635 2.6667 -1.6605 46 28 4
19.564 2.6574 -1.6236 46 26 17
19.478 2.6718 -1.6428 48 32 7
19.515 2.6029 -1.6384 47 30 0
19.631 2.6447 -1.6197 44 25 8
19.632 2.6729 -1.6277 46 25 4
19.733 2.7388 -1.6254 40 28 4
19.71 2.742 -1.6397 40 28 4
19.677 2.7522 -1.6273 48 27 6
19.687 2.7227 -1.6122 47 24 8
19.713 2.6861 -1.6201 38 24 15
19.733 2.7113 -1.6175 42 25 8
19.764 2.7291 -1.6371 46 28 16
19.557 2.7515 -1.6272 43 25 11
19.682 2.7797 -1.6323 48 27 6
19.788 2.7798 -1.6326 44 26 16
19.798 2.8053 -1.6364 44 26 12
19.815 2.8074 -1.5917 44 24 13
19.808 2.755 -1.5845 45 27 15
19.795 2.7517 -1.622 44 26 16
19.702 2.866 -1.6149 48 26 11
19.838 2.8566 -1.5989 44 26 14
19.809 2.8674 -1.5863 42 24 10
19.814 2.8396 -1.5775 40 24 11
19.696 2.8568 -1.6822 44 28 15
19.684 2.9596 -1.615 49 27 6
19.841 2.968 -1.5987 43 21 21
19.662 2.9596 -1.6606 46 28 14
19.643 2.9742 -1.6055 50 29 12
19.665 2.9454 -1.5571 38 23 2
19.566 2.9972 -1.6218 42 28 1
19.813 2.9522 -1.5755 47 27 3
19.785 2.9637 -1.5596 45 27 5
19.782 2.9875 -1.6053 44 25 11
19.655 3.0676 -1.5664 50 30 5
19.542 3.0632 -1.6531 48 31 14
19.596 3.0537 -1.5857 47 27 3
19.752 3.0043 -1.5634 49 30 0
19.699 3.0652 -1.667 46 27 13
19.753 2.9994 -1.5924 46 29 3
19.605 3.076 -1.6217 45 28 11
19.845 3.0206 -1.6058 44 25 19
19.646 3.0074 -1.5865 42 26 11
19.785 3.0503 -1.5539 51 27 0
19.931 2.9795 -1.4879 51 26 4
19.872 2.9866 -1.5848 42 24 20
19.819 3.0048 -1.5871 43 29 20
19.822 3.0356 -1.5622 40 22 2
19.762 3.1125 -1.5864 51 29 5
19.665 3.0887 -1.5983 52 33 0
19.745 3.0851 -1.6155 50 31 14
19.928 3.0542 -1.5461 49 29 22
19.666 3.1549 -1.5493 52 34 10
19.726 3.1519 -1.6164 51 29 5
19.83 3.1147 -1.5816 54 34 23
19.75 3.1245 -1.5319 52 32 8
19.691 3.1391 -1.6014 50 31 1
19.576 3.2084 -1.6398 59 47 25
19.646 3.2194 -1.576 54 33 16
19.589 3.2082 -1.597 51 36 13
19.744 3.2027 -1.6209 53 30 14
19.74 3.1757 -1.6157 51 30 11
19.755 3.1471 -1.5697 53 32 3
19.737 3.2129 -1.56 71 47 21
19.798 3.2077 -1.6233 49 26 18
19.784 3.2126 -1.6311 49 26 18
19.598 3.2652 -1.6108 49 29 20
19.846 3.1946 -1.5623 50 28 13
19.868 3.1528 -1.6044 44 25 18
19.862 3.1583 -1.5748 45 31 20
19.781 3.2457 -1.6123 50 33 23
19.853 3.2157 -1.5966 49 31 17
19.735 3.2383 -1.6048 51 27 15
19.817 3.2878 -1.6057 45 30 9
19.559 3.3093 -1.6435 56 33 27
19.806 3.2405 -1.5683 52 29 13
19.696 3.3754 -1.5956 46 28 6
19.694 3.3801 -1.5677 44 26 4
19.719 3.3621 -1.6111 46 29 3
19.787 3.3315 -1.6032 48 26 13
19.659 3.3606 -1.6055 45 27 3
19.916 3.2757 -1.5509 48 29 15
19.789 3.3622 -1.5796 50 27 9
19.616 3.3817 -1.6024 46 29 11
19.824 3.3436 -1.584 46 30 17
19.781 3.3052 -1.5941 48 32 9
19.78 3.4257 -1.5709 45 24 7
19.632 3.4973 -1.5896 49 26 8
19.772 3.4292 -1.5755 45 24 7
19.779 3.4507 -1.6056 48 24 10
19.702 3.4638 -1.5866 45 31 2
19.719 3.4014 -1.5267 48 30 6
19.689 3.44 -1.585 45 28 8
19.769 3.4586 -1.583 47 27 0
19.661 3.4553 -1.5672 49 28 0
19.796 3.4153 -1.5904 48 25 9
19.743 3.4735 -1.5663 46 29 3
19.813 3.3829 -1.5412 48 24 0
19.848 3.3615 -1.5795 41 29 17
19.777 3.3948 -1.5913 51 27 0
19.796 3.5311 -1.5891 29 21 8
19.861 3.4721 -1.547 52 26 11
19.624 3.5584 -1.6449 52 28 0
19.862 3.441 -1.566 45 23 10
19.871 3.4632 -1.5625 46 24 13
19.735 3.5346 -1.5846 36 25 3
19.882 3.4554 -1.5853 45 26 12
19.785 3.4796 -1.5808 51 27 0
19.652 3.5184 -1.5879 46 25 8
19.891 3.8495 -1.5696 31 18 12
19.925 3.8552 -1.558 45 21 17
19.927 3.8241 -1.5744 40 16 4
19.941 3.9014 -1.564 38 22 5
19.908 3.955 -1.5656 35 15 17
19.851 3.994 -1.6285 38 19 3
19.852 3.993 -1.6268 38 19 3
19.893 3.9063 -1.5548 30 16 16
19.922 3.8871 -1.5719 30 12 10
19.917 2.0028 -1.6506 39 23 0
19.873 1.9459 -1.6675 37 23 0
19.829 1.9832 -1.6168 31 21 12
19.84 1.9464 -1.659 38 16 18
19.783 1.9592 -1.7042 34 16 14
19.855 1.988 -1.6017 34 21 5
19.73 1.9715 -1.6487 33 20 14
19.739 1.9404 -1.6652 34 23 3
19.95 1.9859 -1.6217 37 19 0
19.72 1.9952 -1.6616 40 20 11
19.836 2.0084 -1.6232 35 22 4
19.755 2.037 -1.717 27 22 1
19.879 2.0339 -1.6256 41 19 8
19.805 1.9882 -1.6984 34 18 5
20.009 2.0503 -1.5671 32 21 0
19.799 1.9872 -1.7013 34 18 5
19.826 2.1371 -1.6367 39 22 15
19.99 2.1387 -1.6109 34 21 2
19.9 2.1397 -1.6182 39 24 5
19.923 2.1124 -1.6211 37 23 14
19.749 2.1019 -1.6763 31 17 8
19.959 2.111 -1.624 41 23 0
19.89 2.0764 -1.6654 39 24 3
19.831 2.074 -1.6781 41 17 13
19.733 2.107 -1.6558 36 19 12
19.912 2.135 -1.6342 40 19 16
19.801 2.1776 -1.6983 41 22 18
19.947 2.2106 -1.637 40 21 5
19.781 2.1829 -1.6772 40 19 14
19.892 2.1633 -1.6274 41 20 15
19.904 2.1584 -1.6456 33 20 1
19.755 2.1355 -1.6507 37 18 4
19.948 2.1568 -1.6458 34 21 3
19.916 2.1839 -1.6459 37 20 12
19.878 2.1687 -1.6061 36 21 0
19.877 2.217 -1.6267 38 21 11
19.892 2.2116 -1.6474 40 20 11
19.762 2.2134 -1.67 27 15 1
19.914 2.2383 -1.6373 39 20 14
19.951 2.2354 -1.6381 32 25 0
19.913 2.2689 -1.6188 41 24 16
19.967 2.2366 -1.6283 32 25 0
19.78 2.2474 -1.6374 41 23 11
19.767 2.2395 -1.677 38 21 13
19.958 2.2662 -1.6127 36 19 11
20.049 2.267 -1.5767 35 23 1
19.71 2.2685 -1.6919 41 21 12
19.77 2.2208 -1.637 40 24 11
19.93 2.2334 -1.6533 32 25 0
19.914 2.2754 -1.5883 37 20 12
19.866 2.3345 -1.5807 44 26 12
19.746 2.2972 -1.6749 44 21 15
19.944 2.3132 -1.6411 36 19 11
19.819 2.2946 -1.6571 39 18 13
19.86 2.2905 -1.6593 37 20 12
19.769 2.3245 -1.6684 34 22 10
19.857 2.3223 -1.6366 39 23 10
19.874 2.3163 -1.6578 36 20 7
19.824 2.3522 -1.643 36 24 8
19.81 2.3582 -1.6219 41 23 11
19.779 2.3443 -1.7052 38 22 9
19.877 2.3163 -1.6567 36 20 7
19.897 2.4232 -1.6458 36 21 14
19.777 2.3836 -1.6486 41 21 12
19.958 2.4171 -1.6357 39 17 2
19.873 2.4295 -1.6314 36 19 11
19.773 2.377 -1.6828 40 22 18
19.796 2.4885 -1.672 37 20 12
19.854 2.4926 -1.6024 44 25 11
19.91 2.4599 -1.5892 35 23 11
19.642 2.4717 -1.7332 45 26 12
19.902 2.4544 -1.6191 38 21 3
19.913 2.4481 -1.6441 36 19 11
19.964 2.4416 -1.6379 37 20 12
19.891 2.5674 -1.6025 42 21 16
20.055 2.5745 -1.528 46 25 6
19.829 2.5136 -1.6562 38 24 13
19.985 2.5747 -1.6036 45 21 19
19.858 2.5438 -1.6166 40 23 6
19.969 2.5566 -1.5781 46 20 19
19.787 2.5805 -1.6403 47 25 10
19.769 2.5224 -1.662 40 22 10
19.894 2.5363 -1.6185 36 22 9
19.876 2.635 -1.6934 45 21 9
19.886 2.619 -1.6226 44 26 16
20.053 2.6121 -1.5992 41 25 0
19.996 2.6476 -1.619 45 21 9
19.975 2.6054 -1.592 45 26 9
19.849 2.602 -1.6091 45 25 16
19.874 2.5943 -1.624 41 22 15
19.855 2.5959 -1.6367 44 26 16
19.991 2.5988 -1.6059 45 24 19
19.92 2.5995 -1.6841 43 26 0
20.111 2.6211 -1.4796 45 30 7
19.928 2.6351 -1.6304 46 25 8
19.914 2.6778 -1.5607 41 28 19
19.897 2.7314 -1.5874 43 25 15
19.85 2.7331 -1.6489 45 30 11
19.919 2.6924 -1.6246 44 25 8
19.941 2.7149 -1.6169 41 23 3
19.928 2.6605 -1.6371 45 27 15
20 2.6717 -1.6242 45 25 0
19.967 2.681 -1.6192 46 23 17
20.013 2.6948 -1.6208 45 23 10
19.975 2.705 -1.6202 45 25 18
19.792 2.8011 -1.6714 42 24 4
19.885 2.7802 -1.6393 38 20 10
19.925 2.7377 -1.6617 45 25 16
19.766 2.8055 -1.6868 43 25 5
20.087 2.761 -1.5672 38 25 9
19.931 2.7469 -1.6016 46 31 10
19.871 2.7613 -1.6102 45 26 9
19.731 2.8114 -1.7104 43 25 5
20.003 2.785 -1.5658 50 28 7
19.982 2.734 -1.5966 50 24 10
19.998 2.7813 -1.6005 45 26 19
19.947 2.8208 -1.61 49 24 17
19.877 2.8128 -1.6218 42 26 11
19.867 2.8312 -1.6959 46 25 6
19.844 2.8238 -1.6158 43 27 12
19.848 2.8717 -1.6596 46 30 15
19.983 2.8642 -1.6038 48 24 14
20.052 2.7913 -1.5967 45 21 9
20.031 2.8493 -1.5966 48 23 18
19.888 2.8418 -1.5928 45 27 7
19.97 2.8417 -1.6024 49 28 7
20.069 2.8169 -1.5618 48 25 9
20.005 2.8254 -1.639 42 27 0
19.949 2.9018 -1.6018 48 26 15
19.915 2.9404 -1.6061 38 25 7
19.865 2.926 -1.6318 44 28 5
19.965 2.9236 -1.6017 47 27 16
19.961 2.9204 -1.6344 49 27 16
19.978 2.8908 -1.6158 48 26 11
20.03 2.8993 -1.6143 49 26 10
20.072 2.9136 -1.5919 51 28 10
20.029 2.8747 -1.6081 48 25 9
19.905 2.9474 -1.5847 45 25 14
20.091 2.913 -1.5521 53 31 20
19.919 2.9658 -1.614 43 29 18
19.865 2.9838 -1.6149 47 29 17
19.954 3.008 -1.6031 44 22 11
20.011 2.9585 -1.6136 50 26 14
19.922 2.9909 -1.6184 45 28 20
19.943 2.9894 -1.5747 47 27 16
19.856 3.0402 -1.6386 48 28 17
19.928 3.0459 -1.6002 45 29 16
19.886 3.0623 -1.5969 47 29 17
20.033 3.0319 -1.5943 46 27 21
19.946 3.0663 -1.5949 46 26 19
20.093 3.034 -1.5852 47 26 7
20.101 3.0073 -1.5739 46 27 10
19.975 3.0278 -1.5964 44 26 16
19.896 3.0857 -1.5966 53 27 26
20.044 3.0533 -1.5912 48 25 17
19.8 3.1398 -1.7022 48 29 15
19.956 3.0593 -1.6168 46 26 15
20.006 3.0692 -1.5898 46 28 14
19.859 3.1826 -1.6161 47 29 17
20.031 3.1372 -1.5964 51 32 18
20.122 3.0768 -1.552 47 28 14
19.998 3.0971 -1.5993 47 27 16
20.01 3.0896 -1.6222 46 28 16
20.089 3.1126 -1.5819 47 30 10
19.968 3.1406 -1.5716 53 31 16
19.968 3.1671 -1.5839 61 41 30
20.009 3.1489 -1.5856 45 28 11
19.968 3.1929 -1.5896 60 41 24
19.902 3.2205 -1.5993 48 28 17
20.04 3.2129 -1.5831 43 25 5
19.985 3.238 -1.5923 44 25 9
19.915 3.2426 -1.5997 51 28 22
19.954 3.2243 -1.6053 44 28 5
19.89 3.1985 -1.6027 47 29 19
19.947 3.283 -1.5948 51 32 16
19.898 3.3334 -1.6054 46 28 8
19.854 3.2978 -1.6225 52 32 21
20.014 3.2494 -1.6107 45 34 12
19.97 3.2767 -1.5519 49 29 20
19.934 3.2615 -1.5959 54 33 16
19.961 3.389 -1.5612 51 27 0
19.997 3.3167 -1.5451 47 27 20
19.962 3.3852 -1.5845 50 27 9
19.997 3.4498 -1.5569 46 27 13
19.936 3.4786 -1.6275 43 27 1
19.987 3.4002 -1.5793 47 23 11
19.919 3.435 -1.5926 45 26 9
19.877 3.483 -1.6289 44 25 11
20.009 3.416 -1.5735 36 27 8
20.053 3.4969 -1.5714 45 25 14
19.965 3.4927 -1.5849 45 23 10
20.051 3.4458 -1.5552 41 24 14
19.985 3.509 -1.58 45 20 13
20.039 3.5588 -1.5655 42 24 2
20.07 3.539 -1.5708 45 22 14
20.198 3.4919 -1.4639 40 20 13
20.053 3.5229 -1.5781 42 24 14
20.007 3.5502 -1.5799 37 20 0
20.031 3.6428 -1.5942 46 24 3
19.935 3.6474 -1.6143 32 22 13
20.045 3.6333 -1.6146 43 22 3
20.125 3.6108 -1.5351 37 16 11
20.127 3.5601 -1.4913 30 20 11
20.058 3.6008 -1.5702 44 20 20
19.983 3.6741 -1.5989 36 15 10
20.023 3.6772 -1.549 48 23 16
20.035 3.723 -1.5886 40 20 9
20.061 3.652 -1.5513 43 25 5
19.957 3.7763 -1.5819 41 21 10
20.109 3.6466 -1.5867 42 25 0
20.115 3.6942 -1.562 44 23 4
20.157 3.6181 -1.4649 46 28 4
20.115 3.6437 -1.5536 43 22 3
20.117 3.6436 -1.4918 46 28 4
20.019 3.705 -1.5863 40 24 1
20.169 3.6326 -1.5465 39 21 1
20.112 3.6704 -1.5576 40 21 4
20.108 3.699 -1.5994 44 24 0
20.034 3.7801 -1.5472 42 16 17
20.043 3.7738 -1.5408 42 16 17
20.076 3.7225 -1.5657 31 22 3
19.999 3.8023 -1.5979 36 23 5
20 3.7734 -1.5871 41 25 2
19.962 3.8556 -1.5989 39 20 14
20.043 3.7999 -1.5767 35 24 5
20.062 3.7569 -1.6094 28 20 0
20.091 3.7656 -1.5721 45 19 18
20.127 3.7146 -1.5393 45 24 5
20.076 3.7483 -1.6019 28 20 0
20.086 3.8222 -1.5873 41 23 0
20.007 3.881 -1.5877 32 15 5
20.146 3.7529 -1.5381 41 22 6
20.163 3.7669 -1.5627 37 15 0
20.038 3.8308 -1.5875 42 20 5
20.111 3.8327 -1.5529 38 16 3
20.145 3.754 -1.5406 41 22 6
20.13 3.817 -1.5628 43 21 0
20.092 3.7916 -1.5776 41 22 6
20.109 3.8329 -1.6099 34 18 1
20.212 3.7323 -1.4729 41 22 15
20.259 3.6979 -1.4382 41 22 15
20.107 3.8906 -1.574 39 16 0
20.207 3.8137 -1.5298 41 17 5
18.402 1.0372 -0.28656 69 47 36
18.369 0.98081 -0.31377 65 50 21
18.427 1.0351 -0.32094 69 49 25
18.416 0.98715 -0.34665 68 50 28
18.432 1.0171 -0.27996 67 51 26
18.415 1.0186 -0.35217 67 50 24
18.406 0.95129 -0.33889 69 48 27
18.422 0.96946 -0.30767 69 51 27
18.423 1.1405 -0.30986 69 51 27
18.452 1.1077 -0.33316 71 50 33
18.369 1.0453 -0.3271 69 48 31
18.381 1.0378 -0.36162 67 49 25
18.389 1.1169 -0.34158 69 50 20
18.406 1.0792 -0.36667 65 50 21
18.389 1.0962 -0.3022 66 47 33
18.406 1.1871 -0.35427 67 48 31
18.462 1.2171 -0.32104 71 50 33
18.472 1.2005 -0.28171 66 49 31
18.44 1.2212 -0.28832 69 51 29
18.395 1.2154 -0.36371 69 50 20
18.371 1.1545 -0.31594 66 49 23
18.404 1.2299 -0.32861 69 52 32
18.409 1.1558 -0.35011 66 49 23
18.43 1.2495 -0.2966 70 53 35
18.429 1.302 -0.34289 70 52 32
18.488 1.3518 -0.34681 70 52 30
18.455 1.3209 -0.30995 70 53 35
18.463 1.3344 -0.27586 72 51 30
18.404 1.2845 -0.27232 68 51 25
18.485 1.2875 -0.33578 71 51 27
18.39 1.2688 -0.30455 69 47 24
18.447 1.3613 -0.28483 74 53 32
18.474 1.4008 -0.28978 71 52 36
18.435 1.3468 -0.31626 71 50 33
18.435 1.3681 -0.3545 74 53 36
18.48 1.392 -0.32139 70 52 32
18.453 1.4161 -0.3293 67 50 30
18.517 1.4443 -0.29641 71 52 35
18.438 1.4549 -0.30352 72 53 37
18.411 1.4907 -0.27934 75 55 30
18.543 1.5349 -0.34587 74 57 31
18.496 1.5019 -0.30986 75 55 31
18.461 1.4821 -0.3433 74 52 31
18.475 1.454 -0.33569 73 54 24
18.509 1.5473 -0.28382 71 54 34
18.558 1.5492 -0.31317 73 54 37
18.474 1.6129 -0.26575 75 55 31
18.497 1.5656 -0.32292 74 54 27
18.525 1.6144 -0.29663 78 57 36
18.428 1.5596 -0.29251 75 56 39
18.497 1.6399 -0.30374 76 58 34
18.555 1.6626 -0.27122 78 56 15
18.471 1.5915 -0.32967 78 56 35
18.495 1.6291 -0.33643 77 56 35
18.459 1.5461 -0.35533 72 54 34
18.533 1.6793 -0.30981 79 57 33
18.556 1.6841 -0.30856 79 57 33
18.534 1.7214 -0.28268 81 59 35
18.475 1.6774 -0.27893 81 59 36
18.504 1.6952 -0.34888 79 58 31
18.542 1.7349 -0.35221 81 59 35
18.498 1.7041 -0.31702 78 57 38
18.514 1.6652 -0.34096 76 59 33
18.593 1.7545 -0.32124 80 60 36
18.533 1.8266 -0.27202 86 65 38
18.471 1.8289 -0.34364 87 65 44
18.548 1.8097 -0.3359 79 58 39
18.487 1.8089 -0.30529 81 61 36
18.487 1.7864 -0.26579 80 59 38
18.542 1.7863 -0.29675 81 61 36
18.499 1.7688 -0.33039 82 59 43
18.487 1.7442 -0.29192 80 60 36
18.412 1.8726 -0.28754 89 64 41
18.397 1.8269 -0.31218 87 67 40
18.276 1.8868 -0.29571 85 65 40
18.377 1.8574 -0.32001 87 66 35
18.311 1.9018 -0.26195 84 64 39
18.532 1.8586 -0.276 88 63 40
18.376 1.891 -0.32679 85 65 38
18.659 1.8911 -0.34326 86 65 38
18.134 1.9285 -0.34987 81 61 37
18.157 1.9418 -0.31222 83 63 38
18.199 1.9114 -0.30425 82 65 39
17.923 1.9242 -0.2809 84 63 32
18.198 1.9009 -0.34124 84 64 40
18.18 1.9191 -0.27206 82 63 33
18.127 1.9745 -0.32155 80 63 37
17.922 1.9404 -0.36514 79 61 37
18.489 0.97307 -0.36863 66 45 24
18.4 0.90815 -0.54606 63 46 26
18.467 0.96734 -0.54829 63 45 31
18.401 0.99749 -0.49189 62 44 20
18.4 1.0091 -0.46007 64 44 20
18.427 0.99955 -0.41814 65 47 25
18.431 0.95735 -0.4447 63 47 22
18.388 0.92757 -0.48117 66 45 24
18.359 0.93603 -0.52392 65 44 23
18.42 0.96472 -0.41233 64 47 30
18.366 0.95531 -0.38124 66 49 31
18.435 1.0347 -0.42412 67 48 34
18.43 0.98875 -0.45059 63 45 21
18.466 1.0267 -0.38369 63 46 29
18.387 0.95961 -0.48724 65 47 7
18.32 0.88743 -0.51938 67 47 12
18.387 0.96746 -0.56225 65 49 24
18.396 0.98334 -0.52608 64 44 19
18.399 1.0612 -0.5085 63 49 13
18.374 1.0437 -0.43439 65 48 28
18.368 1.0377 -0.54368 64 46 22
18.455 1.1259 -0.47716 63 46 20
18.295 0.99329 -0.39916 65 45 36
18.383 1.1031 -0.37604 66 48 28
18.423 1.1057 -0.40724 66 46 21
18.369 1.0741 -0.44403 63 45 25
18.385 1.0114 -0.53601 64 47 30
18.446 1.0589 -0.46228 64 43 22
18.42 1.081 -0.47376 65 45 20
18.413 1.0701 -0.4011 64 45 29
18.406 1.0963 -0.51392 66 46 19
18.429 1.0406 -0.4981 65 48 5
18.41 1.1211 -0.44858 66 45 28
18.416 1.0878 -0.54918 66 46 21
18.431 1.1522 -0.37909 67 49 35
18.418 1.1565 -0.45429 69 50 33
18.455 1.1896 -0.49058 58 38 11
18.443 1.2176 -0.49991 62 43 26
18.462 1.2151 -0.42463 67 46 27
18.482 1.2329 -0.39223 65 48 30
18.363 1.1135 -0.52575 68 47 20
18.361 1.1785 -0.54006 64 46 24
18.41 1.1767 -0.38786 67 51 28
18.426 1.1707 -0.42041 61 44 24
18.409 1.1621 -0.52735 65 48 22
18.459 1.1357 -0.5507 64 45 28
18.393 1.1359 -0.4901 62 43 0
18.449 1.1643 -0.55926 64 46 32
18.384 1.177 -0.46208 66 46 22
18.467 1.2371 -0.46572 67 49 27
18.473 1.1553 -0.40988 66 51 22
18.413 1.3181 -0.38162 72 55 29
18.407 1.2591 -0.55096 65 45 21
18.389 1.288 -0.45181 68 49 32
18.394 1.301 -0.41752 66 48 24
18.453 1.2644 -0.47441 64 46 24
18.444 1.273 -0.44153 67 50 24
18.395 1.2364 -0.40345 67 51 26
18.451 1.2845 -0.51403 67 49 13
18.477 1.3134 -0.55099 67 46 25
18.42 1.256 -0.36828 67 49 27
18.418 1.2302 -0.54171 63 45 23
18.455 1.318 -0.51878 66 48 24
18.402 1.2271 -0.43674 64 49 28
18.419 1.2876 -0.37552 70 52 32
18.469 1.292 -0.40582 65 47 25
18.478 1.2611 -0.50261 66 45 16
18.393 1.2778 -0.48475 67 46 25
18.451 1.3824 -0.42851 68 51 31
18.501 1.3958 -0.52982 68 51 25
18.492 1.4263 -0.43235 70 51 34
18.451 1.3616 -0.38844 67 48 31
18.469 1.4306 -0.40165 69 53 30
18.512 1.4216 -0.35988 70 50 23
18.403 1.3574 -0.46426 65 46 29
18.445 1.392 -0.39542 71 52 22
18.454 1.3935 -0.49935 67 48 31
18.503 1.3659 -0.41729 69 52 34
18.47 1.4418 -0.36853 70 52 32
18.436 1.3236 -0.48714 66 49 23
18.451 1.3601 -0.49397 66 49 21
18.453 1.4144 -0.54195 68 52 29
18.465 1.3531 -0.52667 70 52 16
18.471 1.3454 -0.45225 67 49 29
18.509 1.4201 -0.46442 68 47 26
18.46 1.4923 -0.52176 69 51 27
18.492 1.4902 -0.44505 72 54 32
18.506 1.4834 -0.37421 69 51 29
18.476 1.4647 -0.40792 70 49 30
18.503 1.4604 -0.5435 68 47 28
18.467 1.4405 -0.47338 72 51 32
18.465 1.4289 -0.50698 68 48 21
18.429 1.4411 -0.44351 70 52 30
18.482 1.4983 -0.41404 71 53 33
18.497 1.4805 -0.47812 71 49 28
18.492 1.5114 -0.37978 74 56 36
18.456 1.4379 -0.3692 70 52 32
18.483 1.5199 -0.45297 71 52 35
18.477 1.4857 -0.55383 66 48 24
18.463 1.4607 -0.51488 68 49 17
18.491 1.5327 -0.41951 72 55 27
18.501 1.5136 -0.48458 69 51 27
18.558 1.6014 -0.35924 75 57 37
18.558 1.5599 -0.48724 71 51 27
18.535 1.6181 -0.50288 70 52 30
18.497 1.5989 -0.54002 75 53 29
18.468 1.5809 -0.46847 73 52 31
18.472 1.5707 -0.39511 72 54 32
18.482 1.6159 -0.36771 77 57 33
18.49 1.5967 -0.43503 76 53 35
18.543 1.556 -0.38599 75 55 30
18.503 1.5786 -0.49866 72 52 25
18.588 1.5777 -0.45252 74 53 34
18.489 1.5645 -0.53349 71 54 28
18.477 1.5295 -0.52421 71 51 26
18.516 1.613 -0.39896 75 55 31
18.497 1.5661 -0.42726 72 53 36
18.498 1.6307 -0.44106 73 55 31
18.503 1.6216 -0.47056 70 52 30
18.464 1.699 -0.42153 77 55 32
18.515 1.6989 -0.4531 76 58 38
18.498 1.6526 -0.48026 74 56 36
18.502 1.6431 -0.51218 73 53 29
18.493 1.7064 -0.52716 72 55 27
18.489 1.6819 -0.38178 77 57 30
18.485 1.7152 -0.49519 78 58 31
18.54 1.694 -0.48202 77 57 30
18.476 1.6364 -0.40848 73 55 33
18.513 1.7309 -0.45942 79 58 31
18.553 1.6862 -0.51572 75 54 23
18.533 1.723 -0.3869 77 57 32
18.463 1.6556 -0.44788 77 56 39
18.498 1.6734 -0.41332 76 54 30
18.53 1.6584 -0.37339 76 56 32
18.517 1.6359 -0.54397 74 57 29
18.503 1.792 -0.36701 79 62 36
18.505 1.7745 -0.5406 78 57 28
18.547 1.7698 -0.46501 76 55 24
18.555 1.7911 -0.39867 79 59 34
18.464 1.742 -0.39639 79 57 36
18.554 1.7611 -0.49514 76 55 26
18.581 1.818 -0.43529 79 59 35
18.632 1.8459 -0.36984 80 59 32
18.541 1.7465 -0.42608 78 57 36
18.537 1.8003 -0.4716 77 57 32
18.567 1.828 -0.50843 77 55 32
18.542 1.8211 -0.40491 77 60 34
18.493 1.7825 -0.50786 76 55 38
18.572 1.8386 -0.47641 77 57 32
18.477 1.7671 -0.43562 76 59 33
18.504 1.7597 -0.36291 82 57 35
18.545 1.7493 -0.5304 75 57 19
18.355 1.8816 -0.47112 84 64 39
18.276 1.8558 -0.40089 85 63 39
18.399 1.8779 -0.50428 84 61 43
18.478 1.8563 -0.48969 84 64 37
18.511 1.9238 -0.39335 84 65 35
18.39 1.8628 -0.42792 84 64 39
18.311 1.8855 -0.44202 83 63 38
18.441 1.8403 -0.52591 85 64 35
18.508 1.8381 -0.44654 86 64 40
18.598 1.8848 -0.45113 84 64 37
18.463 1.8407 -0.41663 83 66 40
18.407 1.8854 -0.3598 84 65 35
18.365 1.8793 -0.36184 84 65 35
18.425 1.8715 -0.53526 83 62 33
18.511 1.8582 -0.38148 85 65 41
17.983 1.8877 -0.43041 84 64 40
18.032 1.9425 -0.40079 79 62 32
18.06 1.9401 -0.55409 77 57 30
18.389 1.9207 -0.47709 84 62 39
18.014 1.9026 -0.39148 83 62 33
18.176 1.9023 -0.45507 82 62 38
18.146 1.9247 -0.49702 83 61 38
18.213 1.9117 -0.56847 81 63 27
18.22 1.9233 -0.52955 81 60 31
18.202 1.891 -0.37719 85 64 33
18.255 1.8815 -0.55928 85 61 33
18.297 1.8979 -0.51611 80 60 36
17.982 1.9257 -0.43587 82 61 34
18.178 1.9388 -0.46378 79 61 37
17.994 1.9432 -0.52319 81 61 36
17.96 1.9888 -0.49266 81 61 36
17.961 1.9505 -0.48333 80 62 38
17.914 1.9729 -0.53583 79 59 32
17.96 1.9721 -0.4091 82 60 39
17.88 1.9744 -0.37474 83 62 35
17.944 1.9594 -0.44827 79 61 37
18.411 0.96037 -0.70409 62 44 24
18.405 0.91775 -0.62129 66 43 25
18.405 0.97032 -0.67052 65 44 23
18.438 1.0199 -0.5637 66 49 23
18.413 0.96569 -0.59384 64 46 24
18.435 0.91757 -0.65147 65 45 34
18.408 0.91362 -0.73396 60 43 23
18.404 0.97801 -0.74594 62 44 24
18.4 0.92808 -0.5889 64 46 24
18.399 0.89766 -0.7661 63 46 29
18.415 0.92932 -0.69688 63 45 25
18.456 0.97066 -0.62571 66 45 26
18.42 0.8991 -0.68685 64 47 29
18.414 0.986 -0.63488 65 44 23
18.435 1.0069 -0.59619 63 44 27
18.437 0.95838 -0.73469 62 48 22
18.425 0.94599 -0.6603 58 45 26
18.44 1.041 -0.60398 69 48 27
18.387 1.0531 -0.61903 66 48 24
18.496 1.0584 -0.70599 64 48 22
18.43 1.0249 -0.64099 64 46 24
18.449 1.0642 -0.64508 66 48 24
18.459 1.0921 -0.57631 66 51 28
18.401 1.0665 -0.69391 64 46 22
18.392 0.98535 -0.71397 63 42 25
18.383 0.99418 -0.68068 62 45 28
18.406 1.0358 -0.6849 61 44 24
18.421 1.0985 -0.62179 65 48 22
18.404 1.039 -0.57564 64 47 29
18.434 1.0223 -0.75029 62 44 24
18.423 1.087 -0.65689 64 46 26
18.427 1.0519 -0.75988 62 44 22
18.408 1.057 -0.72797 63 46 26
18.458 1.1995 -0.56411 58 42 19
18.42 1.1391 -0.70602 64 47 27
18.427 1.1209 -0.66378 64 47 19
18.411 1.124 -0.74221 63 44 27
18.396 1.1875 -0.64581 58 36 25
18.432 1.1877 -0.6769 65 49 26
18.427 1.1773 -0.60176 64 45 28
18.401 1.1235 -0.63265 63 44 27
18.44 1.117 -0.58633 65 47 27
18.452 1.1622 -0.66898 65 48 22
18.395 1.0972 -0.70234 62 47 24
18.52 1.2062 -0.70001 62 49 17
18.469 1.1121 -0.72687 63 44 27
18.493 1.1682 -0.5873 67 49 29
18.404 1.1574 -0.63903 66 46 21
18.472 1.178 -0.73959 63 46 20
18.415 1.2383 -0.6191 67 46 25
18.497 1.3084 -0.58367 66 47 30
18.445 1.2249 -0.68296 64 48 25
18.485 1.2587 -0.72043 65 47 27
18.372 1.1885 -0.72759 57 39 19
18.442 1.2888 -0.70043 66 49 32
18.476 1.2467 -0.64469 69 48 29
18.462 1.2329 -0.57284 68 47 30
18.472 1.31 -0.6604 68 49 17
18.434 1.2539 -0.69119 66 44 31
18.397 1.1848 -0.76055 66 46 19
18.485 1.2933 -0.61821 67 50 32
18.406 1.2661 -0.73883 68 47 30
18.378 1.2381 -0.58843 67 50 32
18.497 1.2508 -0.75283 64 45 29
18.434 1.2119 -0.60873 63 46 26
18.434 1.2655 -0.65855 69 50 20
18.47 1.3744 -0.67433 68 50 30
18.509 1.3649 -0.62933 68 51 33
18.465 1.3614 -0.71061 66 47 31
18.497 1.4047 -0.60416 67 50 30
18.41 1.3253 -0.56436 67 50 24
18.482 1.3227 -0.73494 67 49 27
18.448 1.4017 -0.57676 69 50 33
18.463 1.3838 -0.64107 69 52 24
18.473 1.3966 -0.71672 68 49 32
18.474 1.3658 -0.59936 69 48 29
18.489 1.3899 -0.74931 65 48 31
18.422 1.3273 -0.67374 69 49 25
18.473 1.3313 -0.7011 66 49 31
18.462 1.3734 -0.56627 70 50 26
18.452 1.3462 -0.74686 66 45 28
18.486 1.3371 -0.58998 68 50 26
18.48 1.3238 -0.62636 70 49 32
18.501 1.4702 -0.61782 66 49 29
18.49 1.4998 -0.62723 71 53 31
18.49 1.4667 -0.72887 68 52 29
18.479 1.5079 -0.59313 72 50 35
18.481 1.4539 -0.65454 68 50 28
18.469 1.4836 -0.55421 66 48 24
18.439 1.4644 -0.70207 70 52 30
18.4 1.4545 -0.59462 72 51 32
18.488 1.4456 -0.57858 70 53 33
18.495 1.4467 -0.68654 69 49 22
18.502 1.4271 -0.6445 70 51 21
18.504 1.4379 -0.72139 67 52 23
18.467 1.4062 -0.68318 68 49 32
18.506 1.5257 -0.55711 70 51 19
18.501 1.5023 -0.73603 71 50 31
18.463 1.4275 -0.61585 68 52 29
18.53 1.4992 -0.65577 72 52 28
18.442 1.5978 -0.61975 71 53 31
18.488 1.5758 -0.71768 73 53 28
18.463 1.5586 -0.64537 73 52 35
18.493 1.5547 -0.5667 71 53 33
18.494 1.5768 -0.60576 72 54 34
18.467 1.5156 -0.67121 69 52 26
18.495 1.5339 -0.7415 68 49 35
18.522 1.562 -0.67126 71 53 33
18.553 1.6015 -0.56764 74 53 34
18.48 1.508 -0.70322 69 50 33
18.457 1.5352 -0.71508 74 52 29
18.507 1.5695 -0.74917 69 51 29
18.502 1.6007 -0.64684 74 51 35
18.467 1.5377 -0.6018 71 53 33
18.475 1.5288 -0.63486 71 53 29
18.489 1.587 -0.68303 71 54 28
18.458 1.6122 -0.5848 73 52 33
18.451 1.6677 -0.74552 73 52 25
18.5 1.6765 -0.62793 75 59 33
18.54 1.6312 -0.68448 73 52 31
18.527 1.6601 -0.58319 76 55 34
18.504 1.6668 -0.66098 76 56 32
18.543 1.6974 -0.6975 74 52 37
18.51 1.646 -0.61934 74 53 32
18.511 1.6998 -0.55936 74 53 36
18.576 1.6499 -0.64516 74 53 32
18.479 1.6605 -0.55332 73 53 28
18.551 1.7094 -0.66211 75 54 37
18.464 1.6036 -0.72817 75 54 33
18.488 1.6421 -0.73133 75 53 32
18.516 1.7128 -0.63279 76 57 23
18.476 1.6821 -0.59704 77 56 39
18.513 1.6581 -0.69433 75 54 35
18.509 1.7775 -0.64854 75 55 31
18.577 1.8198 -0.54086 79 59 35
18.546 1.7291 -0.59519 76 56 32
18.497 1.7881 -0.72691 78 58 31
18.507 1.7645 -0.57478 76 55 34
18.541 1.74 -0.6715 75 57 35
18.519 1.7254 -0.70873 76 55 34
18.563 1.7769 -0.67662 76 56 29
18.572 1.799 -0.60744 75 57 35
18.52 1.8024 -0.68876 74 54 30
18.488 1.7402 -0.64434 77 56 35
18.532 1.802 -0.57749 76 58 34
18.494 1.7518 -0.60904 77 56 35
18.492 1.8079 -0.65823 77 56 35
18.528 1.7357 -0.56455 76 55 34
18.49 1.7093 -0.7471 73 56 30
18.558 1.7659 -0.7105 76 56 32
18.6 1.8489 -0.68541 76 54 31
18.455 1.8558 -0.60124 81 64 38
18.446 1.8475 -0.74808 81 61 34
18.565 1.8403 -0.58141 76 54 31
18.612 1.89 -0.55367 83 62 31
18.419 1.8946 -0.57852 81 62 32
18.544 1.8267 -0.61861 77 56 35
18.429 1.8858 -0.61111 84 62 38
18.408 1.8865 -0.72737 80 63 37
18.514 1.8684 -0.70302 82 62 37
18.5 1.8863 -0.63703 83 61 37
18.559 1.8521 -0.65675 81 60 39
18.53 1.8445 -0.55194 79 59 24
18.578 1.8353 -0.72181 74 56 32
18.475 1.8488 -0.63218 84 62 39
18.543 1.8829 -0.66439 84 65 35
18.47 1.9157 -0.65 81 61 36
18.196 1.9354 -0.61271 80 59 38
18.067 1.9463 -0.67302 79 58 37
18.168 1.921 -0.65615 78 61 31
18.38 1.9529 -0.74437 80 60 36
18.072 1.9308 -0.58901 79 58 37
18.165 1.9472 -0.69911 76 59 33
18.307 1.918 -0.71277 82 62 37
18.418 1.8981 -0.69166 81 59 38
18.301 1.9024 -0.63393 81 61 37
18.34 1.9182 -0.59319 80 60 33
18.249 1.8996 -0.75718 81 61 37
18.272 1.9239 -0.68152 81 61 34
18.159 1.9358 -0.73683 81 61 36
17.945 1.971 -0.69821 79 59 34
17.995 1.9654 -0.7307 80 58 34
18.013 1.9618 -0.60339 77 57 30
18.056 1.9611 -0.76337 77 59 35
18.026 1.9466 -0.80676 81 61 36
18.048 1.9879 -0.81288 77 57 30
18.151 1.9668 -0.62721 78 58 33
18.481 0.95161 -0.79671 63 45 25
18.398 0.92461 -0.89155 57 42 11
18.426 0.94101 -0.77254 61 45 20
18.413 0.91059 -0.84527 61 45 10
18.457 0.90325 -0.90819 62 43 13
18.393 0.86948 -0.83941 61 44 14
18.412 0.94302 -0.85244 59 43 8
18.404 0.86833 -0.95222 58 41 24
18.316 0.83642 -0.85403 61 44 14
18.425 0.97342 -0.77871 61 45 30
18.442 0.9756 -0.8892 60 41 24
18.447 0.96501 -0.92465 60 41 11
18.427 0.89638 -0.79859 61 45 12
18.397 0.9112 -0.92748 59 40 24
18.366 0.878 -0.88963 56 41 12
18.418 0.90733 -0.95799 58 43 24
18.396 0.88359 -0.80363 61 45 12
18.401 0.93324 -0.97107 60 43 23
18.427 0.96166 -0.81443 59 41 21
18.432 0.99675 -0.82041 59 42 22
18.432 1.0418 -0.7932 64 48 25
18.465 1.062 -0.86675 66 45 24
18.353 1.0067 -0.92463 61 43 23
18.474 1.0254 -0.78034 62 46 10
18.429 0.97775 -0.97336 62 44 24
18.425 1.0015 -0.90234 62 42 7
18.392 0.97592 -0.94408 58 43 22
18.461 1.0282 -0.85839 60 44 21
18.416 1.0232 -0.83068 59 41 17
18.436 0.98561 -0.85595 62 41 24
18.452 1.0939 -0.76358 62 44 20
18.364 1.0323 -0.96527 64 43 22
18.457 1.0713 -0.83188 60 44 19
18.464 1.0371 -0.93727 58 41 21
18.457 1.0835 -0.79711 65 45 34
18.473 1.1544 -0.81028 61 46 27
18.467 1.1645 -0.77546 64 48 22
18.408 1.0946 -0.92769 62 44 6
18.447 1.1897 -0.78856 63 45 25
18.452 1.1229 -0.88394 60 44 19
18.445 1.1324 -0.85024 60 45 16
18.442 1.0985 -0.84351 65 43 6
18.442 1.1273 -0.96784 58 41 21
18.468 1.132 -0.76888 64 47 21
18.416 1.1307 -0.93532 61 43 19
18.429 1.0899 -0.96068 66 46 22
18.452 1.1797 -0.82035 64 45 29
18.457 1.1365 -0.8482 60 45 16
18.447 1.1123 -0.8085 63 48 19
18.551 1.1266 -0.85786 62 46 21
18.428 1.1596 -0.86009 62 44 20
18.405 1.1391 -0.90133 60 44 21
18.438 1.0724 -0.91475 60 40 29
18.434 1.2066 -0.83149 64 47 21
18.507 1.2282 -0.9327 61 44 18
18.399 1.2037 -0.92066 53 36 8
18.437 1.252 -0.80641 63 44 27
18.491 1.279 -0.87361 62 46 21
18.466 1.1812 -0.93415 61 43 21
18.516 1.2753 -0.90405 61 45 20
18.417 1.1766 -0.9073 62 44 20
18.471 1.2516 -0.8342 65 44 15
18.439 1.229 -0.87593 56 39 22
18.454 1.2433 -0.95159 61 45 22
18.502 1.2941 -0.83795 66 42 28
18.517 1.2226 -0.85148 62 45 19
18.45 1.2236 -0.79444 62 45 27
18.405 1.2537 -0.77529 62 44 22
18.49 1.3326 -0.9257 65 44 13
18.443 1.3086 -0.85439 65 44 25
18.436 1.318 -0.82036 66 46 19
18.476 1.3747 -0.78569 66 47 31
18.504 1.3716 -0.81561 67 49 25
18.457 1.3032 -0.77405 66 48 28
18.501 1.2916 -0.95072 63 44 27
18.44 1.3624 -0.90758 65 46 12
18.455 1.3787 -0.86712 63 47 21
18.48 1.3412 -0.89029 65 46 14
18.451 1.2993 -0.88835 67 48 18
18.493 1.3667 -0.9315 66 45 24
18.465 1.3385 -0.7805 64 47 27
18.438 1.2834 -0.9274 64 46 26
18.463 1.2933 -0.80909 68 47 28
18.533 1.3687 -0.84579 66 44 23
18.506 1.4374 -0.8317 66 48 28
18.477 1.4736 -0.80972 70 49 32
18.499 1.4241 -0.86942 65 46 29
18.495 1.4449 -0.91142 64 47 21
18.416 1.402 -0.76842 67 50 30
18.418 1.412 -0.96456 65 48 20
18.464 1.3915 -0.94586 68 48 24
18.493 1.4668 -0.84148 68 48 23
18.454 1.4556 -0.96566 66 46 19
18.525 1.465 -0.75905 68 47 28
18.405 1.4662 -0.78542 71 50 29
18.478 1.4286 -0.95123 65 48 20
18.482 1.4858 -0.88644 65 47 23
18.474 1.4504 -0.8806 68 51 23
18.482 1.4093 -0.79246 67 45 32
18.472 1.395 -0.82987 67 49 25
18.495 1.4118 -0.90397 64 48 12
18.482 1.4423 -0.79964 65 48 28
18.511 1.4825 -0.91558 67 47 20
18.513 1.5492 -0.93252 69 49 22
18.499 1.5237 -0.77793 67 49 27
18.601 1.6135 -0.77648 73 52 33
18.457 1.5353 -0.82788 68 50 28
18.567 1.5949 -0.81629 71 53 29
18.495 1.5335 -0.85695 67 49 27
18.458 1.513 -0.90037 67 47 20
18.492 1.5989 -0.75966 72 51 34
18.501 1.5021 -0.8469 68 47 28
18.513 1.5601 -0.89808 67 50 20
18.465 1.5484 -0.79088 71 53 33
18.489 1.5768 -0.9452 67 50 24
18.498 1.5677 -0.86382 70 49 28
18.438 1.4968 -0.93962 65 48 20
18.565 1.5295 -0.80091 70 54 29
18.51 1.6362 -0.76476 71 53 31
18.523 1.6183 -0.94703 70 50 25
18.481 1.686 -0.81913 71 53 29
18.551 1.6569 -0.8333 70 53 25
18.498 1.6228 -0.80122 72 51 30
18.483 1.5975 -0.87393 72 52 27
18.482 1.5863 -0.91056 70 49 20
18.468 1.6507 -0.92981 69 49 22
18.521 1.7048 -0.77877 77 51 34
18.511 1.6589 -0.80642 74 51 33
18.547 1.6345 -0.90523 70 48 24
18.524 1.6724 -0.76891 71 53 29
18.473 1.6061 -0.84234 70 52 30
18.491 1.6774 -0.85304 72 53 23
18.525 1.6738 -0.8828 70 52 28
18.52 1.6394 -0.87469 71 50 33
18.573 1.7834 -0.89586 71 51 26
18.517 1.7374 -0.78576 75 55 31
18.527 1.7077 -0.89026 71 54 28
18.546 1.768 -0.93801 73 53 28
18.515 1.7265 -0.82175 75 55 30
18.52 1.7292 -0.93621 71 51 27
18.531 1.7964 -0.83441 74 53 32
18.513 1.7597 -0.82957 75 54 33
18.497 1.746 -0.86922 72 53 19
18.509 1.7464 -0.75176 73 52 31
18.532 1.698 -0.9246 70 49 28
18.578 1.7947 -0.85971 71 48 30
18.583 1.7295 -0.8441 72 51 22
18.539 1.7747 -0.79145 74 53 34
18.559 1.7889 -0.7511 73 52 31
18.55 1.7457 -0.89386 72 51 22
18.553 1.8108 -0.79417 75 54 27
18.501 1.8899 -0.74978 80 60 36
18.508 1.8743 -0.93231 80 59 32
18.536 1.8208 -0.8766 74 53 26
18.588 1.8963 -0.8847 77 60 30
18.586 1.8597 -0.76189 74 56 32
18.495 1.8926 -0.86463 80 58 37
18.472 1.8754 -0.78798 81 61 36
18.519 1.8728 -0.81245 79 59 35
18.613 1.867 -0.8698 73 53 29
18.559 1.8146 -0.90476 71 51 26
18.509 1.8266 -0.84561 71 53 31
18.599 1.8546 -0.90765 74 53 26
18.578 1.8482 -0.79847 74 53 34
18.451 1.8516 -0.86329 79 58 37
18.507 1.813 -0.76837 75 54 33
18.523 1.7977 -0.95181 73 52 25
18.23 1.9277 -0.92967 78 57 30
18.227 1.9226 -0.80634 78 60 36
18.261 1.9164 -0.83835 76 59 33
18.401 1.8998 -0.8064 79 59 34
18.154 1.9508 -0.82692 78 57 36
18.398 1.9034 -0.92623 82 57 35
18.307 1.9119 -0.86814 78 58 33
18.441 1.895 -0.83858 80 58 34
18.174 1.9315 -0.90012 78 56 33
18.328 1.8998 -0.78302 78 58 31
18.267 1.9217 -0.96103 78 58 31
18.339 1.9206 -0.98717 77 61 28
18.146 1.9391 -0.86517 77 57 32
18.457 1.9014 -0.95137 77 57 33
18.339 1.9056 -0.90113 81 57 31
18.044 1.9654 -0.89168 77 57 33
18.151 1.9449 -0.99224 73 56 28
18.092 1.96 -0.92149 79 59 34
18.149 1.9556 -0.95269 74 53 34
18.089 1.9815 -0.84538 77 56 35
18.401 0.92761 -1.0904 55 43 19
18.416 0.84076 -1.1436 54 41 22
18.394 0.87136 -1.0355 57 42 19
18.489 0.93133 -1.0582 60 43 26
18.397 0.91893 -1.0077 59 42 12
18.407 0.90407 -1.162 56 39 11
18.407 0.8506 -1.1061 55 44 24
18.414 0.87959 -1.0319 57 42 19
18.448 0.92668 -1.0338 61 42 26
18.431 0.87379 -1.0653 60 45 26
18.412 0.84552 -1.0251 57 40 23
18.439 0.90337 -0.98921 60 43 26
18.454 0.90396 -1.1025 58 44 15
18.426 0.89974 -1.1909 57 42 13
18.408 0.85696 -0.98871 60 41 24
18.402 0.82133 -1.1838 56 39 13
18.41 0.85858 -1.1904 58 41 15
18.461 0.93974 -1.1108 57 42 23
18.45 0.88923 -1.1411 57 40 23
18.441 1.0108 -1.0969 59 48 20
18.435 1.0419 -1.1052 59 43 28
18.472 1.0434 -1.1348 57 40 22
18.412 0.9867 -1.1398 59 44 21
18.486 1.0362 -1.1665 55 42 10
18.57 1.0657 -0.95015 58 39 22
18.425 0.99643 -1.0191 62 44 34
18.462 0.99876 -1.0453 60 42 22
18.463 0.97334 -1.1195 60 45 22
18.526 1.0117 -1.0667 61 42 25
18.432 1.0199 -1.0617 63 45 25
18.419 0.94846 -1.0472 59 42 22
18.466 1.0461 -1.0153 63 47 22
18.464 1.0574 -0.98086 61 45 22
18.39 0.93124 -1.1741 54 41 23
18.514 1.0142 -1.1502 58 41 15
18.492 0.9903 -0.99461 60 43 23
18.472 1.0766 -1.1419 62 40 25
18.453 1.1646 -0.97287 62 44 20
18.438 1.1313 -1.168 62 43 11
18.481 1.1295 -0.99379 62 44 22
18.391 1.059 -1.1261 61 44 26
18.446 1.092 -1.0755 62 47 28
18.514 1.1294 -1.0215 59 43 20
18.518 1.1718 -1.1113 61 44 24
18.468 1.1084 -1.1522 62 41 24
18.452 1.1151 -1.119 58 42 19
18.49 1.0752 -1.0563 61 43 21
18.471 1.134 -1.0785 59 46 27
18.459 1.0761 -1.0269 58 42 25
18.523 1.1772 -0.99336 64 46 22
18.435 1.0797 -0.99552 62 43 26
18.454 1.0575 -1.1826 59 43 10
18.472 1.1468 -1.0405 63 48 19
18.434 1.2247 -0.99249 58 42 6
18.452 1.1855 -1.0165 66 45 24
18.473 1.2469 -1.065 58 41 21
18.379 1.2037 -1.1251 64 44 20
18.47 1.1793 -1.049 61 43 23
18.521 1.2418 -1.0093 66 46 21
18.491 1.2196 -1.0529 62 43 26
18.487 1.206 -1.0907 59 43 18
18.474 1.2231 -1.1392 61 44 26
18.538 1.2775 -1.1301 53 35 15
18.346 1.1236 -1.117 63 46 29
18.465 1.1739 -1.1712 59 43 20
18.434 1.2583 -1.0004 61 44 14
18.523 1.275 -1.0187 61 42 28
18.44 1.1995 -1.1856 60 42 20
18.443 1.1789 -1.1384 61 44 24
18.553 1.2849 -1.0108 61 42 28
18.457 1.199 -0.97926 62 44 20
18.439 1.3271 -1.0167 65 45 21
18.466 1.345 -1.0924 63 46 28
18.488 1.3401 -1.1241 67 47 20
18.508 1.3031 -1.029 64 47 27
18.426 1.265 -1.086 64 46 26
18.407 1.3053 -1.0612 62 43 27
18.452 1.3072 -1.0867 65 48 18
18.5 1.357 -0.96645 66 45 24
18.516 1.2821 -1.1008 57 38 24
18.463 1.3127 -0.9674 65 45 18
18.446 1.2955 -1.0066 65 44 27
18.538 1.3896 -1.0027 66 45 28
18.451 1.3168 -1.1712 62 45 27
18.481 1.3041 -1.1181 62 46 23
18.482 1.3618 -1.0511 65 44 27
18.347 1.2499 -1.1915 64 44 20
18.467 1.3908 -1.0637 66 47 13
18.442 1.4408 -1.0041 68 47 28
18.427 1.391 -1.0365 66 48 12
18.533 1.4649 -1.1009 67 49 29
18.41 1.3639 -0.99474 68 47 28
18.467 1.3553 -1.1772 65 46 14
18.49 1.386 -1.0943 65 46 30
18.545 1.4576 -1.0174 68 47 26
18.448 1.4534 -1.0859 69 48 27
18.514 1.4483 -1.1427 64 48 25
18.535 1.4093 -1.1642 62 46 11
18.455 1.3978 -1.1499 66 46 22
18.527 1.4412 -1.0582 67 46 25
18.47 1.4141 -1.1075 64 47 27
18.489 1.3737 -1.1332 62 47 24
18.479 1.4175 -0.98714 63 46 20
18.477 1.5062 -1.1702 63 47 21
18.517 1.5614 -1.0118 69 48 21
18.487 1.498 -0.96604 65 48 22
18.508 1.5257 -1.1239 66 48 28
18.539 1.5781 -1.0876 72 49 31
18.427 1.5052 -1.0239 67 49 25
18.472 1.5279 -0.97681 69 47 23
18.468 1.5381 -1.0607 70 47 29
18.566 1.5293 -1.0282 70 49 30
18.492 1.5666 -0.98076 66 48 26
18.538 1.5445 -1.0794 70 47 29
18.541 1.5564 -1.1604 70 47 29
18.469 1.4931 -1.0886 68 47 26
18.475 1.5514 -1.1418 69 48 29
18.439 1.4736 -1.1338 64 46 26
18.526 1.497 -0.99349 69 47 23
18.451 1.4658 -1.0475 65 46 29
18.539 1.4885 -1.1452 68 46 23
18.51 1.4809 -1.1535 68 46 23
18.548 1.6816 -1.1103 69 51 29
18.507 1.6484 -0.95759 70 48 24
18.472 1.6198 -1.1592 69 51 31
18.528 1.6312 -1.0258 68 50 28
18.552 1.6914 -0.95654 71 51 24
18.582 1.6779 -1.1385 70 48 33
18.515 1.6053 -0.9852 65 49 24
18.537 1.644 -0.98772 68 52 27
18.571 1.6848 -0.98755 70 53 25
18.46 1.6047 -1.0793 70 50 25
18.457 1.5811 -1.0336 70 49 28
18.454 1.6492 -1.0519 69 48 29
18.539 1.601 -1.1321 67 49 27
18.544 1.5904 -1.0495 65 49 26
18.499 1.6368 -1.1144 70 52 30
18.594 1.6684 -1.0544 72 50 27
18.538 1.6117 -1.0961 68 50 30
18.539 1.7796 -1.0203 73 51 28
18.547 1.7366 -1.0457 70 52 32
18.495 1.7138 -0.97582 71 50 29
18.517 1.6983 -1.1657 67 49 25
18.544 1.7127 -1.003 72 50 29
18.527 1.7879 -0.98653 71 51 27
18.525 1.6983 -1.0429 69 51 29
18.519 1.6861 -1.0825 73 52 33
18.599 1.7363 -1.0695 70 49 32
18.525 1.743 -1.0152 72 52 28
18.536 1.7131 -1.1229 71 50 31
18.589 1.7576 -1.1163 71 52 22
18.553 1.7717 -1.0528 67 51 28
18.509 1.7529 -1.1013 70 52 32
18.567 1.7616 -0.96831 72 52 27
18.581 1.8992 -0.99727 78 58 34
18.489 1.8749 -1.0569 80 60 36
18.581 1.8584 -1.1446 70 48 33
18.59 1.8431 -0.94429 73 53 26
18.576 1.8305 -0.98301 72 52 27
18.451 1.8586 -1.1028 73 52 33
18.626 1.8083 -1.0801 72 50 29
18.509 1.7768 -1.1466 72 52 28
18.475 1.8587 -0.97624 73 52 31
18.53 1.8152 -1.1506 70 49 30
18.598 1.8713 -1.1027 73 53 29
18.6 1.8579 -1.022 73 51 27
18.564 1.8418 -1.0672 69 51 31
18.576 1.8644 -0.99115 72 51 30
18.529 1.8255 -1.1141 70 52 28
18.576 1.8202 -1.0192 74 51 33
18.525 1.8008 -1.0685 73 52 33
18.359 1.9173 -1.1442 78 58 31
18.6 1.9057 -1.1116 78 61 31
18.38 1.9462 -1.1866 75 57 35
18.473 1.8974 -1.1055 79 59 35
18.238 1.9447 -1.0138 76 56 32
18.402 1.9185 -1.0103 79 58 29
18.323 1.9445 -1.036 77 57 33
18.315 1.9329 -1.0761 76 55 34
18.396 1.9328 -1.0976 77 56 35
18.425 1.9113 -1.0427 78 58 31
18.481 1.9236 -1.15 77 57 33
18.273 1.9433 -1.1752 77 56 35
18.508 1.8983 -0.97833 78 57 30
18.535 1.886 -1.1642 76 56 32
18.511 1.9132 -1.0587 76 58 34
18.161 1.9625 -1.079 77 57 33
18.123 1.9468 -1.1298 77 56 35
18.134 1.9651 -1.2189 76 55 34
18.149 1.9779 -1.1734 77 56 35
18.303 1.9577 -1.1285 77 56 35
18.059 1.9618 -1.0605 76 55 34
18.442 0.80544 -1.3703 56 43 25
18.38 0.79802 -1.228 59 42 14
18.394 0.90655 -1.2485 57 42 13
18.447 0.91483 -1.274 55 39 24
18.448 0.90293 -1.3074 59 42 16
18.487 0.87891 -1.2053 55 38 21
18.472 0.8861 -1.3791 58 39 25
18.434 0.84923 -1.344 58 43 14
18.448 0.86898 -1.3003 61 41 30
18.432 0.81462 -1.3344 57 41 16
18.363 0.8589 -1.2512 56 41 12
18.484 0.89713 -1.2535 57 41 15
18.468 0.89764 -1.3409 56 39 22
18.48 0.86222 -1.2458 56 40 17
18.411 0.82581 -1.3894 59 43 28
18.414 0.81968 -1.3041 59 41 19
18.472 0.99243 -1.2831 60 45 16
18.44 0.98733 -1.3782 58 40 16
18.437 0.93148 -1.3228 59 44 25
18.426 0.91323 -1.367 55 42 23
18.506 1.0266 -1.319 58 43 12
18.483 1.022 -1.2056 59 43 10
18.392 0.99464 -1.3157 56 38 24
18.453 0.96433 -1.2415 57 42 9
18.428 0.96235 -1.331 59 42 16
18.419 0.96316 -1.2162 59 43 10
18.394 0.92721 -1.2967 61 44 16
18.486 0.97205 -1.3546 58 42 25
18.484 0.9585 -1.3924 59 42 25
18.432 0.9348 -1.2028 56 39 11
18.467 1.0031 -1.2469 58 38 11
18.391 0.88592 -1.4134 53 40 21
18.435 1.0379 -1.2246 58 44 8
18.5 1.058 -1.3273 58 41 24
18.399 1.0709 -1.2056 58 40 18
18.42 1.0183 -1.2702 58 42 6
18.461 1.0298 -1.3805 59 38 19
18.481 1.1339 -1.1946 59 45 8
18.484 1.0894 -1.2221 58 42 9
18.465 1.0908 -1.3119 58 39 25
18.491 1.0793 -1.2583 62 43 9
18.373 1.0695 -1.302 60 46 10
18.451 1.1194 -1.3252 60 43 25
18.488 1.1078 -1.389 57 42 21
18.448 1.0713 -1.3563 61 42 25
18.383 1.0342 -1.4152 61 44 16
18.43 1.1033 -1.2452 59 40 26
18.456 1.1087 -1.3614 60 40 13
18.479 1.062 -1.2993 61 44 27
18.452 1.1915 -1.2181 59 41 19
18.523 1.2125 -1.3193 60 41 25
18.471 1.2434 -1.1856 61 45 22
18.455 1.1424 -1.3712 61 43 21
18.475 1.2177 -1.3833 56 44 20
18.455 1.1339 -1.2839 57 40 20
18.477 1.163 -1.3244 61 42 25
18.493 1.19 -1.3673 64 45 11
18.432 1.1377 -1.2542 60 39 18
18.478 1.1878 -1.2503 60 43 0
18.449 1.1994 -1.3051 61 45 20
18.419 1.2112 -1.362 59 41 19
18.473 1.2324 -1.2209 61 45 19
18.464 1.1613 -1.2081 61 45 9
18.454 1.1294 -1.4113 60 43 26
18.506 1.2306 -1.252 59 44 5
18.463 1.1703 -1.2919 60 42 22
18.484 1.3032 -1.2361 62 45 17
18.455 1.3405 -1.2147 64 45 15
18.506 1.3423 -1.3611 66 46 21
18.523 1.2936 -1.1828 63 43 16
18.516 1.2773 -1.3406 60 44 21
18.352 1.2016 -1.3444 63 44 30
18.511 1.3338 -1.273 62 45 17
18.434 1.2412 -1.2798 60 42 18
18.341 1.2688 -1.3663 62 43 27
18.512 1.3236 -1.1933 60 43 25
18.457 1.2826 -1.2826 61 45 9
18.464 1.2481 -1.3974 58 42 19
18.448 1.2898 -1.3725 64 42 29
18.609 1.3191 -1.2734 54 30 16
18.449 1.278 -1.4105 56 37 21
18.529 1.3506 -1.2324 61 44 18
18.56 1.294 -1.2067 51 33 9
18.487 1.4178 -1.2241 64 41 25
18.521 1.4381 -1.2996 64 45 29
18.482 1.4155 -1.3494 63 47 24
18.482 1.3691 -1.3791 61 45 22
18.548 1.3669 -1.3092 61 44 18
18.524 1.4168 -1.2506 62 46 13
18.44 1.3687 -1.3546 62 45 25
18.489 1.3949 -1.3 65 50 21
18.472 1.4251 -1.192 64 45 13
18.579 1.4313 -1.3568 65 49 14
18.546 1.4681 -1.2157 63 45 21
18.493 1.4417 -1.2704 64 45 13
18.507 1.3779 -1.2473 64 43 26
18.529 1.3727 -1.2786 61 44 18
18.534 1.3972 -1.2031 59 42 14
18.548 1.5472 -1.1949 67 45 22
18.551 1.5366 -1.2327 66 46 22
18.551 1.5029 -1.3453 64 45 28
18.516 1.5396 -1.3271 65 47 23
18.535 1.4874 -1.2655 65 46 12
18.494 1.5109 -1.287 64 49 8
18.507 1.5025 -1.3225 65 47 23
18.498 1.4889 -1.2402 65 44 27
18.472 1.4936 -1.2103 63 45 21
18.522 1.4729 -1.1851 64 45 11
18.457 1.4314 -1.4067 65 44 25
18.561 1.5616 -1.2772 64 47 21
18.527 1.5308 -1.3633 65 48 22
18.518 1.4712 -1.3088 66 47 31
18.507 1.4566 -1.3517 65 47 27
18.561 1.6288 -1.1731 68 50 4
18.492 1.5917 -1.3935 67 48 31
18.513 1.6412 -1.2335 69 48 19
18.546 1.6499 -1.346 71 48 32
18.564 1.6076 -1.2452 65 47 25
18.515 1.6545 -1.3155 69 48 27
18.502 1.5811 -1.1796 65 48 20
18.503 1.5821 -1.3026 64 45 28
18.573 1.6328 -1.2888 68 49 33
18.554 1.6173 -1.3349 66 49 23
18.478 1.5639 -1.2257 65 48 18
18.53 1.6561 -1.1895 69 47 26
18.526 1.6334 -1.2647 66 47 15
18.508 1.572 -1.3401 67 46 29
18.508 1.5599 -1.2544 66 46 21
18.592 1.6494 -1.3675 67 49 27
18.554 1.5718 -1.3628 66 48 26
18.528 1.6104 -1.2179 68 47 18
18.573 1.6313 -1.17 68 50 4
18.539 1.7049 -1.2806 69 49 24
18.584 1.7461 -1.1543 68 50 30
18.557 1.7216 -1.3612 69 48 27
18.575 1.7706 -1.3255 70 49 30
18.603 1.7732 -1.1948 70 48 24
18.562 1.7549 -1.2439 71 49 25
18.57 1.6986 -1.1875 69 47 26
18.584 1.7035 -1.3036 69 50 20
18.543 1.7297 -1.3268 67 49 27
18.559 1.6746 -1.2654 67 47 20
18.541 1.727 -1.2047 66 48 28
18.564 1.6866 -1.2254 68 46 23
18.52 1.7681 -1.1813 72 50 35
18.575 1.7465 -1.2799 72 52 18
18.585 1.7619 -1.3597 71 50 31
18.521 1.712 -1.2492 66 47 30
18.537 1.6829 -1.3575 69 49 25
18.584 1.8142 -1.1727 70 51 21
18.553 1.7982 -1.219 68 46 31
18.608 1.8459 -1.3318 70 49 28
18.636 1.8708 -1.249 68 48 24
18.526 1.7827 -1.2655 71 50 21
18.61 1.8768 -1.2204 72 52 28
18.542 1.8415 -1.1935 71 49 26
18.571 1.8046 -1.3358 71 50 29
18.557 1.7915 -1.3792 70 48 24
18.586 1.8282 -1.2544 70 49 22
18.567 1.8145 -1.2987 70 48 24
18.585 1.8522 -1.3034 71 49 34
18.541 1.7748 -1.2987 67 50 22
18.622 1.8446 -1.2072 67 50 24
18.552 1.8781 -1.1977 71 52 18
18.454 1.9297 -1.4097 76 56 31
18.524 1.9193 -1.1768 75 58 30
18.574 1.9204 -1.3269 76 56 32
18.514 1.8762 -1.3343 69 52 26
18.327 1.9448 -1.3302 76 56 29
18.434 1.911 -1.3304 78 58 23
18.413 1.9398 -1.2191 77 56 35
18.526 1.9092 -1.2153 77 57 32
18.411 1.9293 -1.2555 74 54 30
18.309 1.9046 -1.3266 75 55 31
18.32 1.9329 -1.3744 76 56 32
18.602 1.9144 -1.3536 74 56 36
18.406 1.9334 -1.3895 74 57 31
18.606 1.9107 -1.2293 76 55 28
18.561 1.8938 -1.2798 72 52 28
18.603 1.8798 -1.3428 71 50 21
18.345 1.9682 -1.2461 77 55 31
18.252 1.9462 -1.3113 74 54 27
18.259 1.9638 -1.4016 72 54 30
18.267 1.9753 -1.3607 75 54 27
18.413 0.79914 -1.4665 3 3 1
18.422 0.87191 -1.4822 9 11 0
18.404 0.87737 -1.4501 7 9 0
18.444 0.82636 -1.419 42 27 8
18.448 0.86196 -1.4273 45 30 0
18.452 0.85074 -1.4613 4 11 4
18.441 0.92701 -1.4475 14 10 1
18.376 0.94841 -1.4392 56 38 18
18.481 0.97811 -1.4395 5 8 0
18.518 1.0258 -1.4396 2 5 0
18.474 0.92832 -1.4717 11 4 0
18.524 1.1086 -1.4155 41 28 10
18.526 1.063 -1.4446 6 7 0
18.524 1.0413 -1.3978 55 37 15
18.481 1.0582 -1.4235 45 28 2
18.406 1.1816 -1.447 58 41 23
18.472 1.1578 -1.4507 8 12 0
18.473 1.1359 -1.4052 60 43 26
18.527 1.1891 -1.3965 60 43 26
18.396 1.0955 -1.4709 11 7 0
18.446 1.183 -1.4706 9 9 0
18.497 1.3273 -1.404 62 46 29
18.446 1.2645 -1.452 51 35 2
18.502 1.2363 -1.4598 4 2 5
18.49 1.2444 -1.4259 59 43 10
18.51 1.3202 -1.4342 52 36 13
18.522 1.392 -1.4506 16 12 0
18.48 1.4259 -1.4383 62 45 19
18.521 1.4028 -1.4151 61 45 19
18.5 1.3504 -1.452 46 30 0
18.537 1.4302 -1.4564 14 4 0
18.472 1.3543 -1.421 60 45 24
18.512 1.5042 -1.4447 51 29 14
18.531 1.486 -1.3916 66 43 25
18.505 1.5373 -1.4559 50 33 13
18.519 1.4713 -1.434 60 44 18
18.502 1.5131 -1.41 67 49 27
18.588 1.569 -1.3899 65 44 25
18.55 1.6288 -1.4222 64 46 24
18.502 1.5828 -1.4293 63 47 21
18.536 1.5797 -1.4558 14 9 5
18.535 1.6713 -1.3979 65 47 27
18.539 1.7315 -1.4534 48 26 11
18.596 1.7083 -1.4226 61 45 12
18.625 1.7249 -1.3745 65 46 29
18.481 1.6487 -1.4544 65 44 17
18.542 1.7428 -1.4146 66 48 26
18.609 1.8355 -1.3706 68 51 21
18.579 1.8199 -1.4198 66 49 23
18.617 1.8716 -1.378 70 49 28
18.622 1.7928 -1.3951 68 49 33
18.594 1.8577 -1.4221 68 47 28
18.619 1.782 -1.4331 55 35 10
18.32 1.8998 -1.5043 75 54 33
18.491 1.8772 -1.4683 63 45 21
18.513 1.8911 -1.4212 69 51 27
18.904 1.5105 -1.6362 35 11 7
18.803 1.4712 -1.5938 21 8 0
18.963 1.5192 -1.633 37 16 0
18.687 1.4721 -1.646 22 12 0
19.298 1.4355 -1.6794 36 17 1
19.311 1.4502 -1.6398 39 18 0
19.199 1.4396 -1.7072 37 19 0
19.175 1.4899 -1.7377 45 17 4
19.187 1.4738 -1.6942 36 19 1
19.29 1.4995 -1.6657 32 20 0
19.266 1.5298 -1.6532 41 17 5
19.292 1.5561 -1.6838 42 18 16
19.239 1.5503 -1.6749 43 20 4
19.275 1.5889 -1.669 42 13 15
19.108 1.5796 -1.6162 33 19 6
19.115 1.5712 -1.6503 41 17 7
19.12 1.5624 -1.6824 34 21 3
19.217 1.5612 -1.7364 43 21 0
19.036 1.5891 -1.664 39 20 4
18.939 1.5535 -1.7386 39 17 2
19.232 2.1276 -1.6721 38 24 11
19.368 2.1556 -1.674 39 21 0
19.299 2.1945 -1.6598 41 23 0
19.232 2.158 -1.6875 38 24 11
19.413 2.1968 -1.625 42 17 12
19.444 2.4103 -1.6387 44 24 0
19.358 2.7157 -1.6286 50 32 18
19.4 2.7418 -1.6205 44 29 8
19.476 2.7566 -1.6128 52 30 19
19.269 3.1416 -1.6413 51 31 22
19.21 3.1624 -1.6355 62 40 17
19.218 3.1214 -1.6608 55 37 15
19.454 3.0469 -1.6352 40 26 15
19.542 3.1503 -1.5861 51 31 24
19.733 3.1505 -1.5024 52 35 17
19.593 3.2246 -1.5878 59 38 19
19.379 3.3456 -1.5815 66 48 24
19.265 3.4272 -1.5743 57 41 6
19.426 3.3247 -1.588 65 44 25
19.505 3.3541 -1.5936 51 35 9
19.328 3.3955 -1.6122 62 40 19
19.449 3.3836 -1.5606 58 39 23
19.153 3.5024 -1.6373 56 37 7
19.456 3.4082 -1.5975 54 30 20
19.438 3.4109 -1.6419 49 31 19
19.659 3.4724 -1.5569 49 24 17
19.509 1.5085 -1.668 39 19 18
19.48 1.5084 -1.6505 31 15 0
19.482 1.5089 -1.6497 31 15 0
19.307 1.4279 -1.7111 30 14 0
19.389 1.4853 -1.672 36 19 1
19.675 1.5443 -1.5629 35 23 7
19.363 1.4389 -1.7093 27 15 0
19.336 1.411 -1.6857 40 16 4
19.516 1.6087 -1.6233 41 21 0
19.304 1.465 -1.6882 30 12 0
19.326 1.4905 -1.7175 40 22 0
19.435 1.5555 -1.6609 37 15 0
19.226 1.4672 -1.7359 42 20 7
19.332 1.5309 -1.6875 43 19 5
19.351 1.4993 -1.7022 40 22 0
19.488 1.5376 -1.6538 30 13 3
19.21 1.4625 -1.7424 38 22 5
19.835 1.983 -1.5682 31 25 13
19.704 2.0095 -1.6569 33 20 11
19.655 1.974 -1.6838 34 16 12
19.595 2.1283 -1.6381 46 24 0
19.706 2.1342 -1.6039 37 22 1
19.57 2.1536 -1.6551 48 23 0
19.428 2.2188 -1.664 35 23 7
19.653 2.2621 -1.6739 41 21 20
19.613 2.2389 -1.6607 37 22 0
19.504 2.1967 -1.6101 38 22 0
19.544 2.2411 -1.6706 54 25 4
19.564 2.2499 -1.6254 49 23 0
19.486 2.2162 -1.6597 49 25 0
19.674 2.2364 -1.6548 42 22 11
19.689 2.2307 -1.6755 42 21 18
19.345 2.1826 -1.6998 38 22 0
19.677 2.3309 -1.6155 51 23 10
19.933 2.3523 -1.5273 40 22 8
19.746 2.32 -1.6388 42 24 10
19.735 2.3527 -1.6211 45 21 19
19.653 2.3365 -1.6046 51 25 8
19.595 2.4189 -1.6558 39 21 0
19.623 2.3909 -1.6326 38 20 0
19.512 2.375 -1.6234 41 23 0
19.717 2.3855 -1.6078 33 24 9
19.558 2.4038 -1.6087 36 19 9
19.75 2.3989 -1.5261 42 24 0
19.783 2.3732 -1.5015 30 22 0
19.588 2.4187 -1.6614 39 21 0
19.635 2.3634 -1.6196 38 24 0
19.469 2.3451 -1.6393 39 21 0
19.474 2.3526 -1.7464 34 22 10
19.792 2.374 -1.6203 42 20 9
19.799 2.4963 -1.561 37 22 1
19.768 2.4974 -1.5796 37 22 1
19.624 2.5089 -1.6355 44 22 1
19.684 2.473 -1.6223 41 25 2
19.976 2.4791 -1.5083 43 24 10
19.796 2.4905 -1.5921 41 22 16
19.626 2.4469 -1.6436 40 22 0
19.69 2.4791 -1.5897 38 24 0
19.785 2.5702 -1.6235 42 24 14
19.694 2.5215 -1.6587 41 22 16
19.624 2.5152 -1.6044 44 22 7
19.782 2.5292 -1.5486 41 23 1
19.784 2.5232 -1.5788 39 27 11
19.648 2.5641 -1.6321 44 26 6
19.624 2.5714 -1.6212 47 26 0
19.558 2.6462 -1.6105 48 33 4
19.812 2.6587 -1.5712 45 30 9
19.643 2.6547 -1.6329 43 25 11
19.595 2.6656 -1.627 47 25 10
19.903 2.5875 -1.5578 44 25 21
19.76 2.7132 -1.6511 44 24 13
19.724 2.6958 -1.632 37 27 17
19.644 2.6828 -1.6407 45 27 3
19.526 2.7439 -1.6248 51 28 12
19.778 2.7434 -1.6166 41 27 18
19.783 2.7211 -1.5774 41 26 5
19.76 2.7188 -1.6229 45 25 14
19.734 2.7773 -1.649 45 27 15
19.705 2.81 -1.6745 46 28 16
19.672 2.7642 -1.6491 43 25 5
19.764 2.8275 -1.6482 45 27 7
19.731 2.8669 -1.6492 43 27 14
19.714 2.875 -1.625 48 27 8
19.855 2.8376 -1.5977 42 26 13
19.826 2.8431 -1.6159 42 26 13
19.778 2.954 -1.5464 45 27 5
19.592 3.0083 -1.5945 43 27 2
19.785 2.9751 -1.5834 48 27 6
19.614 2.974 -1.5753 43 25 13
19.706 2.9379 -1.6091 45 24 3
19.748 2.9563 -1.5955 48 27 6
19.626 2.9954 -1.61 46 31 10
19.805 3.0249 -1.5893 42 24 4
19.775 3.028 -1.6316 44 30 21
19.546 3.0445 -1.6645 52 26 9
19.85 2.9814 -1.5817 45 27 15
19.582 3.0995 -1.6213 45 28 11
19.844 2.9781 -1.6106 45 27 15
19.623 3.0589 -1.5922 49 29 5
19.927 2.9956 -1.4789 41 30 2
19.755 3.015 -1.5779 51 27 1
19.751 3.0672 -1.6236 43 23 12
19.815 2.9948 -1.5716 46 26 2
19.617 3.0315 -1.5912 46 28 14
19.845 2.9779 -1.6105 45 27 15
19.678 3.04 -1.5948 49 27 6
19.831 3.0084 -1.6255 47 29 17
19.66 3.0732 -1.6061 40 28 6
19.561 3.1957 -1.6599 72 53 19
19.872 3.0819 -1.5937 48 28 21
19.771 3.1261 -1.5716 50 31 1
19.806 3.0558 -1.5611 46 26 19
19.641 3.1458 -1.5734 55 34 5
19.85 3.0971 -1.5505 53 31 18
19.618 3.2115 -1.6023 52 31 10
19.811 3.1363 -1.5815 51 31 20
19.869 3.1679 -1.5939 53 32 15
19.794 3.1697 -1.6004 52 26 12
19.703 3.2124 -1.5619 64 47 17
19.818 3.1892 -1.5938 52 32 21
19.854 3.1999 -1.6075 49 32 15
19.677 3.2259 -1.5512 52 32 7
19.658 3.1697 -1.5745 52 30 19
19.753 3.2237 -1.5447 67 45 21
19.85 3.2048 -1.577 53 33 26
19.583 3.2874 -1.6085 49 31 7
19.796 3.2285 -1.5858 52 31 14
19.854 3.3159 -1.5791 47 29 19
19.826 3.331 -1.5662 51 29 16
19.671 3.3731 -1.5924 44 26 4
19.868 3.3072 -1.6008 48 28 19
19.792 3.373 -1.5949 50 29 8
19.708 3.3538 -1.597 50 28 5
19.572 3.4164 -1.6165 46 27 11
19.774 3.3202 -1.6179 46 30 13
19.914 3.262 -1.5665 47 29 7
19.805 3.3709 -1.5584 46 26 0
19.701 3.4799 -1.5724 42 25 0
19.686 3.4573 -1.5724 45 22 16
19.718 3.4717 -1.5613 42 25 0
19.787 3.4066 -1.5748 47 26 9
19.663 3.4936 -1.6262 44 26 4
19.759 3.4467 -1.5958 51 26 3
19.792 3.408 -1.5458 48 24 0
19.655 3.5043 -1.5714 46 29 0
19.644 3.4462 -1.5885 51 31 7
19.834 3.4658 -1.5975 47 28 11
19.907 3.4642 -1.5054 51 30 3
19.64 3.5378 -1.6179 48 26 11
19.861 3.456 -1.5521 50 22 11
19.888 3.4646 -1.5993 46 27 13
19.762 3.5326 -1.6244 45 23 10
19.707 3.5325 -1.6169 52 25 8
19.768 3.4744 -1.5707 51 27 1
19.74 3.485 -1.6202 50 26 12
19.885 3.439 -1.5971 46 22 18
19.771 3.4733 -1.5694 51 27 1
19.866 3.8516 -1.5989 36 18 6
19.906 3.8527 -1.577 44 20 16
19.917 3.9035 -1.5583 39 17 17
19.886 3.9545 -1.5861 42 17 20
19.876 3.904 -1.5793 31 16 11
19.832 1.9534 -1.6806 33 18 13
19.85 1.9793 -1.5827 34 25 18
19.912 1.9935 -1.6371 28 14 1
19.782 2.0003 -1.7011 36 19 2
19.777 2.0494 -1.7229 37 21 6
19.922 2.0191 -1.6366 37 19 0
19.719 1.978 -1.678 35 17 15
19.756 2.1195 -1.6587 42 18 16
19.907 2.1254 -1.6218 36 22 13
19.919 2.0965 -1.6345 36 16 15
19.898 2.1424 -1.6587 36 20 3
19.893 2.1168 -1.6588 38 19 3
19.79 2.1563 -1.6151 41 22 16
19.883 2.1641 -1.6824 31 25 0
19.807 2.1699 -1.6691 38 21 1
19.833 2.1974 -1.6626 39 22 2
19.917 2.1987 -1.6412 39 22 14
19.927 2.1936 -1.658 34 22 0
19.81 2.1444 -1.6637 35 18 11
19.872 2.1454 -1.6508 37 22 1
19.929 2.2179 -1.6649 37 25 1
19.724 2.2598 -1.6614 40 22 8
19.869 2.2815 -1.6369 37 20 13
19.855 2.2248 -1.6534 37 20 10
19.79 2.2319 -1.6424 35 19 6
19.711 2.2182 -1.727 41 21 14
19.921 2.2788 -1.6279 40 24 11
19.926 2.2239 -1.6411 36 19 12
19.934 2.2491 -1.6398 40 21 4
19.902 2.2528 -1.6353 37 20 12
19.783 2.2571 -1.6542 37 20 12
19.759 2.3337 -1.6994 41 18 12
19.775 2.2824 -1.6679 36 18 16
19.724 2.286 -1.6717 36 16 7
19.884 2.3075 -1.6329 34 22 0
19.874 2.3004 -1.67 35 22 14
19.811 2.3423 -1.6306 41 22 8
19.806 2.3103 -1.6521 37 25 13
19.784 2.3152 -1.6433 41 23 11
19.971 2.4265 -1.6416 35 23 1
19.98 2.4321 -1.6124 39 22 15
19.83 2.3684 -1.6272 39 21 9
19.743 2.3598 -1.7166 41 21 12
19.86 2.4767 -1.6098 43 18 14
19.834 2.4454 -1.6488 38 24 15
19.856 2.4708 -1.6452 38 14 10
19.854 2.5025 -1.6227 37 19 7
19.842 2.5089 -1.5999 42 16 17
19.887 2.4389 -1.6424 36 21 0
19.877 2.5584 -1.5942 43 22 17
19.968 2.5663 -1.5966 44 25 8
19.883 2.5523 -1.6182 38 28 16
19.94 2.5738 -1.5883 46 29 12
19.796 2.5312 -1.6672 36 22 9
19.761 2.539 -1.6604 42 22 15
19.821 2.5883 -1.6372 45 24 7
19.998 2.5885 -1.5839 44 22 11
19.909 2.616 -1.6816 45 23 10
19.877 2.6561 -1.6508 45 21 17
19.911 2.6267 -1.6209 43 23 14
20.012 2.6309 -1.6179 44 27 1
19.928 2.6053 -1.5809 45 27 7
19.853 2.6531 -1.6979 48 25 9
19.965 2.6162 -1.6146 46 26 19
19.968 2.5856 -1.6333 46 22 10
19.995 2.594 -1.5625 43 24 7
19.845 2.7179 -1.6627 45 27 7
19.971 2.7207 -1.6141 46 28 8
20.023 2.7082 -1.605 44 22 9
19.959 2.6721 -1.6082 44 24 17
19.986 2.6637 -1.617 46 23 17
19.973 2.6903 -1.6324 46 26 15
19.934 2.7005 -1.6318 49 25 11
19.89 2.7948 -1.6237 38 25 7
19.948 2.7544 -1.6097 45 26 9
19.828 2.8109 -1.6373 43 27 12
19.849 2.7541 -1.6049 46 29 12
19.987 2.7935 -1.6259 47 24 6
19.847 2.781 -1.6136 48 32 6
19.77 2.7884 -1.6963 39 22 15
19.97 2.776 -1.6004 36 23 4
19.901 2.7413 -1.6051 45 25 0
19.89 2.7377 -1.6403 43 23 16
19.814 2.8134 -1.6456 43 27 12
20.098 2.8209 -1.5616 47 23 9
19.859 2.8318 -1.6234 43 23 14
19.964 2.8532 -1.6242 48 30 10
19.87 2.8248 -1.6432 43 27 10
19.951 2.8048 -1.6194 51 25 10
19.995 2.8172 -1.6278 43 24 7
20.025 2.8112 -1.6065 43 24 7
19.974 2.8559 -1.5942 47 26 5
19.919 2.8367 -1.6471 48 25 17
19.959 2.9103 -1.6184 47 27 16
20.024 2.8701 -1.5677 46 27 13
19.93 2.9519 -1.5858 47 31 5
20.002 2.8956 -1.6164 43 22 1
20.041 2.9113 -1.5967 48 26 15
19.859 2.9384 -1.6537 41 28 10
19.995 2.9269 -1.6005 51 28 10
19.92 2.9283 -1.5847 48 27 6
19.856 2.9391 -1.6557 41 28 10
19.91 2.891 -1.673 45 27 15
20.025 2.8859 -1.6281 49 25 11
19.835 3.0075 -1.6238 47 29 17
19.932 3.008 -1.5756 47 24 16
20.029 2.9391 -1.6111 49 27 6
19.923 3.0059 -1.6048 41 27 16
20.003 2.9586 -1.5467 48 28 19
19.992 3.0119 -1.5663 46 28 8
20.048 3.0415 -1.5708 53 28 21
19.978 3.0419 -1.586 46 28 18
19.897 3.0928 -1.6466 47 29 7
19.782 3.0774 -1.6778 49 26 18
20.02 3.0255 -1.5874 49 31 19
19.924 3.062 -1.5897 47 29 7
20.041 3.0397 -1.6035 47 29 19
19.99 3.0302 -1.6343 45 26 9
19.903 3.0954 -1.6158 49 30 24
19.983 3.0875 -1.6225 48 28 19
20.057 3.0599 -1.6007 48 27 10
19.894 3.155 -1.6033 41 28 19
20.075 3.1073 -1.577 51 34 17
19.938 3.1632 -1.6159 48 30 20
20.063 3.0865 -1.5772 49 29 18
19.915 3.1746 -1.5985 51 32 18
20.142 3.08 -1.5535 51 32 2
19.873 3.2436 -1.641 53 35 11
19.903 3.2592 -1.6283 61 40 21
19.981 3.2252 -1.6058 44 25 18
19.885 3.2121 -1.6264 53 34 20
20.01 3.2398 -1.5948 36 28 7
19.893 3.3202 -1.6188 49 30 14
19.938 3.2752 -1.584 48 28 19
19.946 3.2687 -1.6078 59 38 21
19.914 3.4228 -1.6088 46 22 10
19.996 3.4096 -1.5593 45 26 10
20.015 3.4273 -1.5587 47 27 16
19.965 3.5052 -1.6048 37 20 10
20.009 3.456 -1.5675 42 26 0
19.914 3.6444 -1.6368 37 23 14
20.039 3.5444 -1.5748 40 21 15
19.991 3.545 -1.6034 41 23 1
20 3.5933 -1.6099 42 22 13
20.031 3.6572 -1.5845 43 25 5
20.042 3.624 -1.5688 42 18 18
20.012 3.6699 -1.5667 36 22 13
20.107 3.6087 -1.5594 42 21 2
20.106 3.6621 -1.5456 39 21 0
20.167 3.6218 -1.5615 40 24 0
20.101 3.6653 -1.5807 41 23 3
20.017 3.7221 -1.5842 36 22 13
20.097 3.6948 -1.5609 40 25 4
19.975 3.7733 -1.6746 41 18 0
20.064 3.6634 -1.5695 43 20 14
20.005 3.7011 -1.5785 40 22 12
20.059 3.7214 -1.5623 34 14 7
19.975 3.8335 -1.5725 38 16 1
20.027 3.7973 -1.569 31 18 0
20.029 3.8219 -1.6017 44 21 3
20.105 3.7138 -1.5882 42 20 0
20.128 3.7004 -1.5472 27 22 3
20.008 3.7841 -1.5774 38 20 0
20.082 3.7587 -1.5593 42 22 13
20.089 3.7542 -1.5858 43 23 0
20.014 3.7776 -1.5976 44 23 4
19.99 3.879 -1.6093 39 23 10
20.18 3.7676 -1.5387 41 23 0
20.101 3.8249 -1.5651 44 22 7
20.065 3.8524 -1.5662 44 20 20
20.064 3.8252 -1.5863 43 22 5
