2950
0.11008 0.50856 0.19754 0.8308 11.804 7.2519 3.4441
14.503 3.4587 3.445 71 40 12
14.089 3.8857 3.355 66 35 7
14.417 3.4044 3.3385 68 39 0
14.434 3.4871 3.0851 66 40 13
14.463 3.5101 3.0907 60 35 3
14.459 3.4396 3.1553 66 34 19
14.405 3.3905 3.1395 63 35 0
14.415 3.4452 3.1158 65 34 13
14.397 3.3961 3.18 66 40 15
14.251 3.5404 2.8292 63 35 0
14.239 3.5577 2.8317 63 35 0
14.121 3.7314 2.8993 66 36 18
14.368 3.5685 2.76 66 38 7
14.348 3.6027 2.7349 64 36 7
14.288 3.5366 2.4613 53 33 9
14.875 5.22 2.2312 73 44 13
14.186 5.472 2.4965 74 45 5
14.084 5.511 2.5247 74 45 13
14.188 5.4628 2.5272 72 41 13
15.576 6.8988 2.048 77 48 24
15.714 6.7643 1.9822 78 48 20
15.618 6.5377 1.959 80 50 24
15.509 6.5952 2.0194 79 47 22
15.023 6.2945 2.1897 119 82 48
15.264 6.3344 2.0202 208 148 84
15.204 6.1845 2.0169 141 98 53
15.359 6.1121 2.0353 90 60 32
15.09 6.2099 2.0979 115 82 49
15.178 6.2312 2.047 203 141 77
15.212 6.2108 2.064 170 126 73
15.149 5.9792 2.0297 84 53 25
15.209 5.9033 2.0239 80 49 18
15.085 5.9631 2.0329 81 49 26
15.079 5.8291 2.0269 81 49 11
15.07 5.844 1.9915 82 50 25
15.011 5.9104 2.0363 80 49 21
15.281 5.8313 1.9762 80 49 18
14.855 5.8462 2.0875 82 48 23
14.944 5.8457 2.0747 80 48 27
15.108 5.719 2.0116 82 47 15
14.996 5.6955 1.9944 79 48 20
15.048 5.6152 1.9866 81 49 8
15.154 5.6081 1.9602 79 48 20
15.165 5.6474 1.9802 81 47 20
15.156 5.6412 2.0176 80 48 10
14.952 5.5204 2.0222 81 52 12
14.832 5.5967 2.035 82 51 20
14.943 5.5152 2.0635 88 54 19
14.836 5.6364 2.0572 80 50 22
15.069 5.5032 1.9854 80 49 19
14.802 5.5825 2.1615 98 61 25
14.974 5.4069 2.0139 79 50 18
14.904 5.5121 1.9907 81 51 23
14.705 5.53 2.0764 78 49 18
14.899 5.3946 2.0683 78 48 14
15 5.4373 2.0282 85 53 15
14.769 5.4037 2.0197 78 48 24
14.934 5.3372 2.0009 77 47 21
14.789 5.4355 2.0278 79 48 20
14.94 5.1116 2.0474 75 47 16
14.768 5.2115 1.9846 79 48 20
14.848 5.1843 2.0405 77 48 17
14.868 5.2647 2.0743 74 46 17
14.716 5.2833 2.0649 78 48 24
14.943 5.158 2.0628 75 45 11
14.734 5.281 2.0162 79 49 23
14.825 5.1999 2.0507 77 48 17
14.721 5.1313 2.0439 79 47 22
14.879 5.0271 1.939 80 48 23
14.737 5.1663 2.0648 75 48 5
14.799 5.1328 1.9878 79 48 20
14.877 5.1064 2.0567 76 45 14
14.625 5.2647 2.036 81 52 10
14.742 5.0874 2.1611 77 45 22
14.92 5.087 1.9937 74 43 22
14.474 5.1789 2.1174 82 50 25
14.715 5.0788 2.067 81 49 10
14.844 4.9236 2.0371 81 47 22
14.507 5.1625 2.0629 83 51 26
14.631 5.1509 2.0743 78 47 19
14.855 4.9955 1.9213 81 51 15
14.547 5.1681 2.0943 82 48 21
14.719 4.8536 2.1233 77 44 13
14.537 4.9934 2.2467 76 47 15
14.797 4.8406 2.1061 75 45 19
14.532 5.0419 2.0549 82 51 21
14.665 4.8671 2.0438 78 47 1
14.615 5.023 2.0308 83 49 22
14.521 5.0044 2.042 83 49 20
14.537 4.9821 2.0726 80 46 17
14.595 5.0384 2.0383 83 49 22
14.499 4.863 2.0753 77 47 13
14.626 4.8502 2.0459 76 45 1
14.506 4.9128 2.0533 78 46 21
14.734 4.6881 2.0645 74 44 6
14.492 4.877 2.0409 78 48 10
14.564 4.9119 2.0405 82 51 7
14.604 4.8505 2.1315 77 43 14
14.489 4.9362 2.0238 83 49 20
14.382 4.8803 2.0597 79 47 24
14.544 4.7236 2.016 79 46 13
14.505 4.7511 2.0743 73 41 18
14.573 4.7477 2.0178 78 45 12
14.423 4.7863 2.0657 78 50 3
14.605 4.7599 2.0605 75 44 16
14.696 4.6263 1.9897 76 44 3
14.445 4.8708 2.0453 79 47 22
14.434 4.7842 2.0159 79 45 20
14.372 4.7366 2.0475 80 52 12
14.412 4.7474 2.0422 82 48 23
14.228 4.6238 2.1143 77 47 13
14.417 4.4729 2.028 78 47 19
14.254 4.6529 2.0787 78 49 18
14.181 4.6328 2.0867 75 44 14
14.163 4.6441 2.125 76 46 8
14.307 4.5455 2.0323 78 46 7
14.334 4.5168 2.0177 78 46 7
14.23 4.4627 2.0934 76 44 19
14.257 4.4252 2.1194 75 41 16
14.349 4.3808 2.0536 77 45 7
14.238 4.4597 2.048 76 45 15
14.152 4.5089 2.085 76 46 10
14.261 4.3666 2.095 73 42 11
14.227 4.5241 2.0772 79 44 15
14.393 4.3089 2.1438 71 40 12
14.154 4.5059 2.0826 76 46 10
14.337 4.2861 2.0166 73 44 12
14.261 4.2534 2.1028 74 40 15
14.351 4.1295 2.1281 70 41 1
14.185 4.4184 2.0469 74 42 19
14.337 4.2236 2.0355 73 42 22
14.364 4.1844 2.0642 67 38 14
14.215 4.1375 2.1083 70 40 14
14.391 4.0227 2.0932 70 40 4
14.221 4.199 2.0422 74 45 14
14.164 4.2772 2.0416 73 41 20
14.252 4.0968 2.0456 74 45 14
14.267 4.0203 2.0216 73 44 13
14.125 3.7835 2.0354 69 42 21
13.918 4.0353 2.1445 74 42 27
13.854 4.1381 2.1491 74 45 5
13.806 4.264 2.1968 69 43 18
13.861 4.1833 2.163 69 43 18
13.982 3.9492 2.0285 72 39 6
13.514 7.2995 2.7945 74 43 22
16.004 7.5359 1.9713 73 47 22
15.925 7.4651 1.9657 74 43 22
16.053 7.5052 1.9391 75 46 22
15.922 7.5108 1.9455 74 45 23
15.956 7.4666 1.9551 74 43 22
15.469 7.4169 1.9947 74 45 23
15.847 7.3613 1.9488 77 47 21
15.685 7.4145 1.9463 72 42 6
15.256 7.4133 2.1548 74 43 22
15.509 7.4309 1.943 78 48 24
15.47 7.3619 2.0541 76 45 24
15.53 7.3881 1.9584 76 46 12
15.742 7.3836 1.9119 76 46 8
15.901 7.4174 1.9975 74 45 14
15.428 7.3136 1.9986 73 44 22
15.438 7.2836 1.9774 73 44 23
15.832 7.3416 1.8952 75 43 22
15.442 7.2952 1.9418 75 50 20
15.405 7.3252 1.9712 75 48 29
15.59 7.3484 1.9494 72 43 21
15.593 7.2653 1.8621 78 47 26
15.795 7.2528 1.8201 78 46 21
15.495 7.2207 1.9252 81 51 27
15.269 7.2325 1.9872 78 48 20
15.462 7.1895 1.9217 82 53 19
15.814 7.0745 1.8623 93 58 28
15.344 7.1286 1.9413 84 52 31
15.339 7.0733 2.0034 89 57 19
15.446 7.0687 1.9578 89 57 19
15.736 7.1513 1.7888 81 51 25
15.525 6.9745 1.9634 82 49 30
15.825 7.0234 1.8887 87 58 27
15.394 7.0192 1.9039 82 52 24
15.253 6.9957 1.9524 86 52 25
15.765 7.004 1.8535 86 52 27
15.756 6.9807 1.9308 84 52 27
15.404 7.0386 1.9577 81 49 24
15.583 6.9585 1.9766 84 53 23
15.28 7.0581 1.9673 86 52 27
15.15 6.9922 2.0312 82 51 21
15.509 6.8727 1.9194 81 52 21
15.697 6.8641 1.946 80 50 26
15.66 6.8806 1.919 80 50 26
15.212 6.9548 1.9942 82 48 19
15.22 6.8917 1.95 83 51 30
15.638 6.9306 1.9048 84 50 25
15.174 6.9158 2.0288 80 48 27
15.27 6.9624 1.9292 82 52 28
15.244 6.9213 1.9589 81 51 23
15.381 6.9184 1.9922 80 51 17
15.629 6.8833 1.9315 80 50 26
15.534 6.952 1.9038 82 52 18
15.703 6.8636 1.9438 80 50 26
15.063 6.9483 2.0058 85 51 22
15.693 6.9138 1.9215 81 50 29
15.49 6.9201 1.9111 82 52 18
15.559 6.9142 1.8817 82 52 18
15.43 6.8111 1.9215 80 48 25
15.68 6.7682 1.8596 80 52 25
14.983 6.8945 2.1254 80 49 21
15.119 6.8698 1.9825 81 51 27
15.16 6.8215 1.9851 81 50 20
15.27 6.8637 2.002 80 48 25
15.23 6.8794 1.9821 78 48 14
15.358 6.785 1.9361 80 51 20
15.277 6.8408 1.9487 80 49 21
15.095 6.8082 1.9623 80 50 24
15.389 6.8162 1.9375 80 48 25
15.211 6.8263 1.9259 81 49 26
14.776 6.7819 2.1075 80 50 26
15.575 6.7204 1.964 79 48 27
15.507 6.742 1.9503 79 48 27
15.308 6.6771 1.9388 83 49 24
15.207 6.7828 1.9461 81 49 28
15.329 6.6849 1.893 80 48 23
15.15 6.7901 1.9723 81 49 28
15.165 6.744 1.9859 80 50 22
15.513 6.6069 1.9765 80 48 25
15.256 6.5812 2.0404 82 51 21
15.459 6.5792 1.9792 82 52 28
15.065 6.6266 1.9618 86 55 24
15.072 6.669 1.9441 85 50 28
15.307 6.6167 1.8715 83 51 28
15.495 6.6101 1.9822 80 48 25
15.073 6.7019 1.9606 84 49 27
15.096 6.6881 1.9831 84 50 23
15.414 6.4365 1.93 87 56 26
15.083 6.5187 1.9055 92 55 36
15.026 6.5894 1.9999 86 52 23
15.098 6.5389 1.9561 88 54 25
13.681 6.8156 2.6083 88 54 27
15.007 6.6038 1.9729 84 53 25
15.248 6.4851 1.9608 90 57 22
15.324 6.5059 1.9441 88 54 29
14.996 6.5721 1.9623 87 55 30
15.185 6.4154 1.9848 98 63 34
14.981 6.4616 1.9547 97 59 33
15.169 6.456 2.0088 93 57 31
15.007 6.4237 2.0464 103 68 36
15.191 6.4139 1.986 98 63 34
15.237 6.45 1.9512 91 57 28
14.92 6.5206 1.9673 90 56 31
14.987 6.4837 2.0092 95 60 28
15.094 6.4112 1.9807 100 62 34
14.996 6.3653 1.9863 100 65 35
15.072 6.3709 2.0017 101 66 34
14.987 6.425 1.9335 97 63 28
14.938 6.3916 1.9787 95 60 30
14.78 6.4103 2.0028 96 60 36
15.011 6.3823 1.9075 99 64 35
15.147 6.3615 1.9337 102 64 35
15.038 6.3168 1.9523 96 61 31
15.305 6.2564 1.93 149 103 62
14.842 6.383 2.0069 97 62 30
15.409 6.2567 1.9389 197 135 71
15.01 6.3246 1.9657 96 61 31
15.052 6.3394 1.9973 100 66 31
14.999 6.4112 1.9648 96 61 29
14.843 6.3023 2.0072 95 60 31
15.218 6.1521 1.9493 95 57 29
14.853 6.3333 2.0263 98 61 27
15.023 6.2254 1.9953 96 61 32
14.927 6.2294 1.985 91 58 25
14.798 6.3264 1.9925 95 61 34
14.981 6.2857 1.9991 100 65 33
14.894 6.2501 1.9664 91 57 20
14.876 6.2822 2.0252 93 58 26
14.759 6.3035 1.9947 90 58 33
15.14 6.0976 1.9504 87 53 24
14.921 6.1445 1.9997 88 54 25
14.743 6.2733 1.9877 88 57 29
14.853 6.2269 1.9683 89 54 32
15.015 6.1511 1.9682 90 54 28
14.825 6.1994 1.9689 88 55 24
14.664 6.2649 2.0097 87 57 23
14.999 6.1672 1.9386 92 57 27
14.772 6.1816 1.9743 88 54 29
14.809 6.1944 2.0148 90 56 31
14.771 6.1153 2.0659 85 54 24
14.643 6.1923 2.0244 85 54 24
14.801 6.1511 2.0334 87 53 26
14.839 6.1096 1.9641 86 56 22
14.816 6.0705 1.9918 86 54 29
14.683 6.1416 1.9855 86 56 28
14.795 6.0888 1.9669 83 52 22
14.868 6.0503 1.9659 84 52 27
14.897 6.1264 1.951 86 55 25
14.886 6.0821 1.9731 86 54 33
14.639 6.1228 1.9915 86 54 29
14.714 6.0829 1.9918 81 52 21
14.908 6.0241 1.9848 83 53 29
14.79 5.9843 2.0401 81 51 25
14.71 6.0475 1.973 83 53 27
14.971 5.897 1.9985 81 49 26
14.642 6.0387 1.9902 84 54 26
14.731 5.9906 1.9813 80 49 19
14.832 5.9271 2.0023 80 50 24
15.034 5.9122 1.9828 80 50 22
14.763 6.0428 2.0416 84 53 25
14.609 6.0981 1.9923 85 55 27
14.953 5.9557 1.9841 82 50 27
14.756 5.97 2.0015 82 51 23
14.599 6.02 1.9971 85 54 24
14.754 6.0573 2.0052 86 55 27
14.724 6.0216 2.0407 82 51 23
14.872 5.9705 1.9282 84 53 22
15.029 5.8195 1.9947 79 49 23
14.816 5.9047 1.9564 82 51 21
14.699 5.8788 1.9855 80 50 16
14.972 5.8555 1.9776 83 49 24
14.524 6.0164 2.0211 83 53 27
14.692 5.9209 2.0039 81 50 22
14.598 5.9737 2.0171 83 52 24
14.541 5.9628 2.0289 84 54 16
14.758 5.9205 2.0219 83 52 24
14.728 5.8551 2.0053 84 51 20
14.696 5.9676 1.983 79 48 17
14.879 5.8249 1.9513 83 54 23
14.583 5.9527 1.9715 85 54 26
14.613 5.8521 1.9568 84 53 25
14.531 5.8449 2.0192 84 51 20
14.868 5.768 2.0138 82 50 27
14.592 5.8911 2.0152 83 52 22
14.706 5.7758 2.0207 84 50 25
14.683 5.8279 2.0434 82 52 18
14.67 5.8439 2.0111 85 52 19
14.639 5.8295 1.9785 82 51 23
14.536 5.8517 1.9797 86 52 23
14.767 5.8265 2.0232 82 50 25
14.558 5.9174 2.0019 83 52 22
14.684 5.7968 1.9944 83 51 26
14.676 5.7609 1.9752 82 51 20
14.686 5.6734 1.9444 84 50 21
14.548 5.7096 1.9923 81 51 17
14.437 5.7805 2.0168 82 50 25
14.697 5.7093 1.9529 81 51 13
14.485 5.8398 1.9901 85 52 21
14.519 5.8131 2.0084 83 52 24
14.64 5.7107 2.0891 82 51 23
14.498 5.7855 1.9982 86 53 22
14.473 5.6817 1.9629 82 51 21
14.626 5.5536 2.0272 80 50 16
14.486 5.6465 2.0631 82 50 29
14.589 5.6457 1.953 83 52 21
14.468 5.6355 1.985 81 50 22
14.573 5.6453 1.9967 80 51 17
14.494 5.7092 1.9747 81 51 25
14.336 5.724 2.0247 83 50 19
14.365 5.7269 2.0942 82 50 27
14.427 5.6999 2.0237 82 48 21
14.573 5.5346 2.0749 79 49 21
14.478 5.5209 2.0509 82 48 21
14.314 5.6131 2.0188 78 48 14
14.605 5.4723 2.0438 77 48 14
14.584 5.4617 1.9559 83 49 22
14.446 5.622 2.104 76 46 18
14.48 5.5789 1.9944 78 50 11
14.445 5.5601 1.9986 79 48 18
14.616 5.4747 1.9935 79 49 21
14.487 5.5965 2.0818 76 46 18
14.724 5.4854 2.0159 79 49 23
14.414 5.5887 1.9788 80 48 23
14.295 5.7025 2.0629 82 50 27
14.433 5.5989 2.057 78 49 18
14.481 5.4351 2.0186 80 47 16
14.586 5.3987 2.0144 77 47 19
14.611 5.4254 2.0233 80 46 17
14.33 5.5856 2.0797 83 49 14
14.744 5.2838 1.9737 78 48 24
14.349 5.5819 2.0348 81 50 19
14.434 5.4761 2.0054 79 48 20
14.266 5.6053 2.0312 82 51 23
14.574 5.3536 2.047 77 47 19
14.333 5.5034 2.0435 79 49 13
14.489 5.4206 2.0496 79 48 20
14.529 5.3593 1.9676 81 48 15
14.363 5.5326 2.0112 85 52 21
14.318 5.5223 2.0135 82 50 25
14.662 5.3828 2.0301 79 49 25
14.459 5.492 2.0477 78 46 21
14.411 5.5324 2.0361 83 49 14
14.245 5.4534 2.0119 87 53 24
14.463 5.3532 2.0245 83 48 19
14.563 5.2191 2.0312 79 48 18
14.227 5.4586 2.0558 89 54 24
14.416 5.3532 1.9974 84 50 21
14.34 5.4577 2.0199 82 51 21
14.562 5.318 2.0351 77 47 11
14.393 5.4122 2.0266 84 51 8
14.431 5.3337 2.0259 84 51 18
14.343 5.3648 2.0243 88 54 16
14.478 5.3337 2.0502 85 51 22
14.295 5.4494 2.0325 83 52 24
14.527 5.3519 2.0096 83 49 22
14.251 5.529 2.0389 84 52 11
14.468 5.2977 2.0431 84 53 22
14.232 5.503 2.035 84 55 23
14.599 5.1009 1.9781 86 53 22
14.444 5.2722 2.0419 85 54 23
14.259 5.2943 2.0512 89 54 22
14.079 5.5295 2.1214 92 58 21
14.3 5.2955 2.0777 90 55 25
14.274 5.3327 2.0273 100 60 22
14.585 5.1576 1.9979 85 53 12
14.474 5.1513 2.0285 87 54 23
14.278 5.3713 2.0413 92 54 26
14.328 5.3161 2.0811 88 54 27
14.258 5.3036 2.0175 97 58 25
14.374 5.2901 2.0221 90 55 23
14.422 5.1025 2.0151 86 53 22
14.184 5.2791 2.0257 91 58 27
14.315 5.2416 2.056 88 57 13
14.222 5.2403 2.0425 89 54 24
14.437 5.0358 2.029 85 51 22
14.312 5.2005 2.0429 87 52 22
14.071 5.3799 2.0637 98 61 25
14.181 5.3316 2.0137 104 66 27
14.482 5.0449 2.0217 86 53 18
14.3 5.1675 2.0303 85 52 19
14.287 5.1698 2.0745 84 50 21
14.22 5.292 2.0264 93 58 28
14.155 5.2612 2.0264 91 53 27
14.297 5.2391 2.1412 85 54 6
14.419 5.1498 2.0336 87 54 23
14.13 5.2412 2.0254 83 52 24
14.054 5.2659 2.0585 82 51 21
14.404 4.9242 1.9925 80 47 12
14.231 5.0868 2.0553 81 48 15
14.405 4.9406 1.9144 78 47 17
14.068 5.2115 2.0304 83 50 19
14.147 5.176 2.0335 82 48 21
14.281 5.095 2.0066 80 47 14
14.187 5.1846 2.0256 84 49 27
14.397 4.9685 2.0487 79 49 15
14.063 5.2169 2.0345 83 50 19
14.108 5.1689 2.0395 78 48 22
14.324 4.8954 2.0396 80 46 17
14.106 5.0771 2.0415 78 46 21
14.028 5.1572 2.054 80 49 21
14.356 4.9123 2.0363 80 46 21
14.33 4.9824 2.0685 82 49 16
14.306 4.966 2.0306 79 43 21
14.43 4.901 1.9775 80 47 12
14.347 4.9284 2.0063 78 42 20
14.085 5.1461 2.0322 80 50 24
14.145 5.1274 2.0562 82 51 7
14.225 4.9497 2.0388 79 46 13
14.015 5.0271 2.0791 78 48 14
14.201 4.8806 2.0173 76 44 21
14.178 4.9485 2.0537 77 47 9
14.39 4.7519 1.8851 77 45 22
14.325 4.8377 2.0513 76 46 18
14.354 4.8183 1.9968 79 45 18
14.249 4.8641 2.0781 78 48 22
14.097 5.0417 2.0292 78 50 21
14.011 5.0889 2.0309 82 51 23
14.237 4.8294 2.0721 80 46 19
14.284 4.8379 2.0196 75 43 18
14.177 4.8966 2.0665 74 40 13
13.961 5.0953 2.049 82 52 18
14.036 5.0575 2.0506 76 46 20
14.221 4.7432 2.0774 78 44 6
14.248 4.7226 2.0241 79 47 8
14.163 4.8574 2.0952 76 42 15
13.85 5.0695 2.1341 77 46 18
14.022 4.9245 2.0707 79 50 6
13.987 4.9306 2.0101 78 46 21
13.951 5.0113 2.0457 79 47 24
14.204 4.7127 2.0691 77 46 18
14.057 4.8956 2.0161 78 48 14
14.115 4.8205 2.0499 79 46 15
14.241 4.7859 2.0167 79 46 13
14.009 4.997 2.0314 79 48 20
14.114 4.8137 2.0823 76 44 19
14.213 4.703 2.0652 77 46 18
14.02 4.8816 2.0554 78 46 7
13.873 4.9143 2.063 76 44 21
13.944 4.8279 2.0509 76 44 19
14.087 4.7567 2.036 73 45 0
13.951 4.9107 2.0848 80 49 19
14.084 4.7735 1.9591 78 47 26
14.182 4.6868 2.062 77 43 18
13.903 4.9253 2.0614 80 46 21
14.183 4.6857 2.0613 77 43 18
14.045 4.8479 2.0777 77 44 13
13.867 5.0151 2.0709 77 46 25
14.127 4.7057 2.0451 75 44 24
14.055 4.5917 2.0175 75 41 12
14.101 4.6302 2.0579 75 43 5
14.033 4.6112 2.0657 71 41 17
14.263 4.4898 2.0135 77 46 18
13.84 4.811 2.0672 75 43 18
13.877 4.8195 2.0251 75 40 20
13.937 4.7902 2.0384 77 46 25
13.976 4.7454 2.012 77 46 25
14.367 4.2657 1.9158 75 42 11
13.837 4.8604 2.0879 74 45 21
13.968 4.7003 2.0389 73 45 18
13.763 4.9096 2.0904 72 41 20
13.975 4.7402 2.048 78 48 22
14.031 4.6141 2.0659 71 41 17
13.863 4.8805 2.0529 77 49 22
14.14 4.5791 2.0705 78 43 21
14.058 4.4741 2.047 74 40 11
14.022 4.5754 2.0524 69 39 5
13.993 4.51 2.0326 69 41 12
13.988 4.6223 2.0396 74 41 22
13.925 4.6559 2.0253 75 44 13
13.952 4.6107 2.0775 70 39 9
13.814 4.7455 2.0836 76 46 20
13.947 4.6223 2.042 76 45 14
13.818 4.7458 2.047 76 45 25
13.925 4.6613 1.9873 75 46 24
14.116 4.5068 2.0508 75 42 11
13.98 4.6386 2.0091 75 46 12
14.159 4.3446 2.0245 74 43 12
13.938 4.5841 2.0301 74 41 22
13.964 4.4336 2.0875 73 41 16
13.819 4.5944 2.0196 75 41 12
14.1 4.3634 2.0364 75 41 12
13.976 4.4238 2.0425 69 42 0
13.849 4.6541 2.0414 75 46 24
13.858 4.588 2.0509 74 45 21
13.77 4.6525 2.0858 75 45 21
13.906 4.5761 2.0366 71 42 20
13.959 4.49 2.1067 73 39 10
13.807 4.6584 2.0451 76 43 24
13.972 4.3234 2.0058 73 41 16
14.096 4.2 2.0173 69 37 14
13.972 4.3714 2.0649 71 43 12
13.682 4.6343 2.0655 73 44 12
13.717 4.5748 2.1049 74 41 24
13.926 4.4363 2.0532 74 42 3
13.784 4.5917 2.0257 74 41 22
13.832 4.506 2.1327 71 41 3
13.751 4.5885 2.0378 74 41 22
13.751 4.4765 2.0584 74 41 26
13.769 4.4469 2.0826 73 42 22
14.018 4.025 1.9696 70 39 9
13.764 4.4451 2.1614 69 39 15
13.725 4.5182 2.0425 73 40 21
13.699 4.5625 2.0388 72 43 12
13.737 4.4468 2.0526 78 44 15
13.599 4.6037 2.1056 75 45 17
13.906 4.2473 2.0277 73 41 20
13.652 4.5743 2.0816 74 44 16
13.796 4.1847 2.0574 70 41 10
13.817 4.2134 2.0301 71 42 18
13.792 4.2418 2.1188 70 40 6
13.884 4.1067 2.0182 69 38 7
13.778 4.3301 2.0383 70 41 20
13.787 4.2627 2.0144 74 41 22
13.947 4.0714 1.9995 68 36 21
13.78 4.2047 2.1103 67 36 5
13.763 4.1242 2.0426 0 0 0
13.554 4.4135 2.1107 0 0 0
13.635 4.2868 2.0122 0 0 0
13.616 4.3703 2.0495 73 39 12
13.775 4.157 2.0948 69 38 8
13.579 4.4255 2.1108 72 42 24
13.761 4.1299 2.0029 0 0 0
13.607 4.3847 2.0549 73 39 12
13.812 3.9919 1.9499 0 0 0
13.499 4.4546 2.0995 0 0 0
13.757 4.0801 1.9902 0 0 0
13.619 4.4045 2.1632 73 41 26
15.196 7.4498 1.9662 75 45 7
14.998 7.4954 1.9751 75 44 23
14.931 7.4537 2.0243 74 45 13
14.857 7.4584 2.0295 77 47 23
15.092 7.492 1.9629 75 46 25
14.869 7.4393 2.0823 76 45 24
15.175 7.3646 1.9318 78 47 17
15.314 7.4047 1.9695 76 46 20
15.434 7.44 1.9345 79 49 23
14.95 7.404 1.9839 79 49 15
14.889 7.4159 2.0573 76 45 24
15.238 7.383 1.957 74 44 18
14.932 7.4186 2.0368 76 45 24
14.857 7.3731 2.0158 83 51 12
15.16 7.3755 1.9041 79 49 21
15.847 7.3946 1.7319 75 49 22
15.31 7.3044 1.9631 76 46 20
15.269 7.3435 1.964 79 49 23
15.262 7.3157 1.9459 78 43 21
15.077 7.3227 1.9935 76 43 24
14.971 7.3408 1.9791 79 45 20
15.178 7.3362 1.9156 80 49 21
14.973 7.2758 1.9823 79 49 23
15.16 7.2735 2.0111 79 51 24
15.204 7.3531 1.9574 75 45 17
15.064 7.3047 1.9551 79 47 22
15.193 7.2857 1.9596 75 45 21
14.852 7.3467 2.0056 79 51 24
14.946 7.287 1.959 80 50 26
15.196 7.2967 1.9258 76 47 5
14.903 7.1937 1.9716 78 48 22
15.317 7.2446 1.9288 80 52 21
14.846 7.2055 1.9644 78 46 25
15.148 7.2048 2.0205 79 51 22
14.998 7.2108 1.9694 78 47 16
15.031 7.217 2.0366 79 48 28
15.13 7.2248 1.9675 80 50 24
14.954 7.2597 1.9408 79 47 26
15.136 7.1977 1.9426 78 46 23
15.132 7.2052 2.0259 79 51 22
15.099 7.2553 1.9905 76 48 17
14.975 7.2206 1.952 77 49 22
15.048 7.2314 1.8824 78 48 24
14.945 7.2495 1.9755 76 47 26
15.16 7.2662 1.9307 78 47 19
15.079 7.1191 2.0044 81 53 24
15.127 7.1174 1.983 82 54 25
15.073 7.1113 1.9254 77 45 20
14.785 7.1437 1.9926 80 51 29
14.852 7.1684 1.9771 78 48 22
15.028 7.0902 2.0185 83 53 27
15.068 7.0996 1.9651 82 53 13
15.325 7.1414 1.9108 82 51 23
14.791 7.1156 1.9792 80 51 29
15.061 7.1808 1.9283 78 45 28
15.046 7.0727 1.9541 82 50 9
14.882 7.063 1.9834 78 44 15
14.899 7.0619 1.9761 78 44 15
15.082 7.0189 1.9915 85 53 28
15.117 7.0279 1.9385 83 53 25
15.189 7.053 1.9278 86 55 24
15.039 7.0136 1.9248 78 46 7
14.826 7.0864 1.9464 80 47 28
14.952 7.0493 1.9793 81 47 20
14.869 7.0463 1.9394 79 46 27
14.784 7.0788 1.9985 80 47 28
15.045 7.0023 1.9576 80 50 24
14.917 7.0311 1.9558 82 49 14
14.704 7.0662 1.9914 81 49 26
15.093 6.9146 1.976 82 52 24
14.865 6.9388 1.9636 82 50 12
14.812 6.9542 1.9559 79 49 13
15.028 6.9729 1.9518 79 48 20
15.305 6.9718 1.8723 84 55 24
14.773 6.9961 1.9592 84 50 21
14.956 6.9603 1.9325 80 48 10
14.75 6.9695 1.957 83 49 20
15.063 7.0008 1.9496 80 50 24
14.917 6.9923 1.9711 81 48 17
15.166 6.9501 1.924 84 52 29
14.774 6.9864 1.9885 82 47 25
14.927 6.8922 1.9503 77 46 26
14.827 6.8939 1.9185 80 48 25
14.886 6.8462 2.0226 84 52 27
14.737 6.9424 1.9484 83 52 24
15.109 6.8819 1.9508 84 52 29
14.729 6.8667 1.9845 86 51 19
15.167 6.8867 1.888 85 50 28
14.813 6.9147 1.9736 83 49 22
14.785 6.9281 1.953 77 47 21
14.845 6.8913 2.0224 81 49 26
14.915 6.8627 1.9429 80 46 21
15.185 6.8411 1.899 83 53 25
14.918 6.8625 1.9408 79 47 9
14.872 6.8783 1.9297 79 47 22
14.898 6.8545 1.9847 80 49 19
14.745 6.8742 1.9449 81 49 24
15.003 6.9146 1.93 82 48 13
15.209 6.7598 1.8919 86 53 20
14.666 6.7886 1.9682 82 52 26
14.655 6.8566 1.9776 82 52 26
14.645 6.8299 1.9644 83 52 22
14.998 6.7366 1.9179 81 51 25
14.904 6.7817 1.985 84 52 27
14.706 6.811 1.9667 82 52 28
14.93 6.8094 1.9881 84 52 29
14.729 6.7884 2.018 83 48 29
14.829 6.7829 1.936 85 50 21
14.771 6.7819 1.9974 83 46 27
14.648 6.8008 1.9462 81 49 26
14.897 6.6887 1.9374 80 48 23
14.85 6.6769 2.0282 85 53 28
14.67 6.7094 1.9981 84 50 21
14.742 6.726 1.9814 85 51 14
14.808 6.6628 2.0006 86 55 27
14.856 6.7277 1.972 83 49 24
14.674 6.7477 1.9815 86 52 27
14.59 6.7423 1.9795 82 52 26
15.054 6.6498 1.8963 85 53 32
14.734 6.7072 1.9332 83 53 27
15.069 6.7141 1.9236 86 51 29
14.85 6.6647 1.9474 80 48 25
14.752 6.7643 1.9599 84 49 27
14.591 6.7718 1.9901 81 52 20
14.568 6.7169 1.9767 85 54 24
14.963 6.6986 1.9589 86 54 33
14.728 6.7593 2.0008 82 48 19
14.672 6.597 2.0205 88 52 28
14.634 6.6459 2.0209 83 51 26
15.033 6.5753 1.908 86 55 27
14.709 6.671 1.965 86 54 13
14.69 6.6748 1.9753 86 54 13
14.614 6.6989 1.9833 83 52 24
14.632 6.6556 1.9905 85 51 26
14.829 6.5848 1.9899 86 54 33
14.778 6.5959 2.0144 86 54 33
14.889 6.6149 1.9441 83 52 22
14.644 6.6227 1.9681 86 53 22
15.184 6.5668 1.7573 84 52 27
14.735 6.593 1.9544 86 55 25
14.799 6.6012 1.971 88 54 29
14.988 6.6186 1.944 84 52 27
14.664 6.5987 2.0243 88 52 28
14.536 6.6941 1.9772 84 52 29
14.594 6.673 1.9785 83 53 29
14.521 6.6588 1.9991 87 54 23
14.557 6.6513 1.9795 86 53 22
14.975 6.4729 1.9243 93 59 30
14.633 6.5538 1.9715 86 55 27
14.671 6.5343 1.989 90 56 27
14.497 6.5743 1.968 86 55 27
14.557 6.6209 1.9652 84 52 27
14.521 6.5591 1.9859 85 54 26
14.87 6.5089 1.9395 88 54 27
14.589 6.5734 1.9654 87 53 26
14.53 6.5967 1.9641 84 54 30
14.739 6.508 1.9864 88 57 26
14.621 6.5969 1.9634 87 54 19
14.785 6.4864 1.9981 94 60 33
14.591 6.5415 1.9479 86 54 29
14.558 6.5407 1.998 88 54 27
14.868 6.5432 1.9555 87 52 23
14.685 6.5728 1.9623 83 51 28
14.509 6.6017 1.9762 84 54 30
14.678 6.5743 1.967 83 51 28
14.753 6.4379 1.945 93 58 29
14.728 6.4352 1.9911 90 61 29
14.521 6.4886 1.983 89 54 24
14.729 6.4777 1.974 91 57 32
14.628 6.4814 1.978 91 57 30
14.56 6.4684 1.9954 89 56 21
14.521 6.4658 1.9367 86 54 29
14.75 6.395 1.9651 94 61 30
14.43 6.5525 2.0175 85 55 29
14.486 6.4667 1.9882 87 56 28
14.823 6.4428 1.9627 90 56 29
14.516 6.5206 2.0051 88 55 22
14.56 6.4871 1.9294 89 54 32
14.711 6.492 1.9506 92 57 27
14.453 6.5554 1.9759 88 54 29
14.761 6.4018 1.925 88 57 29
14.748 6.3267 1.9314 93 59 30
14.782 6.3412 1.9652 93 59 34
14.552 6.3643 1.9846 88 54 25
14.479 6.4058 1.9572 89 55 28
14.755 6.3145 1.9631 90 60 24
14.843 6.3581 1.9531 92 58 33
14.527 6.4139 1.9802 91 56 27
14.545 6.3757 1.9556 89 56 23
14.577 6.3893 1.9872 90 56 31
14.331 6.4603 2.0125 90 57 26
14.609 6.4024 2.0237 94 60 33
14.397 6.462 2.0217 86 55 25
14.653 6.3126 1.9989 90 56 29
14.604 6.3381 1.9897 92 59 24
14.379 6.4061 1.9987 89 55 30
14.706 6.3833 1.9402 92 56 32
14.413 6.4659 1.9817 89 55 28
14.548 6.4397 1.9856 89 56 25
14.582 6.2682 2.0025 90 56 29
14.392 6.3295 1.9925 89 56 25
14.566 6.3168 1.9965 90 56 31
14.674 6.2265 1.9887 89 58 28
14.395 6.3046 1.9427 91 57 28
14.673 6.2714 1.9727 89 58 28
14.405 6.316 2.0142 87 54 23
14.469 6.3261 1.9979 87 53 24
14.427 6.3495 1.9885 89 56 23
14.377 6.3754 1.9841 89 56 21
14.551 6.2883 1.987 88 57 29
14.327 6.3606 1.999 90 57 22
14.53 6.2622 1.9791 89 56 25
14.47 6.358 2.0145 90 57 24
14.441 6.3767 1.9964 86 52 25
14.661 6.2754 1.9792 89 58 28
14.676 6.2259 1.9875 89 58 28
14.361 6.2258 2.0246 87 52 22
14.595 6.1495 1.9789 88 53 31
14.359 6.2443 1.9604 87 53 26
14.321 6.2909 2.0013 89 55 28
14.635 6.1697 1.9754 86 55 27
14.526 6.1948 1.9504 84 55 23
14.412 6.2478 1.9788 88 54 25
14.465 6.2523 1.9988 88 55 24
14.362 6.2341 1.9925 88 55 22
14.593 6.1953 1.9633 87 53 24
14.626 6.218 1.9611 92 59 26
14.682 6.1878 1.9713 89 54 32
14.333 6.31 2.0415 87 54 23
14.462 6.2715 1.9375 90 56 27
14.207 6.3424 2.036 88 54 27
14.349 6.1303 1.984 84 50 21
14.482 6.1341 1.9725 86 52 25
14.247 6.1916 1.982 84 52 31
14.236 6.2607 2.018 85 53 28
14.293 6.1961 2.002 86 52 23
14.446 6.158 1.9609 85 54 23
14.614 6.0961 1.9895 85 55 27
14.535 6.093 2.0137 86 55 24
14.376 6.1527 1.9841 85 52 21
14.369 6.1306 1.9403 84 52 29
14.626 6.0179 1.9459 87 52 30
14.471 6.1291 2.0111 86 55 27
14.302 6.2009 1.9659 86 52 25
14.359 6.2022 1.9763 87 53 28
14.559 6.1283 1.9821 86 55 27
14.477 6.1702 1.9947 84 53 25
14.228 6.2639 2.0233 85 53 28
14.323 6.0737 1.9646 82 54 23
14.407 6.0521 2.0015 82 51 23
14.411 6.0056 2.0145 83 51 26
14.339 6.0916 2.0058 84 50 21
14.383 6.028 1.9949 83 49 24
14.166 6.1545 2.0258 82 51 23
14.213 6.0915 2.0163 81 51 13
14.548 5.9782 1.9543 85 54 26
14.335 6.0679 1.9581 82 54 23
14.316 6.0679 2.0026 87 50 31
14.453 6.0579 2.0219 85 56 25
14.322 6.1083 1.9817 84 50 21
14.405 6.0177 1.9842 83 49 24
14.164 6.123 2.0151 82 52 24
14.212 6.1004 1.9853 82 52 24
14.29 6.1316 1.9656 85 54 24
14.168 6.0468 2.0093 81 49 26
14.33 5.983 1.9952 82 47 25
14.453 5.9401 2.0083 84 52 29
14.303 6.0397 1.9935 85 50 18
14.365 5.9565 2.0027 80 49 21
14.242 5.9923 2.0273 82 46 20
14.431 5.9603 1.9848 82 48 21
14.105 6.1191 2.0336 81 52 21
14.296 6.0082 1.9808 80 49 19
14.233 6.0482 1.9878 81 51 23
14.371 5.9171 1.9878 81 49 24
14.142 6.0263 2.0106 84 53 23
14.408 5.926 2.0144 84 50 23
14.17 6.0373 2.0398 79 48 20
14.32 6.0232 2.0151 80 46 21
14.121 5.9705 1.9908 84 53 25
14.395 5.85 2.0246 82 51 23
14.244 5.9212 1.9937 81 49 11
14.504 5.8392 1.9447 83 48 29
14.285 5.9263 2.0183 82 48 19
14.092 6.0195 2.0251 84 50 23
14.058 5.9714 2.0148 83 52 21
14.239 5.9676 1.9801 80 50 22
14.189 5.9163 2.0097 80 50 12
14.374 5.87 2.0002 84 50 21
14.15 5.9804 2.019 78 46 21
14.123 5.8757 2.0491 82 50 9
14.234 5.8467 2.0011 82 48 19
14.091 5.8679 2.0244 84 50 23
14.292 5.7963 2.032 83 49 20
14.332 5.8106 2.0251 83 48 26
14.158 5.8986 2.0141 80 49 21
14.219 5.8469 2.038 82 48 23
14.097 5.9414 2.0201 83 52 22
14.237 5.8002 2.0157 81 49 26
14.012 5.9233 2.0428 81 50 22
14.236 5.7641 1.9993 79 48 20
14.169 5.813 2.0044 81 47 22
14.161 5.8617 1.9964 84 49 27
14.244 5.7879 2.0425 84 51 18
14.125 5.8906 1.9859 84 50 23
14.201 5.7116 1.9839 81 47 20
14.074 5.8357 2.0477 80 45 13
14.08 5.832 2.0442 80 45 13
14.126 5.7671 2.0029 85 53 15
14.02 5.8079 2.0192 81 50 20
14.243 5.7055 2.0424 80 49 21
14.359 5.6803 1.9575 80 48 25
14.134 5.7901 2.0409 82 50 11
14.013 5.8545 2.0087 82 53 19
14.056 5.8546 2.0276 83 52 21
14.318 5.6968 2.0169 82 51 23
14.241 5.7151 2.0113 80 48 23
14.047 5.8253 2.0201 81 50 20
14.024 5.8819 2.0201 82 51 23
14.066 5.7623 2.0534 78 44 7
14.262 5.6555 2.0153 80 48 23
14.321 5.6259 1.9452 81 49 11
14.012 5.8049 2.0518 82 52 26
14.009 5.8147 2.0243 81 50 20
14.255 5.5825 1.9831 80 51 20
14.183 5.623 2.0609 85 51 22
14.201 5.6654 2.0013 80 49 21
14.22 5.559 2.021 86 53 18
13.993 5.7905 2.0202 81 50 20
14.112 5.6501 2.022 80 45 16
14.044 5.7406 2.0516 80 46 19
14.01 5.7283 2.0536 85 51 14
14.19 5.6641 2.044 84 50 25
14.044 5.7484 2.0171 83 49 20
14.191 5.5878 2.0112 81 49 24
13.946 5.7523 2.02 84 53 25
14.17 5.6485 2.0052 82 49 18
13.955 5.7808 2.0296 83 52 22
14 5.7429 2.0326 81 49 24
13.982 5.7194 2.0285 82 51 21
14.042 5.6702 2.0195 84 51 18
14.139 5.5855 2.0224 79 47 24
13.906 5.7384 2.0621 82 53 22
14.077 5.6001 2.0139 86 51 4
14.127 5.5476 2.0445 87 53 24
13.955 5.6594 2.0408 82 53 22
14.003 5.6611 2.0275 82 50 25
14.108 5.5314 2.0088 86 49 15
14.119 5.6077 2.0029 78 47 19
14.09 5.537 2.0528 90 57 22
13.935 5.6382 2.0388 87 53 16
13.911 5.7345 2.0582 82 53 22
14.019 5.6047 2.0326 84 54 20
13.858 5.7031 2.0574 86 53 22
14.11 5.6141 2.0073 78 47 19
14.089 5.5832 2.0377 85 52 11
13.925 5.7319 2.0185 86 52 25
14.159 5.5633 2.0406 86 51 29
14.105 5.5718 2.0281 85 52 11
13.953 5.6683 2.0116 84 53 23
13.982 5.5875 2.0672 97 60 16
13.885 5.5974 2.0687 100 64 24
14.196 5.4499 2.0208 91 58 23
13.909 5.6224 2.0417 91 56 26
13.909 5.6298 2.0108 85 54 26
13.844 5.644 2.0375 89 56 25
13.834 5.6443 2.0742 91 57 28
13.877 5.5746 2.0275 88 55 22
14.017 5.5688 2.0153 92 55 19
14.05 5.3654 2.0266 87 53 28
13.764 5.5596 2.06 85 54 26
14.09 5.3238 2.0362 89 54 24
14.099 5.3652 2.0133 104 62 14
13.926 5.4453 2.0245 88 54 25
13.889 5.5206 2.0347 91 57 22
13.946 5.4209 2.0434 84 50 15
13.845 5.5279 2.0191 85 54 24
13.931 5.4482 1.9898 88 54 25
13.961 5.4996 2.0047 98 61 19
13.851 5.5589 2.031 92 55 21
13.886 5.4032 2.0208 85 52 7
13.929 5.3501 2.0508 82 49 16
13.824 5.464 2.03 84 54 26
14.074 5.2968 2.0271 87 53 24
13.946 5.3816 2.0259 84 51 18
13.968 5.3088 2.0608 80 44 18
13.845 5.4007 2.0295 80 49 19
13.929 5.3575 2.0225 84 51 16
13.976 5.3483 2.0391 84 51 16
13.868 5.3726 2.0434 81 49 24
13.746 5.4962 2.0689 83 51 12
14.024 5.3475 2.0268 86 52 14
14.003 5.3178 2.0525 83 50 15
13.903 5.4265 2.0251 85 53 15
13.904 5.433 1.9938 88 55 20
13.985 5.2457 2.0667 83 52 24
13.909 5.242 2.0474 82 48 19
13.981 5.2088 2.0521 79 49 11
13.787 5.3332 2.0524 80 48 10
13.809 5.3503 2.0525 83 52 22
13.869 5.287 2.0417 81 49 8
13.841 5.3592 2.0465 82 48 19
13.752 5.4111 2.064 81 50 22
14.017 5.2235 2.0109 83 49 24
13.808 5.3967 2.0394 84 50 23
13.928 5.312 2.0387 81 51 17
13.951 5.1956 2.0518 81 46 16
13.795 5.3319 2.0141 84 49 17
13.781 5.4283 2.0291 80 50 24
13.687 5.4416 2.0631 77 49 20
13.935 5.2583 2.0471 78 47 17
13.907 5.2904 2.03 80 48 9
13.76 5.4095 2.0285 83 49 24
13.824 5.2045 2.0549 76 48 8
13.668 5.3413 2.0554 83 49 20
13.797 5.2834 2.026 81 50 22
13.761 5.273 2.0632 81 50 22
13.808 5.2668 2.0518 81 45 21
13.849 5.2197 2.056 80 47 14
13.921 5.0991 2.0203 77 47 11
13.93 5.1742 2.0498 78 48 14
13.768 5.2336 2.0149 83 51 26
13.729 5.3187 2.0284 81 52 10
13.934 5.1292 2.0315 81 47 12
13.714 5.327 2.0703 81 52 20
13.723 5.3623 2.0485 82 49 14
13.866 5.2428 2.0589 79 47 8
13.919 5.0952 2.0558 79 47 22
13.785 5.1627 2.0491 81 50 4
13.855 5.0339 2.0482 75 43 18
13.802 5.1925 2.0236 76 45 15
13.824 5.074 2.0367 81 47 18
13.651 5.2372 2.0477 76 44 23
13.782 5.1248 2.0338 77 46 18
13.798 5.1078 2.0218 77 46 18
13.822 5.1585 2.0672 79 46 1
13.839 5.0935 2.0735 77 46 18
13.794 5.1605 2.0129 76 47 7
13.908 5.0628 2.0399 76 47 15
13.715 5.2024 2.0503 78 48 22
13.739 5.2232 2.0199 78 47 16
13.675 5.2507 2.0453 79 49 25
13.879 5.1063 1.9991 76 46 12
13.679 5.2917 2.0316 81 49 28
13.84 5.0008 2.0723 76 44 19
13.81 4.9902 2.0707 79 47 8
13.7 5.1785 2.0433 77 45 20
13.82 4.9982 1.9676 77 45 20
13.707 5.1653 2.0734 78 43 23
13.627 5.1847 2.0353 79 50 16
13.794 5.0582 2.0714 78 46 7
13.813 4.9869 2.0692 79 47 8
13.662 5.1799 2.0536 82 47 15
13.857 4.9948 1.9956 75 43 20
13.683 5.1569 2.0402 79 44 12
13.611 5.242 2.063 78 46 23
13.616 5.07 2.0209 74 42 21
13.72 4.9766 2.0199 75 43 22
13.643 5.0258 2.058 77 47 13
13.797 4.9188 2.0484 75 45 9
13.777 4.9478 2.0306 75 42 11
13.65 5.0657 2.0421 76 45 15
13.586 5.1849 2.0735 77 47 21
13.715 4.9723 2.0915 75 42 11
13.739 4.9486 2.0371 73 40 7
13.623 5.103 2.0323 77 47 21
13.769 4.766 2.0288 71 42 10
13.774 4.857 2.0309 70 42 5
13.711 4.8882 2.0537 76 45 1
13.57 5.0366 2.0501 75 44 23
13.724 4.8674 2.0771 73 41 20
13.689 4.8717 2.0541 71 42 0
13.702 4.9048 2.0284 72 41 10
13.689 4.9643 2.0533 77 45 24
13.542 5.1183 2.0629 78 45 12
13.582 5.0218 2.0415 75 44 23
13.625 4.9143 2.0513 71 40 20
13.624 5.0125 2.0276 76 44 23
13.531 5.044 2.0643 75 48 11
13.677 4.9418 2.0173 73 45 8
13.78 4.7526 2.0207 71 42 10
13.59 4.9644 2.0486 76 41 22
13.791 4.8305 2.0472 75 44 0
13.698 4.7638 2.0423 72 43 1
13.55 4.9298 2.0439 75 46 22
13.598 4.9045 2.0515 73 42 22
13.587 4.8758 2.0455 74 43 22
13.669 4.8538 2.0538 75 42 1
13.644 4.7847 2.0957 74 43 0
13.684 4.7882 2.0229 74 42 27
13.521 5.0142 2.0526 74 45 21
13.514 4.9816 2.0418 73 42 21
13.669 4.7509 2.0766 74 43 0
13.578 4.8825 2.0818 74 43 22
13.656 4.7742 2.0563 71 40 12
13.493 4.9668 2.0403 73 44 10
13.73 4.7683 2.035 71 44 0
13.55 4.9717 2.0597 77 47 23
13.515 4.9329 2.0543 77 45 24
13.618 4.7333 2.049 71 39 14
13.499 4.8661 2.0293 74 43 15
13.635 4.7608 2.0224 79 48 2
13.558 4.8298 1.9995 76 47 15
13.573 4.75 2.066 76 46 10
13.652 4.733 2.04 77 46 26
13.594 4.8224 2.0265 75 44 14
13.613 4.7342 2.0816 74 42 1
13.61 4.7493 2.0246 77 46 16
13.502 4.857 2.0539 76 45 17
13.667 4.7072 2.061 74 40 11
13.663 4.6188 2.0324 70 41 0
13.564 4.8173 2.0281 76 44 23
13.527 4.7221 2.0642 83 46 28
13.619 4.5819 2.0199 77 42 22
13.464 4.7723 2.0668 75 43 28
13.543 4.6994 2.0524 83 46 28
13.444 4.8054 2.0494 77 47 21
13.695 4.5181 2.0194 73 43 15
13.538 4.6586 2.0357 76 44 19
13.573 4.6603 1.9974 77 46 16
13.532 4.663 2.0725 71 41 17
13.598 4.5062 2.0666 70 36 7
13.475 4.6557 2.0447 74 43 23
13.534 4.6549 2.1001 73 40 0
13.499 4.6118 2.0919 72 42 24
13.426 4.7868 2.0441 73 43 15
13.457 4.6316 2.0709 70 46 20
13.523 4.6287 2.0621 69 37 16
13.545 4.6013 1.9726 71 42 21
13.497 4.6154 2.0942 72 42 24
13.619 4.476 2.0104 73 40 21
13.511 4.5959 2.0455 74 41 24
13.39 4.7516 2.0445 78 44 9
13.353 4.8024 2.0978 73 48 4
13.392 4.7889 2.0873 76 42 7
13.453 4.6432 2.0456 71 41 23
13.512 4.645 2.0709 69 37 16
13.399 4.7825 2.0504 76 47 3
13.497 4.4653 2.0373 0 0 0
13.29 4.7669 2.1004 0 0 0
13.395 4.6865 2.0771 73 42 24
13.418 4.6463 2.0892 67 42 10
13.388 4.6478 2.1005 0 0 0
13.541 4.4416 2.051 0 0 0
13.496 4.5673 2.0737 72 41 23
13.401 4.6293 2.0514 0 0 0
13.341 4.7758 2.0914 78 46 8
13.538 4.4511 2.0226 0 0 0
13.324 4.7577 2.0901 0 0 0
13.37 4.6297 2.0577 0 0 0
13.386 4.651 2.1015 0 0 0
13.542 4.4901 2.0686 68 34 5
13.478 4.4928 2.0843 0 0 0
13.405 4.6228 2.0496 0 0 0
13.428 4.5301 2.0371 0 0 0
14.929 7.4502 1.9443 75 46 25
14.894 7.4959 1.9976 76 47 23
14.876 7.506 1.9726 73 44 13
14.915 7.4237 1.9359 74 44 26
14.899 7.4111 1.9794 76 45 27
14.927 7.4127 1.9657 76 45 27
14.862 7.3935 1.9532 75 44 23
14.882 7.3837 1.9758 78 49 27
14.914 7.297 1.9423 81 51 23
14.811 7.2423 1.9658 78 49 27
14.701 7.2169 2.006 81 51 27
14.835 7.2516 1.9259 79 50 26
14.586 7.2024 2.0205 79 48 20
14.705 7.2167 2.0041 81 51 27
14.87 7.2691 1.9516 81 50 29
14.826 7.1729 1.8771 79 45 18
14.572 7.1626 1.9678 83 49 22
14.816 7.1794 1.9633 78 48 20
14.778 7.1257 1.9559 80 51 20
14.619 7.1262 1.957 81 47 22
14.844 7.1615 1.9034 76 44 19
14.536 7.1387 1.973 81 44 26
14.937 7.1592 1.8553 77 45 20
14.509 7.1734 1.9742 76 46 18
14.715 7.1912 1.9831 76 50 27
14.563 7.1535 2.0019 80 46 17
14.565 7.1628 1.9721 83 49 22
14.713 7.1379 1.9583 77 48 27
14.594 7.1871 1.9715 79 48 18
14.805 7.1524 1.9548 78 47 17
14.627 7.1962 1.9233 79 48 18
14.62 7.0545 1.9884 81 51 27
14.686 7.04 1.9875 82 50 27
14.494 7.0557 1.9821 80 47 12
14.485 7.0912 1.9693 78 44 17
14.757 7.0998 1.9502 79 46 27
14.659 7.1144 1.9685 79 49 21
14.499 7.115 1.979 72 44 4
15.002 7.0588 1.8077 78 47 29
14.568 7.1018 1.9736 82 47 28
14.624 7.0906 1.9682 83 48 28
14.616 7.074 1.9292 77 46 18
14.515 7.0633 1.9416 76 44 19
14.504 7.0549 1.9768 80 47 12
14.533 7.062 1.932 76 44 19
14.562 7.0151 1.9607 81 46 27
14.571 7.004 1.9899 83 50 31
14.681 6.985 1.9631 81 51 25
14.602 6.9756 1.9533 80 47 14
14.625 6.9637 1.9732 81 49 24
14.459 6.9819 1.9538 80 46 17
14.712 7.0105 1.9599 82 50 27
14.489 7.0304 1.9706 77 44 27
14.496 6.9947 1.9811 81 47 22
14.476 7.0385 2.0515 79 44 25
14.589 7.0399 1.959 80 45 26
14.421 7.0108 1.9921 79 48 18
14.446 6.9207 1.9675 76 45 25
14.594 6.922 1.9257 81 45 29
14.381 6.9374 1.9751 80 47 16
14.597 6.8837 1.9433 81 51 25
14.606 6.9388 1.9656 80 47 28
14.618 6.9276 1.9923 81 49 24
14.345 6.9592 2.0334 76 45 25
14.434 6.9747 2.0009 78 46 23
14.651 6.9435 1.9104 83 50 19
14.418 6.9156 2.0101 84 47 28
14.592 6.9029 1.9916 80 49 29
14.611 6.9104 1.9489 81 50 29
14.382 6.9634 1.9866 81 45 19
14.499 6.8336 1.9905 82 49 30
14.396 6.8653 1.9962 82 50 12
14.43 6.8255 1.9859 81 49 26
14.569 6.851 1.9692 83 53 29
14.432 6.8691 1.9454 83 49 20
14.589 6.8753 1.9791 80 52 13
14.362 6.897 2.0259 80 48 23
14.422 6.8975 1.9645 83 48 26
14.413 6.8367 1.9676 80 48 23
14.488 6.8441 1.9683 81 49 26
14.554 6.8618 1.9507 81 52 30
14.527 6.7425 1.9386 85 53 28
14.421 6.7717 1.9637 81 49 28
14.347 6.8201 1.9922 80 46 21
14.49 6.7696 1.9997 82 52 24
14.49 6.741 1.9858 85 53 30
14.311 6.7737 1.9806 79 50 16
14.389 6.7499 1.9656 83 53 19
14.27 6.8073 2.0206 84 51 8
14.56 6.7859 1.9778 84 52 27
14.459 6.7836 1.9879 83 51 26
14.405 6.8021 1.9865 81 51 27
14.225 6.8233 2.02 82 51 23
14.61 6.6492 1.9201 84 55 23
14.419 6.6694 1.9811 86 54 33
14.235 6.7077 1.9843 84 51 18
14.46 6.6901 1.9685 89 55 26
14.268 6.7197 2.0053 84 50 25
14.353 6.6932 1.9831 84 49 27
14.423 6.6599 2.0069 84 52 27
14.235 6.6997 2.0112 83 49 20
14.357 6.7285 1.9686 85 55 19
14.282 6.7251 1.969 83 50 19
14.407 6.7097 1.9699 83 50 15
14.491 6.7126 1.9668 83 53 27
14.292 6.6137 2.0079 84 53 23
14.257 6.6313 1.9963 83 52 24
14.399 6.6452 1.9764 81 51 23
14.185 6.6924 1.9976 81 50 29
14.438 6.5683 1.9527 84 53 25
14.439 6.6273 1.9832 83 53 27
14.234 6.6178 1.9651 85 51 22
14.294 6.6502 1.9907 85 51 24
14.438 6.5981 1.9684 84 54 26
14.216 6.6499 1.9927 86 50 24
14.25 6.6691 1.9882 87 53 26
14.375 6.6222 1.9732 82 54 23
14.312 6.6739 1.9953 81 49 24
14.228 6.6469 1.9861 86 50 24
14.091 6.5772 2.1093 87 53 28
14.274 6.5326 1.9726 86 54 31
14.416 6.5353 1.9794 87 56 26
14.396 6.5105 1.9759 85 54 26
14.169 6.5711 2.0048 85 52 21
14.31 6.5722 2.0104 84 53 23
14.243 6.5787 1.9743 86 51 31
14.322 6.5395 1.9895 88 53 31
14.278 6.5895 1.9986 83 52 21
14.211 6.5955 1.9661 88 55 14
14.301 6.5545 1.9699 83 51 26
14.216 6.566 1.9479 87 53 28
14.269 6.6001 1.9759 85 54 26
14.325 6.4407 1.9693 88 57 27
14.23 6.4497 1.9797 85 55 21
14.298 6.4407 2.015 89 57 32
14.333 6.4685 1.9796 86 57 23
14.282 6.4928 1.9791 84 54 28
14.199 6.497 1.9859 83 53 25
14.404 6.4778 1.9556 87 55 30
14.143 6.5227 1.9902 87 53 18
14.183 6.5389 1.982 88 54 25
14.16 6.4807 1.9932 88 56 18
14.223 6.5186 1.9875 86 52 25
14.202 6.4756 1.9383 87 55 32
14.229 6.4796 1.9949 86 53 20
14.179 6.437 1.996 84 53 25
14.14 6.4293 1.9761 93 59 22
14.162 6.3835 1.976 89 57 32
14.1 6.4795 1.9884 92 57 27
14.274 6.3571 1.982 88 56 35
14.269 6.3896 2.0027 91 55 29
14.235 6.4094 1.9938 87 57 31
14.062 6.4642 1.9975 98 63 34
14.182 6.4062 1.9796 87 56 28
14.312 6.4142 1.9621 86 54 29
14.197 6.3928 1.9983 86 55 27
14.321 6.4028 1.9858 89 55 30
14.152 6.4542 1.9834 89 55 26
14.157 6.4525 1.9808 89 55 26
14.067 6.426 2.0073 92 57 28
14.054 6.3655 2.0131 91 56 24
14.187 6.3277 2.0034 87 56 28
14.1 6.3773 1.9979 92 58 33
14.178 6.3397 1.9789 86 54 29
14.266 6.257 1.9702 89 55 26
14.155 6.3179 1.9779 88 54 27
14.066 6.3311 1.9902 89 55 26
14.288 6.2807 1.9722 87 55 32
14.206 6.3596 1.9753 89 56 25
14.308 6.3136 1.9448 89 55 26
14.176 6.3013 1.9955 86 54 31
14.01 6.3611 2.0013 95 60 31
14.067 6.3973 1.9906 93 60 25
14.162 6.2365 2.004 85 54 23
14.134 6.2873 2.0073 86 55 24
13.981 6.3072 2.0149 88 55 24
14.134 6.2646 1.9611 88 54 25
14.074 6.3199 2.0127 89 55 26
14.057 6.2589 2.021 83 52 24
14.245 6.2333 1.9698 85 56 25
14.103 6.2305 2.0247 85 53 28
14.074 6.2817 2.031 86 55 27
14.02 6.2826 2.0176 83 54 23
14.025 6.3185 1.9999 90 56 27
13.983 6.2769 1.9972 84 53 23
14.021 6.191 1.9698 84 51 8
14.074 6.1812 2.0123 80 48 27
14.189 6.1523 1.9828 82 52 28
14.052 6.2385 1.9796 85 51 24
14.162 6.1324 1.985 85 53 30
14.185 6.1865 2.0042 83 54 23
14.017 6.2464 2.0307 81 51 25
14.201 6.1472 1.9753 82 52 28
14.111 6.1963 2.0012 84 52 31
14.01 6.2194 2.0227 82 50 27
13.948 6.2629 2.0067 83 51 26
13.981 6.2405 2.0114 84 53 25
13.983 6.2013 2.025 85 51 26
14.019 6.1767 2.0302 80 50 26
14.113 6.0828 2.012 82 53 19
14.003 6.1217 2.0081 81 51 23
14.004 6.1606 1.9948 85 52 21
14.082 6.074 1.9864 81 49 24
14.102 6.1288 2.006 83 52 22
13.891 6.1638 2.013 83 53 19
14.073 6.1185 1.9771 82 52 16
14.101 6.0968 1.9903 81 52 20
13.946 6.1662 1.9902 85 53 12
13.936 6.1637 2.0256 85 52 21
13.954 6.1929 1.9997 83 49 11
14.133 6.0397 1.9841 87 53 26
14.036 6.0733 1.9694 82 51 21
14.015 6.092 1.9557 86 53 12
14.099 6.0235 1.9918 85 51 26
13.897 6.1228 2.02 85 52 19
13.854 6.0848 2.0185 90 53 19
13.991 6.0247 1.9985 83 51 26
13.948 6.0878 2.0135 83 49 11
14.054 5.9815 1.9863 83 51 26
13.987 6.0592 2.0186 84 49 19
14.062 6.0104 1.9967 84 53 25
13.862 6.1111 2.0295 83 52 8
13.93 6.0341 1.9957 85 52 21
13.972 6.0427 1.9835 85 51 24
13.989 6.09 2.0321 81 50 22
13.894 6.1316 1.9943 84 54 16
13.971 5.9707 1.9802 81 51 23
13.984 5.9709 1.941 84 53 22
14.024 5.9576 2.0199 84 53 22
13.874 5.9709 1.9874 84 50 12
13.908 5.9754 2.0068 81 50 19
13.923 6.0232 2.0568 81 49 24
13.882 6.0374 1.984 84 51 10
13.919 5.961 2.0292 83 49 20
13.999 5.9052 2.0049 84 49 27
13.806 6.0201 2.0068 83 51 13
13.991 5.9433 2.0282 85 51 24
13.835 6.0265 2.0299 84 52 13
13.836 6.033 2.0005 81 50 20
13.948 5.9765 2.025 83 52 22
13.946 6.0179 2.0134 83 52 21
13.78 5.9662 2.024 84 49 17
13.933 5.9124 2.0328 82 51 21
13.987 5.8369 2.009 85 51 26
13.976 5.8513 1.9874 85 53 28
13.941 5.8815 1.9811 81 49 26
13.873 5.9317 2.0009 84 50 12
13.901 5.8664 2.0233 84 53 25
13.929 5.8552 1.9703 83 51 26
13.892 5.9527 2.0037 82 51 21
13.89 5.9464 2.0327 82 50 25
13.783 5.9957 2.0367 86 49 13
13.917 5.937 1.9859 82 51 21
13.901 5.9396 2.0244 82 50 25
13.78 5.9347 2.0052 86 50 24
13.829 5.9276 2.0167 86 52 15
13.91 5.8264 2.0012 81 51 1
13.835 5.81 2.0195 84 49 29
13.813 5.8328 2.0062 81 49 10
13.798 5.8762 2.036 82 52 14
13.848 5.8345 2.028 81 51 13
13.791 5.888 2.0099 81 50 6
13.865 5.8637 2.0008 83 52 24
13.871 5.812 2.041 86 53 22
13.962 5.8187 2.011 84 52 29
13.783 5.9254 2.0303 83 50 5
13.738 5.8926 2.0344 83 52 8
13.927 5.8072 2.0167 86 53 22
13.869 5.7023 2.0222 88 54 27
13.85 5.7583 2.0227 82 51 21
13.749 5.8523 2.0092 83 49 14
13.695 5.8587 2.0334 85 50 18
13.764 5.7608 2.0228 80 45 13
13.735 5.7761 2.074 83 49 22
13.893 5.7201 2.023 85 54 26
13.791 5.7742 2.0186 86 54 15
13.763 5.8281 2.0551 84 51 16
13.767 5.7992 2.0074 86 49 7
13.905 5.7535 2.0012 87 53 26
13.712 5.8068 2.0344 86 51 6
13.795 5.812 2.0032 82 46 22
13.881 5.7288 2.0316 85 54 26
13.892 5.7207 2.024 85 54 26
13.828 5.7401 2.0233 82 49 18
13.712 5.8137 2.0059 84 46 17
13.788 5.6597 2.0314 86 51 19
13.823 5.6249 2.036 88 54 25
13.765 5.7192 2.0358 84 50 25
13.715 5.6976 2.0116 85 49 7
13.692 5.7496 2.0455 83 48 16
13.694 5.7879 2.0321 86 51 19
13.816 5.673 2.029 84 53 23
13.727 5.7148 2.0452 83 50 15
13.643 5.7618 2.0383 87 54 11
13.688 5.7591 2.0185 85 50 21
13.763 5.7279 2.0084 84 49 19
13.83 5.697 2.0335 82 51 20
13.747 5.7402 2.0202 84 49 19
13.766 5.5647 2.0285 84 51 20
13.656 5.7181 2.0124 86 52 23
13.67 5.6662 2.0136 84 53 9
13.722 5.6505 2.0184 83 50 17
13.731 5.6015 2.0249 82 48 23
13.621 5.6743 2.035 85 52 21
13.789 5.5808 2.0268 87 53 26
13.774 5.6427 1.9956 86 50 8
13.732 5.636 2.0413 88 51 17
13.702 5.6741 2.0051 86 53 10
13.732 5.6071 1.997 86 52 17
13.728 5.6732 2.0587 84 53 22
13.535 5.7858 2.0915 86 53 22
13.799 5.6091 2.0379 88 52 26
13.622 5.6734 2.0346 85 52 21
13.669 5.5845 2.0372 79 47 6
13.717 5.5356 2.0317 79 49 23
13.756 5.4576 2.0152 81 50 19
13.739 5.5099 2.0466 81 51 23
13.583 5.6401 2.0341 83 48 26
13.799 5.4929 2.0164 82 52 18
13.589 5.6281 2.056 82 48 21
13.672 5.5466 2.019 85 52 11
13.754 5.5389 2.0192 82 51 23
13.608 5.6516 2.0296 85 51 22
13.656 5.6031 2.0214 83 47 23
13.672 5.6234 2.0232 83 50 9
13.726 5.4911 2.0091 82 50 12
13.562 5.6249 2.0352 82 47 27
13.682 5.6081 2.0437 85 49 25
13.64 5.4988 2.0397 82 48 10
13.612 5.5316 2.0336 82 49 4
13.603 5.4981 2.0519 82 50 12
13.628 5.4678 2.0605 78 48 22
13.694 5.4408 2.0293 83 51 13
13.58 5.5263 2.0457 80 48 10
13.697 5.482 2.0181 81 49 10
13.628 5.5519 2.0379 78 46 8
13.599 5.5848 2.0316 81 49 24
13.58 5.5323 2.0145 81 48 13
13.713 5.4603 2.0317 79 47 24
13.622 5.4798 2.0384 82 50 12
13.576 5.5709 2.0338 82 50 9
13.632 5.3959 1.9961 81 48 17
13.608 5.3779 2.0281 81 50 4
13.627 5.3956 2.0316 79 49 15
13.746 5.3466 2.003 81 50 20
13.572 5.4989 2.031 83 46 27
13.654 5.3617 2.0382 80 45 15
13.633 5.4268 2.0421 83 51 13
13.543 5.5331 2.0281 84 51 18
13.607 5.4461 2.0908 80 49 21
13.58 5.412 2.0214 82 49 16
13.613 5.4522 2.0269 81 48 15
13.645 5.2886 2.0389 78 45 26
13.525 5.4328 2.0496 78 44 17
13.509 5.4136 2.0449 74 43 25
13.591 5.3894 2.0697 83 50 7
13.48 5.4143 2.0263 77 47 21
13.508 5.3719 2.0584 78 46 7
13.604 5.3377 2.0416 79 48 4
13.498 5.388 2.0367 80 47 6
13.543 5.3707 2.0424 80 46 8
13.583 5.3661 2.0297 84 51 8
13.623 5.2792 2.0112 80 48 9
13.636 5.26 2.032 80 49 5
13.602 5.2182 2.0211 79 45 16
13.505 5.3433 2.0146 76 44 23
13.583 5.1944 2.0481 75 43 22
13.439 5.4228 2.0437 75 46 22
13.46 5.32 2.0178 77 45 20
13.531 5.266 2.0349 74 44 10
13.472 5.3001 2.0355 77 44 11
13.531 5.2594 2.0601 78 47 0
13.488 5.325 2.0124 79 46 13
13.535 5.305 2.0183 75 44 16
13.52 5.3162 2.059 75 44 13
13.477 5.3384 2.0231 79 46 13
13.492 5.3162 2.0409 77 43 18
13.587 5.2744 2.0502 76 47 15
13.542 5.1629 2.0487 75 44 23
13.539 5.1273 2.0381 75 45 7
13.443 5.254 2.055 75 44 24
13.543 5.2073 2.0355 74 46 7
13.419 5.3308 2.038 77 45 22
13.558 5.184 2.0533 76 44 19
13.46 5.2381 2.0125 74 41 24
13.458 5.2732 2.0576 76 43 0
13.551 5.1578 2.0133 74 42 17
13.456 5.3139 2.0767 77 46 0
13.536 5.1356 2.0085 77 43 8
13.413 5.2995 2.0256 75 45 17
13.448 5.2896 2.0365 76 43 12
13.526 5.1426 2.0459 75 45 7
13.405 5.223 2.0529 73 44 12
13.529 5.0513 2.036 77 45 22
13.421 5.1577 2.0463 75 44 16
13.486 5.1112 2.0415 75 42 7
13.377 5.22 2.0621 75 44 24
13.376 5.2257 2.0314 77 47 21
13.421 5.2404 2.0516 77 47 11
13.507 5.1197 2.0675 75 45 21
13.405 5.2278 2.0238 78 50 13
13.459 5.1502 2.0352 73 44 0
13.429 5.1928 2.0338 73 44 12
13.446 5.2051 2.0598 73 45 0
13.456 5.1591 2.0096 73 44 12
13.499 5.135 2.0453 74 44 10
13.349 5.222 2.0401 76 48 21
13.482 5.0301 2.0428 74 47 14
13.335 5.1975 2.0651 76 43 28
13.401 5.0998 2.0603 75 47 0
13.424 5.1099 2.0605 73 44 10
13.392 5.0757 2.0241 77 43 14
13.4 5.1455 2.0492 75 44 16
13.443 5.039 2.0526 77 45 7
13.373 5.0962 2.0649 76 45 14
13.486 5.0656 2.0548 73 42 11
13.397 5.1087 2.0342 72 41 11
13.373 5.1856 2.045 76 45 27
13.322 5.1748 2.0586 78 51 16
13.381 4.9982 2.0533 78 47 1
13.382 4.9578 2.0052 76 45 0
13.428 5.0164 2.0456 76 43 8
13.411 4.9514 2.0577 78 44 19
13.289 5.1405 2.0508 77 47 21
13.272 5.1217 2.0788 77 48 27
13.361 5.0758 2.0288 81 51 17
13.395 5.021 2.0583 74 45 1
13.274 5.1221 2.0508 79 45 18
13.279 5.1944 2.0789 77 47 23
13.323 5.1232 2.0877 76 48 11
13.337 5.064 2.0608 78 46 25
13.344 5.0585 2.0287 78 46 23
13.418 4.8967 2.0303 80 40 22
13.377 4.8686 2.0294 77 45 4
13.3 4.9872 2.0674 79 48 18
13.381 4.9123 2.0187 77 46 2
13.24 5.0441 2.0514 79 46 5
13.317 5.0097 2.0461 77 45 20
13.38 4.9093 2.0452 75 44 0
13.241 5.0846 2.0684 78 46 21
13.31 4.9772 2.0318 77 48 17
13.396 4.9342 2.0229 76 42 15
13.258 5.0127 2.0602 77 46 28
13.296 5.0445 2.036 78 47 17
13.313 4.8731 2.0766 78 46 5
13.232 5.0103 2.0677 77 47 21
13.332 4.8482 2.0347 77 45 20
13.243 4.9976 2.0316 77 45 20
13.298 4.9058 2.037 75 45 21
13.281 4.8824 2.0585 77 45 22
13.378 4.7248 1.9978 78 47 0
13.204 4.9676 2.0542 80 43 24
13.29 4.9604 2.0582 77 42 20
13.332 4.7015 2.0338 0 0 0
13.318 4.8162 2.0807 75 44 0
13.23 4.881 2.044 0 0 0
13.297 4.8081 2.0536 78 47 0
13.186 4.9555 2.057 77 45 7
13.246 4.8491 2.0532 0 0 0
13.233 4.9193 2.0565 76 41 21
13.194 4.8947 2.0583 0 0 0
13.324 4.7174 2.0101 0 0 0
13.202 4.885 2.0223 0 0 0
14.375 3.5624 3.346 67 40 5
14.488 3.6205 3.1785 56 34 10
14.459 3.4804 3.1025 69 39 13
14.465 3.5225 3.1945 66 39 20
14.409 3.495 3.0602 70 41 19
14.424 3.4488 3.2136 69 38 17
14.397 3.7861 2.9197 61 37 0
14.33 3.5076 2.888 65 35 9
14.161 3.8104 2.9791 67 39 0
14.293 3.6198 2.9517 67 39 0
14.393 3.4801 2.8939 65 37 0
14.398 3.8038 2.802 60 32 5
14.399 3.8021 2.8024 60 32 5
14.392 3.5693 2.7478 64 40 6
14.314 3.4325 2.6672 59 31 0
14.26 3.5617 2.8142 59 32 13
14.4 3.8596 2.4487 31 10 0
14.3 3.4716 2.5554 68 35 4
14.161 5.4683 2.516 74 45 13
15.856 7.5351 2.05 76 47 26
15.448 7.4757 2.1809 75 49 24
15.4 6.6375 2.0527 80 49 18
15.416 6.233 2.0894 100 70 34
15.394 6.1996 2.0735 107 73 38
15.006 6.2969 2.1378 208 146 82
15.109 5.8432 2.0019 80 49 21
15.246 5.8726 1.9824 80 49 18
14.944 5.8723 2.0573 82 50 12
15.097 5.8901 2.0293 81 49 26
15.229 5.8247 2.0084 80 52 25
14.961 5.8234 2.0328 79 47 22
15.087 5.7016 2.0359 81 47 20
15.194 5.7512 1.9946 79 47 22
15.109 5.746 2.0026 78 44 19
14.989 5.6719 2.0053 79 48 20
14.899 5.577 2.0334 79 49 21
14.972 5.5272 2.0408 81 49 10
14.908 5.5276 2.0139 84 50 21
14.973 5.379 2.0207 77 47 13
14.776 5.4612 2.0594 80 49 18
14.908 5.4518 2.1133 85 49 9
14.872 5.5272 2.1053 87 53 18
14.911 5.426 2.0158 78 48 24
14.993 5.2303 2.1501 76 46 22
14.965 5.3267 2.0503 76 47 13
14.95 5.3463 2.0171 77 47 21
14.817 5.1867 2.0309 78 46 23
14.892 5.1256 2.0355 77 48 17
14.6 5.3439 2.0906 78 48 20
14.921 5.1539 2.0355 76 47 16
14.713 5.3224 2.019 79 50 19
14.743 5.1906 2.0467 76 46 8
14.598 5.2475 2.0993 78 47 19
14.682 5.1315 2.0731 79 49 11
14.846 5.1089 2.0414 78 48 12
14.718 5.2179 2.0196 76 45 14
14.614 5.2458 2.0513 79 48 20
14.623 5.0824 2.0718 81 45 21
14.512 5.1311 2.0712 85 52 21
14.738 5.0426 2.031 77 46 16
14.796 4.7597 2.1017 76 45 15
14.713 4.9253 1.9521 83 52 21
14.574 4.9794 2.0402 83 48 26
14.665 4.975 2.1531 77 46 15
14.5 5.0487 2.0417 84 50 21
14.682 4.823 2.0481 77 46 15
14.562 4.9327 2.0678 78 46 7
14.551 4.9026 2.0164 81 47 18
14.618 4.8363 2.028 79 47 8
14.432 4.9494 2.0978 77 45 20
14.445 4.8994 2.036 80 50 22
14.557 4.8492 1.9985 79 48 18
14.566 4.7739 2.0488 75 43 18
14.576 4.7145 2.0216 77 45 22
14.535 4.8102 2.0246 77 48 17
14.438 4.8487 2.0541 81 46 24
14.473 4.7681 2.0263 80 46 19
14.428 4.8019 2.0893 76 45 14
14.445 4.6952 1.9971 81 48 13
14.408 4.78 2.0407 83 50 15
14.356 4.5737 2.0105 79 48 17
14.275 4.5 2.0392 76 45 14
14.239 4.6396 2.0939 76 46 20
14.432 4.3729 2.0133 76 45 24
14.295 4.588 2.028 78 47 19
14.317 4.506 2.0376 78 47 17
14.103 4.5796 2.1746 74 44 10
14.131 4.5478 2.1575 74 44 10
14.265 4.3987 2.042 76 45 14
14.201 4.4803 2.0415 75 45 7
14.202 4.5301 2.0618 78 48 10
14.466 4.2725 2.0213 73 43 7
14.054 4.594 2.1447 76 44 21
14.176 4.4379 2.1552 72 41 10
14.38 4.2043 2.0031 74 44 10
14.284 4.024 2.0418 70 41 10
14.206 4.2557 2.0031 75 41 12
14.208 4.1837 2.0597 74 45 14
14.038 3.8872 2.0611 70 39 18
14.042 3.8857 2.0175 72 40 19
13.645 7.3147 2.7375 76 48 9
15.286 7.3581 2.0674 73 43 19
15.424 7.3943 2.0213 74 45 24
15.469 7.4143 2.0534 73 43 19
15.617 7.3891 1.9856 73 43 25
15.672 7.3085 1.8733 76 45 35
15.354 7.2727 1.9899 74 49 19
15.525 7.3178 1.8984 75 46 25
15.295 7.2133 1.9785 80 50 26
15.447 7.168 1.9374 82 54 25
15.094 7.186 2.0512 81 51 27
15.298 7.2421 1.9989 77 48 27
15.433 7.079 1.9918 92 59 26
15.433 6.9915 2.0292 83 52 21
15.188 7.0105 2.0051 82 52 28
15.612 6.957 1.9014 81 53 24
15.653 7.0345 1.8867 86 54 31
15.241 7.0184 1.9459 82 52 28
15.376 7.0621 1.9592 85 54 26
15.51 6.9298 1.9291 82 50 29
15.286 6.8845 1.9829 80 48 25
15.216 6.9012 1.9849 81 49 28
15.457 6.9463 1.9122 79 49 21
15.14 6.9406 2.032 80 50 24
15.374 6.9076 1.9711 84 54 20
15.135 6.9209 1.9824 82 51 30
15.581 6.9465 1.9552 82 52 26
15.385 6.9172 2.0542 81 50 22
15.109 6.9536 2.0123 81 51 27
15.38 6.817 1.8794 81 51 27
15.508 6.8133 1.9179 80 50 24
15.433 6.8344 1.9078 82 51 23
15.322 6.8582 1.9189 82 50 27
15.313 6.8024 1.9813 79 48 20
15.211 6.8038 1.9371 80 49 19
15.343 6.8103 1.9304 81 49 26
15.061 6.8975 1.9975 82 50 29
15.078 6.8955 1.9899 82 50 29
15.188 6.7744 1.9262 80 50 24
14.891 6.7434 2.0647 86 51 31
15.367 6.772 1.9069 80 50 24
15.169 6.7324 1.9557 81 51 27
15.516 6.5938 1.9446 81 51 27
15.156 6.6661 1.9316 82 51 21
14.945 6.6382 1.9896 87 54 35
15.118 6.696 1.9976 84 50 23
15.43 6.5722 1.9613 82 52 26
15.014 6.5698 2.0133 88 55 22
14.986 6.5965 1.9576 87 51 27
15.282 6.4901 1.9754 89 55 30
15.136 6.5549 1.9244 84 53 25
15.11 6.5953 1.9514 84 52 13
15.028 6.4165 1.9734 96 62 27
15.271 6.4561 1.9589 92 58 29
15.079 6.4288 2.0071 100 65 36
14.959 6.4888 1.9597 92 58 33
14.856 6.4802 1.9895 94 60 31
15.34 6.3482 1.7913 94 60 25
15.273 6.4172 1.9471 95 61 32
14.906 6.4229 1.9828 100 62 33
15.224 6.2941 1.9862 164 110 56
15.243 6.3003 1.9374 105 68 36
14.745 6.3986 2.0276 97 62 32
14.862 6.3988 1.9936 99 61 35
15.378 6.291 1.9414 177 122 74
15.001 6.3401 1.9961 102 64 35
14.982 6.3927 1.9805 95 60 30
15.164 6.3701 1.954 103 65 37
15.127 6.3427 1.9537 102 66 26
14.892 6.3459 1.9935 96 62 25
14.938 6.3683 1.9896 95 59 33
14.724 6.4808 2.0351 94 60 31
14.822 6.2964 1.9904 93 59 30
14.885 6.2653 2.0014 95 60 31
14.784 6.3529 1.9914 94 59 27
14.83 6.2937 1.9871 93 59 30
14.942 6.2839 1.9925 95 59 33
15.011 6.2155 1.973 94 59 27
14.849 6.3235 1.9921 99 62 26
14.943 6.3201 2.008 97 62 30
14.689 6.3477 2.0209 91 55 29
14.879 6.1464 1.988 87 56 25
14.841 6.207 1.9868 91 58 27
14.816 6.2055 2.0348 88 52 26
14.72 6.2587 2.0062 89 54 32
14.872 6.2342 1.9828 92 58 29
14.641 6.2159 2.0149 86 56 30
15.022 6.1737 1.954 90 57 26
14.925 6.2271 1.9232 92 57 28
15.002 6.092 1.9659 88 54 29
14.675 6.239 2.0112 88 55 24
14.774 6.1572 1.9853 85 54 24
14.744 6.1318 1.9814 83 52 24
14.892 6.0939 1.9964 87 53 26
14.854 6.0698 2.0014 85 53 28
14.79 6.1416 2.0136 88 54 27
14.795 6.0546 2.0124 82 52 28
14.71 6.0981 2.0177 85 54 26
14.867 6.0751 1.9562 85 55 21
14.752 6.1654 1.9958 85 54 24
14.671 6.1692 1.9842 84 54 26
14.748 6.0931 1.9631 86 56 18
15.004 5.9091 1.971 79 49 21
15.124 5.8904 1.9738 82 51 23
14.668 6.0308 2.0433 84 52 29
15.159 5.833 1.9418 82 50 27
14.865 5.9168 2.0588 80 50 26
14.801 5.9651 2.011 81 51 23
14.919 5.904 1.9938 84 50 25
14.77 5.9499 1.9689 81 50 20
14.833 6.0291 2.033 83 51 26
14.998 5.9118 1.9742 79 49 21
14.756 6.0322 2.0151 84 52 27
14.713 6.0223 1.9788 83 51 26
14.729 6.0533 1.9907 83 52 22
14.821 5.9955 2.0183 82 50 25
14.708 5.9863 1.9685 82 52 18
14.608 6.1118 2.0184 85 55 27
14.605 6.0772 2.0017 85 54 24
14.537 5.9877 2.0199 85 54 26
14.477 6.0509 2.0702 83 53 25
14.632 5.8959 1.991 83 53 19
14.851 5.8939 2.0054 81 50 19
14.848 5.8135 1.9752 81 49 24
14.753 5.918 1.9625 81 50 19
14.693 5.906 1.9799 79 49 23
14.713 5.9262 2.0183 85 51 22
14.612 5.9154 1.9639 84 53 25
14.682 5.9015 2.0199 83 53 17
14.569 5.8499 1.9896 84 53 25
14.65 5.829 2.035 82 51 21
14.606 5.8603 2.0203 81 50 22
14.73 5.7489 1.9733 82 51 20
14.698 5.8549 1.9933 81 50 22
14.548 5.9077 1.9825 85 54 26
14.646 5.8507 1.9653 84 53 23
14.594 5.8275 2.0115 87 54 21
14.722 5.8232 2.0532 81 50 22
14.743 5.8234 2.0038 84 51 16
14.442 5.9228 2.0226 85 54 24
14.562 5.8143 1.9768 86 52 25
14.501 5.7692 1.9706 82 50 25
14.482 5.77 2.0185 84 50 25
14.561 5.7761 1.9586 85 52 21
14.867 5.6046 2.0103 82 50 25
14.61 5.7801 1.989 81 51 13
14.939 5.5211 1.9578 81 51 23
14.312 5.836 2.0612 81 50 22
14.564 5.7646 1.9948 84 52 11
14.446 5.7518 2.021 84 52 29
14.415 5.6916 2.0058 82 48 21
14.462 5.6544 2.0154 82 48 19
14.503 5.6609 2.0461 82 50 27
14.435 5.6531 2.0975 79 49 21
14.69 5.5319 2.0222 79 49 25
14.511 5.6752 1.9699 79 49 23
14.538 5.6501 1.9909 81 51 17
14.535 5.6921 2.0046 83 52 24
14.639 5.5102 2.0692 78 49 17
14.398 5.6536 2.0338 80 47 14
14.445 5.5755 2.0201 81 48 15
14.583 5.554 2.0605 79 49 15
14.475 5.5883 2.0594 80 51 17
14.579 5.4626 2.0572 81 47 18
14.28 5.6503 2.0664 81 51 23
14.679 5.4421 2.0363 82 50 25
14.57 5.4784 2.0299 78 48 20
14.426 5.5966 1.997 80 48 23
14.53 5.5129 2.0104 81 50 20
14.209 5.6793 2.1701 84 50 23
14.5 5.4993 1.9763 83 49 22
14.336 5.7004 2.0324 81 49 26
14.668 5.4593 2 78 47 19
14.58 5.5461 2.0992 77 48 16
14.337 5.6616 2.0143 82 51 23
14.766 5.2408 1.9776 78 48 20
14.755 5.2482 1.9833 78 48 20
14.469 5.4507 2.0866 75 45 21
14.386 5.492 1.9993 83 54 14
14.305 5.578 2.1016 82 48 19
14.297 5.5213 2.0006 85 51 24
14.501 5.4052 1.9798 83 50 19
14.289 5.5971 2.0769 81 50 19
14.468 5.4517 2.0864 75 45 21
14.512 5.4737 2.0436 76 48 21
14.371 5.534 2.0663 82 48 19
14.515 5.4294 2.0266 82 51 23
14.523 5.3714 2.0438 79 47 24
14.29 5.5174 2.0447 82 50 25
14.368 5.5536 1.9998 80 49 21
14.626 5.2914 2.027 80 50 22
14.459 5.2779 2.0552 83 52 21
14.255 5.4218 2.0109 90 56 27
14.523 5.328 2.025 80 49 19
14.529 5.2708 2.0373 82 48 21
14.287 5.4795 2.0269 83 51 10
14.384 5.3427 2.0644 85 51 16
14.37 5.3611 2.0346 87 54 23
14.243 5.4625 2.0697 86 51 21
14.195 5.4582 2.0807 90 55 25
14.465 5.3262 2.0333 83 50 17
14.234 5.5253 2.0251 87 51 27
14.47 5.3313 1.9936 84 53 23
14.238 5.4748 2.0402 85 53 28
14.386 5.4333 2.0547 82 49 16
14.377 5.4482 2.0236 82 49 6
14.309 5.4555 2.0474 81 48 15
14.542 5.1715 1.9965 86 52 23
14.388 5.2006 2.0386 87 52 23
14.513 5.2296 2.0648 83 52 22
14.281 5.2939 2.0637 90 55 23
14.079 5.4678 2.1131 105 67 30
14.289 5.2954 2.022 97 58 25
14.402 5.2856 2.0278 87 53 24
14.361 5.3253 2.0232 91 53 25
14.588 5.1276 2.0098 86 53 22
14.357 5.2856 2.0052 94 57 21
14.456 5.0475 2.0087 84 50 21
14.526 4.9804 2.0096 87 50 14
14.178 5.2589 2.0384 88 54 29
14.325 5.2076 2.0604 88 51 17
14.137 5.342 2.0475 97 60 24
14.568 5.0497 1.9822 88 57 9
14.357 5.1374 2.023 89 51 23
14.262 5.2246 2.045 86 52 14
14.239 5.3016 2.0053 95 63 25
14.43 5.1141 2.0371 87 52 22
14.091 5.3398 2.0576 88 55 20
14.257 5.2361 2.0081 88 53 23
14.228 5.2942 2.0794 88 57 13
14.283 5.2582 2.0131 91 56 26
14.394 4.9524 2.0262 79 48 18
14.075 5.2646 2.0697 84 49 27
14.156 5.2437 2.0029 87 53 24
14.103 5.1976 2.0355 82 50 25
14.216 5.089 1.9985 82 50 29
14.235 5.0651 2.0274 77 47 13
14.151 5.19 2.0536 82 51 7
14.162 5.2313 2.0334 86 51 21
14.274 5.0746 2.02 82 49 16
14.316 4.9218 2.0681 80 49 21
14.143 5.0447 2.1105 77 44 13
14.036 5.1747 2.0399 82 51 21
14.304 4.9789 2.0927 83 49 20
14.407 4.8937 2.0006 77 43 18
14.326 4.9201 2.0261 78 45 12
14.005 5.1546 2.077 80 49 21
14.063 5.142 2.056 78 49 18
14.284 4.9049 2.0717 78 44 15
13.969 5.1955 2.0651 82 50 25
13.952 5.1906 2.1751 79 45 8
14.361 4.9354 2.0264 78 45 14
14.39 4.9095 2.0095 77 43 18
14.121 5.1394 2.0049 85 47 32
14.177 5.1086 2.0934 79 48 20
14.106 5.0508 2.0444 77 47 13
14.221 4.872 2.0658 75 43 18
13.956 5.1174 2.0728 82 50 25
14.086 4.9676 2.0953 80 48 10
14.203 4.8434 2.0617 80 46 19
14.233 4.8681 2.0254 78 49 7
14.236 4.8504 2.0982 79 44 14
13.99 5.0407 2.0339 82 48 21
14.055 5.0565 2.0627 73 48 16
14.154 4.9533 2.0397 78 43 13
14.157 4.9657 1.9654 82 50 25
13.88 5.1095 2.0853 81 50 19
13.985 4.9952 2.0533 81 50 22
14.102 4.8144 2.0307 77 45 6
13.974 4.9629 2.0437 80 49 21
14.19 4.7139 2.0188 78 47 1
14.306 4.6338 2.0047 76 44 19
14.007 4.9211 2.0568 78 48 22
14.083 4.7875 2.0295 78 46 5
13.879 4.9333 2.0527 77 45 6
14.001 4.8826 2.0435 77 46 16
14.255 4.5807 2.037 79 45 18
13.99 4.8493 2.0313 78 48 22
14.105 4.7092 2.0271 76 42 4
14.253 4.5977 1.9623 78 47 27
13.983 4.8105 2.0169 77 45 22
13.892 4.9621 2.059 80 46 21
14.188 4.7076 2.0468 76 47 3
14.121 4.5288 2.0364 76 43 12
13.891 4.777 2.0254 81 49 24
14.153 4.5424 2.0367 76 43 8
14.232 4.3931 2.0115 78 43 13
13.957 4.7935 2.0168 78 45 10
14.003 4.687 2.0055 75 46 22
14.017 4.6215 1.9759 76 46 20
13.871 4.8463 2.0555 79 47 22
13.958 4.7859 2.0489 77 47 21
14.171 4.3591 2.0073 77 43 14
14.163 4.3763 1.976 73 39 10
13.861 4.707 2.075 76 46 20
13.827 4.8069 2.0484 74 43 22
14.092 4.5137 2.0383 74 44 10
13.841 4.783 2.0699 75 45 19
13.842 4.683 2.0698 77 45 22
13.992 4.5882 2.0389 77 43 16
13.881 4.689 2.0292 75 46 15
13.9 4.7072 2.073 74 44 20
13.965 4.5731 2.0411 74 44 16
14.028 4.5947 2.035 71 41 7
13.872 4.7051 1.9974 77 44 13
13.848 4.6823 2.0368 77 47 13
14.034 4.4817 2.0371 71 40 9
14.041 4.3626 2.0268 70 41 10
13.879 4.5884 2.0286 75 44 24
14.023 4.4495 1.9844 75 46 24
14.352 4.0149 1.8951 73 42 22
14.048 4.3481 2.0625 77 43 6
13.767 4.6413 2.0307 75 48 13
13.988 4.3793 2.0481 72 40 15
13.968 4.3994 2.0962 73 41 16
13.813 4.5755 2.034 76 46 22
14.053 4.1842 1.9619 72 40 17
14.05 4.2361 2.0163 71 42 0
14.146 4.1154 1.9192 71 41 3
13.676 4.5659 2.0542 74 43 15
13.674 4.5647 2.091 74 41 22
13.601 4.6212 2.1261 71 43 16
13.597 4.7179 2.2018 74 43 23
13.874 4.2574 2.0912 71 41 7
13.747 4.5116 2.06 76 50 0
13.98 4.1091 1.9808 71 43 4
13.677 4.5171 2.0413 71 41 13
13.741 4.4635 2.0758 76 43 26
13.844 4.1384 2.0592 67 36 5
13.81 4.1943 2.0431 70 41 17
13.795 4.2762 2.0357 71 46 16
13.902 4.1061 2.0376 71 38 3
13.784 4.2874 2.0802 72 41 21
13.94 3.9865 2.0314 70 37 20
13.57 4.4127 2.0817 0 0 0
13.871 3.9245 1.936 0 0 0
13.672 4.2466 2.0433 0 0 0
13.81 4.0769 2.0436 68 38 20
13.929 3.8903 1.9086 0 0 0
13.372 4.7285 2.2715 77 44 25
13.791 4.1627 2.0758 72 43 9
13.733 4.201 2.0546 70 39 11
14.988 7.5025 2.001 74 45 24
14.959 7.4739 2.0027 76 45 25
14.946 7.4372 2.0234 75 44 23
14.989 7.4657 2.0191 77 46 25
14.894 7.3931 1.9887 80 48 9
15.311 7.413 1.9959 77 47 21
15.229 7.3624 1.9714 78 48 22
15.113 7.3644 1.9049 79 51 24
15.19 7.4407 1.9474 73 45 18
15.096 7.3859 2.0404 74 44 18
14.906 7.3672 1.9707 81 49 26
14.9 7.3938 1.9845 80 48 9
14.971 7.3488 2.0024 78 44 19
15.313 7.3249 1.9526 83 48 26
15.873 7.2907 1.7343 80 49 29
15.168 7.2764 1.9469 75 45 21
14.814 7.2769 2.0003 81 50 22
15.287 7.3181 1.8777 80 48 7
14.981 7.3016 2.0453 75 46 25
15.197 7.3327 1.9705 78 47 19
15.256 7.2949 1.9596 77 46 26
15.165 7.2826 2.0321 77 46 26
14.868 7.2837 2.0497 75 47 20
15.156 7.3437 1.9515 77 47 19
14.892 7.2522 2.1365 79 48 27
15.201 7.2652 1.9679 79 48 28
15.053 7.2359 2.0191 76 49 14
14.902 7.2126 1.9633 79 47 22
15.385 7.2234 1.9091 80 52 21
15.026 7.2406 1.9153 80 49 29
14.982 7.2565 1.9882 79 44 22
14.989 7.2012 1.9541 78 48 22
15.029 7.2007 1.9355 78 48 22
15.523 7.2549 1.8651 79 49 21
14.922 7.2308 1.9939 76 45 17
15.612 7.2223 1.8108 80 52 21
14.939 7.2677 1.9725 78 45 30
15.016 7.246 2.0051 80 46 17
14.92 7.2505 1.9366 80 50 24
15.092 7.2183 1.9525 78 47 19
14.749 7.1356 1.9921 78 45 26
15.002 7.1128 2.0152 82 52 26
15.032 7.1725 1.9168 78 47 19
14.771 7.1618 1.9949 80 49 19
15.281 7.1215 1.9399 83 52 32
14.919 7.1856 1.9369 79 47 22
15.034 7.013 1.986 86 54 29
15.052 7.0226 1.943 84 50 25
15.081 7.0511 1.9429 84 52 11
14.863 7.0897 2.0671 84 50 23
14.79 7.0968 1.9881 79 49 23
15.081 7.0388 1.9853 82 50 29
15.185 6.9914 1.9511 82 50 25
14.805 7.0584 1.9983 83 49 20
14.937 7.0695 1.9791 82 47 27
14.813 7.0401 1.9466 82 47 27
14.802 7.0682 1.969 81 49 36
14.983 7.0366 1.9465 82 47 17
15.188 7.0867 1.8766 81 46 16
14.775 7.1068 1.967 79 50 16
14.854 6.9695 1.9286 80 48 25
14.795 6.9463 1.9413 79 49 23
14.934 7.0006 1.9868 83 49 20
14.928 7.012 1.9539 81 48 17
14.753 7.0164 1.9622 80 48 25
15.078 6.9682 1.9873 85 55 29
14.79 6.966 1.9883 78 46 21
15.056 6.9304 1.8939 81 49 11
14.919 6.9832 1.9431 80 48 23
14.954 6.9697 1.9609 81 47 20
14.719 6.9909 1.9654 83 49 24
14.788 6.9183 1.928 82 50 29
15.111 6.8602 1.9595 84 52 27
14.824 6.8836 2.0112 80 46 21
14.849 6.8713 1.9157 80 50 26
15.156 6.8981 1.9207 85 54 23
15.064 6.876 1.9472 83 53 29
14.839 6.8416 2.0226 84 52 27
14.529 6.9199 2.044 83 48 26
14.839 6.9023 1.9362 79 47 24
14.791 6.9178 1.9267 82 50 29
14.935 6.9015 1.9699 82 47 25
14.864 6.919 1.9731 78 46 23
14.857 6.9002 1.9276 79 47 24
14.868 6.8689 2.0198 85 51 26
14.851 6.8908 1.9633 81 50 22
15.124 6.8264 1.9381 84 51 32
15.033 6.8383 1.8575 79 44 12
14.764 6.9391 1.9906 84 47 13
14.67 6.8355 1.9781 81 50 29
14.843 6.7618 2.0486 82 50 25
14.657 6.8089 1.9666 83 51 26
14.973 6.7827 1.9751 85 52 19
14.465 6.8201 2.1265 83 50 19
14.72 6.7891 1.9685 84 49 27
14.358 6.8878 2.1117 81 51 27
14.994 6.811 1.9828 83 53 29
14.701 6.803 2.0532 80 47 28
14.879 6.6812 1.9202 82 50 25
14.812 6.6829 1.989 84 52 27
14.603 6.7207 1.9797 83 52 24
14.82 6.733 1.9337 85 51 22
14.808 6.715 2.0068 86 52 25
15.013 6.7013 1.9606 85 50 28
14.575 6.7643 1.9787 84 52 27
14.656 6.7407 1.9675 83 51 26
14.941 6.6815 1.9761 83 52 24
14.552 6.739 1.9778 82 50 25
14.659 6.7312 1.9943 83 49 24
14.851 6.739 2.0005 88 54 25
14.937 6.7354 1.9238 82 48 19
14.603 6.7891 1.9751 83 52 31
14.67 6.7491 2.0382 81 49 26
14.631 6.775 1.9936 82 52 16
14.616 6.6997 2.0349 85 50 28
14.65 6.7026 1.9864 83 51 12
14.813 6.5768 1.9751 85 51 22
14.961 6.5785 1.9158 83 52 24
14.481 6.6574 1.9977 86 55 25
14.996 6.5605 1.9349 85 53 28
14.72 6.6483 1.969 87 53 28
14.609 6.6502 1.9777 86 52 23
14.954 6.6131 1.9383 86 54 29
14.594 6.6834 2.0009 82 51 21
14.788 6.6245 1.9677 84 50 23
14.516 6.6791 1.9943 84 53 23
14.687 6.6139 2.0046 87 53 28
14.563 6.6984 1.9876 84 51 16
14.857 6.5572 1.9853 85 55 27
14.571 6.6284 1.981 86 53 22
14.671 6.6272 1.9788 83 52 24
14.396 6.6094 2.0469 86 55 27
14.88 6.5177 1.9623 91 57 28
14.691 6.5086 1.9849 87 58 27
14.538 6.5347 1.985 88 53 31
14.831 6.4965 1.9672 91 57 30
14.606 6.5805 1.9776 85 51 24
14.477 6.5598 1.9857 85 56 25
14.659 6.5986 1.97 87 53 18
14.63 6.5429 1.9519 85 54 24
14.694 6.5503 1.9628 87 52 30
14.662 6.5255 1.9673 88 54 25
14.714 6.5125 1.9405 88 54 27
14.73 6.5732 1.9661 89 55 30
14.516 6.6196 1.9649 84 53 22
14.503 6.6136 2.0028 85 55 21
14.641 6.4243 1.9625 87 57 23
14.515 6.5008 2.0136 89 55 30
14.551 6.4817 2.0257 92 58 31
14.755 6.4492 1.9709 93 59 30
14.804 6.402 1.9277 93 59 34
14.499 6.5141 1.9911 90 55 25
14.734 6.4116 1.9985 92 58 33
14.501 6.4738 2.0013 89 54 24
14.466 6.4928 1.9897 87 56 28
14.635 6.491 1.9981 91 57 32
14.861 6.4551 1.9346 91 57 32
14.409 6.5176 1.9909 91 55 31
14.457 6.5348 1.981 88 56 31
14.609 6.5071 1.9794 90 56 27
14.676 6.3613 1.9948 92 59 28
14.8 6.2773 1.951 91 57 28
14.45 6.3851 2.0167 88 55 22
14.814 6.2831 1.9075 90 59 28
14.722 6.3907 1.9552 92 61 33
14.48 6.4077 2.0146 91 56 27
14.566 6.3901 1.936 86 55 25
14.426 6.4019 1.9972 89 56 23
14.353 6.4166 2.069 88 55 22
14.584 6.3661 1.9907 91 57 32
14.477 6.4582 1.9708 85 54 26
14.536 6.3764 1.9013 91 58 27
14.66 6.3749 1.9735 93 59 32
14.41 6.4468 1.9936 90 55 25
14.812 6.3545 1.9452 94 60 33
14.482 6.4388 2.0293 90 56 27
14.518 6.4372 1.9788 86 53 22
14.631 6.2732 1.9693 88 57 27
14.683 6.2452 1.9783 88 56 35
14.347 6.3567 2.0404 87 54 21
14.596 6.3283 1.9707 89 58 28
14.338 6.4084 1.9986 91 58 27
14.536 6.2815 1.9687 85 55 21
14.728 6.2753 1.9351 90 59 31
14.365 6.368 1.9688 90 54 28
14.572 6.2504 2.0137 90 57 24
14.667 6.286 1.9999 88 57 27
14.365 6.3589 1.9999 89 55 20
14.513 6.3229 1.9979 89 58 30
14.498 6.2862 2.0182 86 55 25
14.388 6.3101 2.0015 89 55 28
14.358 6.393 2.0186 89 55 26
14.498 6.3278 2.0056 89 58 30
14.514 6.3318 1.9632 90 55 26
14.335 6.3382 2.0004 90 57 22
14.276 6.2969 2.0009 87 56 28
14.534 6.1605 1.9872 87 55 30
14.28 6.255 2.0147 86 55 27
14.5 6.2607 1.9726 86 53 22
14.29 6.274 2.0572 87 54 21
14.457 6.2184 1.9271 87 56 26
14.562 6.2032 1.9224 86 53 22
14.362 6.2871 2.0029 87 57 23
14.317 6.3127 1.9955 89 53 27
14.453 6.2016 2.0002 85 56 24
14.227 6.2841 2.0164 87 55 32
14.638 6.146 1.9811 85 55 27
14.582 6.2121 1.995 89 55 30
14.649 6.1969 1.9252 85 54 24
14.388 6.135 1.9545 87 51 25
14.628 6.1138 1.9708 85 55 29
14.446 6.136 1.9685 84 51 20
14.383 6.1962 2.0191 85 51 22
14.379 6.1819 1.9426 87 53 28
14.436 6.1834 1.9574 86 52 27
14.466 6.153 2.0098 86 54 31
14.515 6.1237 2.0171 86 55 25
14.19 6.196 2.0233 83 51 30
14.271 6.2175 2.0366 87 52 22
14.442 6.1195 2.0327 86 55 27
14.403 6.0317 2.0096 81 50 22
14.146 6.1357 2.0783 83 50 15
14.523 6.0398 2.0111 85 53 28
14.479 6.0237 2.0155 84 55 21
14.343 6.0337 1.9929 83 48 16
14.312 6.0824 2.0305 82 50 12
14.194 6.1296 1.9886 83 52 24
14.377 6.0081 2.0119 81 50 20
14.335 6.0809 1.9844 84 48 22
14.373 6.098 1.9786 83 51 26
14.384 6.0676 1.9201 84 52 27
14.294 6.1423 1.9904 82 50 27
14.475 6.0342 1.9875 86 55 27
14.512 5.9718 1.9839 84 54 26
14.17 6.1729 2.0202 84 53 23
14.426 5.9032 1.9819 84 50 23
14.163 6.0282 2.0212 82 48 23
14.283 6.0279 2.0121 83 50 9
14.133 6.0849 2.0239 79 49 23
14.453 5.8982 1.9314 82 48 10
14.02 6.0781 2.0633 85 51 24
14.217 6.0093 1.9556 82 51 21
14.234 6.018 2.0262 82 48 23
14.432 5.8911 2.008 82 51 21
14.359 5.973 2.0347 84 50 23
14.199 6.0436 2.0147 81 49 24
14.424 5.977 2.0139 83 52 24
14.336 5.9932 2.0108 82 47 25
14.218 5.9831 2.0504 80 44 18
14.207 5.9976 2.0237 82 50 11
14.203 6.0755 2.0302 82 48 21
14.212 6.0795 1.9934 83 54 23
14.074 5.9752 2.0266 84 53 25
14.423 5.8582 1.9997 85 50 28
14.211 5.9692 1.9741 82 51 21
14.167 5.9154 2.0004 81 51 27
14.123 5.9741 2.0451 84 48 22
14.121 5.983 2.0154 83 49 24
14.191 5.8934 2.0176 83 49 24
14.37 5.8952 1.9946 82 48 21
14.15 5.9755 1.9671 86 53 22
14.08 6.0461 2.0261 85 51 24
14.266 5.9228 2.0047 82 50 12
14.277 5.9258 1.9653 81 52 10
14.332 5.7203 1.9677 80 49 18
14.248 5.8076 2.0321 82 48 21
14.215 5.8353 2.0207 81 48 7
14.001 5.9091 2.0576 82 50 25
14.268 5.7876 2.054 82 50 27
14.2 5.8248 1.9474 83 52 24
14.052 5.9205 2.01 86 50 28
14.008 5.9128 2.0227 82 51 23
14.133 5.8484 2.0496 83 51 10
14.371 5.7652 2.0136 83 51 28
14.168 5.8354 1.9973 80 48 23
14.371 5.6878 1.9775 82 48 19
14.165 5.873 2.0186 77 47 9
14.078 5.8546 2.0356 81 50 19
14.106 5.9234 1.9914 83 52 21
14.178 5.8737 1.9797 82 51 21
14.182 5.8274 1.9908 80 48 23
14.008 5.8364 2.0207 84 50 23
14.251 5.7237 2.0309 83 49 22
14.297 5.6565 1.9853 79 47 22
14.305 5.643 2.0142 80 49 19
14.154 5.7107 2.0548 81 50 22
14.256 5.7286 1.9913 79 50 16
14.146 5.7688 2.0136 81 49 10
14.022 5.82 2.0433 82 51 20
14.2 5.6806 2.0268 81 50 22
14.012 5.7993 1.9995 83 51 28
14.142 5.7796 1.9852 82 51 20
14.094 5.8173 1.9796 85 51 26
14.086 5.8222 1.9854 85 51 26
14.152 5.7201 2.0236 82 50 12
14.119 5.7497 2.0104 80 48 10
14.135 5.8115 2.0345 81 49 8
14.184 5.7368 2.0194 82 50 11
13.993 5.8039 2.0399 82 51 21
14.221 5.6205 2.0321 81 46 14
14.016 5.7455 2.0448 81 50 22
14.192 5.602 2.0303 83 53 19
14.037 5.7031 1.9847 84 50 25
14.257 5.6352 2.0284 79 48 20
14.18 5.58 1.9877 78 48 10
14.046 5.7611 2.0387 82 52 28
14.25 5.6098 1.9815 79 45 20
14.195 5.6548 1.9814 81 48 13
13.938 5.8134 2.0334 85 53 15
14.056 5.6901 1.9711 84 50 25
14.007 5.7594 2.0186 81 50 22
14.069 5.7017 2.0409 82 47 18
13.906 5.7593 2.0529 83 52 24
14.074 5.6622 2.0219 80 48 23
14.196 5.6074 1.9939 82 50 11
14.049 5.6874 2.0079 82 51 21
14.032 5.5729 2.0318 86 52 17
14.143 5.5599 2.0278 82 51 23
14.268 5.4612 1.9875 87 53 24
14.066 5.5851 2.0294 84 50 12
13.942 5.6908 2.0411 83 49 24
14.008 5.6796 2.019 84 52 13
14.059 5.5981 2.0018 85 51 26
14.087 5.6159 1.9979 78 46 21
13.878 5.7097 2.0403 84 53 23
14.223 5.4537 1.9986 88 57 26
13.956 5.637 2.0494 85 54 24
13.944 5.6534 2.0253 85 53 14
14.118 5.5391 2.0259 82 51 23
14.18 5.5717 2.0199 81 49 26
14.061 5.626 2.0459 80 51 9
13.917 5.7162 2.028 85 54 26
13.875 5.5912 2.0547 97 60 28
13.921 5.5908 2.0396 96 59 27
14.165 5.4655 1.9823 95 58 26
13.911 5.6426 2.0323 90 56 19
14.02 5.5522 1.9912 90 55 23
13.89 5.6227 2.0304 88 57 29
13.9 5.658 2.0112 85 54 24
13.823 5.5967 2.0741 94 58 20
14.068 5.366 2.0402 94 57 15
13.837 5.5926 2.0329 90 54 28
13.907 5.4907 1.9989 89 54 24
14.058 5.3346 2.0316 86 52 27
13.876 5.472 2.0355 84 51 16
13.986 5.4028 2.0433 87 49 21
13.822 5.5682 2.0281 85 54 24
13.885 5.502 2.0427 88 55 22
14.158 5.3333 1.9995 109 69 31
13.819 5.5275 2.0453 85 53 15
13.95 5.4021 2.0171 86 52 25
13.803 5.4606 2.053 84 51 18
13.909 5.3599 2.0133 83 50 17
13.767 5.456 2.0595 83 52 8
13.985 5.3646 2.0267 85 51 16
14.16 5.1979 1.9806 85 50 20
13.847 5.4665 2.0077 84 53 23
13.924 5.3783 2.0487 80 50 12
14.023 5.2834 2.0137 81 50 4
13.967 5.3004 2.002 83 49 20
13.785 5.4466 2.0183 78 48 22
13.787 5.4814 2.0333 83 52 21
14.129 5.1826 1.9821 84 51 20
13.953 5.3602 1.9986 82 49 4
14.124 5.218 1.8449 83 50 17
13.987 5.3551 2.0564 80 46 19
13.916 5.3394 2.0702 82 50 9
13.801 5.432 2.0066 78 48 22
13.909 5.3125 2.0255 82 49 8
14.039 5.2207 2.0231 81 47 20
13.865 5.3601 2.0225 81 49 24
13.914 5.2684 2.0051 83 51 12
13.869 5.3033 2.0632 83 51 0
13.777 5.3648 2.0512 81 50 2
13.763 5.4228 2.0489 80 49 19
13.899 5.3147 2.063 83 50 7
13.909 5.2254 2.0235 79 49 25
13.745 5.3635 2.027 83 51 12
13.818 5.3193 2.0537 81 50 22
13.957 5.2548 2.0594 80 48 9
13.819 5.3639 2.0392 83 49 20
13.97 5.2014 2.0321 83 49 20
13.784 5.3645 2.0179 82 46 24
13.799 5.2186 2.0161 80 50 26
13.845 5.1997 2.067 76 46 10
13.746 5.2789 2.0225 80 50 26
13.877 5.2162 2.0299 81 47 9
14.061 5.0726 1.9541 79 47 9
13.949 5.1317 2.0442 81 51 17
13.768 5.3349 2.0402 84 49 17
13.744 5.2679 2.0832 80 49 19
13.848 5.2507 2.0162 79 47 22
13.813 5.2714 2.1039 77 45 22
13.79 5.2678 2.0408 81 49 28
13.845 5.2404 2.0817 77 45 22
13.742 5.3217 2.0407 81 51 15
13.788 5.2821 1.977 79 48 20
13.922 5.1166 2.0465 79 46 15
13.684 5.3474 2.0394 80 48 25
13.989 5.1339 2.0332 81 51 17
13.792 5.1317 2.0505 77 45 4
13.867 5.0872 2.0426 80 48 7
13.949 4.9953 2.0241 77 48 16
13.657 5.2535 2.037 77 44 25
13.694 5.2535 2.0298 77 48 16
13.814 5.1562 2.0206 76 45 15
13.696 5.2897 2.0394 80 49 18
13.728 5.1601 2.0826 78 47 3
13.844 5.0703 2.0461 80 44 2
13.761 5.2172 2.026 83 50 19
13.734 5.1587 2.0414 77 46 18
13.831 5.0771 2.086 77 48 6
13.706 5.1941 2.0289 77 44 9
13.841 5.1213 2.0318 77 46 0
13.752 5.1863 2.0147 79 48 17
13.77 5.1616 2.0389 81 47 20
13.853 4.9172 2.0487 75 43 20
13.846 5.0188 2.0596 76 48 1
13.675 5.1827 2.0697 80 46 19
13.756 5.0751 2.1033 80 48 9
13.656 5.1292 2.0175 77 45 22
13.7 5.1616 2.0213 76 48 21
13.836 4.9987 1.9809 79 46 11
13.623 5.2518 2.0474 77 45 20
13.704 4.9717 2.0388 80 47 14
13.85 4.8373 1.983 76 45 0
13.791 4.9012 2.0607 74 42 21
13.782 4.8736 2.0195 76 42 13
13.62 5.0763 2.0682 75 44 14
13.813 4.9256 2.0301 73 43 19
13.649 5.0545 1.9877 75 44 23
13.595 5.1126 2.059 75 45 7
13.514 5.1755 2.0801 76 44 23
13.589 5.0787 2.0482 77 47 23
13.731 4.9834 2.0425 77 42 20
13.621 5.1287 2.0282 77 45 20
13.802 4.8432 2.0356 76 45 0
13.681 4.9022 2.086 68 38 4
13.847 4.6891 1.9979 74 44 10
13.675 4.9636 2.0419 74 43 13
13.526 5.0731 2.0594 76 44 23
13.598 5.0211 2.0547 74 46 9
13.627 5.0267 2.0476 74 45 11
13.52 5.0398 2.0507 77 43 14
13.562 5.0699 2.0498 79 45 16
13.618 4.9414 2.0797 72 42 16
13.677 4.8616 2.0686 75 42 1
13.679 4.9512 2.0662 77 46 2
13.76 4.6572 2.0053 71 42 11
13.681 4.812 2.0479 72 43 1
13.69 4.7539 2.0201 76 45 15
13.55 4.9055 2.0517 77 48 14
13.529 4.9806 2.0537 74 45 21
13.62 4.8519 2.0433 75 44 16
13.594 4.835 2.0719 74 44 10
13.513 5.0066 2.0388 76 43 12
13.606 4.9131 2.0702 73 44 12
13.553 4.9443 2.0634 76 46 22
13.562 4.9806 2.0448 72 46 19
13.508 4.9661 2.0536 79 46 13
13.521 4.9489 2.0428 79 46 13
13.63 4.888 2.0226 77 42 23
13.663 4.6396 2.0543 75 46 14
13.639 4.7254 2.058 74 42 1
13.701 4.683 2.0625 75 44 13
13.601 4.7365 2.0413 74 47 14
13.503 4.9299 2.0387 77 47 13
13.604 4.7266 2.0659 76 42 7
13.621 4.7547 2.0401 72 41 21
13.681 4.7147 2.0455 73 41 2
13.545 4.8667 2.0333 75 42 23
13.703 4.6316 2.0398 74 45 14
13.584 4.8099 2.0373 78 46 21
13.512 4.868 2.042 76 43 24
13.471 4.7401 2.0333 78 47 27
13.538 4.6751 2.0936 78 43 11
13.715 4.5165 1.9962 74 43 13
13.448 4.8204 2.0697 80 46 21
13.519 4.7124 2.0463 77 42 22
13.587 4.6077 2.0227 74 42 17
13.545 4.5625 2.0781 71 43 4
13.423 4.7141 2.0617 76 46 18
13.46 4.6498 2.0957 71 38 21
13.473 4.6329 2.0526 69 42 7
13.507 4.6791 2.0689 77 47 21
13.638 4.4227 1.968 73 43 5
13.375 4.7939 2.0764 78 41 23
13.561 4.4892 2.0529 74 40 11
13.584 4.5594 2.0398 73 43 19
13.583 4.5549 2.0684 67 40 0
13.377 4.7402 2.0849 73 44 23
13.385 4.732 2.0487 75 43 5
13.465 4.7016 2.0164 79 48 4
13.375 4.7437 2.0871 73 44 23
13.479 4.6775 2.0395 71 41 23
13.377 4.6879 2.1335 0 0 0
13.427 4.6098 2.0563 0 0 0
13.315 4.7957 2.0884 75 42 9
13.578 4.3531 2.0279 0 0 0
13.496 4.5386 2.0755 75 42 9
13.589 4.3963 1.9715 75 42 25
13.489 4.5013 2.065 0 0 0
13.384 4.6295 2.0696 0 0 0
13.394 4.6175 2.0322 0 0 0
13.372 4.7028 2.0754 76 45 24
13.453 4.616 2.0521 74 44 26
13.406 4.5883 2.0802 0 0 0
14.96 7.4855 1.9675 77 48 24
14.917 7.3791 1.9302 76 46 20
14.794 7.3979 2.0075 77 47 23
15.096 7.4417 1.8745 76 46 28
14.802 7.2236 1.9803 78 48 24
14.899 7.1967 1.9135 80 50 24
14.673 7.2438 1.9839 80 50 26
14.798 7.2333 1.9523 80 44 32
14.528 7.2054 1.9988 78 45 12
14.67 7.209 2 79 47 26
14.821 7.1427 1.9261 79 49 25
14.489 7.1573 1.9915 75 45 19
14.542 7.1462 1.9921 77 46 25
14.7 7.1201 1.973 77 48 17
14.56 7.1792 1.9707 75 44 14
14.634 7.1325 1.9764 81 47 20
14.616 7.1698 1.9643 83 49 22
14.719 7.1564 1.9449 77 46 18
14.708 7.1838 1.9611 78 47 19
14.758 7.1717 1.9714 81 50 29
14.59 7.1092 1.9826 80 47 30
14.74 7.0552 1.9506 79 48 30
14.438 7.0859 1.9749 79 47 8
14.684 7.1148 1.9007 79 45 18
14.722 7.093 1.9444 79 50 19
14.577 7.0757 1.9997 78 46 25
14.451 7.1003 2.0129 77 46 15
14.555 7.06 1.9692 76 48 21
14.569 7.0687 1.9312 79 45 18
14.542 7.0516 2.0061 80 48 23
14.463 7.0313 2.0369 80 45 26
14.582 7.0316 1.9411 79 47 26
14.686 6.9661 1.9671 85 48 29
14.497 7.0127 1.971 76 45 15
14.471 6.9791 2.0041 82 49 16
14.626 7.0088 1.9804 78 48 24
14.8 6.9663 1.8708 81 48 29
14.465 6.9896 1.9741 78 47 19
14.539 6.9988 1.9823 81 49 26
14.705 7.0295 1.9562 81 50 30
14.479 7.048 1.9709 79 45 7
14.713 6.9362 1.9341 83 50 31
14.668 6.9228 1.9082 82 50 25
14.409 6.9693 1.991 81 50 19
14.4 6.9441 1.9839 77 46 26
14.559 6.8979 1.986 80 50 26
14.351 6.9154 2.0264 78 46 21
14.367 6.9224 1.9873 81 48 15
14.309 6.9463 2.062 81 48 17
14.51 6.9132 1.9817 81 44 25
14.582 6.9598 1.9691 80 48 23
14.561 6.9437 1.9378 81 48 17
14.706 6.9084 1.9222 82 52 24
14.645 6.8208 1.9378 84 50 23
14.407 6.8733 2.009 83 49 20
14.446 6.8404 1.9731 82 50 27
14.433 6.8511 1.9518 80 49 21
14.52 6.8481 1.9757 83 51 30
14.472 6.8282 1.9851 81 51 23
14.432 6.8786 1.9654 80 49 21
14.565 6.8687 1.9711 83 53 29
14.504 6.8869 1.9695 84 49 27
14.519 6.8112 1.9928 83 53 27
14.371 6.7627 1.9981 80 48 23
14.508 6.7275 1.9545 84 52 31
14.442 6.777 1.9766 80 50 24
14.358 6.7741 1.9752 82 50 29
14.45 6.7757 1.9713 80 50 24
14.461 6.765 1.9935 84 52 29
14.29 6.7945 1.9885 83 47 9
14.337 6.8043 2.0046 78 49 25
14.42 6.8089 2.0009 80 49 28
14.289 6.8212 2.0038 84 50 25
14.36 6.6726 1.9921 82 52 26
14.265 6.7381 1.9995 86 51 21
14.581 6.675 1.927 85 51 22
14.296 6.6958 1.9957 82 50 25
14.483 6.6658 1.966 85 53 32
14.381 6.725 2.0053 84 53 23
14.288 6.706 1.9723 82 48 23
14.537 6.7131 1.9677 83 52 24
14.397 6.6933 1.9826 84 52 31
14.387 6.7316 1.9772 82 50 27
14.32 6.7541 1.9811 84 51 6
14.348 6.7124 1.9809 84 50 25
14.416 6.6136 2.0033 87 56 28
14.251 6.6508 1.9949 85 51 24
14.248 6.6152 2.01 84 50 23
14.238 6.6626 1.9717 85 51 14
14.372 6.5953 2.0126 88 57 26
14.247 6.6243 1.979 86 50 24
14.34 6.6119 2 83 52 22
14.269 6.6744 1.9972 83 52 24
14.463 6.6405 1.9646 87 55 34
14.197 6.6449 1.9812 87 52 20
14.44 6.6162 1.9623 86 54 29
14.206 6.6966 2.0076 83 50 17
14.283 6.6342 2.0068 87 52 23
14.417 6.5242 1.956 87 54 21
14.353 6.5032 2.008 87 56 28
14.184 6.5847 1.9888 86 53 20
14.223 6.6106 1.9517 86 52 23
14.197 6.5447 1.996 84 53 25
14.413 6.4945 1.9435 87 55 30
14.176 6.559 1.9788 86 53 20
14.294 6.5459 1.9525 85 54 26
14.372 6.5453 1.9522 85 53 28
14.277 6.5799 1.9727 83 53 27
14.307 6.592 2.0029 84 52 31
14.236 6.5536 2.0159 86 52 27
14.211 6.6056 1.9879 86 51 29
14.329 6.489 1.9756 84 54 28
14.157 6.5367 1.9757 89 55 26
14.233 6.4676 1.9721 86 55 24
14.271 6.4386 2.0092 89 55 28
14.15 6.4735 1.9787 88 58 24
14.28 6.4743 1.9874 88 53 31
14.294 6.5076 1.9691 86 54 31
14.328 6.4505 1.99 86 54 29
14.161 6.5272 2.0024 86 52 15
14.31 6.4651 1.9697 88 53 31
14.131 6.5085 2.0031 88 56 18
14.247 6.4928 1.9794 83 52 24
14.296 6.439 1.963 87 55 30
14.386 6.4631 1.9734 85 54 24
14.159 6.5278 2.0039 86 52 15
14.121 6.5193 1.9832 88 56 35
14.369 6.3348 1.9498 90 56 27
14.112 6.4203 2.0013 93 59 24
14.13 6.451 1.9773 90 56 29
14.231 6.3918 2.0016 88 56 35
14.192 6.443 2.0114 87 56 28
14.188 6.453 1.9827 90 56 29
14.267 6.4098 1.9954 87 56 25
14.148 6.3916 2.0347 88 57 26
14.022 6.4322 2.0131 97 61 37
14.149 6.4287 2.0224 85 53 30
14.213 6.4148 1.9512 90 55 33
14.176 6.3895 1.9895 88 54 29
14.347 6.3423 1.963 90 56 27
14.092 6.4355 1.9853 93 58 29
14.225 6.3413 1.9413 91 57 28
14.229 6.2918 1.9853 90 56 29
14.112 6.3457 2.0271 89 57 34
14.236 6.3512 2.0105 86 54 29
14.194 6.3445 1.991 87 56 26
14.256 6.3124 1.9871 89 57 34
14.107 6.3257 1.9852 90 56 27
14.104 6.3944 1.9893 92 59 28
14.175 6.2903 1.9723 87 53 28
14.07 6.3698 2.0253 89 55 28
14.087 6.3413 1.9713 89 58 30
14.139 6.2267 2.025 83 51 30
14.012 6.2754 2.0008 86 55 27
14.127 6.2709 2.0183 86 55 27
14.12 6.2428 2.0076 86 54 31
14.239 6.2476 1.9954 84 55 24
14.16 6.2881 2.0117 86 58 21
13.999 6.332 2.0704 86 55 24
14.023 6.3374 1.9971 90 55 26
14.066 6.274 2.0107 85 54 26
14.042 6.2925 1.9966 84 53 23
14.023 6.2628 2.0189 82 52 26
14.108 6.2949 1.97 88 53 23
13.992 6.239 2.055 82 51 23
14.051 6.2198 1.988 83 52 24
13.966 6.236 2.0023 85 52 19
14.13 6.199 2.0153 84 54 26
14.133 6.1336 1.9792 84 50 25
14.099 6.1422 2.0314 82 52 24
14.079 6.2298 2.0182 85 54 26
13.972 6.2634 2.0116 87 52 7
14.045 6.1836 2.0078 80 49 21
13.986 6.1884 2.0006 85 52 17
14.119 6.1724 2.0046 83 52 22
13.942 6.2396 2.0436 85 50 18
14.149 6.0854 1.9826 82 52 26
14.045 6.1206 1.9748 84 49 27
14.077 6.1287 1.995 80 48 27
14.008 6.1 2.0101 80 49 21
14.064 6.0629 2.0064 81 51 25
14.091 6.0814 2.0027 80 50 22
13.903 6.1387 2.0103 86 53 10
14.068 6.101 1.9877 79 50 18
13.883 6.209 2.0548 83 52 24
13.976 6.1241 2.0038 85 51 22
13.961 6.1392 1.9853 85 49 7
13.991 6.1783 2.0249 79 49 25
13.947 6.0294 2.032 82 51 23
13.923 6.0819 2.0382 85 50 20
13.931 6.0852 2.0036 81 49 10
13.968 6.0813 2.052 84 53 23
13.99 6.0776 2.0087 83 52 21
13.997 6.0812 1.9733 83 50 19
13.957 6.0315 1.9988 85 52 21
14.041 6.0094 1.9871 85 51 24
13.834 6.1148 2.0258 86 51 22
13.957 6.0784 1.9549 85 52 11
14.074 5.9836 1.9969 85 53 30
13.901 6.0702 2.0097 83 53 19
13.934 5.9724 2.0123 87 54 23
13.918 5.9891 1.9935 79 48 17
13.988 5.9655 2.022 82 50 27
13.807 6.0313 2.0287 85 53 14
13.887 6.0075 2.0154 79 48 17
13.976 5.9878 1.9689 80 52 21
14.036 5.9711 2.0046 84 53 23
13.946 5.9806 1.9446 85 52 19
13.986 5.9668 2.0225 82 50 27
13.913 5.9521 2.0116 85 51 22
13.987 5.9737 1.9914 81 50 19
13.94 5.9609 2.0374 85 51 22
13.851 6.0674 2.0281 85 52 19
13.875 5.9832 2.0078 83 53 17
13.989 5.8563 2.0019 84 51 20
13.926 5.9371 2.0309 83 53 19
13.847 5.9608 2.0406 82 51 21
13.856 5.9623 2.0064 83 52 22
13.834 5.9368 2.0345 80 49 19
13.967 5.8782 1.9867 83 51 28
13.772 5.984 2.0511 86 49 13
13.963 5.8385 2.0032 84 50 23
13.749 5.9674 2.0525 83 49 24
13.801 6.0039 2.018 82 48 13
13.792 5.9778 2.0092 82 52 16
13.826 5.9095 2.0249 83 49 20
14.045 5.8558 1.9824 84 54 26
13.938 5.8628 1.9895 85 51 22
13.954 5.768 2.0067 84 52 27
13.772 5.8812 2.03 80 49 5
13.772 5.9205 2.0193 83 50 17
13.865 5.8506 1.9797 84 52 13
13.902 5.8448 2.0292 86 53 20
13.905 5.8503 1.9961 83 50 19
13.905 5.7671 2.0241 85 54 26
13.789 5.8366 2.0012 80 47 14
13.847 5.8153 2.0345 81 49 10
13.882 5.8246 2.0261 82 52 24
13.765 5.8603 1.9896 86 51 19
13.846 5.8228 2.0048 82 48 23
13.814 5.8781 2.0462 81 51 13
13.73 5.8135 2.0127 84 51 20
13.887 5.7455 2.021 83 52 22
13.724 5.8572 2.0066 86 52 25
13.791 5.8284 2.0284 83 47 23
13.828 5.7944 2.0308 80 48 25
13.696 5.8062 2.0249 84 51 16
13.887 5.7103 2.0062 85 51 24
13.847 5.7053 2.017 82 50 25
13.746 5.8343 2.0169 84 51 18
13.801 5.7806 2.0343 83 50 15
13.846 5.7129 1.9865 83 49 22
13.768 5.7785 2.0148 85 50 18
13.815 5.7772 1.9947 79 49 13
13.803 5.7787 2.032 83 50 15
13.834 5.6375 2.021 85 54 24
13.705 5.7256 2.0132 85 50 20
13.747 5.6859 2.0111 84 52 13
13.702 5.7616 2.0313 85 50 5
13.701 5.7693 2.0035 85 50 20
13.805 5.6668 2.0093 84 51 16
13.747 5.7539 2.0432 85 51 13
13.629 5.7931 2.0426 86 52 25
13.789 5.7145 2.0412 85 50 20
13.711 5.7074 2.0637 78 48 22
13.748 5.7596 2.0134 84 49 4
13.813 5.6889 2.0506 82 52 24
13.802 5.628 2.03 87 53 28
13.755 5.7137 2.0213 84 49 17
13.654 5.6597 2.0329 86 51 22
13.743 5.6478 2.0272 82 51 3
13.774 5.6283 1.9713 85 52 9
13.64 5.7118 2.0321 88 50 21
13.701 5.6472 2.0423 88 51 15
13.704 5.61 2.0229 82 49 18
13.739 5.5731 2.0229 80 47 14
13.759 5.5922 2.0272 83 52 24
13.784 5.5646 2.0397 87 53 26
13.596 5.7152 2.0484 84 53 25
13.78 5.6098 2.0273 87 56 12
13.678 5.7134 2.0164 87 52 23
13.714 5.6433 2.0019 82 46 20
13.549 5.6835 2.0813 85 51 24
13.722 5.5104 2.0352 76 43 10
13.655 5.618 2.0424 83 55 8
13.638 5.5636 2.0242 82 49 8
13.577 5.6647 2.0322 82 48 23
13.7 5.5361 2.0186 83 49 24
13.737 5.5328 2.0391 84 53 22
13.646 5.5907 2.0334 82 46 22
13.671 5.6102 2.0029 82 49 8
13.719 5.5552 2.0225 82 48 19
13.751 5.5564 2.0455 87 53 26
13.571 5.6303 2.0498 84 50 23
13.647 5.5492 2.0463 78 47 19
13.609 5.6706 2.0215 84 49 27
13.641 5.5191 2.036 82 48 10
13.72 5.4313 2.0324 80 48 23
13.56 5.5311 2.0362 84 51 16
13.568 5.5585 2.0466 81 49 8
13.668 5.4447 2.0547 79 48 20
13.566 5.5664 2.0195 78 49 18
13.709 5.4855 2.027 80 48 25
13.64 5.4773 2.0451 80 52 15
13.752 5.4394 2.027 82 50 27
13.694 5.462 2.0207 82 48 21
13.577 5.5082 2.0486 82 50 12
13.632 5.5337 2.0119 83 49 12
13.561 5.6054 2.0404 81 49 24
13.609 5.5133 2.0422 80 46 19
13.525 5.5713 2.0371 82 52 18
13.612 5.3892 2.0474 81 48 17
13.645 5.3987 2.0095 81 49 11
13.676 5.3997 2.0317 76 44 19
13.579 5.4705 2.0323 81 47 12
13.591 5.4167 2.0376 84 52 4
13.638 5.3994 2.042 80 47 14
13.649 5.4324 2.0227 81 47 22
13.694 5.2987 2.0134 83 49 20
13.553 5.3332 2.0727 79 47 8
13.635 5.321 2.0407 79 47 6
13.504 5.44 2.0444 77 45 24
13.579 5.3855 2.055 82 47 18
13.518 5.3775 2.0735 78 48 12
13.528 5.3722 2.0352 78 44 15
13.577 5.3503 2.0383 79 45 16
13.54 5.3963 2.043 80 47 2
13.674 5.2417 1.9951 78 47 17
13.497 5.4107 2.0333 75 43 22
13.537 5.3615 2.0269 78 44 15
13.601 5.3695 2.0123 83 47 5
13.507 5.3633 2.0097 73 41 20
13.576 5.2698 2.0376 80 46 21
13.485 5.3012 2.0452 76 41 9
13.519 5.3011 2.0395 74 43 0
13.439 5.4014 2.046 77 47 21
13.526 5.2866 2.0573 78 45 2
13.479 5.3514 2.042 76 45 17
13.492 5.3735 2.0461 78 46 7
13.602 5.1953 2.0285 74 42 21
13.459 5.3377 2.0447 77 44 11
13.591 5.2468 2.0522 77 44 9
13.543 5.312 2.0336 78 46 7
13.531 5.199 2.0514 76 40 24
13.46 5.2541 2.0344 75 45 11
13.453 5.269 2.0155 76 45 24
13.508 5.1926 2.0244 75 44 0
13.448 5.3078 2.0636 76 44 23
13.422 5.262 2.0502 73 40 23
13.567 5.1163 2.0058 79 46 13
13.466 5.2042 2.0425 76 45 1
13.594 5.165 2.0178 79 46 11
13.614 5.1463 1.9668 73 44 10
13.457 5.301 2.0258 76 44 21
13.488 5.2546 2.057 73 45 6
13.521 5.0848 2.0356 78 43 11
13.462 5.1628 2.0523 79 46 11
13.5 5.0704 2.0388 76 46 8
13.391 5.2243 2.0446 74 42 27
13.54 5.103 2.0439 73 43 19
13.511 5.1441 2.0377 73 43 5
13.425 5.1751 2.0404 77 44 13
13.369 5.2123 2.0429 75 46 25
13.415 5.1475 2.0291 75 44 16
13.459 5.1269 2.04 74 43 0
13.445 5.1941 2.0095 75 42 11
13.518 5.0891 2.0385 78 43 11
13.429 5.2097 2.0552 78 45 14
13.361 5.2657 2.0409 79 47 26
13.456 4.9978 2.0477 77 48 14
13.449 5.1002 2.0313 77 44 13
13.446 5.0151 2.024 76 43 0
13.325 5.1927 2.0474 77 47 21
13.452 5.051 2.0454 77 45 22
13.407 5.1142 2.0518 73 44 12
13.373 5.083 2.0164 79 49 21
13.38 5.1546 2.046 74 43 12
13.482 5.0053 2.0435 72 45 12
13.352 5.1953 2.0419 79 49 25
13.385 5.108 2.0236 77 50 15
13.381 5.1084 2.0551 82 49 16
13.28 5.0906 2.0444 78 47 17
13.367 5.0872 2.0497 75 46 22
13.355 5.0612 2.0396 80 47 16
13.317 5.1192 2.0464 80 50 24
13.339 5.0437 2.039 78 46 25
13.442 4.9784 2.0099 75 49 0
13.433 4.9441 2.0324 78 44 15
13.378 4.9841 2.0339 77 43 16
13.393 5.0045 2.037 75 45 17
13.268 5.1483 2.0768 78 46 23
13.316 4.987 2.0483 77 45 20
13.416 4.885 1.9825 80 47 2
13.302 5.0552 2.0537 77 49 18
13.3 4.9685 2.0458 77 45 20
13.403 4.9008 2.0247 76 42 15
13.245 5.0547 2.0668 80 47 30
13.25 5.0924 2.0537 75 46 4
13.291 5.0299 2.0465 78 51 18
13.36 4.9178 2.0374 76 45 15
13.322 4.8395 2.0492 77 46 2
13.314 4.8995 2.043 80 49 3
13.278 4.9594 2.0471 75 45 19
13.329 4.8329 2.0121 74 42 21
13.346 4.7981 2.0557 75 43 2
13.252 5.0035 2.0444 78 48 22
13.335 4.7693 2.045 74 46 9
13.186 4.9312 2.0591 0 0 0
13.26 4.8908 2.0795 77 45 22
13.361 4.6805 2.0048 0 0 0
13.237 4.8919 2.0288 81 46 24
13.215 4.9233 2.0753 81 46 26
