452
0.086076 0.56761 0.099134 0.81276 12.83 4.7285 -0.13825
14.792 2.7653 0.26692 74 52 28
14.74 2.7835 0.27803 72 53 21
14.839 2.745 0.30253 71 51 17
14.735 2.7923 0.25432 71 53 29
14.791 2.7619 0.28987 75 54 27
14.917 2.6727 0.29536 72 52 15
14.796 2.7657 0.24421 74 54 27
14.799 2.774 0.17497 72 52 25
14.735 2.7782 0.15889 75 56 22
14.757 2.7892 0.14244 76 54 15
14.764 2.7752 0.18972 76 54 31
14.749 2.7863 0.2103 75 54 25
14.74 2.7771 0.13619 77 54 21
14.866 2.7261 0.26426 71 51 17
14.781 2.7875 0.19445 74 56 18
14.786 2.7791 0.21962 73 54 24
14.843 2.7374 0.13681 72 51 24
14.824 2.7532 0.15413 70 52 28
14.746 2.785 0.23278 73 54 24
14.801 2.7411 0.17175 74 55 23
14.727 2.7825 0.18009 76 55 26
14.747 2.7811 0.067765 77 57 30
14.761 2.793 0.095721 74 53 26
14.768 2.7636 0.046164 75 55 28
14.777 2.7731 0.12152 78 55 13
14.744 2.7648 -0.0062987 74 53 22
14.721 2.7774 0.061521 87 66 37
14.749 2.7561 0.017115 79 54 32
14.787 2.7706 0.075865 71 55 22
14.754 2.7696 0.091392 77 55 32
14.764 2.7715 0.022071 75 56 24
14.767 2.7716 -0.00011075 73 52 21
14.733 2.7694 0.039903 80 59 28
14.8 2.7656 0.029746 75 55 31
14.778 2.7831 0.051577 74 53 32
14.746 2.7747 0.11464 77 59 9
14.824 2.7454 0.0078306 74 53 22
14.698 2.7977 0.081757 86 65 34
14.698 2.7828 -0.012836 86 62 26
14.778 2.7647 -0.024256 75 54 25
14.737 2.7826 -0.07684 77 56 29
14.789 2.7408 -0.14773 75 54 11
14.713 2.785 -0.12815 77 57 23
14.793 2.7602 -0.095116 76 54 30
14.874 2.7037 -0.038367 72 53 23
14.757 2.7666 -0.099994 74 54 30
14.777 2.7501 -0.12336 76 55 8
14.785 2.7723 -0.11854 75 55 28
14.736 2.7506 -0.057975 85 65 30
14.721 2.7698 -0.08184 86 62 34
14.772 2.7743 -0.047542 75 56 22
14.727 2.7671 -0.10513 87 63 35
14.736 2.7808 -0.053496 78 53 30
14.778 2.7717 -0.071082 75 55 28
14.739 2.7737 -0.029613 74 53 22
14.746 2.7663 -0.029242 74 53 22
14.719 2.7828 -0.15128 82 59 25
14.869 2.7043 -0.014255 74 49 29
14.818 2.7433 -0.14329 74 50 24
14.71 2.7741 -0.035082 85 63 26
14.704 2.7647 -0.13198 82 57 25
14.721 2.7469 -0.13196 82 57 25
14.793 2.7553 -0.26987 73 54 24
14.882 2.6834 -0.16879 73 53 28
14.818 2.7344 -0.2957 73 52 25
14.709 2.7666 -0.1787 82 61 34
14.725 2.7601 -0.25049 80 60 35
14.742 2.7458 -0.27655 77 55 31
14.777 2.7643 -0.21951 72 51 20
14.734 2.7775 -0.22226 79 58 31
14.773 2.7721 -0.24343 75 53 29
14.704 2.7753 -0.20236 84 60 32
14.772 2.7617 -0.17088 75 53 29
14.744 2.7936 -0.19359 74 53 22
14.702 2.7704 -0.15526 83 59 33
14.69 2.7699 -0.27689 79 59 34
14.754 2.7532 -0.19984 80 59 32
14.736 2.7458 -0.22778 83 58 35
14.779 2.762 -0.2193 72 51 20
14.759 2.7555 -0.24787 79 59 34
14.754 2.7639 -0.27176 78 59 27
14.752 2.7517 -0.17583 82 57 35
14.677 2.7773 -0.229 82 61 34
14.686 2.7706 -0.25356 80 59 30
14.815 2.744 -0.345 72 54 6
14.905 2.6514 -0.32888 73 52 25
14.763 2.7731 -0.39329 75 55 28
14.787 2.7522 -0.42088 70 50 25
14.716 2.7638 -0.4217 76 57 25
14.719 2.7579 -0.39804 77 60 32
14.707 2.7558 -0.30179 83 58 14
14.794 2.7386 -0.37226 73 53 26
14.788 2.7337 -0.29839 78 56 33
14.677 2.7678 -0.37421 79 58 29
14.716 2.7495 -0.32681 82 57 27
14.773 2.7365 -0.42474 78 56 35
14.689 2.759 -0.40061 79 59 35
14.73 2.7696 -0.34588 81 57 29
14.728 2.7744 -0.36965 79 59 32
14.735 2.7575 -0.29887 79 57 33
14.721 2.7487 -0.35055 82 59 26
14.784 2.7446 -0.34699 73 52 25
14.752 2.7534 -0.39709 80 59 32
14.728 2.7444 -0.37609 81 60 29
14.764 2.7618 -0.32026 72 53 11
14.693 2.7578 -0.42444 80 56 30
14.73 2.7659 -0.32191 81 58 27
14.673 2.7684 -0.35047 82 59 26
14.431 3.9036 -0.4417 11 12 4
14.364 3.9408 -0.44633 11 9 10
14.613 3.8145 -0.49694 18 19 14
14.771 2.7521 -0.52306 77 56 35
14.818 2.7287 -0.47491 70 51 11
14.769 2.7582 -0.54725 72 53 23
14.745 2.7749 -0.493 77 58 16
14.78 2.7628 -0.44552 72 49 18
14.78 2.7509 -0.57459 73 54 11
14.67 2.7662 -0.52085 78 59 27
14.731 2.7558 -0.47135 78 56 19
14.732 2.7342 -0.55254 78 55 21
14.699 2.7584 -0.47305 79 53 36
14.753 2.7365 -0.50088 78 56 35
14.713 2.7541 -0.54784 79 58 31
14.763 2.7498 -0.4472 76 56 32
14.755 2.7457 -0.57516 78 57 30
14.743 2.7393 -0.45116 78 56 17
14.718 2.7531 -0.57279 82 60 23
14.671 2.7616 -0.49786 80 56 30
14.698 2.7635 -0.49609 79 58 27
14.679 2.7763 -0.44534 81 57 29
14.718 2.7457 -0.52485 79 58 31
14.728 2.7663 -0.51934 80 57 24
14.745 2.7523 -0.54773 78 58 33
14.671 2.7685 -0.54442 77 55 31
14.774 2.7421 -0.47343 79 56 25
14.666 2.7633 -0.47281 78 56 32
14.779 2.7355 -0.68131 76 56 29
14.8 2.7343 -0.60323 78 53 31
14.839 2.6989 -0.63932 76 55 12
14.791 2.7304 -0.73559 74 52 28
14.772 2.7465 -0.70261 78 58 31
14.774 2.7362 -0.6554 77 57 30
14.768 2.7395 -0.62796 78 55 22
14.723 2.7577 -0.6481 76 54 31
14.698 2.75 -0.62449 77 57 23
14.708 2.7501 -0.70078 74 54 27
14.737 2.7395 -0.627 75 55 30
14.646 2.7778 -0.64015 78 53 33
14.687 2.7577 -0.59596 77 56 29
14.665 2.7609 -0.66941 78 53 30
14.759 2.7453 -0.60007 75 52 34
14.73 2.7439 -0.60057 77 57 22
14.676 2.7526 -0.69724 74 52 28
14.742 2.7417 -0.67806 76 56 31
14.706 2.7454 -0.64995 80 58 37
14.649 2.771 -0.61788 76 53 20
14.715 2.7391 -0.67787 78 56 33
14.77 2.7162 -0.7139 76 56 31
14.69 2.751 -0.57319 79 55 29
14.662 2.7509 -0.57317 78 55 24
14.674 2.7411 -0.60017 78 56 33
14.639 2.7626 -0.69268 75 54 33
15.299 2.4295 -0.96975 1 4 0
15.479 2.2967 -0.99342 8 3 0
15.105 2.6437 -0.89659 2 8 0
15.134 2.617 -0.9062 2 8 0
14.789 2.736 -0.76029 72 51 20
14.855 2.6734 -0.80858 72 53 21
14.749 2.7567 -0.83114 76 55 28
14.738 2.7575 -0.75052 73 52 23
14.75 2.7585 -0.85761 72 52 27
14.753 2.7245 -0.86539 77 56 29
14.712 2.7863 -0.76953 76 53 12
14.73 2.7721 -0.79904 75 54 25
14.693 2.7455 -0.77601 73 52 31
14.694 2.7411 -0.7519 74 53 24
14.727 2.7441 -0.80598 77 56 27
14.685 2.7571 -0.79861 80 55 35
14.688 2.7744 -0.7189 75 53 29
14.643 2.7619 -0.71711 76 52 24
14.67 2.7462 -0.8241 77 56 25
14.701 2.7474 -0.85445 77 60 32
14.641 2.7673 -0.74093 76 52 24
14.713 2.7311 -0.83358 77 57 33
14.784 2.7063 -0.7401 74 54 30
14.733 2.7413 -0.83274 75 53 30
14.696 2.7695 -0.74679 75 53 6
14.734 2.7334 -0.78427 75 54 9
14.661 2.748 -0.77328 78 57 14
14.673 2.7389 -0.80176 77 56 29
14.687 2.745 -0.72511 73 54 24
14.672 2.747 -0.85014 71 53 29
14.628 2.7569 -0.79279 75 53 30
14.64 2.7471 -0.8215 75 54 27
14.762 2.7366 -1.0251 74 54 29
14.836 2.6822 -0.96964 73 51 27
14.859 2.6627 -1.0063 71 51 26
14.765 2.719 -0.92226 70 50 25
14.773 2.7213 -1.0036 74 53 34
14.742 2.7391 -0.88698 75 55 30
14.786 2.729 -0.92303 73 51 27
14.914 2.6116 -1.0579 70 51 17
14.77 2.7429 -0.88892 74 52 28
14.74 2.7274 -1.0226 73 52 21
14.743 2.7207 -0.9977 75 53 30
14.752 2.7393 -0.96836 71 51 17
14.754 2.7343 -0.94301 76 52 26
14.648 2.7453 -0.87302 72 50 26
14.695 2.7295 -0.90926 74 53 26
14.679 2.7254 -0.98578 74 53 36
14.733 2.7275 -0.96812 73 55 19
14.635 2.7564 -0.84346 75 55 28
14.696 2.7351 -0.96143 71 56 23
14.635 2.742 -0.97345 73 55 33
14.704 2.7198 -0.91285 74 53 26
14.684 2.7442 -0.92917 75 55 28
14.726 2.7238 -0.88953 74 54 27
14.655 2.7409 -0.90043 73 53 26
14.674 2.7479 -0.87578 74 51 17
14.663 2.7387 -0.95384 77 55 34
14.725 2.733 -0.93847 74 54 27
14.719 2.7355 -0.9107 74 51 33
14.671 2.7274 -0.93226 73 51 30
14.712 2.7216 -0.9925 69 49 22
14.636 2.7367 -0.94976 78 56 35
14.636 2.733 -0.92666 75 54 33
14.816 2.7294 -1.1458 68 53 32
14.801 2.7084 -1.1215 73 49 23
14.719 2.7564 -1.064 73 51 28
14.89 2.6205 -1.1961 72 54 8
14.767 2.7357 -1.0519 74 50 24
14.715 2.7347 -1.1251 68 49 6
14.758 2.7119 -1.058 71 53 31
14.774 2.7319 -1.0826 73 49 23
14.862 2.6537 -1.2064 70 49 20
14.755 2.7268 -1.1337 72 51 24
14.758 2.72 -1.1079 70 50 23
14.636 2.7467 -1.024 74 50 24
14.66 2.7235 -1.0616 72 51 24
14.683 2.7277 -1.0385 72 51 22
14.642 2.7366 -1.0023 71 53 33
14.687 2.7295 -1.0922 71 53 7
14.672 2.7353 -1.0088 72 50 29
14.675 2.7391 -1.0601 75 51 25
14.648 2.7395 -1.0815 71 52 9
14.709 2.7313 -1.0429 74 51 20
14.69 2.7303 -1.1182 71 53 7
14.618 2.7412 -1.0745 71 49 26
14.727 2.7156 -1.0779 74 50 24
14.72 2.7272 -1.0996 69 48 21
14.696 2.7421 -1.012 71 52 20
14.661 2.7299 -1.1123 72 52 27
14.635 2.7201 -1.0569 70 50 25
14.81 2.7563 0.3068 73 51 27
14.802 2.7681 0.28245 72 52 15
14.769 2.7715 0.27329 74 55 23
14.811 2.763 0.26148 71 51 17
14.754 2.824 0.22583 70 50 25
14.784 2.7681 0.20584 74 56 18
14.801 2.7549 0.18503 73 54 24
14.744 2.7892 0.12764 73 54 22
14.736 2.7864 0.19624 74 55 25
14.727 2.8029 0.14765 72 53 21
14.815 2.7485 0.14036 73 51 12
14.808 2.7518 0.16315 71 54 24
14.78 2.7684 0.22859 74 55 25
14.793 2.7509 0.25494 75 56 26
14.744 2.782 0.17372 75 53 30
14.724 2.7841 0.098762 77 55 32
14.756 2.7663 0.008058 77 52 30
14.733 2.778 0.075524 76 55 12
14.763 2.7557 0.031416 74 54 29
14.784 2.7527 0.10953 74 53 22
14.808 2.7474 -0.0080555 75 50 30
14.717 2.7755 0.0014991 83 62 31
14.8 2.7522 0.016089 76 55 24
14.777 2.7676 0.061036 76 56 29
14.743 2.7713 0.054519 76 55 24
14.774 2.774 0.037504 77 56 35
14.775 2.766 0.083936 73 51 28
16.389 2.737 0.010403 81 60 33
14.724 2.7764 -0.044002 82 57 34
14.772 2.7532 -0.014456 75 54 23
14.788 2.7519 -0.1095 73 53 29
14.768 2.7688 -0.085504 75 56 26
14.784 2.7749 -0.032557 72 53 23
14.751 2.7629 -0.13741 74 51 17
14.729 2.7748 -0.06756 79 58 31
14.772 2.7568 -0.038174 73 52 23
14.804 2.7284 -0.060897 76 56 29
14.711 2.7706 -0.11971 84 60 24
14.742 2.8209 -0.061391 75 54 23
14.719 2.7654 -0.14141 82 59 25
14.734 2.7761 -0.11385 76 56 22
14.727 2.7691 -0.020693 83 61 24
14.802 2.7415 -0.13284 76 55 8
14.748 2.7585 -0.090065 83 61 38
14.801 2.7462 -0.1566 74 52 28
14.769 2.7594 -0.23394 73 54 22
14.703 2.7659 -0.24036 82 61 32
14.73 2.7644 -0.21332 82 57 25
14.776 2.7411 -0.16219 73 53 19
14.764 2.7407 -0.28684 79 57 34
14.709 2.7638 -0.26381 80 59 32
14.816 2.7352 -0.18173 72 51 22
14.746 2.7783 -0.20769 72 51 20
14.73 2.7614 -0.18943 84 60 32
14.694 2.7723 -0.21557 84 60 32
14.757 2.7639 -0.18509 77 52 30
14.781 2.7508 -0.25781 72 52 27
14.713 2.775 -0.16521 81 61 26
14.749 2.7529 -0.26141 81 61 36
14.725 2.7505 -0.28888 79 57 33
14.79 2.7445 -0.28465 72 53 23
14.752 2.746 -0.23725 84 59 36
14.788 2.7542 -0.33282 71 52 22
14.765 2.7808 -0.35466 72 51 30
14.701 2.782 -0.33396 78 56 32
14.721 2.7652 -0.36099 80 59 28
14.712 2.7508 -0.41266 78 59 29
14.801 2.7377 -0.308 71 52 10
14.768 2.7476 -0.3594 80 60 33
14.778 2.7411 -0.38611 80 59 28
14.71 2.7425 -0.34074 83 60 27
14.715 2.745 -0.3895 81 60 33
14.744 2.7485 -0.41065 78 59 27
14.791 2.7353 -0.43645 77 57 32
14.773 2.7355 -0.31174 78 57 28
14.768 2.7436 -0.33524 81 58 27
14.794 2.7288 -0.41251 72 57 24
14.706 2.7734 -0.31061 79 59 22
14.734 2.7551 -0.38485 79 58 27
14.696 2.761 -0.36266 80 60 33
14.802 2.7274 -0.46355 76 56 19
14.769 2.7445 -0.56266 77 56 29
14.789 2.7444 -0.48602 68 52 1
14.675 2.7671 -0.46007 79 57 34
14.719 2.755 -0.48437 79 57 36
14.699 2.7516 -0.53613 75 57 35
14.754 2.7418 -0.43722 77 57 33
14.745 2.7381 -0.564 81 57 31
14.76 2.7426 -0.48612 80 57 26
14.757 2.7529 -0.53511 81 58 25
14.685 2.7398 -0.56369 80 56 30
14.708 2.7591 -0.43515 78 54 28
14.741 2.759 -0.45804 79 57 18
14.763 2.7439 -0.51122 79 59 32
14.714 2.7558 -0.4614 79 57 20
14.683 2.7724 -0.55626 80 57 23
14.749 2.7308 -0.54035 79 58 31
14.73 2.7466 -0.51196 75 54 27
14.701 2.7427 -0.48783 76 54 30
14.687 2.7617 -0.50944 78 57 30
14.784 2.7369 -0.61645 76 55 24
14.781 2.7357 -0.59013 79 54 32
14.79 2.7344 -0.64221 77 57 33
14.787 2.7127 -0.70073 77 56 35
14.79 2.7141 -0.72592 75 53 32
14.748 2.7382 -0.59025 77 55 18
14.697 2.7448 -0.68786 76 56 29
14.71 2.7549 -0.63549 76 56 31
14.676 2.7523 -0.58559 76 56 29
14.709 2.7524 -0.61085 76 55 28
14.765 2.7317 -0.66915 76 56 29
14.687 2.7478 -0.6365 78 56 33
14.726 2.741 -0.66498 75 55 30
14.696 2.7425 -0.66249 79 54 34
14.747 2.7225 -0.69673 77 55 31
14.71 2.7474 -0.58658 77 55 31
14.681 2.7504 -0.61156 78 55 22
14.754 2.7366 -0.61521 78 55 22
14.673 2.7389 -0.68763 74 54 29
14.726 2.7488 -0.71321 77 54 21
14.765 2.7282 -0.64372 79 56 23
15.078 2.6829 -0.86965 6 6 0
15.511 2.2508 -1.0184 10 8 0
15.642 2.173 -1.0536 0 7 0
14.744 2.7436 -0.82033 75 53 30
14.747 2.7655 -0.76247 75 54 9
14.771 2.7374 -0.74519 73 52 23
14.753 2.7383 -0.85016 76 56 31
14.784 2.7302 -0.80245 73 54 22
14.723 2.7619 -0.78953 76 55 26
14.784 2.7105 -0.88553 72 51 30
14.762 2.7147 -0.74928 75 53 29
14.67 2.7492 -0.73534 71 50 21
14.719 2.7625 -0.76028 76 54 7
14.699 2.7453 -0.71361 76 53 22
14.683 2.7455 -0.81312 75 54 27
14.688 2.7438 -0.84055 75 54 23
14.685 2.7678 -0.75727 77 53 25
14.728 2.726 -0.79812 73 52 31
14.697 2.7512 -0.73739 74 52 29
14.686 2.7357 -0.7654 77 57 23
14.657 2.7396 -0.78718 76 59 29
14.653 2.7472 -0.81045 76 55 28
14.71 2.7476 -0.81625 75 53 30
14.735 2.7252 -0.85114 72 53 23
14.652 2.7646 -0.70566 75 54 23
14.66 2.7431 -0.83711 77 56 27
14.671 2.7552 -0.78472 76 56 29
14.764 2.7135 -0.99001 70 52 28
14.782 2.7154 -0.91153 72 52 27
14.789 2.713 -0.93947 72 51 34
14.764 2.7171 -1.0172 72 51 34
14.788 2.7205 -0.99239 74 55 21
14.793 2.7122 -0.96829 74 52 28
14.756 2.7142 -0.93562 73 50 32
14.756 2.7181 -0.96153 75 55 20
14.721 2.7925 -0.98964 70 52 30
14.777 2.7209 -0.91024 71 51 26
14.681 2.7299 -0.92069 77 52 30
14.666 2.7429 -0.88874 74 53 26
14.735 2.7321 -0.90127 70 53 25
14.643 2.7405 -0.91154 77 54 23
14.693 2.7421 -0.86732 75 55 28
14.698 2.7472 -0.94408 70 53 25
14.66 2.7286 -0.96811 78 56 35
14.637 2.7503 -0.93389 73 53 19
14.691 2.7296 -1.0013 75 53 32
14.674 2.7416 -0.94217 74 53 32
14.697 2.7447 -0.91766 77 52 30
14.7 2.7166 -0.97957 75 55 30
14.708 2.7569 -0.86634 75 53 30
14.709 2.7418 -1.0002 76 56 29
14.724 2.7235 -0.97999 75 54 35
14.654 2.7528 -0.85948 74 54 27
14.705 2.7322 -0.89761 75 50 27
14.735 2.7219 -1.0646 75 54 27
14.803 2.7239 -1.1318 70 49 20
14.768 2.7232 -1.0977 69 46 28
14.866 2.6649 -1.1864 72 47 24
14.729 2.7317 -1.0858 70 53 23
14.743 2.7201 -1.1208 72 50 26
14.795 2.7029 -1.1648 76 53 11
14.785 2.7026 -1.0789 73 51 28
14.796 2.6875 -1.0583 69 51 27
14.741 2.7263 -1.146 67 50 22
14.802 2.6927 -1.1393 69 51 5
14.647 2.7203 -1.0467 73 52 25
14.645 2.7293 -1.0953 70 50 26
14.724 2.7298 -1.0319 72 51 20
14.641 2.7301 -1.0686 70 49 28
14.677 2.7264 -1.1026 72 50 27
14.711 2.7225 -1.1114 72 47 25
14.642 2.751 -0.98622 75 52 34
14.703 2.72 -1.0315 73 54 22
14.678 2.7221 -1.0789 69 48 19
14.698 2.7296 -1.0534 74 53 24
14.657 2.741 -1.0432 72 52 25
14.662 2.7328 -1.0193 70 52 28
14.703 2.7264 -1.084 72 51 24
