2937
0.076285 0.63501 0.049391 0.76714 -0.014578 -0.1504 -0.06194
3.7224 1.161 1.0104 81 58 40
3.6693 1.1475 0.96207 82 59 41
4.0182 1.1877 1.1285 81 60 33
3.8212 1.1269 1.0314 82 59 28
3.8126 1.1638 0.99801 83 58 35
3.8261 1.1632 1.0378 80 60 36
3.683 1.1424 1.036 84 55 34
3.7521 1.1328 1.0531 82 57 34
3.7271 1.1006 0.9706 86 59 42
3.9903 1.105 1.1055 79 54 34
3.9204 1.0889 1.0509 81 57 31
3.9626 1.0914 1.1396 82 58 32
4.0086 1.0749 1.1103 79 58 29
3.9594 1.132 1.1061 81 59 36
4.1522 1.1248 1.113 79 57 33
4.1741 1.12 1.2003 78 56 35
4.0803 1.0653 1.0859 79 57 34
4.1868 1.0915 1.1592 80 54 27
3.771 -1.2863 1.3377 72 51 30
3.7455 -1.4119 1.3492 72 52 25
3.7289 -1.5824 1.3703 70 49 28
3.6018 -1.7067 1.3461 67 48 16
3.2279 -1.933 1.1975 81 58 40
3.5693 -2.3428 1.3484 72 50 26
3.5682 -2.3493 1.3859 79 57 33
3.4809 -2.3398 1.3527 67 53 14
3.4875 -2.3854 1.3421 75 57 21
3.3266 -2.317 1.2364 86 63 32
3.3526 -2.3486 1.3235 71 54 34
3.5576 -2.4222 1.3265 82 57 35
3.5198 -2.4495 1.352 81 61 24
3.2105 -2.3365 1.2604 83 62 35
3.4123 -2.4223 1.3066 84 61 27
3.1475 -2.3403 1.2633 79 58 31
3.3349 -2.3637 1.2357 86 62 34
3.3412 -2.3828 1.316 82 62 27
3.226 -2.3803 1.2266 86 62 36
3.2459 -2.3456 1.1985 85 62 29
3.2446 -2.3528 1.2399 82 60 37
3.2078 -2.3752 1.257 83 60 26
2.9918 -2.3091 1.1953 84 59 29
3.0876 -2.37 1.1963 87 61 38
3.1232 -2.3488 1.1798 85 61 35
3.0983 -2.3776 1.2011 87 61 38
2.9519 -2.3044 1.1068 83 63 36
2.8858 -2.2702 1.1478 86 59 38
3.2005 -2.4432 1.2065 86 63 32
2.9149 -2.2843 1.1248 84 60 32
3.1119 -2.3478 1.2083 85 57 26
3.0699 -2.3257 1.2293 82 57 35
2.7899 -2.3014 1.0648 86 62 36
2.8174 -2.293 1.1136 89 64 32
2.7727 -2.3018 1.1222 83 65 29
2.832 -2.2967 1.0823 86 62 34
2.8401 -2.3027 1.0853 86 62 34
2.807 -2.3212 1.1031 88 64 38
2.8055 -2.2482 1.114 87 59 30
2.9452 -2.3441 1.1347 87 62 32
2.7059 -2.2725 1.0282 88 64 30
2.6357 -2.2661 1.0616 89 63 40
2.6937 -2.27 1.0567 91 67 41
2.5723 -2.2433 1.002 90 66 32
2.5768 -2.2535 1.0341 88 63 31
2.6635 -2.2538 1.0789 87 60 25
2.6619 -2.2802 1.0412 86 62 34
2.6895 -2.2949 1.0178 86 65 36
2.4544 -2.2465 0.94354 92 66 39
2.4896 -2.2495 0.99164 93 67 42
2.5311 -2.2774 0.97825 90 66 38
2.5742 -2.2853 1.0286 90 68 31
2.5706 -2.2755 0.99412 91 68 37
2.448 -2.2476 0.97002 92 67 35
3.723 1.1242 0.7865 84 60 32
3.9689 1.151 0.99047 78 59 29
3.8076 1.1135 0.83656 81 60 29
3.7852 1.0772 0.79098 83 60 29
3.7689 1.1194 0.94241 81 59 38
3.8004 1.1164 0.79842 82 60 36
3.7626 1.1324 0.82982 82 60 39
3.695 1.1377 0.85459 87 62 39
3.8864 1.1348 0.8959 82 61 32
3.7442 1.1502 0.90631 83 62 31
3.8561 1.1542 0.92867 81 60 31
3.8049 1.0784 0.83263 85 62 29
3.9487 1.1499 0.94813 81 60 33
3.765 1.1523 0.94672 80 57 41
3.8211 1.1473 0.88133 80 59 32
3.9571 1.117 0.94721 83 59 31
3.9461 1.0939 0.82131 83 58 35
4.0289 1.1027 0.95372 83 60 29
4.0708 1.179 1.0575 80 58 37
4.0795 1.1135 1.0104 79 59 35
4.1095 1.0968 0.93176 83 58 36
3.9111 1.0775 0.8531 81 59 38
4.0982 1.0874 0.96771 80 57 24
3.9102 1.1071 0.89487 82 61 32
4.0292 1.0837 0.83482 81 59 35
4.1212 1.1063 0.89651 82 57 34
4.0615 1.1189 0.92506 82 59 28
4.1267 1.0906 1.0173 82 59 28
3.92 1.0997 0.97534 79 59 32
3.9813 1.1136 1.028 82 60 36
4.1862 1.0325 1.0255 84 57 36
4.1705 1.0772 0.93918 78 58 33
4.1863 1.0704 1.0277 82 56 31
4.0783 0.32253 1.1187 72 50 27
3.5825 -1.754 1.1711 70 50 25
3.4266 -2.3597 1.1616 85 66 36
3.4099 -2.3759 1.0708 89 65 39
3.3845 -2.3815 1.1782 87 61 36
3.4457 -2.3367 1.2095 85 64 37
3.4539 -2.3917 1.2469 85 60 37
3.5597 -2.3777 1.0869 88 64 36
3.4879 -2.3705 1.2624 86 63 32
3.5126 -2.399 1.1084 90 65 33
3.5309 -2.4461 1.0651 88 64 36
3.5903 -2.4407 1.0935 88 62 35
3.4189 -2.3481 1.123 86 62 34
3.5527 -2.3964 1.2088 84 63 34
3.4004 -2.35 1.1891 87 63 35
3.191 -2.3527 0.9843 88 65 34
3.3397 -2.4009 1.1935 86 64 27
3.2766 -2.385 1.0924 88 63 31
3.2126 -2.3345 1.0313 90 63 28
3.3167 -2.3856 1.186 86 64 27
3.2052 -2.304 1.1085 87 61 34
3.1604 -2.3537 1.0877 84 59 36
3.2668 -2.3235 1.0184 89 64 32
3.2979 -2.4067 1.1366 86 60 35
3.2515 -2.3534 1.0063 88 65 34
3.1172 -2.3092 0.99593 87 61 36
3.1465 -2.337 1.0463 86 63 29
3.3243 -2.3495 1.1943 86 63 29
3.331 -2.3802 1.1123 90 63 30
3.3663 -2.3815 1.0104 88 64 36
3.046 -2.3269 1.1132 86 61 38
3.1021 -2.3451 1.0255 87 64 33
3.0144 -2.3213 0.98854 90 62 31
3.0943 -2.3536 1.0935 86 62 36
2.9104 -2.2978 1.0187 84 64 37
2.9645 -2.3231 0.96564 88 64 36
2.9762 -2.3247 0.93579 89 65 37
2.9686 -2.333 1.0023 88 62 35
2.9621 -2.2906 1.0029 87 63 37
3.0759 -2.3335 1.0505 87 61 36
3.012 -2.3406 1.0939 86 62 34
3.0575 -2.345 0.96793 88 64 36
3.1604 -2.4107 0.96352 90 64 39
3.1122 -2.3448 0.99068 88 65 34
2.994 -2.3278 1.0878 86 62 34
2.9666 -2.301 1.0418 89 66 33
3.1664 -2.3718 1.1603 86 62 36
3.1195 -2.3432 0.95949 88 65 32
2.8196 -2.3043 0.98091 89 66 35
2.8817 -2.3438 0.96685 89 65 29
2.8301 -2.2819 1.0176 88 64 38
2.7725 -2.3036 0.95403 90 64 39
2.7489 -2.2658 0.85064 88 64 30
2.8071 -2.2718 1.0437 87 62 39
2.9085 -2.3196 0.94402 89 64 34
2.7115 -2.2639 0.96841 90 62 33
2.7981 -2.2943 1.0036 88 64 38
2.7914 -2.2962 1.0353 84 64 30
2.7233 -2.2596 0.90761 90 65 35
2.775 -2.2924 0.89225 90 67 34
2.8277 -2.2668 0.95137 88 62 35
2.8623 -2.2993 0.99736 88 65 34
2.9366 -2.3304 1.0933 86 60 35
2.912 -2.3155 0.91212 89 64 32
2.8517 -2.3141 0.92032 89 65 31
2.8654 -2.3176 0.89206 91 65 40
2.704 -2.3215 0.92371 90 65 35
2.5494 -2.2182 0.9609 88 64 38
2.6762 -2.2782 0.98396 91 65 40
2.6075 -2.2383 0.85816 93 64 40
2.7324 -2.2871 1.0105 88 64 36
2.5649 -2.2522 0.90615 92 66 41
2.7204 -2.286 0.87114 91 68 37
2.5749 -2.2533 0.87735 93 65 38
2.6856 -2.279 0.95617 90 65 35
2.6275 -2.2822 0.83122 89 64 32
2.6153 -2.2647 0.95739 92 69 38
2.6163 -2.2586 0.92525 91 66 36
2.6578 -2.2717 0.84486 89 66 33
2.6364 -2.2335 0.904 90 63 28
2.7455 -2.3117 0.90711 90 65 33
2.7293 -2.2861 0.84072 89 65 39
2.6534 -2.3095 0.87069 92 68 42
2.5145 -2.2835 0.90368 96 71 39
2.507 -2.2511 0.93988 93 67 40
2.4716 -2.2349 0.831 95 67 40
2.5792 -2.2697 0.93935 91 64 43
2.4667 -2.192 0.80481 90 66 40
2.4874 -2.2354 0.77771 91 66 34
2.3725 -2.1968 0.85079 94 70 42
2.4524 -2.238 0.91108 94 68 43
2.5316 -2.2786 0.82267 93 70 39
2.445 -2.252 0.84814 93 67 42
2.4321 -2.2283 0.78504 92 69 35
2.5581 -2.273 0.86473 93 65 34
2.4798 -2.248 0.86129 93 68 38
2.4895 -2.23 0.90291 91 66 36
2.5254 -2.2529 0.8853 93 66 31
2.572 -2.2703 0.96649 90 66 38
2.5351 -2.2414 0.79733 91 65 40
2.4984 -2.2908 0.83745 93 70 36
2.4179 -2.2418 0.89625 91 66 43
3.7692 1.1553 0.68692 82 60 36
3.7569 1.1561 0.64817 82 60 37
3.6178 1.0427 0.61335 81 59 36
3.7979 1.1311 0.68736 78 58 24
3.8218 1.134 0.72911 81 61 26
3.7408 1.1351 0.7525 81 59 38
3.8917 1.1384 0.62426 82 59 25
3.6394 1.0875 0.58705 83 60 27
3.8079 1.1241 0.76319 80 58 34
4.0218 1.1401 0.68314 83 58 36
3.8793 1.1132 0.77469 83 60 29
3.7575 1.1329 0.57094 83 60 26
3.8766 1.123 0.70058 83 60 26
3.9249 1.155 0.59458 81 60 33
3.9575 1.1304 0.59573 81 58 24
3.7258 1.1119 0.63782 81 59 36
3.7027 1.1273 0.71065 80 54 29
3.9329 1.136 0.74731 81 60 33
3.8545 1.0916 0.61457 81 59 38
3.9776 1.0789 0.7458 79 57 33
4.0646 1.1004 0.80619 80 58 34
4.1249 1.0816 0.81159 82 61 34
4.1473 1.0999 0.73499 82 56 33
3.9664 1.1058 0.78728 81 60 33
3.9254 1.1036 0.70252 84 59 36
3.9109 1.0936 0.73768 81 62 32
3.9061 1.0921 0.73718 81 62 32
4.0102 1.1115 0.59884 81 56 36
4.1577 1.1089 0.69742 83 59 31
4.0584 1.1096 0.72244 80 58 35
4.0491 1.1124 0.68238 82 57 35
4.0691 1.0877 0.64088 81 60 31
4.1248 1.1416 0.65319 85 61 35
4.1499 1.0747 0.64751 84 60 34
4.0738 1.0719 0.7598 83 58 35
4.049 1.0279 0.75091 84 59 39
4.203 1.0524 0.6502 83 60 26
4.2072 1.1003 0.86928 80 57 39
4.1858 1.0616 0.81615 79 57 36
4.1723 1.052 0.85617 80 58 34
4.2097 1.0865 0.69914 80 60 33
3.4591 -1.2528 0.87636 70 52 28
3.5871 -2.3797 1.0157 89 63 36
3.5898 -2.3886 1.0508 88 64 36
3.4002 -2.3966 0.98417 86 65 36
3.4757 -2.4382 0.9649 87 64 31
3.4084 -2.3869 0.90629 90 65 35
3.341 -2.3696 0.80541 94 67 34
3.5049 -2.4345 0.85331 94 67 30
3.3391 -2.316 0.97339 91 62 38
3.5744 -2.4587 0.99807 87 61 34
3.612 -2.4157 0.89303 92 66 26
3.5659 -2.41 1.0044 84 63 32
3.5754 -2.4081 0.96413 90 64 39
3.3919 -2.369 0.86472 90 66 38
3.4539 -2.3741 0.92139 92 64 33
3.4034 -2.3837 0.90529 90 65 35
3.4932 -2.392 0.89757 90 65 35
3.5605 -2.3912 0.91805 92 65 28
3.1006 -2.323 0.91713 87 63 37
3.2051 -2.3154 0.9563 86 63 32
3.2615 -2.3389 0.90022 89 65 37
3.0512 -2.2817 0.86535 90 64 37
3.248 -2.3627 0.85213 91 66 34
3.2616 -2.3458 0.93467 89 63 38
3.0764 -2.299 0.87236 90 64 37
3.2445 -2.3677 0.88994 90 65 35
3.0332 -2.2798 0.71509 91 66 36
3.2159 -2.3627 0.95595 88 65 32
3.21 -2.3627 0.76422 93 70 28
3.4185 -2.4282 0.86581 90 65 33
3.1458 -2.3406 0.86028 92 64 35
3.2125 -2.3529 0.91494 87 63 35
3.1915 -2.3642 0.83119 91 65 40
3.2265 -2.381 0.80353 93 65 34
3.244 -2.353 0.81514 92 66 39
3.2102 -2.3231 0.76861 92 66 39
3.3606 -2.3971 0.88583 91 67 33
2.9862 -2.3491 0.83142 90 66 32
2.9818 -2.3082 0.83318 90 64 37
3.1077 -2.3594 0.87551 88 64 28
2.9008 -2.2936 0.8401 90 63 30
2.9716 -2.3146 0.90038 88 65 32
3.019 -2.3282 0.81188 88 66 27
2.995 -2.3556 0.83418 90 66 32
3.1252 -2.3579 0.81144 90 65 35
2.985 -2.3415 0.79669 89 64 34
3.1232 -2.3492 0.77265 91 67 39
3.1119 -2.3554 0.84152 89 63 36
2.9927 -2.3332 0.72891 93 64 40
2.9093 -2.3066 0.87613 90 65 33
2.9539 -2.3425 0.71401 90 66 32
3.0864 -2.3515 0.90573 90 64 39
3.0431 -2.3385 0.78352 89 66 35
3.0963 -2.3974 0.90368 85 64 37
3.0189 -2.359 0.77012 89 66 33
3.1289 -2.3922 0.76823 91 68 35
2.8358 -2.2889 0.85022 91 65 40
2.8436 -2.3175 0.78084 90 64 37
2.8376 -2.2837 0.81805 90 65 33
2.7492 -2.2951 0.8162 88 64 38
2.8782 -2.337 0.75824 89 64 34
2.7423 -2.283 0.78068 91 68 37
2.7305 -2.2673 0.74427 91 67 33
2.7008 -2.2663 0.66775 93 69 35
2.7915 -2.308 0.73307 92 68 32
2.9398 -2.3388 0.74316 89 64 41
2.8605 -2.2938 0.79029 89 64 41
2.8274 -2.3189 0.84374 90 64 39
2.7931 -2.3019 0.69496 92 66 39
2.7693 -2.2681 0.7919 88 65 31
2.823 -2.2822 0.67662 92 67 44
2.8509 -2.3096 0.71626 93 67 42
2.8973 -2.3144 0.76694 91 65 40
2.6072 -2.2806 0.72723 93 70 39
2.6183 -2.268 0.79486 90 66 40
2.6342 -2.2743 0.76979 91 67 33
2.7267 -2.306 0.77001 88 65 34
2.6439 -2.2908 0.64569 94 70 36
2.6418 -2.2675 0.70991 91 68 37
2.6823 -2.2779 0.78947 88 64 36
2.5446 -2.2427 0.76943 91 68 27
2.6933 -2.2935 0.82724 86 65 34
2.5793 -2.2644 0.74928 90 67 36
2.5846 -2.2559 0.69022 93 68 38
2.6774 -2.3023 0.75178 92 69 38
2.573 -2.2677 0.62292 96 70 29
2.71 -2.28 0.70282 90 66 40
2.6541 -2.2709 0.68381 92 66 41
2.7042 -2.282 0.73258 90 64 37
2.627 -2.2837 0.67221 93 68 36
2.6945 -2.2963 0.66266 92 68 40
2.4263 -2.237 0.6923 94 69 39
2.4403 -2.2288 0.75778 93 69 35
2.4587 -2.2457 0.61486 96 71 41
2.5379 -2.2709 0.76466 90 67 34
2.5012 -2.2546 0.65914 93 68 38
2.4775 -2.2411 0.68174 94 69 39
2.5349 -2.2496 0.67558 92 69 35
2.5372 -2.2575 0.70392 92 69 38
2.4477 -2.2491 0.67142 94 71 38
2.5272 -2.2559 0.73247 91 68 37
2.544 -2.2503 0.64493 95 68 35
2.4945 -2.2617 0.71648 91 68 35
2.4416 -2.2564 0.72666 92 69 38
2.5183 -2.2624 0.63366 94 69 37
2.4757 -2.2526 0.74223 96 68 37
2.4595 -2.2526 0.64369 96 71 41
2.4055 -2.2319 0.74382 92 66 43
2.4284 -2.2527 0.60409 94 69 37
3.6528 1.1017 0.515 80 58 34
3.8245 1.153 0.35542 82 61 32
3.89 1.0843 0.5034 81 60 31
3.8763 1.0854 0.46359 82 61 34
3.8694 1.1231 0.42905 81 60 33
3.834 1.1352 0.50482 81 60 29
4.0188 1.1363 0.44163 83 59 31
4.0357 1.1473 0.40426 84 59 36
3.899 1.1168 0.54883 83 60 27
3.9778 1.1478 0.51846 84 58 33
3.8603 1.1148 0.46549 79 57 36
3.9043 1.1292 0.47101 79 57 36
3.7663 1.1228 0.42306 82 58 32
3.7625 1.1059 0.52964 83 58 36
3.7458 1.0874 0.37698 84 60 34
3.8803 1.1373 0.35481 81 61 37
3.7006 1.0955 0.44978 84 59 36
4.1533 1.0735 0.40229 82 61 34
4.079 1.1021 0.56357 84 60 32
4.0646 1.1033 0.52065 84 59 37
3.9822 1.0476 0.46642 83 60 27
3.8669 1.053 0.41947 82 61 30
4.0942 1.0871 0.44017 84 60 32
4.1276 1.0799 0.5651 81 57 31
4.1811 1.1134 0.45031 84 60 32
4.1435 1.1078 0.40605 83 62 33
3.9468 1.0724 0.46584 86 62 36
3.9882 1.0964 0.3952 83 58 35
4.1272 1.0542 0.4794 79 58 31
4.0515 1.0628 0.51304 81 60 29
4.1 1.0519 0.43385 81 60 29
4.0806 1.0969 0.60336 82 57 27
3.9362 1.0934 0.54578 83 59 23
4.1723 1.0178 0.55945 84 59 29
4.2229 1.0761 0.5313 81 60 29
3.818 0.90016 0.39197 71 51 16
4.2029 1.0586 0.61476 84 60 32
4.1688 1.0544 0.56292 82 59 28
4.1538 1.0362 0.39543 82 57 34
3.592 -2.3804 0.76488 95 68 33
3.2847 -2.3371 0.59952 101 74 39
3.54 -2.4421 0.78369 93 71 34
3.3547 -2.3714 0.77197 93 68 36
3.5301 -2.4483 0.61467 99 75 41
3.4672 -2.3386 0.69476 96 73 32
3.4581 -2.4317 0.75791 93 69 35
3.4595 -2.3409 0.73008 94 69 37
3.4197 -2.3991 0.70686 95 71 37
3.4179 -2.3489 0.67547 99 71 40
3.4978 -2.4349 0.64714 97 73 39
3.4138 -2.3538 0.71493 95 70 38
3.5993 -2.4491 0.63257 99 76 35
3.4714 -2.3755 0.64638 100 73 40
3.3575 -2.3778 0.57566 101 74 41
3.4918 -2.4385 0.68394 97 72 40
3.373 -2.4664 0.76295 93 68 36
3.1522 -2.3554 0.70801 94 67 32
3.2032 -2.3621 0.5714 97 73 39
3.1637 -2.3562 0.67335 96 68 39
3.3548 -2.3907 0.65148 97 72 40
3.1346 -2.361 0.58912 97 72 40
3.3439 -2.4054 0.76373 93 68 36
3.2549 -2.3646 0.62569 97 73 39
3.4123 -2.4436 0.74073 93 69 35
3.1522 -2.3663 0.55657 96 71 41
3.2334 -2.3572 0.65762 97 70 35
3.1823 -2.362 0.64097 95 71 33
3.3584 -2.4197 0.572 99 75 41
3.2531 -2.4036 0.61994 100 72 41
3.2371 -2.3526 0.62164 97 73 39
3.3905 -2.4486 0.61593 99 75 41
3.3628 -2.4032 0.68962 95 72 31
3.1529 -2.3668 0.55679 96 71 41
3.242 -2.3703 0.69771 96 68 37
3.0001 -2.3317 0.6956 91 67 33
3.1586 -2.3991 0.70389 95 68 35
3.0349 -2.3603 0.5249 97 74 33
3.0956 -2.3617 0.72448 93 69 35
2.9505 -2.3433 0.53862 98 74 38
3.0795 -2.3296 0.6148 98 70 41
2.9741 -2.3436 0.6504 93 68 38
3.0638 -2.3499 0.57159 95 72 38
3.1161 -2.3941 0.6176 96 73 42
3.1019 -2.3699 0.54272 96 72 38
2.9284 -2.3036 0.60659 97 69 40
2.937 -2.3232 0.67434 93 68 38
2.9308 -2.2986 0.5732 96 73 42
3.1004 -2.3898 0.64855 97 70 35
3.0852 -2.3859 0.68162 94 66 37
2.9845 -2.3307 0.54797 95 70 38
3.0569 -2.3207 0.64627 93 68 38
2.9413 -2.3297 0.50178 100 73 40
2.8251 -2.2933 0.54178 97 72 40
2.8482 -2.3469 0.54059 99 74 44
2.8477 -2.3103 0.54625 97 72 40
2.8433 -2.3336 0.67707 94 66 39
2.8668 -2.3543 0.51122 100 73 38
2.8437 -2.3206 0.61216 95 70 40
2.8288 -2.3028 0.57648 101 73 46
2.8567 -2.3006 0.64994 94 67 30
2.936 -2.3394 0.56875 100 72 41
2.6974 -2.2509 0.60475 97 70 35
2.7711 -2.3012 0.59084 97 71 44
2.8763 -2.3518 0.65144 93 68 36
2.7999 -2.3391 0.49309 99 77 38
2.7198 -2.2837 0.51033 98 73 41
2.9431 -2.3514 0.604 97 73 45
2.8134 -2.327 0.56696 96 71 39
2.9205 -2.3416 0.63517 98 71 38
2.8442 -2.301 0.51197 101 75 48
2.7495 -2.2976 0.64877 94 69 39
2.6641 -2.3286 0.58317 96 72 36
2.6472 -2.2742 0.5537 96 70 43
2.6029 -2.2515 0.60383 95 68 33
2.7106 -2.283 0.54045 96 73 40
2.6145 -2.2694 0.47964 103 76 39
2.5572 -2.263 0.4942 95 72 31
2.6968 -2.2916 0.6317 94 70 34
2.7683 -2.341 0.61597 95 70 40
2.7015 -2.2979 0.47163 99 69 41
2.6298 -2.3158 0.47777 95 72 38
2.5893 -2.2619 0.53595 95 72 38
2.5911 -2.257 0.50588 96 71 41
2.6093 -2.2505 0.57552 93 71 32
2.678 -2.2921 0.52844 94 71 37
2.7103 -2.2892 0.57074 94 71 40
2.6262 -2.3044 0.60495 93 67 42
2.7475 -2.3405 0.51074 99 73 33
2.4678 -2.2469 0.58629 94 70 36
2.4928 -2.2698 0.4427 98 74 46
2.4102 -2.2385 0.45171 95 72 39
2.4728 -2.2655 0.49822 95 72 39
2.5215 -2.2526 0.57578 95 71 33
2.501 -2.242 0.60093 92 69 38
2.4402 -2.2439 0.51879 97 72 42
2.5088 -2.2626 0.508 96 71 41
2.433 -2.244 0.54632 95 71 37
2.5309 -2.3082 0.47988 96 71 39
2.4442 -2.2598 0.57854 99 70 38
2.6111 -2.3135 0.53662 95 70 38
2.4621 -2.2766 0.43212 97 73 35
2.5243 -2.2693 0.48376 99 72 35
2.5738 -2.2894 0.5592 96 68 39
2.5386 -2.2937 0.54498 96 71 41
2.4956 -2.2392 0.44755 100 73 40
2.5123 -2.278 0.56858 94 71 37
2.4362 -2.2668 0.48484 95 71 43
3.6785 1.0955 0.15672 81 60 31
3.7384 1.1287 0.31093 84 62 38
3.6887 1.0939 0.19247 81 61 34
3.7641 1.1298 0.12852 84 60 34
3.917 1.0904 0.27502 82 60 37
4.0641 1.1619 0.3666 83 61 37
3.866 1.1033 0.30994 87 61 38
3.9449 1.0803 0.15533 86 59 38
3.8411 1.0822 0.15573 81 60 33
3.7726 1.1067 0.30847 84 60 34
3.7701 1.049 0.2255 81 60 31
3.8624 1.142 0.27996 82 60 37
3.7808 1.0913 0.19345 85 60 37
3.7062 1.0948 0.23102 82 62 28
3.7718 1.078 0.26679 82 61 34
3.9944 1.1094 0.31757 84 62 38
3.8337 1.0798 0.15531 81 60 33
3.8889 1.0922 0.19594 85 65 31
3.7712 1.0493 0.22472 81 60 31
3.8154 1.108 0.15964 84 59 29
3.8487 1.1083 0.23468 83 62 35
4.0901 1.0468 0.19203 82 60 37
3.9841 1.076 0.27344 81 59 35
4.0599 1.0516 0.35349 82 61 34
4.0217 1.0516 0.27139 83 61 37
3.9669 1.0652 0.31144 83 63 39
4.0842 1.0759 0.23392 85 61 35
4.0134 1.0602 0.19063 84 64 40
3.9489 1.0761 0.19336 84 63 36
4.1178 1.0491 0.232 82 61 34
4.1048 1.0707 0.31692 82 63 33
4.099 1.0998 0.35855 83 62 33
3.9525 1.0906 0.35086 85 61 35
3.9002 1.0556 0.22907 84 63 36
4.0204 1.068 0.15468 84 59 39
4.1128 0.99321 0.34655 78 56 32
4.1375 1.0176 0.22789 81 59 35
4.214 1.0393 0.2326 81 59 35
4.2227 0.97153 0.18095 55 31 5
4.0428 0.96795 0.37861 68 47 30
3.9229 0.92145 0.20967 78 59 25
4.1591 0.99211 0.1846 78 56 33
4.1772 1.0348 0.19066 82 60 36
4.1395 1.038 0.35649 82 57 34
3.61 -2.2239 0.57962 79 59 32
3.5777 -2.397 0.42544 95 73 36
3.4964 -2.3539 0.45302 96 72 38
3.5417 -2.4327 0.49475 98 74 40
3.4449 -2.3978 0.39692 101 72 40
3.4243 -2.3769 0.35462 99 75 39
3.4435 -2.4195 0.51524 101 74 39
3.5184 -2.4102 0.4499 100 73 38
3.4706 -2.4566 0.3896 99 75 41
3.5052 -2.4169 0.52782 100 72 43
3.3784 -2.4109 0.46001 96 71 39
3.4675 -2.4003 0.56261 100 73 40
3.4513 -2.4095 0.43733 99 72 37
3.3457 -2.3816 0.41353 97 73 37
3.5015 -2.4499 0.48627 100 73 36
3.4293 -2.4174 0.54722 101 73 42
3.511 -2.4755 0.35709 99 75 37
3.5788 -2.4285 0.58351 100 73 38
3.5812 -2.4425 0.41917 96 71 39
3.6115 -2.4336 0.51111 97 72 40
3.1883 -2.4024 0.4126 96 73 39
3.3619 -2.4409 0.44902 94 71 38
3.3008 -2.4215 0.55209 97 74 43
3.3072 -2.378 0.52254 99 71 42
3.2688 -2.4038 0.35214 98 73 43
3.2057 -2.382 0.45559 96 72 38
3.2959 -2.4369 0.43084 97 70 33
3.2814 -2.3793 0.40017 100 72 33
3.3045 -2.4168 0.51688 96 73 42
3.1444 -2.3469 0.48515 98 74 40
3.2417 -2.3852 0.34814 98 73 43
3.2422 -2.3673 0.46439 97 73 39
3.3825 -2.489 0.40846 99 71 40
3.3138 -2.3938 0.36737 98 75 34
3.1213 -2.3485 0.36698 98 74 40
3.3854 -2.4227 0.49626 99 72 39
3.1565 -2.3622 0.52121 96 72 38
3.1313 -2.3484 0.33354 99 74 42
2.9914 -2.3221 0.48233 97 72 40
3.0388 -2.3493 0.4554 97 73 39
3.074 -2.3676 0.42654 97 73 39
3.0568 -2.3309 0.49787 100 73 40
3.0851 -2.3999 0.35101 100 72 43
3.0167 -2.3437 0.30896 98 73 43
3.1331 -2.3884 0.32704 97 73 37
2.9718 -2.3621 0.36577 100 74 34
2.9671 -2.3419 0.47292 102 75 40
3.061 -2.3512 0.38626 99 74 42
2.9792 -2.3438 0.43925 100 75 43
3.0872 -2.3456 0.46927 97 73 37
3.1469 -2.3805 0.4421 97 74 43
2.9973 -2.3434 0.37455 99 73 33
3.0083 -2.3821 0.33658 97 72 40
2.8864 -2.3058 0.38623 97 72 40
3.1574 -2.4128 0.36534 99 74 42
3.0464 -2.386 0.41705 99 75 39
2.9143 -2.3467 0.49239 102 75 40
2.8082 -2.3323 0.43009 99 75 39
2.7999 -2.3194 0.39629 98 74 40
2.8171 -2.3127 0.30011 98 74 40
2.8335 -2.3224 0.47251 101 72 48
2.7249 -2.2837 0.31583 100 73 38
2.887 -2.3495 0.41558 100 75 43
2.8635 -2.3185 0.34594 99 72 35
2.9277 -2.3597 0.31975 98 73 41
2.7463 -2.3133 0.38275 97 72 40
2.7652 -2.3215 0.35138 98 73 41
2.7842 -2.3205 0.4589 98 74 38
2.9066 -2.3574 0.38317 97 73 39
2.7998 -2.3352 0.29421 99 72 37
2.8107 -2.321 0.36614 99 72 35
2.8354 -2.3172 0.43933 100 76 40
2.898 -2.3279 0.45688 97 72 42
2.9268 -2.3425 0.42694 101 73 42
2.883 -2.3695 0.3422 97 72 40
2.8865 -2.3722 0.34239 97 72 40
2.6778 -2.3136 0.46032 98 73 41
2.622 -2.3182 0.35101 97 72 40
2.7824 -2.348 0.4204 97 72 40
2.6192 -2.2945 0.41562 98 74 40
2.5818 -2.2789 0.31257 99 75 41
2.6932 -2.3066 0.36965 98 75 34
2.6444 -2.3236 0.29053 100 72 41
2.7322 -2.3154 0.44439 97 75 38
2.6827 -2.2918 0.3363 101 73 42
2.6481 -2.2923 0.29728 99 74 42
2.6846 -2.328 0.33332 100 72 41
2.737 -2.3061 0.38139 97 72 40
2.6612 -2.322 0.39063 97 73 35
2.6371 -2.2962 0.35488 98 75 41
2.6638 -2.2962 0.42859 98 73 43
2.6602 -2.2868 0.39571 97 73 39
2.6022 -2.287 0.44206 98 73 41
2.7551 -2.3424 0.31564 98 75 42
2.559 -2.2854 0.42946 97 75 38
2.5749 -2.2922 0.40316 98 73 43
2.5357 -2.2807 0.33082 98 73 41
2.5115 -2.3062 0.38334 96 71 41
2.5354 -2.2993 0.42168 99 70 46
2.478 -2.245 0.38154 98 72 45
2.4501 -2.2479 0.34381 95 71 37
2.4954 -2.28 0.32182 96 72 46
2.4473 -2.2718 0.30939 97 74 33
2.4894 -2.2688 0.29088 96 73 40
2.4938 -2.3054 0.28596 98 73 43
2.5743 -2.3001 0.27748 98 74 38
2.3866 -2.2063 0.39123 97 72 40
2.5605 -2.2949 0.30518 99 75 47
2.5668 -2.2792 0.37113 99 70 39
2.5408 -2.2912 0.362 98 73 41
2.4372 -2.2754 0.36516 96 71 39
2.4562 -2.2856 0.33928 96 71 41
3.6804 1.0785 0.046399 81 59 35
3.6916 1.0874 0.011631 82 57 34
3.8048 1.0968 -0.029394 82 57 34
3.9396 1.1193 0.12176 82 60 36
3.8795 1.0921 -0.071521 83 59 25
3.934 1.0879 0.080091 83 58 36
3.8456 1.1285 0.087202 82 60 37
3.8984 1.082 0.040968 81 60 33
3.9051 1.0655 -0.076686 81 61 34
3.7846 1.085 0.0076852 82 57 35
3.9639 1.0783 -0.038828 82 57 34
3.7569 1.0938 0.12019 84 60 34
3.8207 1.0862 0.081765 84 59 36
3.8236 1.0635 0.004774 81 58 24
3.7706 1.0907 -0.064787 82 62 28
3.844 1.0754 -0.035113 82 56 33
3.957 1.0896 0.11971 85 61 35
3.9713 1.0751 -0.0034649 82 60 23
3.8149 1.0895 0.042391 81 60 33
4.0668 1.0683 -0.0068303 83 57 30
4.1227 1.0679 0.11406 84 60 32
4.0506 1.0828 0.11652 81 59 35
4.0024 1.0545 -0.047221 82 56 31
4.082 1.0248 0.064708 85 60 38
4.1291 1.0442 0.025752 84 59 37
4.1488 1.0243 -0.058337 83 60 29
4.1124 1.0451 -0.010919 84 58 31
4.0194 1.0844 0.036847 80 59 32
4.1097 1.0271 0.10548 84 62 38
3.9812 1.037 0.029432 84 59 37
4.1266 1.0748 0.073355 80 61 31
4.1292 1.0557 -0.054831 82 59 26
3.9919 1.0704 0.073225 84 60 32
4.2151 1.0514 0.14916 85 60 38
4.1466 1.012 0.022451 83 61 37
4.0614 0.95717 -0.028202 81 57 23
4.2333 1.0423 -0.020244 81 57 29
4.216 1.0197 0.10262 87 61 34
4.0952 0.92949 -0.033124 54 35 5
4.2107 1.0123 0.14373 80 58 34
4.1762 0.99446 -0.067808 82 57 34
3.6359 -2.4377 0.22213 103 76 39
3.5546 -2.4025 0.29222 105 79 39
3.5839 -2.4131 0.25625 105 76 44
3.5239 -2.4181 0.24626 101 74 41
3.4466 -2.4524 0.22736 100 72 41
3.4275 -2.4321 0.18459 99 70 36
3.4857 -2.4205 0.15769 99 72 39
3.4425 -2.423 0.3119 97 74 33
3.4587 -2.426 0.27447 101 74 39
3.5992 -2.4583 0.21407 98 73 41
3.3912 -2.4232 0.25984 101 74 37
3.4674 -2.424 0.23568 100 73 40
3.4284 -2.4252 0.14913 95 71 37
3.5455 -2.4473 0.32687 102 75 42
3.4846 -2.4275 0.19433 98 73 41
3.5378 -2.4115 0.16885 99 74 42
3.5809 -2.4622 0.29043 103 76 41
3.5629 -2.4625 0.12309 96 70 29
3.1783 -2.3917 0.18696 96 71 41
3.2868 -2.4344 0.23868 99 72 39
3.3417 -2.4462 0.3217 100 73 36
3.1486 -2.3638 0.14867 97 70 37
3.2297 -2.3733 0.12389 96 69 34
3.2649 -2.4046 0.16394 96 72 38
3.2316 -2.4036 0.27021 100 74 34
3.2921 -2.372 0.32772 98 74 38
3.1226 -2.3599 0.22021 98 73 41
3.3675 -2.4337 0.17824 98 71 38
3.226 -2.3853 0.19847 100 73 38
3.3661 -2.4402 0.21535 96 72 38
3.1659 -2.3653 0.30055 100 72 43
3.2066 -2.397 0.11478 95 67 38
3.2874 -2.4018 0.28121 101 73 42
3.3148 -2.413 0.24523 97 75 34
3.1357 -2.3762 0.25809 100 73 40
3.3464 -2.4009 0.29613 97 70 35
3.3918 -2.4423 0.13809 94 70 36
2.9674 -2.3619 0.18908 96 71 41
2.9255 -2.3242 0.15237 97 70 33
3.0575 -2.3591 0.24305 98 75 34
3.065 -2.3886 0.16813 93 68 36
3.1909 -2.4222 0.29857 100 73 36
3.1895 -2.4462 0.2169 96 73 32
3.0869 -2.3973 0.1345 94 66 35
3.1437 -2.4136 0.21394 96 73 32
2.9613 -2.3204 0.19515 97 72 42
2.9863 -2.359 0.29826 99 72 39
2.8992 -2.325 0.25094 96 71 39
3.0667 -2.4109 0.27338 100 72 45
2.9649 -2.3669 0.22248 97 73 37
3.0118 -2.3639 0.23292 97 73 37
3.1276 -2.3878 0.14051 95 65 37
3.0897 -2.3893 0.28341 100 73 38
3.0852 -2.3648 0.17391 96 72 34
3.0288 -2.3764 0.23608 100 71 47
2.9792 -2.3568 0.12241 95 69 29
2.7759 -2.3259 0.15749 96 71 41
2.9142 -2.3428 0.28485 97 72 40
2.8562 -2.3224 0.20712 98 70 39
2.8737 -2.3719 0.20442 95 72 41
2.8087 -2.3289 0.23081 100 73 38
2.8714 -2.3339 0.20833 98 70 39
2.7619 -2.3085 0.12323 95 68 25
2.8899 -2.3776 0.17071 95 69 42
2.8103 -2.3102 0.13266 92 66 39
2.8726 -2.3281 0.17625 97 70 33
2.7563 -2.3237 0.22031 98 73 43
2.9337 -2.3603 0.1125 95 70 38
2.7808 -2.3363 0.18921 94 69 39
2.9199 -2.3567 0.14609 93 70 29
2.8718 -2.3408 0.24074 97 72 40
2.7637 -2.3008 0.25783 95 72 38
2.9145 -2.38 0.28047 100 73 38
2.6656 -2.3215 0.19973 95 72 39
2.7168 -2.3212 0.17938 96 72 38
2.7043 -2.296 0.27727 99 74 42
2.6404 -2.2798 0.26487 98 73 41
2.6591 -2.3378 0.13336 94 70 34
2.7075 -2.3204 0.2115 98 72 45
2.603 -2.3048 0.19111 94 71 38
2.6509 -2.3375 0.16329 95 72 41
2.6875 -2.3327 0.17264 94 68 41
2.5583 -2.2474 0.25149 97 72 40
2.7455 -2.3373 0.14954 96 72 38
2.672 -2.2986 0.2381 100 72 41
2.7214 -2.3468 0.11162 93 69 33
2.6664 -2.3285 0.23052 99 74 42
2.6052 -2.2876 0.099613 93 67 27
2.7654 -2.3375 0.25533 97 73 39
2.7444 -2.3299 0.11872 93 65 34
2.6942 -2.3316 0.14147 94 70 34
2.5871 -2.3255 0.18378 98 70 41
2.554 -2.2917 0.15121 99 73 33
2.5776 -2.2966 0.24797 99 74 44
2.5401 -2.2989 0.23822 98 70 41
2.5966 -2.3059 0.2202 101 74 39
2.5554 -2.3181 0.27068 98 71 38
2.4957 -2.2885 0.20005 97 73 37
2.5203 -2.2906 0.1137 93 68 38
2.4284 -2.2454 0.10348 96 69 34
2.5141 -2.2978 0.17232 96 71 39
2.5678 -2.3158 0.21277 99 71 40
2.4631 -2.2811 0.1342 93 68 38
2.5509 -2.2829 0.12156 97 69 30
2.5331 -2.3076 0.14473 94 69 39
2.4657 -2.2753 0.25446 98 73 41
2.4758 -2.2777 0.22777 98 73 41
2.4312 -2.272 0.21723 98 75 42
3.7226 1.0903 -0.17217 81 59 20
3.7185 1.0838 -0.13557 80 56 30
3.7871 1.0938 -0.28848 80 57 39
3.8119 1.0522 -0.18642 80 58 35
3.7514 1.0769 -0.24993 77 57 33
3.9052 1.0468 -0.19908 81 55 38
3.8413 1.0668 -0.22351 80 59 30
3.7857 1.0544 -0.25709 78 57 28
3.9217 1.0628 -0.2728 80 55 33
3.8398 1.1006 -0.21697 79 57 36
3.8237 1.0506 -0.1493 81 58 27
3.7261 1.048 -0.10508 80 60 26
3.7613 1.0928 -0.10219 82 57 27
3.9048 1.0708 -0.11449 82 57 27
3.8993 1.0504 -0.23385 81 59 36
3.7417 1.0633 -0.18019 79 55 27
3.8137 1.0815 -0.14431 82 59 28
4.1342 1.0115 -0.26031 82 58 32
4.0439 1.0364 -0.090963 79 57 34
4.1795 1.0505 -0.1803 82 55 34
4.0062 1.0061 -0.2141 80 57 23
4.0337 1.0197 -0.2533 82 57 35
3.9462 1.0296 -0.24235 81 58 27
4.2171 1.079 -0.30334 77 57 32
4.0152 1.0336 -0.12958 83 59 33
4.0438 1.0477 -0.16994 81 56 24
4.0622 1.0054 -0.099152 80 58 35
4.0292 1.0489 -0.20878 81 56 34
4.0737 1.0143 -0.13689 82 57 25
3.9512 1.05 -0.1205 82 57 35
3.9947 1.0577 -0.084302 81 59 36
3.9553 1.0568 -0.16165 80 55 33
4.0538 1.0675 -0.2857 78 58 34
4.193 1.0109 -0.14769 80 57 23
4.074 0.95819 -0.26839 78 57 30
4.2369 0.97289 -0.070361 61 38 7
4.2127 1.0222 -0.18806 79 58 29
4.1001 0.92247 -0.24176 75 53 32
4.0755 0.9529 -0.22943 79 56 25
4.1451 0.99175 -0.106 82 61 32
4.2176 0.95937 -0.28511 70 53 36
4.2137 1.0225 -0.18837 79 58 29
4.2186 1.0298 -0.22857 81 56 34
3.6214 -2.4485 0.090143 98 69 38
3.6311 -2.4662 -0.077603 89 67 30
3.6416 -2.4728 -0.078628 89 67 30
3.5404 -2.448 0.12037 96 70 29
3.5662 -2.4999 0.075374 93 71 32
3.4942 -2.4217 -0.085854 91 67 33
3.5153 -2.4589 0.032291 94 67 34
3.581 -2.4583 0.043096 93 68 38
3.536 -2.4217 0.00050003 94 68 27
3.4309 -2.4303 -0.055331 90 66 30
3.3914 -2.4345 0.10062 93 69 35
3.5765 -2.4827 -0.044729 90 65 35
3.4065 -2.4478 -0.096987 90 66 28
3.5273 -2.4318 0.080464 98 71 36
3.3623 -2.3925 -0.015984 91 66 34
3.6116 -2.4618 -0.038326 93 67 27
3.5475 -2.4719 -0.0052871 94 70 36
3.4168 -2.4438 0.064407 93 68 38
3.4882 -2.4567 0.11255 97 70 25
3.5391 -2.4935 -0.093948 89 66 25
3.4099 -2.4316 0.022633 94 67 34
3.3578 -2.3896 -0.016887 91 66 34
3.2281 -2.4149 -0.07347 90 65 33
3.3308 -2.4197 0.014825 92 63 29
3.1706 -2.4038 0.071307 92 68 40
3.412 -2.49 0.093252 95 70 40
3.3013 -2.4733 -0.034516 90 66 28
3.3158 -2.4352 -0.063385 88 63 31
3.2582 -2.418 0.045658 92 69 28
3.2853 -2.4367 0.045798 92 69 28
3.3375 -2.4167 -0.021023 90 65 35
3.3901 -2.4445 -0.059839 87 62 32
3.249 -2.4043 0.0064834 94 69 25
3.1508 -2.4001 -0.079205 89 64 34
3.3445 -2.4365 0.053377 94 68 28
3.2937 -2.4275 -0.028646 89 65 31
3.1758 -2.3684 0.077636 95 71 35
3.1228 -2.363 0.034741 94 67 30
3.1787 -2.395 0.00038033 92 63 32
3.1677 -2.4338 0.029495 92 67 23
3.0786 -2.3843 0.097218 94 67 30
3.1324 -2.4258 -0.084679 89 63 36
3.0878 -2.4151 0.021253 94 67 34
2.9552 -2.3694 0.079985 95 69 42
3.048 -2.3932 0.055633 91 65 38
3.1565 -2.4011 0.1075 94 65 34
2.9834 -2.3696 -0.019394 89 64 34
3.0873 -2.4076 -0.013931 90 66 32
3.0989 -2.3775 -0.0066577 93 66 33
3.0054 -2.3691 0.088065 97 67 29
3.0187 -2.3885 -0.052597 92 67 37
3.0494 -2.3563 0.062488 93 70 29
3.104 -2.374 -0.040335 89 65 31
3.0444 -2.3695 -0.049429 88 65 24
2.9409 -2.352 0.048108 93 68 36
2.993 -2.3836 0.014369 93 66 31
2.7723 -2.3387 0.055268 93 70 28
2.7696 -2.3456 -0.07397 87 67 32
2.8357 -2.3613 -0.072226 89 65 37
2.8218 -2.3414 0.063916 92 69 38
2.861 -2.3581 -0.0015651 92 65 28
2.7951 -2.3366 -0.039802 89 66 35
2.9401 -2.3814 0.0072223 91 65 24
2.8266 -2.3385 0.030553 92 66 25
2.8864 -2.3613 0.1046 93 69 33
2.855 -2.34 -0.066284 90 67 34
2.7787 -2.3371 0.02306 94 68 28
2.8571 -2.3914 -0.0073899 90 68 27
2.8711 -2.359 -0.033064 90 62 35
2.9491 -2.3812 -0.024853 87 62 30
2.8374 -2.3601 0.096169 93 68 36
2.9183 -2.3718 0.040044 91 68 37
2.9876 -2.4031 -0.060555 90 66 38
2.887 -2.355 0.072819 92 69 35
2.6869 -2.3215 -0.050438 89 67 30
2.615 -2.2977 -0.055769 87 66 35
2.6342 -2.2984 0.041943 93 66 29
2.6386 -2.3233 -0.025924 92 65 28
2.7568 -2.3331 0.086459 94 69 39
2.6706 -2.3342 0.072228 95 68 35
2.7209 -2.3553 -0.019882 89 66 32
2.601 -2.3116 0.06376 92 69 28
2.622 -2.3226 0.033825 92 67 35
2.7065 -2.3155 0.015798 92 69 28
2.69 -2.3152 0.079306 92 70 33
2.7027 -2.3472 0.012146 93 66 31
2.5939 -2.2932 0.0033171 90 68 27
2.754 -2.3596 0.049278 93 69 35
2.7219 -2.3211 -0.014081 90 65 35
2.7301 -2.321 -0.045535 91 68 37
2.476 -2.2941 -0.012111 92 66 39
2.5778 -2.3135 -0.00084065 92 68 30
2.5093 -2.2896 -0.0091637 88 66 29
2.5042 -2.2915 0.019999 92 66 39
2.5019 -2.3101 -0.041818 91 66 36
2.5026 -2.2695 0.084942 95 70 40
2.5117 -2.2915 -0.0082213 88 66 29
2.39 -2.2383 0.068717 93 70 37
2.5449 -2.3071 -0.06574 92 69 38
2.4269 -2.258 0.014688 94 67 34
2.4393 -2.2748 0.043553 92 67 37
2.5441 -2.2918 0.025846 95 66 32
2.6106 -2.3259 0.095102 94 70 36
2.5207 -2.3179 0.080013 94 68 41
2.562 -2.3277 -0.037313 92 69 27
2.5934 -2.3202 -0.032529 91 68 37
2.4885 -2.2843 0.048852 93 65 36
2.6039 -2.3226 -0.06201 88 67 38
2.5534 -2.3059 0.058605 96 68 29
2.4456 -2.2944 -0.048149 91 68 34
3.7181 1.0586 -0.42967 80 55 33
3.6914 1.0674 -0.3183 81 56 33
3.7341 1.069 -0.46671 79 57 34
3.7996 1.046 -0.40902 81 60 33
3.8198 1.0706 -0.2951 80 58 35
3.8075 1.0538 -0.44838 81 58 40
3.8801 1.026 -0.34982 82 57 35
3.8951 1.0707 -0.38152 81 56 33
3.8724 1.0452 -0.49702 77 54 36
3.962 1.0375 -0.51434 76 56 31
3.8518 1.0464 -0.30439 75 58 32
3.8795 1.0821 -0.49255 78 58 24
3.8086 1.0201 -0.45297 79 58 31
3.7755 1.0616 -0.3293 80 59 32
3.9479 1.0576 -0.42978 78 57 38
3.7145 1.0522 -0.39491 84 60 34
3.8741 1.0534 -0.30537 75 58 32
3.8299 1.0267 -0.45497 79 58 31
3.7435 1.0179 -0.3324 80 58 34
4.1326 1.0172 -0.30374 78 56 32
4.1081 1.0019 -0.50581 79 58 29
4.1196 1.0364 -0.46106 78 57 36
4.027 1.0039 -0.41083 78 56 33
4.0235 1.028 -0.33005 81 61 27
4.1031 0.99484 -0.46693 79 57 33
4.006 1.0284 -0.36579 79 60 30
3.8729 0.99986 -0.42908 79 58 37
4.1766 1.0096 -0.43404 82 58 30
3.9949 1.0307 -0.40452 81 56 34
4.0405 0.99666 -0.34045 80 58 34
3.8967 1.0124 -0.46864 79 57 33
4.0739 1.0289 -0.49475 78 56 33
3.9139 1.0308 -0.31462 83 59 31
4.094 1.0177 -0.38127 81 59 38
4.1202 0.98233 -0.34972 79 58 29
4.2525 0.98019 -0.36282 78 52 35
4.2573 1.026 -0.399 78 58 33
4.1666 0.98093 -0.52148 77 55 32
4.0531 0.93861 -0.43395 81 59 36
4.1437 0.98299 -0.31108 78 56 32
2.8265 0.52275 -0.27523 52 36 21
4.1658 0.57569 -0.43123 218 168 107
3.5546 -2.4207 -0.28424 89 65 31
3.5304 -2.4987 -0.25869 89 65 31
3.5682 -2.5236 -0.26115 89 65 31
3.6346 -2.5072 -0.34144 88 63 31
3.477 -2.4556 -0.29498 88 65 34
3.5546 -2.4526 -0.12496 90 65 33
3.4239 -2.4101 -0.12979 87 62 32
3.4868 -2.4355 -0.20871 88 64 36
3.459 -2.4594 -0.21498 86 63 30
3.4617 -2.4271 -0.16811 89 66 35
3.5263 -2.4799 -0.33646 89 64 32
3.539 -2.4616 -0.25333 87 65 28
3.605 -2.4963 -0.29869 89 64 34
3.3866 -2.4268 -0.13597 86 61 31
3.3762 -2.4198 -0.13501 86 61 31
3.4596 -2.4179 -0.20851 88 64 36
3.3365 -2.4113 -0.25291 88 64 38
3.5029 -2.4885 -0.21803 86 63 30
3.4965 -2.4921 -0.17623 87 64 31
3.4162 -2.457 -0.29648 87 64 31
3.2801 -2.436 -0.14628 88 64 36
3.1933 -2.3934 -0.26041 89 65 37
3.3764 -2.5131 -0.30959 88 65 32
3.338 -2.4199 -0.21573 86 66 32
3.4232 -2.5007 -0.10465 88 63 40
3.3509 -2.4542 -0.29792 88 65 34
3.2273 -2.4467 -0.11451 87 63 35
3.465 -2.5293 -0.10649 88 63 40
3.2007 -2.4059 -0.2241 88 65 32
3.2294 -2.4084 -0.10913 89 64 34
3.2315 -2.4523 -0.30479 88 65 32
3.3137 -2.4187 -0.14263 87 62 39
3.2171 -2.4496 -0.2682 89 63 36
3.3789 -2.4552 -0.18161 89 67 30
3.3044 -2.4452 -0.18335 88 62 37
3.2125 -2.4288 -0.1509 89 63 38
3.3444 -2.4574 -0.26116 89 67 30
3.2299 -2.4338 -0.19067 89 65 31
3.3457 -2.466 -0.22333 88 62 35
3.0657 -2.3803 -0.2638 88 63 31
2.9693 -2.3456 -0.091709 86 65 34
3.1531 -2.4654 -0.16386 88 65 31
2.9322 -2.3549 -0.09406 89 65 31
3.0589 -2.4135 -0.27012 87 64 33
3.0896 -2.4118 -0.19413 87 61 36
3.0419 -2.4082 -0.23483 89 65 39
3.0549 -2.3629 -0.11797 87 64 33
3.1107 -2.3958 -0.15364 89 66 35
2.9394 -2.3695 -0.23198 88 63 40
3.0551 -2.3798 -0.22897 89 64 32
2.9665 -2.3735 -0.12741 93 64 40
3.1474 -2.4147 -0.19061 88 65 32
3.1431 -2.4045 -0.22768 88 64 30
3.0553 -2.4013 -0.12583 89 65 31
2.9909 -2.401 -0.27136 88 65 34
3.0081 -2.3975 -0.16586 89 65 37
3.0694 -2.3972 -0.19446 87 61 36
3.015 -2.3953 -0.19627 88 64 38
2.8161 -2.3687 -0.14352 90 65 35
2.8527 -2.3609 -0.13623 89 66 33
2.8328 -2.3614 -0.23944 89 66 35
2.8659 -2.3643 -0.17106 87 62 32
2.865 -2.3409 -0.098959 89 65 31
2.9362 -2.3972 -0.27328 86 65 34
2.9573 -2.3899 -0.20201 87 63 37
2.7945 -2.3584 -0.10852 89 66 33
2.8348 -2.3539 -0.10486 87 63 35
2.884 -2.3712 -0.20379 88 64 38
2.8347 -2.399 -0.24545 91 66 36
2.8582 -2.3879 -0.20919 93 65 36
2.91 -2.3842 -0.23859 87 63 37
2.9183 -2.3975 -0.20628 88 64 38
2.8197 -2.3647 -0.17478 91 65 38
2.9853 -2.411 -0.20425 88 62 35
2.9377 -2.389 -0.13318 87 62 32
2.9965 -2.4263 -0.16835 88 65 31
2.658 -2.3349 -0.21453 89 66 35
2.6078 -2.313 -0.12158 89 67 30
2.6957 -2.3438 -0.1498 89 65 29
2.6434 -2.3512 -0.25226 90 66 28
2.7235 -2.3443 -0.081613 89 65 37
2.654 -2.3166 -0.11766 90 65 33
2.7101 -2.3489 -0.18181 91 66 34
2.8223 -2.3959 -0.21155 90 65 42
2.6177 -2.3276 -0.092176 89 66 33
2.7299 -2.3297 -0.1758 89 65 39
2.7115 -2.3281 -0.11303 90 66 30
2.7047 -2.3314 -0.24067 91 65 38
2.6011 -2.3012 -0.15145 90 67 34
2.6506 -2.3632 -0.21875 89 66 35
2.7192 -2.3278 -0.14547 89 66 33
2.7106 -2.371 -0.24764 90 64 39
2.6815 -2.3452 -0.086319 90 64 37
2.6432 -2.3293 -0.1842 88 65 34
2.6806 -2.3187 -0.21089 87 65 41
2.4925 -2.298 -0.22163 90 64 41
2.5675 -2.3135 -0.12187 90 67 34
2.4943 -2.2975 -0.072215 91 67 33
2.6002 -2.3279 -0.18587 89 66 33
2.4599 -2.2945 -0.10421 92 67 35
2.4774 -2.3035 -0.13196 92 66 39
2.551 -2.3394 -0.10181 90 67 34
2.5083 -2.3239 -0.16386 91 69 28
2.5494 -2.3318 -0.13178 91 66 36
2.4984 -2.2824 -0.15763 90 65 35
2.6293 -2.3586 -0.15835 90 65 35
2.5386 -2.2955 -0.094376 92 68 40
2.5293 -2.3023 -0.18918 90 67 36
2.4917 -2.3035 -0.19239 91 66 34
2.6826 -2.3897 -0.22144 89 66 35
2.5566 -2.3192 -0.2217 88 67 38
2.4335 -2.2779 -0.075018 91 68 37
2.4701 -2.3116 -0.2249 91 68 37
2.4402 -2.2979 -0.16652 91 68 35
2.4311 -2.2839 -0.19398 91 67 39
3.6605 1.0276 -0.56952 78 57 38
3.7042 1.0469 -0.61178 78 57 26
3.8473 1.059 -0.64159 77 56 35
3.7749 1.054 -0.51414 75 53 30
3.7721 1.0406 -0.66494 75 57 37
3.9268 1.0433 -0.62068 78 55 37
3.8301 1.0374 -0.52804 75 55 30
3.9434 1.0186 -0.66826 78 57 26
3.8837 1.0248 -0.57829 76 54 30
3.8229 0.98825 -0.68719 76 55 26
3.8184 1.0733 -0.55693 78 56 33
3.7797 1.0324 -0.5954 79 58 27
3.8829 1.0355 -0.65242 77 56 25
3.7624 1.0038 -0.6695 77 56 37
3.6589 0.98928 -0.54147 77 57 32
3.9598 1.0423 -0.55129 76 53 35
3.9474 1.0033 -0.55813 79 59 32
4.2224 1.04 -0.5592 77 55 31
4.1228 1.0489 -0.53968 75 55 31
4.1215 1.0034 -0.75117 78 52 35
3.9805 0.98835 -0.64405 76 56 32
4.0267 0.95973 -0.61999 76 55 34
3.9837 1.0194 -0.59792 79 57 34
3.9822 0.99435 -0.6808 76 56 31
4.261 1.0186 -0.61225 78 52 35
4.0203 1.0111 -0.72594 74 52 29
4.0823 1.0119 -0.6204 77 57 30
4.105 0.99879 -0.74924 81 55 38
4.192 1.0171 -0.72132 77 54 23
3.9234 1.0071 -0.62685 78 56 33
4.0781 0.97974 -0.66863 80 55 35
4.2621 0.95998 -0.75303 72 53 21
4.0864 0.95086 -0.71311 75 55 31
4.2116 0.99905 -0.56498 76 55 36
3.8724 0.88756 -0.6426 79 53 36
3.5425 -2.3651 -0.51825 86 60 33
3.5868 -2.5302 -0.50877 83 62 31
3.3739 -2.4134 -0.37052 84 61 30
3.5517 -2.4804 -0.41929 84 63 34
3.4858 -2.4957 -0.34187 88 63 33
3.5879 -2.4959 -0.46378 86 66 32
3.4744 -2.3961 -0.36473 87 61 36
3.5542 -2.5251 -0.42351 85 61 35
3.5277 -2.4994 -0.46225 86 62 34
3.5021 -2.4562 -0.37487 89 64 32
3.5883 -2.488 -0.50329 85 61 33
3.5608 -2.4434 -0.41222 83 62 35
3.3718 -2.4219 -0.52618 87 64 31
3.4174 -2.4681 -0.45727 84 60 34
3.4943 -2.5119 -0.50617 86 62 26
3.1386 -2.3963 -0.44561 87 61 34
3.1852 -2.4367 -0.41342 88 62 37
3.2876 -2.4539 -0.49399 85 61 27
3.3358 -2.4363 -0.33506 87 63 35
3.3426 -2.4255 -0.41095 88 64 38
3.2658 -2.4212 -0.37297 86 61 29
3.1383 -2.3791 -0.33143 86 63 30
3.3938 -2.4781 -0.53808 87 61 36
3.3425 -2.4333 -0.37589 86 61 38
3.2958 -2.4343 -0.41441 85 64 37
3.3958 -2.4872 -0.49773 87 63 35
3.2729 -2.4336 -0.33699 87 61 34
3.3034 -2.4322 -0.45449 88 62 35
3.2289 -2.4055 -0.52179 86 61 38
3.2135 -2.4419 -0.49019 84 61 27
3.2371 -2.4337 -0.41325 85 61 35
3.1895 -2.4078 -0.37146 84 62 38
3.3027 -2.472 -0.45981 86 62 34
3.0968 -2.4197 -0.37884 86 63 32
2.9838 -2.3607 -0.43876 87 63 29
3.0914 -2.4326 -0.48971 86 63 29
3.1285 -2.4183 -0.30417 89 66 35
3.0463 -2.421 -0.37921 89 63 36
3.0656 -2.397 -0.37518 86 63 32
3.1778 -2.4389 -0.37876 88 64 38
3.1154 -2.4258 -0.41524 87 63 35
2.9793 -2.3854 -0.30384 87 63 35
3.0964 -2.3974 -0.48082 87 61 36
2.9772 -2.3466 -0.29635 88 62 39
3.0165 -2.3919 -0.41032 89 63 36
3.0752 -2.4495 -0.34736 86 63 32
3.1975 -2.4778 -0.46048 86 62 34
2.965 -2.3842 -0.44525 85 60 37
3.0692 -2.4068 -0.34111 86 59 40
2.9497 -2.3797 -0.40969 85 64 35
3.1456 -2.4232 -0.33883 87 63 37
2.9821 -2.3897 -0.47835 84 62 38
2.9742 -2.419 -0.31078 87 63 25
2.734 -2.3287 -0.37013 87 63 35
2.8828 -2.3726 -0.37361 87 63 35
2.838 -2.3587 -0.27272 86 65 36
2.8803 -2.3938 -0.44764 86 62 34
2.8969 -2.3903 -0.34259 91 65 40
2.7768 -2.3335 -0.33648 85 64 37
2.7833 -2.3608 -0.40689 84 63 32
2.8231 -2.3404 -0.30294 87 64 33
2.9752 -2.4057 -0.37811 85 64 37
2.7784 -2.3414 -0.305 87 63 37
2.9151 -2.3905 -0.41121 85 60 37
2.9149 -2.3834 -0.44449 86 62 34
2.922 -2.3726 -0.3382 84 63 34
2.8371 -2.3671 -0.40861 88 63 33
2.812 -2.3543 -0.37236 87 63 35
2.8349 -2.3925 -0.28011 86 65 34
2.77 -2.3438 -0.43679 84 64 37
2.6737 -2.3434 -0.40458 86 65 34
2.6678 -2.3172 -0.33851 86 65 36
2.6987 -2.3201 -0.27152 88 62 37
2.5816 -2.3086 -0.37053 90 64 37
2.7253 -2.3568 -0.37493 88 64 30
2.6053 -2.3134 -0.27912 89 65 37
2.6043 -2.3274 -0.37368 90 64 37
2.7436 -2.3846 -0.31379 86 65 38
2.6137 -2.3288 -0.40396 88 65 34
2.7317 -2.3334 -0.33875 88 64 36
2.7728 -2.3726 -0.31208 85 63 26
2.7238 -2.3752 -0.28032 89 63 36
2.6391 -2.3218 -0.37149 85 64 35
2.5645 -2.2733 -0.29993 88 64 38
2.533 -2.2745 -0.33552 91 65 38
2.6575 -2.3432 -0.34272 87 67 33
2.7259 -2.3443 -0.43838 84 63 32
2.7266 -2.3512 -0.40557 87 63 37
2.503 -2.301 -0.25271 91 67 33
2.5333 -2.2872 -0.27801 87 63 35
2.4543 -2.3003 -0.3723 91 68 35
2.4841 -2.3116 -0.28457 90 66 38
2.5259 -2.3226 -0.40331 88 64 38
2.4945 -2.3142 -0.31319 90 65 42
2.4758 -2.2718 -0.27892 87 66 37
2.5806 -2.3477 -0.34525 87 65 41
2.51 -2.2945 -0.31013 90 68 31
2.5109 -2.2623 -0.30413 90 64 41
2.5253 -2.3533 -0.25933 90 67 34
2.4797 -2.3161 -0.40316 91 65 38
2.4391 -2.2933 -0.34252 91 68 26
2.4734 -2.2901 -0.3397 88 63 40
2.5635 -2.3187 -0.25141 93 66 31
2.5654 -2.3225 -0.40349 87 63 37
2.5091 -2.3144 -0.37225 92 66 39
2.5427 -2.3095 -0.37026 87 63 37
2.4617 -2.3189 -0.31597 89 68 41
3.7261 1.0419 -0.76268 76 56 31
3.7234 1.018 -0.83623 77 52 32
3.8287 0.98831 -0.91237 77 55 32
3.875 1.0093 -0.73241 77 54 38
3.8737 1.0254 -0.84281 80 53 34
3.8317 1.0306 -0.71685 75 54 33
3.8108 1.0163 -0.89466 79 54 34
3.936 1.009 -0.86057 78 57 30
3.7968 0.99093 -0.75167 74 55 38
4.0118 1.0314 -0.87636 78 57 30
3.8116 1.0298 -0.7507 77 55 34
3.881 1.0222 -0.80873 74 51 35
3.6346 0.98518 -0.78655 78 53 31
3.8904 1.0139 -0.73427 76 53 37
3.8783 0.99757 -0.88756 75 50 30
3.7524 1.0326 -0.87849 78 55 24
3.8247 1.0394 -0.78962 76 51 29
4.0634 0.99285 -0.78064 76 56 32
3.9495 1.0018 -0.79022 72 52 27
4.0947 0.97628 -0.86986 76 54 31
4.2656 1.0176 -0.86589 75 52 36
3.8973 0.96822 -0.90028 73 51 28
4.1117 0.9927 -0.95082 73 56 28
3.9541 1.0085 -0.82499 76 53 35
4.0348 0.99618 -0.85131 72 49 33
4.0381 1.0029 -0.89075 75 53 29
3.9889 1.0077 -0.76138 76 53 35
4.0361 0.99078 -0.81262 73 51 30
4.1752 0.98086 -0.76866 77 55 31
4.107 0.95433 -0.95841 77 52 30
4.109 0.98613 -0.9121 72 50 26
4.166 0.98415 -0.80495 75 54 35
4.0032 0.92059 -0.89766 68 47 26
4.2499 0.96814 -0.82377 73 52 35
3.6502 -2.4778 -0.75015 83 58 28
3.5486 -2.4893 -0.58759 84 63 34
3.564 -2.5094 -0.75117 81 60 31
3.4898 -2.4929 -0.58359 85 61 33
3.4684 -2.4705 -0.61692 83 62 33
3.6147 -2.5074 -0.71448 83 60 27
3.5469 -2.4716 -0.66242 85 62 31
3.657 -2.5178 -0.80037 82 59 26
3.4455 -2.4817 -0.70034 85 62 31
3.4929 -2.5056 -0.74908 82 57 27
3.4199 -2.4724 -0.65754 82 60 23
3.59 -2.5181 -0.79434 83 60 27
3.5015 -2.4844 -0.6601 80 60 23
3.5089 -2.5081 -0.7899 82 57 35
3.4102 -2.4736 -0.61662 84 63 32
3.5505 -2.5088 -0.71086 83 61 24
3.6499 -2.5469 -0.64038 86 62 36
3.6128 -2.4789 -0.62463 86 60 35
3.6638 -2.5305 -0.76107 82 59 26
3.1597 -2.4136 -0.63259 86 61 31
3.2515 -2.4712 -0.68504 85 62 31
3.2372 -2.421 -0.67342 81 54 33
3.274 -2.4216 -0.60117 84 62 38
3.3071 -2.4368 -0.64412 85 62 28
3.3564 -2.4962 -0.73523 84 59 27
3.4697 -2.5218 -0.58808 88 64 30
3.2515 -2.4612 -0.53186 84 63 36
3.1956 -2.4464 -0.60206 82 57 35
3.3037 -2.4903 -0.57607 85 62 31
3.2731 -2.4538 -0.64665 82 58 32
3.3544 -2.5185 -0.62474 85 60 37
3.4174 -2.5045 -0.70208 84 60 34
3.4758 -2.5444 -0.7132 84 60 34
3.3226 -2.4627 -0.57267 85 64 37
3.3319 -2.4383 -0.72282 82 60 19
3.2457 -2.4594 -0.71959 83 58 28
3.0023 -2.4142 -0.62425 85 62 31
3.1109 -2.4177 -0.6318 83 61 37
3.001 -2.3897 -0.54938 84 61 27
3.0206 -2.3971 -0.58649 85 60 30
3.1536 -2.4556 -0.60079 86 63 30
2.9385 -2.3806 -0.54739 82 58 32
3.1513 -2.4296 -0.52429 85 62 28
2.9716 -2.3985 -0.58714 84 59 37
3.0451 -2.4081 -0.6264 82 57 35
3.1634 -2.4777 -0.53365 86 64 27
3.0844 -2.4587 -0.52926 86 62 34
3.1828 -2.492 -0.538 84 64 30
2.982 -2.392 -0.6533 83 61 22
3.1445 -2.4739 -0.68112 84 56 29
3.0307 -2.4188 -0.52068 86 62 34
3.1031 -2.4118 -0.62853 83 61 37
3.1158 -2.4358 -0.56239 86 62 34
3.1668 -2.4332 -0.56092 83 61 38
3.1351 -2.4206 -0.70644 82 57 35
3.1068 -2.4074 -0.6653 79 57 33
2.8658 -2.3621 -0.54112 84 61 30
2.9429 -2.3907 -0.51391 85 60 37
2.8133 -2.3709 -0.4733 85 66 34
2.9154 -2.4301 -0.58931 85 62 31
2.9049 -2.4288 -0.55405 84 60 32
2.8101 -2.3779 -0.60968 84 62 21
2.9517 -2.4043 -0.48237 84 61 28
2.8067 -2.3818 -0.57654 82 61 32
2.9185 -2.3954 -0.58302 84 60 34
2.8412 -2.3861 -0.51105 85 63 39
2.9824 -2.43 -0.66154 85 61 27
2.8284 -2.347 -0.47132 87 64 31
2.9316 -2.3984 -0.61745 85 60 38
2.8645 -2.3677 -0.50737 85 62 29
2.8875 -2.3949 -0.64981 81 60 31
2.7912 -2.3563 -0.63659 85 61 33
2.6867 -2.3 -0.49148 85 65 31
2.7704 -2.3596 -0.53664 85 62 31
2.906 -2.3996 -0.51428 85 62 29
2.8447 -2.3691 -0.61181 84 61 30
2.768 -2.3867 -0.57419 85 61 35
2.669 -2.3486 -0.53337 88 63 33
2.7628 -2.3763 -0.60724 85 61 33
2.6948 -2.3541 -0.43919 86 60 35
2.5992 -2.3317 -0.49669 87 64 31
2.6286 -2.3374 -0.59308 84 63 32
2.6465 -2.3647 -0.53525 86 63 32
2.6792 -2.344 -0.5951 82 61 30
2.7473 -2.3546 -0.4705 88 63 40
2.6174 -2.3191 -0.46361 86 64 41
2.6646 -2.3734 -0.56928 86 60 35
2.6733 -2.3455 -0.56297 84 63 32
2.6664 -2.353 -0.50309 87 62 40
2.7392 -2.3704 -0.53952 86 63 30
2.6679 -2.3477 -0.5328 88 63 33
2.6584 -2.3591 -0.43966 89 65 39
2.7188 -2.3608 -0.50623 85 60 37
2.7299 -2.3761 -0.47573 85 63 39
2.5171 -2.3092 -0.43304 88 61 40
2.5912 -2.353 -0.53218 87 63 35
2.5239 -2.342 -0.46722 85 64 35
2.52 -2.3325 -0.49641 89 66 33
2.5838 -2.3316 -0.43571 86 65 36
2.597 -2.3364 -0.46755 90 66 40
2.5031 -2.339 -0.55591 87 63 37
2.541 -2.323 -0.46355 88 63 41
2.5809 -2.3443 -0.53007 87 63 35
2.4946 -2.3378 -0.52615 88 64 30
2.4738 -2.3261 -0.49546 89 64 42
2.5415 -2.3446 -0.52831 88 65 32
2.5935 -2.3485 -0.56143 87 63 25
2.585 -2.354 -0.50073 87 63 37
2.5593 -2.354 -0.56336 87 63 29
2.4866 -2.3162 -0.43406 89 67 43
2.5833 -2.3339 -0.59005 86 65 36
2.4669 -2.3261 -0.46558 88 65 31
3.7583 1.04 -0.9161 76 52 24
3.7095 1.03 -0.94124 80 54 39
3.8885 0.99389 -1.0828 78 56 41
3.9057 1.0169 -0.96622 73 54 37
3.8277 1.0102 -1.0557 79 58 37
3.945 1.0048 -1.0594 77 52 32
3.78 1.0187 -0.96559 77 57 23
3.9006 1.0267 -1.0387 78 52 25
3.8967 1.0199 -1.0016 76 55 34
3.861 0.97446 -1.0013 73 55 31
3.8218 1.0259 -0.9375 75 55 31
3.7445 1.0185 -1.0262 76 53 35
3.7991 1.0072 -1.0852 75 52 34
3.8039 1.0316 -1.0072 78 55 37
4.0233 0.9795 -1.0068 76 51 29
4.0041 0.96828 -0.96416 76 51 31
4.1519 0.99051 -1.1262 78 57 38
3.9602 0.99198 -0.95012 72 50 26
4.0374 1.0014 -1.129 73 54 37
3.9849 0.97476 -1.0395 74 52 31
4.0861 0.97837 -1.1483 74 55 25
4.0436 0.99711 -1.0896 75 52 34
4.2095 0.98819 -1.023 68 52 29
4.1185 0.97525 -1.0779 78 53 33
4.046 1.0226 -1.0072 74 53 36
4.1857 0.98774 -1.0562 73 52 33
3.8134 0.86231 -1.0438 75 55 31
4.1093 0.9355 -1.0833 73 51 30
4.2763 0.97368 -1.0852 71 51 27
3.6697 -2.5091 -0.8836 82 57 34
3.5518 -2.5202 -0.87674 80 59 30
3.5993 -2.5168 -0.84282 80 58 35
3.5659 -2.5567 -0.96696 82 60 36
3.4081 -2.4746 -0.81397 80 58 35
3.6483 -2.5755 -0.93617 84 59 37
3.6215 -2.5141 -0.92347 79 59 32
3.6199 -2.5485 -0.97039 79 58 27
3.5009 -2.5295 -0.87485 80 59 30
3.4902 -2.4876 -0.82466 82 57 35
3.3999 -2.4532 -0.88584 81 57 31
3.2426 -2.4673 -0.87159 82 63 31
3.1689 -2.4374 -0.74887 80 58 34
3.4004 -2.5033 -0.85888 84 58 33
3.4211 -2.4911 -0.77745 79 58 27
3.3178 -2.4873 -0.84643 83 62 35
3.2388 -2.4396 -0.79063 84 60 32
3.3452 -2.4575 -0.88168 79 57 34
3.2313 -2.4419 -0.75419 81 61 27
3.2136 -2.4542 -0.828 82 57 35
3.3212 -2.482 -0.88378 81 60 33
3.3243 -2.4588 -0.80381 83 59 31
3.3659 -2.4949 -0.77327 81 60 31
3.2935 -2.4554 -0.91533 82 60 36
3.1836 -2.4403 -0.78566 83 59 33
3.4057 -2.4907 -0.93115 81 57 31
3.0733 -2.4456 -0.74054 82 61 34
3.097 -2.4317 -0.70485 83 58 38
3.0824 -2.4455 -0.77986 84 59 37
3.1986 -2.4835 -0.83305 81 59 35
3.1168 -2.4169 -0.84741 84 57 36
3.0707 -2.4222 -0.84372 83 61 38
3.0602 -2.4215 -0.80607 80 58 34
2.9693 -2.399 -0.75777 85 60 38
3.0098 -2.4364 -0.73318 83 58 35
3.0046 -2.4185 -0.80037 86 61 38
3.1421 -2.4574 -0.75028 83 61 38
3.1274 -2.4394 -0.78237 84 60 32
3.0569 -2.4406 -0.70245 85 61 35
3.0036 -2.4317 -0.7313 83 58 35
2.7664 -2.3595 -0.70204 86 62 36
2.8449 -2.3848 -0.71197 84 60 34
2.8522 -2.361 -0.67543 79 58 29
2.8481 -2.3808 -0.74601 82 61 34
2.802 -2.3739 -0.77048 84 62 38
2.9058 -2.4185 -0.79147 86 61 38
2.9367 -2.3884 -0.68489 85 60 30
2.9528 -2.424 -0.76097 82 61 34
2.9696 -2.4299 -0.7991 83 63 29
2.8191 -2.3942 -0.74469 85 60 37
2.8669 -2.4087 -0.68471 82 61 32
2.9204 -2.4063 -0.72144 82 60 39
2.8341 -2.3767 -0.71116 84 60 34
3.0222 -2.4628 -0.846 86 65 38
2.754 -2.3981 -0.64216 87 61 36
2.6879 -2.3606 -0.72787 86 64 41
2.7213 -2.3939 -0.7026 84 62 39
2.5991 -2.3228 -0.7146 88 63 40
2.7651 -2.3712 -0.6364 83 62 33
2.8214 -2.4096 -0.68279 81 60 33
2.8013 -2.4099 -0.78042 85 63 39
2.7345 -2.3627 -0.72992 84 63 36
2.6268 -2.3455 -0.7205 88 63 40
2.726 -2.4042 -0.67242 87 63 37
2.5907 -2.3277 -0.65122 85 61 33
2.6516 -2.372 -0.69535 85 65 40
2.7261 -2.3848 -0.76574 87 65 41
2.7173 -2.3619 -0.66491 86 64 27
2.6451 -2.3444 -0.62505 90 61 37
2.7051 -2.3457 -0.69383 86 61 39
2.5291 -2.3158 -0.61371 89 63 38
2.5558 -2.3327 -0.65123 88 66 43
2.5673 -2.37 -0.68811 89 69 35
2.5727 -2.3589 -0.59376 87 66 35
2.5112 -2.3158 -0.70266 89 65 39
2.5186 -2.3466 -0.58989 88 64 30
2.6076 -2.364 -0.72277 87 63 37
2.5899 -2.355 -0.68719 89 64 41
2.5003 -2.3521 -0.64958 88 63 41
2.4852 -2.3328 -0.67356 90 64 47
2.5332 -2.353 -0.62154 86 66 31
2.5691 -2.3777 -0.65875 89 64 32
2.6384 -2.3739 -0.63259 88 62 37
3.8405 1.1132 1.0525 80 59 32
3.7461 1.1214 0.99542 78 58 34
3.8786 1.1613 1.0711 77 57 33
3.8547 1.1232 1.0195 82 55 38
3.6819 1.1277 1.0152 85 56 35
3.8032 1.1751 1.0143 81 58 40
3.9647 1.1124 1.1204 81 57 31
4.0452 1.1494 1.0669 81 59 35
4.0609 1.1117 1.1045 79 57 34
4.0664 1.1084 1.1499 81 56 33
4.1018 1.1308 1.0819 78 58 33
3.9863 1.1253 1.092 80 58 35
4.0847 1.0765 1.1483 79 58 29
4.138 1.0987 1.1274 82 60 37
3.8474 -0.50709 1.2659 64 42 19
3.7741 -1.0886 1.3005 75 55 28
3.776 -1.3124 1.3546 70 48 27
3.6336 -2.0932 1.3797 64 46 26
3.5773 -2.1849 1.3067 73 49 21
3.4347 -2.0635 1.2581 71 49 25
3.4876 -2.2824 1.3742 66 49 23
3.5344 -2.3035 1.3554 74 52 28
3.4123 -2.3474 1.2499 86 61 39
3.4417 -2.3813 1.341 77 57 23
3.4724 -2.3157 1.3635 77 57 32
3.3254 -2.3337 1.2188 83 59 31
3.3527 -2.3582 1.2611 84 60 32
3.4632 -2.3876 1.3117 85 65 28
3.3122 -2.3809 1.2857 82 62 27
3.2265 -2.3967 1.2021 84 60 34
3.1438 -2.3145 1.2474 80 57 23
3.4014 -2.3978 1.3232 82 61 42
3.3134 -2.3741 1.2472 85 60 38
2.9463 -2.3227 1.1208 84 60 32
3.1469 -2.3494 1.2113 89 61 30
3.2313 -2.4147 1.2782 83 58 35
3.0674 -2.3396 1.2063 87 60 23
3.0614 -2.3816 1.2378 85 58 37
3.0803 -2.3416 1.175 86 62 36
2.9512 -2.2954 1.1591 86 60 37
3.0205 -2.3381 1.1518 86 63 32
3.213 -2.4021 1.2709 83 58 35
3.0894 -2.3416 1.1494 85 60 37
2.7808 -2.2869 1.1135 88 65 24
2.8745 -2.3067 1.0851 88 63 40
2.9308 -2.3185 1.1496 86 62 34
2.789 -2.2791 1.0477 86 62 36
2.7982 -2.2927 1.0834 90 62 35
2.8669 -2.3151 1.152 83 60 29
2.9642 -2.3804 1.1557 86 62 34
2.5353 -2.2266 0.96773 90 67 36
2.6706 -2.3084 1.0606 90 66 32
2.7699 -2.3074 1.0706 89 65 39
2.6106 -2.2535 1.0033 87 66 37
2.6575 -2.2557 1.0237 89 65 31
2.6027 -2.2607 1.0634 89 64 32
2.7479 -2.2974 1.0955 89 64 34
2.6247 -2.2372 1.045 92 65 30
2.6821 -2.2881 1.0942 87 63 37
2.4445 -2.225 0.95593 89 65 37
2.522 -2.2629 1.0213 95 66 42
2.547 -2.2765 0.99934 91 68 37
2.5646 -2.2845 0.97702 90 64 37
2.5427 -2.2395 1.003 89 67 30
3.6783 1.1278 0.76019 81 59 38
3.8033 1.137 0.78248 82 60 36
3.7225 1.1279 0.87666 83 58 35
3.7118 1.1291 0.83709 83 58 35
3.8923 1.1463 0.95487 81 56 26
3.9192 1.1252 0.92004 80 59 32
3.9431 1.1383 0.88657 81 60 31
3.7839 1.1152 0.88964 80 59 30
3.8104 1.1053 0.78103 81 59 38
3.8349 1.1374 0.86438 82 61 34
3.763 1.1369 0.9243 84 63 32
3.797 1.1778 0.97482 82 59 43
3.8727 1.1342 0.98586 83 64 34
3.8488 1.1126 0.82597 81 58 27
3.7807 1.1239 0.81239 84 59 37
3.8137 1.149 0.97372 82 60 39
4.1324 1.1685 0.88468 80 60 35
4.1222 1.1223 0.91895 81 56 33
4.1521 1.1141 1.0457 79 58 29
4.0492 1.088 0.97711 82 62 38
3.9665 1.1043 0.9235 82 58 30
3.894 1.1062 0.98846 86 61 41
4.0142 1.1087 1.0163 81 59 35
4.1158 1.1143 0.95469 84 59 37
3.9312 1.1235 0.95896 84 63 32
4.0309 1.1307 0.90435 81 60 33
4.0115 1.0569 0.84527 82 57 34
4.0405 1.0545 0.93189 81 59 35
3.5412 -2.3485 1.1051 88 64 38
3.4985 -2.3647 1.0838 88 64 36
3.5126 -2.404 1.2513 84 61 30
3.4986 -2.3805 1.1697 86 62 34
3.4728 -2.3914 1.0734 87 63 37
3.4568 -2.4234 1.061 88 62 39
3.5531 -2.4068 1.1448 86 63 21
3.4179 -2.3859 1.2112 87 63 35
3.5046 -2.3483 1.2118 86 65 38
3.4632 -2.3653 1.1949 89 62 41
3.4823 -2.3974 1.0762 87 63 37
3.1656 -2.3261 1.0324 88 63 31
3.138 -2.3398 0.98452 88 65 32
3.2351 -2.3592 0.98232 88 65 34
3.2491 -2.3568 1.1364 86 62 36
3.2677 -2.4035 1.1087 87 64 30
3.2417 -2.3303 1.021 90 65 33
3.1796 -2.3285 0.99947 89 63 38
3.3316 -2.3636 1.1336 86 62 36
3.3314 -2.3784 1.2129 85 62 28
3.2995 -2.3762 1.0813 87 61 34
3.4111 -2.4238 1.2053 87 65 28
3.1433 -2.3363 0.94906 87 63 37
3.2288 -2.3363 1.0972 86 60 35
3.2649 -2.3388 0.99623 91 63 34
2.9561 -2.3086 1.0173 88 64 38
2.932 -2.308 0.90246 88 63 31
3.0346 -2.3411 1.1216 84 61 28
3.0301 -2.3413 0.94041 89 65 37
3.1368 -2.3601 1.0921 85 60 37
3.0837 -2.3617 1.0662 85 62 29
3.1084 -2.3579 0.96688 90 65 33
2.9204 -2.2896 1.0381 86 66 39
3.0604 -2.3531 1.0998 85 61 33
2.9247 -2.2996 1.0748 82 62 35
2.9674 -2.3168 1.022 88 64 38
2.9936 -2.2848 0.97001 88 65 34
3.0051 -2.3369 0.99869 88 62 35
2.8798 -2.2766 0.91891 88 63 33
3.0454 -2.3274 1.0149 86 63 32
3.1641 -2.3653 1.0318 87 63 35
2.8726 -2.2714 0.91683 88 63 33
3.028 -2.3465 0.9718 87 61 38
3.0786 -2.3133 1.0396 87 65 28
2.8384 -2.3327 0.96562 90 64 39
2.7747 -2.2618 1.0114 86 66 32
2.862 -2.3069 0.94326 89 64 34
2.8141 -2.3011 0.89298 89 63 36
2.9281 -2.3493 0.93103 89 66 33
2.9342 -2.3372 1.0414 87 66 37
2.8186 -2.3108 0.92456 89 65 31
2.762 -2.2947 1.0356 87 60 39
2.6812 -2.2417 0.87691 89 64 34
2.7602 -2.2953 0.86737 89 65 31
2.7454 -2.2756 0.99925 89 65 37
2.8518 -2.2858 0.8724 89 63 38
2.9547 -2.3593 1.0834 85 64 37
2.8394 -2.3402 0.99837 88 65 34
2.8599 -2.2757 0.98078 88 65 34
2.8438 -2.3006 0.97339 89 66 35
2.9379 -2.3259 0.97218 88 62 35
2.8071 -2.2798 0.99286 87 63 37
2.5958 -2.277 0.83415 92 68 42
2.716 -2.2884 0.98484 91 66 34
2.6936 -2.2856 0.87288 90 67 34
2.6347 -2.2656 0.97906 92 66 41
2.6706 -2.309 0.89299 91 68 35
2.6662 -2.2839 0.95922 89 65 39
2.7146 -2.3089 0.91378 92 63 39
2.6746 -2.2992 0.83308 90 66 40
2.7067 -2.2875 1.0109 86 66 32
2.6285 -2.2956 0.97528 91 67 39
2.6583 -2.2367 0.92998 90 65 35
2.5992 -2.2592 0.90359 90 65 35
2.7498 -2.3006 0.92748 91 64 29
2.6237 -2.265 0.84621 92 67 35
2.6816 -2.2893 0.93206 91 66 36
2.5712 -2.2433 0.92414 90 67 36
2.658 -2.2514 0.83159 89 66 33
2.5684 -2.2486 0.79553 88 64 36
2.4763 -2.2191 0.81854 90 66 40
2.4641 -2.2348 0.93394 92 70 31
2.5409 -2.2586 0.93786 93 68 45
2.4636 -2.2479 0.84056 93 70 36
2.5366 -2.2484 0.90553 92 67 37
2.4666 -2.2303 0.90489 91 68 37
2.5683 -2.2616 0.85733 92 69 36
2.4925 -2.2659 0.82224 92 69 35
2.4979 -2.25 0.88745 93 67 40
2.4759 -2.2253 0.84922 94 66 39
2.409 -2.2217 0.76043 94 68 45
2.4975 -2.2635 0.79306 90 67 33
2.4888 -2.2755 0.87883 92 67 37
2.4589 -2.2569 0.89867 95 70 38
2.4588 -2.2636 0.92944 94 68 41
2.5823 -2.2797 0.89392 95 68 33
3.5794 1.0808 0.59766 82 60 37
3.8426 1.1421 0.60061 86 62 26
3.8044 1.1293 0.59431 86 62 26
3.7871 1.1027 0.73796 80 57 39
3.8036 1.1476 0.71074 84 58 33
3.893 1.1079 0.71559 83 58 35
3.8202 1.148 0.74998 83 60 29
3.8225 1.1195 0.70761 81 60 33
3.7716 1.1418 0.66712 82 60 37
3.9045 1.128 0.60763 83 60 26
3.7569 1.103 0.65997 82 60 37
3.7758 1.1142 0.62381 83 58 35
3.7521 1.0676 0.65329 81 58 40
3.7895 1.1294 0.55457 83 58 36
3.9817 1.1479 0.65865 86 61 29
4.0954 1.1168 0.6262 84 59 29
4.0747 1.1048 0.66331 85 60 38
4.0671 1.0969 0.7026 83 59 31
4.1717 1.0855 0.75759 81 56 36
4.2053 1.1014 0.72263 83 57 34
4.167 1.1101 0.84274 79 57 33
3.9119 1.1033 0.79663 80 60 35
4.099 1.1492 0.67331 84 59 37
4.0607 1.1315 0.70665 81 61 37
4.0716 1.0925 0.74208 81 57 31
3.9671 1.0855 0.80628 79 58 29
4.0891 1.0918 0.78312 81 56 33
4.0497 1.1168 0.78427 81 60 33
4.2188 1.1114 0.68481 84 60 34
3.9594 1.1243 0.77095 82 59 28
4.0009 1.1068 0.7322 81 59 36
4.1449 1.0948 0.62862 83 60 29
3.8808 1.0849 0.59345 82 57 37
4.1955 1.0545 0.75533 82 58 32
4.1413 1.0707 0.79437 80 59 32
4.1145 1.025 0.7772 81 60 33
4.2055 1.0836 0.84482 79 58 31
3.4264 -2.3546 1.0211 88 64 36
3.541 -2.3968 0.89105 90 67 33
3.363 -2.3817 0.90916 91 66 34
3.4843 -2.4387 0.82361 93 68 36
3.4247 -2.4076 0.85177 92 67 37
3.3235 -2.3489 0.86418 90 66 38
3.4641 -2.3561 0.9126 91 66 34
3.4768 -2.399 0.8708 93 68 38
3.494 -2.4176 0.91509 93 66 33
3.5855 -2.4041 1.0306 89 63 38
3.3545 -2.3349 0.9077 93 65 34
3.525 -2.4021 0.96976 89 65 37
3.4596 -2.4103 0.98378 86 65 36
3.4105 -2.3858 1.0076 88 64 36
3.5195 -2.406 1.0066 86 65 34
3.4621 -2.4744 0.85334 91 65 38
3.3386 -2.4216 0.97486 89 65 31
3.1343 -2.2953 0.76672 91 67 33
3.3031 -2.4503 0.80221 92 68 34
3.2639 -2.3571 0.87995 90 67 26
3.1416 -2.3208 0.87412 90 64 37
3.2507 -2.3552 0.91155 91 63 36
3.2509 -2.3224 0.95465 89 63 36
3.1739 -2.3359 0.84735 90 65 35
3.3252 -2.3907 0.85755 90 65 33
3.2236 -2.4027 0.81886 91 66 34
3.1932 -2.342 0.81642 93 65 34
3.1538 -2.3616 0.83841 91 65 40
3.376 -2.3902 0.91254 91 66 34
3.3562 -2.3847 0.94845 89 63 38
3.1571 -2.3386 0.91666 88 64 36
3.3131 -2.368 0.77773 93 70 29
2.9411 -2.3179 0.7304 91 65 40
3.0493 -2.3655 0.79965 92 65 30
3.073 -2.3754 0.76956 89 64 34
3.02 -2.3269 0.89987 90 64 37
3.0946 -2.3838 0.73871 94 65 41
2.9824 -2.3379 0.88497 87 66 39
3.1717 -2.3954 0.95291 86 65 34
3.1013 -2.3391 0.89508 89 63 38
2.979 -2.3216 0.81404 90 64 37
3.0646 -2.3312 0.7746 91 66 34
3.1384 -2.3584 0.87329 88 64 28
3.0712 -2.3428 0.81123 90 68 29
2.9037 -2.304 0.78799 91 66 36
3.0517 -2.3427 0.87532 88 64 36
2.9819 -2.3544 0.77391 93 68 24
3.1642 -2.394 0.76244 91 67 31
2.9782 -2.3277 0.8462 90 66 32
3.0599 -2.3414 0.84092 89 63 36
2.7925 -2.3004 0.78169 89 63 36
2.8131 -2.3093 0.75386 90 66 32
2.8097 -2.2907 0.85637 93 65 36
2.8898 -2.3308 0.7817 91 65 38
2.9853 -2.3949 0.77174 91 66 34
2.8354 -2.313 0.69499 92 67 44
2.7714 -2.2998 0.67135 94 70 36
2.7323 -2.2831 0.72766 91 67 29
2.8333 -2.2656 0.83444 89 63 38
2.7177 -2.2499 0.79193 89 63 38
2.754 -2.2931 0.70036 92 68 42
2.906 -2.3126 0.82326 92 65 32
2.8285 -2.2914 0.79502 90 64 41
2.9159 -2.3365 0.72031 91 66 43
2.745 -2.2708 0.80021 90 64 39
2.7944 -2.3151 0.84782 90 64 39
2.8612 -2.3228 0.83976 89 66 32
2.777 -2.2754 0.7118 92 66 41
2.5928 -2.2765 0.67693 92 69 38
2.5923 -2.2694 0.64418 93 68 38
2.7209 -2.2942 0.82181 89 65 39
2.6406 -2.2655 0.78945 90 66 32
2.6705 -2.2632 0.67298 92 66 39
2.6589 -2.3016 0.72834 89 66 35
2.6884 -2.2838 0.7103 91 69 30
2.6281 -2.29 0.78192 91 65 40
2.7389 -2.2945 0.75951 90 64 39
2.5417 -2.2412 0.6914 91 68 34
2.6258 -2.2688 0.68897 90 67 36
2.7469 -2.3075 0.79538 93 64 42
2.6764 -2.3025 0.67062 93 69 41
2.6305 -2.2512 0.75631 90 67 36
2.6726 -2.2779 0.73753 90 64 37
2.6389 -2.292 0.75282 92 69 38
2.712 -2.2893 0.65372 93 69 33
2.4696 -2.234 0.75599 91 66 34
2.4759 -2.272 0.75189 93 67 40
2.455 -2.2621 0.62706 92 67 37
2.4609 -2.2406 0.66128 94 69 39
2.56 -2.2898 0.6929 92 69 38
2.4298 -2.2207 0.68118 92 68 34
2.5285 -2.2765 0.7435 91 68 37
2.4599 -2.2523 0.71933 92 69 38
2.4885 -2.2574 0.63955 94 68 41
2.5094 -2.2339 0.77229 91 68 27
2.5526 -2.2633 0.75786 91 67 33
2.5233 -2.2535 0.65501 95 70 40
2.5379 -2.2445 0.7209 93 70 36
2.544 -2.2637 0.62718 94 71 40
2.5728 -2.3069 0.72718 93 68 38
2.4867 -2.2495 0.60809 94 70 34
3.7622 1.1357 0.44335 84 61 27
3.9117 1.141 0.53128 83 59 31
3.842 1.0704 0.36128 83 61 37
3.7648 1.0639 0.46823 86 60 35
3.9494 1.1291 0.45581 82 61 34
3.8262 1.1075 0.55569 82 59 26
3.8374 1.0979 0.40285 85 59 34
3.8523 1.1373 0.41139 80 60 33
3.8802 1.1359 0.48843 82 61 30
3.9472 1.1119 0.56901 83 61 22
3.8082 1.1174 0.44466 82 61 34
3.9425 1.116 0.53193 80 58 37
4.0103 1.1184 0.41881 84 60 32
3.8402 1.0988 0.40309 85 59 34
3.8806 1.1173 0.36952 85 61 35
3.7682 1.1274 0.51543 84 60 32
3.7393 1.1046 0.36123 86 61 38
4.1299 1.0707 0.50296 83 59 31
4.0046 1.0751 0.45064 82 58 32
4.0845 1.1054 0.42298 84 63 32
4.0002 1.0987 0.53641 84 60 24
4.1571 1.1046 0.59385 81 57 31
4.1469 1.0816 0.46608 83 57 32
4.2375 1.1347 0.56324 82 58 32
3.9174 1.0673 0.56131 81 56 34
4.0105 1.0713 0.4907 85 62 29
3.8301 1.0507 0.4729 82 58 32
4.0567 1.0604 0.41483 82 61 34
4.1845 1.1185 0.55432 81 60 29
4.1158 1.0549 0.58034 83 61 22
4.1655 1.0753 0.54638 82 61 30
3.9525 1.0946 0.44992 79 60 30
4.2016 1.048 0.5453 84 61 30
4.1339 1.0601 0.5821 83 61 22
4.0932 1.0287 0.45404 76 55 28
4.1827 1.0366 0.58303 83 58 28
4.0465 0.94189 0.43245 48 30 6
4.0629 0.98893 0.4019 76 56 31
4.2211 1.0714 0.4244 85 61 35
4.179 1.0097 0.49583 73 52 25
4.1726 0.98213 0.40914 52 31 12
3.56 -2.3711 0.69601 97 72 40
3.4668 -2.3902 0.62629 99 74 42
3.4284 -2.3385 0.70114 95 71 37
3.5811 -2.4555 0.60581 99 74 42
3.524 -2.3914 0.68199 98 74 40
3.464 -2.4033 0.70413 97 72 42
3.3706 -2.3841 0.6764 97 72 40
3.3739 -2.3937 0.71665 93 68 38
3.5625 -2.4437 0.60275 99 74 42
3.4282 -2.3725 0.65345 99 71 40
3.4561 -2.4328 0.65642 97 73 39
3.4673 -2.4326 0.619 98 74 40
3.4028 -2.3783 0.76347 94 70 36
3.5526 -2.4247 0.76893 96 69 32
3.5384 -2.3929 0.64296 99 72 39
3.4423 -2.3967 0.73855 95 68 35
3.4891 -2.4392 0.58194 97 73 39
3.1906 -2.3515 0.66406 97 70 35
3.3928 -2.4136 0.76063 91 68 35
3.1605 -2.356 0.57946 97 72 40
3.1983 -2.3497 0.62987 98 73 43
3.2343 -2.3558 0.75461 92 68 40
3.0748 -2.3175 0.67029 93 68 38
3.2144 -2.3821 0.74342 95 70 40
3.2299 -2.3855 0.70909 95 70 38
3.2988 -2.3701 0.61671 98 74 40
3.375 -2.4284 0.67123 96 71 41
3.4178 -2.4424 0.60608 98 74 40
3.1776 -2.3821 0.65696 93 68 38
3.2297 -2.4183 0.668 93 68 38
3.3072 -2.4166 0.61521 98 74 38
3.201 -2.3769 0.55033 96 71 41
3.2795 -2.4456 0.64023 97 72 40
3.3381 -2.4186 0.74185 92 67 35
3.3248 -2.4022 0.69962 95 70 38
3.4703 -2.5196 0.60446 100 73 36
3.0599 -2.3313 0.58974 96 73 42
3.0121 -2.3489 0.64331 97 70 35
2.9812 -2.3641 0.6315 98 71 38
3.1296 -2.4268 0.63489 96 70 43
2.983 -2.3415 0.70501 92 68 34
2.9941 -2.3053 0.68042 92 68 30
3.132 -2.3893 0.64061 94 70 34
3.1606 -2.4167 0.68238 94 70 36
3.0761 -2.3254 0.70632 91 66 36
3.04 -2.3865 0.54057 98 74 36
3.0284 -2.347 0.57852 95 72 41
3.0185 -2.333 0.54131 96 73 32
3.0172 -2.3596 0.68076 92 67 37
3.1269 -2.3645 0.53125 97 73 39
3.1391 -2.3801 0.56968 94 71 37
2.9005 -2.2915 0.54603 98 75 44
2.899 -2.2973 0.58211 99 71 42
2.8985 -2.3469 0.64294 97 69 38
2.8877 -2.3321 0.60788 100 72 45
2.8469 -2.3377 0.59286 94 71 38
2.8877 -2.3454 0.67277 91 68 35
2.9138 -2.3682 0.50635 101 74 39
2.9153 -2.3224 0.65058 95 68 31
2.9236 -2.352 0.57986 101 76 46
2.927 -2.3479 0.54839 99 74 42
2.817 -2.3378 0.51632 98 73 43
2.8381 -2.3245 0.55898 96 73 42
2.7855 -2.2781 0.51549 97 72 42
2.76 -2.3005 0.53769 97 72 42
2.8577 -2.2865 0.66976 94 67 32
2.7629 -2.3158 0.60153 97 72 42
2.8012 -2.3162 0.64822 96 68 41
2.7972 -2.3065 0.61458 95 70 40
2.8331 -2.3434 0.48602 101 76 44
2.9233 -2.3451 0.54718 99 74 42
2.896 -2.3181 0.50697 97 72 40
2.7081 -2.2669 0.55748 98 74 40
2.6677 -2.311 0.57158 96 72 38
2.6034 -2.2743 0.45994 97 72 42
2.6133 -2.2886 0.49225 96 72 38
2.7024 -2.3103 0.6149 96 70 29
2.7244 -2.3341 0.6514 94 70 36
2.5916 -2.2627 0.61493 94 70 36
2.592 -2.244 0.5235 95 73 36
2.6955 -2.2699 0.61681 95 71 35
2.7155 -2.301 0.52214 96 71 39
2.6859 -2.2842 0.54839 95 72 38
2.6514 -2.2851 0.50532 96 71 41
2.759 -2.364 0.49401 99 74 42
2.7058 -2.287 0.49021 97 73 37
2.6047 -2.2945 0.55292 94 72 35
2.6396 -2.2948 0.59474 94 69 39
2.6832 -2.2886 0.57892 93 71 32
2.6391 -2.3159 0.52892 95 72 38
2.6048 -2.3009 0.58268 93 69 33
2.5222 -2.2872 0.49424 96 73 40
2.4954 -2.2319 0.49343 97 74 33
2.557 -2.2954 0.56595 92 69 35
2.4779 -2.2361 0.57794 96 72 38
2.4793 -2.2762 0.60174 94 69 37
2.4974 -2.2855 0.57944 94 68 43
2.4813 -2.2655 0.54541 95 70 38
2.4793 -2.2779 0.45144 96 71 39
2.4717 -2.2512 0.51377 96 71 41
2.5596 -2.2703 0.60148 94 70 36
2.5819 -2.2905 0.45136 97 74 40
2.4549 -2.2635 0.47698 95 72 39
2.512 -2.2726 0.46417 99 72 35
2.4487 -2.2645 0.50537 95 72 41
2.5013 -2.2307 0.46589 96 73 39
2.5588 -2.2906 0.53738 96 71 41
3.6688 1.091 0.28332 84 59 39
3.9152 1.0991 0.33158 85 61 35
3.715 1.0888 0.17482 82 60 36
3.7187 1.0696 0.31875 82 61 34
3.9228 1.0828 0.21806 85 61 35
3.9142 1.0855 0.17746 83 61 38
3.8005 1.0781 0.20948 83 62 35
3.9266 1.1137 0.25904 81 60 33
3.7967 1.1005 0.29117 81 59 35
3.8355 1.1184 0.25415 83 60 27
3.8066 1.1325 0.33286 82 60 36
3.7894 1.1189 0.14296 84 59 29
3.8969 1.0693 0.25079 83 62 35
3.8305 1.0774 0.28686 82 61 34
3.7457 1.0938 0.21132 81 61 34
3.8994 1.1209 0.1406 81 59 35
3.857 1.1019 0.17815 86 61 38
3.9969 1.0894 0.33317 83 59 33
4.1139 1.0635 0.25282 82 60 37
4.0853 1.0298 0.16901 82 62 37
4.1095 1.0876 0.33968 82 60 39
4.0234 1.056 0.37108 82 60 37
4.0613 1.0172 0.20596 83 62 33
3.9568 1.0636 0.17317 83 59 33
4.2033 1.1476 0.39281 81 59 38
3.974 1.0879 0.29437 82 60 36
4.0081 1.0738 0.2124 85 61 35
4.1117 1.0514 0.33487 83 62 35
4.0567 1.058 0.17229 82 57 37
4.1112 1.0685 0.21497 86 63 32
4.1636 1.0724 0.29864 81 60 31
3.9552 1.0521 0.2493 83 61 38
4.0445 1.026 0.3692 83 62 35
3.9531 1.046 0.28737 84 60 32
4.0943 0.98982 0.20093 80 58 34
4.1299 1.0137 0.37096 82 57 35
4.2189 1.0306 0.16926 81 60 29
4.1904 1.0425 0.29279 81 60 31
4.1563 0.96966 0.1998 54 35 21
4.2113 1.0427 0.33775 77 57 32
4.0843 1.0181 0.2461 82 61 32
3.7976 0.50763 0.23148 64 45 28
2.6176 -1.3185 0.35201 87 66 37
3.535 -2.3181 0.49034 89 69 35
3.6015 -2.4172 0.57556 99 75 39
3.4885 -2.4238 0.50497 99 71 40
3.4367 -2.4096 0.36983 98 73 43
3.4762 -2.366 0.46724 98 73 43
3.5983 -2.4354 0.44521 96 71 39
3.3985 -2.3997 0.44638 95 70 38
3.5411 -2.4347 0.39209 101 73 44
3.5172 -2.392 0.47361 98 73 43
3.6191 -2.4411 0.40024 102 74 35
3.4368 -2.4396 0.52737 96 71 41
3.4394 -2.4191 0.40521 100 71 39
3.4975 -2.422 0.46597 98 74 40
3.5696 -2.4607 0.43689 98 71 36
3.4467 -2.4389 0.49332 99 75 39
3.4059 -2.431 0.36238 99 75 39
3.4035 -2.3762 0.52929 100 73 38
3.5789 -2.4386 0.52207 99 74 42
3.1096 -2.3454 0.49267 98 73 41
3.3147 -2.4069 0.53957 96 73 42
3.2915 -2.4172 0.453 94 71 38
3.4065 -2.4272 0.56325 98 70 39
3.3289 -2.3946 0.4296 98 74 36
3.1552 -2.3703 0.46394 97 74 43
3.2613 -2.4223 0.3704 98 74 40
3.363 -2.4322 0.51105 100 72 43
3.2739 -2.4125 0.48823 97 74 33
3.1851 -2.3589 0.51261 100 73 40
3.2925 -2.3775 0.45808 97 73 37
3.2587 -2.3876 0.4112 99 72 39
3.0998 -2.3492 0.34443 98 73 41
3.3664 -2.4122 0.39592 101 73 34
3.266 -2.3784 0.33269 98 73 43
3.3094 -2.4148 0.38257 99 71 40
3.2834 -2.4449 0.4099 98 74 40
3.2336 -2.4177 0.43877 96 73 42
3.0816 -2.3433 0.37538 99 73 32
3.0611 -2.388 0.47575 102 75 40
3.0166 -2.3488 0.4322 100 76 42
2.9351 -2.3403 0.48169 99 74 44
3.1211 -2.41 0.37571 99 74 42
2.914 -2.3179 0.44203 96 73 39
3.0427 -2.3608 0.40267 97 73 39
3.0564 -2.3533 0.51429 97 73 39
3.1455 -2.3955 0.42212 99 72 35
3.1163 -2.3995 0.34001 98 73 43
2.9792 -2.3455 0.35322 101 73 44
3.0541 -2.3446 0.47783 97 72 42
2.977 -2.3744 0.31143 97 72 40
3.1117 -2.3786 0.45261 97 73 37
3.0318 -2.3977 0.42832 100 72 41
2.9907 -2.3438 0.49743 99 74 44
3.0212 -2.3692 0.32399 97 73 37
2.9721 -2.3471 0.38258 100 74 34
2.8595 -2.3074 0.39728 98 74 40
2.7571 -2.314 0.43569 99 75 41
2.8247 -2.337 0.48455 101 76 44
2.7749 -2.3211 0.405 96 73 39
2.8041 -2.3305 0.34643 99 74 42
2.8186 -2.3191 0.41928 100 75 43
2.817 -2.3338 0.31385 99 74 42
2.8566 -2.3414 0.39212 97 73 39
2.8929 -2.3255 0.36895 100 73 40
2.905 -2.348 0.43662 99 73 46
2.7667 -2.3306 0.30404 96 73 39
2.802 -2.3356 0.37795 97 72 40
2.8606 -2.3377 0.35946 98 75 41
2.9271 -2.3713 0.47431 98 73 43
2.8738 -2.341 0.3288 100 76 38
2.9728 -2.3782 0.34562 100 73 36
2.7702 -2.2887 0.44267 100 76 40
2.6855 -2.321 0.38093 99 76 35
2.7234 -2.3032 0.32798 100 72 41
2.56 -2.2663 0.41728 98 73 43
2.6134 -2.3038 0.39806 101 74 39
2.6034 -2.2891 0.36293 100 71 40
2.7425 -2.3247 0.36422 99 72 35
2.6533 -2.2738 0.44395 97 75 38
2.6739 -2.3182 0.41118 99 75 41
2.6359 -2.2965 0.27864 102 75 40
2.6383 -2.3047 0.30854 101 74 41
2.8263 -2.3743 0.47891 99 72 37
2.7647 -2.3644 0.29712 100 71 37
2.6632 -2.3313 0.34281 98 75 41
2.6623 -2.2961 0.34746 99 74 42
2.7281 -2.3199 0.39207 97 72 40
2.6865 -2.2936 0.41827 98 73 43
2.681 -2.3046 0.31978 100 75 43
2.6532 -2.308 0.43776 98 73 41
2.4908 -2.2628 0.33705 99 71 42
2.4955 -2.273 0.36824 97 72 40
2.5742 -2.2991 0.3559 96 71 39
2.5561 -2.2778 0.32238 98 71 36
2.5012 -2.2573 0.43261 95 73 36
2.5967 -2.3303 0.41931 98 72 47
2.5442 -2.3013 0.31562 99 71 42
2.5452 -2.3275 0.43603 98 74 36
2.4871 -2.2802 0.27426 97 71 46
2.4575 -2.2612 0.29968 96 73 42
2.4802 -2.2929 0.35934 98 73 43
2.4813 -2.2876 0.33108 98 74 40
2.5419 -2.2786 0.37938 99 72 39
2.4595 -2.2489 0.3914 100 71 47
2.4758 -2.2829 0.32975 98 74 40
2.5361 -2.2883 0.28472 101 74 41
2.4582 -2.2803 0.38575 96 73 40
2.5269 -2.312 0.432 98 74 36
2.5745 -2.2866 0.29472 99 74 44
3.8703 1.1513 0.10965 87 62 30
3.7408 1.0795 0.062153 81 59 36
3.8679 1.0923 0.024307 87 59 28
3.7511 1.0933 -0.0068311 80 55 32
3.9217 1.0934 0.13907 83 59 33
3.8426 1.0551 -0.019171 84 62 25
3.9211 1.0744 0.020484 83 57 32
3.8506 1.063 -0.055021 82 56 15
3.8442 1.09 -0.012094 82 59 25
3.8847 1.0522 0.095078 81 61 37
3.8713 1.0535 0.055822 80 59 32
3.7548 1.0893 0.026742 84 59 37
3.9129 1.1014 0.062253 81 60 33
3.9219 1.0987 0.098974 83 61 37
3.7411 1.0745 0.098815 82 60 36
3.8037 1.0821 -0.050267 81 58 25
4.042 1.0399 0.0098699 84 59 37
4.1298 1.0601 0.051056 83 58 36
3.9683 1.0647 -0.062584 83 59 31
3.9989 1.0463 0.13192 85 60 28
4.1807 1.1067 0.099416 85 62 29
4.0277 1.0661 0.052718 84 60 34
4.113 1.0434 0.12549 85 64 33
4.1277 1.0339 -0.034602 81 54 35
4.0564 1.0328 0.088501 84 60 32
4.0354 1.0934 0.13833 82 61 32
4.1226 1.0267 0.0033296 83 60 29
4.1051 1.07 -0.067602 80 60 36
4.0072 1.0352 -0.029444 82 58 22
4.0685 1.0898 -0.024843 81 58 24
3.9528 1.0489 0.01169 82 60 21
4.1496 1.0029 -0.043193 83 59 31
4.1361 1.019 0.083029 84 60 34
4.2222 1.0493 0.047221 82 61 34
4.1473 1.0163 0.12236 84 58 31
4.1953 0.97786 -0.047838 80 57 24
4.2184 1.0161 -0.0041108 82 58 30
4.1641 0.99526 0.036472 82 59 28
3.6358 -2.4198 0.2431 103 76 39
3.5074 -2.4403 0.30175 102 75 40
3.5458 -2.4222 0.30825 103 76 43
3.5481 -2.4355 0.14576 96 71 39
3.3425 -2.3815 0.31556 97 74 33
3.4185 -2.4243 0.28698 101 74 39
3.4487 -2.4213 0.17109 99 70 36
3.5743 -2.4481 0.3532 100 76 40
3.4775 -2.4555 0.25226 100 76 42
3.4837 -2.4173 0.26038 101 74 39
3.4044 -2.4263 0.12264 93 70 29
3.6315 -2.4608 0.23822 100 76 38
3.4871 -2.4045 0.18462 100 73 36
3.47 -2.4774 0.16702 98 71 36
3.4249 -2.3945 0.33369 99 74 44
3.5635 -2.5042 0.21697 99 72 37
3.535 -2.4698 0.1372 96 69 36
3.5334 -2.4066 0.26937 103 74 42
3.5115 -2.4277 0.22504 101 74 41
3.2691 -2.4204 0.33247 97 72 42
3.2447 -2.407 0.13974 97 70 37
3.1569 -2.3751 0.2796 99 74 42
3.3182 -2.417 0.15206 95 71 37
3.1731 -2.3649 0.17231 97 75 38
3.3004 -2.4272 0.26162 97 73 37
3.1574 -2.3683 0.24366 98 75 34
3.3229 -2.4351 0.22656 99 72 39
3.184 -2.4013 0.32072 100 72 43
3.1775 -2.4072 0.16364 95 70 38
3.3766 -2.4304 0.23685 99 71 40
3.2648 -2.4101 0.29339 100 74 34
3.3497 -2.4273 0.31312 99 72 35
3.202 -2.3921 0.21073 96 71 41
3.2747 -2.3694 0.26586 100 73 38
3.3432 -2.4415 0.19027 98 71 38
3.1465 -2.3782 0.12902 95 69 28
3.3929 -2.4338 0.20241 95 70 38
3.0336 -2.3813 0.14535 95 68 31
3.0345 -2.4029 0.24795 96 72 38
2.9593 -2.3545 0.27662 99 71 44
3.161 -2.41 0.23841 98 73 41
3.1204 -2.374 0.19772 98 71 38
3.0644 -2.3796 0.22431 95 71 35
3.0038 -2.3429 0.25345 98 69 45
3.0263 -2.366 0.28921 99 75 39
3.0198 -2.3851 0.21299 96 71 39
3.019 -2.3637 0.1107 93 65 34
3.1693 -2.4334 0.12475 95 69 29
2.9626 -2.3667 0.1351 93 68 36
2.9819 -2.3505 0.17693 96 69 36
3.1068 -2.3857 0.30524 98 73 43
3.0808 -2.3843 0.18753 95 72 31
3.0689 -2.3688 0.15234 97 70 35
3.1092 -2.3803 0.26937 100 73 38
2.8078 -2.3228 0.11282 95 66 42
2.767 -2.3177 0.24037 96 71 41
2.9708 -2.3796 0.16861 94 68 41
2.9342 -2.3592 0.19976 95 70 38
2.8252 -2.3562 0.21371 101 71 45
2.8594 -2.3234 0.29195 98 73 41
2.8226 -2.3249 0.25071 97 70 35
2.8409 -2.3455 0.28544 98 73 41
2.8315 -2.3476 0.14719 95 71 37
2.8767 -2.3392 0.12362 94 67 32
2.8549 -2.3428 0.21994 98 70 43
2.7131 -2.2823 0.26458 98 74 38
2.9322 -2.3714 0.26855 100 73 38
2.9144 -2.3744 0.15908 94 71 30
2.7073 -2.2867 0.13412 94 70 34
2.8874 -2.3311 0.22795 96 72 36
2.8163 -2.3426 0.17913 97 72 42
2.7842 -2.3402 0.10624 92 67 37
2.898 -2.3688 0.19275 96 72 36
2.5916 -2.3029 0.14107 96 72 36
2.6875 -2.3403 0.12286 95 70 24
2.6961 -2.3036 0.25821 98 73 41
2.7608 -2.335 0.16933 96 72 38
2.5975 -2.2929 0.23747 99 72 37
2.6576 -2.3354 0.21261 98 75 42
2.6321 -2.3275 0.27182 100 72 41
2.6261 -2.3248 0.11313 96 68 29
2.6466 -2.2986 0.24673 99 74 42
2.7261 -2.3209 0.23005 98 73 41
2.6818 -2.3487 0.18385 95 72 39
2.7053 -2.3263 0.16102 98 71 38
2.7275 -2.3374 0.13032 94 67 34
2.6939 -2.3519 0.15304 96 72 36
2.6713 -2.3056 0.18756 96 72 38
2.776 -2.3536 0.20247 97 73 35
2.6779 -2.3173 0.21959 98 71 38
2.5458 -2.2902 0.25789 99 72 39
2.5437 -2.2905 0.1034 94 70 34
2.5548 -2.2788 0.16957 96 71 41
2.5517 -2.3159 0.19383 96 69 34
2.5715 -2.3262 0.16367 94 72 33
2.563 -2.2981 0.2297 101 74 39
2.456 -2.274 0.20784 95 71 43
2.5797 -2.3267 0.13517 98 71 26
2.4397 -2.2663 0.23489 97 72 40
2.582 -2.3076 0.20251 100 73 38
2.4923 -2.2865 0.12447 94 69 39
2.5353 -2.3147 0.24992 98 70 43
2.5369 -2.3098 0.22219 96 72 36
3.7414 1.0825 -0.19376 75 55 30
3.8114 1.0664 -0.16335 81 58 27
3.8949 1.0824 -0.092508 79 58 31
3.6611 1.051 -0.15543 81 59 36
3.9192 1.0551 -0.098415 79 59 32
3.8129 1.0616 -0.12795 80 57 26
3.8544 1.0458 -0.17161 81 56 34
3.8071 1.0937 -0.12428 82 57 27
3.9049 1.0561 -0.13619 81 55 28
3.7716 1.0769 -0.085885 83 57 34
3.8087 1.0708 -0.2009 76 55 36
3.9339 1.0517 -0.29336 79 55 27
3.8347 1.0556 -0.28448 79 57 34
3.9442 1.0493 -0.26066 81 56 34
3.8643 1.0596 -0.24677 81 57 29
3.8785 1.0586 -0.21146 79 57 33
3.7613 1.0735 -0.085804 83 57 34
3.6648 1.0296 -0.23045 80 60 36
3.7166 1.0515 -0.26782 79 57 36
4.0019 1.0256 -0.23133 81 59 35
3.9241 0.95105 -0.11842 78 59 27
4.0127 1.0232 -0.19014 81 56 34
4.1448 1.019 -0.16088 84 59 27
4.1732 1.0529 -0.076843 83 60 29
4.0733 1.0099 -0.23436 84 60 32
4.1494 1.0261 -0.2044 80 57 24
4.0765 1.0671 -0.10814 83 59 33
3.9856 0.99062 -0.27245 78 56 32
3.9423 1.0324 -0.14603 84 57 24
4.0821 1.0379 -0.15454 84 60 26
4.0593 1.0256 -0.11421 81 57 29
4.0715 1.0518 -0.27101 83 58 36
3.9795 1.0491 -0.18506 81 56 34
3.9157 1.0353 -0.21999 80 55 32
4.2331 1.0177 -0.25192 81 59 38
4.1214 0.99258 -0.28753 80 57 24
4.1371 0.98538 -0.20868 78 57 30
4.19 0.97377 -0.29569 79 58 27
4.0426 0.97868 -0.079301 82 60 36
3.627 -2.4185 0.028687 94 70 36
3.5472 -2.4465 -0.026427 93 67 27
3.4991 -2.4502 -0.073083 88 63 31
3.611 -2.4518 0.026999 92 67 35
3.5488 -2.4281 0.10467 95 71 33
3.4955 -2.4555 -0.032083 90 65 33
3.6045 -2.4752 -0.058968 89 64 32
3.575 -2.4801 0.060616 97 69 38
3.3991 -2.4337 -0.038977 89 65 31
3.5593 -2.4621 0.02081 95 68 35
3.4907 -2.4679 0.047762 96 69 36
3.4322 -2.437 0.086911 94 70 34
3.5488 -2.471 0.097918 93 71 34
3.57 -2.4881 -0.10943 88 63 31
3.3338 -2.3978 -0.0027385 93 66 29
3.4649 -2.4431 0.0090101 93 67 26
3.429 -2.4458 -0.075892 90 65 33
3.2963 -2.4608 0.024399 93 66 33
3.3664 -2.4421 0.11499 96 68 39
3.1275 -2.3821 0.014835 93 66 33
3.1943 -2.422 -0.01923 94 65 34
3.3568 -2.4388 -0.079423 90 65 35
3.2424 -2.4307 0.059792 93 68 38
3.3012 -2.4236 0.031721 92 68 30
3.3177 -2.4606 -0.048787 90 62 31
3.4239 -2.4656 0.039133 93 69 35
3.3112 -2.423 -0.0062288 91 66 34
3.4464 -2.4884 0.079471 94 68 28
3.3273 -2.4264 -0.043795 87 63 29
3.2413 -2.3901 0.066149 94 70 34
3.2488 -2.4206 -0.01683 92 64 33
3.2375 -2.3948 0.10335 94 69 39
3.2765 -2.4246 -0.086231 90 64 39
3.192 -2.4029 0.092061 97 68 37
3.157 -2.3812 -0.093405 92 65 20
3.169 -2.3969 -0.056771 89 63 38
3.0343 -2.3986 0.034686 91 64 31
3.1064 -2.3814 0.086188 95 68 33
3.1242 -2.4043 -0.066283 91 66 36
3.151 -2.4378 0.0076957 89 65 31
3.0409 -2.3894 -0.034162 89 66 24
2.9766 -2.3866 -0.0061707 93 66 29
3.0781 -2.4094 -0.069322 89 66 35
3.0684 -2.3925 0.076212 92 68 40
3.1055 -2.4123 0.041391 93 69 33
2.9826 -2.3676 0.067935 91 68 37
3.0203 -2.3814 -4.1584e-05 92 66 26
3.1323 -2.3927 0.049288 93 68 24
3.1295 -2.4151 -0.025553 92 67 23
2.9923 -2.3914 -0.038363 86 67 27
2.9811 -2.3734 0.10115 93 69 41
3.0046 -2.3935 -0.074972 89 67 30
2.8201 -2.3547 0.043569 95 67 40
2.7415 -2.3158 -0.026969 88 66 25
2.9626 -2.3832 0.029206 92 64 37
2.8596 -2.3491 0.053279 92 69 38
2.9378 -2.3716 0.057986 91 68 37
2.9101 -2.3576 0.094051 93 68 38
2.9151 -2.3639 -0.080796 89 64 34
2.872 -2.3653 0.086849 93 69 33
2.8559 -2.369 -0.020463 88 64 30
2.7422 -2.3229 0.0044456 92 69 27
2.832 -2.3441 -0.056409 89 65 37
2.8975 -2.371 0.020217 92 66 39
2.8965 -2.3635 -0.013876 91 68 27
2.8203 -2.3482 0.012366 89 65 27
2.8151 -2.3575 0.075375 94 69 39
2.911 -2.3676 -0.045203 86 62 34
2.7803 -2.3395 -0.057649 90 65 35
2.696 -2.3276 0.030083 94 67 30
2.6858 -2.3347 -0.069109 90 64 37
2.7523 -2.3661 -0.00049117 94 67 32
2.6921 -2.3029 0.098251 94 67 34
2.6528 -2.3338 0.05286 94 70 34
2.6567 -2.3305 0.024965 94 67 30
2.7009 -2.3381 0.061478 94 68 41
2.7468 -2.3396 0.069203 92 70 33
2.6361 -2.3416 -0.013983 90 65 35
2.7315 -2.3364 -0.064507 89 64 34
2.6089 -2.3043 0.082319 98 71 38
2.6266 -2.3275 -0.045421 89 66 35
2.6209 -2.3163 -0.074315 90 66 38
2.759 -2.3647 -0.031501 91 67 31
2.6864 -2.3329 0.090077 93 69 33
2.6757 -2.333 -0.037513 94 70 34
2.7536 -2.3384 0.036097 91 67 31
2.5962 -2.2751 -0.008114 90 67 36
2.4482 -2.2693 0.059734 90 70 35
2.5815 -2.3155 0.076046 92 67 37
2.4832 -2.2727 0.094866 94 70 36
2.4586 -2.2721 0.031836 94 66 37
2.5498 -2.3311 -0.054744 92 67 37
2.4256 -2.2579 -0.05932 92 68 40
2.5516 -2.3054 -0.019789 92 69 35
2.5717 -2.3159 -0.049352 90 66 38
2.5397 -2.3016 0.0094337 93 67 40
2.5227 -2.2999 0.069984 96 69 36
2.5401 -2.3083 0.037665 94 68 27
2.4281 -2.2661 -0.03012 91 65 38
2.4905 -2.2931 0.0034071 91 69 32
2.5791 -2.3622 -0.02493 92 66 39
2.5714 -2.2946 0.015392 90 68 27
2.5831 -2.3106 0.046656 95 66 32
2.4837 -2.3059 0.090758 96 69 36
3.7248 0.97499 -0.42911 79 58 31
3.8159 1.0548 -0.31407 82 57 34
3.9047 1.0699 -0.4798 78 56 33
3.95 1.0488 -0.49145 78 56 35
3.7445 1.0657 -0.3058 81 57 31
3.7872 1.0279 -0.43166 80 59 32
3.7784 1.0536 -0.38678 78 57 30
3.7937 1.0532 -0.3522 80 58 34
3.8233 1.0284 -0.35899 80 58 34
3.743 1.0578 -0.48839 78 57 26
3.5997 1.0014 -0.40336 80 58 34
3.758 1.0575 -0.45584 80 60 36
3.8686 1.037 -0.32638 78 56 33
4.1041 1.0475 -0.43665 81 56 34
3.926 1.0009 -0.45739 78 57 30
4.1054 0.97984 -0.49005 78 56 35
3.9372 1.023 -0.33945 80 56 28
4.0511 1.0069 -0.51472 79 58 31
4.0973 1.003 -0.40767 82 57 35
4.0548 1.0525 -0.31041 79 57 34
4.1109 1.0495 -0.43714 81 56 34
4.054 0.97949 -0.32205 80 58 34
3.8529 0.98467 -0.48564 80 58 35
4.0285 1.0141 -0.35196 81 60 33
4.1283 1.006 -0.36927 81 58 27
4.1821 1.0067 -0.53586 80 55 32
4.19 1.0551 -0.32325 79 57 33
3.9556 0.99855 -0.38484 78 56 35
3.9515 1.0327 -0.37575 78 57 28
4.0041 1.0541 -0.4206 81 57 31
4.0665 0.99987 -0.43774 81 59 35
4.0879 1.0117 -0.47976 80 59 30
4.2415 0.99368 -0.34071 79 57 33
4.0694 0.96424 -0.44772 78 57 38
4.1707 0.98613 -0.41529 79 58 27
3.532 -2.4158 -0.34245 87 65 28
3.4146 -2.4209 -0.15041 88 65 34
3.5223 -2.4492 -0.14698 85 62 29
3.4778 -2.4126 -0.18436 88 63 33
3.6382 -2.4998 -0.27508 87 63 29
3.4797 -2.4744 -0.31747 88 64 36
3.5222 -2.4679 -0.27456 88 64 30
3.6219 -2.4812 -0.31559 89 66 33
3.5597 -2.5005 -0.23764 88 66 29
3.5554 -2.4817 -0.31773 88 65 34
3.5147 -2.5137 -0.24155 87 63 29
3.416 -2.4401 -0.27428 89 65 31
3.5524 -2.5197 -0.11573 87 63 25
3.4545 -2.4814 -0.19975 86 66 32
3.2857 -2.4638 -0.13102 89 63 38
3.2894 -2.4589 -0.16816 88 62 37
3.4142 -2.4699 -0.12085 87 64 33
3.4423 -2.4915 -0.3208 88 65 34
3.4795 -2.5166 -0.32439 88 65 34
3.3506 -2.4527 -0.20166 89 64 34
3.2486 -2.4231 -0.20442 87 62 32
3.3061 -2.4553 -0.24471 88 62 35
3.4333 -2.4749 -0.15951 88 62 35
3.3262 -2.4209 -0.27501 87 64 31
3.3141 -2.4203 -0.23752 87 64 31
3.1546 -2.404 -0.16953 88 65 34
3.1894 -2.4141 -0.24584 92 63 39
3.2623 -2.4579 -0.28767 89 63 38
3.2053 -2.4326 -0.21005 88 64 36
3.3225 -2.459 -0.28277 89 64 32
3.3141 -2.4354 -0.16302 88 64 36
3.2869 -2.4269 -0.31592 87 61 34
3.3387 -2.4599 -0.1267 87 64 33
3.077 -2.3801 -0.20966 89 64 32
3.1357 -2.4294 -0.17536 89 66 33
3.0492 -2.3816 -0.1069 87 64 33
3.0432 -2.3793 -0.28086 88 65 32
3.1193 -2.4639 -0.14819 89 61 32
3.0602 -2.3989 -0.24915 89 66 33
3.1217 -2.4049 -0.24683 89 64 32
3.0762 -2.394 -0.14257 88 64 36
3.1782 -2.4354 -0.0998 88 64 36
3.042 -2.3998 -0.17852 89 63 36
3.0819 -2.4677 -0.18781 88 64 38
2.9506 -2.3628 -0.21378 87 63 37
3.0243 -2.4105 -0.25286 88 65 32
3.0251 -2.4041 -0.28778 89 64 32
3.1034 -2.4375 -0.21548 87 61 36
3.1327 -2.4589 -0.21745 87 64 31
3.136 -2.3981 -0.13439 88 65 34
3.0176 -2.3961 -0.11038 88 64 30
3.211 -2.4615 -0.28919 86 60 35
2.8331 -2.3672 -0.12221 86 66 32
2.8194 -2.3499 -0.15599 92 67 37
2.7378 -2.3151 -0.18845 90 62 33
2.8455 -2.3927 -0.22708 85 64 37
2.8621 -2.3604 -0.088168 89 64 42
2.9338 -2.4175 -0.2609 88 65 34
2.8596 -2.3379 -0.18323 88 65 32
2.9916 -2.431 -0.22409 88 65 31
2.8747 -2.379 -0.22339 89 66 35
2.8937 -2.4006 -0.19259 89 64 34
2.7783 -2.3536 -0.16022 89 66 33
2.8886 -2.3736 -0.11822 88 64 30
2.802 -2.3498 -0.090185 87 66 21
2.8425 -2.3837 -0.26002 88 64 36
2.9264 -2.3655 -0.11329 87 63 35
2.9705 -2.429 -0.15455 89 65 39
2.9913 -2.4072 -0.14935 87 64 31
2.9285 -2.3763 -0.25122 87 67 32
2.6544 -2.3308 -0.13405 89 66 32
2.6654 -2.3614 -0.20224 89 66 35
2.7063 -2.3535 -0.2304 89 64 34
2.7658 -2.3569 -0.095255 89 65 37
2.6597 -2.3417 -0.10652 89 66 33
2.73 -2.3506 -0.16383 90 65 35
2.6615 -2.3521 -0.23589 88 66 27
2.6042 -2.3238 -0.1387 90 65 35
2.7771 -2.3592 -0.12822 88 64 36
2.7068 -2.3451 -0.10096 89 65 29
2.6072 -2.32 -0.16969 89 66 33
2.6332 -2.3072 -0.16536 89 66 33
2.68 -2.3387 -0.1973 87 66 39
2.7329 -2.3462 -0.19327 89 65 37
2.6857 -2.3217 -0.13205 89 66 33
2.7313 -2.3384 -0.22564 89 63 36
2.7731 -2.365 -0.25968 88 64 38
2.4861 -2.312 -0.20905 92 67 45
2.5557 -2.3109 -0.1725 89 66 32
2.5709 -2.3299 -0.14338 90 64 37
2.4986 -2.3021 -0.14625 91 66 36
2.4946 -2.3049 -0.11778 92 66 39
2.5462 -2.2822 -0.10804 90 67 34
2.4671 -2.3018 -0.17938 91 66 34
2.5112 -2.3066 -0.17553 93 67 44
2.5612 -2.3431 -0.21011 89 65 39
2.5238 -2.3029 -0.084988 91 67 39
2.5006 -2.3162 -0.08815 91 68 37
2.5253 -2.3396 -0.24095 90 65 43
2.5545 -2.3226 -0.11517 91 68 35
2.5849 -2.3205 -0.07975 87 66 37
2.587 -2.3434 -0.14401 90 64 37
2.5644 -2.3119 -0.20179 91 68 37
2.4645 -2.3058 -0.1514 91 68 37
2.5667 -2.3078 -0.23456 90 67 36
2.5077 -2.2915 -0.23537 90 67 36
3.778 1.0407 -0.53571 76 55 36
3.7628 1.0307 -0.4993 77 57 23
3.8109 1.0565 -0.57852 77 56 25
3.8894 1.0358 -0.52104 77 54 36
3.7681 1.0091 -0.57649 77 57 33
3.9598 1.074 -0.64269 75 54 25
3.9001 1.0205 -0.64017 76 54 31
3.7748 1.0272 -0.68628 77 53 25
3.8087 1.0325 -0.65776 77 56 37
3.7653 1.0474 -0.60786 75 52 34
4.0123 1.0486 -0.61749 78 54 40
3.6927 1.0292 -0.62905 76 55 26
3.8438 1.0271 -0.55017 78 58 33
3.7174 0.97073 -0.64785 77 55 34
4.0026 1.0154 -0.66098 78 55 22
4.0549 0.99438 -0.67911 78 55 24
4.048 0.98672 -0.63949 81 56 34
3.9585 1.027 -0.57452 76 56 29
3.9022 0.99169 -0.68559 76 55 34
4.1128 0.97367 -0.69404 77 54 38
3.9615 0.92662 -0.63343 76 55 34
4.0383 1.0202 -0.62908 77 55 32
4.0558 1.0139 -0.55392 81 55 38
4.1506 1.0272 -0.73111 73 53 29
4.0218 0.97368 -0.59679 77 57 30
4.1195 1.0381 -0.60235 74 53 32
3.9362 1.0148 -0.53233 76 55 34
3.9187 1.002 -0.72475 75 54 25
4.2008 1.018 -0.58079 73 53 28
4.1942 1.002 -0.74912 75 55 31
4.1453 0.94518 -0.71259 75 55 31
4.215 0.96929 -0.75494 73 51 30
3.6134 -2.4595 -0.39512 86 62 36
3.6304 -2.4975 -0.48494 85 64 33
3.4429 -2.4423 -0.3541 88 64 36
3.5827 -2.4748 -0.43692 84 63 36
3.6462 -2.5433 -0.5347 85 66 26
3.4981 -2.4708 -0.39836 85 61 35
3.5844 -2.4928 -0.36253 88 62 37
3.4541 -2.4678 -0.47556 85 64 33
3.5732 -2.4875 -0.56463 87 63 29
3.5983 -2.5202 -0.48711 84 64 30
3.5607 -2.5306 -0.52912 86 63 32
3.5755 -2.4785 -0.39886 86 61 29
3.6165 -2.5403 -0.44948 85 63 39
3.4703 -2.4627 -0.55692 84 63 36
3.397 -2.4377 -0.43226 85 61 35
3.3899 -2.4485 -0.35662 85 62 31
3.4523 -2.4825 -0.40068 86 63 30
3.1112 -2.3829 -0.31608 89 63 40
3.2453 -2.4307 -0.3562 85 62 29
3.2114 -2.417 -0.50616 83 62 35
3.2233 -2.433 -0.47295 84 63 34
3.2532 -2.4612 -0.43636 89 65 39
3.184 -2.4371 -0.50826 84 63 34
3.4085 -2.479 -0.47715 87 63 37
3.4105 -2.4726 -0.51745 85 61 33
3.2929 -2.4562 -0.39765 87 62 40
3.1417 -2.3973 -0.35171 83 62 33
3.1828 -2.4191 -0.39334 86 62 34
3.3504 -2.4474 -0.43391 86 62 36
3.2019 -2.4498 -0.51042 84 63 34
3.326 -2.464 -0.47812 82 61 32
3.4109 -2.5146 -0.52583 86 62 34
3.2852 -2.4661 -0.32356 85 64 33
3.3172 -2.4326 -0.39464 86 61 38
3.2791 -2.4392 -0.43436 86 65 34
3.2874 -2.4198 -0.35435 86 62 36
2.9909 -2.3881 -0.42596 87 62 30
3.0745 -2.4263 -0.36251 88 63 33
2.9911 -2.3721 -0.32079 88 62 39
2.9943 -2.3835 -0.459 86 63 32
3.1298 -2.413 -0.42892 86 63 32
3.1414 -2.4288 -0.39677 87 63 35
3.0993 -2.437 -0.39817 88 64 38
3.1304 -2.4354 -0.32492 90 62 33
3.1334 -2.4304 -0.3616 87 62 32
3.0862 -2.4133 -0.46865 85 61 35
3.0289 -2.4377 -0.32875 88 65 34
3.08 -2.4156 -0.43014 88 64 36
3.1863 -2.4461 -0.47121 88 65 31
3.0038 -2.405 -0.3965 87 66 37
3.0262 -2.4287 -0.36418 87 63 37
2.9024 -2.3727 -0.35562 84 64 29
2.9607 -2.3936 -0.288 88 64 36
2.9352 -2.3908 -0.39483 88 64 36
2.8991 -2.384 -0.29048 86 63 32
2.8943 -2.3827 -0.46099 88 63 41
2.853 -2.3714 -0.35773 87 63 35
2.8174 -2.3506 -0.32185 86 62 36
2.8235 -2.3711 -0.42456 87 63 37
2.7334 -2.3206 -0.32098 87 66 37
2.8759 -2.3822 -0.39292 87 61 34
2.8098 -2.3671 -0.39114 87 64 30
2.854 -2.3589 -0.42507 86 62 36
2.901 -2.3786 -0.32381 85 64 35
2.98 -2.4174 -0.43146 86 60 35
2.8021 -2.3455 -0.28916 86 65 38
2.9762 -2.4077 -0.46582 86 63 32
2.7698 -2.3425 -0.35561 87 64 33
2.8266 -2.3668 -0.45764 83 61 37
2.8469 -2.4166 -0.29913 84 63 32
2.6109 -2.2913 -0.31946 88 64 36
2.6966 -2.3676 -0.29943 86 62 36
2.7333 -2.371 -0.42587 87 63 37
2.7109 -2.3506 -0.26094 87 64 33
2.7789 -2.3784 -0.39217 88 62 37
2.7177 -2.3495 -0.29282 85 66 34
2.7625 -2.3589 -0.42314 86 61 38
2.7814 -2.394 -0.33164 88 63 40
2.6705 -2.3333 -0.3564 88 64 38
2.7237 -2.3698 -0.39404 88 64 38
2.6734 -2.3013 -0.35129 88 65 34
2.5464 -2.2784 -0.29113 90 67 36
2.6621 -2.3548 -0.39351 85 65 30
2.6946 -2.3726 -0.26868 89 63 36
2.6794 -2.3621 -0.42321 87 63 37
2.551 -2.2758 -0.31913 90 66 38
2.5895 -2.3014 -0.35337 90 64 37
2.6177 -2.3247 -0.3574 90 64 37
2.5991 -2.3305 -0.4196 86 65 38
2.5889 -2.3284 -0.38919 87 64 30
2.5157 -2.3522 -0.3038 89 65 39
2.4568 -2.2891 -0.35467 90 65 42
2.5615 -2.3117 -0.35497 89 64 32
2.4971 -2.3177 -0.38884 89 65 37
2.4876 -2.2949 -0.29527 90 66 38
2.5478 -2.34 -0.3303 89 64 32
2.5401 -2.3272 -0.35851 90 65 35
2.5003 -2.2791 -0.26338 89 65 37
2.5555 -2.3341 -0.39017 91 66 46
2.5455 -2.3109 -0.29603 86 65 34
2.4761 -2.312 -0.32945 93 67 44
2.6023 -2.331 -0.26659 87 66 37
2.5108 -2.3211 -0.26974 88 65 32
2.5299 -2.2917 -0.32416 90 64 41
3.9028 0.9901 -0.91465 77 50 31
3.7854 0.98431 -0.84742 75 52 36
3.7732 1.0374 -0.7574 76 52 18
3.8173 0.98286 -0.77879 76 51 29
3.902 1.0137 -0.83209 74 55 25
3.8046 1.0077 -0.73237 75 56 39
3.8462 1.008 -0.89385 75 50 30
3.7583 1.0098 -0.83188 73 51 28
3.9255 1.0095 -0.76197 77 56 35
3.6682 0.99222 -0.88082 79 53 36
3.8592 1.0701 -0.81058 74 54 30
3.7186 1.0024 -0.85524 77 54 20
3.7872 1.0134 -0.80412 77 54 38
3.8066 1.014 -0.77254 75 55 31
4.1254 1.0001 -0.84956 75 54 25
4.0793 1.0186 -0.79865 77 54 36
4.2197 1.033 -0.91265 73 50 34
3.8583 0.97147 -0.86763 76 51 28
4.0752 0.97496 -0.76921 81 56 34
4.1044 0.98886 -0.81435 72 54 34
4.0678 0.95337 -0.88755 73 53 26
4.0821 0.96847 -0.96429 78 53 31
3.9868 0.97305 -0.90184 73 51 28
4.0404 0.95167 -0.92011 78 54 20
4.058 0.99903 -0.95593 74 52 29
3.9785 0.99495 -0.81482 73 52 25
4.0024 1.0078 -0.85977 73 48 28
3.9798 0.98434 -0.74324 76 56 31
4.2333 0.98039 -0.80035 75 52 34
3.6723 -2.474 -0.7324 83 59 33
3.5815 -2.4519 -0.76227 84 61 27
3.532 -2.5061 -0.77166 81 58 25
3.3769 -2.4421 -0.55094 85 61 35
3.425 -2.4848 -0.71889 82 57 34
3.5842 -2.5217 -0.65375 87 62 39
3.4921 -2.4877 -0.72458 82 58 30
3.5489 -2.4643 -0.60454 84 58 33
3.5406 -2.4421 -0.67776 83 62 33
3.6355 -2.5302 -0.78073 82 57 25
3.65 -2.5564 -0.70419 85 62 31
3.6135 -2.497 -0.64704 86 62 36
3.4858 -2.4913 -0.68337 82 60 37
3.4028 -2.4619 -0.75203 84 61 27
3.458 -2.4807 -0.63778 84 64 30
3.614 -2.5244 -0.73624 82 61 32
3.5508 -2.5079 -0.60884 87 61 36
3.2617 -2.4848 -0.55535 85 61 33
3.1464 -2.4199 -0.65003 80 59 32
3.2923 -2.4584 -0.59089 84 61 30
3.2999 -2.481 -0.7069 84 61 30
3.3823 -2.487 -0.55836 87 61 36
3.3217 -2.4631 -0.66617 84 60 34
3.3908 -2.4952 -0.75621 83 60 19
3.2729 -2.422 -0.69611 82 62 25
3.4049 -2.4868 -0.63764 83 62 31
3.2708 -2.4359 -0.62463 83 60 29
3.2671 -2.4485 -0.55101 85 61 35
3.2938 -2.4925 -0.63649 83 60 27
3.4024 -2.4776 -0.67774 81 60 33
3.2597 -2.4758 -0.59159 85 61 35
3.1706 -2.4298 -0.69026 83 59 21
3.4353 -2.5156 -0.60641 83 62 35
3.2908 -2.4823 -0.669 86 60 37
3.0688 -2.434 -0.68611 82 57 37
2.9794 -2.4028 -0.49713 83 62 35
2.959 -2.3746 -0.56795 85 61 23
3.0905 -2.4328 -0.57678 84 59 29
3.1084 -2.4392 -0.6191 85 60 30
2.9813 -2.3974 -0.53347 85 64 35
3.1374 -2.428 -0.57618 86 62 36
3.0867 -2.4084 -0.68127 82 61 30
3.0814 -2.4023 -0.5 85 61 33
3.0369 -2.4174 -0.6441 84 59 37
2.986 -2.4102 -0.67394 83 59 33
3.0264 -2.4478 -0.64935 82 58 30
3.1325 -2.4174 -0.6138 84 59 36
3.0974 -2.4453 -0.54557 83 63 28
3.148 -2.4901 -0.51916 83 63 29
2.9766 -2.38 -0.60091 83 60 29
3.117 -2.4207 -0.54017 82 62 37
3.1145 -2.4364 -0.65536 81 59 35
2.873 -2.4054 -0.63409 86 64 23
2.9581 -2.4245 -0.50404 87 64 31
2.9433 -2.3924 -0.60188 81 57 29
2.9414 -2.4208 -0.63684 83 59 25
2.8244 -2.3582 -0.48756 86 62 36
2.8824 -2.4331 -0.53672 85 61 33
2.814 -2.3863 -0.49414 87 61 36
2.7464 -2.3487 -0.58422 85 60 38
2.9229 -2.3838 -0.56443 84 59 37
2.9031 -2.3756 -0.52786 82 60 36
2.9197 -2.4113 -0.60276 84 61 30
2.8654 -2.413 -0.56712 84 61 28
2.8394 -2.3631 -0.52273 83 62 35
2.8968 -2.4005 -0.56487 86 63 32
2.7935 -2.3505 -0.58843 85 61 33
2.7589 -2.3495 -0.4544 85 62 29
2.8127 -2.3945 -0.62847 83 59 33
2.6262 -2.356 -0.58192 87 63 35
2.7114 -2.3403 -0.48448 86 61 41
2.7255 -2.3451 -0.51825 86 63 32
2.609 -2.3326 -0.45203 88 63 41
2.6963 -2.3569 -0.52083 86 61 38
2.7815 -2.3829 -0.55717 83 62 33
2.5886 -2.3092 -0.47655 85 60 38
2.6749 -2.3609 -0.58129 86 59 40
2.7352 -2.3659 -0.45716 88 63 40
2.7757 -2.4009 -0.62661 85 61 35
2.6906 -2.3648 -0.45588 89 64 41
2.6824 -2.3738 -0.55425 86 65 34
2.7266 -2.3746 -0.55552 87 62 32
2.6239 -2.332 -0.51278 86 63 30
2.6995 -2.3658 -0.49034 87 62 40
2.6803 -2.3588 -0.61172 88 63 33
2.7289 -2.3699 -0.58694 86 62 34
2.5065 -2.3013 -0.50484 87 63 35
2.5644 -2.3444 -0.54605 87 64 31
2.5605 -2.3258 -0.44965 87 62 40
2.5661 -2.3367 -0.42094 90 65 42
2.4893 -2.3319 -0.45075 87 65 41
2.5063 -2.3195 -0.41927 93 66 45
2.5346 -2.3311 -0.4795 89 63 36
2.6092 -2.3479 -0.54762 90 64 39
2.5103 -2.3443 -0.48507 88 65 34
2.5076 -2.3238 -0.5715 88 64 38
2.5248 -2.3441 -0.54293 87 63 37
2.5528 -2.3284 -0.57264 85 64 35
2.5229 -2.3276 -0.45063 88 65 34
2.632 -2.3795 -0.49091 86 65 34
2.5067 -2.3348 -0.51169 88 61 40
2.6635 -2.3995 -0.52689 89 65 37
3.9254 1.0024 -0.95868 74 53 36
3.9259 0.98433 -1.0771 75 56 39
3.8481 0.99075 -1.0114 76 53 35
3.8483 0.99641 -1.0476 78 55 37
3.699 0.99034 -1.0356 79 58 39
3.8982 0.99984 -0.9854 77 53 41
3.8415 1.0177 -0.96579 76 56 32
3.8029 1.0005 -0.92373 77 53 41
3.8138 0.9915 -1.0728 76 50 33
3.7616 1.0271 -0.94 76 53 35
3.8072 1.0127 -0.99275 74 53 34
3.8775 1.04 -1.0472 79 53 36
4.2797 0.99089 -1.0619 72 52 27
4.2323 0.9843 -1.0905 75 54 35
4.1637 0.97791 -1.1523 77 51 34
4.042 1.0121 -1.068 74 52 29
4.0619 0.98676 -1.1157 74 53 32
4.0701 0.97129 -1.0019 74 52 31
3.9377 0.97045 -0.96585 75 53 30
4.1497 1.0056 -1.1018 74 52 31
4.0521 0.97252 -1.0398 76 55 34
4.0024 0.99488 -1.0228 74 53 32
4.0231 0.93344 -1.0744 75 55 31
3.6515 -2.56 -0.91633 83 59 33
3.6287 -2.5369 -0.95179 82 57 34
3.4766 -2.5221 -0.92898 81 61 26
3.4739 -2.5018 -0.80502 83 58 36
3.6099 -2.5493 -0.82676 84 61 30
3.5958 -2.5674 -0.91265 82 57 34
3.6125 -2.5071 -0.81806 81 57 29
3.5022 -2.513 -0.8519 81 59 36
3.5026 -2.4893 -0.96861 79 59 35
3.6096 -2.5409 -0.86718 80 59 30
3.3416 -2.4387 -0.85973 81 60 33
3.5546 -2.5316 -0.94152 81 60 29
3.4864 -2.5205 -0.96839 80 59 40
3.2397 -2.4641 -0.77766 83 59 31
3.3295 -2.4787 -0.82497 82 57 34
3.2434 -2.4591 -0.81413 80 59 30
3.3512 -2.4862 -0.86947 80 59 32
3.454 -2.5305 -0.80672 84 58 31
3.2454 -2.4931 -0.85727 84 59 27
3.2997 -2.4736 -0.74752 78 57 28
3.1764 -2.3971 -0.86876 81 61 36
3.1778 -2.428 -0.73035 85 60 38
3.2554 -2.4601 -0.85369 81 60 29
3.4849 -2.5705 -0.93962 82 57 35
3.3185 -2.479 -0.78774 82 57 35
3.392 -2.4807 -0.83449 83 59 31
3.0002 -2.4138 -0.71075 83 58 28
3.0675 -2.4569 -0.75902 85 60 38
3.1375 -2.4625 -0.80474 82 60 39
3.103 -2.4301 -0.83116 83 61 37
3.0866 -2.4397 -0.72275 85 60 38
3.1421 -2.4416 -0.72973 83 59 31
3.0278 -2.4207 -0.78789 82 60 36
3.1617 -2.4484 -0.76921 82 61 32
3.0194 -2.4071 -0.81805 82 60 37
3.0072 -2.4359 -0.82173 85 64 35
3.1442 -2.4751 -0.77322 83 62 35
3.1576 -2.4378 -0.80138 85 60 38
2.8231 -2.3832 -0.72951 84 63 34
2.9107 -2.4073 -0.77365 83 62 35
2.8276 -2.3635 -0.65783 81 60 31
2.8593 -2.4246 -0.67073 82 61 32
2.8081 -2.4007 -0.76364 87 65 41
2.9908 -2.4618 -0.82653 85 63 39
2.8887 -2.4039 -0.70216 85 60 37
2.9771 -2.4201 -0.77914 84 59 36
2.9333 -2.4316 -0.74602 82 62 27
2.8564 -2.4018 -0.76512 84 63 36
2.8891 -2.3675 -0.69571 85 60 40
2.9089 -2.3895 -0.66735 84 60 32
2.8673 -2.4037 -0.80145 84 62 38
2.957 -2.4118 -0.74079 82 60 39
2.8058 -2.3763 -0.69352 83 59 33
2.7242 -2.3688 -0.74679 88 66 43
2.6992 -2.3968 -0.6865 85 63 40
2.7285 -2.392 -0.65611 87 65 28
2.7237 -2.3749 -0.71538 89 63 36
2.6639 -2.3553 -0.74079 84 63 36
2.7503 -2.3964 -0.72173 89 63 36
2.6706 -2.3669 -0.71069 85 65 30
2.7665 -2.3869 -0.65637 86 62 36
2.6123 -2.3383 -0.61012 86 61 38
2.7582 -2.3739 -0.68752 84 59 36
2.7 -2.3621 -0.67904 84 58 35
2.6566 -2.3681 -0.64652 89 63 38
2.6212 -2.3544 -0.73488 85 64 37
2.7613 -2.3696 -0.71786 84 59 37
2.5925 -2.3554 -0.60953 85 64 35
2.5954 -2.3523 -0.64278 87 63 37
2.5877 -2.367 -0.70412 89 67 46
2.5406 -2.3454 -0.60485 90 64 39
2.4959 -2.323 -0.69001 88 63 40
2.5128 -2.3431 -0.66349 84 64 37
2.5095 -2.3403 -0.66274 84 64 37
2.5922 -2.3432 -0.6708 84 62 39
2.5164 -2.3188 -0.6292 86 63 30
2.6112 -2.3935 -0.68139 89 63 38
2.543 -2.3754 -0.64188 88 63 41
